#id1 id2 FENE BEXC STCK NEXC HB CRSTCK CXSTCK total, t = 200000
0 1 8.69413e-05 0 0 0 0 0 0 8.69413e-05
1 2 0.163701 0 -0.717882 0 0 0 0 -0.554182
2 3 0.0897943 0 -1.3319 0 0 0 0 -1.24211
3 4 0.00324642 0 -1.14088 0 0 0 0 -1.13763
4 5 0.000718413 0 0 0 0 0 0 0.000718413
5 6 0.0377588 0 0 0 0 0 0 0.0377588
6 7 0.620939 0 -1.17762 0 0 0 0 -0.55668
7 8 0.292621 0 -0.650174 0 0 0 0 -0.357553
8 9 0.0647614 0 -1.36533 0 0 0 0 -1.30056
9 10 0.00877351 0 -0.0728819 0 0 0 0 -0.0641084
10 11 0.0320935 0 -0.634801 0 0 0 0 -0.602708
11 12 0.0536844 0 0 0 0 0 0 0.0536844
12 13 7.25729e-05 0 0 0 0 0 0 7.25729e-05
13 14 0.00552 0 -1.05039 0 0 0 0 -1.04487
14 15 0.198633 0 0 0 0 0 0 0.198633
15 16 0.127668 0 0 0 0 0 0 0.127668
16 17 0.00154375 0 -1.09804 0 0 0 0 -1.0965
17 18 0.0141066 0 -0.984787 0 0 0 0 -0.97068
18 19 0.00977387 0 0 0 0 0 0 0.00977387
20 21 0.0366496 0 -0.944017 0 0 0 0 -0.907368
21 22 0.027196 0 -1.21603 0 0 0 0 -1.18884
22 23 0.00564688 0 0 0 0 0 0 0.00564688
23 24 0.0107901 0 -1.14025 0 0 0 0 -1.12946
24 25 0.205611 0 0 0 0 0 0 0.205611
25 26 0.14417 0 -1.21345 0 0 0 0 -1.06928
26 27 0.0298528 0 -0.874964 0 0 0 0 -0.845111
27 28 0.334659 0 0 0 0 0 0 0.334659
28 29 9.64495e-06 0 -1.13543 0 0 0 0 -1.13542
29 30 0.216244 0 -1.35661 0 0 0 0 -1.14036
30 31 0.0265876 0 0 0 0 0 0 0.0265876
31 32 0.031499 0 -0 0 0 0 0 0.031499
32 33 0.0010269 0 0 0 0 0 0 0.0010269
33 34 0.0298052 0 0 0 0 0 0 0.0298052
34 35 0.087537 0 0 0 0 0 0 0.087537
35 36 0.145775 0 -1.01552 0 0 0 0 -0.869741
36 37 0.0018546 0 -1.18979 0 0 0 0 -1.18794
37 38 0.0723567 0 0 0 0 0 0 0.0723567
38 39 7.91769e-05 0 0 0 0 0 0 7.91769e-05
40 41 0.157062 0 0 0 0 0 0 0.157062
41 42 0.00926917 0 -1.02307 0 0 0 0 -1.0138
42 43 0.0421485 0 0 0 0 0 0 0.0421485
43 44 0.00902434 0 -1.30378 0 0 0 0 -1.29476
44 45 0.00227932 0 0 0 0 0 0 0.00227932
45 46 0.00125313 0 -1.44806 0 0 0 0 -1.44681
46 47 0.0515072 0 0 0 0 0 0 0.0515072
47 48 0.0222547 0 -1.31124 0 0 0 0 -1.28898
48 49 0.258211 0 -0 0 0 0 0 0.258211
49 50 0.00131569 0 0 0 0 0 0 0.00131569
50 51 0.0727357 0 0 0 0 0 0 0.0727357
51 52 0.0158928 0 0 0 0 0 0 0.0158928
52 53 0.0140426 0 0 0 0 0 0 0.0140426
53 54 0.0428302 0 -1.37956 0 0 0 0 -1.33673
54 55 0.0726078 0 -1.38039 0 0 0 0 -1.30779
55 56 0.0255263 0 -1.36701 0 0 0 0 -1.34148
56 57 0.0825088 0 0 0 0 0 0 0.0825088
57 58 0.000297116 0 -1.39663 0 0 0 0 -1.39633
58 59 0.014452 0 -1.36415 0 0 0 0 -1.34969
60 61 0.0167638 0 -0 0 0 0 0 0.0167638
61 62 0.000201849 0 -0.00242076 0 0 0 0 -0.00221891
62 63 0.0245241 0 -0.89979 0 0 0 0 -0.875266
63 64 0.20686 0 -1.14719 0 0 0 0 -0.940329
64 65 0.164402 0 -1.32259 0 0 0 0 -1.15819
65 66 0.0156921 0 -1.16619 0 0 0 0 -1.1505
66 67 0.21697 0 0 0 0 0 0 0.21697
67 68 0.0545288 0 -1.01241 0 0 0 0 -0.957883
68 69 0.00213566 0 -1.25248 0 0 0 0 -1.25034
69 70 0.00013337 0 -1.25882 0 0 0 0 -1.25869
70 71 0.000449561 0 -1.28292 0 0 0 0 -1.28247
71 72 0.280887 0 -1.13716 0 0 0 0 -0.856275
72 73 0.000123549 0 -1.32808 0 0 0 0 -1.32795
73 74 0.000440592 0 -1.16039 0 0 0 0 -1.15995
74 75 0.0215224 0 -1.04385 0 0 0 0 -1.02233
75 76 0.0154826 0 -1.05745 0 0 0 0 -1.04197
76 77 0.0333421 0 -0.910428 0 0 0 0 -0.877085
77 78 0.0710411 0 0 0 0 0 0 0.0710411
78 79 0.064264 0 -1.01763 0 0 0 0 -0.953365
80 81 0.026561 0 -0.928137 0 0 0 0 -0.901576
81 82 4.62921e-05 0 0 0 0 0 0 4.62921e-05
82 83 0.031961 0 -1.41397 0 0 0 0 -1.38201
83 84 0.00570515 0 0 0 0 0 0 0.00570515
84 85 0.00336274 0 -1.19126 0 0 0 0 -1.1879
85 86 0.00412042 0 -0.90671 0 0 0 0 -0.902589
86 87 3.84243e-05 0 -1.40273 0 0 0 0 -1.40269
87 88 0.00429357 0 0 0 0 0 0 0.00429357
88 89 0.0355933 0 0 0 0 0 0 0.0355933
89 90 0.0799777 0 0 0 0 0 0 0.0799777
90 91 0.0100958 0 -1.19339 0 0 0 0 -1.1833
91 92 0.0103346 0 -0 0 0 0 0 0.0103346
92 93 0.000775858 0 -1.27907 0 0 0 0 -1.27829
93 94 0.000313289 0 -1.20776 0 0 0 0 -1.20744
94 95 0.0284256 0 0 0 0 0 0 0.0284256
95 96 0.00390985 0 0 0 0 0 0 0.00390985
96 97 0.018903 0 -0.711045 0 0 0 0 -0.692142
97 98 0.0083165 0 -1.00135 0 0 0 0 -0.993031
98 99 0.0891152 0 0 0 0 0 0 0.0891152
100 101 0.108541 0 0 0 0 0 0 0.108541
101 102 0.0367094 0 -1.40912 0 0 0 0 -1.37241
102 103 0.00118832 0 0 0 0 0 0 0.00118832
103 104 0.153807 0 0 0 0 0 0 0.153807
104 105 0.130111 0 -1.15365 0 0 0 0 -1.02354
105 106 0.105642 0 -0.769114 0 0 0 0 -0.663472
106 107 0.0729934 0 0 0 0 0 0 0.0729934
107 108 0.00226033 0 -1.17507 0 0 0 0 -1.17281
108 109 0.0196617 0 0 0 0 0 0 0.0196617
109 110 0.0381809 0 -0.844273 0 0 0 0 -0.806092
110 111 0.101614 0 -0.804085 0 0 0 0 -0.70247
111 112 0.0291359 0 0 0 0 0 0 0.0291359
112 113 0.00584344 0 -0.608798 0 0 0 0 -0.602955
113 114 0.00165852 0 -0.806668 0 0 0 0 -0.805009
114 115 0.00497499 0 -1.17839 0 0 0 0 -1.17342
115 116 0.00104129 0 -1.19173 0 0 0 0 -1.19069
116 117 0.0177505 0 0 0 0 0 0 0.0177505
117 118 0.00271255 0 0 0 0 0 0 0.00271255
118 119 0.00789778 0 0 0 0 0 0 0.00789778
120 121 0.0667515 0 -0.932035 0 0 0 0 -0.865284
121 122 4.06176e-07 0 -1.11294 0 0 0 0 -1.11294
122 123 0.0455597 0 -1.42951 0 0 0 0 -1.38395
123 124 0.0197292 0 0 0 0 0 0 0.0197292
124 125 0.0792427 0 -1.24702 0 0 0 0 -1.16778
125 126 0.0932589 0 -1.34332 0 0 0 0 -1.25006
126 127 0.133174 0 -1.03394 0 0 0 0 -0.900768
127 128 0.04191 0 -1.06624 0 0 0 0 -1.02433
128 129 0.0396474 0 -1.4289 0 0 0 0 -1.38926
129 130 0.0738584 0 -0 0 0 0 0 0.0738584
130 131 0.000528678 0 0 0 0 0 0 0.000528678
131 132 0.0416813 0 -0.828069 0 0 0 0 -0.786388
132 133 0.0893907 0 0 0 0 0 0 0.0893907
133 134 0.0473427 0 0 0 0 0 0 0.0473427
134 135 0.0297064 0 -1.43202 0 0 0 0 -1.40232
135 136 0.0853904 0 -1.22493 0 0 0 0 -1.13954
136 137 0.00736253 0 0 0 0 0 0 0.00736253
137 138 0.0547292 0 -0 0 0 0 0 0.0547292
138 139 0.0705018 0 0 0 0 0 0 0.0705018
140 141 2.45241e-05 0 -1.16745 0 0 0 0 -1.16742
141 142 0.0150394 0 -1.43283 0 0 0 0 -1.41779
142 143 0.0143162 0 -1.16903 0 0 0 0 -1.15472
143 144 0.442144 0 -1.41591 0 0 0 0 -0.97377
144 145 0.00893197 0 -1.15857 0 0 0 0 -1.14964
145 146 0.00917876 0 -1.02853 0 0 0 0 -1.01935
146 147 0.0350851 0 0 0 0 0 0 0.0350851
147 148 0.0423603 0 0 0 0 0 0 0.0423603
148 149 0.0231975 0 -1.01141 0 0 0 0 -0.988214
149 150 0.00599104 0 -0.723239 0 0 0 0 -0.717248
150 151 0.0517348 0 -1.39323 0 0 0 0 -1.34149
151 152 0.00132468 0 -1.22602 0 0 0 0 -1.2247
152 153 0.0510309 0 -1.13939 0 0 0 0 -1.08836
153 154 0.0295666 0 -1.16685 0 0 0 0 -1.13729
154 155 0.0426329 0 0 0 0 0 0 0.0426329
155 156 0.0930018 0 -0 0 0 0 0 0.0930018
156 157 0.00502406 0 0 0 0 0 0 0.00502406
157 158 0.0215838 0 -1.16463 0 0 0 0 -1.14305
158 159 0.109393 0 -1.16642 0 0 0 0 -1.05702
160 161 0.0610899 0 0 0 0 0 0 0.0610899
161 162 0.00443245 0 -1.12435 0 0 0 0 -1.11992
162 163 0.0886771 0 -1.4417 0 0 0 0 -1.35302
163 164 0.0517941 0 -1.0003 0 0 0 0 -0.948507
164 165 0.00195656 0 0 0 0 0 0 0.00195656
165 166 0.0204801 0 0 0 0 0 0 0.0204801
166 167 0.292748 0 -0.456301 0 0 0 0 -0.163553
167 168 0.0870086 0 -1.20591 0 0 0 0 -1.1189
168 169 0.118493 0 0 0 0 0 0 0.118493
169 170 0.313904 0 -3.9772e-07 0 0 0 0 0.313904
170 171 0.0218109 0 -1.15961 0 0 0 0 -1.1378
171 172 0.00246069 0 -1.16058 0 0 0 0 -1.15811
172 173 0.000568168 0 0 0 0 0 0 0.000568168
173 174 0.0571805 0 -1.19337 0 0 0 0 -1.13619
174 175 0.0435511 0 -1.17856 0 0 0 0 -1.13501
175 176 0.110431 0 -0.917869 0 0 0 0 -0.807439
176 177 0.140908 0 -1.08881 0 0 0 0 -0.947905
177 178 0.168188 0 -0 0 0 0 0 0.168188
178 179 0.0910376 0 0 0 0 0 0 0.0910376
180 181 0.00653892 0 -0 0 0 0 0 0.00653892
181 182 0.00933235 0 0 0 0 0 0 0.00933235
182 183 0.0213531 0 -1.09074 0 0 0 0 -1.06938
183 184 0.000907427 0 0 0 0 0 0 0.000907427
184 185 0.132153 0 -1.12018 0 0 0 0 -0.988027
185 186 0.0322067 0 -1.28831 0 0 0 0 -1.25611
186 187 1.78925e-06 0 -1.18712 0 0 0 0 -1.18711
187 188 0.0762935 0 -1.29858 0 0 0 0 -1.22229
188 189 0.0191857 0 0 0 0 0 0 0.0191857
189 190 0.0503196 0 -1.25306 0 0 0 0 -1.20274
190 191 0.110247 0 0 0 0 0 0 0.110247
191 192 0.0201048 0 0 0 0 0 0 0.0201048
192 193 0.00449105 0 -1.20664 0 0 0 0 -1.20215
193 194 0.00642745 0 0 0 0 0 0 0.00642745
194 195 0.00864893 0 0 0 0 0 0 0.00864893
195 196 0.0441559 0 -1.15359 0 0 0 0 -1.10943
196 197 8.78846e-06 0 -1.36016 0 0 0 0 -1.36015
197 198 0.0414537 0 -1.30205 0 0 0 0 -1.26059
198 199 0.00327153 0 -0.843575 0 0 0 0 -0.840304
200 201 0.009107 0 0 0 0 0 0 0.009107
201 202 0.0983288 0 0 0 0 0 0 0.0983288
202 203 0.0335126 0 -0.850908 0 0 0 0 -0.817395
203 204 0.00181577 0 0 0 0 0 0 0.00181577
204 205 0.240065 0 -1.35381 0 0 0 0 -1.11375
205 206 0.00135159 0 -0.950616 0 0 0 0 -0.949264
206 207 0.0201487 0 -1.41285 0 0 0 0 -1.3927
207 208 0.0179315 0 -0.116932 0 0 0 0 -0.0990007
208 209 0.000969386 0 -1.2534 0 0 0 0 -1.25243
209 210 0.00609119 0 0 0 0 0 0 0.00609119
210 211 0.117187 0 0 0 0 0 0 0.117187
211 212 0.0328364 0 -1.12677 0 0 0 0 -1.09394
212 213 0.00135785 0 -1.311 0 0 0 0 -1.30965
213 214 0.00223273 0 0 0 0 0 0 0.00223273
214 215 0.0380689 0 -1.33702 0 0 0 0 -1.29895
215 216 0.00498046 0 -1.33553 0 0 0 0 -1.33055
216 217 0.000523088 0 0 0 0 0 0 0.000523088
217 218 0.00661659 0 -1.30045 0 0 0 0 -1.29383
218 219 0.00454749 0 -1.35604 0 0 0 0 -1.35149
220 221 0.143589 0 -1.20468 0 0 0 0 -1.0611
221 222 0.0636431 0 -0 0 0 0 0 0.0636431
222 223 0.0708497 0 0 0 0 0 0 0.0708497
223 224 0.000632671 0 0 0 0 0 0 0.000632671
224 225 0.0211608 0 -1.09363 0 0 0 0 -1.07247
225 226 0.0595101 0 -1.3681 0 0 0 0 -1.30859
226 227 0.0267408 0 -1.39253 0 0 0 0 -1.36579
227 228 0.0418346 0 0 0 0 0 0 0.0418346
228 229 0.122359 0 0 0 0 0 0 0.122359
229 230 0.150103 0 0 0 0 0 0 0.150103
230 231 0.0523246 0 0 0 0 0 0 0.0523246
231 232 0.111191 0 -0 0 0 0 0 0.111191
232 233 0.0203736 0 -1.05861 0 0 0 0 -1.03824
233 234 0.102657 0 0 0 0 0 0 0.102657
234 235 9.93719e-05 0 0 0 0 0 0 9.93719e-05
235 236 0.000828608 0 0 0 0 0 0 0.000828608
236 237 0.0735187 0 0 0 0 0 0 0.0735187
237 238 0.000105452 0 -0 0 0 0 0 0.000105452
238 239 0.0419086 0 0 0 0 0 0 0.0419086
240 241 0.154402 0 -1.24331 0 0 0 0 -1.08891
241 242 0.0430457 0 -1.2324 0 0 0 0 -1.18936
242 243 0.00206566 0 0 0 0 0 0 0.00206566
243 244 0.0168027 0 -1.3611 0 0 0 0 -1.34429
244 245 0.0262303 0 -1.18783 0 0 0 0 -1.1616
245 246 0.000331145 0 -1.33665 0 0 0 0 -1.33632
246 247 0.00714913 0 -1.12489 0 0 0 0 -1.11774
247 248 0.000193608 0 -1.20471 0 0 0 0 -1.20452
248 249 0.000210992 0 -1.05439 0 0 0 0 -1.05418
249 250 0.000110537 0 0 0 0 0 0 0.000110537
250 251 0.0042215 0 -1.41536 0 0 0 0 -1.41114
251 252 0.0527758 0 -1.05864 0 0 0 0 -1.00586
252 253 0.015022 0 -0.922017 0 0 0 0 -0.906995
253 254 0.0287957 0 -1.30894 0 0 0 0 -1.28014
254 255 0.0126095 0 -1.16917 0 0 0 0 -1.15656
255 256 0.0034514 0 -1.35343 0 0 0 0 -1.34998
256 257 0.299415 0 -1.2162 0 0 0 0 -0.91678
257 258 0.00895779 0 -1.20195 0 0 0 0 -1.19299
258 259 0.0891732 0 0 0 0 0 0 0.0891732
260 261 0.009392 0 0 0 0 0 0 0.009392
261 262 0.238681 0 0 0 0 0 0 0.238681
262 263 0.0161742 0 0 0 0 0 0 0.0161742
263 264 0.00649961 0 -1.21058 0 0 0 0 -1.20408
264 265 0.0688472 0 -1.10916 0 0 0 0 -1.04031
265 266 0.0105654 0 -1.25565 0 0 0 0 -1.24509
266 267 0.218667 0 -0 0 0 0 0 0.218667
267 268 0.00590429 0 -1.21543 0 0 0 0 -1.20953
268 269 0.00383783 0 0 0 0 0 0 0.00383783
269 270 0.000956601 0 0 0 0 0 0 0.000956601
270 271 0.00117378 0 -1.34828 0 0 0 0 -1.3471
271 272 7.86085e-08 0 -1.34218 0 0 0 0 -1.34218
272 273 0.045845 0 -1.32804 0 0 0 0 -1.28219
273 274 5.50981e-05 0 -1.15181 0 0 0 0 -1.15176
274 275 0.0171648 0 -1.18484 0 0 0 0 -1.16767
275 276 0.00117777 0 0 0 0 0 0 0.00117777
276 277 0.0761386 0 0 0 0 0 0 0.0761386
277 278 0.113711 0 0 0 0 0 0 0.113711
278 279 0.00728306 0 0 0 0 0 0 0.00728306
280 281 0.0940872 0 0 0 0 0 0 0.0940872
281 282 0.0384803 0 0 0 0 0 0 0.0384803
282 283 0.00807947 0 -1.1871 0 0 0 0 -1.17902
283 284 0.00896448 0 0 0 0 0 0 0.00896448
284 285 0.0106192 0 -1.31839 0 0 0 0 -1.30777
285 286 0.0804311 0 -1.35915 0 0 0 0 -1.27872
286 287 0.228359 0 0 0 0 0 0 0.228359
287 288 0.0063193 0 -1.32277 0 0 0 0 -1.31645
288 289 0.00043994 0 -0.661247 0 0 0 0 -0.660807
289 290 0.0118364 0 -1.33207 0 0 0 0 -1.32024
290 291 0.0180541 0 -1.20272 0 0 0 0 -1.18466
291 292 0.0163465 0 -1.11319 0 0 0 0 -1.09684
292 293 0.122253 0 -1.25472 0 0 0 0 -1.13247
293 294 0.0134063 0 -1.21439 0 0 0 0 -1.20098
294 295 6.03733e-05 0 0 0 0 0 0 6.03733e-05
295 296 0.00545423 0 0 0 0 0 0 0.00545423
296 297 0.0120369 0 0 0 0 0 0 0.0120369
297 298 0.0977987 0 0 0 0 0 0 0.0977987
298 299 0.074122 0 -0.534377 0 0 0 0 -0.460255
300 301 0.044829 0 -1.42887 0 0 0 0 -1.38404
301 302 0.0126569 0 0 0 0 0 0 0.0126569
302 303 0.0104877 0 -1.19367 0 0 0 0 -1.18318
303 304 0.204569 0 -1.23815 0 0 0 0 -1.03358
304 305 0.000389859 0 -1.31712 0 0 0 0 -1.31673
305 306 0.00498762 0 -0.983071 0 0 0 0 -0.978083
306 307 0.00706564 0 0 0 0 0 0 0.00706564
307 308 0.0190701 0 -1.38689 0 0 0 0 -1.36782
308 309 0.00148596 0 0 0 0 0 0 0.00148596
309 310 5.94997e-05 0 -1.08567 0 0 0 0 -1.08561
310 311 0.0158249 0 -0.470338 0 0 0 0 -0.454513
311 312 0.00542939 0 -1.34582 0 0 0 0 -1.34039
312 313 0.0155175 0 -1.07421 0 0 0 0 -1.0587
313 314 0.000652936 0 0 0 0 0 0 0.000652936
314 315 0.00185082 0 -0.769906 0 0 0 0 -0.768055
315 316 0.0260736 0 -0 0 0 0 0 0.0260736
316 317 0.0292599 0 0 0 0 0 0 0.0292599
317 318 0.00801204 0 0 0 0 0 0 0.00801204
318 319 0.117871 0 -0 0 0 0 0 0.117871
320 321 0.0259764 0 -1.21404 0 0 0 0 -1.18806
321 322 0.00335937 0 0 0 0 0 0 0.00335937
322 323 0.0182731 0 -1.29895 0 0 0 0 -1.28068
323 324 2.97692e-05 0 -1.1475 0 0 0 0 -1.14747
324 325 0.000519449 0 -1.37755 0 0 0 0 -1.37703
325 326 0.0401167 0 0 0 0 0 0 0.0401167
326 327 0.0161803 0 0 0 0 0 0 0.0161803
327 328 0.033261 0 -1.18739 0 0 0 0 -1.15413
328 329 0.165272 0 -1.05582 0 0 0 0 -0.890544
329 330 0.215838 0 0 0 0 0 0 0.215838
330 331 0.0824917 0 -0.970361 0 0 0 0 -0.887869
331 332 0.000735612 0 -1.19899 0 0 0 0 -1.19825
332 333 0.0830894 0 -0 0 0 0 0 0.0830894
333 334 0.00258079 0 0 0 0 0 0 0.00258079
334 335 0.0207453 0 0 0 0 0 0 0.0207453
335 336 0.0306913 0 0 0 0 0 0 0.0306913
336 337 0.00127986 0 -0.664263 0 0 0 0 -0.662983
337 338 0.0275691 0 -1.29122 0 0 0 0 -1.26365
338 339 0.0255384 0 0 0 0 0 0 0.0255384
340 341 0.106502 0 0 0 0 0 0 0.106502
341 342 0.022153 0 0 0 0 0 0 0.022153
342 343 0.0591626 0 -1.36858 0 0 0 0 -1.30942
343 344 0.00229626 0 -0.866123 0 0 0 0 -0.863827
344 345 0.218562 0 -1.37266 0 0 0 0 -1.15409
345 346 0.000899052 0 0 0 0 0 0 0.000899052
346 347 0.109348 0 0 0 0 0 0 0.109348
347 348 0.00277122 0 -1.23308 0 0 0 0 -1.23031
348 349 0.0230371 0 -0.850003 0 0 0 0 -0.826965
349 350 0.0734963 0 0 0 0 0 0 0.0734963
350 351 0.0236284 0 -1.00366 0 0 0 0 -0.980027
351 352 0.0471373 0 -1.39207 0 0 0 0 -1.34493
352 353 6.26059e-06 0 -1.44609 0 0 0 0 -1.44608
353 354 0.0107672 0 -1.04552 0 0 0 0 -1.03475
354 355 0.00907738 0 -1.25572 0 0 0 0 -1.24664
355 356 0.144589 0 -0.856378 0 0 0 0 -0.711788
356 357 0.0248934 0 -0 0 0 0 0 0.0248934
357 358 0.00946562 0 0 0 0 0 0 0.00946562
358 359 0.000167159 0 -1.44662 0 0 0 0 -1.44645
360 361 0.157756 0 -1.0717 0 0 0 0 -0.913941
361 362 0.0276564 0 0 0 0 0 0 0.0276564
362 363 0.00158234 0 0 0 0 0 0 0.00158234
363 364 0.0571111 0 -1.18649 0 0 0 0 -1.12938
364 365 0.000255501 0 -0 0 0 0 0 0.000255501
365 366 0.0391918 0 0 0 0 0 0 0.0391918
366 367 0.0259987 0 -1.22492 0 0 0 0 -1.19892
367 368 0.136797 0 0 0 0 0 0 0.136797
368 369 0.0717805 0 0 0 0 0 0 0.0717805
369 370 0.0141209 0 0 0 0 0 0 0.0141209
369 371 0 0 0 0.159454 0 0 0 0.159454
370 371 0.0362909 0 -1.31891 0 0 0 0 -1.28262
371 372 0.00886212 0 -1.02067 0 0 0 0 -1.01181
372 373 0.0124864 0 -1.4559 0 0 0 0 -1.44342
373 374 0.000188041 0 -1.14808 0 0 0 0 -1.14789
374 375 0.063926 0 0 0 0 0 0 0.063926
375 376 0.0724866 0 0 0 0 0 0 0.0724866
376 377 0.0420692 0 -0.998357 0 0 0 0 -0.956288
377 378 0.113474 0 0 0 0 0 0 0.113474
378 379 0.15881 0 -1.39896 0 0 0 0 -1.24015
380 381 0.00651031 0 0 0 0 0 0 0.00651031
381 382 0.0064095 0 -1.30959 0 0 0 0 -1.30318
382 383 0.00834443 0 -0.954341 0 0 0 0 -0.945996
383 384 0.00103288 0 -1.11757 0 0 0 0 -1.11654
384 385 0.0320204 0 0 0 0 0 0 0.0320204
385 386 0.0108908 0 -1.33879 0 0 0 0 -1.3279
386 387 0.0571719 0 -1.29996 0 0 0 0 -1.24279
387 388 0.0365945 0 -1.21903 0 0 0 0 -1.18244
388 389 0.0682281 0 -0.771306 0 0 0 0 -0.703078
389 390 0.0854717 0 -1.23925 0 0 0 0 -1.15378
390 391 0.00939331 0 0 0 0 0 0 0.00939331
391 392 0.00342977 0 0 0 0 0 0 0.00342977
392 393 0.112549 0 -1.20737 0 0 0 0 -1.09482
393 394 0.0579433 0 0 0 0 0 0 0.0579433
394 395 0.00221987 0 -1.12115 0 0 0 0 -1.11893
395 396 0.155785 0 -1.10339 0 0 0 0 -0.947603
396 397 0.00282749 0 0 0 0 0 0 0.00282749
397 398 0.0031736 0 -0 0 0 0 0 0.0031736
398 399 0.181912 0 -1.19841 0 0 0 0 -1.01649
400 401 0.0660738 0 -0.952309 0 0 0 0 -0.886235
401 402 0.0330594 0 -1.16996 0 0 0 0 -1.1369
402 403 0.146087 0 -1.13906 0 0 0 0 -0.992977
403 404 0.0278426 0 0 0 0 0 0 0.0278426
404 405 0.00778487 0 -1.34582 0 0 0 0 -1.33803
405 406 0.0335779 0 -1.08563 0 0 0 0 -1.05206
406 407 0.00710447 0 -1.02702 0 0 0 0 -1.01992
407 408 0.0457246 0 0 0 0 0 0 0.0457246
408 409 0.00532393 0 -1.16522 0 0 0 0 -1.15989
409 410 2.56334e-05 0 -1.05196 0 0 0 0 -1.05193
410 411 0.00178827 0 0 0 0 0 0 0.00178827
411 412 0.0740355 0 -2.3535e-05 0 0 0 0 0.074012
412 413 0.0377542 0 -1.22801 0 0 0 0 -1.19025
413 414 0.00161969 0 -0 0 0 0 0 0.00161969
414 415 0.0704656 0 0 0 0 0 0 0.0704656
415 416 0.0191674 0 -1.25724 0 0 0 0 -1.23807
416 417 0.0145208 0 0 0 0 0 0 0.0145208
417 418 0.0169401 0 -1.21411 0 0 0 0 -1.19717
418 419 0.0255567 0 -1.03872 0 0 0 0 -1.01316
420 421 0.000785604 0 -1.03998 0 0 0 0 -1.0392
421 422 1.12367e-07 0 -0.980113 0 0 0 0 -0.980113
422 423 1.88488e-05 0 0 0 0 0 0 1.88488e-05
423 424 0.00294022 0 -1.32269 0 0 0 0 -1.31975
424 425 0.0880791 0 -0.55633 0 0 0 0 -0.468251
425 426 0.0013062 0 -1.11719 0 0 0 0 -1.11588
426 427 0.00588112 0 -1.35124 0 0 0 0 -1.34536
427 428 0.09507 0 -1.30326 0 0 0 0 -1.20819
428 429 0.102737 0 -1.22969 0 0 0 0 -1.12696
429 430 0.00776323 0 -0.31522 0 0 0 0 -0.307457
430 431 0.00998146 0 -1.04058 0 0 0 0 -1.0306
431 432 0.001128 0 -1.04431 0 0 0 0 -1.04319
432 433 0.00463849 0 -1.3081 0 0 0 0 -1.30346
433 434 0.084258 0 0 0 0 0 0 0.084258
434 435 0.0659123 0 0 0 0 0 0 0.0659123
435 436 0.00771651 0 0 0 0 0 0 0.00771651
436 437 0.00421915 0 -0 0 0 0 0 0.00421915
437 438 0.00907943 0 -0.777186 0 0 0 0 -0.768106
438 439 0.000935492 0 0 0 0 0 0 0.000935492
440 441 0.134482 0 -0.793596 0 0 0 0 -0.659113
441 442 0.0979411 0 -1.17317 0 0 0 0 -1.07523
442 443 0.00725244 0 -0.709988 0 0 0 0 -0.702735
443 444 0.320185 0 -1.33136 0 0 0 0 -1.01118
444 445 0.0507606 0 -0 0 0 0 0 0.0507606
445 446 0.0463836 0 -1.43813 0 0 0 0 -1.39174
446 447 0.106388 0 0 0 0 0 0 0.106388
447 448 0.0145665 0 0 0 0 0 0 0.0145665
448 449 0.0756471 0 -0 0 0 0 0 0.0756471
449 450 0.210568 0 -1.42517 0 0 0 0 -1.2146
450 451 0.0021397 0 -0.692624 0 0 0 0 -0.690484
451 452 0.0671889 0 -0.152051 0 0 0 0 -0.0848619
452 453 0.00223425 0 -1.04549 0 0 0 0 -1.04326
453 454 0.00242075 0 -0.83204 0 0 0 0 -0.829619
454 455 0.0167579 0 -1.41336 0 0 0 0 -1.39661
455 456 5.79457e-06 0 0 0 0 0 0 5.79457e-06
456 457 0.0740324 0 -1.20078 0 0 0 0 -1.12675
457 458 0.0216612 0 0 0 0 0 0 0.0216612
458 459 0.0453549 0 -0.893807 0 0 0 0 -0.848452
460 461 0.0469433 0 -1.17182 0 0 0 0 -1.12487
461 462 0.00156077 0 0 0 0 0 0 0.00156077
462 463 0.0945122 0 0 0 0 0 0 0.0945122
463 464 0.00862427 0 0 0 0 0 0 0.00862427
464 465 0.00214368 0 0 0 0 0 0 0.00214368
465 466 6.586e-05 0 -0.603861 0 0 0 0 -0.603795
466 467 0.0975016 0 0 0 0 0 0 0.0975016
467 468 0.000417587 0 0 0 0 0 0 0.000417587
468 469 0.146779 0 -0 0 0 0 0 0.146779
469 470 0.0467262 0 -1.04575 0 0 0 0 -0.999028
470 471 0.0202794 0 -1.08968 0 0 0 0 -1.0694
471 472 0.122537 0 -1.44008 0 0 0 0 -1.31755
472 473 0.00282933 0 -0.875536 0 0 0 0 -0.872706
473 474 0.00376106 0 0 0 0 0 0 0.00376106
474 475 0.00281669 0 -0.739615 0 0 0 0 -0.736798
475 476 0.00024153 0 -1.37578 0 0 0 0 -1.37553
476 477 0.0379486 0 -0.809465 0 0 0 0 -0.771516
477 478 0.053165 0 -1.38663 0 0 0 0 -1.33347
477 479 0 0 0 0 0 -1.31793e-07 0 -1.31793e-07
478 479 0.165787 0 -0.944891 0 0 0 0 -0.779104
480 481 0.0291506 0 0 0 0 0 0 0.0291506
481 482 0.0126875 0 -1.06369 0 0 0 0 -1.051
482 483 0.0218651 0 0 0 0 0 0 0.0218651
483 484 0.0353847 0 -0 0 0 0 0 0.0353847
484 485 6.1054e-05 0 -0 0 0 0 0 6.1054e-05
485 486 0.0657352 0 0 0 0 0 0 0.0657352
486 487 0.0178168 0 0 0 0 0 0 0.0178168
487 488 0.00105133 0 -0.939439 0 0 0 0 -0.938388
488 489 0.0568593 0 -1.42385 0 0 0 0 -1.36699
489 490 0.000955175 0 -0 0 0 0 0 0.000955175
490 491 0.0184198 0 0 0 0 0 0 0.0184198
491 492 0.0154306 0 -1.14318 0 0 0 0 -1.12775
492 493 2.5799e-05 0 -1.40492 0 0 0 0 -1.4049
493 494 0.0103879 0 -0 0 0 0 0 0.0103879
494 495 0.0231911 0 0 0 0 0 0 0.0231911
495 496 0.0145499 0 -1.18337 0 0 0 0 -1.16883
496 497 0.0131434 0 -1.09873 0 0 0 0 -1.08559
497 498 3.01176e-05 0 -1.07058 0 0 0 0 -1.07055
498 499 0.0264608 0 -0.904369 0 0 0 0 -0.877908
500 501 0.0209947 0 0 0 0 0 0 0.0209947
501 502 0.0499614 0 0 0 0 0 0 0.0499614
502 503 0.103009 0 0 0 0 0 0 0.103009
503 504 0.235169 0 -1.02276 0 0 0 0 -0.787593
504 505 0.000457832 0 0 0 0 0 0 0.000457832
505 506 0.0996445 0 -0 0 0 0 0 0.0996445
506 507 0.136684 0 -0 0 0 0 0 0.136684
507 508 0.252806 0 0 0 0 0 0 0.252806
508 509 0.00839398 0 0 0 0 0 0 0.00839398
509 510 0.000112845 0 -1.41108 0 0 0 0 -1.41097
510 511 0.0111876 0 -1.4 0 0 0 0 -1.38881
511 512 0.0135647 0 0 0 0 0 0 0.0135647
512 513 0.00028313 0 -0.544016 0 0 0 0 -0.543733
513 514 0.0116427 0 -1.26876 0 0 0 0 -1.25711
514 515 0.00106873 0 -1.45556 0 0 0 0 -1.45449
515 516 0.275013 0 0 0 0 0 0 0.275013
516 517 0.010801 0 0 0 0 0 0 0.010801
517 518 0.0036511 0 -1.34536 0 0 0 0 -1.3417
518 519 0.0321921 0 0 0 0 0 0 0.0321921
520 521 2.94918e-06 0 -0.676009 0 0 0 0 -0.676006
521 522 0.0036498 0 -0.402044 0 0 0 0 -0.398395
522 523 0.0556759 0 0 0 0 0 0 0.0556759
523 524 0.0664183 0 -0.728275 0 0 0 0 -0.661857
524 525 0.0408276 0 -0.904352 0 0 0 0 -0.863525
525 526 0.00114862 0 0 0 0 0 0 0.00114862
526 527 0.0508964 0 0 0 0 0 0 0.0508964
527 528 0.0231325 0 0 0 0 0 0 0.0231325
528 529 0.00203437 0 0 0 0 0 0 0.00203437
527 530 0 0 0 0.0272566 0 0 0 0.0272566
529 530 0.041087 0 0 0 0 0 0 0.041087
530 531 0.0391075 0 -1.1854 0 0 0 0 -1.14629
531 532 0.0267146 0 0 0 0 0 0 0.0267146
527 533 0 0 0 0 0 -2.00846e-05 0 -2.00846e-05
532 533 0.0502038 0 -1.36998 0 0 0 0 -1.31977
533 534 0.0895667 0 0 0 0 0 0 0.0895667
534 535 0.0165693 0 -1.33276 0 0 0 0 -1.31619
535 536 0.0827802 0 0 0 0 0 0 0.0827802
536 537 0.0067472 0 0 0 0 0 0 0.0067472
537 538 0.186668 0 0 0 0 0 0 0.186668
538 539 0.0261466 0.000891649 -0.960054 0 0 0 0 -0.933016
540 541 0.0528519 0 -1.23638 0 0 0 0 -1.18353
541 542 0.00993495 0 -1.24586 0 0 0 0 -1.23592
542 543 0.380855 0 -1.38986 0 0 0 0 -1.009
543 544 0.0862266 0 -0 0 0 0 0 0.0862266
544 545 0.0607565 0 0 0 0 0 0 0.0607565
545 546 0.0041589 0 0 0 0 0 0 0.0041589
546 547 0.0101752 0 -0.780432 0 0 0 0 -0.770256
547 548 0.00113662 0 -1.30595 0 0 0 0 -1.30481
548 549 0.000291393 0 -1.13166 0 0 0 0 -1.13136
549 550 0.075421 0 0 0 0 0 0 0.075421
550 551 0.0203955 0 -1.21622 0 0 0 0 -1.19583
551 552 0.0206552 0 -1.2514 0 0 0 0 -1.23075
552 553 0.180339 0 -1.34988 0 0 0 0 -1.16954
553 554 0.349767 0 -0 0 0 0 0 0.349767
554 555 0.000787407 0 0 0 0 0 0 0.000787407
555 556 0.0126066 0 -1.0679 0 0 0 0 -1.05529
556 557 0.0470684 0 -1.37189 0 0 0 0 -1.32482
557 558 0.0823059 0 -1.02922 0 0 0 0 -0.94691
558 559 0.0877368 0 -1.14682 0 0 0 0 -1.05908
560 561 2.61637e-05 0 0 0 0 0 0 2.61637e-05
561 562 0.000427169 0 0 0 0 0 0 0.000427169
562 563 0.0283865 0 -0.633478 0 0 0 0 -0.605092
563 564 0.0195806 0 0 0 0 0 0 0.0195806
564 565 3.10267e-05 0 -0.512273 0 0 0 0 -0.512242
565 566 9.36444e-05 0 0 0 0 0 0 9.36444e-05
566 567 0.0233727 0 -1.16317 0 0 0 0 -1.13979
567 568 0.000223266 0 -0.858455 0 0 0 0 -0.858231
568 569 0.072324 0 -1.18037 0 0 0 0 -1.10805
569 570 0.00792204 0 0 0 0 0 0 0.00792204
568 571 0 0 0 0 0 -0 -2.61715e-16 -2.61715e-16
566 571 0 0 0 0 0 -0.0695988 -8.85432e-17 -0.0695988
570 571 0.000389326 0 0 0 0 0 0 0.000389326
571 572 0.00193623 0 -0 0 0 0 0 0.00193623
572 573 0.00153746 0 0 0 0 0 0 0.00153746
573 574 0.000102503 0 -1.18248 0 0 0 0 -1.18237
574 575 0.0456987 0 -0.806094 0 0 0 0 -0.760396
575 576 0.0515852 0 -1.33843 0 0 0 0 -1.28684
576 577 0.076957 0 0 0 0 0 0 0.076957
577 578 0.00276733 0 -1.38889 0 0 0 0 -1.38612
578 579 0.000173426 0 -1.29418 0 0 0 0 -1.29401
580 581 0.036622 0 -0.932354 0 0 0 0 -0.895732
581 582 0.162518 0 -1.06503 0 0 0 0 -0.902515
582 583 9.17037e-06 0 0 0 0 0 0 9.17037e-06
583 584 0.0478297 0 -1.28167 0 0 0 0 -1.23384
582 585 0 0 0 0 -0 -2.76904e-05 -0 -2.76904e-05
581 585 0 0 0 0 -0 -0.0809632 -4.94991e-16 -0.0809632
584 585 0.00272088 0 -1.04224 0 0 0 0 -1.03952
582 586 0 0 0 0 0 -0.0152538 0 -0.0152538
585 586 0.00476853 0 -0.912899 0 0 0 0 -0.90813
586 587 0.00383111 0 0 0 0 0 0 0.00383111
587 588 0.370823 0 0 0 0 0 0 0.370823
588 589 0.0023453 0 -1.36264 0 0 0 0 -1.36029
589 590 0.0212762 0 -0.987107 0 0 0 0 -0.96583
590 591 0.0162836 0 0 0 0 0 0 0.0162836
591 592 0.132813 0 0 0 0 0 0 0.132813
592 593 0.0276043 0 -1.23121 0 0 0 0 -1.2036
593 594 0.194278 0 -1.14348 0 0 0 0 -0.949204
594 595 0.000541734 0 -1.2456 0 0 0 0 -1.24506
595 596 0.0457177 0 0 0 0 0 0 0.0457177
596 597 0.017092 0 -1.20799 0 0 0 0 -1.19089
597 598 7.49144e-06 0 -0.784311 0 0 0 0 -0.784303
598 599 0.000915767 0 -1.17451 0 0 0 0 -1.1736
600 601 0.0229817 0 -0 0 0 0 0 0.0229817
601 602 0.0165963 0 0 0 0 0 0 0.0165963
602 603 0.00433452 0 0 0 0 0 0 0.00433452
603 604 0.074234 0 0 0 0 0 0 0.074234
604 605 0.00259973 0 0 0 0 0 0 0.00259973
605 606 0.0208152 0 0 0 0 0 0 0.0208152
606 607 0.125854 0 -0.21202 0 0 0 0 -0.0861666
607 608 0.000108063 0 0 0 0 0 0 0.000108063
608 609 0.00154036 0 -0.984547 0 0 0 0 -0.983006
609 610 0.00616386 0 -0.981811 0 0 0 0 -0.975647
610 611 0.000497252 0 0 0 0 0 0 0.000497252
610 612 0 0 0 0.000195146 0 0 0 0.000195146
611 612 0.0151819 0 0 0 0 0 0 0.0151819
612 613 0.0432007 0 -1.11954 0 0 0 0 -1.07634
613 614 0.0227638 0 -1.01043 0 0 0 0 -0.987666
614 615 0.0305435 0 -0.8616 0 0 0 0 -0.831056
615 616 0.0024417 0 -1.22347 0 0 0 0 -1.22103
616 617 0.000703925 0 0 0 0 0 0 0.000703925
617 618 0.059445 0 -0 0 0 0 0 0.059445
618 619 0.00023994 0 -0 0 0 0 0 0.00023994
620 621 0.13204 0 -0.660436 0 0 0 0 -0.528396
621 622 0.0312595 0 -0.787361 0 0 0 0 -0.756101
622 623 0.00176216 0 -1.15368 0 0 0 0 -1.15191
623 624 0.0589566 0 -0 0 0 0 0 0.0589566
624 625 0.0174976 0 -1.28606 0 0 0 0 -1.26857
625 626 0.207327 0 0 0 0 0 0 0.207327
626 627 0.125919 0 -1.36018 0 0 0 0 -1.23426
623 628 0 0 0 0 0 -0.00205103 -0 -0.00205103
622 628 0 0 0 0 0 -0.0666589 0 -0.0666589
627 628 0.00878145 0 -1.17194 0 0 0 0 -1.16315
623 629 0 0 0 0 -0 -0.18622 0 -0.18622
622 629 0 0 0 0 -0.792528 0 -0 -0.792528
621 629 0 0 0 0 0 -0.156286 0 -0.156286
628 629 0.000466906 0 -1.21536 0 0 0 0 -1.21489
622 630 0 0 0 0 0 -0.153068 -0 -0.153068
629 630 0.0653774 0 -1.28063 0 0 0 0 -1.21526
630 631 0.0129246 0 0 0 0 0 0 0.0129246
631 632 0.00043873 0 0 0 0 0 0 0.00043873
632 633 0.379418 0 -1.03711 0 0 0 0 -0.657695
628 634 0 0 0 0 -0 -0.137935 0 -0.137935
627 634 0 0 0 0 -0.876116 0 -0 -0.876116
626 634 0 0 0 0 -0 -0.0708421 0 -0.0708421
633 634 0.0163112 0 0 0 0 0 0 0.0163112
634 635 0.0246489 0 0 0 0 0 0 0.0246489
635 636 0.000179987 0 0 0 0 0 0 0.000179987
636 637 2.13542e-05 0 -0 0 0 0 0 2.13542e-05
637 638 0.111887 0 0 0 0 0 0 0.111887
638 639 0.00357919 0 -1.36336 0 0 0 0 -1.35978
640 641 0.00200912 0 -1.1844 0 0 0 0 -1.18239
641 642 0.0183857 0 -1.27606 0 0 0 0 -1.25768
642 643 0.00330136 0 -0.819652 0 0 0 0 -0.816351
643 644 0.062095 0 0 0 0 0 0 0.062095
644 645 0.101315 0 0 0 0 0 0 0.101315
645 646 0.0247492 0 -1.31735 0 0 0 0 -1.2926
646 647 5.20183e-05 0 0 0 0 0 0 5.20183e-05
647 648 0.00099224 0 -0.719244 0 0 0 0 -0.718252
648 649 0.0734415 0 -1.1731 0 0 0 0 -1.09966
649 650 0.234593 0 -0.798559 0 0 0 0 -0.563967
650 651 0.00117784 0 -1.35146 0 0 0 0 -1.35028
651 652 0.0181778 0 -0.0143599 0 0 0 0 0.00381796
652 653 0.00435377 0 -1.34096 0 0 0 0 -1.33661
653 654 0.000107033 0 -1.28169 0 0 0 0 -1.28159
654 655 0.00052413 0 0 0 0 0 0 0.00052413
655 656 0.0485414 0 -0 0 0 0 0 0.0485414
656 657 0.000216208 0 0 0 0 0 0 0.000216208
657 658 0.0686407 0 0 0 0 0 0 0.0686407
658 659 0.00221927 0 -1.13659 0 0 0 0 -1.13437
660 661 0.0649353 0 0 0 0 0 0 0.0649353
661 662 0.263367 0 0 0 0 0 0 0.263367
662 663 0.104781 0 -1.3245 0 0 0 0 -1.21972
663 664 0.0100404 0 0 0 0 0 0 0.0100404
664 665 0.000745828 0 0 0 0 0 0 0.000745828
665 666 0.00784152 0 0 0 0 0 0 0.00784152
666 667 0.0109462 0 0 0 0 0 0 0.0109462
667 668 0.0281323 0 -0.713685 0 0 0 0 -0.685553
668 669 1.80351e-08 0 -1.1211 0 0 0 0 -1.1211
669 670 0.135418 0 0 0 0 0 0 0.135418
670 671 0.0918783 0 -0 0 0 0 0 0.0918783
671 672 0.142045 0 0 0 0 0 0 0.142045
672 673 0.16023 0 -1.23787 0 0 0 0 -1.07764
673 674 0.00602826 0 0 0 0 0 0 0.00602826
674 675 0.411331 0 0 0 0 0 0 0.411331
675 676 0.0205941 0 0 0 0 0 0 0.0205941
676 677 0.140798 0 0 0 0 0 0 0.140798
677 678 0.0309376 0 -1.19989 0 0 0 0 -1.16895
678 679 0.00399957 0 -1.2696 0 0 0 0 -1.2656
680 681 0.162591 0 -1.30822 0 0 0 0 -1.14563
681 682 0.130277 0 0 0 0 0 0 0.130277
682 683 1.62908e-05 0 -0.781725 0 0 0 0 -0.781709
683 684 0.0113508 0 0 0 0 0 0 0.0113508
684 685 0.0370765 0 -1.01376 0 0 0 0 -0.976681
685 686 6.90767e-05 0 0 0 0 0 0 6.90767e-05
686 687 0.028816 0 -1.31982 0 0 0 0 -1.29101
687 688 0.00114143 0 0 0 0 0 0 0.00114143
688 689 0.0754073 0 -1.27906 0 0 0 0 -1.20365
689 690 0.0142502 0 -0.00226469 0 0 0 0 0.0119855
690 691 0.0320606 0 -1.08304 0 0 0 0 -1.05098
691 692 0.0885702 0 -1.22955 0 0 0 0 -1.14098
692 693 0.0722572 0 -1.32888 0 0 0 0 -1.25663
693 694 0.10683 0 0 0 0 0 0 0.10683
694 695 0.422897 0 0 0 0 0 0 0.422897
695 696 0.00464488 0 0 0 0 0 0 0.00464488
696 697 0.0319646 0 -1.4395 0 0 0 0 -1.40754
697 698 0.0521318 0 -0.718161 0 0 0 0 -0.666029
698 699 0.0421691 0 -1.03919 0 0 0 0 -0.997017
700 701 0.0583788 0 -1.09674 0 0 0 0 -1.03836
701 702 0.116229 0 -0.966726 0 0 0 0 -0.850497
702 703 0.00485093 0 -1.25642 0 0 0 0 -1.25157
703 704 0.0320778 0 -1.35356 0 0 0 0 -1.32148
704 705 0.0145813 0 -1.05427 0 0 0 0 -1.03969
705 706 0.0416311 0 -1.03031 0 0 0 0 -0.988682
706 707 0.0846076 0 0 0 0 0 0 0.0846076
707 708 0.0693966 0 -1.38937 0 0 0 0 -1.31997
708 709 0.0480966 0 0 0 0 0 0 0.0480966
709 710 9.38351e-05 0 0 0 0 0 0 9.38351e-05
710 711 0.00507496 0 -1.1734 0 0 0 0 -1.16832
711 712 0.00878521 0 -0.845497 0 0 0 0 -0.836711
712 713 0.0554799 0 -0 0 0 0 0 0.0554799
713 714 0.085469 0 -1.2799 0 0 0 0 -1.19443
714 715 0.0763449 0 -1.32939 0 0 0 0 -1.25305
715 716 0.0293452 0 0 0 0 0 0 0.0293452
716 717 4.32418e-06 0 -0.00189267 0 0 0 0 -0.00188834
717 718 0.082853 0 -0.523382 0 0 0 0 -0.440529
718 719 0.00590048 0 -1.20481 0 0 0 0 -1.19891
720 721 0.00017818 0 -0 0 0 0 0 0.00017818
721 722 0.000644042 0 -1.42553 0 0 0 0 -1.42488
722 723 0.00101733 0 -1.23066 0 0 0 0 -1.22964
723 724 0.279643 0 0 0 0 0 0 0.279643
724 725 0.0900241 0 -1.01676 0 0 0 0 -0.926735
725 726 0.00174938 0 -1.13136 0 0 0 0 -1.12961
726 727 0.151633 0 -0.85909 0 0 0 0 -0.707458
727 728 0.0931007 0 -1.21668 0 0 0 0 -1.12358
728 729 0.193698 0 -1.19721 0 0 0 0 -1.00351
729 730 0.202432 0 -1.08949 0 0 0 0 -0.887053
730 731 0.00109268 0 0 0 0 0 0 0.00109268
731 732 0.021824 0 0 0 0 0 0 0.021824
732 733 0.218594 0 -1.11868 0 0 0 0 -0.900085
733 734 0.0144548 0 0 0 0 0 0 0.0144548
734 735 0.0945326 0 0 0 0 0 0 0.0945326
735 736 0.00327831 0 -1.29408 0 0 0 0 -1.2908
736 737 0.00125577 0 -1.08526 0 0 0 0 -1.084
737 738 0.108919 0 -1.40483 0 0 0 0 -1.29591
738 739 0.0866076 0 0 0 0 0 0 0.0866076
740 741 0.031512 0 0 0 0 0 0 0.031512
741 742 0.0113503 0 -1.13197 0 0 0 0 -1.12062
742 743 0.000460288 0 -1.33239 0 0 0 0 -1.33193
743 744 0.0215707 0 -0.923944 0 0 0 0 -0.902373
744 745 0.00901036 0 -1.02642 0 0 0 0 -1.01741
745 746 0.124413 0 -1.28182 0 0 0 0 -1.15741
746 747 0.018048 0 -1.21208 0 0 0 0 -1.19404
747 748 0.0332359 0 -1.08679 0 0 0 0 -1.05355
748 749 0.26804 0 -1.05291 0 0 0 0 -0.784872
749 750 9.13327e-05 0 0 0 0 0 0 9.13327e-05
750 751 0.000978957 0 0 0 0 0 0 0.000978957
751 752 8.2778e-05 0 -1.32926 0 0 0 0 -1.32918
752 753 0.0396029 0 -0 0 0 0 0 0.0396029
753 754 0.0110471 0 -0.494671 0 0 0 0 -0.483624
754 755 0.000814973 0 0 0 0 0 0 0.000814973
755 756 0.000872841 0 0 0 0 0 0 0.000872841
756 757 0.062005 0 -1.39542 0 0 0 0 -1.33341
757 758 0.0355077 0 -1.34581 0 0 0 0 -1.3103
758 759 0.0018029 0 -0.778167 0 0 0 0 -0.776364
760 761 0.0827895 0 -1.22899 0 0 0 0 -1.1462
761 762 0.100289 0 -1.13495 0 0 0 0 -1.03466
762 763 0.0224625 0 -1.22003 0 0 0 0 -1.19757
763 764 0.0275886 0 0 0 0 0 0 0.0275886
764 765 0.000727434 0 -0.617318 0 0 0 0 -0.61659
765 766 0.000848433 0 0 0 0 0 0 0.000848433
766 767 0.0462443 0 -1.10817 0 0 0 0 -1.06193
767 768 0.150707 0 -1.02046 0 0 0 0 -0.86975
768 769 0.049311 0 0 0 0 0 0 0.049311
769 770 0.190065 0 -1.26495 0 0 0 0 -1.07488
770 771 0.0878902 0 -1.01994 0 0 0 0 -0.932046
771 772 0.00346875 0 0 0 0 0 0 0.00346875
772 773 0.00780198 0 0 0 0 0 0 0.00780198
773 774 0.0558046 0 -1.16671 0 0 0 0 -1.1109
774 775 0.00402263 0 -1.32997 0 0 0 0 -1.32595
775 776 0.220058 0 -0.498649 0 0 0 0 -0.278591
776 777 0.00318225 0 0 0 0 0 0 0.00318225
777 778 0.137788 0 0 0 0 0 0 0.137788
778 779 0.0886092 0 0 0 0 0 0 0.0886092
780 781 0.0826604 0 0 0 0 0 0 0.0826604
781 782 0.0664155 0 -1.36491 0 0 0 0 -1.2985
782 783 0.212747 0 -1.09343 0 0 0 0 -0.880687
783 784 0.00235731 0 0 0 0 0 0 0.00235731
784 785 0.0122736 0 -1.16079 0 0 0 0 -1.14852
785 786 0.138595 0 -1.09714 0 0 0 0 -0.958541
786 787 0.000379522 0 -0 0 0 0 0 0.000379522
787 788 0.0238484 0 0 0 0 0 0 0.0238484
788 789 0.021618 0 -1.38496 0 0 0 0 -1.36335
789 790 0.0611528 0 -1.2597 0 0 0 0 -1.19855
790 791 0.0983024 0 -1.02399 0 0 0 0 -0.925692
791 792 0.0396819 0 -0.790003 0 0 0 0 -0.750321
792 793 0.100187 0 -1.18815 0 0 0 0 -1.08796
793 794 0.173886 0 -1.20128 0 0 0 0 -1.0274
794 795 0.0318217 0 0 0 0 0 0 0.0318217
795 796 0.0033101 0 -1.26193 0 0 0 0 -1.25862
796 797 0.0690539 0 -1.0869 0 0 0 0 -1.01784
797 798 0.0167183 0 -0 0 0 0 0 0.0167183
798 799 0.0263373 0 -1.13176 0 0 0 0 -1.10542
800 801 0.120489 0 -1.15534 0 0 0 0 -1.03485
801 802 0.0218006 0 -0 0 0 0 0 0.0218006
802 803 0.0981872 0 0 0 0 0 0 0.0981872
803 804 0.0959847 0 0 0 0 0 0 0.0959847
804 805 0.0104171 0 -1.08927 0 0 0 0 -1.07886
805 806 0.00363252 0 0 0 0 0 0 0.00363252
806 807 0.0484174 0 -1.13664 0 0 0 0 -1.08822
807 808 0.0444717 0 -1.27966 0 0 0 0 -1.23518
808 809 0.000126469 0 -1.33416 0 0 0 0 -1.33404
809 810 0.0131505 0 -1.11394 0 0 0 0 -1.10079
810 811 0.0396702 0 -1.1191 0 0 0 0 -1.07943
811 812 0.00643406 0 0 0 0 0 0 0.00643406
812 813 0.00552966 0 -0.853718 0 0 0 0 -0.848188
813 814 0.0666495 0 -0 0 0 0 0 0.0666495
814 815 0.0813742 0 -1.34184 0 0 0 0 -1.26047
815 816 0.00938763 0 -0.867786 0 0 0 0 -0.858399
816 817 3.47358e-05 0 -1.31088 0 0 0 0 -1.31085
817 818 0.00100132 0 -1.15771 0 0 0 0 -1.1567
818 819 0.0322057 0 -1.15382 0 0 0 0 -1.12162
820 821 0.0657432 0 -0 0 0 0 0 0.0657432
821 822 0.297107 0 -1.15125 0 0 0 0 -0.854141
822 823 0.0109728 0 0 0 0 0 0 0.0109728
823 824 0.099887 0 -1.23741 0 0 0 0 -1.13752
824 825 0.263677 0 0 0 0 0 0 0.263677
825 826 0.0665393 0 -1.38723 0 0 0 0 -1.32069
826 827 0.070236 0 0 0 0 0 0 0.070236
827 828 0.0487595 0 -1.3365 0 0 0 0 -1.28774
828 829 0.0957092 0 -1.19888 0 0 0 0 -1.10317
829 830 0.044988 0 -1.31144 0 0 0 0 -1.26645
830 831 0.113442 0 0 0 0 0 0 0.113442
831 832 0.0280963 0 -1.28467 0 0 0 0 -1.25657
832 833 0.627616 0 -1.34873 0 0 0 0 -0.721116
833 834 0.00170086 0 -1.1384 0 0 0 0 -1.1367
834 835 0.0732251 0 -1.28775 0 0 0 0 -1.21452
835 836 0.494503 0 -1.23219 0 0 0 0 -0.737686
836 837 0.0222805 0 -1.35741 0 0 0 0 -1.33513
837 838 0.0317305 0 -1.06535 0 0 0 0 -1.03362
838 839 0.0435479 0 0 0 0 0 0 0.0435479
840 841 0.00885596 0 -1.16197 0 0 0 0 -1.15312
841 842 0.174186 0 -1.22217 0 0 0 0 -1.04798
842 843 0.0411389 0 -1.406 0 0 0 0 -1.36486
843 844 0.00470386 0 -1.19588 0 0 0 0 -1.19118
844 845 0.00308585 0 -1.14503 0 0 0 0 -1.14194
845 846 0.0850012 0 -0.000253176 0 0 0 0 0.084748
846 847 0.0099305 0 -1.36864 0 0 0 0 -1.35871
847 848 0.1156 0 0 0 0 0 0 0.1156
848 849 0.158086 0 0 0 0 0 0 0.158086
849 850 0.0254083 0 -1.24832 0 0 0 0 -1.22291
850 851 0.000235607 0 -1.27596 0 0 0 0 -1.27573
851 852 0.0113805 0 -1.20414 0 0 0 0 -1.19276
852 853 0.0733165 0 -1.1629 0 0 0 0 -1.08958
853 854 0.0115857 0 -1.0314 0 0 0 0 -1.01981
854 855 0.119773 0 0 0 0 0 0 0.119773
855 856 0.0365102 0 -1.326 0 0 0 0 -1.28949
856 857 0.0078808 0 -1.20365 0 0 0 0 -1.19576
857 858 0.00758288 0 -0 0 0 0 0 0.00758288
858 859 0.00790476 0 0 0 0 0 0 0.00790476
860 861 0.190564 0 -1.20075 0 0 0 0 -1.01018
861 862 0.00124291 0 0 0 0 0 0 0.00124291
862 863 0.0079438 0 -1.248 0 0 0 0 -1.24006
863 864 0.0105536 0 -1.31 0 0 0 0 -1.29945
864 865 0.213934 0 0 0 0 0 0 0.213934
865 866 0.0131823 0 0 0 0 0 0 0.0131823
866 867 0.0529575 0 0 0 0 0 0 0.0529575
867 868 0.000489244 0 0 0 0 0 0 0.000489244
868 869 0.0470029 0 -1.32814 0 0 0 0 -1.28113
869 870 0.00265697 0 0 0 0 0 0 0.00265697
870 871 0.15231 0 0 0 0 0 0 0.15231
871 872 0.00522506 0 -0.389719 0 0 0 0 -0.384494
872 873 0.0219261 0 -1.24195 0 0 0 0 -1.22002
873 874 0.175114 0 -1.24132 0 0 0 0 -1.06621
874 875 0.0299286 0 -1.22939 0 0 0 0 -1.19946
875 876 0.00121335 0 -0.692345 0 0 0 0 -0.691132
876 877 0.00695078 0 0 0 0 0 0 0.00695078
877 878 0.0029895 0 -1.32272 0 0 0 0 -1.31973
874 879 0 0 0 0 0 -0.0505274 0 -0.0505274
875 879 0 0 0 0 -0 -0.0114632 -0 -0.0114632
878 879 0.18045 0 0 0 0 0 0 0.18045
880 881 0.0185402 0 0 0 0 0 0 0.0185402
881 882 0.0170202 0 -1.33607 0 0 0 0 -1.31905
882 883 0.0854835 0 -0 0 0 0 0 0.0854835
882 884 0 0 0 0 0 -0 -1.21828e-05 -1.21828e-05
881 884 0 0 0 0 0 -0.00083351 0 -0.00083351
883 884 0.173417 0 -1.17936 0 0 0 0 -1.00595
884 885 0.00368678 0 -1.04797 0 0 0 0 -1.04429
885 886 0.10318 0 0 0 0 0 0 0.10318
886 887 0.00356106 0 -1.32697 0 0 0 0 -1.32341
887 888 0.181118 0 -1.27821 0 0 0 0 -1.09709
888 889 0.063584 0 0 0 0 0 0 0.063584
889 890 0.0118399 0 -1.17712 0 0 0 0 -1.16528
890 891 0.00130773 0 -0.932047 0 0 0 0 -0.930739
891 892 0.0136939 0 0 0 0 0 0 0.0136939
892 893 0.026411 0 0 0 0 0 0 0.026411
893 894 0.0063425 0 -1.32905 0 0 0 0 -1.32271
894 895 0.113278 0 -1.27841 0 0 0 0 -1.16513
895 896 0.028466 0 -1.32779 0 0 0 0 -1.29933
896 897 0.150989 0 0 0 0 0 0 0.150989
897 898 0.0867233 0 -1.00967 0 0 0 0 -0.922949
898 899 0.014949 0 -1.16159 0 0 0 0 -1.14664
900 901 0.0221489 0 0 0 0 0 0 0.0221489
901 902 0.000337454 0 0 0 0 0 0 0.000337454
902 903 0.0463187 0 0 0 0 0 0 0.0463187
903 904 0.0578469 0 0 0 0 0 0 0.0578469
904 905 0.122214 0 -1.19818 0 0 0 0 -1.07597
905 906 0.0218084 0 0 0 0 0 0 0.0218084
906 907 0.0800888 0 0 0 0 0 0 0.0800888
907 908 0.00321555 0 0 0 0 0 0 0.00321555
908 909 0.0039625 0 -1.05935 0 0 0 0 -1.05538
909 910 0.286315 0 0 0 0 0 0 0.286315
910 911 0.0267685 0 0 0 0 0 0 0.0267685
911 912 0.0394999 0 -0.843507 0 0 0 0 -0.804008
912 913 0.0952448 0 -0.959045 0 0 0 0 -0.8638
913 914 0.027692 0 0 0 0 0 0 0.027692
914 915 0.00741661 0 0 0 0 0 0 0.00741661
915 916 0.0053566 0 -0 0 0 0 0 0.0053566
916 917 0.0290202 0 0 0 0 0 0 0.0290202
917 918 0.00242169 0 -1.0964 0 0 0 0 -1.09398
918 919 0.175254 0 -1.11446 0 0 0 0 -0.939205
920 921 0.0197253 0 0 0 0 0 0 0.0197253
921 922 0.0228825 0 0 0 0 0 0 0.0228825
922 923 0.0333283 0 -0 0 0 0 0 0.0333283
923 924 0.18773 0 -0 0 0 0 0 0.18773
924 925 0.00585979 0 -0 0 0 0 0 0.00585979
925 926 0.0392128 0 -1.17873 0 0 0 0 -1.13952
926 927 7.34902e-05 0 -1.13769 0 0 0 0 -1.13761
927 928 0.003268 0 -1.20061 0 0 0 0 -1.19735
928 929 0.00100528 0 0 0 0 0 0 0.00100528
929 930 0.274051 0 -1.05951 0 0 0 0 -0.785462
930 931 0.0280625 0 0 0 0 0 0 0.0280625
931 932 0.0231781 0 -1.09657 0 0 0 0 -1.07339
931 933 0 0 0 0 0 -0 -3.6003e-15 -3.6003e-15
932 933 0.117656 0 -0 0 0 0 0 0.117656
933 934 0.00227268 0 0 0 0 0 0 0.00227268
934 935 0.00172749 0 0 0 0 0 0 0.00172749
935 936 0.0808315 0 -1.07514 0 0 0 0 -0.994309
936 937 0.0577657 0 -1.06704 0 0 0 0 -1.00928
937 938 0.0330954 0 0 0 0 0 0 0.0330954
938 939 0.110392 0 -1.26385 0 0 0 0 -1.15346
940 941 0.0504433 0 0 0 0 0 0 0.0504433
941 942 0.0217504 0 0 0 0 0 0 0.0217504
942 943 0.0939373 0 -1.36011 0 0 0 0 -1.26617
943 944 0.00734062 0 -0 0 0 0 0 0.00734062
944 945 0.0755741 0 0 0 0 0 0 0.0755741
945 946 0.0801974 0 -1.34048 0 0 0 0 -1.26028
946 947 0.0703537 0 -1.43088 0 0 0 0 -1.36053
947 948 0.00546933 0 -0.994025 0 0 0 0 -0.988556
948 949 0.035452 0 0 0 0 0 0 0.035452
949 950 0.00959644 0 -0 0 0 0 0 0.00959644
950 951 0.0112761 0 -1.12917 0 0 0 0 -1.11789
951 952 0.00335125 0 -1.12066 0 0 0 0 -1.11731
952 953 0.00586701 0 -0.877645 0 0 0 0 -0.871778
953 954 0.0445046 0 0 0 0 0 0 0.0445046
954 955 0.254495 0 -0.340148 0 0 0 0 -0.0856533
955 956 0.00646642 0 -1.15005 0 0 0 0 -1.14358
956 957 0.0570401 0 -0.701993 0 0 0 0 -0.644953
957 958 0.00495394 0 -1.20564 0 0 0 0 -1.20069
958 959 0.184899 0 -1.17417 0 0 0 0 -0.989267
960 961 0.19734 0 0 0 0 0 0 0.19734
961 962 0.00125165 0 -0.894743 0 0 0 0 -0.893491
962 963 0.0036505 0 -0.988365 0 0 0 0 -0.984715
963 964 0.148342 0 0 0 0 0 0 0.148342
964 965 0.0122339 0 -1.14305 0 0 0 0 -1.13082
965 966 0.00808731 0 -1.41171 0 0 0 0 -1.40362
966 967 0.108324 0 -1.10204 0 0 0 0 -0.993717
967 968 0.00776146 0 -1.16723 0 0 0 0 -1.15947
968 969 0.0150742 0 -1.22543 0 0 0 0 -1.21036
969 970 0.00535929 0 0 0 0 0 0 0.00535929
970 971 0.103324 0 -1.28875 0 0 0 0 -1.18542
971 972 0.129621 0 -1.26801 0 0 0 0 -1.13839
972 973 0.00461827 0 0 0 0 0 0 0.00461827
973 974 0.217053 0 -1.42654 0 0 0 0 -1.20948
974 975 0.0118188 0 -1.03453 0 0 0 0 -1.02271
975 976 0.00863849 0 -0 0 0 0 0 0.00863849
976 977 0.0090333 0 -1.34473 0 0 0 0 -1.33569
977 978 0.0239829 0 0 0 0 0 0 0.0239829
978 979 0.00300752 0 0 0 0 0 0 0.00300752
980 981 0.0875304 0 0 0 0 0 0 0.0875304
981 982 0.000356327 0 -0.928135 0 0 0 0 -0.927778
982 983 0.01593 0 -1.33005 0 0 0 0 -1.31412
983 984 0.0105953 0 -1.21788 0 0 0 0 -1.20729
984 985 0.00223158 0 -1.19439 0 0 0 0 -1.19216
985 986 0.0677153 0 -1.08879 0 0 0 0 -1.02107
986 987 0.00592087 0 0 0 0 0 0 0.00592087
987 988 0.340019 0 0 0 0 0 0 0.340019
988 989 0.000257471 0 -1.19789 0 0 0 0 -1.19764
989 990 0.00746974 0 0 0 0 0 0 0.00746974
990 991 0.0585038 0 0 0 0 0 0 0.0585038
991 992 0.000931105 0 -1.23903 0 0 0 0 -1.2381
992 993 0.0373494 0 -1.05342 0 0 0 0 -1.01607
993 994 0.00268387 0 -1.27579 0 0 0 0 -1.27311
994 995 0.00106089 0 -1.1072 0 0 0 0 -1.10614
995 996 0.0951499 0 -0.0599827 0 0 0 0 0.0351672
996 997 0.00181039 0 0 0 0 0 0 0.00181039
997 998 0.01697 0 -1.31793 0 0 0 0 -1.30096
997 999 0 0 0 0.0489593 0 0 0 0.0489593
998 999 0.000640659 0 0 0 0 0 0 0.000640659
1000 1001 0.0832954 0 0 0 0 0 0 0.0832954
1001 1002 0.0221771 0 -1.0647 0 0 0 0 -1.04252
1002 1003 0.0502946 0 -1.2853 0 0 0 0 -1.23501
1003 1004 0.00947876 0 0 0 0 0 0 0.00947876
1004 1005 0.0317132 0 -0.796659 0 0 0 0 -0.764946
1005 1006 0.108807 0 -1.14353 0 0 0 0 -1.03472
1006 1007 0.191629 0 0 0 0 0 0 0.191629
1007 1008 0.0070235 0 -0.946118 0 0 0 0 -0.939095
1008 1009 0.0952116 0 -0.608803 0 0 0 0 -0.513592
1009 1010 0.000599432 0 -1.29444 0 0 0 0 -1.29384
1010 1011 0.00973143 0 0 0 0 0 0 0.00973143
1011 1012 0.172013 0 0 0 0 0 0 0.172013
1012 1013 0.000757772 0 0 0 0 0 0 0.000757772
1013 1014 0.179361 0 0 0 0 0 0 0.179361
1014 1015 0.0225891 0 -1.00186 0 0 0 0 -0.979271
1015 1016 0.0176967 0 -1.06141 0 0 0 0 -1.04371
1016 1017 1.04858e-06 0 -1.27518 0 0 0 0 -1.27518
1017 1018 0.0731653 0 -1.27599 0 0 0 0 -1.20282
1018 1019 0.00325683 0 0 0 0 0 0 0.00325683
1020 1021 0.0248426 0 0 0 0 0 0 0.0248426
1021 1022 0.0178845 0 0 0 0 0 0 0.0178845
1022 1023 0.166533 0 -1.33101 0 0 0 0 -1.16448
1023 1024 0.00571765 0 0 0 0 0 0 0.00571765
1024 1025 0.0367452 0 -1.24547 0 0 0 0 -1.20872
1025 1026 0.0901548 0 0 0 0 0 0 0.0901548
1026 1027 0.0269576 0 -0 0 0 0 0 0.0269576
1027 1028 0.0276901 0 0 0 0 0 0 0.0276901
1028 1029 0.187261 0 0 0 0 0 0 0.187261
1029 1030 0.00120147 0 0 0 0 0 0 0.00120147
1030 1031 0.0246872 0 -0.788469 0 0 0 0 -0.763782
1031 1032 0.018808 0 0 0 0 0 0 0.018808
1032 1033 0.00376155 0 0 0 0 0 0 0.00376155
1033 1034 0.0198631 0 0 0 0 0 0 0.0198631
1034 1035 0.0233622 0 -1.42258 0 0 0 0 -1.39922
1035 1036 0.00343199 0 -1.13577 0 0 0 0 -1.13234
1036 1037 0.000701918 0 -0.908581 0 0 0 0 -0.907879
1037 1038 0.0170075 0 -0.582794 0 0 0 0 -0.565787
1038 1039 0.0128182 0 -1.22726 0 0 0 0 -1.21444
1040 1041 0.0299388 0 -1.36532 0 0 0 0 -1.33538
1041 1042 0.00724403 0 0 0 0 0 0 0.00724403
1042 1043 0.00824027 0 -1.17802 0 0 0 0 -1.16978
1043 1044 0.341996 0 0 0 0 0 0 0.341996
1044 1045 0.184145 0 0 0 0 0 0 0.184145
1045 1046 0.126691 0 -0.876476 0 0 0 0 -0.749785
1046 1047 0.120865 0 -0.982521 0 0 0 0 -0.861656
1047 1048 0.00086713 0 -1.23789 0 0 0 0 -1.23702
1048 1049 0.0332071 0 0 0 0 0 0 0.0332071
1049 1050 0.00355201 0 -0.901481 0 0 0 0 -0.897929
1050 1051 0.0342212 0 0 0 0 0 0 0.0342212
1051 1052 0.00154029 0 -1.25347 0 0 0 0 -1.25193
1052 1053 0.00444158 0 -1.23995 0 0 0 0 -1.23551
1053 1054 0.137423 0 0 0 0 0 0 0.137423
1054 1055 0.069753 0 -1.37939 0 0 0 0 -1.30964
1055 1056 0.266432 0 -1.36139 0 0 0 0 -1.09496
1056 1057 0.10653 0 -0.78721 0 0 0 0 -0.68068
1057 1058 0.00267519 0 -0 0 0 0 0 0.00267519
1058 1059 0.100111 0 0 0 0 0 0 0.100111
1060 1061 0.0341456 0 0 0 0 0 0 0.0341456
1061 1062 0.13635 0 0 0 0 0 0 0.13635
1062 1063 0.0204679 0 -0 0 0 0 0 0.0204679
1063 1064 0.00812015 0 0 0 0 0 0 0.00812015
1064 1065 0.000509215 0 -1.04 0 0 0 0 -1.0395
1065 1066 0.0406827 0 -0.931339 0 0 0 0 -0.890656
1066 1067 0.000569574 0 -1.2025 0 0 0 0 -1.20193
1067 1068 0.0525003 0 -1.06989 0 0 0 0 -1.01739
1068 1069 0.00556289 0 -0.749334 0 0 0 0 -0.743771
1069 1070 0.0624869 0 -0.93225 0 0 0 0 -0.869764
1070 1071 0.000838793 0 -0.605469 0 0 0 0 -0.604631
1071 1072 0.074506 0 -0.453734 0 0 0 0 -0.379228
1072 1073 0.256696 0 -1.3525 0 0 0 0 -1.09581
1073 1074 0.0109183 0 -1.24849 0 0 0 0 -1.23757
1074 1075 0.00493962 0 -1.33825 0 0 0 0 -1.33331
1075 1076 0.0125898 0 0 0 0 0 0 0.0125898
1076 1077 0.00128006 0 -1.29113 0 0 0 0 -1.28985
1077 1078 0.00124846 0 -1.04678 0 0 0 0 -1.04553
1078 1079 0.0256277 0 -1.2375 0 0 0 0 -1.21187
1080 1081 0.00197997 0 -1.33782 0 0 0 0 -1.33584
1081 1082 0.0809039 0 0 0 0 0 0 0.0809039
1082 1083 0.13948 0 0 0 0 0 0 0.13948
1083 1084 0.0953608 0 -1.20512 0 0 0 0 -1.10975
1084 1085 0.0328429 0 -1.27295 0 0 0 0 -1.24011
1085 1086 0.0662592 0 0 0 0 0 0 0.0662592
1086 1087 0.00242361 0 -0 0 0 0 0 0.00242361
1087 1088 0.0887277 0 -1.06798 0 0 0 0 -0.979248
1088 1089 0.0104742 0 -1.19166 0 0 0 0 -1.18119
1089 1090 0.0180645 0 -0.942001 0 0 0 0 -0.923937
1090 1091 0.0169038 0 -1.41464 0 0 0 0 -1.39773
1091 1092 0.00798121 0 0 0 0 0 0 0.00798121
1092 1093 0.0585912 0 -1.23875 0 0 0 0 -1.18016
1093 1094 0.208255 0 0 0 0 0 0 0.208255
1094 1095 0.0104196 0 0 0 0 0 0 0.0104196
1095 1096 0.00954017 0 -1.42745 0 0 0 0 -1.41791
1096 1097 0.196505 0 -0.689925 0 0 0 0 -0.493419
1097 1098 0.00175264 0 0 0 0 0 0 0.00175264
1098 1099 0.0529745 0 -1.1547 0 0 0 0 -1.10172
1100 1101 0.000417367 0 -1.21165 0 0 0 0 -1.21123
1101 1102 0.0741644 0 0 0 0 0 0 0.0741644
1102 1103 0.00190787 0 0 0 0 0 0 0.00190787
1103 1104 0.000532188 0 0 0 0 0 0 0.000532188
1104 1105 0.0437914 0 0 0 0 0 0 0.0437914
1105 1106 0.397313 0 0 0 0 0 0 0.397313
1106 1107 0.00149583 0 -1.29809 0 0 0 0 -1.29659
1107 1108 0.0251184 0 -1.39229 0 0 0 0 -1.36717
1108 1109 0.10506 0 -0 0 0 0 0 0.10506
1109 1110 0.0149474 0 0 0 0 0 0 0.0149474
1110 1111 0.000607452 0 -0.998707 0 0 0 0 -0.9981
1111 1112 0.101519 0 0 0 0 0 0 0.101519
1112 1113 0.0612754 0 0 0 0 0 0 0.0612754
1113 1114 0.027821 0 0 0 0 0 0 0.027821
1114 1115 0.00024664 0 -1.31166 0 0 0 0 -1.31141
1115 1116 0.0414434 0 -1.33797 0 0 0 0 -1.29653
1116 1117 0.011217 0 -1.33661 0 0 0 0 -1.32539
1117 1118 0.000434643 0 -1.21805 0 0 0 0 -1.21761
1118 1119 0.00869226 0 -1.1407 0 0 0 0 -1.13201
1120 1121 0.288886 0 -0.000363164 0 0 0 0 0.288522
1121 1122 0.0832756 0 -1.14212 0 0 0 0 -1.05884
1122 1123 0.161343 0 -1.28137 0 0 0 0 -1.12003
1123 1124 0.0289478 0 0 0 0 0 0 0.0289478
1124 1125 0.0787602 0 -0.566668 0 0 0 0 -0.487908
1125 1126 0.00113667 0 -1.30534 0 0 0 0 -1.3042
1126 1127 0.045499 0 0 0 0 0 0 0.045499
1127 1128 0.00449496 0 0 0 0 0 0 0.00449496
1128 1129 0.0981782 0 -0.817151 0 0 0 0 -0.718973
1129 1130 0.00347334 0 0 0 0 0 0 0.00347334
1130 1131 0.0113837 0 -1.03654 0 0 0 0 -1.02515
1131 1132 0.0109382 0 0 0 0 0 0 0.0109382
1132 1133 0.0228112 0 -1.17882 0 0 0 0 -1.15601
1133 1134 0.108234 0 0 0 0 0 0 0.108234
1134 1135 0.10914 0 -0.892455 0 0 0 0 -0.783314
1135 1136 0.000672958 0 0 0 0 0 0 0.000672958
1134 1137 0 0 0 0 0 -8.04221e-10 -0 -8.04221e-10
1136 1137 0.0217247 0 0 0 0 0 0 0.0217247
1137 1138 0.0405162 0 0 0 0 0 0 0.0405162
1138 1139 0.398273 0 0 0 0 0 0 0.398273
1140 1141 0.0331395 0 0 0 0 0 0 0.0331395
1141 1142 0.0443912 0 0 0 0 0 0 0.0443912
1142 1143 0.063199 0 0 0 0 0 0 0.063199
1143 1144 0.0880467 0 -1.10021 0 0 0 0 -1.01217
1144 1145 0.0162018 0 -0.699303 0 0 0 0 -0.683101
1145 1146 0.010748 0 -1.38053 0 0 0 0 -1.36979
1146 1147 0.00467466 0 -1.17985 0 0 0 0 -1.17517
1147 1148 0.00650257 0 0 0 0 0 0 0.00650257
1148 1149 0.118368 0 -0 0 0 0 0 0.118368
1149 1150 0.00681609 0 -1.38782 0 0 0 0 -1.381
1150 1151 0.00625345 0 0 0 0 0 0 0.00625345
1151 1152 0.0321026 0 -1.18312 0 0 0 0 -1.15101
1152 1153 0.156717 0 -0.044703 0 0 0 0 0.112014
1153 1154 0.00802974 0 -0 0 0 0 0 0.00802974
1154 1155 0.0164745 0 -1.37561 0 0 0 0 -1.35914
1155 1156 0.0209328 0 -1.40498 0 0 0 0 -1.38405
1156 1157 0.00981413 0 -1.11526 0 0 0 0 -1.10545
1157 1158 0.117846 0 0 0 0 0 0 0.117846
1158 1159 0.0615198 0 -1.2276 0 0 0 0 -1.16608
1160 1161 0.0249194 0 -0 0 0 0 0 0.0249194
1161 1162 0.00214799 0 -1.20828 0 0 0 0 -1.20613
1162 1163 0.164723 0 -1.17129 0 0 0 0 -1.00657
1163 1164 0.0496453 0 -1.35811 0 0 0 0 -1.30846
1164 1165 0.0198044 0 -0.831283 0 0 0 0 -0.811479
1165 1166 0.0351517 0 0 0 0 0 0 0.0351517
1166 1167 0.00267858 0 -1.06845 0 0 0 0 -1.06577
1167 1168 0.0007745 0 -1.27865 0 0 0 0 -1.27787
1168 1169 0.0268137 0 -0.973594 0 0 0 0 -0.946781
1169 1170 0.0317934 0 0 0 0 0 0 0.0317934
1170 1171 0.013102 0 0 0 0 0 0 0.013102
1171 1172 0.0116648 0 0 0 0 0 0 0.0116648
1172 1173 0.244604 0 -0 0 0 0 0 0.244604
1173 1174 0.0883343 0 -0.994324 0 0 0 0 -0.90599
1174 1175 4.20945e-05 0 0 0 0 0 0 4.20945e-05
1175 1176 0.00156601 0 -1.40013 0 0 0 0 -1.39856
1176 1177 0.178248 0 -1.04233 0 0 0 0 -0.864087
1177 1178 0.0314432 0 -0.560172 0 0 0 0 -0.528729
1178 1179 0.124321 0 -1.27502 0 0 0 0 -1.1507
1180 1181 0.0167527 0 -0.754317 0 0 0 0 -0.737564
1181 1182 0.0140221 0 0 0 0 0 0 0.0140221
1182 1183 0.0701784 0 -1.2687 0 0 0 0 -1.19853
1183 1184 0.0873246 0 -1.35047 0 0 0 0 -1.26315
1184 1185 0.108594 0 -1.35683 0 0 0 0 -1.24824
1185 1186 0.0570236 0 -0 0 0 0 0 0.0570236
1186 1187 0.0520689 0 0 0 0 0 0 0.0520689
1187 1188 0.0244541 0 -0.927818 0 0 0 0 -0.903364
1188 1189 0.0487176 0 -1.16046 0 0 0 0 -1.11175
1189 1190 0.00066392 0 -1.30588 0 0 0 0 -1.30522
1190 1191 0.0221768 0 -1.16727 0 0 0 0 -1.1451
1191 1192 0.0133561 0 0 0 0 0 0 0.0133561
1192 1193 0.0577318 0 0 0 0 0 0 0.0577318
1193 1194 0.00464884 0 0 0 0 0 0 0.00464884
1194 1195 0.0493085 0 0 0 0 0 0 0.0493085
1195 1196 0.000317938 0.00796152 0 0 0 0 0 0.00827946
1196 1197 0.0229332 0 0 0 0 0 0 0.0229332
1197 1198 0.0634114 0 -1.42269 0 0 0 0 -1.35928
1198 1199 0.011587 0 -1.19092 0 0 0 0 -1.17934
#Total energy per particle is  -0.56292 and should be -0.5629210
