t = 0
b =  100.0 100.0 100.0
E = 0. 0. 0.
41.20554833996661 83.30698251116303 27.97116738595867 0.7954599874570659 0.4037883809357133 -0.4518831173833782 0.2277367048517798 0.4918345590439069 0.8403777482735602 0.0 0.0 0.0 0.0 0.0 0.0
41.58255349401435 83.27330752781782 28.3525047843823 0.31505691121250506 0.779411423152256 -0.5415320638309525 0.2277367048517798 0.4918345590439069 0.8403777482735602 0.0 0.0 0.0 0.0 0.0 0.0
42.03137588088625 83.41729940290438 28.610399931816332 -0.2850415530723398 0.8589230346491785 -0.42544392529586655 0.2277367048517798 0.4918345590439069 0.8403777482735602 0.0 0.0 0.0 0.0 0.0 0.0
42.41522303676647 83.75708281076528 28.771315123092563 -0.7768479657043763 0.6121154248555476 -0.14772252649777243 0.2277367048517798 0.4918345590439069 0.8403777482735602 0.0 0.0 0.0 0.0 0.0 0.0
42.62198767442082 84.23639794898223 28.89855695980553 -0.9735168479599651 0.13275493113514777 0.18612112990576016 0.2277367048517798 0.4918345590439069 0.8403777482735602 0.0 0.0 0.0 0.0 0.0 0.0
42.60683911595095 84.74597457792859 29.068225113936823 -0.8003304033418452 -0.39704138046758014 0.4492542572787464 0.2277367048517798 0.4918345590439069 0.8403777482735602 0.0 0.0 0.0 0.0 0.0 0.0
42.40925521685686 85.16504561170443 29.34030079015061 -0.32308505768338275 -0.775995033452792 0.5417081811809067 0.2277367048517798 0.4918345590439069 0.8403777482735602 0.0 0.0 0.0 0.0 0.0 0.0
42.13802406869797 85.40722855318799 29.735858863309463 0.27690570308310125 -0.8601351992841999 0.4283581101746337 0.2277367048517798 0.4918345590439069 0.8403777482735602 0.0 0.0 0.0 0.0 0.0 0.0
41.92991358426972 85.45334364893053 30.229061181160926 0.7716953576318465 -0.6174956222138981 0.15226763134733584 0.2277367048517798 0.4918345590439069 0.8403777482735602 0.0 0.0 0.0 0.0 0.0 0.0
41.89771108089508 85.35870059815988 30.756972910369125 0.973305043757911 -0.14025913428828715 -0.18167186640785055 0.2277367048517798 0.4918345590439069 0.8403777482735602 0.0 0.0 0.0 0.0 0.0 0.0
42.08737349287014 85.23208547331495 31.24347253191334 0.8051398709678046 0.3902641437611154 -0.4465911847230655 0.2277367048517798 0.4918345590439069 0.8403777482735602 0.0 0.0 0.0 0.0 0.0 0.0
42.46056756376608 85.19443107232006 31.62817167884792 0.33108859997624285 0.7725195487271429 -0.5418430453555566 0.2277367048517798 0.4918345590439069 0.8403777482735602 0.0 0.0 0.0 0.0 0.0 0.0
42.909233291444316 85.33287252676487 31.889357686544585 -0.26874876565248923 0.8612818612936464 -0.43123967392485646 0.2277367048517798 0.4918345590439069 0.8403777482735602 0.0 0.0 0.0 0.0 0.0 0.0
43.296637729535874 85.66764320859185 32.052242597001104 -0.7664839819700934 0.6228287948898849 -0.15680114042724527 0.2277367048517798 0.4918345590439069 0.8403777482735602 0.0 0.0 0.0 0.0 0.0 0.0
43.5093221198199 86.14438773381131 32.17938468256348 -0.9730191186084716 0.14775265616531458 0.17720876789394166 0.2277367048517798 0.4918345590439069 0.8403777482735602 0.0 0.0 0.0 0.0 0.0 0.0
43.50020677140103 86.6548124816527 32.34692151234316 -0.8098880240753644 -0.38345718692913483 0.4438941025196188 0.2277367048517798 0.4918345590439069 0.8403777482735602 0.0 0.0 0.0 0.0 0.0 0.0
43.30647742241102 87.07782815166809 32.61564401675933 -0.33906692859035353 -0.7689852336469278 0.541936646084471 0.2277367048517798 0.4918345590439069 0.8403777482735602 0.0 0.0 0.0 0.0 0.0 0.0
43.03545775638008 87.32555361347751 33.007900996702524 0.2605713619628693 -0.8623629333547675 0.43408839710429653 0.2277367048517798 0.4918345590439069 0.8403777482735602 0.0 0.0 0.0 0.0 0.0 0.0
42.82383534050747 87.37670341749443 33.499108440424244 0.7612142355855493 -0.6281145367417613 0.16132270849322988 0.2277367048517798 0.4918345590439069 0.8403777482735602 0.0 0.0 0.0 0.0 0.0 0.0
42.78573173358823 87.2846744930974 34.027089400623034 0.9726590942859528 -0.1552349261055277 -0.1727321742462668 0.2277367048517798 0.4918345590439069 0.8403777482735602 0.0 0.0 0.0 0.0 0.0 0.0
77.94772002488526 41.693603053484914 95.13434158805276 -0.09728991793744778 0.995207646748463 -0.009818947046975716 0.5921497512901402 0.06581154320712751 0.803136048766161 0.0 0.0 0.0 0.0 0.0 0.0
78.44886466037374 41.85812759361373 95.23666867212567 -0.547867680872351 0.7637515715020038 0.3413569118734398 0.5921497512901402 0.06581154320712751 0.803136048766161 0.0 0.0 0.0 0.0 0.0 0.0
78.8251228407687 42.19674932849791 95.41680807500096 -0.7903013519846985 0.24213350499661274 0.5628455727899201 0.5921497512901402 0.06581154320712751 0.803136048766161 0.0 0.0 0.0 0.0 0.0 0.0
79.02123180311187 42.5905654034648 95.72524814390367 -0.7324863263440802 -0.3714751283133108 0.5704997903273614 0.5921497512901402 0.06581154320712751 0.803136048766161 0.0 0.0 0.0 0.0 0.0 0.0
79.0503704843172 42.8997037112442 96.1637336579623 -0.3963874988070483 -0.8439541496440665 0.36141159927159694 0.5921497512901402 0.06581154320712751 0.803136048766161 0.0 0.0 0.0 0.0 0.0 0.0
78.98915262269712 43.01646264405717 96.68460295744671 0.09030556677234534 -0.9958008793641221 0.015017099172844696 0.5921497512901402 0.06581154320712751 0.803136048766161 0.0 0.0 0.0 0.0 0.0 0.0
78.94851991786425 42.906228735086174 97.2088954051601 0.5426900377063643 -0.769326206110893 -0.33708264797418025 0.5921497512901402 0.06581154320712751 0.803136048766161 0.0 0.0 0.0 0.0 0.0 0.0
79.03159342420231 42.62062689322532 97.65634985266145 0.7888974900221631 -0.2505716447078946 -0.5611190614344802 0.5921497512901402 0.06581154320712751 0.803136048766161 0.0 0.0 0.0 0.0 0.0 0.0
79.29449613821363 42.27790723706905 97.97589719245317 0.7353895962158838 0.3633792738541247 -0.5719769620454033 0.5921497512901402 0.06581154320712751 0.803136048766161 0.0 0.0 0.0 0.0 0.0 0.0
79.72503093382143 42.018019897821574 98.16506236574938 0.40249489974880914 0.8392763309014893 -0.3655312518304423 0.5921497512901402 0.06581154320712751 0.803136048766161 0.0 0.0 0.0 0.0 0.0 0.0
80.24731445449149 41.94944562461095 98.27090467868936 -0.08331433848870072 0.9963182778874177 -0.020214107688470453 0.5921497512901402 0.06581154320712751 0.803136048766161 0.0 0.0 0.0 0.0 0.0 0.0
80.75060646908155 42.107982134193975 98.37213918514573 -0.537471066592896 0.7748422535506191 0.33278271392620923 0.5921497512901402 0.06581154320712751 0.803136048766161 0.0 0.0 0.0 0.0 0.0 0.0
81.13138193713021 42.443143959854304 98.54923152171258 -0.7874335504614216 0.2589907024183043 0.5593498186900516 0.5921497512901402 0.06581154320712751 0.803136048766161 0.0 0.0 0.0 0.0 0.0 0.0
81.33266190257456 42.83734272428004 98.85382766704981 -0.738236863322759 -0.3552557466563548 0.5734105755032869 0.5921497512901402 0.06581154320712751 0.803136048766161 0.0 0.0 0.0 0.0 0.0 0.0
81.36566075179583 43.150560930077326 99.2891327711154 -0.4085716491456315 -0.8345345980169238 0.36962306776924936 0.5921497512901402 0.06581154320712751 0.803136048766161 0.0 0.0 0.0 0.0 0.0 0.0
81.30552568073863 43.273546947997986 99.80869346510922 0.07631676549561593 -0.9967598029164491 0.02540957682153398 0.5921497512901402 0.06581154320712751 0.803136048766161 0.0 0.0 0.0 0.0 0.0 0.0
81.26278701877746 43.16932153748074 100.33404627293899 0.5322111649768032 -0.7802992937528137 -0.32845743718615156 0.5921497512901402 0.06581154320712751 0.803136048766161 0.0 0.0 0.0 0.0 0.0 0.0
81.34136590861881 42.8872268784004 100.78452719762727 0.7859096447871399 -0.2673900369840015 -0.5575379792913184 0.5921497512901402 0.06581154320712751 0.803136048766161 0.0 0.0 0.0 0.0 0.0 0.0
81.59909292671807 42.544180651976106 101.10791732239312 0.7410279108342921 0.3471051653580484 -0.5748005215257961 0.5921497512901402 0.06581154320712751 0.803136048766161 0.0 0.0 0.0 0.0 0.0 0.0
82.02573728040848 42.28025705891687 101.30028165019105 0.4146172842295222 0.8297293120916872 -0.3736867354803914 0.5921497512901402 0.06581154320712751 0.803136048766161 0.0 0.0 0.0 0.0 0.0 0.0
15.960917833191548 52.12977942938837 27.582923082620816 -0.276792229145251 0.934062118805936 -0.22564135280698908 0.6778086117185835 0.356228455575015 0.6431770932789556 0.0 0.0 0.0 0.0 0.0 0.0
16.43319859787631 52.38390920317057 27.55045710805437 -0.6236191373942691 0.7419201957082432 0.24627950518845423 0.6778086117185835 0.356228455575015 0.6431770932789556 0.0 0.0 0.0 0.0 0.0 0.0
16.76332536056984 52.80715970890901 27.574130554444828 -0.7335227089912412 0.2679103860168065 0.6246346615890578 0.6778086117185835 0.356228455575015 0.6431770932789556 0.0 0.0 0.0 0.0 0.0 0.0
16.926245598668494 53.2914803955698 27.74018949159867 -0.5647487395967494 -0.30788305854520254 0.7656806667173558 0.6778086117185835 0.356228455575015 0.6431770932789556 0.0 0.0 0.0 0.0 0.0 0.0
16.960431343806228 53.70561912934765 28.080785360822908 -0.18141728193405207 -0.7667065816356564 0.6158317850616575 0.6778086117185835 0.356228455575015 0.6431770932789556 0.0 0.0 0.0 0.0 0.0 0.0
16.953263013818788 53.9449870737172 28.561760104829126 0.2708376342705953 -0.9342454557122691 0.23201811210265985 0.6778086117185835 0.356228455575015 0.6431770932789556 0.0 0.0 0.0 0.0 0.0 0.0
17.007832131085248 53.971393737061064 29.095623384789608 0.6201968050520752 -0.7468488614127371 -0.23994312078010727 0.6778086117185835 0.356228455575015 0.6431770932789556 0.0 0.0 0.0 0.0 0.0 0.0
17.203775129577853 53.82755617894626 29.57479162281844 0.7339328404566537 -0.27571189801542795 -0.6207459504434637 0.6778086117185835 0.356228455575015 0.6431770932789556 0.0 0.0 0.0 0.0 0.0 0.0
17.567018142145777 53.62087008500355 29.912460801911887 0.5688355190690256 0.3001726250950546 -0.7657170152145092 0.6778086117185835 0.356228455575015 0.6431770932789556 0.0 0.0 0.0 0.0 0.0 0.0
18.059927229183923 53.482608350396205 30.075584763293868 0.18762807356436495 0.7620165493132658 -0.6197793837997755 0.6778086117185835 0.356228455575015 0.6431770932789556 0.0 0.0 0.0 0.0 0.0 0.0
18.59560614149479 53.518048312181705 30.097429994637302 -0.26486241406150046 0.9343576462100707 -0.2383772023208004 0.6778086117185835 0.356228455575015 0.6431770932789556 0.0 0.0 0.0 0.0 0.0 0.0
19.070909658186434 53.766475128820396 30.064937135211164 -0.6167272423219881 0.7517206516848908 0.2335884637741343 0.6778086117185835 0.356228455575015 0.6431770932789556 0.0 0.0 0.0 0.0 0.0 0.0
19.40563018058543 54.18625669166358 30.085690773452207 -0.73428708009473 0.28349241348555276 0.6168099670904267 0.6778086117185835 0.356228455575015 0.6431770932789556 0.0 0.0 0.0 0.0 0.0 0.0
19.572969939972452 54.6706603590809 30.247046263099467 -0.5728789795141893 -0.29243933233734076 0.7656950513963589 0.6778086117185835 0.356228455575015 0.6431770932789556 0.0 0.0 0.0 0.0 0.0 0.0
19.609721917953557 55.0884024714903 30.58294196380516 -0.19382457659044516 -0.7572684864803785 0.6236797839382425 0.6778086117185835 0.356228455575015 0.6431770932789556 0.0 0.0 0.0 0.0 0.0 0.0
19.60229157760217 55.33352520857902 31.061005490883684 0.2588670235541172 -0.934398681755601 0.24471813919206822 0.6778086117185835 0.356228455575015 0.6431770932789556 0.0 0.0 0.0 0.0 0.0 0.0
19.653869983415206 55.36565173676065 31.594852525491106 0.6132107134246404 -0.7565351955190144 -0.22721601810227152 0.6778086117185835 0.356228455575015 0.6431770932789556 0.0 0.0 0.0 0.0 0.0 0.0
19.84522979064809 55.2253260433193 32.07690566162275 0.7345854009287479 -0.2912513399108058 -0.6128270112703198 0.6778086117185835 0.356228455575015 0.6431770932789556 0.0 0.0 0.0 0.0 0.0 0.0
20.204038363136444 55.01860959778105 32.41926486125271 0.576878813007071 0.28468376919224386 -0.7656147769355369 0.6778086117185835 0.356228455575015 0.6431770932789556 0.0 0.0 0.0 0.0 0.0 0.0
20.69434647920128 54.876786826387765 32.587102148390095 0.20000631912459474 0.7524627547203611 -0.6275326884464894 0.6778086117185835 0.356228455575015 0.6431770932789556 0.0 0.0 0.0 0.0 0.0 0.0
91.7977273849884 -0.4027894965869187 86.71239459587818 0.18908747428999145 0.8164032597479466 -0.5456479126135816 0.6007683727260873 0.34336090683545467 0.7219284244225208 0.0 0.0 0.0 0.0 0.0 0.0
92.32671075403537 -0.3392677052929247 86.78186890350973 -0.3022894804121015 0.9335824865718233 -0.19247028549506823 0.6007683727260873 0.34336090683545467 0.7219284244225208 0.0 0.0 0.0 0.0 0.0 0.0
92.78678722651085 -0.06293575680966906 86.80746960350659 -0.6788216074950435 0.6960781180802638 0.23383002101459005 0.6007683727260873 0.34336090683545467 0.7219284244225208 0.0 0.0 0.0 0.0 0.0 0.0
93.09212629219867 0.372067220592112 86.8863718641512 -0.7974580565985732 0.1941220347244953 0.5712943931113352 0.6007683727260873 0.34336090683545467 0.7219284244225208 0.0 0.0 0.0 0.0 0.0 0.0
93.2156847687928 0.8513203219174004 87.09550069968134 -0.6131268572126058 -0.38158425517045186 0.6917144737321929 0.6007683727260873 0.34336090683545467 0.7219284244225208 0.0 0.0 0.0 0.0 0.0 0.0
93.19948095899325 1.2435912802700184 87.46230587126357 -0.19585851383717598 -0.8123203067776154 0.5493406609329168 0.6007683727260873 0.34336090683545467 0.7219284244225208 0.0 0.0 0.0 0.0 0.0 0.0
93.13863119480183 1.4506937991329845 87.95433326379047 0.2958197535247225 -0.9344422925686918 0.19826314655916258 0.6007683727260873 0.34336090683545467 0.7219284244225208 0.0 0.0 0.0 0.0 0.0 0.0
93.14521355273433 1.4447901680026483 88.4915547468139 0.6751111506800506 -0.7015540283709318 -0.2281378519754581 0.6007683727260873 0.34336090683545467 0.7219284244225208 0.0 0.0 0.0 0.0 0.0 0.0
93.30568751870678 1.2789672740307292 88.97677219930115 0.7979165344355118 -0.20213365943720044 -0.5678654662831231 0.6007683727260873 0.34336090683545467 0.7219284244225208 0.0 0.0 0.0 0.0 0.0 0.0
93.64804658381026 1.067068006029956 89.33254470088126 0.6175800863058825 0.37408066621128844 -0.6918514957455377 0.6007683727260873 0.34336090683545467 0.7219284244225208 0.0 0.0 0.0 0.0 0.0 0.0
94.13118304901936 0.9404404376625106 89.53060963223703 0.20261463800023474 0.8081754924708973 -0.552991574834063 0.6007683727260873 0.34336090683545467 0.7219284244225208 0.0 0.0 0.0 0.0 0.0 0.0
94.66050552733589 0.9980364982330844 89.60262011670947 -0.2893274988177999 0.9352309371671409 -0.20404090911703934 0.6007683727260873 0.34336090683545467 0.7219284244225208 0.0 0.0 0.0 0.0 0.0 0.0
95.12387579319319 1.2688184803579912 89.62811946952853 -0.6713492815371342 0.7069765126061629 0.2224283093556268 0.6007683727260873 0.34336090683545467 0.7219284244225208 0.0 0.0 0.0 0.0 0.0 0.0
95.43421196920008 1.7007557807765206 89.70432136246392 -0.7983142478390935 0.2101298908891474 0.5643932943010733 0.6007683727260873 0.34336090683545467 0.7219284244225208 0.0 0.0 0.0 0.0 0.0 0.0
95.56257238729305 2.1805921964349775 89.90917672459389 -0.6219862842845281 -0.3665485895610807 0.69193583058887 0.6007683727260873 0.34336090683545467 0.7219284244225208 0.0 0.0 0.0 0.0 0.0 0.0
95.54915101231254 2.576873849569518 90.2717588810784 -0.20935533227415506 -0.8039691324714486 0.5566003762857921 0.6007683727260873 0.34336090683545467 0.7219284244225208 0.0 0.0 0.0 0.0 0.0 0.0
95.48800708275274 2.789890713660267 90.7612181108507 0.2828132107016656 -0.9359483603088308 0.2098031331697107 0.6007683727260873 0.34336090683545467 0.7219284244225208 0.0 0.0 0.0 0.0 0.0 0.0
95.49133043347115 2.7895581195689614 91.29850197143051 0.6675362865471947 -0.7123451578427878 -0.21670182795887155 0.6007683727260873 0.34336090683545467 0.7219284244225208 0.0 0.0 0.0 0.0 0.0 0.0
95.64681870171202 2.62684642433342 91.78638864350856 0.7986511665219035 -0.2181101201363519 -0.5608781415845246 0.6007683727260873 0.34336090683545467 0.7219284244225208 0.0 0.0 0.0 0.0 0.0 0.0
95.98435952849117 2.414416520349952 92.14642312556435 0.626345115599508 0.35898859881662765 -0.6919674718397639 0.6007683727260873 0.34336090683545467 0.7219284244225208 0.0 0.0 0.0 0.0 0.0 0.0
38.4235734541431 60.473030913738164 61.1558469868102 0.9400002723540702 -0.3174887538468846 0.12490147779360374 0.1887492631566714 0.7889039997343847 0.5848112472079375 0.0 0.0 0.0 0.0 0.0 0.0
38.504287031651884 60.55921953392219 61.68000530475895 0.9280900626922527 0.051339338113400704 -0.3687995497475133 0.1887492631566714 0.7889039997343847 0.5848112472079375 0.0 0.0 0.0 0.0 0.0 0.0
38.79655876815376 60.65711095784456 62.12009575373846 0.5635829213752779 0.4006627571764457 -0.7223874623398969 0.1887492631566714 0.7889039997343847 0.5848112472079375 0.0 0.0 0.0 0.0 0.0 0.0
39.21729924931629 60.84633346987217 62.39551795794764 -0.015038794376124306 0.5977676960640869 -0.8015283003150583 0.1887492631566714 0.7889039997343847 0.5848112472079375 0.0 0.0 0.0 0.0 0.0 0.0
39.634611636827586 61.171817147026374 62.48823176087988 -0.5879470207088033 0.5677706930740682 -0.576155136161984 0.1887492631566714 0.7889039997343847 0.5848112472079375 0.0 0.0 0.0 0.0 0.0 0.0
39.91790148246853 61.62672417153175 62.44961098239524 -0.9374843439242307 0.322068111165443 -0.1318910029807906 0.1887492631566714 0.7889039997343847 0.5848112472079375 0.0 0.0 0.0 0.0 0.0 0.0
39.987491742413965 62.155046632111166 62.38092564563118 -0.930855690980466 -0.04599353086659939 0.3624807273327822 0.1887492631566714 0.7889039997343847 0.5848112472079375 0.0 0.0 0.0 0.0 0.0 0.0
39.84489341831098 62.67288486588236 62.3948678020681 -0.5705793979560126 -0.3965814615515919 0.719139968978055 0.1887492631566714 0.7889039997343847 0.5848112472079375 0.0 0.0 0.0 0.0 0.0 0.0
39.57223150249062 63.10032234301441 62.57273793706133 0.006469547930739742 -0.5965014645046863 0.802585913029463 0.1887492631566714 0.7889039997343847 0.5848112472079375 0.0 0.0 0.0 0.0 0.0 0.0
39.30104432032463 63.391787292543675 62.93355755618304 0.5810606043935309 -0.5698005881197998 0.5811160502000916 0.1887492631566714 0.7889039997343847 0.5848112472079375 0.0 0.0 0.0 0.0 0.0 0.0
39.16230992121325 63.55336618008223 63.4268425972327 0.9348970224319834 -0.3266229417503976 0.13887048415746456 0.1887492631566714 0.7889039997343847 0.5848112472079375 0.0 0.0 0.0 0.0 0.0 0.0
39.236685327781814 63.64049135777157 63.951783169515615 0.9335504310038572 0.04064422103435246 -0.3561343006072625 0.1887492631566714 0.7889039997343847 0.5848112472079375 0.0 0.0 0.0 0.0 0.0 0.0
39.52386358447191 63.73688138692457 64.39554291676933 0.5775324227065054 0.3924699647130145 -0.7158377103233109 0.1887492631566714 0.7889039997343847 0.5848112472079375 0.0 0.0 0.0 0.0 0.0 0.0
39.942690375090045 63.92273495688299 64.67612743543098 0.0021001911957679283 0.5951898070493156 -0.803582405719252 0.1887492631566714 0.7889039997343847 0.5848112472079375 0.0 0.0 0.0 0.0 0.0 0.0
40.361995904357336 64.24426206208597 64.77353531942417 -0.574129938063566 0.5717870906446744 -0.5860327100010934 0.1887492631566714 0.7889039997343847 0.5848112472079375 0.0 0.0 0.0 0.0 0.0 0.0
40.65042849617801 64.69612805259271 64.73735702873306 -0.9322385049118765 0.33115289873376674 -0.14583938980911013 0.1887492631566714 0.7889039997343847 0.5848112472079375 0.0 0.0 0.0 0.0 0.0 0.0
40.726357291471096 65.22348035678556 64.66793464454612 -0.9361740775475395 -0.03529181598731228 0.34976075287592245 0.1887492631566714 0.7889039997343847 0.5848112472079375 0.0 0.0 0.0 0.0 0.0 0.0
40.588885176330464 65.74278789041364 64.6782402349825 -0.584441466127001 -0.3883285797671139 0.712480937855448 0.1887492631566714 0.7889039997343847 0.5848112472079375 0.0 0.0 0.0 0.0 0.0 0.0
40.318189610596704 66.17357591206502 64.85095587762126 -0.010669770384584514 -0.5938328235857658 0.8045177024976503 0.1887492631566714 0.7889039997343847 0.5848112472079375 0.0 0.0 0.0 0.0 0.0 0.0
40.04506187036805 66.46899972289505 65.20706135585854 0.5671555495159833 -0.5737300493688315 0.5909047411423113 0.1887492631566714 0.7889039997343847 0.5848112472079375 0.0 0.0 0.0 0.0 0.0 0.0
41.007786674017844 28.366931518814624 29.75384216591114 0.35566641042396935 0.6719646914494889 -0.6495882218308163 0.669454437984242 0.301829760133656 0.6787706176322473 0.0 0.0 0.0 0.0 0.0 0.0
41.538702647861626 28.323227615994366 29.823865731331235 -0.09431275743501254 0.9408745779382357 -0.32536154101945025 0.669454437984242 0.301829760133656 0.6787706176322473 0.0 0.0 0.0 0.0 0.0 0.0
42.04812002568055 28.49399610281979 29.819723123238425 -0.5084609319192174 0.85233048168418 0.12247542898008106 0.669454437984242 0.301829760133656 0.6787706176322473 0.0 0.0 0.0 0.0 0.0 0.0
42.44163371806973 28.859053349763737 29.843498793035323 -0.7294362973538696 0.43997178523258174 0.5237819358301051 0.669454437984242 0.301829760133656 0.6787706176322473 0.0 0.0 0.0 0.0 0.0 0.0
42.66887238352536 29.324402178995186 29.986670571585517 -0.6732866178992547 -0.13953954836484816 0.7260949280913052 0.669454437984242 0.301829760133656 0.6787706176322473 0.0 0.0 0.0 0.0 0.0 0.0
42.74263534324586 29.757942963786245 30.29535571184073 -0.3613440955527587 -0.666037474561636 0.6525523175108011 0.669454437984242 0.301829760133656 0.6787706176322473 0.0 0.0 0.0 0.0 0.0 0.0
42.7340299050154 30.039660485294085 30.752790173405117 0.08787909004533648 -0.9394966286197174 0.3310941714150054 0.669454437984242 0.301829760133656 0.6787706176322473 0.0 0.0 0.0 0.0 0.0 0.0
42.74545650812588 30.107219720746755 31.285697561761452 0.503715540075175 -0.8560253059191854 -0.11615218600069598 0.669454437984242 0.301829760133656 0.6787706176322473 0.0 0.0 0.0 0.0 0.0 0.0
42.87170508444595 29.979647960780273 31.79212805566419 0.7281820347557334 -0.44733565752006527 -0.5192703859937434 0.669454437984242 0.301829760133656 0.6787706176322473 0.0 0.0 0.0 0.0 0.0 0.0
43.163942778500854 29.750106023606655 32.18019084874079 0.6759999998782088 0.13130428622428042 -0.7251090846098913 0.669454437984242 0.301829760133656 0.6787706176322473 0.0 0.0 0.0 0.0 0.0 0.0
43.610274693798374 29.550494902609355 32.40296500316498 0.3669942629296709 0.6600595363414262 -0.6554667188053483 0.669454437984242 0.301829760133656 0.6787706176322473 0.0 0.0 0.0 0.0 0.0 0.0
44.140262962878204 29.50134437368989 32.47632549841319 -0.08143873032271595 0.9380471329955204 -0.33680158770752405 0.669454437984242 0.301829760133656 0.6787706176322473 0.0 0.0 0.0 0.0 0.0 0.0
44.65168727081849 29.666021718252445 32.472912061146 -0.4989317883425422 0.8596549405129081 0.10982009758264548 0.669454437984242 0.301829760133656 0.6787706176322473 0.0 0.0 0.0 0.0 0.0 0.0
45.049380061907186 30.026657433554 32.49453211857826 -0.7268723182763793 0.45466546346529824 0.5147192917070512 0.669454437984242 0.301829760133656 0.6787706176322473 0.0 0.0 0.0 0.0 0.0 0.0
45.28138228517371 30.49093415555854 32.63348245475081 -0.678661901839932 -0.12305902475395163 0.7240680212643105 0.669454437984242 0.301829760133656 0.6787706176322473 0.0 0.0 0.0 0.0 0.0 0.0
45.358683506561704 30.92715956899836 32.937484119153396 -0.3726164822725853 -0.6540313320319999 0.658331203771516 0.669454437984242 0.301829760133656 0.6787706176322473 0.0 0.0 0.0 0.0 0.0 0.0
45.35104678909126 31.21429851972236 33.39155240217012 0.0749921687254783 -0.9365262014503491 0.34248335525515833 0.669454437984242 0.301829760133656 0.6787706176322473 0.0 0.0 0.0 0.0 0.0 0.0
45.36050453884142 31.28795629335791 33.92368977679351 0.49411004102253403 -0.8632191090546217 -0.1034796459389785 0.669454437984242 0.301829760133656 0.6787706176322473 0.0 0.0 0.0 0.0 0.0 0.0
45.48259468798986 31.164843243923233 34.43223896286912 0.7255072476557878 -0.4619606448751795 -0.510128999553479 0.669454437984242 0.301829760133656 0.6787706176322473 0.0 0.0 0.0 0.0 0.0 0.0
45.77006423706956 30.936426250953648 34.82450422744528 0.6812721210702835 0.11480439186244533 -0.7229718173355673 0.669454437984242 0.301829760133656 0.6787706176322473 0.0 0.0 0.0 0.0 0.0 0.0
23.240936151486146 63.80177640527952 77.60578812140318 0.572070373344339 -0.29888849114660826 0.7638070160726284 0.2428361612395741 0.9512095924680738 0.1903441882253004 0.0 0.0 0.0 0.0 0.0 0.0
23.125156588765837 64.1654027986191 77.98401562045832 0.9227838371008863 -0.28702220239973597 0.25707634141431573 0.2428361612395741 0.9512095924680738 0.1903441882253004 0.0 0.0 0.0 0.0 0.0 0.0
23.21972563074811 64.46360247189048 78.42084367962777 0.9229162930197974 -0.1661113802058866 -0.34732193343451667 0.2428361612395741 0.9512095924680738 0.1903441882253004 0.0 0.0 0.0 0.0 0.0 0.0
23.52467347076385 64.72393705081723 78.77849969314232 0.5724174188829331 0.01790793256235254 -0.8197667988585188 0.2428361612395741 0.9512095924680738 0.1903441882253004 0.0 0.0 0.0 0.0 0.0 0.0
23.96010387942509 64.98835374353504 78.94928983906307 0.004447597003561506 0.1951237223454881 -0.9807685516261903 0.2428361612395741 0.9512095924680738 0.1903441882253004 0.0 0.0 0.0 0.0 0.0 0.0
24.396548117963242 65.29724889490109 78.8965137627807 -0.5652119413373196 0.2982087477149059 -0.7691599340553343 0.2428361612395741 0.9512095924680738 0.1903441882253004 0.0 0.0 0.0 0.0 0.0 0.0
24.70415227668913 65.6741207396919 78.66840765532878 -0.9201380133244322 0.2879992840430497 -0.2653345978685364 0.2428361612395741 0.9512095924680738 0.1903441882253004 0.0 0.0 0.0 0.0 0.0 0.0
24.80201094632553 66.11664203034222 78.37981851794395 -0.9254882701623981 0.16837407727198764 0.33929578820642464 0.2428361612395741 0.9512095924680738 0.1903441882253004 0.0 0.0 0.0 0.0 0.0 0.0
24.688904535657883 66.5975441972046 78.16857186615673 -0.5792300598269499 -0.015219256519153538 0.8150220316186996 0.2428361612395741 0.9512095924680738 0.1903441882253004 0.0 0.0 0.0 0.0 0.0 0.0
24.44376261462718 67.07497713406457 78.1431095121217 -0.012912665553080007 -0.19303054030626865 0.9811077787773291 0.2428361612395741 0.9512095924680738 0.1903441882253004 0.0 0.0 0.0 0.0 0.0 0.0
24.195677251077356 67.508408753188 78.34129070712956 0.5583104662526602 -0.2975062945325029 0.7744542775311382 0.2428361612395741 0.9512095924680738 0.1903441882253004 0.0 0.0 0.0 0.0 0.0 0.0
24.07485877587709 67.8740238031117 78.71600877906889 0.9174221174758043 -0.2889544334258489 0.27357264806584475 0.2428361612395741 0.9512095924680738 0.1903441882253004 0.0 0.0 0.0 0.0 0.0 0.0
24.163166701222163 68.17377168084401 79.15308774474279 0.9279897677900524 -0.17062395200021757 -0.33124380429042355 0.2428361612395741 0.9512095924680738 0.1903441882253004 0.0 0.0 0.0 0.0 0.0 0.0
24.463009923334216 68.4346258233492 79.5146596748061 0.5859985901593305 0.012529421470646927 -0.8102151972956865 0.2428361612395741 0.9512095924680738 0.1903441882253004 0.0 0.0 0.0 0.0 0.0 0.0
24.89643154251156 68.69833604787284 79.6915430251524 0.02137675075312325 0.1909226582440568 -0.9813722907726008 0.2428361612395741 0.9512095924680738 0.1903441882253004 0.0 0.0 0.0 0.0 0.0 0.0
25.334725992695702 69.00556709835061 79.64472253093815 -0.5513664736644087 0.29678118509392876 -0.7796896433152861 0.2428361612395741 0.9512095924680738 0.1903441882253004 0.0 0.0 0.0 0.0 0.0 0.0
25.647336437859266 69.38044942930877 79.42017175799724 -0.9146363563809862 0.28988757780981017 -0.28178986464682315 0.2428361612395741 0.9512095924680738 0.1903441882253004 0.0 0.0 0.0 0.0 0.0 0.0
25.751455496806717 69.82141164275001 79.13138697654352 -0.9304205954040308 0.17286083305390523 0.3231665948762632 0.2428361612395741 0.9512095924680738 0.1903441882253004 0.0 0.0 0.0 0.0 0.0 0.0
25.64348515175609 70.30177748852496 78.91626803056032 -0.5927224944302846 -0.00983863225818562 0.8053466619485237 0.2428361612395741 0.9512095924680738 0.1903441882253004 0.0 0.0 0.0 0.0 0.0 0.0
25.400403695450038 70.77990061776708 78.88472788150855 -0.02983920803083304 -0.18880023668223245 0.9815620674683929 0.2428361612395741 0.9512095924680738 0.1903441882253004 0.0 0.0 0.0 0.0 0.0 0.0
47.3309899532526 71.15656801111554 3.658794086746907 0.1308385092918307 -0.1452831864488975 0.9807008107580754 0.4949747344199434 0.8666671892359751 0.062353792087739855 0.0 0.0 0.0 0.0 0.0 0.0
47.23660866667584 71.64571663152802 3.8600672891635504 0.6096785964278957 -0.3975397569290582 0.6857507934508691 0.4949747344199434 0.8666671892359751 0.062353792087739855 0.0 0.0 0.0 0.0 0.0 0.0
47.28120363533839 72.0442460518399 4.2176574065244985 0.8568915914984555 -0.49876432724157715 0.13027258456982108 0.4949747344199434 0.8666671892359751 0.062353792087739855 0.0 0.0 0.0 0.0 0.0 0.0
47.521127069245146 72.32908212806345 4.604943163637171 0.7785571444953401 -0.4104999907401638 -0.47469835723076603 0.4949747344199434 0.8666671892359751 0.062353792087739855 0.0 0.0 0.0 0.0 0.0 0.0
47.93852262873695 72.52034471848135 4.884021415282684 0.40443582151714436 -0.16627984456271555 -0.8993234565860897 0.4949747344199434 0.8666671892359751 0.062353792087739855 0.0 0.0 0.0 0.0 0.0 0.0
48.448109346469174 72.6737038130992 4.958098856702146 -0.12333743186175859 0.1411127946148557 -0.9822805388979935 0.4949747344199434 0.8666671892359751 0.062353792087739855 0.0 0.0 0.0 0.0 0.0 0.0
48.9295812927277 72.85922957368962 4.80826541837231 -0.6042527327844854 0.39489432383813244 -0.6920528216277327 0.4949747344199434 0.8666671892359751 0.062353792087739855 0.0 0.0 0.0 0.0 0.0 0.0
49.27331380953515 73.1347715078243 4.500678517576958 -0.8556023179554412 0.4986488971542928 -0.13890266691494746 0.4949747344199434 0.8666671892359751 0.062353792087739855 0.0 0.0 0.0 0.0 0.0 0.0
49.42201175104311 73.52398047375532 4.161428749487765 -0.7818942776272167 0.4129584174765683 0.4670189332875727 0.4949747344199434 0.8666671892359751 0.062353792087739855 0.0 0.0 0.0 0.0 0.0 0.0
49.3924768673636 74.00732332394387 3.9286359619362465 -0.4111315286532215 0.17037813070294583 0.8955122325939698 0.4949747344199434 0.8666671892359751 0.062353792087739855 0.0 0.0 0.0 0.0 0.0 0.0
49.269224538791306 74.52950387438712 3.8999752159818555 0.11582696180873006 -0.1369316564951633 0.9837854625718205 0.4949747344199434 0.8666671892359751 0.062353792087739855 0.0 0.0 0.0 0.0 0.0 0.0
49.17237496980783 75.02047084942373 4.0955683971755645 0.5987808529560141 -0.3922188180155505 0.6983021473028377 0.4949747344199434 0.8666671892359751 0.062353792087739855 0.0 0.0 0.0 0.0 0.0 0.0
49.21201751509633 75.42203153255252 4.450339574819064 0.8542478869833153 -0.4984954930228919 0.14752217128420456 0.4949747344199434 0.8666671892359751 0.062353792087739855 0.0 0.0 0.0 0.0 0.0 0.0
49.44638589310163 75.70996015236156 4.83873843604859 0.7851718664826254 -0.415385395830648 -0.4593039440444723 0.4949747344199434 0.8666671892359751 0.062353792087739855 0.0 0.0 0.0 0.0 0.0 0.0
49.859734222777114 75.90320165812088 5.122438948781159 0.4177959265316314 -0.17446344188887683 -0.8916328118782214 0.4949747344199434 0.8666671892359751 0.062353792087739855 0.0 0.0 0.0 0.0 0.0 0.0
50.368319147051444 76.05667421681213 5.202891733990821 -0.10830767108411737 0.1327400904996769 -0.9852154671737924 0.4949747344199434 0.8666671892359751 0.062353792087739855 0.0 0.0 0.0 0.0 0.0 0.0
50.85221533429425 76.24040488330945 5.058764622458368 -0.5932633736473157 0.38951344321144027 -0.7044982945658388 0.4949747344199434 0.8666671892359751 0.062353792087739855 0.0 0.0 0.0 0.0 0.0 0.0
51.20087711684709 76.51292515144289 4.754047102512563 -0.8528284017272404 0.4983041265296942 -0.15613044126896297 0.4949747344199434 0.8666671892359751 0.062353792087739855 0.0 0.0 0.0 0.0 0.0 0.0
51.355136638391926 76.89903386089792 4.413739643566846 -0.7883896614604845 0.4177807409786058 0.45155397702776534 0.4949747344199434 0.8666671892359751 0.062353792087739855 0.0 0.0 0.0 0.0 0.0 0.0
51.329682711800125 77.38037570340451 4.176363927892773 -0.4244285076326729 0.17853546700824593 0.8876854898717517 0.4949747344199434 0.8666671892359751 0.062353792087739855 0.0 0.0 0.0 0.0 0.0 0.0
50.31742367231748 82.62352944666483 69.33581683764868 0.44524931017818137 -0.528412193469948 0.7228648598307513 0.2221487128201445 0.8472527632056943 0.4825066886921557 0.0 0.0 0.0 0.0 0.0 0.0
50.14958055172963 82.87444409500036 69.78028914076819 0.869296705445109 -0.3962238473556501 0.29551632897179475 0.2221487128201445 0.8472527632056943 0.4825066886921557 0.0 0.0 0.0 0.0 0.0 0.0
50.17989364250045 83.03503950486395 70.29212440037524 0.9630837484475827 -0.11350343712148286 -0.24410379603308713 0.2221487128201445 0.8472527632056943 0.4825066886921557 0.0 0.0 0.0 0.0 0.0 0.0
50.42974170403337 83.16976180266431 70.74831619199583 0.6909791735132236 0.21233882655140562 -0.6909848077271706 0.2221487128201445 0.8472527632056943 0.4825066886921557 0.0 0.0 0.0 0.0 0.0 0.0
50.83709848991032 83.35288674265833 71.04699797495314 0.15636005800548108 0.4575100199015548 -0.8753491383157934 0.2221487128201445 0.8472527632056943 0.4825066886921557 0.0 0.0 0.0 0.0 0.0 0.0
51.280097555929494 83.64030110608446 71.14614389428846 -0.4376628577393042 0.5288655075314829 -0.727153696201108 0.2221487128201445 0.8472527632056943 0.4825066886921557 0.0 0.0 0.0 0.0 0.0 0.0
51.623331359755916 84.04827037859319 71.07953510569482 -0.8654103364961632 0.39929614669044694 -0.30270040753814564 0.2221487128201445 0.8472527632056943 0.4825066886921557 0.0 0.0 0.0 0.0 0.0 0.0
51.76929485014786 84.54725922030386 70.94392574967837 -0.9643739595288966 0.11802750384614678 0.2367538268294871 0.2221487128201445 0.8472527632056943 0.4825066886921557 0.0 0.0 0.0 0.0 0.0 0.0
51.69542926612112 85.07315243523001 70.86228443593717 -0.6969557918638271 -0.2080817610239365 0.6862613240717009 0.2221487128201445 0.8472527632056943 0.4825066886921557 0.0 0.0 0.0 0.0 0.0 0.0
51.46269258740928 85.55161340618345 70.93707641261136 -0.16475246639024987 -0.4551372859395061 0.8750466706216024 0.2221487128201445 0.8472527632056943 0.4825066886921557 0.0 0.0 0.0 0.0 0.0 0.0
51.192400578799834 85.92632581848606 71.21133530538714 0.43004307557932936 -0.5292785464370332 0.7313871570022089 0.2221487128201445 0.8472527632056943 0.4825066886921557 0.0 0.0 0.0 0.0 0.0 0.0
51.02013690280002 86.18038916947458 71.65231392361468 0.8614580631995207 -0.40233803807773555 0.30986143429651014 0.2221487128201445 0.8472527632056943 0.4825066886921557 0.0 0.0 0.0 0.0 0.0 0.0
51.04424261941236 86.3427395520237 72.16392546553993 0.9655907297994667 -0.1225425823194309 -0.2293858279053443 0.2221487128201445 0.8472527632056943 0.4825066886921557 0.0 0.0 0.0 0.0 0.0 0.0
51.28845477326484 86.47715634907729 72.62324850077651 0.702879334332506 0.203808849264744 -0.6814855789594345 0.2221487128201445 0.8472527632056943 0.4825066886921557 0.0 0.0 0.0 0.0 0.0 0.0
51.69288829349454 86.65803137973364 72.92722687684632 0.1731323282368379 0.45272989151099735 -0.8746775647355625 0.2221487128201445 0.8472527632056943 0.4825066886921557 0.0 0.0 0.0 0.0 0.0 0.0
52.13678733339345 86.94210620340507 73.0318224745129 -0.4223905439741697 0.5296512787320872 -0.7355649198396235 0.2221487128201445 0.8472527632056943 0.4825066886921557 0.0 0.0 0.0 0.0 0.0 0.0
52.48440243550291 87.346915052729 72.96874602555744 -0.8574401865360951 0.4053492898657095 -0.3169988639069756 0.2221487128201445 0.8472527632056943 0.4825066886921557 0.0 0.0 0.0 0.0 0.0 0.0
52.636564020112075 87.84412328543215 72.83340967560001 -0.966733966597526 0.12704832870062852 0.2220003603623032 0.2221487128201445 0.8472527632056943 0.4825066886921557 0.0 0.0 0.0 0.0 0.0 0.0
52.568358566617 88.37029218866019 72.7486783147724 -0.7087493498185675 -0.19952041667260187 0.6766579360818515 0.2221487128201445 0.8472527632056943 0.4825066886921557 0.0 0.0 0.0 0.0 0.0 0.0
52.33859367652996 88.85098040662979 72.81819115176575 -0.18149900538632158 -0.4502880199484348 0.8742418487665161 0.2221487128201445 0.8472527632056943 0.4825066886921557 0.0 0.0 0.0 0.0 0.0 0.0
48.846958934861625 74.46585989224306 74.7476528650278 -0.5669249453239084 0.6494010766476659 0.5068277301197476 0.7082296263096077 0.0700114316679959 0.7025020966895053 0.0 0.0 0.0 0.0 0.0 0.0
49.20640506575633 74.83356969647461 74.90345107097122 -0.7059324947512421 0.08203116209289454 0.7035127584486133 0.7082296263096077 0.0700114316679959 0.7025020966895053 0.0 0.0 0.0 0.0 0.0 0.0
49.40493386226029 75.21997850668635 75.21961503233905 -0.5767444868606706 -0.5165037624288594 0.6329215277367759 0.7082296263096077 0.0700114316679959 0.7025020966895053 0.0 0.0 0.0 0.0 0.0 0.0
49.47199373483707 75.48865026800061 75.68005347586937 -0.22844160575813077 -0.9188102721214926 0.3218728267541014 0.7082296263096077 0.0700114316679959 0.7025020966895053 0.0 0.0 0.0 0.0 0.0 0.0
49.48698033619336 75.54787919887438 76.21386284038606 0.2066500607118945 -0.9720453977466248 -0.11146074253914033 0.7082296263096077 0.0700114316679959 0.7025020966895053 0.0 0.0 0.0 0.0 0.0 0.0
49.549072825391185 75.38553035074635 76.72226472513381 0.5632319141127035 -0.6559842250354319 -0.502448512217525 0.7082296263096077 0.0700114316679959 0.7025020966895053 0.0 0.0 0.0 0.0 0.0 0.0
49.73955404713311 75.07364987788092 77.11613345571202 0.7058325466066655 -0.09070367776190619 -0.7025476916133268 0.7082296263096077 0.0700114316679959 0.7025020966895053 0.0 0.0 0.0 0.0 0.0 0.0
50.090929820083076 74.74109349881566 77.34985641788127 0.5802755937538907 0.5090367131779893 -0.6357372569942079 0.7082296263096077 0.0700114316679959 0.7025020966895053 0.0 0.0 0.0 0.0 0.0 0.0
50.574579432887646 74.5245720545362 77.43866305231519 0.23426224114345434 0.9153855461415753 -0.32739960948287083 0.7082296263096077 0.0700114316679959 0.7025020966895053 0.0 0.0 0.0 0.0 0.0 0.0
51.11162913093194 74.51671277430235 77.45283893546586 -0.2007512535331859 0.9739641056957961 0.10532262350057248 0.7082296263096077 0.0700114316679959 0.7025020966895053 0.0 0.0 0.0 0.0 0.0 0.0
51.602917574416686 74.73086864260769 77.49102311395745 -0.5594959906105981 0.6625174176847152 0.4980310309157882 0.7082296263096077 0.0700114316679959 0.7025020966895053 0.0 0.0 0.0 0.0 0.0 0.0
51.966668889237184 75.09604537712039 77.64273348161687 -0.7056788465809233 0.09936928599468256 0.7015291230512997 0.7082296263096077 0.0700114316679959 0.7025020966895053 0.0 0.0 0.0 0.0 0.0 0.0
52.16956068877535 75.48387334350224 77.95435743494949 -0.5837625104140186 -0.501530898810595 0.6385045723981626 0.7082296263096077 0.0700114316679959 0.7025020966895053 0.0 0.0 0.0 0.0 0.0 0.0
52.23938380569652 75.75737732571952 78.41152852565084 -0.24006503655213213 -0.9118911100082603 0.3329014594637987 0.7082296263096077 0.0700114316679959 0.7025020966895053 0.0 0.0 0.0 0.0 0.0 0.0
52.25448408998198 75.82301570071773 78.9445845145117 0.19483715836928037 -0.9758086425074631 -0.09917648373645237 0.7082296263096077 0.0700114316679959 0.7025020966895053 0.0 0.0 0.0 0.0 0.0 0.0
52.31399751064827 75.6662184649525 79.45503322078427 0.5557174593226305 -0.6690001570676013 -0.49357562262284205 0.7082296263096077 0.0700114316679959 0.7025020966895053 0.0 0.0 0.0 0.0 0.0 0.0
52.50018674365283 75.35692262233358 79.85297134834957 0.7054714063788667 -0.10802732687160675 -0.7004571303304721 0.7082296263096077 0.0700114316679959 0.7025020966895053 0.0 0.0 0.0 0.0 0.0 0.0
52.84718820593915 75.02300194715521 80.09124025101613 0.5872049712988495 0.49398689092350023 -0.6412232632068586 0.7082296263096077 0.0700114316679959 0.7025020966895053 0.0 0.0 0.0 0.0 0.0 0.0
53.32804305990947 74.80168559930615 80.18334229065857 0.2458495500788265 0.908327229836388 -0.3383779577097084 0.7082296263096077 0.0700114316679959 0.7025020966895053 0.0 0.0 0.0 0.0 0.0 0.0
53.86493932655593 74.78742247207887 80.198311064194 -0.18890822560142262 0.9775788677130065 0.09302279129911781 0.7082296263096077 0.0700114316679959 0.7025020966895053 0.0 0.0 0.0 0.0 0.0 0.0
58.253018029639705 8.225085520549477 48.5453550772178 0.6666717141566234 -0.7438624581798636 0.04709000800679572 0.6176044796306639 0.5866751972264423 0.5238100034358375 0.0 0.0 0.0 0.0 0.0 0.0
58.42291618189025 8.256340052719317 49.05412110811909 0.7847069359425816 -0.41484634528773334 -0.46058390602040805 0.6176044796306639 0.5866751972264423 0.5238100034358375 0.0 0.0 0.0 0.0 0.0 0.0
58.77168830487975 8.193030347427657 49.45789702315074 0.6046188731636224 0.07177683004022628 -0.7932742935982032 0.6176044796306639 0.5866751972264423 0.5238100034358375 0.0 0.0 0.0 0.0 0.0 0.0
59.25828331903126 8.146082172802128 49.68084603799627 0.19482599178131704 0.5311307875913014 -0.8245865141991292 0.6176044796306639 0.5866751972264423 0.5238100034358375 0.0 0.0 0.0 0.0 0.0 0.0
59.78928892413952 8.22020527792009 49.715830530984455 -0.28898454119558814 0.7886992789032246 -0.5426245317044833 0.6176044796306639 0.5866751972264423 0.5238100034358375 0.0 0.0 0.0 0.0 0.0 0.0
60.25442049398934 8.474112408480503 49.6271237448969 -0.663005015408417 0.7466277278110673 -0.0545104174169339 0.6176044796306639 0.5866751972264423 0.5238100034358375 0.0 0.0 0.0 0.0 0.0 0.0
60.56842004971533 8.89821335308812 49.52599130744398 -0.7851387994148609 0.42089981997356396 0.4543131158128869 0.6176044796306639 0.5866751972264423 0.5238100034358375 0.0 0.0 0.0 0.0 0.0 0.0
60.70344719141027 9.418258424902346 49.52841955903559 -0.6089852267028965 -0.06473496654161559 0.7905355006351577 0.6176044796306639 0.5866751972264423 0.5238100034358375 0.0 0.0 0.0 0.0 0.0 0.0
60.69965613151654 9.92354715905652 49.711050402871216 -0.20146798467647756 -0.5257758569567121 0.8264202317173965 0.6176044796306639 0.5866751972264423 0.5238100034358375 0.0 0.0 0.0 0.0 0.0 0.0
60.649940438176614 10.308985270073851 50.082063764530176 0.2825903130936117 -0.7870657088104032 0.5483340997607518 0.6176044796306639 0.5866751972264423 0.5238100034358375 0.0 0.0 0.0 0.0 0.0 0.0
60.66464121559809 10.515011728002793 50.578069901482955 0.6592878262613583 -0.7493361388501123 0.06192667564773962 0.6176044796306639 0.5866751972264423 0.5238100034358375 0.0 0.0 0.0 0.0 0.0 0.0
60.82962667376036 10.550226989502958 51.088192226098165 0.7855108715277755 -0.42692124150852445 -0.4480077279026524 0.6176044796306639 0.5866751972264423 0.5238100034358375 0.0 0.0 0.0 0.0 0.0 0.0
61.17366935980352 10.488125540568157 51.49619117504138 0.613305203659374 0.05768817322467034 -0.7877365053330566 0.6176044796306639 0.5866751972264423 0.5238100034358375 0.0 0.0 0.0 0.0 0.0 0.0
61.65751498631851 10.439174112535081 51.72462556280776 0.20809463500458905 0.5203808864549909 -0.8281910141354031 0.6176044796306639 0.5866751972264423 0.5238100034358375 0.0 0.0 0.0 0.0 0.0 0.0
62.18879579143051 10.508843523943229 51.764273782842906 -0.2761745646452012 0.7853722006166063 -0.5540019100523621 0.6176044796306639 0.5866751972264423 0.5238100034358375 0.0 0.0 0.0 0.0 0.0 0.0
62.657122595841784 10.757538553193703 51.677637250049926 -0.6555204297937938 0.7519874850410102 -0.06933821792243634 0.6176044796306639 0.5866751972264423 0.5238100034358375 0.0 0.0 0.0 0.0 0.0 0.0
62.97602349765559 11.177649153320596 51.57519506829979 -0.7858231239465948 0.43291015133805044 0.4416682224694052 0.6176044796306639 0.5866751972264423 0.5238100034358375 0.0 0.0 0.0 0.0 0.0 0.0
63.11579599363981 11.696441636066535 51.57343117175867 -0.6175784750500859 -0.05063698672998596 0.7848775208462279 0.6176044796306639 0.5866751972264423 0.5238100034358375 0.0 0.0 0.0 0.0 0.0 0.0
63.11479145680422 12.203691416094077 51.75058013079065 -0.21470543812057455 -0.5149462869340302 0.8298987266012106 0.6176044796306639 0.5866751972264423 0.5238100034358375 0.0 0.0 0.0 0.0 0.0 0.0
63.064844808593335 12.593559173812201 52.116904530664186 0.26973778443443874 -0.7836188832890411 0.5596275309536156 0.6176044796306639 0.5866751972264423 0.5238100034358375 0.0 0.0 0.0 0.0 0.0 0.0
24.255457756620554 68.81139191372786 35.376778891859985 0.635919511128979 0.4603305306208467 -0.6194369846431597 0.6151638238851838 0.18232616939536708 0.767027142763912 0.0 0.0 0.0 0.0 0.0 0.0
24.73166341334774 68.62924987552222 35.54630043190043 0.24185676386762012 0.8823405415444352 -0.40370840283372256 0.6151638238851838 0.18232616939536708 0.767027142763912 0.0 0.0 0.0 0.0 0.0 0.0
25.263000327008584 68.64823739152452 35.62379662881223 -0.24409141161650227 0.969134628788126 -0.034604249143202336 0.6151638238851838 0.18232616939536708 0.767027142763912 0.0 0.0 0.0 0.0 0.0 0.0
25.738696595711097 68.88813917665293 35.69340478604301 -0.6373051788367434 0.687738267488287 0.3476466373490131 0.6151638238851838 0.18232616939536708 0.767027142763912 0.0 0.0 0.0 0.0 0.0 0.0
26.06911912884494 69.28481092149501 35.84225900519621 -0.7883960534425322 0.14505863999899735 0.5978207539705207 0.6151638238851838 0.18232616939536708 0.767027142763912 0.0 0.0 0.0 0.0 0.0 0.0
26.21982675678964 69.71454878788914 36.127386484027454 -0.6399620860664172 -0.45273119007703927 0.6208727711286331 0.6151638238851838 0.18232616939536708 0.767027142763912 0.0 0.0 0.0 0.0 0.0 0.0
26.224655007079065 70.04108656526002 36.55404193057326 -0.24839582259817666 -0.8785208717809623 0.40804484209580955 0.6151638238851838 0.18232616939536708 0.767027142763912 0.0 0.0 0.0 0.0 0.0 0.0
26.17286142179145 70.16736548226571 37.073711211713956 0.2375401668317972 -0.9705457862096039 0.04019385540483732 0.6151638238851838 0.18232616939536708 0.767027142763912 0.0 0.0 0.0 0.0 0.0 0.0
26.17521512500735 70.07240845676667 37.60254268345888 0.6332306754225706 -0.6938441297970025 -0.3429274489598588 0.6151638238851838 0.18232616939536708 0.767027142763912 0.0 0.0 0.0 0.0 0.0 0.0
26.321913780610465 69.81928964004855 38.05320383242318 0.7883462633679997 -0.15353948801929562 -0.5957648820235096 0.6151638238851838 0.18232616939536708 0.767027142763912 0.0 0.0 0.0 0.0 0.0 0.0
26.648315991753663 69.5311714922053 38.36806035778445 0.6439559254132853 0.4450973723002868 -0.6222612757487813 0.6151638238851838 0.18232616939536708 0.767027142763912 0.0 0.0 0.0 0.0 0.0 0.0
27.12150797635692 69.34451330438293 38.541072405759316 0.2549159650251366 0.8746342992517706 -0.4123502071633639 0.6151638238851838 0.18232616939536708 0.767027142763912 0.0 0.0 0.0 0.0 0.0 0.0
27.6528080632086 69.3572280325954 38.620089211036664 -0.2309708324437159 0.9718830328118404 -0.045780400748769184 0.6151638238851838 0.18232616939536708 0.767027142763912 0.0 0.0 0.0 0.0 0.0 0.0
28.13145834153723 69.59148352871767 38.68867037252286 -0.6291079490408144 0.6998971531889066 0.3381821453177658 0.6151638238851838 0.18232616939536708 0.767027142763912 0.0 0.0 0.0 0.0 0.0 0.0
28.466703443087095 69.98528060293165 38.83434016467515 -0.7882364376733074 0.1620086434131283 0.5936636402741322 0.6151638238851838 0.18232616939536708 0.767027142763912 0.0 0.0 0.0 0.0 0.0 0.0
28.622270023867433 70.41600755250926 39.115335602307574 -0.6479007250232586 -0.43742965863536976 0.6236023927635959 0.6151638238851838 0.18232616939536708 0.767027142763912 0.0 0.0 0.0 0.0 0.0 0.0
28.630147613992495 70.7470223976372 39.53848122499215 -0.2614166946144148 -0.8706811199344073 0.4166241701661611 0.6151638238851838 0.18232616939536708 0.767027142763912 0.0 0.0 0.0 0.0 0.0 0.0
28.578435260354716 70.87956545408005 40.056596340375194 0.2243839087325019 -0.9731462667583307 0.05136345973793513 0.6151638238851838 0.18232616939536708 0.767027142763912 0.0 0.0 0.0 0.0 0.0 0.0
28.577871225772757 70.79027978839527 40.586419758021655 0.624937313653046 -0.7058968767028336 -0.3334110877959843 0.6151638238851838 0.18232616939536708 0.767027142763912 0.0 0.0 0.0 0.0 0.0 0.0
28.719761671501693 70.540084907455 41.04024210771423 0.7880665847221024 -0.17046546122152365 -0.5915171887400883 0.6151638238851838 0.18232616939536708 0.767027142763912 0.0 0.0 0.0 0.0 0.0 0.0
93.9263565381455 83.77971530063284 16.763035151850946 0.07487023808295222 0.8645480108900666 -0.49694183192344693 0.6866177130118097 0.3166963184127008 0.6544154323381084 0.0 0.0 0.0 0.0 0.0 0.0
94.45693018576647 83.86440527304434 16.76095785998779 -0.36338904094111024 0.9291254923272464 -0.06836829990245573 0.6866177130118097 0.3166963184127008 0.6544154323381084 0.0 0.0 0.0 0.0 0.0 0.0
94.90466929007086 84.1608894306668 16.743296012010656 -0.6635907477708752 0.6407126650794746 0.3861794923084961 0.6866177130118097 0.3166963184127008 0.6544154323381084 0.0 0.0 0.0 0.0 0.0 0.0
95.20114286254096 84.60342406045417 16.8136637914564 -0.7116832348768344 0.10888238422350446 0.6940112388146534 0.6866177130118097 0.3166963184127008 0.6544154323381084 0.0 0.0 0.0 0.0 0.0 0.0
95.33538821922775 85.07077843315129 17.04223145462704 -0.4893953623439281 -0.46431413481536055 0.7381765124459859 0.6866177130118097 0.3166963184127008 0.6544154323381084 0.0 0.0 0.0 0.0 0.0 0.0
95.3580758876694 85.43229238420759 17.439066477036498 -0.08117800940244624 -0.8611099511195148 0.5018961873459525 0.6866177130118097 0.3166963184127008 0.6544154323381084 0.0 0.0 0.0 0.0 0.0 0.0
95.36225902631348 85.59751629481131 17.950308751143652 0.3578802265349645 -0.9307557000027417 0.07493710941642603 0.6866177130118097 0.3166963184127008 0.6544154323381084 0.0 0.0 0.0 0.0 0.0 0.0
95.44802097385693 85.55057441431316 18.478632941700177 0.6609737809734378 -0.6467917970494773 -0.3804918292620569 0.6866177130118097 0.3166963184127008 0.6544154323381084 0.0 0.0 0.0 0.0 0.0 0.0
95.68445191557085 85.35619632332623 18.92022400780423 0.7129523451278034 -0.11710087661494425 -0.6913655605197427 0.6866177130118097 0.3166963184127008 0.6544154323381084 0.0 0.0 0.0 0.0 0.0 0.0
96.08340036678972 85.13512508383035 19.204218272633955 0.49406839344056847 0.4570786246678569 -0.7395779563202225 0.6866177130118097 0.3166963184127008 0.6544154323381084 0.0 0.0 0.0 0.0 0.0 0.0
96.59497172383925 85.01824493120951 19.319625719049633 0.08747959870223077 0.8576063144922625 -0.5068123214306219 0.6866177130118097 0.3166963184127008 0.6544154323381084 0.0 0.0 0.0 0.0 0.0 0.0
97.1264840581655 85.09685616496179 19.319505280848325 -0.35234415816397857 0.9323150270281144 -0.08150021217938364 0.6866177130118097 0.3166963184127008 0.6544154323381084 0.0 0.0 0.0 0.0 0.0 0.0
97.57767953055176 85.38798863846047 19.30080686671632 -0.6583064784635153 0.6528216733199784 0.37477519028968526 0.6866177130118097 0.3166963184127008 0.6544154323381084 0.0 0.0 0.0 0.0 0.0 0.0
97.8788140204586 85.8279318329335 19.367538469003172 -0.7141671612973834 0.12531045132125532 0.6886672320606677 0.6866177130118097 0.3166963184127008 0.6544154323381084 0.0 0.0 0.0 0.0 0.0 0.0
98.01715408347643 86.29643954872812 19.591251788507194 -0.4987037993161846 -0.449808306213433 0.7409230784696927 0.6866177130118097 0.3166963184127008 0.6544154323381084 0.0 0.0 0.0 0.0 0.0 0.0
98.04181459974838 86.66241344696813 19.983858547061562 -0.09377452609188294 -0.8540373678238038 0.5116898597948107 0.6866177130118097 0.3166963184127008 0.6544154323381084 0.0 0.0 0.0 0.0 0.0 0.0
98.04509920984707 86.83370950034039 20.4931050252565 0.34678125742119276 -0.9338033546545744 0.08805710838564294 0.6866177130118097 0.3166963184127008 0.6544154323381084 0.0 0.0 0.0 0.0 0.0 0.0
98.1274326184864 86.79214504963699 21.02242412407867 0.6555890433665206 -0.6588018346925542 -0.3690300107355718 0.6866177130118097 0.3166963184127008 0.6544154323381084 0.0 0.0 0.0 0.0 0.0 0.0
98.35920757018927 86.60040669998617 21.467622820342115 0.7153275908726202 -0.13351048315153902 -0.6859164589255875 0.6866177130118097 0.3166963184127008 0.6544154323381084 0.0 0.0 0.0 0.0 0.0 0.0
98.75404146873937 86.37823463150005 21.756466838211082 0.5033012269666726 0.4425037331149872 -0.742211776458137 0.6866177130118097 0.3166963184127008 0.6544154323381084 0.0 0.0 0.0 0.0 0.0 0.0
71.89622104957091 3.676726446059555 39.02503686313597 -0.2240214432138761 0.9696010817919815 0.09842832502989941 0.9362041362915516 0.18603550872188318 0.29818216694695193 0.0 0.0 0.0 0.0 0.0 0.0
72.33086189758043 3.915668175574369 38.8184472088539 -0.340260194653418 0.6922144176590606 0.6364449700636701 0.9362041362915516 0.18603550872188318 0.29818216694695193 0.0 0.0 0.0 0.0 0.0 0.0
72.68794042351242 4.312400203375123 38.756935205523604 -0.3272284092970451 0.1518439230495722 0.9326655301778024 0.9362041362915516 0.18603550872188318 0.29818216694695193 0.0 0.0 0.0 0.0 0.0 0.0
72.97042722324886 4.743745058212803 38.90802433914371 -0.18987708028147557 -0.44621461662145917 0.8745508620412803 0.9362041362915516 0.18603550872188318 0.29818216694695193 0.0 0.0 0.0 0.0 0.0 0.0
73.20963153656066 5.073375277151459 39.2584673692839 0.019611726108516 -0.8747487631274498 0.4841796997046051 0.9362041362915516 0.18603550872188318 0.29818216694695193 0.0 0.0 0.0 0.0 0.0 0.0
73.45330634345599 5.203606488011203 39.719279177206495 0.2216497098593075 -0.9709512295019218 -0.09013942560273777 0.9362041362915516 0.18603550872188318 0.29818216694695193 0.0 0.0 0.0 0.0 0.0 0.0
73.74750620868797 5.11250933555496 40.1595437002267 0.33947926304902043 -0.6982730903497488 -0.6302130760727721 0.9362041362915516 0.18603550872188318 0.29818216694695193 0.0 0.0 0.0 0.0 0.0 0.0
74.11909038261369 4.862240810182298 40.45615113272644 0.32833496841580934 -0.16030932967021055 -0.9308582423420213 0.9362041362915516 0.18603550872188318 0.29818216694695193 0.0 0.0 0.0 0.0 0.0 0.0
74.56551852292087 4.575429768067171 40.540569399594816 0.19245072981350134 0.4385586255801023 -0.8778547992256706 0.9362041362915516 0.18603550872188318 0.29818216694695193 0.0 0.0 0.0 0.0 0.0 0.0
75.05581581314452 4.388588178452296 40.42488063735796 -0.0165487586495707 0.87081082666333 -0.49133964093393295 0.9362041362915516 0.18603550872188318 0.29818216694695193 0.0 0.0 0.0 0.0 0.0 0.0
75.54234081331327 4.400247944175428 40.197190988510194 -0.2192610970211809 0.972227435516545 0.08184366170932766 0.9362041362915516 0.18603550872188318 0.29818216694695193 0.0 0.0 0.0 0.0 0.0 0.0
75.97888523951701 4.633526984415736 39.988157604924275 -0.3386724787843937 0.704278586841133 0.6239331889161621 0.9362041362915516 0.18603550872188318 0.29818216694695193 0.0 0.0 0.0 0.0 0.0 0.0
76.33822926352549 5.0273463506866385 39.92134981138389 -0.32941652355552775 0.16876252811473177 0.9289800660471218 0.9362041362915516 0.18603550872188318 0.29818216694695193 0.0 0.0 0.0 0.0 0.0 0.0
76.62248278062438 5.459635140551414 40.06630305312934 -0.19500972347734807 -0.43086923660145865 0.881091884368347 0.9362041362915516 0.18603550872188318 0.29818216694695193 0.0 0.0 0.0 0.0 0.0 0.0
76.86228382512061 5.793707274375567 40.412101217640156 0.013484530938583589 -0.8668065745832786 0.49846216474730504 0.9362041362915516 0.18603550872188318 0.29818216694695193 0.0 0.0 0.0 0.0 0.0 0.0
77.1051586688686 5.930190822249354 40.87152384828925 0.21685578660161278 -0.9734296026478219 -0.07354166510420762 0.9362041362915516 0.18603550872188318 0.29818216694695193 0.0 0.0 0.0 0.0 0.0 0.0
77.3974657959958 5.844781061570564 41.31418265406385 0.33783990329928426 -0.7102304497914035 -0.6176057868315604 0.9362041362915516 0.18603550872188318 0.29818216694695193 0.0 0.0 0.0 0.0 0.0 0.0
77.7667835397102 5.59747424751439 41.6160582012972 0.3304729923515899 -0.17720287463934625 -0.9270311443235001 0.9362041362915516 0.18603550872188318 0.29818216694695193 0.0 0.0 0.0 0.0 0.0 0.0
78.21143261242952 5.309774032608482 41.70661697001293 0.19755386639574155 0.4231470352622699 -0.8842618709527426 0.9362041362915516 0.18603550872188318 0.29818216694695193 0.0 0.0 0.0 0.0 0.0 0.0
78.70111409520977 5.118530197704948 41.59560821742165 -0.010419276328357638 0.8627363118265946 -0.5055467287369567 0.9362041362915516 0.18603550872188318 0.29818216694695193 0.0 0.0 0.0 0.0 0.0 0.0
48.7968962817073 47.21437229421429 22.482595014891462 0.8690392135644418 -0.48270600688601273 -0.1084700705423267 0.30100044795733666 0.3418571108047565 0.8902429141092375 0.0 0.0 0.0 0.0 0.0 0.0
48.87512236248254 47.00892190456883 22.972856087993776 0.9341937355912855 0.0817833151128608 -0.34726582577493886 0.30100044795733666 0.3418571108047565 0.8902429141092375 0.0 0.0 0.0 0.0 0.0 0.0
49.166297934680266 46.822114024176656 23.383957905183955 0.6444324385806605 0.6152017883562473 -0.4541294878206643 0.30100044795733666 0.3418571108047565 0.8902429141092375 0.0 0.0 0.0 0.0 0.0 0.0
49.604371901529554 46.77554141079764 23.69154089133621 0.10984048381744022 0.9148948165777031 -0.3884617648031813 0.30100044795733666 0.3418571108047565 0.8902429141092375 0.0 0.0 0.0 0.0 0.0 0.0
50.067484010121156 46.937519099644724 23.910574005978617 -0.46648170718298215 0.8670040077556694 -0.17521092260261165 0.30100044795733666 0.3418571108047565 0.8902429141092375 0.0 0.0 0.0 0.0 0.0 0.0
50.42426159888253 47.29713037934003 24.089667785300733 -0.865579698466357 0.489723880853261 0.10460547846509946 0.30100044795733666 0.3418571108047565 0.8902429141092375 0.0 0.0 0.0 0.0 0.0 0.0
50.583730268143 47.76837423308502 24.29260638673039 -0.9358294905815484 -0.07361053613195519 0.34468050935358474 0.30100044795733666 0.3418571108047565 0.8902429141092375 0.0 0.0 0.0 0.0 0.0 0.0
50.529876575579486 48.22283856280257 24.57411492111258 -0.6505420129901052 -0.608979079738108 0.45380565198784123 0.30100044795733666 0.3418571108047565 0.8902429141092375 0.0 0.0 0.0 0.0 0.0 0.0
50.32773181068554 48.53848609213227 24.959068468144416 -0.11810274818128196 -0.9129862893645014 0.3905224402060251 0.30100044795733666 0.3418571108047565 0.8902429141092375 0.0 0.0 0.0 0.0 0.0 0.0
50.09866552062757 48.646018368074174 25.433041617709023 0.4592057252342605 -0.870134743344574 0.17887322420292653 0.30100044795733666 0.3418571108047565 0.8902429141092375 0.0 0.0 0.0 0.0 0.0 0.0
49.97427519008568 48.55520340189185 25.94778892435894 0.8620542661230057 -0.4967044604509392 -0.10073292027569061 0.30100044795733666 0.3418571108047565 0.8902429141092375 0.0 0.0 0.0 0.0 0.0 0.0
50.04639015663109 48.35116463832091 26.439574158662445 0.9373939785328923 0.06543215142372834 -0.34206894417695854 0.30100044795733666 0.3418571108047565 0.8902429141092375 0.0 0.0 0.0 0.0 0.0 0.0
50.33218411007823 48.162041135725836 26.853384766377598 0.656602046106585 0.6027099950052885 -0.4534472570976393 0.30100044795733666 0.3418571108047565 0.8902429141092375 0.0 0.0 0.0 0.0 0.0 0.0
50.767650520595375 48.110305395456514 27.163832057569607 0.12635601856359632 0.9110082347105947 -0.39255337581307814 0.30100044795733666 0.3418571108047565 0.8902429141092375 0.0 0.0 0.0 0.0 0.0 0.0
51.23191978951989 48.266234010954385 27.384796794393317 -0.45189477299167496 0.8731992148039093 -0.18252190391468245 0.30100044795733666 0.3418571108047565 0.8902429141092375 0.0 0.0 0.0 0.0 0.0 0.0
51.59317963072206 48.62120841494206 27.564155657476615 -0.8584631850097104 0.5036472140808846 0.09685269088439946 0.30100044795733666 0.3418571108047565 0.8902429141092375 0.0 0.0 0.0 0.0 0.0 0.0
51.75875276188969 49.090989217226756 27.765592094494483 -0.9388870803035024 -0.0572487838038396 0.33943132912585955 0.30100044795733666 0.3418571108047565 0.8902429141092375 0.0 0.0 0.0 0.0 0.0 0.0
51.71030655356001 49.54772015744203 28.044401913666814 -0.6626120764351154 -0.5963950115728626 0.45305433044321697 0.30100044795733666 0.3418571108047565 0.8902429141092375 0.0 0.0 0.0 0.0 0.0 0.0
51.51081790155783 49.86850283600367 28.42648548171905 -0.1345996664458898 -0.9089608032525027 0.39455441696073085 0.30100044795733666 0.3418571108047565 0.8902429141092375 0.0 0.0 0.0 0.0 0.0 0.0
51.28064725135412 49.98208787086342 28.89850774153216 0.44454940721254443 -0.8761971887623089 0.18615668387679307 0.30100044795733666 0.3418571108047565 0.8902429141092375 0.0 0.0 0.0 0.0 0.0 0.0
91.31740757801869 91.71027823381077 29.13667345728431 0.9673492305403228 -0.12572336051769228 0.2200661327719092 0.03682372666337792 0.928797557795728 0.3687534539327221 0.0 0.0 0.0 0.0 0.0 0.0
91.35379127378121 91.93531063975344 29.623214046625705 0.9306306056708795 0.10257394285206715 -0.35129085105711605 0.03682372666337792 0.928797557795728 0.3687534539327221 0.0 0.0 0.0 0.0 0.0 0.0
91.60231224538875 92.18372477919672 30.02967787541525 0.5403498543930851 0.2919016903874559 -0.7891865672997215 0.03682372666337792 0.928797557795728 0.3687534539327221 0.0 0.0 0.0 0.0 0.0 0.0
91.97400598330732 92.49867791814854 30.25624660135703 -0.05521884073643615 0.37033110540864406 -0.92725711212939 0.03682372666337792 0.928797557795728 0.3687534539327221 0.0 0.0 0.0 0.0 0.0 0.0
92.33311258474255 92.89804804423073 30.27144703941273 -0.629808975060401 0.3080655418791902 -0.7130471771489236 0.03682372666337792 0.928797557795728 0.3687534539327221 0.0 0.0 0.0 0.0 0.0 0.0
92.54865421049581 93.36764172027759 30.124108351001276 -0.9651241499143892 0.1287607284086405 -0.22793869805652645 0.03682372666337792 0.928797557795728 0.3687534539327221 0.0 0.0 0.0 0.0 0.0 0.0
92.5441957559084 93.86658640841665 29.92481102919573 -0.9337725242006115 -0.09946243854892872 0.34376750335934836 0.03682372666337792 0.928797557795728 0.3687534539327221 0.0 0.0 0.0 0.0 0.0 0.0
92.32688382504827 94.3428586305589 29.80387552059761 -0.547665104698961 -0.28989816217846737 0.784870682762851 0.03682372666337792 0.928797557795728 0.3687534539327221 0.0 0.0 0.0 0.0 0.0 0.0
91.9847316163397 94.7530485575109 29.861851308831273 0.0465094445500815 -0.37019672715760554 0.9277883674467152 0.03682372666337792 0.928797557795728 0.3687534539327221 0.0 0.0 0.0 0.0 0.0 0.0
91.65318123697975 95.07885212885907 30.131316484617315 0.6230142782181026 -0.3098513661303558 0.7182237395432775 0.03682372666337792 0.928797557795728 0.3687534539327221 0.0 0.0 0.0 0.0 0.0 0.0
91.46364698194279 95.33402507154834 30.564500784431193 0.9628255713478094 -0.13178829067160322 0.235793904926786 0.03682372666337792 0.928797557795728 0.3687534539327221 0.0 0.0 0.0 0.0 0.0 0.0
91.4935888461899 95.5591568692323 31.051434312292397 0.9368433323373783 0.09634335979601005 -0.3362179764352498 0.03682372666337792 0.928797557795728 0.3687534539327221 0.0 0.0 0.0 0.0 0.0 0.0
91.73708417752114 95.8062501388132 31.46172694184607 0.5549386481867425 0.2878725571020423 -0.7804950272847376 0.03682372666337792 0.928797557795728 0.3687534539327221 0.0 0.0 0.0 0.0 0.0 0.0
92.10707779116773 96.11896396684344 31.694105705371875 -0.037796506489455484 0.3700341569925189 -0.9282489680877807 0.03682372666337792 0.928797557795728 0.3687534539327221 0.0 0.0 0.0 0.0 0.0 0.0
92.46845568997075 96.51602709260325 31.714890087414677 -0.61617213642642 0.3116135940003522 -0.7233456064191488 0.03682372666337792 0.928797557795728 0.3687534539327221 0.0 0.0 0.0 0.0 0.0 0.0
92.68937713088751 96.98412254692039 31.570787815714134 -0.9604536698862407 0.13480581674599224 -0.24363115517827225 0.03682372666337792 0.928797557795728 0.3687534539327221 0.0 0.0 0.0 0.0 0.0 0.0
92.69136312753298 97.48294699140645 31.371149814524834 -0.939842796227251 -0.09321694412323438 0.328642845210525 0.03682372666337792 0.928797557795728 0.3687534539327221 0.0 0.0 0.0 0.0 0.0 0.0
92.47911192920624 97.96052263054654 31.24642596024204 -0.5621699309479321 -0.28582502941585003 0.7760599340884873 0.03682372666337792 0.928797557795728 0.3687534539327221 0.0 0.0 0.0 0.0 0.0 0.0
92.13871407743123 98.37294444523779 31.298604992353475 0.029080690078525435 -0.3698434072937317 0.9286388789760641 0.03682372666337792 0.928797557795728 0.3687534539327221 0.0 0.0 0.0 0.0 0.0 0.0
91.80494516987463 98.7010604435993 31.562467286147164 0.6092830707409411 -0.3133520912887043 0.7284123877265448 0.03682372666337792 0.928797557795728 0.3687534539327221 0.0 0.0 0.0 0.0 0.0 0.0
51.805875668770014 3.036479375690623 33.84194383717254 0.7925730558728354 -0.5539923668168527 -0.25479483631552907 0.6069826591438919 0.7567224706886662 0.24278211188934587 0.0 0.0 0.0 0.0 0.0 0.0
52.15330315140527 3.1461700170122184 34.236845356078895 0.6078260752182659 -0.24523958449138059 -0.755251619318525 0.6069826591438919 0.7567224706886662 0.24278211188934587 0.0 0.0 0.0 0.0 0.0 0.0
52.639284607011795 3.1999582873325294 34.459587244597564 0.1921558062782322 0.15668381616956584 -0.9687756850087148 0.6069826591438919 0.7567224706886662 0.24278211188934587 0.0 0.0 0.0 0.0 0.0 0.0
53.16906798470564 3.289462638478756 34.46149668523593 -0.29651766614065855 0.4990804154539856 -0.8142456708983933 0.6069826591438919 0.7567224706886662 0.24278211188934587 0.0 0.0 0.0 0.0 0.0 0.0
53.63126015107278 3.4927323860313066 34.27779879957273 -0.6725391196817083 0.6518680207278658 -0.35037011295212983 0.6069826591438919 0.7567224706886662 0.24278211188934587 0.0 0.0 0.0 0.0 0.0 0.0
53.940147003947004 3.844595469419831 34.01423403563768 -0.7930517174012268 0.5570000662751232 0.24661690878054912 0.6069826591438919 0.7567224706886662 0.24278211188934587 0.0 0.0 0.0 0.0 0.0 0.0
54.068257692886206 4.323426735441802 33.80688560381897 -0.6122707085623832 0.2505184740999698 0.7499100436526643 0.6069826591438919 0.7567224706886662 0.24278211188934587 0.0 0.0 0.0 0.0 0.0 0.0
54.056801254543494 4.859363695517436 33.770479190046835 -0.19887782092033884 -0.15113927483128917 0.9682998151138162 0.6069826591438919 0.7567224706886662 0.24278211188934587 0.0 0.0 0.0 0.0 0.0 0.0
54.00001061066428 5.360848453139674 33.95479674959749 0.29007207594918993 -0.49537668634022114 0.818816297703649 0.6069826591438919 0.7567224706886662 0.24278211188934587 0.0 0.0 0.0 0.0 0.0 0.0
54.00934190562482 5.7494120795236086 34.32576350997379 0.6688187414191374 -0.6514122124519817 0.35825077891741797 0.6069826591438919 0.7567224706886662 0.24278211188934587 0.0 0.0 0.0 0.0 0.0 0.0
54.17113045373627 5.9894862715824 34.77839354667668 0.7934699849709114 -0.5599653480218365 -0.23842020041315035 0.6069826591438919 0.7567224706886662 0.24278211188934587 0.0 0.0 0.0 0.0 0.0 0.0
54.5137905098884 6.10191634494028 35.1766756911935 0.6166687151215388 -0.2557782857568376 -0.7445113594335856 0.6069826591438919 0.7567224706886662 0.24278211188934587 0.0 0.0 0.0 0.0 0.0 0.0
54.997020219056004 6.156041750011813 35.405246447901355 0.2055846902463934 0.14558322365207166 -0.9677502054390726 0.6069826591438919 0.7567224706886662 0.24278211188934587 0.0 0.0 0.0 0.0 0.0 0.0
55.527112964834 6.243352855495618 35.41321851482906 -0.28360439564608037 0.49163523237386003 -0.8233245684776596 0.6069826591438919 0.7567224706886662 0.24278211188934587 0.0 0.0 0.0 0.0 0.0 0.0
55.99255807970084 6.442732227668371 35.23351372046634 -0.6650474300199727 0.6509067966140716 -0.36610416269886836 0.6069826591438919 0.7567224706886662 0.24278211188934587 0.0 0.0 0.0 0.0 0.0 0.0
56.30640561196889 6.790485824610111 34.97035547069694 -0.7938278267291988 0.562887986239301 0.2302053354244076 0.6069826591438919 0.7567224706886662 0.24278211188934587 0.0 0.0 0.0 0.0 0.0 0.0
56.439300066156186 7.2665497557263965 34.75967253438094 -0.6210197599705103 0.2610186189069563 0.7390559777919922 0.6069826591438919 0.7567224706886662 0.24278211188934587 0.0 0.0 0.0 0.0 0.0 0.0
56.43063304651779 7.802112889235486 34.71745743145706 -0.21227590350233463 -0.14001608574672747 0.9671268978393867 0.6069826591438919 0.7567224706886662 0.24278211188934587 0.0 0.0 0.0 0.0 0.0 0.0
56.37357772799677 8.305759351592997 34.895698935326365 0.27711511777022085 -0.48785633848111337 0.8277701398981488 0.6069826591438919 0.7567224706886662 0.24278211188934587 0.0 0.0 0.0 0.0 0.0 0.0
56.379690809290906 8.698198946243316 35.26263066863127 0.6612254726841738 -0.6503518117035141 0.37392966623089835 0.6069826591438919 0.7567224706886662 0.24278211188934587 0.0 0.0 0.0 0.0 0.0 0.0
16.29074572855004 80.05744055174732 30.678311097476342 -0.6136863918821956 0.32848775978391737 0.7179727042797348 0.6691481922298701 0.6990530401161772 0.2521220814205434 0.0 0.0 0.0 0.0 0.0 0.0
16.334167067939955 80.59080691657225 30.630144612475057 -0.25137344101738807 -0.10634800025229865 0.9620298831083236 0.6691481922298701 0.6990530401161772 0.2521220814205434 0.0 0.0 0.0 0.0 0.0 0.0
16.320287823540482 81.09993125139343 30.801272869598623 0.2064404828297365 -0.5007803769489212 0.840595825062153 0.6691481922298701 0.6990530401161772 0.2521220814205434 0.0 0.0 0.0 0.0 0.0 0.0
16.353466693697708 81.49490268353202 31.1640149714945 0.5858242157490321 -0.7049579158412378 0.3998053590621441 0.6691481922298701 0.6990530401161772 0.2521220814205434 0.0 0.0 0.0 0.0 0.0 0.0
16.52018421226791 81.72917893657306 31.617892717568477 0.7426435346466994 -0.6413101562376502 -0.19287784723471357 0.6691481922298701 0.6990530401161772 0.2521220814205434 0.0 0.0 0.0 0.0 0.0 0.0
16.856187347928138 81.81726851932089 32.027803952296395 0.6173201583943215 -0.33401794614535396 -0.7122835346214662 0.6691481922298701 0.6990530401161772 0.2521220814205434 0.0 0.0 0.0 0.0 0.0 0.0
17.332908633118357 81.82921870073498 32.27535013289532 0.2574665329252904 0.10017326616981406 -0.9610807984598914 0.6691481922298701 0.6990530401161772 0.2521220814205434 0.0 0.0 0.0 0.0 0.0 0.0
17.868319422590094 81.86400338132445 32.303817915244856 -0.20020293301293385 0.4963069798593732 -0.8447473985493456 0.6691481922298701 0.6990530401161772 0.2521220814205434 0.0 0.0 0.0 0.0 0.0 0.0
18.35809394718214 82.01192125358918 32.13972550151506 -0.5818119574850039 0.7038853740901567 -0.40748033850656973 0.6691481922298701 0.6990530401161772 0.2521220814205434 0.0 0.0 0.0 0.0 0.0 0.0
18.715244417758736 82.32028981902555 31.8827479318013 -0.7423808919313307 0.6440459463682137 0.1845953148428056 0.6691481922298701 0.6990530401161772 0.2521220814205434 0.0 0.0 0.0 0.0 0.0 0.0
18.90316914066054 82.77546867820149 31.66784886991426 -0.6209069135863327 0.3395226957469893 0.7065401218143187 0.6691481922298701 0.6990530401161772 0.2521220814205434 0.0 0.0 0.0 0.0 0.0 0.0
18.949558113073476 83.30804174655604 31.61400565102611 -0.26354001775988734 -0.09399090350527335 0.960058523787681 0.6691481922298701 0.6990530401161772 0.2521220814205434 0.0 0.0 0.0 0.0 0.0 0.0
18.935873130145747 83.81918958549915 31.779007802843644 0.19395013696766603 -0.4917957870717775 0.8488346412515662 0.6691481922298701 0.6990530401161772 0.2521220814205434 0.0 0.0 0.0 0.0 0.0 0.0
18.966399087042447 84.21823255930487 32.1375018378431 0.5777553919878374 -0.7027592287426347 0.415124286745594 0.6691481922298701 0.6990530401161772 0.2521220814205434 0.0 0.0 0.0 0.0 0.0 0.0
19.128624403721872 84.45708154480634 32.590623467068106 0.7420617140367975 -0.6467326899064351 -0.17629872480298217 0.6691481922298701 0.6990530401161772 0.2521220814205434 0.0 0.0 0.0 0.0 0.0 0.0
19.46000271146499 84.54850779329418 33.00355779642703 0.6244463843129362 -0.34500158938082714 -0.7007429032414133 0.6691481922298701 0.6990530401161772 0.2521220814205434 0.0 0.0 0.0 0.0 0.0 0.0
19.933723592160476 84.56129091862717 33.25675775894317 0.2695934330017961 0.08780138306953084 -0.9589631369418662 0.6691481922298701 0.6990530401161772 0.2521220814205434 0.0 0.0 0.0 0.0 0.0 0.0
20.46889830439149 84.59408837199352 33.291362044219596 -0.1876825708685587 0.48724714213093223 -0.8528572419094584 0.6691481922298701 0.6990530401161772 0.2521220814205434 0.0 0.0 0.0 0.0 0.0 0.0
20.96129076868758 84.73795382673988 33.13155749436756 -0.5736548281806995 0.7015795655590018 -0.4227366216629635 0.6691481922298701 0.6990530401161772 0.2521220814205434 0.0 0.0 0.0 0.0 0.0 0.0
21.3229185968498 85.04174436553065 32.875390118306036 -0.7416860252697314 0.6493701822463933 0.16798870893269688 0.6691481922298701 0.6990530401161772 0.2521220814205434 0.0 0.0 0.0 0.0 0.0 0.0
-0.10583664571904927 37.66236000911799 97.24512600734282 0.7884986232171721 -0.16004979834318436 -0.5938467674703047 0.34844918542933195 0.9118872217975666 0.21689827084592161 0.0 0.0 0.0 0.0 0.0 0.0
0.29815152925858024 37.86656664607946 97.53457083113051 0.3415392472224031 0.09197208526214094 -0.9353566582535713 0.34844918542933195 0.9118872217975666 0.21689827084592161 0.0 0.0 0.0 0.0 0.0 0.0
0.7799935863871046 38.09173832277034 97.61080107523826 -0.23517659902385732 0.3090522359851139 -0.9215089162369369 0.34844918542933195 0.9118872217975666 0.21689827084592161 0.0 0.0 0.0 0.0 0.0 0.0
1.2082271303682985 38.38735846637837 97.47697333289447 -0.7225449233579007 0.4087182751795038 -0.5575645301344209 0.34844918542933195 0.9118872217975666 0.21689827084592161 0.0 0.0 0.0 0.0 0.0 0.0
1.471756536335151 38.77614595367391 97.21604873836276 -0.9354063510013747 0.35310540822804826 0.018207942947985157 0.34844918542933195 0.9118872217975666 0.21689827084592161 0.0 0.0 0.0 0.0 0.0 0.0
1.5220600351586377 39.24542382988551 96.95927464499896 -0.792891266739239 0.16334189308315641 0.5870629140838793 0.34844918542933195 0.9118872217975666 0.21689827084592161 0.0 0.0 0.0 0.0 0.0 0.0
1.3916239447805558 39.751935495764975 96.83632156137251 -0.34914353380782254 -0.08847793817484563 0.9328828689908047 0.34844918542933195 0.9118872217975666 0.21689827084592161 0.0 0.0 0.0 0.0 0.0 0.0
1.181600574885164 40.23827861285353 96.92601915708575 0.22724966498577714 -0.30668352144798483 0.9242850249983047 0.34844918542933195 0.9118872217975666 0.21689827084592161 0.0 0.0 0.0 0.0 0.0 0.0
1.0233787732737012 40.6547132115782 97.22640755333 0.7173069166394952 -0.40837490744799365 0.5645358467874155 0.34844918542933195 0.9118872217975666 0.21689827084592161 0.0 0.0 0.0 0.0 0.0 0.0
1.0286671058803056 40.978058737300564 97.6554819136126 0.9348472779297676 -0.354917838444162 -0.00968993815403572 0.34844918542933195 0.9118872217975666 0.21689827084592161 0.0 0.0 0.0 0.0 0.0 0.0
1.2470539049060125 41.22050073058208 98.0823474521881 0.7972235285215363 -0.16662154870557738 -0.5802343535836427 0.34844918542933195 0.9118872217975666 0.21689827084592161 0.0 0.0 0.0 0.0 0.0 0.0
1.6471678323428778 41.424961336593405 98.3769485516071 0.35672123176137416 0.08497705314999102 -0.9303380370857646 0.34844918542933195 0.9118872217975666 0.21689827084592161 0.0 0.0 0.0 0.0 0.0 0.0
2.1285963757839985 41.64879246454407 98.45947906619926 -0.21930542500587977 0.304291451773313 -0.9269907458765065 0.34844918542933195 0.9118872217975666 0.21689827084592161 0.0 0.0 0.0 0.0 0.0 0.0
2.5600342406945735 41.94198683850102 98.3307020111011 -0.7120142842222252 0.40800044038618255 -0.5714641718499904 0.34844918542933195 0.9118872217975666 0.21689827084592161 0.0 0.0 0.0 0.0 0.0 0.0
2.8291684271131317 42.32818492568175 98.07165968004855 -0.9342170126185418 0.35670324029274697 0.0011711954337772596 0.34844918542933195 0.9118872217975666 0.21689827084592161 0.0 0.0 0.0 0.0 0.0 0.0
2.885347816110113 42.79569352771089 97.81288432303201 -0.8014950786455642 0.16988851545195185 0.5733616059909094 0.34844918542933195 0.9118872217975666 0.21689827084592161 0.0 0.0 0.0 0.0 0.0 0.0
2.75882637671076 43.30192822218285 97.68480676214193 -0.3642717640120288 -0.08146969679354794 0.9277223563372473 0.34844918542933195 0.9118872217975666 0.21689827084592161 0.0 0.0 0.0 0.0 0.0 0.0
2.5492691772430374 43.789591896707286 97.76820354156975 0.21134448406878853 -0.30187620912648727 0.9296258728204166 0.34844918542933195 0.9118872217975666 0.21689827084592161 0.0 0.0 0.0 0.0 0.0 0.0
2.387887959568759 44.20844287986278 98.06350856795771 0.7066674291605323 -0.407594902511209 0.5783489777033629 0.34844918542933195 0.9118872217975666 0.21689827084592161 0.0 0.0 0.0 0.0 0.0 0.0
2.3875916046069467 44.53438259216586 98.49064826201094 0.9335156030648329 -0.35846147780856175 0.007347636477545379 0.34844918542933195 0.9118872217975666 0.21689827084592161 0.0 0.0 0.0 0.0 0.0 0.0
24.104770488374662 73.39192171327402 90.10612453923227 0.9430849413917397 -0.30894538045591685 0.12305911268608884 0.11247638252084714 0.6445661956549122 0.7562297817422808 0.0 0.0 0.0 0.0 0.0 0.0
24.14599337708493 73.36189073259683 90.64099266855418 0.9474453201847138 0.1598195219042953 -0.27713730473966786 0.11247638252084714 0.6445661956549122 0.7562297817422808 0.0 0.0 0.0 0.0 0.0 0.0
24.403186456342713 73.36829061696646 91.11268734054053 0.5918553813984962 0.5678663158531527 -0.5720446266061835 0.11247638252084714 0.6445661956549122 0.7562297817422808 0.0 0.0 0.0 0.0 0.0 0.0
24.79529298841304 73.50413564590276 91.4539844218926 0.011409687924706426 0.7601712021909011 -0.6496226307488843 0.11247638252084714 0.6445661956549122 0.7562297817422808 0.0 0.0 0.0 0.0 0.0 0.0
25.19000035920481 73.81326172429729 91.64720000412504 -0.5733707367514889 0.6636743394315875 -0.4803981363588968 0.11247638252084714 0.6445661956549122 0.7562297817422808 0.0 0.0 0.0 0.0 0.0 0.0
25.45400785251294 74.27367238924779 91.73090881605874 -0.940318032288288 0.3150364990789848 -0.12866235813764418 0.11247638252084714 0.6445661956549122 0.7562297817422808 0.0 0.0 0.0 0.0 0.0 0.0
25.503669820773812 74.805895634076 91.78528903940659 -0.9500227860796469 -0.15328897440310538 0.2719544010600126 0.11247638252084714 0.6445661956549122 0.7562297817422808 0.0 0.0 0.0 0.0 0.0 0.0
25.336774065055316 75.30317665236576 91.90166127703313 -0.5987979999053975 -0.5633774036544755 0.5692511364598567 0.11247638252084714 0.6445661956549122 0.7562297817422808 0.0 0.0 0.0 0.0 0.0 0.0
25.033382286417176 75.6720357737658 92.14779432912721 -0.020079842198412783 -0.7594293380896248 0.6502798477471389 0.11247638252084714 0.6445661956549122 0.7562297817422808 0.0 0.0 0.0 0.0 0.0 0.0
24.725413307118096 75.86778295365282 92.54215869297633 0.5662669832768075 -0.6669613700030944 0.4842563727760124 0.11247638252084714 0.6445661956549122 0.7562297817422808 0.0 0.0 0.0 0.0 0.0 0.0
24.54652490447458 75.91149626826167 93.04690931223689 0.9374795143260873 -0.3211036264529399 0.13425580545248456 0.11247638252084714 0.6445661956549122 0.7562297817422808 0.0 0.0 0.0 0.0 0.0 0.0
24.581334986619535 75.88201400111704 93.58226354657471 0.9525279040612563 0.1467467533530269 -0.2667507869998086 0.11247638252084714 0.6445661956549122 0.7562297817422808 0.0 0.0 0.0 0.0 0.0 0.0
24.83327383446658 75.88598266101663 94.0568119306226 0.6056950176262643 0.5588455880853004 -0.5664142956355493 0.11247638252084714 0.6445661956549122 0.7562297817422808 0.0 0.0 0.0 0.0 0.0 0.0
25.22328088063976 76.01734019030435 94.4022461581581 0.028748467314392557 0.7586296405039974 -0.650887543417333 0.11247638252084714 0.6445661956549122 0.7562297817422808 0.0 0.0 0.0 0.0 0.0 0.0
25.61984114084182 76.32162737001528 94.59931054969144 -0.5591201063789587 0.6701976088840242 -0.48807773119547265 0.11247638252084714 0.6445661956549122 0.7562297817422808 0.0 0.0 0.0 0.0 0.0 0.0
25.88894995520206 76.77868611575911 94.68511760704138 -0.9345696036692721 0.3271463005425321 -0.13983902866795347 0.11247638252084714 0.6445661956549122 0.7562297817422808 0.0 0.0 0.0 0.0 0.0 0.0
25.94502359899962 77.3103178710053 94.7390483534064 -0.9549604833551106 -0.14019335696953258 0.26152685883440063 0.11247638252084714 0.6445661956549122 0.7562297817422808 0.0 0.0 0.0 0.0 0.0 0.0
25.783413970568503 77.80999254611909 94.85259415547169 -0.6125459093264962 -0.5542712142609392 0.563534320169661 0.11247638252084714 0.6445661956549122 0.7562297817422808 0.0 0.0 0.0 0.0 0.0 0.0
25.48217448283263 78.18332108050193 95.0945976235513 -0.03741490312328304 -0.7577721703340969 0.651445671481076 0.11247638252084714 0.6445661956549122 0.7562297817422808 0.0 0.0 0.0 0.0 0.0 0.0
25.17240626675254 78.38391542481378 95.48509815294277 0.5519306503202868 -0.6733828096222674 0.4918619206060263 0.11247638252084714 0.6445661956549122 0.7562297817422808 0.0 0.0 0.0 0.0 0.0 0.0
