           0   0.000000
       10000  -0.034384
       20000  -2.345048
       30000  -1.502500
       40000  -4.132943
       50000  -2.516408
       60000  -2.869556
       70000  -2.636409
       80000  -2.092280
       90000  -2.166860
      100000  -2.194423
      110000  -2.258059
      120000  -4.752459
      130000  -5.467502
      140000  -4.943623
      150000  -5.470123
      160000  -5.990557
      170000  -6.618788
      180000  -6.817495
      190000  -4.958439
      200000  -5.162790
