           0   0.000000
       10000  -0.424065
       20000  -2.935421
       30000  -0.787180
       40000  -0.583105
       50000  -4.246182
       60000  -0.490373
       70000  -0.988134
       80000  -1.607324
       90000   0.000000
      100000   0.000000
      110000  -0.586602
      120000  -1.606318
      130000  -1.134559
      140000  -1.757304
      150000  -1.317022
      160000  -2.794085
      170000   0.000000
      180000  -0.009376
      190000  -0.529306
      200000  -1.753890
