#id1 id2 FENE BEXC STCK NEXC HB CRSTCK CXSTCK total, t = 200000
0 1 0.000573064 0 -0 0 0 0 0 0.000573064
1 2 0.00504587 0 0 0 0 0 0 0.00504587
2 3 0.0980991 0 -0.945634 0 0 0 0 -0.847535
3 4 0.0344496 0 -1.31516 0 0 0 0 -1.28071
4 5 0.00181545 0 -0.925464 0 0 0 0 -0.923649
5 6 0.00968922 0 0 0 0 0 0 0.00968922
6 7 0.0391688 0 -1.19024 0 0 0 0 -1.15107
7 8 0.0022357 0 0 0 0 0 0 0.0022357
8 9 0.078789 0 -1.27888 0 0 0 0 -1.20009
9 10 0.00875763 0 -0.993486 0 0 0 0 -0.984728
10 11 0.0486252 0 -1.27703 0 0 0 0 -1.22841
11 12 0.0298227 0 -1.11496 0 0 0 0 -1.08513
12 13 0.189542 0 -1.26302 0 0 0 0 -1.07348
13 14 0.000885788 0 -1.17528 0 0 0 0 -1.17439
14 15 0.251176 0 -1.1616 0 0 0 0 -0.910425
15 16 0.307965 0 -1.20272 0 0 0 0 -0.894759
16 17 0.0154817 0 -0.738245 0 0 0 0 -0.722763
17 18 0.00291781 0 -0 0 0 0 0 0.00291781
18 19 0.0844633 0 0 0 0 0 0 0.0844633
20 21 0.0143048 0 -1.08198 0 0 0 0 -1.06767
21 22 0.291199 0 0 0 0 0 0 0.291199
22 23 0.000603776 0 0 0 0 0 0 0.000603776
23 24 0.0375109 0 -0 0 0 0 0 0.0375109
24 25 0.065445 0 0 0 0 0 0 0.065445
25 26 0.0430515 0 0 0 0 0 0 0.0430515
26 27 0.124569 0 -1.346 0 0 0 0 -1.22143
27 28 0.105125 0 0 0 0 0 0 0.105125
28 29 0.0401163 0 -1.22404 0 0 0 0 -1.18393
29 30 0.00592979 0 -1.11413 0 0 0 0 -1.1082
30 31 0.182072 0 0 0 0 0 0 0.182072
31 32 0.0261488 0 -1.17862 0 0 0 0 -1.15247
32 33 0.00603561 0 0 0 0 0 0 0.00603561
33 34 0.0562743 0 -1.3764 0 0 0 0 -1.32012
34 35 0.0561001 0 -1.30504 0 0 0 0 -1.24894
35 36 0.0409058 0 -1.24347 0 0 0 0 -1.20257
36 37 0.0178918 0 -1.27572 0 0 0 0 -1.25783
37 38 0.0147772 0 -0.914808 0 0 0 0 -0.900031
38 39 0.0394409 0 0 0 0 0 0 0.0394409
40 41 0.0216284 0 0 0 0 0 0 0.0216284
41 42 0.0321842 0 -1.11103 0 0 0 0 -1.07884
42 43 0.057707 0 0 0 0 0 0 0.057707
43 44 0.1554 0 -0 0 0 0 0 0.1554
44 45 0.605023 0 0 0 0 0 0 0.605023
45 46 0.0015409 0 0 0 0 0 0 0.0015409
46 47 0.0133259 0 -1.06152 0 0 0 0 -1.04819
47 48 0.131163 0 0 0 0 0 0 0.131163
48 49 0.112428 0 -1.42941 0 0 0 0 -1.31698
49 50 0.0033443 0 0 0 0 0 0 0.0033443
50 51 0.00189118 0 0 0 0 0 0 0.00189118
51 52 0.00773584 0 -1.43683 0 0 0 0 -1.42909
52 53 0.0711621 0 0 0 0 0 0 0.0711621
53 54 0.132919 0 0 0 0 0 0 0.132919
54 55 0.0464983 0 0 0 0 0 0 0.0464983
55 56 0.000807873 0 -1.35199 0 0 0 0 -1.35118
56 57 0.0104514 0 -1.35498 0 0 0 0 -1.34453
57 58 0.0064867 0 0 0 0 0 0 0.0064867
58 59 0.0167955 0 -1.08919 0 0 0 0 -1.07239
60 61 0.0199233 0 -1.39364 0 0 0 0 -1.37371
61 62 0.00192225 0 0 0 0 0 0 0.00192225
62 63 0.00774088 0 -1.25781 0 0 0 0 -1.25007
63 64 0.154694 0 0 0 0 0 0 0.154694
64 65 0.0143957 0 -1.31308 0 0 0 0 -1.29868
65 66 0.151417 0 0 0 0 0 0 0.151417
66 67 0.0945701 0 -1.40562 0 0 0 0 -1.31105
67 68 0.0027724 0 -0.73928 0 0 0 0 -0.736508
68 69 0.0273606 0 -0 0 0 0 0 0.0273606
69 70 0.0164052 0 0 0 0 0 0 0.0164052
70 71 0.0239451 0 0 0 0 0 0 0.0239451
71 72 0.0146293 0 0 0 0 0 0 0.0146293
72 73 0.00723 0 0 0 0 0 0 0.00723
73 74 0.00130556 0 -0.619771 0 0 0 0 -0.618466
74 75 0.00599797 0 -1.31805 0 0 0 0 -1.31205
75 76 0.100119 0 0 0 0 0 0 0.100119
76 77 0.0163127 0 0 0 0 0 0 0.0163127
77 78 0.000671278 0 0 0 0 0 0 0.000671278
78 79 0.120231 0 0 0 0 0 0 0.120231
80 81 0.0742112 0 -1.01552 0 0 0 0 -0.94131
81 82 0.02762 0 0 0 0 0 0 0.02762
82 83 0.0785976 0 -1.30011 0 0 0 0 -1.22151
83 84 2.70627e-07 0 -0 0 0 0 0 2.70627e-07
84 85 0.00509875 0 0 0 0 0 0 0.00509875
85 86 0.0108949 0 0 0 0 0 0 0.0108949
86 87 0.496041 0 0 0 0 0 0 0.496041
87 88 0.0755028 0 -1.15832 0 0 0 0 -1.08282
88 89 0.00012057 0 0 0 0 0 0 0.00012057
89 90 0.217899 0 -0 0 0 0 0 0.217899
90 91 0.0650723 0 -1.04504 0 0 0 0 -0.979967
91 92 0.0051875 0 0 0 0 0 0 0.0051875
92 93 0.288131 0 -1.07241 0 0 0 0 -0.784278
93 94 0.0404966 0 0 0 0 0 0 0.0404966
94 95 0.0947301 0 -0.00559033 0 0 0 0 0.0891398
95 96 0.0206958 0 -1.25062 0 0 0 0 -1.22992
96 97 0.00153024 0 -1.09886 0 0 0 0 -1.09733
97 98 0.082835 0 0 0 0 0 0 0.082835
98 99 0.0900274 0 0 0 0 0 0 0.0900274
100 101 5.04706e-05 0 0 0 0 0 0 5.04706e-05
101 102 0.00140254 0 -1.36809 0 0 0 0 -1.36668
102 103 0.116011 0 -1.16488 0 0 0 0 -1.04887
103 104 0.00831165 0 0 0 0 0 0 0.00831165
104 105 0.0116381 0 -1.16956 0 0 0 0 -1.15792
105 106 0.0134666 0 -1.25324 0 0 0 0 -1.23977
106 107 0.102544 0 -0.895059 0 0 0 0 -0.792515
107 108 0.0427206 0 -0.747709 0 0 0 0 -0.704988
108 109 0.0377521 0 -1.15056 0 0 0 0 -1.11281
109 110 0.0511463 0 0 0 0 0 0 0.0511463
110 111 0.00457288 0 -1.03957 0 0 0 0 -1.035
111 112 0.0437999 0 0 0 0 0 0 0.0437999
112 113 0.0731223 0 -1.33249 0 0 0 0 -1.25937
113 114 0.00916346 0 -1.39686 0 0 0 0 -1.3877
114 115 4.73155e-05 0 0 0 0 0 0 4.73155e-05
115 116 0.0796799 0 -1.29349 0 0 0 0 -1.21381
116 117 0.109643 0 -1.16857 0 0 0 0 -1.05893
117 118 0.0229412 0 -1.25806 0 0 0 0 -1.23512
118 119 0.00612886 0 0 0 0 0 0 0.00612886
120 121 0.00262891 0 0 0 0 0 0 0.00262891
121 122 0.0188538 0 -1.18559 0 0 0 0 -1.16674
122 123 0.00973846 0 -1.09924 0 0 0 0 -1.0895
123 124 0.0676895 0 -1.29931 0 0 0 0 -1.23162
124 125 0.305159 0 0 0 0 0 0 0.305159
125 126 0.015653 0 -1.24317 0 0 0 0 -1.22752
126 127 0.00105066 0 -1.13582 0 0 0 0 -1.13477
127 128 0.0136239 0 0 0 0 0 0 0.0136239
128 129 0.0352107 0 -0.990119 0 0 0 0 -0.954909
129 130 0.132143 0 0 0 0 0 0 0.132143
130 131 0.0552519 0 0 0 0 0 0 0.0552519
131 132 0.0548086 0 -1.19198 0 0 0 0 -1.13717
132 133 0.00913226 0 -1.24293 0 0 0 0 -1.2338
133 134 0.00751553 0 -0.721863 0 0 0 0 -0.714347
134 135 0.00792586 0 0 0 0 0 0 0.00792586
135 136 0.0342285 0 0 0 0 0 0 0.0342285
136 137 0.00765165 0 -1.25679 0 0 0 0 -1.24914
137 138 0.0177485 0 0 0 0 0 0 0.0177485
138 139 0.0233745 0 0 0 0 0 0 0.0233745
140 141 0.186333 0 -1.26073 0 0 0 0 -1.0744
141 142 0.0931811 0 0 0 0 0 0 0.0931811
142 143 0.027939 0 0 0 0 0 0 0.027939
143 144 0.0223089 0 0 0 0 0 0 0.0223089
144 145 0.0357224 0 -1.20508 0 0 0 0 -1.16936
145 146 0.0154394 0 0 0 0 0 0 0.0154394
146 147 0.00912986 0 0 0 0 0 0 0.00912986
147 148 0.0241968 0 0 0 0 0 0 0.0241968
148 149 0.0398782 0 -1.23211 0 0 0 0 -1.19223
149 150 0.0146834 0 -1.14554 0 0 0 0 -1.13086
150 151 0.10091 0 -1.1378 0 0 0 0 -1.03689
151 152 0.189722 0 -0 0 0 0 0 0.189722
152 153 0.0820769 0 0 0 0 0 0 0.0820769
153 154 0.00189374 0 -1.20039 0 0 0 0 -1.1985
154 155 0.0168324 0 -1.10055 0 0 0 0 -1.08371
155 156 0.0240049 0 -1.34589 0 0 0 0 -1.32188
156 157 0.034512 0 -1.00038 0 0 0 0 -0.965868
157 158 0.00903019 0 -1.08668 0 0 0 0 -1.07765
158 159 0.00147822 0 0 0 0 0 0 0.00147822
160 161 0.0251114 0 0 0 0 0 0 0.0251114
161 162 0.350423 0 -0.330541 0 0 0 0 0.0198816
162 163 0.0870053 0 0 0 0 0 0 0.0870053
163 164 0.321113 0 -0 0 0 0 0 0.321113
164 165 0.300864 0 -0.912356 0 0 0 0 -0.611492
165 166 0.00064342 0 -0.508074 0 0 0 0 -0.50743
166 167 0.0148962 0 0 0 0 0 0 0.0148962
167 168 0.00987132 0 -0 0 0 0 0 0.00987132
168 169 0.00257439 0 0 0 0 0 0 0.00257439
169 170 0.197836 0 -1.33696 0 0 0 0 -1.13913
170 171 0.00839991 0 -1.21361 0 0 0 0 -1.20521
171 172 0.106567 0 -1.02603 0 0 0 0 -0.919461
172 173 0.00974645 0 -1.15693 0 0 0 0 -1.14718
173 174 0.00804811 0 -0.888632 0 0 0 0 -0.880584
174 175 0.0250253 0 0 0 0 0 0 0.0250253
175 176 0.000784438 0 0 0 0 0 0 0.000784438
176 177 2.2742e-05 0 -1.15959 0 0 0 0 -1.15957
177 178 0.612585 0 0 0 0 0 0 0.612585
178 179 0.187312 0 0 0 0 0 0 0.187312
180 181 0.00236187 0 0 0 0 0 0 0.00236187
181 182 0.0728806 0 -1.02636 0 0 0 0 -0.95348
182 183 0.0123212 0 -0.949578 0 0 0 0 -0.937257
183 184 0.262951 0 -0.821774 0 0 0 0 -0.558823
184 185 0.00556378 0 -1.32376 0 0 0 0 -1.3182
185 186 0.0107892 0 0 0 0 0 0 0.0107892
186 187 0.00149825 0 -1.24506 0 0 0 0 -1.24356
187 188 0.0303399 0 -0.971352 0 0 0 0 -0.941012
188 189 0.109435 0 0 0 0 0 0 0.109435
189 190 0.0210552 0 -1.28637 0 0 0 0 -1.26532
190 191 0.0753489 0 -0.92232 0 0 0 0 -0.846971
191 192 0.0420032 0 -1.28673 0 0 0 0 -1.24473
192 193 0.00271266 0 -1.36686 0 0 0 0 -1.36415
193 194 4.88165e-06 0 -0.8173 0 0 0 0 -0.817295
194 195 0.0372635 0 0 0 0 0 0 0.0372635
195 196 0.0536772 0 0 0 0 0 0 0.0536772
196 197 0.176887 0 0 0 0 0 0 0.176887
197 198 0.1184 0 0 0 0 0 0 0.1184
198 199 0.000393578 0 -1.31691 0 0 0 0 -1.31652
200 201 0.124057 0 0 0 0 0 0 0.124057
201 202 0.0630118 0 0 0 0 0 0 0.0630118
202 203 0.0342959 0 -1.12586 0 0 0 0 -1.09156
203 204 0.0383504 0 -0.978547 0 0 0 0 -0.940197
204 205 0.00272388 0 -1.26058 0 0 0 0 -1.25785
205 206 0.00118097 0 -1.32997 0 0 0 0 -1.32878
206 207 0.00254535 0 -1.34118 0 0 0 0 -1.33864
207 208 0.0177234 0 0 0 0 0 0 0.0177234
208 209 0.242247 0 0 0 0 0 0 0.242247
209 210 0.0178753 0 0 0 0 0 0 0.0178753
210 211 0.058703 0 0 0 0 0 0 0.058703
211 212 0.134143 0 0 0 0 0 0 0.134143
212 213 0.0113249 0 0 0 0 0 0 0.0113249
213 214 0.0325509 0 -0.950444 0 0 0 0 -0.917893
214 215 0.105911 0 -1.23537 0 0 0 0 -1.12946
215 216 0.129613 0 0 0 0 0 0 0.129613
216 217 0.0831042 0 0 0 0 0 0 0.0831042
217 218 0.00035872 0 0 0 0 0 0 0.00035872
218 219 0.0125912 0 -0.897166 0 0 0 0 -0.884575
220 221 0.016163 0 0 0 0 0 0 0.016163
221 222 0.0915233 0 -1.1134 0 0 0 0 -1.02188
222 223 0.0722372 0 -1.27173 0 0 0 0 -1.19949
223 224 0.0199361 0 0 0 0 0 0 0.0199361
224 225 0.0323374 0 -1.05253 0 0 0 0 -1.0202
225 226 0.173911 0 0 0 0 0 0 0.173911
226 227 0.00893351 0 -0 0 0 0 0 0.00893351
227 228 0.0869948 0 -1.41351 0 0 0 0 -1.32652
228 229 0.105043 0 0 0 0 0 0 0.105043
229 230 0.0722022 0 0 0 0 0 0 0.0722022
230 231 0.00961233 0 -1.37606 0 0 0 0 -1.36645
231 232 0.0486834 0 0 0 0 0 0 0.0486834
232 233 0.0312584 0 -1.10307 0 0 0 0 -1.07181
233 234 0.0473582 0 -1.26762 0 0 0 0 -1.22026
234 235 0.0351245 0 0 0 0 0 0 0.0351245
235 236 0.0613259 0 -1.30368 0 0 0 0 -1.24235
236 237 0.00143721 0 -1.17342 0 0 0 0 -1.17198
237 238 0.0446208 0 -1.31304 0 0 0 0 -1.26842
238 239 0.21086 0 -0.977555 0 0 0 0 -0.766695
240 241 0.0022773 0 -1.15532 0 0 0 0 -1.15304
241 242 0.0120915 0 0 0 0 0 0 0.0120915
242 243 0.0604972 0 0 0 0 0 0 0.0604972
243 244 0.0206335 0 -0 0 0 0 0 0.0206335
244 245 0.00733101 0 0 0 0 0 0 0.00733101
245 246 0.0086454 0 0 0 0 0 0 0.0086454
246 247 0.0841739 0 0 0 0 0 0 0.0841739
247 248 0.0110017 0 0 0 0 0 0 0.0110017
248 249 0.00124656 0 -1.40905 0 0 0 0 -1.4078
249 250 0.224794 0 -0 0 0 0 0 0.224794
250 251 0.0282238 0 0 0 0 0 0 0.0282238
251 252 0.139556 0 0 0 0 0 0 0.139556
252 253 0.00952975 0 -1.33372 0 0 0 0 -1.32419
253 254 0.0876441 0 0 0 0 0 0 0.0876441
254 255 0.00847855 0 0 0 0 0 0 0.00847855
255 256 2.62621e-05 0 -1.07154 0 0 0 0 -1.07152
256 257 0.00442612 0 0 0 0 0 0 0.00442612
257 258 0.0218574 0 -0.955768 0 0 0 0 -0.93391
258 259 0.00585494 0 -1.23049 0 0 0 0 -1.22464
260 261 0.0558914 0 -1.242 0 0 0 0 -1.18611
261 262 0.00116426 0 0 0 0 0 0 0.00116426
262 263 0.126858 0 0 0 0 0 0 0.126858
263 264 0.0248293 0 -1.14605 0 0 0 0 -1.12122
264 265 0.0166247 0 -1.28569 0 0 0 0 -1.26906
265 266 0.0213988 0 -1.17762 0 0 0 0 -1.15622
266 267 0.0736628 0 -0.525606 0 0 0 0 -0.451944
267 268 0.199478 0 0 0 0 0 0 0.199478
268 269 0.00669066 0 0 0 0 0 0 0.00669066
269 270 0.0202971 0 0 0 0 0 0 0.0202971
270 271 0.225949 0 0 0 0 0 0 0.225949
271 272 0.0341221 0 -1.31992 0 0 0 0 -1.28579
272 273 0.0668526 0 -1.17627 0 0 0 0 -1.10942
273 274 0.157873 0 -1.18618 0 0 0 0 -1.02831
274 275 0.0285415 0 -1.07374 0 0 0 0 -1.0452
275 276 0.000211358 0 -1.35255 0 0 0 0 -1.35234
276 277 0.00164391 0 -1.36814 0 0 0 0 -1.3665
277 278 0.0495809 0 0 0 0 0 0 0.0495809
278 279 0.000115104 0 -0.657201 0 0 0 0 -0.657086
280 281 0.0357516 0 -1.29382 0 0 0 0 -1.25807
281 282 0.00304518 0 -1.35747 0 0 0 0 -1.35443
282 283 0.00410126 0 -1.32902 0 0 0 0 -1.32492
283 284 0.0340398 0 0 0 0 0 0 0.0340398
284 285 0.00351148 0 0 0 0 0 0 0.00351148
285 286 0.0533827 0 -1.35893 0 0 0 0 -1.30555
286 287 0.0463016 0 0 0 0 0 0 0.0463016
287 288 0.0223239 0 0 0 0 0 0 0.0223239
288 289 0.0338885 0 -1.06127 0 0 0 0 -1.02738
289 290 0.309846 0 -1.063 0 0 0 0 -0.753155
290 291 0.0898937 0 -1.46312 0 0 0 0 -1.37322
291 292 0.0106275 0 -1.42145 0 0 0 0 -1.41082
292 293 1.34781e-05 0 -1.26005 0 0 0 0 -1.26004
293 294 0.0264611 0 -1.336 0 0 0 0 -1.30954
294 295 0.0421128 0 -1.23545 0 0 0 0 -1.19334
295 296 0.000834226 0 -1.27102 0 0 0 0 -1.27018
296 297 0.0257444 0 0 0 0 0 0 0.0257444
297 298 0.232583 0 -0.975407 0 0 0 0 -0.742824
298 299 0.119412 0 -1.3643 0 0 0 0 -1.24489
300 301 0.0378616 0 -0.923262 0 0 0 0 -0.885401
301 302 0.0876073 0 -1.19574 0 0 0 0 -1.10814
302 303 0.0194131 0 0 0 0 0 0 0.0194131
303 304 0.000850396 0 0 0 0 0 0 0.000850396
304 305 0.00165599 0 0 0 0 0 0 0.00165599
305 306 0.000477615 0 -1.16003 0 0 0 0 -1.15956
306 307 0.000778312 0 -0 0 0 0 0 0.000778312
307 308 0.0252924 0 -1.16852 0 0 0 0 -1.14323
308 309 0.0608938 0 0 0 0 0 0 0.0608938
309 310 0.0443369 0 -1.2741 0 0 0 0 -1.22976
310 311 7.93346e-06 0 -1.41012 0 0 0 0 -1.41012
311 312 0.183121 0 0 0 0 0 0 0.183121
312 313 0.0569052 0 -1.39984 0 0 0 0 -1.34293
313 314 0.000613998 0 -1.30045 0 0 0 0 -1.29984
314 315 0.00289105 0 0 0 0 0 0 0.00289105
315 316 0.099223 0 -1.27331 0 0 0 0 -1.17409
316 317 0.154032 0 -2.39741e-05 0 0 0 0 0.154008
317 318 0.049374 0 -0.798555 0 0 0 0 -0.749181
318 319 0.00149888 0 0 0 0 0 0 0.00149888
320 321 0.00083475 0 -1.3785 0 0 0 0 -1.37767
321 322 0.0209976 0 -0.701123 0 0 0 0 -0.680126
322 323 0.00588051 0 -1.28005 0 0 0 0 -1.27417
323 324 0.00407875 0 -0.900435 0 0 0 0 -0.896356
324 325 0.0381402 0 -1.29208 0 0 0 0 -1.25394
325 326 0.227441 0 -0.772055 0 0 0 0 -0.544614
326 327 0.0150655 0 -1.08948 0 0 0 0 -1.07442
327 328 0.319625 0 -1.0027 0 0 0 0 -0.683078
328 329 0.00863607 0 -0.82489 0 0 0 0 -0.816254
325 330 0 0 0 0 -0 -0.0279486 0 -0.0279486
329 330 0.00390138 0 0 0 0 0 0 0.00390138
324 331 0 0 0 0 -0 -0.1649 0 -0.1649
330 331 0.000444679 0 -1.02071 0 0 0 0 -1.02026
325 332 0 0 0 0 0 -0.0960718 0 -0.0960718
324 332 0 0 0 0 -0.796567 0 -0 -0.796567
323 332 0 0 0 0 0 -0.109331 0 -0.109331
331 332 0.0021477 0 -1.20696 0 0 0 0 -1.20481
324 333 0 0 0 0 0 -0.192664 0 -0.192664
323 333 0 0 0 0 -0.696821 0 -0 -0.696821
322 333 0 0 0 0 -7.75067e-31 -0.111101 -0 -0.111101
332 333 0.0402186 0 -1.37913 0 0 0 0 -1.33891
323 334 0 0 0 0 -0 -0.102924 0 -0.102924
322 334 0 0 0 0 -0.582723 0 -0 -0.582723
321 334 0 0 0 0 -0 -0.149643 -0 -0.149643
333 334 0.084729 0 -1.09072 0 0 0 0 -1.00599
322 335 0 0 0 0 -0 -0.111387 0 -0.111387
321 335 0 0 0 0 -0.899034 0 -0 -0.899034
320 335 0 0 0 0 0 -0.190485 0 -0.190485
334 335 0.0517789 0 -1.30625 0 0 0 0 -1.25447
321 336 0 0 0 0 0 -0.1943 -0 -0.1943
335 336 0.0486505 0 -1.39897 0 0 0 0 -1.35032
336 337 0.00983979 0 0 0 0 0 0 0.00983979
337 338 0.0272595 0 0 0 0 0 0 0.0272595
338 339 0.0948471 0 0 0 0 0 0 0.0948471
340 341 0.160815 0 0 0 0 0 0 0.160815
341 342 0.0126476 0 0 0 0 0 0 0.0126476
342 343 0.000207496 0 -1.1088 0 0 0 0 -1.10859
343 344 0.00204147 0 -0.842875 0 0 0 0 -0.840834
344 345 0.00281482 0 -1.20609 0 0 0 0 -1.20327
344 346 0 0 0 0 -0 -9.36953e-11 0 -9.36953e-11
345 346 0.00337304 0 -1.0031 0 0 0 0 -0.999725
346 347 0.0468583 0 -1.33529 0 0 0 0 -1.28843
347 348 0.154768 0 -1.36011 0 0 0 0 -1.20534
348 349 0.0225767 0 0 0 0 0 0 0.0225767
349 350 0.0267781 0 -1.2917 0 0 0 0 -1.26492
350 351 0.121006 0 -1.2923 0 0 0 0 -1.1713
351 352 0.0850357 0 -0 0 0 0 0 0.0850357
352 353 0.0528598 0 -0.969032 0 0 0 0 -0.916172
353 354 0.0340764 0 0 0 0 0 0 0.0340764
354 355 0.0755671 0 0 0 0 0 0 0.0755671
355 356 0.0118388 0 0 0 0 0 0 0.0118388
356 357 0.00861855 0 0 0 0 0 0 0.00861855
357 358 0.0179588 0 -1.12504 0 0 0 0 -1.10708
358 359 0.000918357 0 0 0 0 0 0 0.000918357
360 361 0.102258 0 0 0 0 0 0 0.102258
361 362 0.00944693 0 -1.25954 0 0 0 0 -1.2501
362 363 0.02521 0 -1.15238 0 0 0 0 -1.12717
363 364 0.0445296 0 -1.32332 0 0 0 0 -1.2788
364 365 0.0189704 0 -1.05953 0 0 0 0 -1.04056
365 366 0.0145973 0 -1.24435 0 0 0 0 -1.22975
366 367 0.000208306 0 0 0 0 0 0 0.000208306
367 368 0.0316577 0 0 0 0 0 0 0.0316577
368 369 0.000735088 0 0 0 0 0 0 0.000735088
369 370 0.00175539 0 0 0 0 0 0 0.00175539
370 371 0.0447028 0 0 0 0 0 0 0.0447028
371 372 0.00217052 0 -0 0 0 0 0 0.00217052
372 373 0.0524489 0 0 0 0 0 0 0.0524489
373 374 0.0216024 0 0 0 0 0 0 0.0216024
374 375 0.197236 0 0 0 0 0 0 0.197236
375 376 0.0307374 0 0 0 0 0 0 0.0307374
376 377 0.0671646 0 -0.973438 0 0 0 0 -0.906274
377 378 0.000666662 0 0 0 0 0 0 0.000666662
378 379 0.0438249 0 -1.2248 0 0 0 0 -1.18097
380 381 0.0120444 0 -1.00249 0 0 0 0 -0.990446
381 382 0.0118168 0 -1.0477 0 0 0 0 -1.03589
382 383 0.194608 0 -1.23712 0 0 0 0 -1.04251
383 384 0.00536332 0 -1.25968 0 0 0 0 -1.25432
384 385 4.14158e-06 0 -1.32889 0 0 0 0 -1.32889
385 386 0.000584406 0 -1.28711 0 0 0 0 -1.28653
386 387 0.00850413 0 -1.151 0 0 0 0 -1.1425
387 388 0.00457294 0 -1.0949 0 0 0 0 -1.09033
388 389 0.0589606 0 -1.28841 0 0 0 0 -1.22945
389 390 0.000269108 0 0 0 0 0 0 0.000269108
390 391 0.0375816 0 -0.000213371 0 0 0 0 0.0373682
391 392 0.000310921 0 -1.15573 0 0 0 0 -1.15542
392 393 0.243745 0 -1.43576 0 0 0 0 -1.19202
393 394 0.0990844 0 0 0 0 0 0 0.0990844
394 395 0.000601334 0 -1.26624 0 0 0 0 -1.26564
395 396 0.031748 0 -1.3505 0 0 0 0 -1.31875
396 397 0.0176931 0.0293728 -0.828281 0 0 0 0 -0.781215
397 398 0.106022 0 -1.41415 0 0 0 0 -1.30812
398 399 0.136543 0 0 0 0 0 0 0.136543
400 401 0.014093 0 -1.27312 0 0 0 0 -1.25902
401 402 0.012484 0 -0.45645 0 0 0 0 -0.443966
402 403 0.0657736 0 0 0 0 0 0 0.0657736
403 404 0.0207531 0 -1.41947 0 0 0 0 -1.39871
404 405 0.00129358 0 -1.38064 0 0 0 0 -1.37935
405 406 0.0586204 0 -0.834551 0 0 0 0 -0.775931
406 407 0.0192941 0 -1.32905 0 0 0 0 -1.30976
407 408 0.0045915 0 -1.32062 0 0 0 0 -1.31603
408 409 0.0219222 0 -0.815931 0 0 0 0 -0.794009
409 410 0.166149 0 -1.10545 0 0 0 0 -0.939305
410 411 0.0864558 0 -1.23924 0 0 0 0 -1.15279
411 412 0.023321 0 0 0 0 0 0 0.023321
412 413 0.0104255 0 -0 0 0 0 0 0.0104255
413 414 0.027723 0 0 0 0 0 0 0.027723
414 415 0.0327101 0 -1.2925 0 0 0 0 -1.25979
415 416 0.07429 0 -1.17649 0 0 0 0 -1.1022
416 417 0.0171515 0 0 0 0 0 0 0.0171515
417 418 0.0371673 0 0 0 0 0 0 0.0371673
418 419 0.133804 0 -1.05248 0 0 0 0 -0.91868
420 421 0.0120257 0 0 0 0 0 0 0.0120257
421 422 0.0295161 0 -0.361031 0 0 0 0 -0.331515
422 423 0.0321052 0 0 0 0 0 0 0.0321052
423 424 0.134568 0 0 0 0 0 0 0.134568
423 425 0 0 0 0.000970584 0 0 0 0.000970584
424 425 0.0771034 0 -0.982084 0 0 0 0 -0.90498
425 426 0.0585822 0 -0 0 0 0 0 0.0585822
426 427 0.149563 0 0 0 0 0 0 0.149563
427 428 0.230524 0 -1.23767 0 0 0 0 -1.00714
428 429 0.0451654 0 -1.13698 0 0 0 0 -1.09182
429 430 0.0168347 0 0 0 0 0 0 0.0168347
430 431 0.0487328 0 -1.31723 0 0 0 0 -1.26849
431 432 0.00774501 0 -1.25135 0 0 0 0 -1.2436
432 433 0.00391339 0 0 0 0 0 0 0.00391339
433 434 0.0183748 0 0 0 0 0 0 0.0183748
434 435 0.0144004 0 -0 0 0 0 0 0.0144004
435 436 0.0288161 0 0 0 0 0 0 0.0288161
436 437 0.00249718 0 -1.35944 0 0 0 0 -1.35694
437 438 0.0305726 0 -1.30674 0 0 0 0 -1.27617
438 439 0.082661 0 -1.12144 0 0 0 0 -1.03878
440 441 0.0477448 0 -1.2975 0 0 0 0 -1.24976
441 442 0.0154094 0 -1.15506 0 0 0 0 -1.13965
442 443 0.00501567 0 -1.32197 0 0 0 0 -1.31696
443 444 0.0444792 0 -1.25591 0 0 0 0 -1.21143
444 445 0.00853836 0 0 0 0 0 0 0.00853836
445 446 0.000385416 0 0 0 0 0 0 0.000385416
446 447 0.0627925 0 0 0 0 0 0 0.0627925
447 448 0.00132995 0 0 0 0 0 0 0.00132995
448 449 0.0232459 0 -1.40791 0 0 0 0 -1.38466
449 450 0.0886365 0 0 0 0 0 0 0.0886365
450 451 0.000623497 0 -1.14386 0 0 0 0 -1.14323
451 452 0.00179758 0 -1.33214 0 0 0 0 -1.33034
452 453 0.00516518 0 -1.33989 0 0 0 0 -1.33472
453 454 0.0610923 0 0 0 0 0 0 0.0610923
454 455 0.00463328 0 -0.920766 0 0 0 0 -0.916132
455 456 0.0364807 0 0 0 0 0 0 0.0364807
456 457 0.0618256 0 -0 0 0 0 0 0.0618256
457 458 0.015723 0 -1.23188 0 0 0 0 -1.21616
458 459 0.011825 0 -1.37814 0 0 0 0 -1.36632
460 461 0.0383551 0 -1.30743 0 0 0 0 -1.26907
461 462 0.24287 0 0 0 0 0 0 0.24287
462 463 0.00130726 0 -0 0 0 0 0 0.00130726
463 464 0.0398026 0 0 0 0 0 0 0.0398026
463 465 0 0 0 0.00657207 0 0 0 0.00657207
464 465 0.000558487 0 0 0 0 0 0 0.000558487
465 466 0.0982334 0 0 0 0 0 0 0.0982334
466 467 0.00090028 0 -1.26845 0 0 0 0 -1.26755
467 468 0.207555 0 0 0 0 0 0 0.207555
468 469 0.00484756 0 -1.02363 0 0 0 0 -1.01878
469 470 0.291881 0 0 0 0 0 0 0.291881
470 471 0.00799884 0 0 0 0 0 0 0.00799884
471 472 0.0234156 0 -0.908382 0 0 0 0 -0.884966
472 473 0.00413885 0 0 0 0 0 0 0.00413885
473 474 0.00198204 0 0 0 0 0 0 0.00198204
474 475 0.000521974 0 0 0 0 0 0 0.000521974
475 476 0.133311 0 -0.898745 0 0 0 0 -0.765435
476 477 0.122695 0 0 0 0 0 0 0.122695
477 478 0.0049407 0 -0.913006 0 0 0 0 -0.908065
478 479 0.000114198 0 -1.31857 0 0 0 0 -1.31845
480 481 0.0052451 0 0 0 0 0 0 0.0052451
481 482 0.19436 0 -0 0 0 0 0 0.19436
482 483 0.0519638 0 0 0 0 0 0 0.0519638
483 484 0.149723 0 -1.22852 0 0 0 0 -1.0788
484 485 0.00683492 0 -1.28688 0 0 0 0 -1.28004
485 486 0.0167395 0 -0 0 0 0 0 0.0167395
486 487 0.073807 0 0 0 0 0 0 0.073807
487 488 0.0479327 0 -1.16892 0 0 0 0 -1.12098
488 489 0.0332095 0 -0.68285 0 0 0 0 -0.64964
489 490 0.157054 0 -1.43311 0 0 0 0 -1.27605
490 491 0.141593 0 -1.26087 0 0 0 0 -1.11928
491 492 0.00041603 0 0 0 0 0 0 0.00041603
492 493 0.0216365 0 0 0 0 0 0 0.0216365
488 494 0 0 0 0 -0.00195665 -0.00770393 0 -0.00966058
487 494 0 0 0 0 0 -0.203535 0 -0.203535
493 494 0.0375501 0 -0.78705 0 0 0 0 -0.7495
488 495 0 0 0 0 0 -0.0173809 0 -0.0173809
487 495 0 0 0 0 -0.712184 0 -0 -0.712184
494 495 0.0875199 0 -1.1873 0 0 0 0 -1.09978
487 496 0 0 0 0 -0 -0.167206 0 -0.167206
495 496 0.0332364 0 -1.03026 0 0 0 0 -0.997026
496 497 0.0115066 0 0 0 0 0 0 0.0115066
497 498 0.0239036 0 -0 0 0 0 0 0.0239036
498 499 0.0711201 0 0 0 0 0 0 0.0711201
500 501 0.0258757 0 -0.948626 0 0 0 0 -0.922751
501 502 0.00143007 0 -1.2316 0 0 0 0 -1.23017
502 503 0.23861 0 -1.21791 0 0 0 0 -0.979297
503 504 0.000527276 0 -1.08817 0 0 0 0 -1.08765
504 505 0.214683 0 0 0 0 0 0 0.214683
505 506 0.099998 0 -0.765447 0 0 0 0 -0.665449
506 507 0.041894 0 0 0 0 0 0 0.041894
507 508 0.00253481 0 0 0 0 0 0 0.00253481
508 509 0.11316 0 0 0 0 0 0 0.11316
509 510 3.72523e-06 0 -1.0382 0 0 0 0 -1.03819
510 511 0.000376839 0 0 0 0 0 0 0.000376839
511 512 0.0317956 0 0 0 0 0 0 0.0317956
512 513 0.37348 0 0 0 0 0 0 0.37348
513 514 0.0121071 0 0 0 0 0 0 0.0121071
514 515 0.00145887 0 0 0 0 0 0 0.00145887
515 516 0.13447 0 -0 0 0 0 0 0.13447
516 517 0.035213 0 0 0 0 0 0 0.035213
517 518 0.0795684 0 0 0 0 0 0 0.0795684
518 519 0.0815127 0 -1.36955 0 0 0 0 -1.28803
520 521 0.112752 0 -1.25597 0 0 0 0 -1.14322
521 522 0.00454018 0 0 0 0 0 0 0.00454018
522 523 0.0225574 0 0 0 0 0 0 0.0225574
523 524 0.000882768 0 -1.28241 0 0 0 0 -1.28153
524 525 0.0013289 0 -1.13429 0 0 0 0 -1.13296
525 526 0.00142131 0 -1.28844 0 0 0 0 -1.28702
526 527 0.0770023 0 0 0 0 0 0 0.0770023
527 528 0.0831669 0 0 0 0 0 0 0.0831669
528 529 0.0595061 0 -0 0 0 0 0 0.0595061
529 530 0.0224004 0 0 0 0 0 0 0.0224004
530 531 0.0665022 0 0 0 0 0 0 0.0665022
531 532 0.010503 0 0 0 0 0 0 0.010503
532 533 0.199163 0 -1.43355 0 0 0 0 -1.23438
533 534 0.0559477 0 -1.20137 0 0 0 0 -1.14543
534 535 0.189489 0 -1.40733 0 0 0 0 -1.21785
535 536 0.0029711 0 -0 0 0 0 0 0.0029711
536 537 0.0437186 0 -1.2583 0 0 0 0 -1.21458
537 538 0.0025602 0 0 0 0 0 0 0.0025602
538 539 0.00250784 0 -1.21587 0 0 0 0 -1.21337
540 541 0.0185341 0 -1.33207 0 0 0 0 -1.31353
541 542 0.0329658 0 -1.26757 0 0 0 0 -1.2346
542 543 0.000586409 0 -0.0239697 0 0 0 0 -0.0233833
543 544 0.147636 0 -0 0 0 0 0 0.147636
544 545 0.00035686 0 -0.864066 0 0 0 0 -0.863709
543 546 0 0 0 0 0 -0.00362113 0 -0.00362113
545 546 0.00245193 0 -1.28367 0 0 0 0 -1.28122
546 547 0.00352151 0 0 0 0 0 0 0.00352151
547 548 0.0165765 0 0 0 0 0 0 0.0165765
548 549 0.0160327 0 -1.27325 0 0 0 0 -1.25722
549 550 0.195972 0 -0 0 0 0 0 0.195972
550 551 0.0317696 0 0 0 0 0 0 0.0317696
551 552 0.0246659 0 -1.03555 0 0 0 0 -1.01089
552 553 0.0554814 0 0 0 0 0 0 0.0554814
553 554 0.00319325 0 0 0 0 0 0 0.00319325
554 555 0.0413541 0 0 0 0 0 0 0.0413541
555 556 0.0243657 0 -1.06982 0 0 0 0 -1.04546
556 557 0.134402 0 -0.806447 0 0 0 0 -0.672045
557 558 0.000327349 0 0 0 0 0 0 0.000327349
558 559 0.0041869 0 -0 0 0 0 0 0.0041869
560 561 0.00223347 0 -1.31009 0 0 0 0 -1.30785
561 562 0.0297549 0 0 0 0 0 0 0.0297549
562 563 0.00963691 0 0 0 0 0 0 0.00963691
563 564 0.158311 0 -0.636437 0 0 0 0 -0.478126
564 565 0.00732197 0 -1.37061 0 0 0 0 -1.36329
565 566 0.117661 0 0 0 0 0 0 0.117661
566 567 0.000674256 0 0 0 0 0 0 0.000674256
567 568 0.226559 0 -1.30974 0 0 0 0 -1.08318
568 569 0.029737 0 0 0 0 0 0 0.029737
569 570 0.000305629 0 -1.17562 0 0 0 0 -1.17531
570 571 0.180449 0 -1.18446 0 0 0 0 -1.00401
571 572 0.0122467 0 -1.1164 0 0 0 0 -1.10416
572 573 0.00362498 0 0 0 0 0 0 0.00362498
573 574 0.101813 0 0 0 0 0 0 0.101813
574 575 0.214333 0 -0.953734 0 0 0 0 -0.739401
575 576 0.219877 0 0 0 0 0 0 0.219877
576 577 0.0064251 0 -1.20517 0 0 0 0 -1.19874
577 578 0.0126623 0 -1.34477 0 0 0 0 -1.33211
578 579 0.0876411 0 -1.29547 0 0 0 0 -1.20783
580 581 0.219989 0 -1.21628 0 0 0 0 -0.99629
581 582 4.46985e-05 0 0 0 0 0 0 4.46985e-05
582 583 0.0010811 0 -1.28609 0 0 0 0 -1.28501
583 584 0.0217812 0 -1.35823 0 0 0 0 -1.33645
584 585 2.2655e-05 0 -1.14926 0 0 0 0 -1.14923
585 586 0.0419556 0 0 0 0 0 0 0.0419556
586 587 0.000129272 0 -0 0 0 0 0 0.000129272
587 588 0.0479179 0 -0 0 0 0 0 0.0479179
588 589 0.00289586 0 0 0 0 0 0 0.00289586
589 590 0.0425093 0 -1.23377 0 0 0 0 -1.19126
590 591 0.0042338 0 -0 0 0 0 0 0.0042338
591 592 0.0537112 0 -1.05536 0 0 0 0 -1.00165
592 593 0.0617297 0 -1.24549 0 0 0 0 -1.18376
593 594 7.49439e-05 0 -1.25406 0 0 0 0 -1.25399
594 595 0.0686741 0 0 0 0 0 0 0.0686741
595 596 0.00634134 0 -1.18621 0 0 0 0 -1.17987
596 597 0.163622 0 -1.07406 0 0 0 0 -0.910442
597 598 0.0462848 0 0 0 0 0 0 0.0462848
598 599 0.0014186 0 0 0 0 0 0 0.0014186
600 601 0.00139929 0 -1.16608 0 0 0 0 -1.16469
601 602 0.00694429 0 -1.20604 0 0 0 0 -1.19909
602 603 0.0410896 0 -1.04642 0 0 0 0 -1.00534
603 604 0.202795 0 -1.29253 0 0 0 0 -1.08974
604 605 0.0655462 0 -1.40187 0 0 0 0 -1.33632
605 606 0.0223914 0 0 0 0 0 0 0.0223914
606 607 0.0103866 0 -1.197 0 0 0 0 -1.18662
607 608 0.0196258 0 -1.24249 0 0 0 0 -1.22287
608 609 0.0118903 0 0 0 0 0 0 0.0118903
609 610 0.0511818 0 -0 0 0 0 0 0.0511818
605 611 0 0 0 0 -0.180272 -3.64261e-06 -0 -0.180276
604 611 0 0 0 0 -0 -0.154236 0 -0.154236
610 611 0.26828 0 0 0 0 0 0 0.26828
605 612 0 0 0 0 -0 -0.204286 0 -0.204286
604 612 0 0 0 0 -0.798512 0 -0 -0.798512
603 612 0 0 0 0 -0 -0.148181 -0 -0.148181
611 612 0.0864111 0 -1.38845 0 0 0 0 -1.30204
604 613 0 0 0 0 -0 -0.069569 0 -0.069569
603 613 0 0 0 0 -0.68751 0 -0 -0.68751
602 613 0 0 0 0 0 -0.161664 0 -0.161664
612 613 0.00126917 0 -0.647387 0 0 0 0 -0.646117
603 614 0 0 0 0 0 -0.0941497 -0 -0.0941497
602 614 0 0 0 0 -0.577807 -7.02692e-09 -0 -0.577807
601 614 0 0 0 0 -0 -0.161617 0 -0.161617
613 614 0.000610954 0 -1.26503 0 0 0 0 -1.26442
602 615 0 0 0 0 0 -0.0310956 -0 -0.0310956
614 615 0.059867 0 -1.11159 0 0 0 0 -1.05172
615 616 0.00271813 0 0 0 0 0 0 0.00271813
616 617 0.0181775 0 -1.22923 0 0 0 0 -1.21105
617 618 0.0388151 0 0 0 0 0 0 0.0388151
618 619 0.0162026 0 0 0 0 0 0 0.0162026
620 621 0.171648 0 -0.698952 0 0 0 0 -0.527304
621 622 0.0481003 0 -1.0238 0 0 0 0 -0.975697
622 623 0.00684787 0 -1.15474 0 0 0 0 -1.14789
623 624 0.00280977 0 -0.733749 0 0 0 0 -0.73094
624 625 0.0227665 0 -1.32108 0 0 0 0 -1.29831
625 626 0.00489224 0 0 0 0 0 0 0.00489224
626 627 0.0180256 0 -0.948939 0 0 0 0 -0.930914
627 628 0.022351 0 -1.0857 0 0 0 0 -1.06335
628 629 0.0196396 0 -0 0 0 0 0 0.0196396
629 630 0.135739 0 0 0 0 0 0 0.135739
630 631 0.000627611 0 0 0 0 0 0 0.000627611
631 632 4.50044e-05 0 -1.256 0 0 0 0 -1.25595
632 633 0.000385206 0 -1.10224 0 0 0 0 -1.10186
633 634 0.0250234 0 -1.19591 0 0 0 0 -1.17088
634 635 0.00224572 0 -1.04275 0 0 0 0 -1.04051
635 636 0.01359 0 -1.16521 0 0 0 0 -1.15162
636 637 0.0284054 0 -1.23871 0 0 0 0 -1.21031
637 638 0.0616839 0 -1.28868 0 0 0 0 -1.227
638 639 0.0453084 0 0 0 0 0 0 0.0453084
640 641 0.0221549 0 -0 0 0 0 0 0.0221549
641 642 0.0294701 0 -1.39164 0 0 0 0 -1.36217
642 643 0.00418462 0 -1.36046 0 0 0 0 -1.35627
643 644 0.000123548 0 0 0 0 0 0 0.000123548
644 645 0.00182574 0 0 0 0 0 0 0.00182574
645 646 0.0221038 0 0 0 0 0 0 0.0221038
646 647 0.0997222 0 0 0 0 0 0 0.0997222
647 648 1.90061e-05 0 -1.26725 0 0 0 0 -1.26723
648 649 0.00175572 0 -1.14055 0 0 0 0 -1.1388
649 650 0.00463908 0 -0.956224 0 0 0 0 -0.951585
650 651 4.05218e-05 0 -1.07306 0 0 0 0 -1.07302
651 652 0.019854 0 -0.919076 0 0 0 0 -0.899222
652 653 0.0116824 0 -1.09002 0 0 0 0 -1.07834
653 654 0.00650574 0 -1.35711 0 0 0 0 -1.3506
654 655 0.0264096 0 -1.29319 0 0 0 0 -1.26678
655 656 0.12337 0 0 0 0 0 0 0.12337
656 657 0.019753 0 0 0 0 0 0 0.019753
657 658 0.000768855 0 -1.06962 0 0 0 0 -1.06885
658 659 0.00316461 0 -0 0 0 0 0 0.00316461
660 661 0.0861729 0 -0 0 0 0 0 0.0861729
661 662 0.000824526 0 0 0 0 0 0 0.000824526
662 663 0.0354912 0 0 0 0 0 0 0.0354912
663 664 0.0012166 0 -1.25743 0 0 0 0 -1.25621
664 665 0.0425933 0 0 0 0 0 0 0.0425933
665 666 0.00641933 0 -1.1755 0 0 0 0 -1.16908
666 667 0.0212895 0 -1.20574 0 0 0 0 -1.18445
667 668 0.0160373 0 -1.07617 0 0 0 0 -1.06013
668 669 0.000571011 0 0 0 0 0 0 0.000571011
669 670 0.0180168 0 -1.10966 0 0 0 0 -1.09165
670 671 0.00696844 0 -1.16646 0 0 0 0 -1.1595
671 672 0.0109728 0 -0.920707 0 0 0 0 -0.909734
672 673 0.111848 0 -1.21286 0 0 0 0 -1.10101
673 674 0.0865488 0 0 0 0 0 0 0.0865488
674 675 0.000373627 0 0 0 0 0 0 0.000373627
675 676 0.00474955 0 0 0 0 0 0 0.00474955
676 677 0.0099182 0 -1.42474 0 0 0 0 -1.41483
677 678 0.0848558 0 -1.04066 0 0 0 0 -0.955807
678 679 0.12098 0 -1.19048 0 0 0 0 -1.0695
680 681 0.0245944 0 -1.22027 0 0 0 0 -1.19568
681 682 0.201281 0 0 0 0 0 0 0.201281
682 683 0.0115059 0 0 0 0 0 0 0.0115059
683 684 0.000713852 0 -1.3461 0 0 0 0 -1.34538
684 685 0.0111877 0 -1.37134 0 0 0 0 -1.36016
685 686 0.000444527 0 -1.40866 0 0 0 0 -1.40821
686 687 0.0101183 0 0 0 0 0 0 0.0101183
687 688 0.000106664 0 -1.26443 0 0 0 0 -1.26433
688 689 0.0117091 0 -1.1723 0 0 0 0 -1.16059
686 690 0 0 0 0 0 -0.0018579 -0 -0.0018579
689 690 0.0623075 0 -1.06432 0 0 0 0 -1.00201
686 691 0 0 0 0 0 -0.0940393 0 -0.0940393
685 691 0 0 0 0 -0.284408 0 -0 -0.284408
684 691 0 0 0 0 -1.45761e-28 -0.103751 -0 -0.103751
690 691 0.00149623 0 -0.8261 0 0 0 0 -0.824604
685 692 0 0 0 0 -0 -0.138095 0 -0.138095
684 692 0 0 0 0 -0.828318 0 -0 -0.828318
683 692 0 0 0 0 -3.29511e-32 -0.164297 -0 -0.164297
691 692 0.066764 0 -1.16045 0 0 0 0 -1.09368
684 693 0 0 0 0 -0 -0.18162 0 -0.18162
683 693 0 0 0 0 -0.685566 0 -0 -0.685566
692 693 0.00254642 0 -1.29294 0 0 0 0 -1.29039
683 694 0 0 0 0 0 -0.0175981 0 -0.0175981
693 694 0.351 0 -1.05946 0 0 0 0 -0.708463
694 695 0.000425941 0 -0.985432 0 0 0 0 -0.985006
695 696 0.0329962 0 0 0 0 0 0 0.0329962
696 697 0.0120127 0 0 0 0 0 0 0.0120127
697 698 0.0358031 0 0 0 0 0 0 0.0358031
698 699 0.0165898 0 -0 0 0 0 0 0.0165898
700 701 0.210782 0 0 0 0 0 0 0.210782
701 702 0.0198291 0 -1.41752 0 0 0 0 -1.3977
702 703 0.0225255 0 -1.33932 0 0 0 0 -1.31679
703 704 0.0206859 0 -0.904046 0 0 0 0 -0.88336
704 705 0.0319346 0 -0.820153 0 0 0 0 -0.788218
705 706 0.00790235 0 -0 0 0 0 0 0.00790235
706 707 0.00047175 0 0 0 0 0 0 0.00047175
707 708 0.0980955 0 -0 0 0 0 0 0.0980955
708 709 0.0789073 0 -1.12585 0 0 0 0 -1.04694
709 710 0.0137697 0 -1.34841 0 0 0 0 -1.33464
710 711 0.0101906 0 -1.20657 0 0 0 0 -1.19638
711 712 0.000186768 0 -0.894147 0 0 0 0 -0.89396
712 713 0.0134885 0 -1.39628 0 0 0 0 -1.38279
713 714 0.0671455 0 -1.38993 0 0 0 0 -1.32279
714 715 0.00883223 0 -1.2343 0 0 0 0 -1.22547
715 716 0.0795183 0 0 0 0 0 0 0.0795183
716 717 0.0853266 0 -0.803032 0 0 0 0 -0.717705
717 718 0.127634 0 -1.27837 0 0 0 0 -1.15073
718 719 0.00891721 0 -1.13648 0 0 0 0 -1.12757
720 721 0.174762 0 -1.05974 0 0 0 0 -0.884983
721 722 0.0382961 0 0 0 0 0 0 0.0382961
722 723 0.0900907 0 -1.04968 0 0 0 0 -0.959591
723 724 0.0519478 0 -1.34249 0 0 0 0 -1.29054
724 725 0.082034 0 -1.15689 0 0 0 0 -1.07485
725 726 0.0245306 0 0 0 0 0 0 0.0245306
726 727 0.0648482 0 0 0 0 0 0 0.0648482
727 728 0.00867944 0 0 0 0 0 0 0.00867944
728 729 1.29589e-05 0 -1.17842 0 0 0 0 -1.17841
729 730 0.0942519 0 0 0 0 0 0 0.0942519
730 731 0.0675441 0 -1.3425 0 0 0 0 -1.27496
731 732 0.0919067 0 0 0 0 0 0 0.0919067
732 733 0.081896 0 -1.08485 0 0 0 0 -1.00295
733 734 0.0391243 0 -0.992522 0 0 0 0 -0.953398
734 735 0.0023409 0 0 0 0 0 0 0.0023409
735 736 0.00623648 0 -1.18531 0 0 0 0 -1.17907
736 737 4.6636e-05 0 0 0 0 0 0 4.6636e-05
737 738 0.17923 0 0 0 0 0 0 0.17923
738 739 0.253185 0 -1.18595 0 0 0 0 -0.932764
740 741 0.0147803 0 -0 0 0 0 0 0.0147803
741 742 0.0158447 0 0 0 0 0 0 0.0158447
742 743 0.00971204 0 -1.15666 0 0 0 0 -1.14695
743 744 0.101493 0 0 0 0 0 0 0.101493
744 745 0.0455504 0 -1.34716 0 0 0 0 -1.30161
745 746 0.0314509 0 -0.926584 0 0 0 0 -0.895133
746 747 0.0132582 0 -1.38705 0 0 0 0 -1.3738
747 748 0.007276 0 -1.23921 0 0 0 0 -1.23194
748 749 0.00279382 0 0 0 0 0 0 0.00279382
749 750 0.0103078 0 -1.10056 0 0 0 0 -1.09025
750 751 0.00186383 0 -1.12654 0 0 0 0 -1.12468
751 752 0.0147831 0 -1.23382 0 0 0 0 -1.21904
752 753 0.264801 0 -0 0 0 0 0 0.264801
753 754 0.0596962 0 -1.13373 0 0 0 0 -1.07404
754 755 0.0138022 0 -1.34551 0 0 0 0 -1.33171
755 756 0.0130793 0 -1.16143 0 0 0 0 -1.14835
756 757 0.00550793 0 -1.17827 0 0 0 0 -1.17276
757 758 0.0438712 0 -0.878982 0 0 0 0 -0.835111
758 759 0.0336825 0 0 0 0 0 0 0.0336825
760 761 0.0109086 0 0 0 0 0 0 0.0109086
761 762 0.0449261 0 -0 0 0 0 0 0.0449261
762 763 0.0626527 0 -0.324311 0 0 0 0 -0.261658
763 764 0.025121 0 -0.890519 0 0 0 0 -0.865398
764 765 0.000663993 0 -1.45784 0 0 0 0 -1.45718
765 766 0.000400075 0 -1.10833 0 0 0 0 -1.10793
766 767 0.113162 0 0 0 0 0 0 0.113162
767 768 0.000761099 0 -0.425242 0 0 0 0 -0.42448
768 769 0.0340106 0 -1.3096 0 0 0 0 -1.27559
769 770 0.00249712 0 -1.21375 0 0 0 0 -1.21125
770 771 2.25732e-07 0 0 0 0 0 0 2.25732e-07
771 772 0.00934791 0 0 0 0 0 0 0.00934791
772 773 0.0417138 0 -0 0 0 0 0 0.0417138
773 774 0.145347 0 0 0 0 0 0 0.145347
774 775 0.139198 0 -0.887158 0 0 0 0 -0.74796
763 776 0 0 0 0 -0 -4.18207e-05 0 -4.18207e-05
775 776 0.177903 0 -1.38232 0 0 0 0 -1.20442
776 777 0.000530385 0 0 0 0 0 0 0.000530385
777 778 0.0478307 0 0 0 0 0 0 0.0478307
778 779 0.036714 0 0 0 0 0 0 0.036714
780 781 0.284643 0 0 0 0 0 0 0.284643
781 782 0.278492 0 0 0 0 0 0 0.278492
782 783 1.36667e-07 0 0 0 0 0 0 1.36667e-07
783 784 0.000585875 0 -1.27945 0 0 0 0 -1.27886
784 785 0.0578406 0 -1.44435 0 0 0 0 -1.38651
785 786 0.0839471 0 -0.962099 0 0 0 0 -0.878152
786 787 0.0428737 0 -1.1306 0 0 0 0 -1.08773
787 788 0.0430911 0 0 0 0 0 0 0.0430911
788 789 0.0180566 0 0 0 0 0 0 0.0180566
789 790 0.187655 0 -1.25637 0 0 0 0 -1.06872
790 791 0.000198874 0 -1.08394 0 0 0 0 -1.08374
786 792 0 0 0 0 0 -0.0311934 0 -0.0311934
785 792 0 0 0 0 -0 -0.0823027 0 -0.0823027
791 792 0.122328 0 -1.01758 0 0 0 0 -0.895254
785 793 0 0 0 0 -0.667685 0 -0 -0.667685
784 793 0 0 0 0 -0 -0.172293 0 -0.172293
792 793 0.0296071 0 -1.3893 0 0 0 0 -1.35969
785 794 0 0 0 0 0 -0.0950527 0 -0.0950527
784 794 0 0 0 0 0 -0.00152301 -0 -0.00152301
783 794 0 0 0 0 0 -0.116468 0 -0.116468
793 794 6.97448e-05 0 -1.36173 0 0 0 0 -1.36166
794 795 0.0498217 0 -0 0 0 0 0 0.0498217
795 796 0.0432357 0 0 0 0 0 0 0.0432357
796 797 0.287171 0 0 0 0 0 0 0.287171
797 798 0.125345 0 -1.30581 0 0 0 0 -1.18047
798 799 0.00572434 0 -1.27422 0 0 0 0 -1.26849
800 801 0.000251301 0 -1.15415 0 0 0 0 -1.1539
801 802 0.044092 0 0 0 0 0 0 0.044092
802 803 0.0576035 0 -1.26525 0 0 0 0 -1.20765
803 804 0.0118658 0 -1.37452 0 0 0 0 -1.36266
804 805 0.00295857 0 0 0 0 0 0 0.00295857
805 806 4.49777e-05 0 -1.2677 0 0 0 0 -1.26766
806 807 4.65822e-06 0 0 0 0 0 0 4.65822e-06
807 808 0.000198495 0 -1.23873 0 0 0 0 -1.23853
808 809 3.12222e-05 0 -1.442 0 0 0 0 -1.44197
809 810 0.0259153 0 -1.22027 0 0 0 0 -1.19435
810 811 0.0299379 0 -1.33068 0 0 0 0 -1.30074
811 812 0.0743722 0 0 0 0 0 0 0.0743722
812 813 0.000313299 0 0 0 0 0 0 0.000313299
813 814 6.70153e-05 0 -0.314921 0 0 0 0 -0.314854
814 815 5.82114e-06 0 -1.17751 0 0 0 0 -1.1775
815 816 0.000938288 0 -1.05717 0 0 0 0 -1.05623
816 817 0.212681 0 -1.35755 0 0 0 0 -1.14487
817 818 0.000741681 0 -1.17141 0 0 0 0 -1.17067
818 819 0.295002 0 0 0 0 0 0 0.295002
820 821 0.313811 0 0 0 0 0 0 0.313811
821 822 0.0224944 0 0 0 0 0 0 0.0224944
822 823 0.0670727 0 -1.20999 0 0 0 0 -1.14292
823 824 0.146278 0 -0 0 0 0 0 0.146278
824 825 0.00265009 0 -1.3864 0 0 0 0 -1.38375
825 826 0.0208445 0 -1.1466 0 0 0 0 -1.12575
826 827 0.00717155 0 0 0 0 0 0 0.00717155
827 828 0.0186291 0 0 0 0 0 0 0.0186291
828 829 0.0237262 0 -0 0 0 0 0 0.0237262
829 830 0.00766162 0 0 0 0 0 0 0.00766162
830 831 0.0182222 0 0 0 0 0 0 0.0182222
831 832 0.000126507 0 -1.25484 0 0 0 0 -1.25471
832 833 0.0162032 0 -1.06102 0 0 0 0 -1.04482
833 834 0.0445734 0 0 0 0 0 0 0.0445734
834 835 0.0104724 0 0 0 0 0 0 0.0104724
835 836 0.0112879 0 -1.18258 0 0 0 0 -1.1713
836 837 0.269115 0 -1.16489 0 0 0 0 -0.895772
837 838 0.000274355 0 -1.15813 0 0 0 0 -1.15785
838 839 0.000918496 0 -1.39866 0 0 0 0 -1.39774
840 841 0.00384609 0 0 0 0 0 0 0.00384609
841 842 0.0608356 0 -1.33119 0 0 0 0 -1.27036
842 843 0.088702 0 -1.27889 0 0 0 0 -1.19019
843 844 0.256635 0 -0.933984 0 0 0 0 -0.677349
844 845 0.000630223 0 0 0 0 0 0 0.000630223
845 846 0.0102142 0 0 0 0 0 0 0.0102142
846 847 0.254112 0 -0.673064 0 0 0 0 -0.418951
847 848 0.000240462 0 0 0 0 0 0 0.000240462
848 849 0.00213487 0 0 0 0 0 0 0.00213487
849 850 0.00140642 0 -1.41191 0 0 0 0 -1.41051
850 851 0.0642983 0 -1.18009 0 0 0 0 -1.11579
851 852 0.000638473 0 -1.18233 0 0 0 0 -1.18169
852 853 0.00759754 0 -1.36055 0 0 0 0 -1.35295
853 854 0.0345923 0 -1.39142 0 0 0 0 -1.35683
854 855 0.24481 0 -0.650429 0 0 0 0 -0.40562
855 856 0.0419364 0 0 0 0 0 0 0.0419364
856 857 0.00605936 0 -0.859426 0 0 0 0 -0.853367
857 858 0.00717973 0 -1.15819 0 0 0 0 -1.15101
858 859 0.168633 0 -1.10987 0 0 0 0 -0.94124
860 861 0.00204187 0 -0.838696 0 0 0 0 -0.836654
861 862 0.00032035 0 -1.12564 0 0 0 0 -1.12532
862 863 0.0260731 0 -1.09281 0 0 0 0 -1.06674
863 864 0.101657 0 -0.971643 0 0 0 0 -0.869986
864 865 0.119806 0 -1.03056 0 0 0 0 -0.910758
865 866 0.213584 0 -1.13803 0 0 0 0 -0.924448
866 867 0.0745235 0 0 0 0 0 0 0.0745235
867 868 0.000171653 0 -0.915548 0 0 0 0 -0.915376
868 869 0.0760076 0 0 0 0 0 0 0.0760076
869 870 0.0223101 0 -1.27231 0 0 0 0 -1.25
870 871 0.00246052 0 -0.854983 0 0 0 0 -0.852523
871 872 0.00760058 0 0 0 0 0 0 0.00760058
872 873 0.211894 0 -1.25753 0 0 0 0 -1.04564
873 874 0.117619 0 -1.29434 0 0 0 0 -1.17672
874 875 0.0996067 0 0 0 0 0 0 0.0996067
875 876 0.0648718 0 0 0 0 0 0 0.0648718
876 877 0.0410784 0 -0.725061 0 0 0 0 -0.683982
877 878 0.0066382 2.49302e-05 0 0 0 0 0 0.00666313
878 879 0.176831 0 -0.762256 0 0 0 0 -0.585424
880 881 0.023175 0 -1.19457 0 0 0 0 -1.1714
881 882 0.0410626 0 -0.883541 0 0 0 0 -0.842479
882 883 0.000475871 0 -0.951561 0 0 0 0 -0.951086
883 884 0.00469628 0 -0.201957 0 0 0 0 -0.19726
884 885 0.0684752 0 -0.715456 0 0 0 0 -0.64698
885 886 0.045831 0 -1.18548 0 0 0 0 -1.13965
886 887 0.00370641 0 -0.911225 0 0 0 0 -0.907518
887 888 0.000305066 0 -1.14794 0 0 0 0 -1.14764
888 889 0.280079 0 -1.15052 0 0 0 0 -0.870441
889 890 0.000394228 0 -0.748407 0 0 0 0 -0.748013
890 891 0.0473438 0 -1.20766 0 0 0 0 -1.16032
891 892 0.00796916 0 0 0 0 0 0 0.00796916
892 893 0.0600135 0 -1.13616 0 0 0 0 -1.07615
893 894 0.208321 0 0 0 0 0 0 0.208321
894 895 0.357502 0 -0.584227 0 0 0 0 -0.226726
895 896 6.89206e-06 0 0 0 0 0 0 6.89206e-06
896 897 0.00194395 0 0 0 0 0 0 0.00194395
897 898 0.0231017 0 0 0 0 0 0 0.0231017
898 899 0.0678593 0 0 0 0 0 0 0.0678593
900 901 0.00504937 0 -1.21712 0 0 0 0 -1.21207
901 902 0.0107277 0 -1.37942 0 0 0 0 -1.36869
902 903 0.0325342 0 0 0 0 0 0 0.0325342
903 904 0.0131909 0 -0.95296 0 0 0 0 -0.939769
904 905 0.0699893 0 0 0 0 0 0 0.0699893
905 906 0.133109 0 -1.15469 0 0 0 0 -1.02158
906 907 0.061937 0 -1.30973 0 0 0 0 -1.2478
907 908 0.0403177 0.000778774 0 0 0 0 0 0.0410965
908 909 0.00672678 0 0 0 0 0 0 0.00672678
909 910 0.00258214 0 -0.775604 0 0 0 0 -0.773021
910 911 0.100405 0 -1.21051 0 0 0 0 -1.1101
911 912 0.0107213 0 -0.899963 0 0 0 0 -0.889242
912 913 0.0886811 0 -0.858259 0 0 0 0 -0.769578
913 914 0.109022 0 0 0 0 0 0 0.109022
914 915 0.0800533 0 0 0 0 0 0 0.0800533
915 916 0.0324849 0 -0 0 0 0 0 0.0324849
916 917 0.0323211 0 -1.08824 0 0 0 0 -1.05592
917 918 0.364097 0 0 0 0 0 0 0.364097
918 919 0.140433 0 0 0 0 0 0 0.140433
920 921 0.0225912 0 -1.08435 0 0 0 0 -1.06176
921 922 0.194368 0 0 0 0 0 0 0.194368
922 923 0.106574 0 -1.20259 0 0 0 0 -1.09602
923 924 0.0428593 0 0 0 0 0 0 0.0428593
924 925 0.0292159 0 -1.31608 0 0 0 0 -1.28686
925 926 0.0207982 0 -1.14603 0 0 0 0 -1.12523
926 927 0.00067817 0 0 0 0 0 0 0.00067817
927 928 0.0105732 0 -0.925279 0 0 0 0 -0.914706
928 929 2.34112e-06 0 0 0 0 0 0 2.34112e-06
929 930 0.00360678 0 -0 0 0 0 0 0.00360678
930 931 0.0243742 0 0 0 0 0 0 0.0243742
931 932 0.00155686 0 -1.1726 0 0 0 0 -1.17104
932 933 0.000714579 0 -1.21336 0 0 0 0 -1.21265
933 934 0.143154 0 0 0 0 0 0 0.143154
934 935 0.00817919 0 -0 0 0 0 0 0.00817919
935 936 0.00240003 0 0 0 0 0 0 0.00240003
936 937 0.0108058 0 -0.74463 0 0 0 0 -0.733825
937 938 0.000268639 0 -1.00756 0 0 0 0 -1.00729
938 939 0.0344585 0 -0.924254 0 0 0 0 -0.889796
940 941 0.000806902 0 -0 0 0 0 0 0.000806902
941 942 0.00939665 0 -0 0 0 0 0 0.00939665
942 943 0.00305081 0 0 0 0 0 0 0.00305081
943 944 0.00419731 0 0 0 0 0 0 0.00419731
944 945 0.00018758 0 0 0 0 0 0 0.00018758
945 946 0.0737518 0 -1.14444 0 0 0 0 -1.07068
946 947 0.0230965 0 -1.10853 0 0 0 0 -1.08544
947 948 0.0182627 0 -0.927576 0 0 0 0 -0.909313
948 949 0.0399001 0 0 0 0 0 0 0.0399001
949 950 0.00462964 0 -1.05123 0 0 0 0 -1.0466
950 951 0.0369447 0 -1.41126 0 0 0 0 -1.37431
951 952 0.181731 0 -0.516919 0 0 0 0 -0.335188
952 953 0.0244069 0 -1.09155 0 0 0 0 -1.06714
953 954 0.00601481 0 -1.08748 0 0 0 0 -1.08146
954 955 0.00668637 0 -1.31763 0 0 0 0 -1.31095
955 956 0.0138089 0 -1.08659 0 0 0 0 -1.07278
956 957 0.0113293 0 0 0 0 0 0 0.0113293
957 958 8.85228e-05 0 0 0 0 0 0 8.85228e-05
958 959 0.00512379 0 0 0 0 0 0 0.00512379
960 961 0.0196132 0 -1.30714 0 0 0 0 -1.28753
961 962 0.0556594 0 0 0 0 0 0 0.0556594
962 963 0.0555702 0 0 0 0 0 0 0.0555702
963 964 0.186027 0 -0.854408 0 0 0 0 -0.668381
964 965 0.0627294 0 -1.11067 0 0 0 0 -1.04794
965 966 0.0164049 0 -1.20736 0 0 0 0 -1.19095
966 967 0.0495454 0 0 0 0 0 0 0.0495454
967 968 0.0219552 0 -1.39029 0 0 0 0 -1.36833
968 969 0.000275667 0 -1.12338 0 0 0 0 -1.1231
969 970 0.0207285 0 0 0 0 0 0 0.0207285
970 971 0.0421151 0 -1.24805 0 0 0 0 -1.20594
971 972 0.00418153 0 -1.33945 0 0 0 0 -1.33527
972 973 0.0493849 0 -1.13627 0 0 0 0 -1.08689
973 974 0.113519 0 -1.34101 0 0 0 0 -1.22749
974 975 0.0575213 0 -0.684801 0 0 0 0 -0.62728
975 976 0.000230609 0 0 0 0 0 0 0.000230609
976 977 0.0192961 0 0 0 0 0 0 0.0192961
977 978 0.0825929 0 0 0 0 0 0 0.0825929
978 979 0.0102366 0 0 0 0 0 0 0.0102366
980 981 0.0356791 0 -1.12674 0 0 0 0 -1.09107
981 982 0.0991109 0 -0.855616 0 0 0 0 -0.756505
982 983 0.100691 0 0 0 0 0 0 0.100691
983 984 0.00977414 0 -1.1495 0 0 0 0 -1.13973
984 985 0.0549617 0 0 0 0 0 0 0.0549617
985 986 0.00144724 0 -1.21404 0 0 0 0 -1.21259
986 987 0.0114428 0 0 0 0 0 0 0.0114428
987 988 0.0362983 0 -1.22434 0 0 0 0 -1.18804
988 989 0.0144113 0 -0.761264 0 0 0 0 -0.746853
989 990 0.0288953 0 -1.36849 0 0 0 0 -1.3396
990 991 0.0514316 0 0 0 0 0 0 0.0514316
991 992 0.000448643 0 -1.24788 0 0 0 0 -1.24744
992 993 0.0739849 0 -1.25673 0 0 0 0 -1.18275
993 994 0.0133171 0 0 0 0 0 0 0.0133171
994 995 0.00275254 0 -1.16352 0 0 0 0 -1.16077
995 996 0.0117158 0 -1.12543 0 0 0 0 -1.11372
996 997 0.0345822 0 -1.43374 0 0 0 0 -1.39915
997 998 0.0116843 0 0 0 0 0 0 0.0116843
998 999 0.198148 0 -0.692232 0 0 0 0 -0.494084
1000 1001 0.426189 0 0 0 0 0 0 0.426189
1001 1002 0.179821 0 0 0 0 0 0 0.179821
1002 1003 0.437978 0 -1.32229 0 0 0 0 -0.884307
1003 1004 0.114241 0 -1.19307 0 0 0 0 -1.07883
1004 1005 0.0741725 0 0 0 0 0 0 0.0741725
1005 1006 0.141068 0 -1.02264 0 0 0 0 -0.881573
1006 1007 0.0355339 0 -1.21786 0 0 0 0 -1.18233
1007 1008 0.0195369 0 0 0 0 0 0 0.0195369
1008 1009 0.00227995 0 -0 0 0 0 0 0.00227995
1009 1010 0.0238713 0 -1.35253 0 0 0 0 -1.32866
1010 1011 0.12004 0 -0.903405 0 0 0 0 -0.783365
1011 1012 0.00879655 0 -1.23905 0 0 0 0 -1.23025
1012 1013 0.0123184 0 -1.32903 0 0 0 0 -1.31671
1013 1014 0.0298467 0 -0.976159 0 0 0 0 -0.946313
1014 1015 0.00575883 0 -0 0 0 0 0 0.00575883
1015 1016 0.197038 0 0 0 0 0 0 0.197038
1016 1017 0.00406537 0 0 0 0 0 0 0.00406537
1017 1018 0.00158655 0 -0 0 0 0 0 0.00158655
1018 1019 0.00626577 0 0 0 0 0 0 0.00626577
1020 1021 0.0129079 0 -1.08746 0 0 0 0 -1.07455
1021 1022 0.00388696 0 -0.201324 0 0 0 0 -0.197437
1022 1023 0.000738509 0 -1.22191 0 0 0 0 -1.22117
1023 1024 0.000872875 0 0 0 0 0 0 0.000872875
1024 1025 0.0191474 0 0 0 0 0 0 0.0191474
1025 1026 0.000174017 0 0 0 0 0 0 0.000174017
1026 1027 4.05846e-05 0 0 0 0 0 0 4.05846e-05
1027 1028 0.0208717 0 -1.34915 0 0 0 0 -1.32828
1028 1029 0.00225176 0 -0.765167 0 0 0 0 -0.762915
1029 1030 0.00355236 0 0 0 0 0 0 0.00355236
1030 1031 0.0671975 0 -0.766963 0 0 0 0 -0.699765
1031 1032 0.00344595 0 -0.709846 0 0 0 0 -0.7064
1032 1033 0.0193023 0 -1.03978 0 0 0 0 -1.02048
1033 1034 0.127467 0 -1.34899 0 0 0 0 -1.22152
1034 1035 0.00651347 0 -1.41104 0 0 0 0 -1.40453
1035 1036 0.0171327 0 -0.47492 0 0 0 0 -0.457788
1036 1037 0.0355612 0 -0 0 0 0 0 0.0355612
1037 1038 0.00369863 0 -0.744419 0 0 0 0 -0.74072
1038 1039 0.0109687 0 0 0 0 0 0 0.0109687
1040 1041 6.46274e-05 0 -1.20069 0 0 0 0 -1.20062
1041 1042 0.0309319 0 0 0 0 0 0 0.0309319
1042 1043 0.143722 0 0 0 0 0 0 0.143722
1043 1044 0.112571 0 0 0 0 0 0 0.112571
1044 1045 0.0173032 0 -0.939111 0 0 0 0 -0.921808
1045 1046 0.0197132 0 -1.22093 0 0 0 0 -1.20121
1046 1047 0.0195361 0 -0.955274 0 0 0 0 -0.935738
1047 1048 0.00884019 0 0 0 0 0 0 0.00884019
1048 1049 0.00685857 0 -1.02049 0 0 0 0 -1.01363
1049 1050 0.0216022 0 0 0 0 0 0 0.0216022
1050 1051 0.0230709 0 -1.08005 0 0 0 0 -1.05698
1051 1052 0.0233611 0 -0.882538 0 0 0 0 -0.859177
1052 1053 0.0631628 0 -1.04456 0 0 0 0 -0.981397
1053 1054 0.0101479 0 -1.41045 0 0 0 0 -1.4003
1054 1055 0.0435281 0 0 0 0 0 0 0.0435281
1055 1056 0.0305516 0 -1.04745 0 0 0 0 -1.0169
1056 1057 1.93415e-05 0 -1.16575 0 0 0 0 -1.16573
1057 1058 0.004407 0 0 0 0 0 0 0.004407
1058 1059 0.0992689 0 -1.36535 0 0 0 0 -1.26608
1060 1061 0.057333 0 0 0 0 0 0 0.057333
1061 1062 0.000780869 0 -1.0563 0 0 0 0 -1.05552
1062 1063 5.9349e-05 0 -0.981211 0 0 0 0 -0.981152
1063 1064 0.105095 0 -1.0876 0 0 0 0 -0.982501
1064 1065 0.0183903 0 -0 0 0 0 0 0.0183903
1065 1066 0.000969389 0 -0 0 0 0 0 0.000969389
1066 1067 0.0277904 0 0 0 0 0 0 0.0277904
1067 1068 0.00273549 0 0 0 0 0 0 0.00273549
1068 1069 0.0152526 0 -1.40209 0 0 0 0 -1.38684
1069 1070 0.0159177 0 -1.43937 0 0 0 0 -1.42345
1070 1071 0.00548035 0 -1.26031 0 0 0 0 -1.25483
1071 1072 0.133498 0 -1.35075 0 0 0 0 -1.21725
1072 1073 0.138063 0 -1.27188 0 0 0 0 -1.13382
1073 1074 0.0437224 0 -1.08875 0 0 0 0 -1.04502
1074 1075 0.13033 0 -0 0 0 0 0 0.13033
1075 1076 0.100393 0 -1.24899 0 0 0 0 -1.1486
1076 1077 0.0264498 0 -1.18039 0 0 0 0 -1.15394
1077 1078 0.0320258 0 -1.28709 0 0 0 0 -1.25507
1078 1079 0.0997418 0 -0 0 0 0 0 0.0997418
1080 1081 0.0268911 0 0 0 0 0 0 0.0268911
1081 1082 0.0232233 0 -0 0 0 0 0 0.0232233
1082 1083 0.0266017 0 -0.902007 0 0 0 0 -0.875406
1083 1084 0.00835437 0 -0.981277 0 0 0 0 -0.972923
1084 1085 0.000545398 0 0 0 0 0 0 0.000545398
1085 1086 0.000832842 0 -0.213579 0 0 0 0 -0.212746
1086 1087 0.478021 0 0 0 0 0 0 0.478021
1087 1088 0.292106 0 -1.14915 0 0 0 0 -0.857042
1088 1089 0.00112175 0 -1.07428 0 0 0 0 -1.07316
1089 1090 0.0194456 0 -1.05776 0 0 0 0 -1.03831
1090 1091 0.00299341 0 0 0 0 0 0 0.00299341
1091 1092 0.0186409 0 -1.14559 0 0 0 0 -1.12695
1092 1093 0.00752956 0 -0.881521 0 0 0 0 -0.873991
1093 1094 0.0327859 0 -1.21367 0 0 0 0 -1.18089
1094 1095 0.0385813 0 -1.24776 0 0 0 0 -1.20918
1095 1096 0.016219 0 -1.30871 0 0 0 0 -1.29249
1096 1097 0.0159875 0 -1.40138 0 0 0 0 -1.38539
1097 1098 0.0635922 0 -1.24718 0 0 0 0 -1.18359
1098 1099 0.121542 0 0 0 0 0 0 0.121542
1100 1101 0.0135829 0 0 0 0 0 0 0.0135829
1101 1102 3.14114e-05 0 0 0 0 0 0 3.14114e-05
1102 1103 0.0813293 0 -0.953517 0 0 0 0 -0.872187
1103 1104 0.0818192 0 0 0 0 0 0 0.0818192
1104 1105 0.000352352 0 0 0 0 0 0 0.000352352
1105 1106 0.00476066 0 -1.09389 0 0 0 0 -1.08913
1106 1107 0.00150028 0 -1.03403 0 0 0 0 -1.03253
1107 1108 0.000708083 0 0 0 0 0 0 0.000708083
1108 1109 0.0729265 0 0 0 0 0 0 0.0729265
1109 1110 0.474523 0 -0 0 0 0 0 0.474523
1110 1111 0.139099 0 0 0 0 0 0 0.139099
1111 1112 0.067506 0 -1.03714 0 0 0 0 -0.96963
1112 1113 0.0981379 0 -0.673313 0 0 0 0 -0.575175
1113 1114 0.00450031 0 -1.3028 0 0 0 0 -1.2983
1114 1115 0.0102434 0 -1.22364 0 0 0 0 -1.21339
1115 1116 0.0927759 0 0 0 0 0 0 0.0927759
1116 1117 0.0445408 0 -1.20562 0 0 0 0 -1.16108
1117 1118 0.00462409 0 0 0 0 0 0 0.00462409
1118 1119 0.0514497 0 0 0 0 0 0 0.0514497
1120 1121 0.069137 0 0 0 0 0 0 0.069137
1121 1122 0.00619262 0 -0.879434 0 0 0 0 -0.873242
1122 1123 0.00695615 0 -1.1967 0 0 0 0 -1.18975
1123 1124 0.0323518 0 0 0 0 0 0 0.0323518
1124 1125 0.0289404 0 -1.16936 0 0 0 0 -1.14042
1125 1126 0.000294206 0 -1.08522 0 0 0 0 -1.08492
1126 1127 0.0749325 0 -1.33615 0 0 0 0 -1.26122
1127 1128 0.133109 0 -0.747064 0 0 0 0 -0.613955
1128 1129 0.000155493 0 -1.09832 0 0 0 0 -1.09816
1129 1130 0.0309933 0 -1.4 0 0 0 0 -1.36901
1130 1131 0.0180967 0 -1.23638 0 0 0 0 -1.21828
1131 1132 0.103058 0 -1.21289 0 0 0 0 -1.10983
1132 1133 0.218933 0 -0.804553 0 0 0 0 -0.58562
1133 1134 0.00711862 0 -1.42362 0 0 0 0 -1.4165
1134 1135 0.000588511 0 -0.950714 0 0 0 0 -0.950126
1135 1136 0.0892789 0 0 0 0 0 0 0.0892789
1136 1137 0.00213507 0 -1.24239 0 0 0 0 -1.24026
1137 1138 0.0735989 0 0 0 0 0 0 0.0735989
1138 1139 0.0153637 0 -1.27828 0 0 0 0 -1.26292
1140 1141 0.237228 0 0 0 0 0 0 0.237228
1141 1142 0.0647203 0 -1.2877 0 0 0 0 -1.22298
1142 1143 5.38012e-05 0 -0.954778 0 0 0 0 -0.954724
1143 1144 0.0914995 0 -1.36383 0 0 0 0 -1.27233
1144 1145 0.0737864 0 -0.90738 0 0 0 0 -0.833594
1145 1146 0.0889502 0 -1.37122 0 0 0 0 -1.28227
1146 1147 3.26762e-07 0 -1.45685 0 0 0 0 -1.45685
1147 1148 0.0133397 0 0 0 0 0 0 0.0133397
1148 1149 0.000189194 0 0 0 0 0 0 0.000189194
1149 1150 0.000137469 0 0 0 0 0 0 0.000137469
1150 1151 0.0515638 0 -0.021584 0 0 0 0 0.0299798
1151 1152 0.0559348 0 -1.20613 0 0 0 0 -1.15019
1152 1153 0.0234402 0 -1.09371 0 0 0 0 -1.07027
1153 1154 0.00136508 0 0 0 0 0 0 0.00136508
1154 1155 0.0229931 0 -1.29049 0 0 0 0 -1.26749
1155 1156 0.0353588 0 0 0 0 0 0 0.0353588
1156 1157 0.00119714 0 -1.26614 0 0 0 0 -1.26494
1157 1158 0.000429292 0 -1.26348 0 0 0 0 -1.26305
1158 1159 0.0058865 0 -0.512345 0 0 0 0 -0.506459
1160 1161 0.0251506 0 -0 0 0 0 0 0.0251506
1161 1162 0.185308 0 0 0 0 0 0 0.185308
1162 1163 0.149431 0 0 0 0 0 0 0.149431
1163 1164 0.0461902 0 -0.851566 0 0 0 0 -0.805376
1164 1165 0.0018209 0 0 0 0 0 0 0.0018209
1165 1166 0.00330718 0 -1.32295 0 0 0 0 -1.31965
1166 1167 0.0050488 0 -1.17584 0 0 0 0 -1.1708
1167 1168 0.0445669 0 -1.37087 0 0 0 0 -1.3263
1168 1169 0.0179527 0 0 0 0 0 0 0.0179527
1169 1170 0.0174925 0 -0.663709 0 0 0 0 -0.646216
1170 1171 0.0720571 0 0 0 0 0 0 0.0720571
1171 1172 0.0935725 0 -1.06063 0 0 0 0 -0.967055
1172 1173 0.0111723 0 -1.23664 0 0 0 0 -1.22547
1173 1174 0.000301957 0 -1.17413 0 0 0 0 -1.17383
1174 1175 0.00235722 0 -0.648185 0 0 0 0 -0.645827
1175 1176 0.051568 0 -0.962833 0 0 0 0 -0.911265
1176 1177 0.095396 0 0 0 0 0 0 0.095396
1177 1178 0.105982 0 0 0 0 0 0 0.105982
1178 1179 0.00216019 0 0 0 0 0 0 0.00216019
1180 1181 0.00647031 0 -1.25229 0 0 0 0 -1.24582
1181 1182 0.000769569 0 0 0 0 0 0 0.000769569
1182 1183 0.134413 0 0 0 0 0 0 0.134413
1183 1184 0.00365958 0 0 0 0 0 0 0.00365958
1184 1185 0.00366743 0 -1.20322 0 0 0 0 -1.19955
1185 1186 2.30696e-05 0 -1.24801 0 0 0 0 -1.24798
1186 1187 0.0420141 0 -0.996936 0 0 0 0 -0.954921
1187 1188 0.0863225 0 -1.18155 0 0 0 0 -1.09522
1188 1189 0.0335327 0 -1.1972 0 0 0 0 -1.16367
1189 1190 0.120547 0 -1.2653 0 0 0 0 -1.14475
1190 1191 0.0810425 0 -0.937363 0 0 0 0 -0.85632
1191 1192 0.0117145 0 -1.35282 0 0 0 0 -1.3411
1192 1193 0.00666017 0 -1.4424 0 0 0 0 -1.43574
1193 1194 0.068506 0 0 0 0 0 0 0.068506
1194 1195 0.0128032 0 -1.16127 0 0 0 0 -1.14846
1195 1196 0.073315 0 0 0 0 0 0 0.073315
1196 1197 0.134881 0 -1.33688 0 0 0 0 -1.202
1197 1198 0.00141851 0 -1.30563 0 0 0 0 -1.30421
1198 1199 0.0165419 0 -1.41857 0 0 0 0 -1.40203
#Total energy per particle is  -0.576832 and should be -0.57683210
