           0   0.000000
       10000  -4.781993
       20000  -2.921930
       30000  -3.889846
       40000  -1.598937
       50000  -1.145363
       60000  -3.910545
       70000  -9.159049
       80000  -9.345475
       90000  -8.555274
      100000  -7.620640
      110000  -6.913969
      120000  -8.840801
      130000 -14.133635
      140000 -13.825015
      150000 -10.641284
      160000  -8.838889
      170000  -8.436019
      180000  -6.824506
      190000  -5.145128
      200000  -5.342871
