#id1 id2 FENE BEXC STCK NEXC HB CRSTCK CXSTCK total, t = 200000
0 1 0.0576597 0 0 0 0 0 0 0.0576597
1 2 0.109115 0 0 0 0 0 0 0.109115
2 3 0.189488 0 -1.36971 0 0 0 0 -1.18022
3 4 0.0754281 0 -1.01757 0 0 0 0 -0.942146
4 5 0.21409 0 0 0 0 0 0 0.21409
5 6 0.00427263 0 -1.16801 0 0 0 0 -1.16373
6 7 0.237616 0 0 0 0 0 0 0.237616
7 8 0.0164633 0 -1.40533 0 0 0 0 -1.38887
8 9 0.0419606 0 -1.32749 0 0 0 0 -1.28553
9 10 0.00931996 0 0 0 0 0 0 0.00931996
10 11 0.191389 0 0 0 0 0 0 0.191389
11 12 0.0517576 0 0 0 0 0 0 0.0517576
12 13 0.0435307 0 0 0 0 0 0 0.0435307
13 14 0.0104846 0 0 0 0 0 0 0.0104846
14 15 0.216371 0 0 0 0 0 0 0.216371
15 16 0.115001 0 0 0 0 0 0 0.115001
16 17 0.0417038 0 -1.37438 0 0 0 0 -1.33268
17 18 0.0178908 0 0 0 0 0 0 0.0178908
18 19 0.00638788 0 -0 0 0 0 0 0.00638788
20 21 0.00225882 0 0 0 0 0 0 0.00225882
21 22 0.0688659 0 -1.27681 0 0 0 0 -1.20795
22 23 0.148657 0 0 0 0 0 0 0.148657
23 24 7.86639e-05 0 0 0 0 0 0 7.86639e-05
24 25 0.00991233 0 0 0 0 0 0 0.00991233
25 26 0.108429 0 -1.40397 0 0 0 0 -1.29554
26 27 0.197213 0 -1.26395 0 0 0 0 -1.06674
27 28 4.69086e-05 0 0 0 0 0 0 4.69086e-05
28 29 0.05376 0 -1.17214 0 0 0 0 -1.11838
29 30 0.00988454 0 -1.34508 0 0 0 0 -1.3352
30 31 0.0151168 0 -1.23748 0 0 0 0 -1.22236
31 32 0.010345 0 -0.961754 0 0 0 0 -0.951409
32 33 0.0462402 0 0 0 0 0 0 0.0462402
33 34 0.0552045 0 -1.30749 0 0 0 0 -1.25229
34 35 0.00303297 0 -0.882085 0 0 0 0 -0.879052
35 36 0.0784862 0 0 0 0 0 0 0.0784862
36 37 0.043476 0 0 0 0 0 0 0.043476
37 38 0.257386 0 -1.22742 0 0 0 0 -0.970032
38 39 0.0901783 0 -0.987984 0 0 0 0 -0.897806
40 41 0.00510257 0 -1.436 0 0 0 0 -1.43089
41 42 0.00115176 0 -0 0 0 0 0 0.00115176
42 43 0.00486144 0 -1.23867 0 0 0 0 -1.23381
43 44 0.0112243 0 -0.874516 0 0 0 0 -0.863291
44 45 0.0434371 0 -1.09005 0 0 0 0 -1.04661
45 46 0.0180095 0 -1.24621 0 0 0 0 -1.2282
46 47 0.00556322 0 0 0 0 0 0 0.00556322
47 48 0.00294628 0 -1.30198 0 0 0 0 -1.29904
48 49 0.00209999 0 -0 0 0 0 0 0.00209999
49 50 0.123267 0 0 0 0 0 0 0.123267
50 51 0.0306686 0 0 0 0 0 0 0.0306686
51 52 0.0177251 0 0 0 0 0 0 0.0177251
52 53 0.010147 0 0 0 0 0 0 0.010147
53 54 0.00661558 0 -1.15155 0 0 0 0 -1.14494
54 55 0.000876823 0 -0.674753 0 0 0 0 -0.673876
55 56 0.00546806 0 -1.40764 0 0 0 0 -1.40218
56 57 0.271948 0 0 0 0 0 0 0.271948
57 58 0.0820931 0 -1.375 0 0 0 0 -1.29291
58 59 0.101897 0 0 0 0 0 0 0.101897
60 61 0.103734 0 0 0 0 0 0 0.103734
61 62 0.00457777 0 0 0 0 0 0 0.00457777
62 63 0.009633 0 -1.03879 0 0 0 0 -1.02916
63 64 5.18934e-05 0 0 0 0 0 0 5.18934e-05
64 65 0.0201584 0 -0.966488 0 0 0 0 -0.94633
65 66 0.000172891 0 -0.417554 0 0 0 0 -0.417381
66 67 0.000573425 0 -1.42226 0 0 0 0 -1.42168
67 68 0.00973659 0 0 0 0 0 0 0.00973659
68 69 0.0119933 0 0 0 0 0 0 0.0119933
69 70 0.0121828 0 -1.30944 0 0 0 0 -1.29726
70 71 0.0343595 0 0 0 0 0 0 0.0343595
71 72 0.100047 0 0 0 0 0 0 0.100047
72 73 0.00450958 0 -1.20671 0 0 0 0 -1.2022
73 74 0.0324327 0 0 0 0 0 0 0.0324327
74 75 0.0114791 0 -0.385336 0 0 0 0 -0.373856
75 76 0.0151982 0 -1.23037 0 0 0 0 -1.21518
76 77 0.0111715 0 -1.25358 0 0 0 0 -1.24241
77 78 0.0196089 0 -0.929029 0 0 0 0 -0.90942
78 79 0.0130875 0 -0 0 0 0 0 0.0130875
80 81 0.160983 0 0 0 0 0 0 0.160983
81 82 0.00798126 0 -1.35934 0 0 0 0 -1.35136
82 83 0.00798672 0 -1.1241 0 0 0 0 -1.11612
83 84 0.022933 0 -1.42741 0 0 0 0 -1.40448
84 85 0.00912869 0 -1.38419 0 0 0 0 -1.37506
85 86 0.000164327 0 0 0 0 0 0 0.000164327
86 87 0.0137476 0 0 0 0 0 0 0.0137476
87 88 0.000587696 0 0 0 0 0 0 0.000587696
88 89 0.0770428 0 0 0 0 0 0 0.0770428
89 90 0.0133684 0 -1.13315 0 0 0 0 -1.11978
90 91 0.019673 0 -0 0 0 0 0 0.019673
91 92 0.00251867 0 0 0 0 0 0 0.00251867
92 93 0.037665 0 0 0 0 0 0 0.037665
93 94 0.000111031 0 -1.19677 0 0 0 0 -1.19666
94 95 0.0471953 0 0 0 0 0 0 0.0471953
95 96 0.332907 0 0 0 0 0 0 0.332907
96 97 0.0621632 0 -1.2751 0 0 0 0 -1.21294
97 98 0.00441797 0 -0.652915 0 0 0 0 -0.648497
98 99 0.0861515 0 -1.17328 0 0 0 0 -1.08713
100 101 0.000947635 0 -1.21032 0 0 0 0 -1.20938
101 102 0.0222109 0 -0.769251 0 0 0 0 -0.74704
102 103 0.0962767 0 0 0 0 0 0 0.0962767
103 104 0.111305 0 0 0 0 0 0 0.111305
104 105 0.00158183 0 -0.946658 0 0 0 0 -0.945076
105 106 0.0805718 0 -1.14458 0 0 0 0 -1.06401
106 107 0.00519621 0 0 0 0 0 0 0.00519621
107 108 0.00830985 0 -1.0922 0 0 0 0 -1.08389
108 109 0.084446 0 -1.39116 0 0 0 0 -1.30671
109 110 0.0220207 0 0 0 0 0 0 0.0220207
110 111 0.010839 0 0 0 0 0 0 0.010839
111 112 0.000468328 0 -1.41395 0 0 0 0 -1.41348
112 113 0.100141 0 0 0 0 0 0 0.100141
113 114 0.031842 0 -0 0 0 0 0 0.031842
114 115 0.028837 0 -1.46163 0 0 0 0 -1.43279
115 116 0.0593466 0 0 0 0 0 0 0.0593466
116 117 0.00272647 0 -1.19128 0 0 0 0 -1.18855
117 118 0.00856242 0 -1.19942 0 0 0 0 -1.19086
118 119 0.245852 0 0 0 0 0 0 0.245852
120 121 0.041366 0 -1.247 0 0 0 0 -1.20563
121 122 0.00615543 0 -1.20176 0 0 0 0 -1.19561
122 123 0.0690494 0 -1.38153 0 0 0 0 -1.31248
123 124 0.00820186 0 -1.31994 0 0 0 0 -1.31174
124 125 0.00166542 0 -1.43824 0 0 0 0 -1.43657
125 126 0.00428936 0 -1.40577 0 0 0 0 -1.40148
126 127 0.256563 0 0 0 0 0 0 0.256563
127 128 0.00601769 0 -1.15939 0 0 0 0 -1.15338
128 129 0.00520768 0 -0.654057 0 0 0 0 -0.648849
129 130 0.0595013 0 0 0 0 0 0 0.0595013
130 131 0.0656608 0 -1.16263 0 0 0 0 -1.09697
131 132 0.000699749 0 -1.19455 0 0 0 0 -1.19385
132 133 0.104213 0 -1.06285 0 0 0 0 -0.958634
133 134 0.00808669 0 0 0 0 0 0 0.00808669
134 135 0.000169439 0 -1.33781 0 0 0 0 -1.33764
135 136 0.00209387 0 0 0 0 0 0 0.00209387
136 137 0.027831 0 -1.42644 0 0 0 0 -1.39861
137 138 0.311821 0 0 0 0 0 0 0.311821
138 139 0.103333 0 -0.00164038 0 0 0 0 0.101693
140 141 0.281512 0 -1.39939 0 0 0 0 -1.11788
141 142 0.00742696 0 0 0 0 0 0 0.00742696
142 143 0.00192244 0 -0.756613 0 0 0 0 -0.75469
143 144 0.00955426 0 0 0 0 0 0 0.00955426
144 145 0.30377 0 -1.11484 0 0 0 0 -0.811072
145 146 0.507011 0 -0 0 0 0 0 0.507011
146 147 0.0249819 0 0 0 0 0 0 0.0249819
147 148 0.0125459 0 -0.796151 0 0 0 0 -0.783605
148 149 0.0180878 0 0 0 0 0 0 0.0180878
149 150 0.037862 0 -0.418908 0 0 0 0 -0.381046
150 151 0.0129089 0 -1.37537 0 0 0 0 -1.36246
151 152 0.00161687 0 0 0 0 0 0 0.00161687
152 153 0.000326003 0 -1.14104 0 0 0 0 -1.14071
153 154 0.121084 0 0 0 0 0 0 0.121084
154 155 0.0190684 0 0 0 0 0 0 0.0190684
155 156 0.0296131 0 -1.07417 0 0 0 0 -1.04456
156 157 0.0031959 0 -1.39191 0 0 0 0 -1.38871
157 158 0.0527055 0 0 0 0 0 0 0.0527055
158 159 0.0195364 0 -0.937911 0 0 0 0 -0.918375
160 161 0.0256387 0 -1.34399 0 0 0 0 -1.31836
161 162 0.000854045 0 -1.37273 0 0 0 0 -1.37188
162 163 0.0137155 0 -1.05531 0 0 0 0 -1.04159
163 164 0.0186 0 -1.05933 0 0 0 0 -1.04073
164 165 0.0679487 0 0 0 0 0 0 0.0679487
165 166 0.152312 0 0 0 0 0 0 0.152312
166 167 0.0110611 0 0 0 0 0 0 0.0110611
167 168 0.0440404 0 0 0 0 0 0 0.0440404
168 169 0.0137529 0 -1.14644 0 0 0 0 -1.13269
169 170 0.000220322 0 -1.20598 0 0 0 0 -1.20576
170 171 0.0480678 0 -1.05353 0 0 0 0 -1.00546
171 172 0.118076 0 -1.35099 0 0 0 0 -1.23292
172 173 0.0502093 0 -1.24164 0 0 0 0 -1.19143
173 174 0.00730585 0 0 0 0 0 0 0.00730585
174 175 0.0537312 0 0 0 0 0 0 0.0537312
175 176 0.0102017 0 0 0 0 0 0 0.0102017
176 177 0.0144679 0 0 0 0 0 0 0.0144679
177 178 0.115942 0 0 0 0 0 0 0.115942
178 179 0.0122269 0 0 0 0 0 0 0.0122269
180 181 0.066998 0 -1.30377 0 0 0 0 -1.23677
181 182 0.0057362 0 0 0 0 0 0 0.0057362
182 183 0.000425861 0 0 0 0 0 0 0.000425861
183 184 0.000133821 0 -1.29366 0 0 0 0 -1.29353
184 185 0.12112 0 -1.24496 0 0 0 0 -1.12384
185 186 0.0104315 0 -1.23769 0 0 0 0 -1.22725
186 187 0.10772 0 0 0 0 0 0 0.10772
187 188 0.412628 0 0 0 0 0 0 0.412628
188 189 0.0110549 0 -1.34841 0 0 0 0 -1.33736
189 190 0.0186198 0 -0.983481 0 0 0 0 -0.964861
190 191 0.137817 0 -1.10715 0 0 0 0 -0.969338
191 192 0.015973 0 -1.02232 0 0 0 0 -1.00634
192 193 0.000791952 0 -1.38895 0 0 0 0 -1.38816
193 194 0.000729782 0 0 0 0 0 0 0.000729782
194 195 0.0259501 0 0 0 0 0 0 0.0259501
195 196 0.0463841 0 -1.26637 0 0 0 0 -1.21999
196 197 0.00637057 0 -0.757848 0 0 0 0 -0.751478
197 198 0.0747363 0 -0.736971 0 0 0 0 -0.662235
198 199 0.0564472 0 -1.14241 0 0 0 0 -1.08596
200 201 0.130662 0 0 0 0 0 0 0.130662
201 202 0.148628 0 -1.21195 0 0 0 0 -1.06332
202 203 0.0824602 0 -0.507554 0 0 0 0 -0.425094
203 204 0.176246 0 -0.44325 0 0 0 0 -0.267003
204 205 7.47277e-05 0 -1.05674 0 0 0 0 -1.05666
205 206 0.00080533 0 0 0 0 0 0 0.00080533
206 207 0.00705196 0 -0.859645 0 0 0 0 -0.852593
207 208 0.118861 0 0 0 0 0 0 0.118861
208 209 0.0164782 0 0 0 0 0 0 0.0164782
209 210 0.0102603 0 -1.13158 0 0 0 0 -1.12132
210 211 2.11808e-05 0 -1.23605 0 0 0 0 -1.23603
211 212 0.0508386 0 -1.3552 0 0 0 0 -1.30437
212 213 0.0232797 0 -1.25852 0 0 0 0 -1.23524
213 214 0.128317 0 0 0 0 0 0 0.128317
214 215 0.051908 0 -0.803546 0 0 0 0 -0.751638
215 216 0.0449518 0 0 0 0 0 0 0.0449518
216 217 0.00271918 0 -1.35653 0 0 0 0 -1.35381
217 218 0.029118 0 0 0 0 0 0 0.029118
218 219 0.00168099 0 -1.36731 0 0 0 0 -1.36563
220 221 0.0231415 0 -1.05003 0 0 0 0 -1.02689
221 222 2.25884e-05 0 -0.288406 0 0 0 0 -0.288383
222 223 0.000193734 0 0 0 0 0 0 0.000193734
223 224 0.0453043 0 -1.09513 0 0 0 0 -1.04982
224 225 4.34325e-05 0 -0 0 0 0 0 4.34325e-05
225 226 0.0156653 0 0 0 0 0 0 0.0156653
226 227 0.0319107 0 -1.20478 0 0 0 0 -1.17287
227 228 0.00274996 0 -1.36887 0 0 0 0 -1.36612
228 229 0.00702009 0 0 0 0 0 0 0.00702009
229 230 0.0763131 0 0 0 0 0 0 0.0763131
230 231 0.120209 0 0 0 0 0 0 0.120209
231 232 0.00893592 0 0 0 0 0 0 0.00893592
232 233 0.0186388 0 -0.809948 0 0 0 0 -0.791309
233 234 0.270475 0 -1.25612 0 0 0 0 -0.98564
234 235 0.00831106 0 -1.41111 0 0 0 0 -1.4028
235 236 0.0628113 0 -1.43702 0 0 0 0 -1.37421
236 237 0.00186888 0 0 0 0 0 0 0.00186888
237 238 0.00507833 0 -1.09276 0 0 0 0 -1.08768
238 239 0.068728 0 -1.39968 0 0 0 0 -1.33095
240 241 0.0139889 0 -1.34351 0 0 0 0 -1.32952
241 242 0.463056 0 -1.07693 0 0 0 0 -0.613869
242 243 0.0328563 0 0 0 0 0 0 0.0328563
243 244 0.157829 0 0 0 0 0 0 0.157829
244 245 0.0618419 0 -1.13556 0 0 0 0 -1.07372
245 246 0.00642181 0 -1.15103 0 0 0 0 -1.1446
246 247 0.044967 0 -1.15224 0 0 0 0 -1.10727
247 248 0.0235521 0 0 0 0 0 0 0.0235521
248 249 0.0133633 0 -0 0 0 0 0 0.0133633
249 250 0.108692 0 -1.11593 0 0 0 0 -1.00724
250 251 0.0526966 0 -0.730636 0 0 0 0 -0.677939
251 252 0.00267743 0 -1.4139 0 0 0 0 -1.41122
252 253 0.00681843 0 -1.25192 0 0 0 0 -1.2451
253 254 0.0292207 0 0 0 0 0 0 0.0292207
254 255 0.00118683 0 -1.15944 0 0 0 0 -1.15825
255 256 0.0399923 0 -1.02994 0 0 0 0 -0.989943
256 257 0.0260535 0 -0.984766 0 0 0 0 -0.958712
257 258 0.0188081 0 -0.80425 0 0 0 0 -0.785442
258 259 0.000537912 0 -1.19939 0 0 0 0 -1.19886
260 261 0.0109888 0 -1.12078 0 0 0 0 -1.10979
261 262 0.000847394 0 -1.35174 0 0 0 0 -1.35089
262 263 0.0623446 0 0 0 0 0 0 0.0623446
263 264 0.102097 0.00727664 -1.05334 0 0 0 0 -0.94397
264 265 0.0219771 0 -1.47242 0 0 0 0 -1.45044
265 266 0.0186191 0 0 0 0 0 0 0.0186191
266 267 0.112239 0 0 0 0 0 0 0.112239
267 268 0.516256 0 -0 0 0 0 0 0.516256
268 269 0.0939195 0 0 0 0 0 0 0.0939195
269 270 0.015683 0 0 0 0 0 0 0.015683
270 271 0.00950153 0 -1.14078 0 0 0 0 -1.13128
271 272 0.00035452 0 -1.05669 0 0 0 0 -1.05634
272 273 0.0647776 0 -1.13019 0 0 0 0 -1.06541
273 274 0.0690981 0 -1.38239 0 0 0 0 -1.31329
274 275 0.015822 0 0 0 0 0 0 0.015822
275 276 0.189501 0 -1.01373 0 0 0 0 -0.824232
276 277 0.0187918 0 0 0 0 0 0 0.0187918
277 278 0.0238752 0 0 0 0 0 0 0.0238752
278 279 0.0117694 0 -1.23607 0 0 0 0 -1.2243
280 281 0.0170739 0 0 0 0 0 0 0.0170739
281 282 0.000954666 0 0 0 0 0 0 0.000954666
282 283 0.00416659 0 -1.36447 0 0 0 0 -1.3603
283 284 0.0709116 0 -0.000587193 0 0 0 0 0.0703244
284 285 0.0980544 0 0 0 0 0 0 0.0980544
285 286 0.000546812 0 -1.10847 0 0 0 0 -1.10792
286 287 0.00591101 0 -1.04837 0 0 0 0 -1.04246
287 288 0.20918 0 0 0 0 0 0 0.20918
288 289 0.0306205 0 0 0 0 0 0 0.0306205
289 290 3.93349e-06 0 -1.19415 0 0 0 0 -1.19415
290 291 0.00990029 0 0 0 0 0 0 0.00990029
291 292 0.0194168 0 0 0 0 0 0 0.0194168
292 293 0.00690032 0 -1.08591 0 0 0 0 -1.07901
293 294 0.0221282 0 0 0 0 0 0 0.0221282
294 295 0.370923 0 -0 0 0 0 0 0.370923
295 296 0.000444073 0 -1.22883 0 0 0 0 -1.22839
296 297 0.00408545 0 0 0 0 0 0 0.00408545
297 298 0.0251031 0 0 0 0 0 0 0.0251031
298 299 0.0821598 0 -0 0 0 0 0 0.0821598
300 301 0.0597666 0 0 0 0 0 0 0.0597666
301 302 0.0338728 0 -1.14761 0 0 0 0 -1.11374
302 303 0.168491 0 0 0 0 0 0 0.168491
303 304 0.00357727 0 -1.31727 0 0 0 0 -1.3137
304 305 0.0489725 0 -1.36587 0 0 0 0 -1.3169
305 306 0.0499077 0 -1.04336 0 0 0 0 -0.993457
306 307 0.0957683 0 -1.12619 0 0 0 0 -1.03042
307 308 0.0231782 0 -1.24751 0 0 0 0 -1.22433
308 309 0.0077984 0 -1.12223 0 0 0 0 -1.11444
309 310 0.0367409 0 -0.73528 0 0 0 0 -0.698539
310 311 0.044235 0 -0 0 0 0 0 0.044235
311 312 0.0361718 0 -1.0653 0 0 0 0 -1.02913
312 313 0.0482834 0 0 0 0 0 0 0.0482834
313 314 0.0365582 0 -0 0 0 0 0 0.0365582
314 315 0.0376332 0 -1.07124 0 0 0 0 -1.0336
315 316 0.0598007 0 0 0 0 0 0 0.0598007
316 317 0.205535 0 -0.803273 0 0 0 0 -0.597738
317 318 0.0263966 0 -0.460103 0 0 0 0 -0.433707
318 319 0.00121454 0 -1.13376 0 0 0 0 -1.13254
320 321 6.33922e-06 0 0 0 0 0 0 6.33922e-06
321 322 0.00226055 0 -1.29659 0 0 0 0 -1.29433
322 323 0.141527 0 -1.41868 0 0 0 0 -1.27715
323 324 0.00044084 0 -1.29764 0 0 0 0 -1.2972
324 325 0.00148885 0 0 0 0 0 0 0.00148885
325 326 0.0405525 0 -1.4297 0 0 0 0 -1.38915
326 327 0.0246209 0 -1.277 0 0 0 0 -1.25238
327 328 0.0355824 0 0 0 0 0 0 0.0355824
328 329 0.00553027 0 -1.34536 0 0 0 0 -1.33983
329 330 0.00786977 0 0 0 0 0 0 0.00786977
330 331 0.0177253 0 0 0 0 0 0 0.0177253
331 332 0.0484109 0 -0.901601 0 0 0 0 -0.85319
332 333 0.325657 0 -1.36413 0 0 0 0 -1.03848
333 334 0.0462895 0 -1.31568 0 0 0 0 -1.26939
334 335 0.0995271 0 0 0 0 0 0 0.0995271
335 336 0.0300675 0 -1.2469 0 0 0 0 -1.21683
336 337 0.00138794 0 -1.38003 0 0 0 0 -1.37865
337 338 0.0162785 0 -1.37046 0 0 0 0 -1.35418
338 339 0.0952775 0 0 0 0 0 0 0.0952775
340 341 0.0233634 0 -0.0010793 0 0 0 0 0.0222841
341 342 0.0621736 0 0 0 0 0 0 0.0621736
342 343 0.0358421 0 0 0 0 0 0 0.0358421
343 344 0.0308855 0 0 0 0 0 0 0.0308855
344 345 0.0533772 0 0 0 0 0 0 0.0533772
345 346 0.102824 0 -1.02525 0 0 0 0 -0.922422
346 347 0.0245988 0 -1.05663 0 0 0 0 -1.03203
347 348 0.0141201 0 -1.41534 0 0 0 0 -1.40122
348 349 0.0878971 0 -0.837019 0 0 0 0 -0.749122
349 350 0.0567644 0 -0 0 0 0 0 0.0567644
350 351 0.44374 0 0 0 0 0 0 0.44374
351 352 0.0246251 0 -1.20182 0 0 0 0 -1.17719
352 353 0.00316294 0 -0.784823 0 0 0 0 -0.78166
353 354 0.0586562 0 -1.0615 0 0 0 0 -1.00285
354 355 0.0135944 0 -0.974423 0 0 0 0 -0.960829
355 356 0.0587978 0 0 0 0 0 0 0.0587978
356 357 0.00665982 0 -1.37608 0 0 0 0 -1.36942
357 358 0.0228943 0 0 0 0 0 0 0.0228943
358 359 0.0104517 0 0 0 0 0 0 0.0104517
360 361 0.00833836 0 0 0 0 0 0 0.00833836
361 362 0.0306511 0 0 0 0 0 0 0.0306511
362 363 0.00335962 0 -1.33861 0 0 0 0 -1.33525
363 364 0.00889076 0 -1.33057 0 0 0 0 -1.32168
364 365 0.00565342 0 -0.815597 0 0 0 0 -0.809944
365 366 0.00431337 0 -1.07551 0 0 0 0 -1.0712
366 367 0.00413317 0 0 0 0 0 0 0.00413317
367 368 0.00819115 0 0 0 0 0 0 0.00819115
368 369 0.0199373 0 -1.33021 0 0 0 0 -1.31027
366 370 0 0 0 0 0 -0.0792232 0 -0.0792232
369 370 0.0482286 0 -1.08579 0 0 0 0 -1.03756
366 371 0 0 0 0 -0 -0.0104238 -0 -0.0104238
365 371 0 0 0 0 -0 -0.0576853 0 -0.0576853
370 371 0.0516416 0 -1.05967 0 0 0 0 -1.00803
366 372 0 0 0 0 -0 -0.00422347 0 -0.00422347
365 372 0 0 0 0 -0.268654 0 -0 -0.268654
364 372 0 0 0 0 -1.39598e-17 -0.0989451 0 -0.0989451
371 372 0.100009 0 -1.24625 0 0 0 0 -1.14624
365 373 0 0 0 0 -0 -0.00340237 0 -0.00340237
364 373 0 0 0 0 -0.000333034 -1.86836e-14 -0 -0.000333034
363 373 0 0 0 0 0 -0.0416438 0 -0.0416438
372 373 0.0414454 0 -1.12223 0 0 0 0 -1.08079
363 374 0 0 0 0 0 -1.14756e-06 0 -1.14756e-06
373 374 0.0368154 0 -1.27149 0 0 0 0 -1.23468
374 375 0.000655151 0 0 0 0 0 0 0.000655151
375 376 0.0165143 0 -1.28556 0 0 0 0 -1.26905
376 377 0.0034981 0 -1.32661 0 0 0 0 -1.32311
377 378 0.0267094 0 0 0 0 0 0 0.0267094
378 379 3.0798e-05 0 -1.28159 0 0 0 0 -1.28156
380 381 0.100698 0 -0 0 0 0 0 0.100698
381 382 0.0593492 0 0 0 0 0 0 0.0593492
382 383 0.0704989 0 -1.18839 0 0 0 0 -1.11789
383 384 0.000313232 0 -1.13808 0 0 0 0 -1.13776
380 385 0 0 0 0 0 -0.0259712 0 -0.0259712
384 385 0.0269594 0 -0.796851 0 0 0 0 -0.769891
385 386 0.0118437 0 0 0 0 0 0 0.0118437
386 387 0.00981984 0 0 0 0 0 0 0.00981984
387 388 0.00033687 0 -1.29555 0 0 0 0 -1.29521
388 389 0.027573 0 0 0 0 0 0 0.027573
389 390 0.0144801 0 -0.459812 0 0 0 0 -0.445332
390 391 0.186134 0 -1.2322 0 0 0 0 -1.04607
391 392 0.0908836 0 0 0 0 0 0 0.0908836
392 393 0.0185152 0 0 0 0 0 0 0.0185152
393 394 0.074654 0 -1.26547 0 0 0 0 -1.19082
394 395 0.000167265 0 -1.14377 0 0 0 0 -1.1436
395 396 0.00363196 0 -1.31743 0 0 0 0 -1.3138
396 397 0.00145019 0 -1.12424 0 0 0 0 -1.12279
397 398 0.0565828 0 -0.983924 0 0 0 0 -0.927341
398 399 0.000768123 0 0 0 0 0 0 0.000768123
400 401 0.0488161 0 -1.21052 0 0 0 0 -1.16171
401 402 0.0661689 0 0 0 0 0 0 0.0661689
402 403 0.00442529 0 -0.889327 0 0 0 0 -0.884901
403 404 0.0408968 0 0 0 0 0 0 0.0408968
404 405 0.107949 0 0 0 0 0 0 0.107949
405 406 0.0527384 0 -0.905345 0 0 0 0 -0.852607
406 407 0.0257114 0 -1.36568 0 0 0 0 -1.33997
407 408 0.0488547 0 0 0 0 0 0 0.0488547
408 409 0.0517126 0 -0 0 0 0 0 0.0517126
409 410 0.0289458 0 -1.22168 0 0 0 0 -1.19274
410 411 0.000891884 0 -1.23815 0 0 0 0 -1.23726
411 412 0.0212851 0 -1.11166 0 0 0 0 -1.09038
412 413 0.0743228 0 -0 0 0 0 0 0.0743228
413 414 0.0151312 0 0 0 0 0 0 0.0151312
414 415 0.115511 0 0 0 0 0 0 0.115511
415 416 0.0042649 0 0 0 0 0 0 0.0042649
416 417 0.000476231 0 0 0 0 0 0 0.000476231
417 418 0.00291816 0 0 0 0 0 0 0.00291816
418 419 0.0397468 0 0 0 0 0 0 0.0397468
420 421 0.0528193 0 0 0 0 0 0 0.0528193
421 422 0.11141 0 0 0 0 0 0 0.11141
422 423 0.0151002 0 -1.17911 0 0 0 0 -1.16401
423 424 0.00373783 0 -1.35099 0 0 0 0 -1.34725
424 425 2.51599e-05 0 -0 0 0 0 0 2.51599e-05
425 426 0.0538379 0 0 0 0 0 0 0.0538379
426 427 0.0346737 0 -1.34839 0 0 0 0 -1.31371
427 428 0.0075796 0 -0.0040837 0 0 0 0 0.0034959
428 429 0.0315566 0 -1.41049 0 0 0 0 -1.37893
429 430 0.025385 0 -0.566684 0 0 0 0 -0.541299
430 431 0.164443 0 -1.33359 0 0 0 0 -1.16915
431 432 0.0182321 0 -1.19865 0 0 0 0 -1.18042
432 433 0.0139367 0 -0.936536 0 0 0 0 -0.922599
433 434 0.0102338 0 0 0 0 0 0 0.0102338
434 435 0.039253 0 -1.31494 0 0 0 0 -1.27569
435 436 0.0125319 0 -1.23857 0 0 0 0 -1.22604
436 437 2.26464e-05 0 0 0 0 0 0 2.26464e-05
437 438 0.0121889 0 -1.17726 0 0 0 0 -1.16507
438 439 0.036922 0 0 0 0 0 0 0.036922
440 441 0.0112109 0 -1.3888 0 0 0 0 -1.37759
441 442 0.00140424 0 0 0 0 0 0 0.00140424
442 443 0.0398699 0 -1.24863 0 0 0 0 -1.20876
443 444 0.0272928 0 -0.760439 0 0 0 0 -0.733146
444 445 7.1209e-06 0 -0.95117 0 0 0 0 -0.951163
445 446 0.0090926 0 0 0 0 0 0 0.0090926
446 447 0.0716577 0 -0.948668 0 0 0 0 -0.877011
447 448 0.0975178 0 0 0 0 0 0 0.0975178
448 449 0.176299 0 0 0 0 0 0 0.176299
449 450 0.00331405 0 -1.24639 0 0 0 0 -1.24308
450 451 0.394712 0 -1.3444 0 0 0 0 -0.949684
451 452 0.00413446 0 -1.09259 0 0 0 0 -1.08846
452 453 0.0299545 0 -1.00926 0 0 0 0 -0.979305
453 454 0.00229285 0 -1.28899 0 0 0 0 -1.2867
454 455 9.91137e-06 0 -1.14029 0 0 0 0 -1.14028
455 456 0.0570683 0 -1.30427 0 0 0 0 -1.2472
456 457 0.0410921 0 -1.11803 0 0 0 0 -1.07694
457 458 0.0756817 0 -1.15182 0 0 0 0 -1.07614
458 459 0.0333783 0 -1.03173 0 0 0 0 -0.99835
460 461 0.053293 0 -1.19995 0 0 0 0 -1.14666
461 462 0.156055 0 -1.18393 0 0 0 0 -1.02788
462 463 0.126092 0 -1.37017 0 0 0 0 -1.24408
463 464 0.0367328 0 -0 0 0 0 0 0.0367328
464 465 0.0404269 0 0 0 0 0 0 0.0404269
465 466 0.0192944 0 -1.14535 0 0 0 0 -1.12606
466 467 0.232448 0 0 0 0 0 0 0.232448
467 468 0.00157126 0 0 0 0 0 0 0.00157126
468 469 0.0258501 0 0 0 0 0 0 0.0258501
469 470 0.00492584 0 -0.897286 0 0 0 0 -0.89236
470 471 0.000664649 0 0 0 0 0 0 0.000664649
471 472 0.00103184 0 -1.40301 0 0 0 0 -1.40198
472 473 0.227929 0 -1.20972 0 0 0 0 -0.981789
473 474 0.0363173 0 -1.21259 0 0 0 0 -1.17628
474 475 0.0046457 0 -1.28118 0 0 0 0 -1.27654
475 476 0.129557 0 -1.34744 0 0 0 0 -1.21789
476 477 0.323564 0 -1.22121 0 0 0 0 -0.897643
477 478 0.0204952 0 0 0 0 0 0 0.0204952
478 479 0.0100121 0 0 0 0 0 0 0.0100121
480 481 0.266999 0 0 0 0 0 0 0.266999
481 482 0.193313 0 0 0 0 0 0 0.193313
482 483 0.293227 0 -0.538524 0 0 0 0 -0.245296
483 484 0.0226523 0 -1.28917 0 0 0 0 -1.26652
484 485 0.127148 0 -1.28716 0 0 0 0 -1.16002
485 486 0.00189605 0 -1.07605 0 0 0 0 -1.07416
486 487 0.226936 0 0 0 0 0 0 0.226936
487 488 0.00720806 0 -1.03819 0 0 0 0 -1.03098
488 489 0.37412 0 -0 0 0 0 0 0.37412
489 490 0.0136143 0 -0.967536 0 0 0 0 -0.953922
490 491 0.00241402 0 -1.23477 0 0 0 0 -1.23236
491 492 0.0381893 0 -1.34647 0 0 0 0 -1.30828
492 493 0.00764436 0 -0 0 0 0 0 0.00764436
493 494 0.0336698 0 0 0 0 0 0 0.0336698
494 495 0.0477497 0 -0 0 0 0 0 0.0477497
495 496 0.00435077 0 0 0 0 0 0 0.00435077
496 497 0.0202245 0 -1.03942 0 0 0 0 -1.0192
497 498 0.0617524 0 -1.36044 0 0 0 0 -1.29869
498 499 2.82962e-05 0 -1.23043 0 0 0 0 -1.2304
500 501 0.0229251 0 -1.1812 0 0 0 0 -1.15828
501 502 0.138264 0 -1.22343 0 0 0 0 -1.08516
502 503 0.000104726 0 -0.897028 0 0 0 0 -0.896924
503 504 0.0544299 0 -1.01826 0 0 0 0 -0.963828
504 505 0.0040251 0 -0.802841 0 0 0 0 -0.798816
505 506 0.0137876 0 0 0 0 0 0 0.0137876
506 507 0.00559848 0 0 0 0 0 0 0.00559848
507 508 0.00196978 0 -1.34943 0 0 0 0 -1.34746
508 509 0.00802142 0 -1.30658 0 0 0 0 -1.29856
509 510 0.134323 0 0 0 0 0 0 0.134323
510 511 0.0030544 0 -0 0 0 0 0 0.0030544
511 512 0.0061253 0 0 0 0 0 0 0.0061253
512 513 0.0131393 0 0 0 0 0 0 0.0131393
513 514 0.171907 0 0 0 0 0 0 0.171907
514 515 0.0184172 0 -1.2502 0 0 0 0 -1.23178
515 516 0.0181298 0 0 0 0 0 0 0.0181298
516 517 0.0011029 0 0 0 0 0 0 0.0011029
517 518 0.000410679 0 -1.18927 0 0 0 0 -1.18886
518 519 0.193525 0 0 0 0 0 0 0.193525
520 521 0.0853973 0 -1.09571 0 0 0 0 -1.01031
521 522 0.0169494 0 -1.25613 0 0 0 0 -1.23918
522 523 0.0192207 0 -1.09059 0 0 0 0 -1.07137
523 524 1.24472e-05 0 -1.011 0 0 0 0 -1.01098
524 525 0.0263411 0 -1.12797 0 0 0 0 -1.10163
525 526 0.00482033 0 -1.35809 0 0 0 0 -1.35327
526 527 0.0700587 0 -1.12647 0 0 0 0 -1.05641
527 528 0.132025 0 0 0 0 0 0 0.132025
528 529 0.160952 0 0 0 0 0 0 0.160952
529 530 0.00442646 0 0 0 0 0 0 0.00442646
527 531 0 0 0 0 -0 -0.0561994 0 -0.0561994
530 531 0.000555681 0 -1.15118 0 0 0 0 -1.15062
527 532 0 0 0 0 -0.735561 0 -0 -0.735561
526 532 0 0 0 0 -0 -0.155925 0 -0.155925
531 532 0.00791983 0 -1.25135 0 0 0 0 -1.24343
527 533 0 0 0 0 -0 -0.151993 0 -0.151993
526 533 0 0 0 0 -0.808608 0 -0 -0.808608
525 533 0 0 0 0 0 -0.177757 0 -0.177757
532 533 0.0328118 0 -1.43053 0 0 0 0 -1.39772
526 534 0 0 0 0 0 -0.133474 0 -0.133474
525 534 0 0 0 0 -0.513237 0 -0 -0.513237
524 534 0 0 0 0 0 -0.195491 0 -0.195491
533 534 0.0659449 0 -0.821226 0 0 0 0 -0.755281
525 535 0 0 0 0 0 -0.10261 0 -0.10261
524 535 0 0 0 0 -0.787886 0 -0 -0.787886
523 535 0 0 0 0 0 -0.0928231 -0 -0.0928231
534 535 0.0180052 0 -1.31209 0 0 0 0 -1.29409
524 536 0 0 0 0 0 -0.173868 0 -0.173868
523 536 0 0 0 0 -0.880472 0 -0 -0.880472
522 536 0 0 0 0 0 -0.175097 0 -0.175097
535 536 0.0314306 0 -0.929688 0 0 0 0 -0.898257
523 537 0 0 0 0 0 -0.187242 0 -0.187242
522 537 0 0 0 0 -0.700988 0 -0 -0.700988
521 537 0 0 0 0 -7.9991e-29 -0.0807177 0 -0.0807177
536 537 0.0169484 0 -1.24528 0 0 0 0 -1.22833
520 538 0 0 0 0 0 -0.00842528 0 -0.00842528
522 538 0 0 0 0 -0 -0.130107 0 -0.130107
521 538 0 0 0 0 -0.317376 -9.15622e-06 0 -0.317385
537 538 0.0448484 0 -1.32353 0 0 0 0 -1.27868
520 539 0 0 0 0 -0.00467466 -0.00253356 0 -0.00720821
538 539 0.0466074 0 -1.15079 0 0 0 0 -1.10419
540 541 0.00350335 0 -0 0 0 0 0 0.00350335
541 542 0.000220824 0 0 0 0 0 0 0.000220824
542 543 2.29252e-07 0 0 0 0 0 0 2.29252e-07
543 544 0.0774254 0 -1.33661 0 0 0 0 -1.25919
544 545 0.0205026 0 -0.780011 0 0 0 0 -0.759509
545 546 6.09545e-05 0 -1.18739 0 0 0 0 -1.18733
546 547 0.0338692 0 -1.16736 0 0 0 0 -1.13349
547 548 0.00405072 0 0 0 0 0 0 0.00405072
548 549 0.00213598 0 0 0 0 0 0 0.00213598
549 550 0.0849529 0 -1.14919 0 0 0 0 -1.06423
550 551 0.0711851 0 0 0 0 0 0 0.0711851
551 552 0.0362023 0 -1.12437 0 0 0 0 -1.08816
552 553 0.0362455 0 -1.00751 0 0 0 0 -0.971269
553 554 0.00216895 0 -1.10083 0 0 0 0 -1.09866
554 555 0.0030755 0 -0.622487 0 0 0 0 -0.619412
555 556 0.152612 0 -1.28881 0 0 0 0 -1.1362
556 557 0.0642638 0 -1.06355 0 0 0 0 -0.99929
557 558 0.0466142 0 -1.12171 0 0 0 0 -1.07509
558 559 0.00440476 0 -1.26287 0 0 0 0 -1.25846
560 561 1.81071e-06 0 0 0 0 0 0 1.81071e-06
561 562 0.0221929 0 0 0 0 0 0 0.0221929
562 563 0.0184777 0 -0 0 0 0 0 0.0184777
563 564 0.000469264 0 0 0 0 0 0 0.000469264
564 565 0.123202 0 -1.41742 0 0 0 0 -1.29421
565 566 0.0783488 0 -1.45357 0 0 0 0 -1.37522
566 567 0.0723955 0 -1.20625 0 0 0 0 -1.13386
567 568 0.0367477 0 0 0 0 0 0 0.0367477
568 569 0.000909582 0 -1.12509 0 0 0 0 -1.12418
569 570 0.165186 0 -0.982944 0 0 0 0 -0.817758
570 571 0.0429862 0 -1.15534 0 0 0 0 -1.11235
571 572 0.00320562 0 -0 0 0 0 0 0.00320562
572 573 0.0159338 0 -1.26076 0 0 0 0 -1.24483
573 574 2.84097e-05 0 -0.85463 0 0 0 0 -0.854602
574 575 0.00285497 0 0 0 0 0 0 0.00285497
575 576 0.0018659 0 0 0 0 0 0 0.0018659
576 577 0.188821 0 -1.12888 0 0 0 0 -0.940061
577 578 0.0414946 0 0 0 0 0 0 0.0414946
578 579 0.0373067 0 -0.598101 0 0 0 0 -0.560795
580 581 0.0906605 0 0 0 0 0 0 0.0906605
581 582 0.000350183 0 0 0 0 0 0 0.000350183
582 583 0.303077 0 -0.898251 0 0 0 0 -0.595174
583 584 0.0123441 0 -0.951317 0 0 0 0 -0.938973
584 585 0.016282 0 0 0 0 0 0 0.016282
585 586 0.00824403 0 -1.24384 0 0 0 0 -1.2356
586 587 0.063591 0 0 0 0 0 0 0.063591
585 588 0 0 0 0.0013616 0 0 0 0.0013616
587 588 0.00695973 0 -0 0 0 0 0 0.00695973
588 589 0.0101661 0 0 0 0 0 0 0.0101661
589 590 0.0170137 0 -0.978164 0 0 0 0 -0.96115
590 591 0.0468822 0 -1.10613 0 0 0 0 -1.05925
591 592 0.042844 0 0 0 0 0 0 0.042844
592 593 0.00669793 0 -1.21645 0 0 0 0 -1.20975
593 594 0.0340498 0 -1.2845 0 0 0 0 -1.25045
594 595 0.0118324 0 -1.00423 0 0 0 0 -0.992399
595 596 2.19781e-05 0 0 0 0 0 0 2.19781e-05
596 597 0.0392574 0 -1.40651 0 0 0 0 -1.36726
597 598 0.0163895 0 -1.26781 0 0 0 0 -1.25142
598 599 0.019256 0 0 0 0 0 0 0.019256
600 601 0.293701 0 -1.39554 0 0 0 0 -1.10183
601 602 0.278472 0 -0.929458 0 0 0 0 -0.650986
602 603 0.119051 0 -1.32895 0 0 0 0 -1.2099
603 604 0.133584 0 -1.1585 0 0 0 0 -1.02491
604 605 0.000401018 0 -1.14309 0 0 0 0 -1.14269
605 606 0.0443344 0 -0.717344 0 0 0 0 -0.673009
606 607 0.0953212 0 -1.31853 0 0 0 0 -1.22321
607 608 0.35178 0 -1.20956 0 0 0 0 -0.857782
608 609 0.0241576 0 0 0 0 0 0 0.0241576
609 610 0.0211099 0 -1.28614 0 0 0 0 -1.26503
610 611 0.0298477 0 0 0 0 0 0 0.0298477
611 612 0.35708 0 -0.988073 0 0 0 0 -0.630993
612 613 0.0159579 0 0 0 0 0 0 0.0159579
613 614 0.0974035 0 -1.28943 0 0 0 0 -1.19203
614 615 0.00466945 0 -1.31729 0 0 0 0 -1.31262
615 616 0.280186 0 -1.15864 0 0 0 0 -0.878452
616 617 0.0792041 0 -0.000306106 0 0 0 0 0.078898
617 618 0.0512398 0 -1.24122 0 0 0 0 -1.18998
618 619 0.187921 0 -1.15915 0 0 0 0 -0.971231
620 621 0.0225965 0 -1.24339 0 0 0 0 -1.2208
621 622 0.339899 0 -1.31387 0 0 0 0 -0.973968
622 623 0.0437591 0 -1.05188 0 0 0 0 -1.00812
621 624 0 0 0 0 0 -0.0300777 0 -0.0300777
620 624 0 0 0 0 -0.000298514 -0.0384568 0 -0.0387553
623 624 0.055552 0 0 0 0 0 0 0.055552
621 625 0 0 0 0 0 -0.115187 0 -0.115187
620 625 0 0 0 0 -0.879856 0 -0 -0.879856
624 625 0.0867306 0 -0.832443 0 0 0 0 -0.745713
620 626 0 0 0 0 0 -0.185184 -0 -0.185184
625 626 0.00627249 0 -1.30235 0 0 0 0 -1.29608
626 627 0.000237823 0 -1.30648 0 0 0 0 -1.30624
627 628 0.011458 0 0 0 0 0 0 0.011458
628 629 0.174303 0 0 0 0 0 0 0.174303
629 630 0.0723546 0 0 0 0 0 0 0.0723546
630 631 0.0354602 0 -1.1305 0 0 0 0 -1.09504
631 632 0.0217121 0 0 0 0 0 0 0.0217121
632 633 0.0178175 0 -1.3826 0 0 0 0 -1.36478
633 634 0.054534 0 0 0 0 0 0 0.054534
634 635 0.133575 0 0 0 0 0 0 0.133575
635 636 0.0311458 0.147019 0 0 0 0 0 0.178164
636 637 0.00296221 0 -0.494827 0 0 0 0 -0.491865
637 638 0.0215307 0 0 0 0 0 0 0.0215307
638 639 0.0094965 0 -1.04855 0 0 0 0 -1.03906
640 641 0.186666 0 -1.32092 0 0 0 0 -1.13425
641 642 0.197056 0 -0.897627 0 0 0 0 -0.700571
642 643 0.00150935 0 0 0 0 0 0 0.00150935
643 644 0.0816374 0 0 0 0 0 0 0.0816374
644 645 0.0102051 0 -1.01101 0 0 0 0 -1.0008
645 646 0.0534564 0 0 0 0 0 0 0.0534564
646 647 0.00748183 0 -1.13781 0 0 0 0 -1.13033
647 648 0.016864 0 0 0 0 0 0 0.016864
648 649 0.152649 0 -1.42089 0 0 0 0 -1.26824
649 650 0.0498469 0 -1.27116 0 0 0 0 -1.22132
650 651 0.00469289 0 0 0 0 0 0 0.00469289
651 652 0.0152662 0 -1.2941 0 0 0 0 -1.27883
652 653 0.00432058 0 -0.806391 0 0 0 0 -0.802071
653 654 0.0133016 0 0 0 0 0 0 0.0133016
654 655 0.180502 0 0 0 0 0 0 0.180502
655 656 0.048963 0 0 0 0 0 0 0.048963
656 657 0.0476416 0 -1.11934 0 0 0 0 -1.0717
657 658 0.000448345 0 -1.30184 0 0 0 0 -1.30139
658 659 0.0441915 0 0 0 0 0 0 0.0441915
660 661 0.02939 0 -1.33402 0 0 0 0 -1.30463
661 662 0.00571877 0 -1.17528 0 0 0 0 -1.16956
662 663 0.0177154 0 -0.769528 0 0 0 0 -0.751812
663 664 0.0365069 0 -1.2131 0 0 0 0 -1.17659
664 665 0.197875 0 0 0 0 0 0 0.197875
665 666 0.0263378 0 0 0 0 0 0 0.0263378
666 667 0.000234423 0 -1.32597 0 0 0 0 -1.32573
667 668 0.175928 0 -1.13747 0 0 0 0 -0.961541
668 669 0.013788 0 0 0 0 0 0 0.013788
669 670 0.0663368 0 0 0 0 0 0 0.0663368
670 671 0.00431579 0 -1.34212 0 0 0 0 -1.3378
671 672 0.0235917 0 -1.31351 0 0 0 0 -1.28992
672 673 0.000458254 0 -1.34923 0 0 0 0 -1.34877
673 674 0.0379708 0 -1.30244 0 0 0 0 -1.26447
672 675 0 0 0 0 0 -0.0246276 -1.12719e-16 -0.0246276
674 675 0.109544 0 -0 0 0 0 0 0.109544
675 676 0.036016 0 0 0 0 0 0 0.036016
676 677 0.0353475 0.0421361 -0.620243 0 0 0 0 -0.54276
677 678 0.0597396 0 0 0 0 0 0 0.0597396
678 679 9.75977e-05 0 0 0 0 0 0 9.75977e-05
680 681 1.76719e-05 0 0 0 0 0 0 1.76719e-05
681 682 0.121657 0 0 0 0 0 0 0.121657
682 683 0.0651417 0 -1.39535 0 0 0 0 -1.33021
683 684 0.00228674 0 0 0 0 0 0 0.00228674
684 685 0.0893698 0 -1.39781 0 0 0 0 -1.30844
685 686 0.537149 0 -0 0 0 0 0 0.537149
686 687 0.0530325 0 -1.3126 0 0 0 0 -1.25957
687 688 0.130136 0 -1.40626 0 0 0 0 -1.27613
688 689 0.000328994 0 0 0 0 0 0 0.000328994
689 690 0.00544514 0 -1.31069 0 0 0 0 -1.30524
690 691 3.16998e-05 0 0 0 0 0 0 3.16998e-05
691 692 0.0260396 0 0 0 0 0 0 0.0260396
692 693 0.037093 0 -1.21474 0 0 0 0 -1.17765
693 694 0.129021 0 -0.351857 0 0 0 0 -0.222836
694 695 0.00321466 0 -1.11612 0 0 0 0 -1.11291
695 696 0.000141873 0 -1.30905 0 0 0 0 -1.30891
696 697 0.0169601 0 -1.12432 0 0 0 0 -1.10736
697 698 0.0148529 0 -1.14854 0 0 0 0 -1.13369
698 699 0.0870043 0 0 0 0 0 0 0.0870043
700 701 0.0507113 0 0 0 0 0 0 0.0507113
701 702 0.0798615 0 0 0 0 0 0 0.0798615
702 703 0.0072982 0 0 0 0 0 0 0.0072982
703 704 0.00301305 0 -1.24265 0 0 0 0 -1.23963
704 705 0.00712382 0 -1.27375 0 0 0 0 -1.26663
705 706 0.0749718 0 0 0 0 0 0 0.0749718
706 707 0.00191991 0 0 0 0 0 0 0.00191991
707 708 0.039993 0 -1.36885 0 0 0 0 -1.32885
708 709 0.0915478 0 0 0 0 0 0 0.0915478
709 710 0.00202912 0 0 0 0 0 0 0.00202912
710 711 0.00106727 0 -1.14095 0 0 0 0 -1.13988
711 712 0.00248802 0 0 0 0 0 0 0.00248802
712 713 6.73453e-05 0 0 0 0 0 0 6.73453e-05
713 714 0.00503356 0 0 0 0 0 0 0.00503356
714 715 0.0883311 0 -1.2789 0 0 0 0 -1.19057
715 716 0.0319219 0 -1.09083 0 0 0 0 -1.05891
716 717 0.0702538 0 -1.19329 0 0 0 0 -1.12303
717 718 0.0633326 0 -1.38967 0 0 0 0 -1.32633
718 719 0.00519023 0 -1.29175 0 0 0 0 -1.28656
720 721 0.000918346 0 -1.03671 0 0 0 0 -1.03579
721 722 0.0075814 0 -0.962461 0 0 0 0 -0.954879
722 723 0.000187939 0 -1.19957 0 0 0 0 -1.19938
723 724 0.053176 0 -0.865701 0 0 0 0 -0.812525
724 725 0.0317244 0 -1.41848 0 0 0 0 -1.38676
725 726 0.203147 0 0 0 0 0 0 0.203147
726 727 0.0598358 0 -1.40765 0 0 0 0 -1.34782
727 728 0.0535615 0 -0.604354 0 0 0 0 -0.550793
728 729 0.00356373 0 0 0 0 0 0 0.00356373
729 730 0.0124032 0 -1.20952 0 0 0 0 -1.19712
730 731 0.0660326 0 0 0 0 0 0 0.0660326
731 732 0.00530306 0 0 0 0 0 0 0.00530306
732 733 9.14847e-05 0 -1.2084 0 0 0 0 -1.20831
733 734 0.0278786 0 0 0 0 0 0 0.0278786
734 735 0.0494357 0 0 0 0 0 0 0.0494357
735 736 0.0105686 0 -1.11408 0 0 0 0 -1.10351
736 737 0.00284101 0 0 0 0 0 0 0.00284101
737 738 2.76994e-05 0 0 0 0 0 0 2.76994e-05
738 739 0.0094311 0 -1.25122 0 0 0 0 -1.24178
740 741 0.0377084 0 -1.30853 0 0 0 0 -1.27082
741 742 0.0191962 0 -1.35944 0 0 0 0 -1.34024
742 743 0.0160663 0 -1.34144 0 0 0 0 -1.32537
743 744 0.0109113 0 -1.33581 0 0 0 0 -1.3249
744 745 0.00123382 0 -1.30294 0 0 0 0 -1.30171
745 746 0.0770363 0 -1.32512 0 0 0 0 -1.24808
746 747 0.0421269 0 -1.21049 0 0 0 0 -1.16836
747 748 0.0069811 0 0 0 0 0 0 0.0069811
748 749 0.0367866 0 -1.11859 0 0 0 0 -1.0818
749 750 0.00118584 0 -1.11205 0 0 0 0 -1.11087
750 751 0.0472624 0 0 0 0 0 0 0.0472624
751 752 0.0132574 0 -1.31633 0 0 0 0 -1.30307
752 753 0.0485164 0 -0 0 0 0 0 0.0485164
753 754 0.0189891 0 0 0 0 0 0 0.0189891
754 755 0.0554582 0 0 0 0 0 0 0.0554582
755 756 0.020489 0 -1.09601 0 0 0 0 -1.07552
756 757 0.12763 0 -1.25904 0 0 0 0 -1.13141
755 758 0 0 0 0 -0 -1.04551e-05 0 -1.04551e-05
757 758 0.0691638 0 -0 0 0 0 0 0.0691638
758 759 0.0694162 0 -1.21311 0 0 0 0 -1.14369
760 761 0.00146952 0 -0.803682 0 0 0 0 -0.802213
761 762 0.0870356 0 -0.78509 0 0 0 0 -0.698054
762 763 0.0520868 0 -0 0 0 0 0 0.0520868
763 764 0.0404198 0 0 0 0 0 0 0.0404198
760 765 0 0 0 0 -0 -3.3938e-05 0 -3.3938e-05
764 765 0.000305183 0 0 0 0 0 0 0.000305183
765 766 0.111537 0 0 0 0 0 0 0.111537
766 767 0.0097602 0 -0.830503 0 0 0 0 -0.820743
767 768 0.00239039 0 -0.960038 0 0 0 0 -0.957648
768 769 0.00212565 0 -1.14568 0 0 0 0 -1.14356
769 770 0.0590927 0 0 0 0 0 0 0.0590927
770 771 0.0166688 0 -1.22567 0 0 0 0 -1.209
771 772 0.00175656 0 0 0 0 0 0 0.00175656
772 773 0.256602 0 0 0 0 0 0 0.256602
773 774 0.0868507 0 0 0 0 0 0 0.0868507
774 775 0.0634553 0 -1.15657 0 0 0 0 -1.09312
775 776 0.0106633 0 0 0 0 0 0 0.0106633
776 777 0.000752534 0 0 0 0 0 0 0.000752534
777 778 0.265142 0 0 0 0 0 0 0.265142
778 779 0.0855963 0 -0 0 0 0 0 0.0855963
780 781 0.0339776 0 -0.980644 0 0 0 0 -0.946667
781 782 0.0531141 0 -0.905249 0 0 0 0 -0.852135
782 783 0.0139858 0 0 0 0 0 0 0.0139858
783 784 0.0107489 0 -1.24093 0 0 0 0 -1.23018
784 785 0.053663 0 0 0 0 0 0 0.053663
785 786 0.122701 0 -1.37596 0 0 0 0 -1.25326
786 787 0.00837455 0 -1.19363 0 0 0 0 -1.18525
787 788 0.0761601 0 -1.17861 0 0 0 0 -1.10245
788 789 0.0558002 0 -0.872643 0 0 0 0 -0.816842
789 790 0.0137539 0 -1.28205 0 0 0 0 -1.2683
790 791 0.028529 0 -0 0 0 0 0 0.028529
791 792 0.00932871 0 -1.00741 0 0 0 0 -0.998086
792 793 5.45317e-05 0 -1.12392 0 0 0 0 -1.12386
793 794 0.572002 0 0 0 0 0 0 0.572002
794 795 0.0213718 0 -0 0 0 0 0 0.0213718
795 796 0.0336666 0 0 0 0 0 0 0.0336666
796 797 0.0473254 0 -0.914056 0 0 0 0 -0.866731
797 798 0.00608769 0 -0.995216 0 0 0 0 -0.989128
798 799 0.0212028 0 -1.17237 0 0 0 0 -1.15117
800 801 0.0107858 0 -0 0 0 0 0 0.0107858
801 802 7.01224e-05 0 -0.922456 0 0 0 0 -0.922386
802 803 0.000706228 0 -1.41237 0 0 0 0 -1.41167
803 804 0.00266026 0 -1.33749 0 0 0 0 -1.33483
804 805 0.0074696 0 -0.636172 0 0 0 0 -0.628702
805 806 0.000480935 0 0 0 0 0 0 0.000480935
806 807 0.00641686 0 -1.28709 0 0 0 0 -1.28068
807 808 0.0189853 0 -1.40856 0 0 0 0 -1.38958
808 809 0.124432 0 -0.894428 0 0 0 0 -0.769996
809 810 0.081344 0 -1.11778 0 0 0 0 -1.03643
810 811 0.0084146 0 -1.31966 0 0 0 0 -1.31124
811 812 0.0216598 0 0 0 0 0 0 0.0216598
812 813 0.0791283 0 0 0 0 0 0 0.0791283
813 814 0.000109609 0 0 0 0 0 0 0.000109609
814 815 0.0378852 0 -1.34437 0 0 0 0 -1.30649
815 816 0.100927 0 0 0 0 0 0 0.100927
816 817 0.0130654 0 0 0 0 0 0 0.0130654
817 818 0.345581 0 0 0 0 0 0 0.345581
818 819 0.00237536 0 0 0 0 0 0 0.00237536
820 821 0.141577 0 0 0 0 0 0 0.141577
821 822 0.0978083 0 -1.33254 0 0 0 0 -1.23474
822 823 0.0779999 0 -1.39689 0 0 0 0 -1.31889
823 824 0.050114 0 -1.4285 0 0 0 0 -1.37838
824 825 0.0154311 0 -1.15282 0 0 0 0 -1.13739
825 826 0.00356186 0 -1.38397 0 0 0 0 -1.38041
826 827 0.0477896 0 -1.15139 0 0 0 0 -1.1036
827 828 0.125799 0 -1.31538 0 0 0 0 -1.18958
828 829 0.17469 0 0 0 0 0 0 0.17469
829 830 0.000905725 0 0 0 0 0 0 0.000905725
830 831 0.19774 0 0 0 0 0 0 0.19774
831 832 0.00123945 0 0 0 0 0 0 0.00123945
832 833 0.110264 0 -0 0 0 0 0 0.110264
833 834 0.00628063 0 0 0 0 0 0 0.00628063
834 835 0.00774867 0 -1.20923 0 0 0 0 -1.20148
835 836 0.0252214 0 -0.766527 0 0 0 0 -0.741306
836 837 0.000107542 0 -0 0 0 0 0 0.000107542
837 838 0.00228309 0 -1.39071 0 0 0 0 -1.38842
838 839 0.228233 0 0 0 0 0 0 0.228233
840 841 0.111655 0 0 0 0 0 0 0.111655
841 842 2.95958e-06 0 -1.24627 0 0 0 0 -1.24627
842 843 0.00325684 0 -0.606521 0 0 0 0 -0.603264
843 844 0.0309308 0 -1.37556 0 0 0 0 -1.34463
844 845 0.00186486 0 0 0 0 0 0 0.00186486
845 846 0.00986761 0 0 0 0 0 0 0.00986761
846 847 0.0615643 0 -0.893625 0 0 0 0 -0.832061
847 848 0.0127558 0 -1.21627 0 0 0 0 -1.20351
848 849 0.0192865 0 -0 0 0 0 0 0.0192865
849 850 0.0147999 0 -0.804657 0 0 0 0 -0.789857
850 851 0.000776303 0 0 0 0 0 0 0.000776303
851 852 0.0200589 0 -0 0 0 0 0 0.0200589
852 853 0.000204518 0 0 0 0 0 0 0.000204518
853 854 0.00648659 0 0 0 0 0 0 0.00648659
854 855 0.18651 0 -1.0038 0 0 0 0 -0.817293
855 856 0.0549426 0 -0.820697 0 0 0 0 -0.765754
856 857 0.0211385 0 -1.03018 0 0 0 0 -1.00904
857 858 0.121688 0 0 0 0 0 0 0.121688
858 859 0.0386119 0 -1.04176 0 0 0 0 -1.00315
860 861 0.045049 0 0 0 0 0 0 0.045049
861 862 0.137952 0 0 0 0 0 0 0.137952
862 863 8.76176e-05 0 -1.10925 0 0 0 0 -1.10916
863 864 0.0319745 0 -1.24324 0 0 0 0 -1.21127
864 865 0.00213281 0 -1.1704 0 0 0 0 -1.16827
865 866 0.0870809 0 0 0 0 0 0 0.0870809
866 867 0.00243627 0 -0.446985 0 0 0 0 -0.444549
867 868 0.0505031 0 -1.33925 0 0 0 0 -1.28875
868 869 0.0806347 0 -1.22574 0 0 0 0 -1.14511
869 870 0.0319702 0 0 0 0 0 0 0.0319702
870 871 0.00357389 0 -0.664248 0 0 0 0 -0.660674
871 872 0.0828847 0 0 0 0 0 0 0.0828847
872 873 0.224019 0 -1.27731 0 0 0 0 -1.05329
873 874 0.0171767 0 -1.2664 0 0 0 0 -1.24922
874 875 0.00694271 0 -1.35779 0 0 0 0 -1.35085
875 876 5.43106e-05 0 -1.4172 0 0 0 0 -1.41714
876 877 0.113581 0 0 0 0 0 0 0.113581
877 878 0.0895083 0 0 0 0 0 0 0.0895083
878 879 0.00864408 0 -1.17802 0 0 0 0 -1.16937
880 881 0.0150179 0 -1.4389 0 0 0 0 -1.42389
881 882 0.00126485 0 -1.28839 0 0 0 0 -1.28713
882 883 0.0160533 0 0 0 0 0 0 0.0160533
883 884 0.0194051 0 0 0 0 0 0 0.0194051
884 885 0.00940368 0 0 0 0 0 0 0.00940368
885 886 0.000196509 0 0 0 0 0 0 0.000196509
886 887 0.00716496 0 0 0 0 0 0 0.00716496
887 888 0.00314929 0 -1.20407 0 0 0 0 -1.20092
888 889 0.00801123 0 0 0 0 0 0 0.00801123
889 890 5.79609e-05 0 -1.42787 0 0 0 0 -1.42781
890 891 0.000940966 0 -1.35021 0 0 0 0 -1.34927
891 892 0.239325 0 -1.17847 0 0 0 0 -0.939141
892 893 0.0145492 0 0 0 0 0 0 0.0145492
893 894 0.0353808 0 -0.950756 0 0 0 0 -0.915375
894 895 0.0108165 0 0 0 0 0 0 0.0108165
895 896 0.0165742 0 -1.33386 0 0 0 0 -1.31729
896 897 0.0190212 0 0 0 0 0 0 0.0190212
897 898 3.22588e-06 0 -0.884974 0 0 0 0 -0.88497
898 899 0.0424147 0 -0.806254 0 0 0 0 -0.76384
900 901 0.000325673 0 0 0 0 0 0 0.000325673
901 902 0.0217678 0 0 0 0 0 0 0.0217678
902 903 0.0127458 0 -1.34899 0 0 0 0 -1.33624
903 904 0.000217898 0 0 0 0 0 0 0.000217898
904 905 0.0413086 0 -1.325 0 0 0 0 -1.2837
905 906 0.0943835 0 -1.11163 0 0 0 0 -1.01724
906 907 0.0540701 0 -1.32377 0 0 0 0 -1.2697
907 908 0.0182381 0 0 0 0 0 0 0.0182381
908 909 0.0528528 0 0 0 0 0 0 0.0528528
909 910 0.295414 0 -1.3613 0 0 0 0 -1.06589
910 911 0.118157 0 0 0 0 0 0 0.118157
911 912 0.0253465 0 -1.21405 0 0 0 0 -1.18871
912 913 0.0102655 0 -0.962998 0 0 0 0 -0.952733
913 914 0.0467014 0 -0.991347 0 0 0 0 -0.944645
914 915 0.0769069 0 -1.19708 0 0 0 0 -1.12017
915 916 0.0843405 0 0 0 0 0 0 0.0843405
916 917 0.0510504 0 0 0 0 0 0 0.0510504
917 918 0.0395177 0 -1.27084 0 0 0 0 -1.23133
918 919 0.0637675 0 -1.27775 0 0 0 0 -1.21398
920 921 0.0315726 0 -1.26551 0 0 0 0 -1.23393
921 922 0.067327 0 0 0 0 0 0 0.067327
922 923 0.0118454 0 -1.26766 0 0 0 0 -1.25582
923 924 0.0535864 0 0 0 0 0 0 0.0535864
924 925 0.175994 0 -1.24967 0 0 0 0 -1.07368
925 926 0.0345187 0 0 0 0 0 0 0.0345187
926 927 0.000179592 0 -0.635374 0 0 0 0 -0.635195
927 928 0.029547 0 0 0 0 0 0 0.029547
928 929 0.0148147 0 -0 0 0 0 0 0.0148147
929 930 0.0052351 0 0 0 0 0 0 0.0052351
930 931 0.414801 0 -1.31675 0 0 0 0 -0.901954
931 932 0.024903 0 -1.287 0 0 0 0 -1.26209
932 933 0.00152634 0 -0.76854 0 0 0 0 -0.767013
933 934 0.259093 0 -0.424701 0 0 0 0 -0.165608
934 935 1.75894e-05 0 -1.12765 0 0 0 0 -1.12763
935 936 0.0260207 0 -0.94075 0 0 0 0 -0.914729
936 937 0.000320814 0 -1.32143 0 0 0 0 -1.32111
937 938 0.0025623 0 0 0 0 0 0 0.0025623
938 939 0.0910951 0 0 0 0 0 0 0.0910951
940 941 0.0188198 0 -1.07269 0 0 0 0 -1.05387
941 942 0.0252582 0 0 0 0 0 0 0.0252582
942 943 2.19465e-06 0 -1.19225 0 0 0 0 -1.19225
943 944 0.0121174 0 0 0 0 0 0 0.0121174
944 945 0.016747 0 0 0 0 0 0 0.016747
945 946 4.43667e-06 0 0 0 0 0 0 4.43667e-06
946 947 0.0152633 0 0 0 0 0 0 0.0152633
947 948 0.00146891 0 -1.32488 0 0 0 0 -1.32341
948 949 0.0455284 0 -1.19295 0 0 0 0 -1.14742
949 950 0.0959235 0 -1.39498 0 0 0 0 -1.29905
950 951 0.16743 0 0 0 0 0 0 0.16743
951 952 0.00452538 0 -1.20354 0 0 0 0 -1.19902
952 953 0.0177258 0 0 0 0 0 0 0.0177258
953 954 0.0524969 0 0 0 0 0 0 0.0524969
954 955 0.00573797 0 -1.33357 0 0 0 0 -1.32784
955 956 0.00620495 0 -1.26192 0 0 0 0 -1.25572
956 957 0.0118471 0 -1.23982 0 0 0 0 -1.22797
957 958 0.0157966 0 -1.13443 0 0 0 0 -1.11863
958 959 0.00906 0 0 0 0 0 0 0.00906
960 961 0.0235868 0 0 0 0 0 0 0.0235868
961 962 0.00043656 0 0 0 0 0 0 0.00043656
962 963 0.00246006 0 0 0 0 0 0 0.00246006
963 964 0.0404814 0 -1.01679 0 0 0 0 -0.976313
964 965 0.0749903 0 -1.10125 0 0 0 0 -1.02626
965 966 0.073818 0 -1.10205 0 0 0 0 -1.02823
966 967 0.0558155 0 -0 0 0 0 0 0.0558155
967 968 0.00786221 0 0 0 0 0 0 0.00786221
968 969 0.0696199 0 -1.19694 0 0 0 0 -1.12732
969 970 0.0101995 0 -1.35335 0 0 0 0 -1.34315
970 971 0.206369 0 0 0 0 0 0 0.206369
971 972 0.0377685 0 -1.29813 0 0 0 0 -1.26036
972 973 0.00061911 0 0 0 0 0 0 0.00061911
973 974 0.0952808 0 -1.18115 0 0 0 0 -1.08587
974 975 0.0110474 0 -0.914221 0 0 0 0 -0.903174
975 976 0.145077 0 0 0 0 0 0 0.145077
976 977 0.00481748 0 -0 0 0 0 0 0.00481748
977 978 5.34526e-05 0 0 0 0 0 0 5.34526e-05
978 979 0.00062103 0 -0.980867 0 0 0 0 -0.980246
980 981 0.0140238 0 0 0 0 0 0 0.0140238
981 982 0.190373 0 -0 0 0 0 0 0.190373
982 983 0.00384236 0 -1.31717 0 0 0 0 -1.31332
983 984 0.0679452 0 0 0 0 0 0 0.0679452
984 985 0.119955 0 0 0 0 0 0 0.119955
985 986 0.00894685 0 -0.320195 0 0 0 0 -0.311248
986 987 0.235712 0 -1.37818 0 0 0 0 -1.14247
987 988 0.0761932 0 0 0 0 0 0 0.0761932
988 989 0.0124074 0 -1.21154 0 0 0 0 -1.19913
989 990 0.00197399 0 -1.27269 0 0 0 0 -1.27071
990 991 0.128299 0 0 0 0 0 0 0.128299
991 992 0.0931515 0 0 0 0 0 0 0.0931515
992 993 0.0110022 0 -1.26358 0 0 0 0 -1.25257
993 994 0.013978 0 0 0 0 0 0 0.013978
994 995 0.045155 0 -0 0 0 0 0 0.045155
995 996 0.00752377 0 -1.26913 0 0 0 0 -1.2616
996 997 0.13058 0 -0 0 0 0 0 0.13058
997 998 0.218903 0 0 0 0 0 0 0.218903
998 999 6.68028e-06 0 -1.26987 0 0 0 0 -1.26987
1000 1001 0.0667658 0 0 0 0 0 0 0.0667658
1001 1002 0.683553 0 0 0 0 0 0 0.683553
1002 1003 0.0361847 0 0 0 0 0 0 0.0361847
1003 1004 0.00475859 0 -1.28519 0 0 0 0 -1.28044
1004 1005 0.00251457 0 -1.30771 0 0 0 0 -1.3052
1005 1006 0.0122606 0 -1.08164 0 0 0 0 -1.06938
1006 1007 0.0402826 0 -1.14776 0 0 0 0 -1.10748
1007 1008 0.00810706 0 0 0 0 0 0 0.00810706
1008 1009 0.0199492 0 0 0 0 0 0 0.0199492
1009 1010 0.0439522 0 -0.981889 0 0 0 0 -0.937936
1010 1011 0.0123169 0 0 0 0 0 0 0.0123169
1011 1012 0.0817622 0 -1.2067 0 0 0 0 -1.12493
1012 1013 0.0216705 0 -1.23621 0 0 0 0 -1.21454
1013 1014 0.0692137 0 -1.26369 0 0 0 0 -1.19448
1014 1015 0.173627 0 -1.17625 0 0 0 0 -1.00262
1015 1016 0.0019561 0 -1.19046 0 0 0 0 -1.18851
1016 1017 0.013549 0 -1.03296 0 0 0 0 -1.01941
1017 1018 0.00932958 0 -1.048 0 0 0 0 -1.03867
1018 1019 0.0118995 0 -0.965674 0 0 0 0 -0.953775
1020 1021 0.0120961 0 -0.973117 0 0 0 0 -0.961021
1021 1022 0.000345674 0 0 0 0 0 0 0.000345674
1022 1023 0.000408845 0 -1.32145 0 0 0 0 -1.32104
1023 1024 0.00382422 0 -0.928782 0 0 0 0 -0.924958
1024 1025 0.0455586 0 -1.2507 0 0 0 0 -1.20514
1025 1026 0.00652089 0 -1.31237 0 0 0 0 -1.30584
1025 1027 0 0 0 0.0326988 0 0 0 0.0326988
1026 1027 0.46586 0 0 0 0 0 0 0.46586
1027 1028 0.0516164 0 -0 0 0 0 0 0.0516164
1028 1029 0.381803 0 -1.10624 0 0 0 0 -0.724436
1029 1030 0.0248938 0 -1.19542 0 0 0 0 -1.17053
1030 1031 0.0248108 0 0 0 0 0 0 0.0248108
1031 1032 0.0213544 0 0 0 0 0 0 0.0213544
1032 1033 0.013346 0 -1.09418 0 0 0 0 -1.08083
1033 1034 0.00185743 0 -1.18876 0 0 0 0 -1.1869
1034 1035 0.00808173 0 -0.76889 0 0 0 0 -0.760808
1035 1036 0.0745106 0 -0.92037 0 0 0 0 -0.84586
1036 1037 0.435803 0 -0.88413 0 0 0 0 -0.448327
1037 1038 0.0247245 0 -0.981364 0 0 0 0 -0.956639
1038 1039 0.167896 0 -1.44735 0 0 0 0 -1.27946
1040 1041 0.0313798 0 -1.32126 0 0 0 0 -1.28988
1041 1042 0.000195547 0 -1.30016 0 0 0 0 -1.29997
1042 1043 0.0640895 0 -1.04233 0 0 0 0 -0.978242
1043 1044 0.177369 0 0 0 0 0 0 0.177369
1044 1045 0.004846 0 -1.16942 0 0 0 0 -1.16458
1045 1046 0.0110599 0 0 0 0 0 0 0.0110599
1046 1047 0.032986 0 -1.20905 0 0 0 0 -1.17606
1047 1048 0.00234926 0 -0 0 0 0 0 0.00234926
1048 1049 0.0443004 0 -1.45503 0 0 0 0 -1.41073
1049 1050 0.115969 0 -0.983382 0 0 0 0 -0.867414
1050 1051 0.0014891 0 0 0 0 0 0 0.0014891
1051 1052 0.0928633 0 -1.14487 0 0 0 0 -1.05201
1052 1053 0.0254838 0 0 0 0 0 0 0.0254838
1053 1054 0.00310118 0 0 0 0 0 0 0.00310118
1054 1055 0.0982336 0 0 0 0 0 0 0.0982336
1055 1056 0.0258962 0 -1.14455 0 0 0 0 -1.11866
1056 1057 0.322099 0 -1.14681 0 0 0 0 -0.824713
1057 1058 0.00309155 0 -1.1675 0 0 0 0 -1.16441
1058 1059 0.0175372 0 -1.15702 0 0 0 0 -1.13948
1060 1061 0.0643894 0 0 0 0 0 0 0.0643894
1061 1062 0.00261801 0 -0.572904 0 0 0 0 -0.570286
1062 1063 0.00635131 0 -1.13055 0 0 0 0 -1.1242
1063 1064 0.030248 0 0 0 0 0 0 0.030248
1064 1065 0.0474889 0 -5.07201e-05 0 0 0 0 0.0474382
1065 1066 0.000398515 0 -1.20159 0 0 0 0 -1.20119
1066 1067 0.00945461 0 0 0 0 0 0 0.00945461
1067 1068 0.181196 0 0 0 0 0 0 0.181196
1068 1069 0.0656132 0 0 0 0 0 0 0.0656132
1069 1070 0.0657641 0 -1.10533 0 0 0 0 -1.03957
1070 1071 0.0270891 0 -1.3318 0 0 0 0 -1.30471
1071 1072 0.0776113 0 -1.27119 0 0 0 0 -1.19358
1072 1073 0.00945494 0 0 0 0 0 0 0.00945494
1073 1074 0.0357796 0 -1.1898 0 0 0 0 -1.15402
1074 1075 0.00013804 0 -1.33303 0 0 0 0 -1.33289
1075 1076 0.019131 0 0 0 0 0 0 0.019131
1076 1077 0.000458047 0 -1.14508 0 0 0 0 -1.14462
1077 1078 0.0650738 0 -1.09688 0 0 0 0 -1.03181
1078 1079 0.043452 0 -1.19068 0 0 0 0 -1.14722
1080 1081 0.0748559 0 0 0 0 0 0 0.0748559
1081 1082 0.0145273 0 -1.0197 0 0 0 0 -1.00517
1082 1083 0.181818 0 -0.889553 0 0 0 0 -0.707735
1083 1084 0.0048217 0 -1.0335 0 0 0 0 -1.02867
1084 1085 0.0491809 0 0 0 0 0 0 0.0491809
1085 1086 0.0415898 0 -1.3863 0 0 0 0 -1.34471
1086 1087 0.0163572 0 -0.209106 0 0 0 0 -0.192749
1087 1088 0.017263 0 0 0 0 0 0 0.017263
1088 1089 0.00272899 0 -1.02086 0 0 0 0 -1.01813
1089 1090 0.000113791 0 -1.31586 0 0 0 0 -1.31575
1090 1091 0.125141 0 -1.39093 0 0 0 0 -1.26579
1091 1092 0.084749 0 -1.10776 0 0 0 0 -1.02301
1092 1093 0.0625681 0 0 0 0 0 0 0.0625681
1093 1094 0.0528731 0 -1.20734 0 0 0 0 -1.15447
1094 1095 0.111546 0 0 0 0 0 0 0.111546
1095 1096 0.217182 0 -1.12474 0 0 0 0 -0.907556
1096 1097 0.00942875 0 -1.36041 0 0 0 0 -1.35098
1097 1098 0.00163215 0 -1.33177 0 0 0 0 -1.33014
1098 1099 0.00642845 0 -1.39348 0 0 0 0 -1.38705
1100 1101 0.027388 0 -0 0 0 0 0 0.027388
1101 1102 0.000289597 0 0 0 0 0 0 0.000289597
1102 1103 0.0353395 0 0 0 0 0 0 0.0353395
1103 1104 0.0338062 0 -1.14425 0 0 0 0 -1.11044
1104 1105 0.00335284 0 0 0 0 0 0 0.00335284
1105 1106 0.040173 0 -1.36104 0 0 0 0 -1.32087
1106 1107 0.299743 0 -1.03797 0 0 0 0 -0.738223
1107 1108 0.00120461 0 -1.32365 0 0 0 0 -1.32244
1108 1109 0.0766827 0 0 0 0 0 0 0.0766827
1109 1110 0.0288298 0 -1.28221 0 0 0 0 -1.25338
1110 1111 0.00452775 0 -0.940782 0 0 0 0 -0.936255
1111 1112 0.0679224 0 -0.871182 0 0 0 0 -0.80326
1112 1113 0.423379 0 -0 0 0 0 0 0.423379
1113 1114 0.0687399 0 0 0 0 0 0 0.0687399
1114 1115 0.0721745 0 0 0 0 0 0 0.0721745
1115 1116 0.0136258 0 -0.75016 0 0 0 0 -0.736534
1116 1117 0.00502618 0 -1.02862 0 0 0 0 -1.0236
1117 1118 0.033081 0 0 0 0 0 0 0.033081
1118 1119 0.0476679 0 -0.980974 0 0 0 0 -0.933306
1120 1121 0.0313989 0 0 0 0 0 0 0.0313989
1121 1122 0.0717131 0 0 0 0 0 0 0.0717131
1122 1123 0.00149902 0 -1.20738 0 0 0 0 -1.20588
1123 1124 0.0336051 0 -1.20306 0 0 0 0 -1.16946
1121 1125 0 0 0 0 0 -6.05387e-07 0 -6.05387e-07
1124 1125 0.0120735 0 -0.786055 0 0 0 0 -0.773982
1125 1126 0.124604 0 0 0 0 0 0 0.124604
1126 1127 0.459569 0 0 0 0 0 0 0.459569
1127 1128 0.0620648 0 0 0 0 0 0 0.0620648
1128 1129 0.0293344 0 -0 0 0 0 0 0.0293344
1129 1130 0.0330458 0 0 0 0 0 0 0.0330458
1130 1131 0.149296 0 -0.92048 0 0 0 0 -0.771184
1130 1132 0 0 0 0 0 -7.83473e-06 0 -7.83473e-06
1131 1132 8.10621e-05 0 -1.16838 0 0 0 0 -1.1683
1132 1133 0.0316662 0 -1.14845 0 0 0 0 -1.11678
1133 1134 0.09255 0 0 0 0 0 0 0.09255
1134 1135 0.0303633 0 -0 0 0 0 0 0.0303633
1135 1136 0.166696 0 -1.072 0 0 0 0 -0.905302
1136 1137 0.115782 0 0 0 0 0 0 0.115782
1137 1138 0.0223933 0 -1.25168 0 0 0 0 -1.22929
1138 1139 0.123147 0 -1.11604 0 0 0 0 -0.992895
1140 1141 0.0495542 0 0 0 0 0 0 0.0495542
1141 1142 0.0197596 0 0 0 0 0 0 0.0197596
1142 1143 7.68868e-05 0 0 0 0 0 0 7.68868e-05
1143 1144 0.0149671 0 0 0 0 0 0 0.0149671
1143 1145 0 0 0 0 0 0 -0.696846 -0.696846
1144 1145 0.00924958 0 0 0 0 0 0 0.00924958
1145 1146 0.0717641 0 -1.27134 0 0 0 0 -1.19958
1146 1147 0.0681163 0 0 0 0 0 0 0.0681163
1147 1148 0.0269265 0 -1.37541 0 0 0 0 -1.34848
1148 1149 0.00388466 0 -1.37515 0 0 0 0 -1.37127
1149 1150 0.0371544 0 -1.06003 0 0 0 0 -1.02288
1150 1151 0.0373673 0 -1.19474 0 0 0 0 -1.15738
1151 1152 0.0440519 0 -0.833158 0 0 0 0 -0.789106
1152 1153 0.00830856 0 -1.2144 0 0 0 0 -1.20609
1153 1154 0.00107243 0 -1.37829 0 0 0 0 -1.37722
1154 1155 0.144892 0 0 0 0 0 0 0.144892
1155 1156 0.0636671 0 -1.34864 0 0 0 0 -1.28498
1156 1157 0.00329092 0 0 0 0 0 0 0.00329092
1157 1158 0.0926002 0 -0.98117 0 0 0 0 -0.888569
1158 1159 0.0130558 0 -0.621382 0 0 0 0 -0.608326
1160 1161 0.0165443 0 0 0 0 0 0 0.0165443
1161 1162 0.0541159 0 -0 0 0 0 0 0.0541159
1162 1163 0.0468933 0 -1.25352 0 0 0 0 -1.20662
1163 1164 0.00296405 0 -0.44553 0 0 0 0 -0.442566
1164 1165 0.00846485 0 -1.15751 0 0 0 0 -1.14904
1165 1166 0.0126201 0 0 0 0 0 0 0.0126201
1166 1167 0.00928437 0 0 0 0 0 0 0.00928437
1167 1168 0.0156245 0 -0.795587 0 0 0 0 -0.779963
1168 1169 0.000739339 0 -1.17869 0 0 0 0 -1.17795
1169 1170 0.0311061 0 -1.37455 0 0 0 0 -1.34344
1170 1171 0.108537 0 -0.452655 0 0 0 0 -0.344117
1171 1172 0.111119 0 0 0 0 0 0 0.111119
1172 1173 3.78926e-05 0 -1.30857 0 0 0 0 -1.30853
1173 1174 0.0197705 0 -0.955464 0 0 0 0 -0.935693
1174 1175 0.0921612 0 -1.24725 0 0 0 0 -1.15509
1175 1176 0.0116923 0 0 0 0 0 0 0.0116923
1176 1177 0.175326 0 0 0 0 0 0 0.175326
1177 1178 0.080151 0 -1.41301 0 0 0 0 -1.33286
1178 1179 0.0915284 0 0 0 0 0 0 0.0915284
1180 1181 0.000151814 0 -1.24859 0 0 0 0 -1.24844
1181 1182 0.0218695 0 -1.34274 0 0 0 0 -1.32087
1182 1183 0.0684183 0 -1.12017 0 0 0 0 -1.05175
1183 1184 0.000375865 0 -1.03788 0 0 0 0 -1.03751
1184 1185 0.0210514 0 0 0 0 0 0 0.0210514
1185 1186 0.00273683 0 -1.27523 0 0 0 0 -1.2725
1186 1187 0.00139559 0 -1.31947 0 0 0 0 -1.31807
1187 1188 0.129031 0 -0.907766 0 0 0 0 -0.778735
1188 1189 0.000183916 0 -0.958522 0 0 0 0 -0.958338
1189 1190 0.0349298 0 -0.776511 0 0 0 0 -0.741581
1190 1191 0.0547774 0 0 0 0 0 0 0.0547774
1191 1192 0.00743927 0 0 0 0 0 0 0.00743927
1192 1193 0.0162803 0 0 0 0 0 0 0.0162803
1193 1194 0.00498193 0 -0 0 0 0 0 0.00498193
1194 1195 0.0735786 0 0 0 0 0 0 0.0735786
1195 1196 0.00513265 0 0 0 0 0 0 0.00513265
1196 1197 0.000340802 0 -0.771885 0 0 0 0 -0.771544
1197 1198 0.00922815 0 0 0 0 0 0 0.00922815
1198 1199 0.0127303 0 0 0 0 0 0 0.0127303
#Total energy per particle is  -0.57777 and should be -0.5777710
