#id1 id2 FENE BEXC STCK NEXC HB CRSTCK CXSTCK total, t = 200000
0 1 0.000729141 0 0 0 0 0 0 0.000729141
1 2 0.105445 0 -1.14791 0 0 0 0 -1.04246
2 3 0.0252478 0 0 0 0 0 0 0.0252478
3 4 0.263489 0 0 0 0 0 0 0.263489
4 5 0.0221772 0 -1.44042 0 0 0 0 -1.41824
5 6 0.0142296 0 0 0 0 0 0 0.0142296
6 7 0.0365286 0 -0.974321 0 0 0 0 -0.937793
7 8 0.00209892 0 0 0 0 0 0 0.00209892
8 9 0.0143221 0 0 0 0 0 0 0.0143221
9 10 0.0560899 0 0 0 0 0 0 0.0560899
10 11 0.00063011 0 -1.15105 0 0 0 0 -1.15042
11 12 0.00739282 0 0 0 0 0 0 0.00739282
12 13 0.0343474 0 -1.15087 0 0 0 0 -1.11652
13 14 0.0244301 0 -1.11922 0 0 0 0 -1.09479
14 15 0.0078383 0 -0.897323 0 0 0 0 -0.889484
15 16 0.0127828 0 -1.44684 0 0 0 0 -1.43406
16 17 0.12517 0 -1.00927 0 0 0 0 -0.884103
17 18 0.00145785 0 -0 0 0 0 0 0.00145785
18 19 0.0139929 0 0 0 0 0 0 0.0139929
20 21 0.0258816 0 -1.41426 0 0 0 0 -1.38838
21 22 0.0653778 0 -1.33228 0 0 0 0 -1.2669
22 23 0.00598033 0 -1.1877 0 0 0 0 -1.18172
23 24 0.0542145 0 0 0 0 0 0 0.0542145
24 25 0.050366 0 -1.00437 0 0 0 0 -0.954005
25 26 0.206646 0 -1.21636 0 0 0 0 -1.00972
26 27 0.167393 0 -1.30569 0 0 0 0 -1.1383
27 28 0.0415458 0 -1.17866 0 0 0 0 -1.13711
28 29 0.000232256 0 -1.33182 0 0 0 0 -1.33158
29 30 0.00392035 0 0 0 0 0 0 0.00392035
30 31 0.101496 0 -1.2799 0 0 0 0 -1.1784
31 32 0.0105981 0 0 0 0 0 0 0.0105981
32 33 3.09556e-06 0 0 0 0 0 0 3.09556e-06
33 34 0.00187784 0 -1.37092 0 0 0 0 -1.36904
34 35 0.190588 0 -1.20929 0 0 0 0 -1.0187
35 36 0.000142916 0 -1.38781 0 0 0 0 -1.38767
36 37 0.00212137 0 -1.33061 0 0 0 0 -1.32849
37 38 0.331408 0 0 0 0 0 0 0.331408
38 39 0.305664 0 0 0 0 0 0 0.305664
40 41 0.000902192 0 -1.29839 0 0 0 0 -1.29749
41 42 0.149881 0 0 0 0 0 0 0.149881
42 43 0.0245826 0 0 0 0 0 0 0.0245826
43 44 0.188685 0 -1.24479 0 0 0 0 -1.05611
44 45 0.0989135 0 -1.19837 0 0 0 0 -1.09945
45 46 0.0141818 0 0 0 0 0 0 0.0141818
46 47 0.0425657 0 -0 0 0 0 0 0.0425657
47 48 0.093889 0 -0.833209 0 0 0 0 -0.73932
48 49 0.00813881 0 -1.06353 0 0 0 0 -1.05539
49 50 0.0217821 0 0 0 0 0 0 0.0217821
50 51 0.0117262 0 -1.34587 0 0 0 0 -1.33414
51 52 0.152815 0 0 0 0 0 0 0.152815
52 53 0.0151999 0 0 0 0 0 0 0.0151999
53 54 0.09793 0 -1.33951 0 0 0 0 -1.24158
54 55 0.0562811 0 -0.989715 0 0 0 0 -0.933434
55 56 0.166412 0 -1.34415 0 0 0 0 -1.17774
56 57 0.00193956 0 -1.19107 0 0 0 0 -1.18913
57 58 0.0967844 0 0 0 0 0 0 0.0967844
58 59 0.0220296 0 -0.747666 0 0 0 0 -0.725636
60 61 0.00592482 0 0 0 0 0 0 0.00592482
61 62 0.0188606 0 -0.896227 0 0 0 0 -0.877366
62 63 0.0488805 0 0 0 0 0 0 0.0488805
63 64 0.0379224 0 0 0 0 0 0 0.0379224
64 65 0.211985 0 -0.813121 0 0 0 0 -0.601136
65 66 0.0225974 0 -0 0 0 0 0 0.0225974
66 67 0.0462172 0 0 0 0 0 0 0.0462172
67 68 0.0370386 0 -0 0 0 0 0 0.0370386
67 69 0 0 0 0 -0 0 -6.38826e-15 -6.38826e-15
68 69 0.0252573 0 -0.992749 0 0 0 0 -0.967491
69 70 0.00851586 0 0 0 0 0 0 0.00851586
70 71 0.000994864 0 -1.16402 0 0 0 0 -1.16303
71 72 0.0750208 0 -1.2709 0 0 0 0 -1.19587
72 73 0.0190121 0 0 0 0 0 0 0.0190121
73 74 0.011505 0 -1.26793 0 0 0 0 -1.25642
74 75 0.00402078 0 -0.999969 0 0 0 0 -0.995948
75 76 0.00269835 0 -1.08385 0 0 0 0 -1.08115
76 77 0.0115701 0 -1.05091 0 0 0 0 -1.03934
77 78 0.0137435 0 -1.30041 0 0 0 0 -1.28666
78 79 0.104409 0 -1.16529 0 0 0 0 -1.06088
80 81 0.00542287 0 -1.00488 0 0 0 0 -0.999461
81 82 8.49684e-05 0 0 0 0 0 0 8.49684e-05
82 83 0.173178 0 -0.825014 0 0 0 0 -0.651836
83 84 0.000158559 0 -1.1762 0 0 0 0 -1.17604
84 85 0.138534 0 0 0 0 0 0 0.138534
85 86 0.00198035 0 0 0 0 0 0 0.00198035
86 87 0.0389616 0 -1.39497 0 0 0 0 -1.35601
87 88 0.00909845 0 -0.902434 0 0 0 0 -0.893335
87 89 0 0 0 0.0026513 0 0 0 0.0026513
88 89 0.103315 0 0 0 0 0 0 0.103315
89 90 0.0344529 0 0 0 0 0 0 0.0344529
90 91 0.00945946 0 -1.22469 0 0 0 0 -1.21523
91 92 0.0328104 0 0 0 0 0 0 0.0328104
92 93 0.0457471 0 0 0 0 0 0 0.0457471
93 94 0.00458957 0 0 0 0 0 0 0.00458957
94 95 0.00443729 0 -1.04639 0 0 0 0 -1.04195
95 96 0.0113719 0 -1.20963 0 0 0 0 -1.19825
96 97 0.0776952 0 -1.24142 0 0 0 0 -1.16372
97 98 0.00348721 0 0 0 0 0 0 0.00348721
98 99 0.00428921 0 0 0 0 0 0 0.00428921
100 101 0.00065991 0 -1.37035 0 0 0 0 -1.36969
101 102 0.0242208 0 -1.41191 0 0 0 0 -1.38769
102 103 0.00743353 0 0 0 0 0 0 0.00743353
103 104 0.0633389 0 0 0 0 0 0 0.0633389
100 105 0 0 0 0 0 -0 -7.89697e-16 -7.89697e-16
104 105 0.0130338 0 0 0 0 0 0 0.0130338
101 106 0 0 0 0 0 -0.00105072 0 -0.00105072
105 106 0.001396 0 -1.02241 0 0 0 0 -1.02102
106 107 0.129167 0 0 0 0 0 0 0.129167
107 108 0.0866728 0 -1.22959 0 0 0 0 -1.14292
108 109 0.0860328 0 -0.770737 0 0 0 0 -0.684704
109 110 0.0129199 0 -1.12672 0 0 0 0 -1.1138
110 111 0.0275848 0 -1.31608 0 0 0 0 -1.28849
111 112 0.0220579 0 -1.21577 0 0 0 0 -1.19372
112 113 0.00447421 0 -1.17347 0 0 0 0 -1.16899
113 114 0.123478 0 0 0 0 0 0 0.123478
114 115 0.058946 0 -0.875656 0 0 0 0 -0.81671
115 116 0.0962734 0 0 0 0 0 0 0.0962734
116 117 0.034097 0 -1.33942 0 0 0 0 -1.30532
117 118 0.0237157 0 0 0 0 0 0 0.0237157
118 119 0.127787 0 0 0 0 0 0 0.127787
120 121 0.00931824 0 -1.29107 0 0 0 0 -1.28175
121 122 0.1793 0 -1.187 0 0 0 0 -1.0077
122 123 0.0647129 0 -0 0 0 0 0 0.0647129
123 124 0.0932385 0 0 0 0 0 0 0.0932385
124 125 0.0147308 0 -1.31935 0 0 0 0 -1.30462
125 126 0.215 0 -1.1884 0 0 0 0 -0.973402
126 127 0.142026 0 -0.984223 0 0 0 0 -0.842197
127 128 0.0714252 0 0 0 0 0 0 0.0714252
128 129 0.15215 0 -1.35857 0 0 0 0 -1.20642
129 130 0.030974 0 0 0 0 0 0 0.030974
130 131 0.00991921 0 -1.10983 0 0 0 0 -1.09991
131 132 0.102118 0 -1.35051 0 0 0 0 -1.24839
132 133 0.0755122 0 -1.36718 0 0 0 0 -1.29166
133 134 0.0237452 0 0 0 0 0 0 0.0237452
134 135 0.0329225 0 -1.2725 0 0 0 0 -1.23957
135 136 0.306881 0 0 0 0 0 0 0.306881
136 137 0.0106721 0 -1.24646 0 0 0 0 -1.23579
137 138 0.00898405 0 -1.28935 0 0 0 0 -1.28036
138 139 0.057778 0 -1.37349 0 0 0 0 -1.31571
140 141 0.0122972 0 -0 0 0 0 0 0.0122972
141 142 0.00445082 0 0 0 0 0 0 0.00445082
142 143 0.00819641 0 0 0 0 0 0 0.00819641
143 144 0.0354891 0 -1.34834 0 0 0 0 -1.31285
144 145 0.108825 0 -1.2398 0 0 0 0 -1.13097
145 146 0.0239862 0 -1.29899 0 0 0 0 -1.27501
146 147 0.0384341 0 0 0 0 0 0 0.0384341
147 148 0.193482 0 -1.0798 0 0 0 0 -0.886318
148 149 0.207765 0 -1.15665 0 0 0 0 -0.948882
149 150 0.150338 0 0 0 0 0 0 0.150338
150 151 0.0399265 0 0 0 0 0 0 0.0399265
151 152 0.0306948 0 0 0 0 0 0 0.0306948
152 153 2.2115e-05 0 -1.42306 0 0 0 0 -1.42303
153 154 0.0122082 0 -1.1169 0 0 0 0 -1.1047
154 155 0.0113248 0 -1.12925 0 0 0 0 -1.11793
155 156 0.0180942 0 -1.44054 0 0 0 0 -1.42245
156 157 0.0740535 0 -1.1085 0 0 0 0 -1.03445
157 158 0.0576623 0 -0.955358 0 0 0 0 -0.897696
158 159 0.021767 0 -0.999583 0 0 0 0 -0.977816
160 161 0.00787775 0 0 0 0 0 0 0.00787775
161 162 0.0444004 0 -0.95458 0 0 0 0 -0.91018
162 163 0.000537404 0 -1.16602 0 0 0 0 -1.16548
163 164 0.0885428 0 0 0 0 0 0 0.0885428
164 165 0.00174851 0 0 0 0 0 0 0.00174851
165 166 0.226376 0 0 0 0 0 0 0.226376
166 167 0.00874558 0 -1.12963 0 0 0 0 -1.12088
167 168 0.00190299 0 0 0 0 0 0 0.00190299
168 169 0.0414073 0 0 0 0 0 0 0.0414073
169 170 0.000581852 0 0 0 0 0 0 0.000581852
170 171 0.012458 0 0 0 0 0 0 0.012458
171 172 0.0070614 0 0 0 0 0 0 0.0070614
172 173 0.115136 0 -1.07212 0 0 0 0 -0.956982
173 174 0.194925 0 -1.22432 0 0 0 0 -1.02939
174 175 0.0972605 0 -0 0 0 0 0 0.0972605
172 176 0 0 0 0 0 0 -3.4576e-15 -3.4576e-15
175 176 0.0743552 0 0 0 0 0 0 0.0743552
176 177 0.00166394 0 0 0 0 0 0 0.00166394
177 178 0.0733485 0 0 0 0 0 0 0.0733485
178 179 0.0663294 0 -1.41856 0 0 0 0 -1.35223
180 181 3.06338e-06 0 0 0 0 0 0 3.06338e-06
181 182 0.000551817 0 -1.34384 0 0 0 0 -1.34329
182 183 0.00183001 0 -1.36679 0 0 0 0 -1.36496
183 184 0.0116767 0 -1.3008 0 0 0 0 -1.28912
184 185 0.0304383 0 -0.707271 0 0 0 0 -0.676833
185 186 0.0121046 0 -1.33704 0 0 0 0 -1.32494
186 187 0.126095 0 -0.903755 0 0 0 0 -0.77766
187 188 7.16685e-05 0 -0.948788 0 0 0 0 -0.948716
188 189 0.000127467 0 0 0 0 0 0 0.000127467
189 190 0.102097 0 -1.0688 0 0 0 0 -0.966708
190 191 0.0119846 0 -1.26481 0 0 0 0 -1.25283
191 192 0.0241779 0 0 0 0 0 0 0.0241779
192 193 0.114708 0 0 0 0 0 0 0.114708
193 194 0.025247 0 -1.12662 0 0 0 0 -1.10138
194 195 0.067305 0 0 0 0 0 0 0.067305
195 196 0.0915249 0 -1.28681 0 0 0 0 -1.19528
196 197 0.0238217 0 -0.698031 0 0 0 0 -0.67421
197 198 0.0256957 0 -1.14623 0 0 0 0 -1.12054
198 199 0.0102245 0 -1.14866 0 0 0 0 -1.13844
200 201 0.322807 0 0 0 0 0 0 0.322807
201 202 0.0427936 0 0 0 0 0 0 0.0427936
202 203 0.000990743 0 -1.10744 0 0 0 0 -1.10645
203 204 0.0320713 0 -1.23242 0 0 0 0 -1.20035
204 205 0.00241868 0 0 0 0 0 0 0.00241868
205 206 0.0701259 0 -1.43537 0 0 0 0 -1.36525
206 207 0.000373623 0 0 0 0 0 0 0.000373623
207 208 0.301317 0 0 0 0 0 0 0.301317
208 209 0.0134171 0 -0 0 0 0 0 0.0134171
209 210 0.0456058 0 0 0 0 0 0 0.0456058
210 211 0.0176526 0 -1.22022 0 0 0 0 -1.20257
211 212 0.00198916 0 -1.37146 0 0 0 0 -1.36947
212 213 0.291756 0 0 0 0 0 0 0.291756
213 214 0.0138964 0 -0 0 0 0 0 0.0138964
214 215 0.00833956 0 -0 0 0 0 0 0.00833956
215 216 0.0487631 0 0 0 0 0 0 0.0487631
216 217 0.010493 0 -1.11553 0 0 0 0 -1.10504
217 218 0.0230704 0 -1.01859 0 0 0 0 -0.995516
218 219 1.37715e-05 0 0 0 0 0 0 1.37715e-05
220 221 0.0649675 0 -1.33061 0 0 0 0 -1.26564
221 222 0.000741273 0 -0.836939 0 0 0 0 -0.836197
222 223 0.0632304 0 -1.30107 0 0 0 0 -1.23784
223 224 2.5693e-06 0 -1.19141 0 0 0 0 -1.1914
224 225 0.000353192 0 0 0 0 0 0 0.000353192
225 226 0.0255714 0 0 0 0 0 0 0.0255714
226 227 0.0562094 0 0 0 0 0 0 0.0562094
227 228 4.26469e-05 0 -1.33212 0 0 0 0 -1.33208
228 229 0.000171997 0 -1.28396 0 0 0 0 -1.28379
229 230 0.247308 0 -1.05407 0 0 0 0 -0.80676
230 231 0.00039012 0 -1.18119 0 0 0 0 -1.1808
231 232 0.00639694 0 -1.24173 0 0 0 0 -1.23534
232 233 0.183853 0 -1.10071 0 0 0 0 -0.916858
233 234 0.0427405 0 -1.0913 0 0 0 0 -1.04856
234 235 0.00621868 0 -1.23599 0 0 0 0 -1.22977
235 236 0.0252593 0 0 0 0 0 0 0.0252593
236 237 0.104206 0 -0.876602 0 0 0 0 -0.772396
237 238 0.037462 0 0 0 0 0 0 0.037462
238 239 0.081814 0 -0.933359 0 0 0 0 -0.851545
240 241 0.0150892 0 0 0 0 0 0 0.0150892
241 242 0.0023364 0 -0 0 0 0 0 0.0023364
241 243 0 0 0 0 -0 -0 -0.000502444 -0.000502444
242 243 7.1298e-05 0 -1.15893 0 0 0 0 -1.15886
243 244 0.00140181 0 0 0 0 0 0 0.00140181
244 245 0.0230944 0 -0.867164 0 0 0 0 -0.844069
245 246 0.0252721 0 0 0 0 0 0 0.0252721
246 247 0.00147776 0 -1.09593 0 0 0 0 -1.09445
247 248 0.00010213 0 -0 0 0 0 0 0.00010213
248 249 0.0654586 0 0 0 0 0 0 0.0654586
249 250 0.0439998 0 0 0 0 0 0 0.0439998
250 251 0.0256163 0 -1.37732 0 0 0 0 -1.35171
251 252 0.0689929 0 -1.31116 0 0 0 0 -1.24217
252 253 0.00627895 0 -1.3003 0 0 0 0 -1.29402
253 254 0.102362 0 0 0 0 0 0 0.102362
254 255 0.0493592 0 -1.43787 0 0 0 0 -1.38851
255 256 0.0346206 0 0 0 0 0 0 0.0346206
256 257 0.00080323 0 0 0 0 0 0 0.00080323
257 258 0.00214893 0 -0.505962 0 0 0 0 -0.503813
258 259 0.0682447 0 -1.02501 0 0 0 0 -0.956769
260 261 0.0223244 0 -1.17328 0 0 0 0 -1.15095
261 262 0.245294 0 -1.10812 0 0 0 0 -0.862821
262 263 0.00122016 0 -1.32885 0 0 0 0 -1.32763
263 264 0.0840471 0 -1.24365 0 0 0 0 -1.1596
264 265 0.0166745 0 -1.29539 0 0 0 0 -1.27872
265 266 0.0360575 0 -1.1617 0 0 0 0 -1.12565
266 267 0.00142999 0 -0.784097 0 0 0 0 -0.782667
267 268 0.0272482 0 -1.09664 0 0 0 0 -1.06939
268 269 0.0403812 0 0 0 0 0 0 0.0403812
269 270 0.0340829 0 0 0 0 0 0 0.0340829
270 271 0.00840101 0 -1.08388 0 0 0 0 -1.07548
271 272 0.000446077 0 -0.640938 0 0 0 0 -0.640491
272 273 0.193668 0 -1.19595 0 0 0 0 -1.00228
273 274 0.0359346 0 -1.25801 0 0 0 0 -1.22207
274 275 0.000200512 0 0 0 0 0 0 0.000200512
275 276 0.0320612 0 -0.965166 0 0 0 0 -0.933105
276 277 0.0830285 0 -1.08507 0 0 0 0 -1.00204
277 278 0.0128448 0 -1.40143 0 0 0 0 -1.38859
278 279 0.027541 0 0 0 0 0 0 0.027541
280 281 0.000242565 0 -1.27066 0 0 0 0 -1.27042
281 282 0.0497252 0 -0.632467 0 0 0 0 -0.582742
282 283 0.0456511 0 -0.709689 0 0 0 0 -0.664038
283 284 0.0127541 0 -1.25098 0 0 0 0 -1.23822
284 285 0.3349 0 0 0 0 0 0 0.3349
285 286 0.0701202 0 0 0 0 0 0 0.0701202
286 287 0.0206249 0 0 0 0 0 0 0.0206249
287 288 0.0325873 0 -1.23823 0 0 0 0 -1.20565
288 289 0.085066 0 0 0 0 0 0 0.085066
289 290 0.00610715 0 -1.10976 0 0 0 0 -1.10366
290 291 0.020046 0 -1.02097 0 0 0 0 -1.00092
291 292 2.44608e-05 0 -1.27184 0 0 0 0 -1.27181
292 293 0.0922799 0 -1.11264 0 0 0 0 -1.02036
293 294 8.29896e-05 0 0 0 0 0 0 8.29896e-05
294 295 3.71324e-05 0 -0.00968635 0 0 0 0 -0.00964922
295 296 0.00364841 0 -0.888267 0 0 0 0 -0.884618
296 297 0.0881567 0 -1.25961 0 0 0 0 -1.17146
297 298 0.000434278 0 -1.33125 0 0 0 0 -1.33082
298 299 0.00626921 0 0 0 0 0 0 0.00626921
300 301 0.0202943 0.0197017 0 0 0 0 0 0.039996
301 302 0.0100356 0 -1.26018 0 0 0 0 -1.25014
302 303 0.0240983 0 -1.21307 0 0 0 0 -1.18897
303 304 0.0705646 0 0 0 0 0 0 0.0705646
304 305 0.0534896 0 -1.36236 0 0 0 0 -1.30887
305 306 0.23533 0 -1.39249 0 0 0 0 -1.15716
306 307 0.0579729 0 -1.27606 0 0 0 0 -1.21809
307 308 0.305779 0 -1.12539 0 0 0 0 -0.819607
308 309 0.00148931 0 -1.35422 0 0 0 0 -1.35273
309 310 0.00411135 0 -1.04564 0 0 0 0 -1.04153
310 311 0.0013586 0 0 0 0 0 0 0.0013586
311 312 0.0391385 0 -1.07994 0 0 0 0 -1.0408
312 313 0.0689274 0 -1.29899 0 0 0 0 -1.23006
313 314 0.00551952 0 0 0 0 0 0 0.00551952
314 315 0.0231741 0 0 0 0 0 0 0.0231741
315 316 0.0226962 0 0 0 0 0 0 0.0226962
316 317 0.0452282 0 -1.2177 0 0 0 0 -1.17247
317 318 0.0099367 0 0 0 0 0 0 0.0099367
318 319 0.308171 0 -1.01996 0 0 0 0 -0.711788
320 321 0.0218327 0 -1.39898 0 0 0 0 -1.37715
321 322 0.0832839 0 -1.27638 0 0 0 0 -1.19309
322 323 0.0837622 0 0 0 0 0 0 0.0837622
323 324 0.256881 0 -1.38895 0 0 0 0 -1.13207
324 325 0.090638 0 -1.37631 0 0 0 0 -1.28568
325 326 0.0415793 0 0 0 0 0 0 0.0415793
326 327 0.0687577 0 0 0 0 0 0 0.0687577
327 328 0.0676134 0 -0.755479 0 0 0 0 -0.687865
328 329 0.0200845 0 0 0 0 0 0 0.0200845
329 330 0.06459 0 0 0 0 0 0 0.06459
330 331 0.0516731 0 0 0 0 0 0 0.0516731
331 332 0.056975 0 -0.884664 0 0 0 0 -0.827689
332 333 0.00201864 0 0 0 0 0 0 0.00201864
333 334 0.0442547 0 -0.636458 0 0 0 0 -0.592204
334 335 0.0191381 0 -1.12283 0 0 0 0 -1.1037
335 336 0.00666916 0 0 0 0 0 0 0.00666916
336 337 0.00182865 0 -0.830186 0 0 0 0 -0.828358
337 338 0.0195614 0 -1.08787 0 0 0 0 -1.06831
338 339 0.0225928 0 -1.0755 0 0 0 0 -1.05291
340 341 0.00304238 0 -1.29181 0 0 0 0 -1.28876
341 342 0.0258297 0 0 0 0 0 0 0.0258297
342 343 0.000816389 0 -1.05899 0 0 0 0 -1.05818
343 344 0.000733865 0 -1.35944 0 0 0 0 -1.3587
344 345 0.074018 0 0 0 0 0 0 0.074018
345 346 0.211596 0 0 0 0 0 0 0.211596
346 347 0.0316552 0 -1.355 0 0 0 0 -1.32334
345 348 0 0 0 0.0137332 0 0 0 0.0137332
347 348 2.10457e-05 0 -0.743792 0 0 0 0 -0.743771
348 349 0.0779828 0 0 0 0 0 0 0.0779828
349 350 0.00427714 0 -1.21468 0 0 0 0 -1.2104
350 351 0.137784 0 -1.34151 0 0 0 0 -1.20372
351 352 0.000174217 0 -1.05375 0 0 0 0 -1.05358
352 353 0.00419173 0 -1.38927 0 0 0 0 -1.38508
353 354 0.0463064 0 -0 0 0 0 0 0.0463064
354 355 0.00131269 0 0 0 0 0 0 0.00131269
355 356 0.00700114 0 0 0 0 0 0 0.00700114
356 357 0.0023762 0 -0.930777 0 0 0 0 -0.928401
357 358 0.0113851 0 0 0 0 0 0 0.0113851
358 359 0.0239388 0 -1.09174 0 0 0 0 -1.0678
360 361 0.067941 0 -0 0 0 0 0 0.067941
361 362 0.00078855 0 -1.35429 0 0 0 0 -1.35351
362 363 0.0156319 0 0 0 0 0 0 0.0156319
363 364 0.0134349 0 -1.19178 0 0 0 0 -1.17834
364 365 0.0615371 0 -1.00573 0 0 0 0 -0.944194
365 366 0.0139043 0 -0.72091 0 0 0 0 -0.707006
366 367 0.223244 0 0 0 0 0 0 0.223244
367 368 0.251719 0 0 0 0 0 0 0.251719
368 369 0.0921857 0 -1.16292 0 0 0 0 -1.07073
369 370 0.00397149 0 0 0 0 0 0 0.00397149
370 371 0.0113637 0 -1.13055 0 0 0 0 -1.11919
371 372 0.0141406 0 -1.17839 0 0 0 0 -1.16425
372 373 0.0288837 0 -1.17749 0 0 0 0 -1.14861
373 374 9.41239e-07 0 0 0 0 0 0 9.41239e-07
374 375 0.000826629 0 -1.306 0 0 0 0 -1.30518
375 376 0.00303226 0 -1.21021 0 0 0 0 -1.20718
376 377 0.00388333 0 -1.16574 0 0 0 0 -1.16185
377 378 0.00379226 0 -1.03996 0 0 0 0 -1.03617
378 379 0.00145177 0 0 0 0 0 0 0.00145177
380 381 0.179365 0 -1.19921 0 0 0 0 -1.01984
381 382 0.000150407 0 -1.01538 0 0 0 0 -1.01523
382 383 0.000201274 0 -0.718225 0 0 0 0 -0.718024
383 384 0.0504014 0 -0.914838 0 0 0 0 -0.864437
384 385 0.00998463 0 -1.2702 0 0 0 0 -1.26022
385 386 0.0381505 0 -0.961681 0 0 0 0 -0.923531
386 387 0.0726392 0 0 0 0 0 0 0.0726392
387 388 0.0119908 0 -1.11017 0 0 0 0 -1.09818
388 389 0.0639349 0 0 0 0 0 0 0.0639349
389 390 0.0220932 0 -1.06251 0 0 0 0 -1.04041
390 391 0.00266825 0 -0.498559 0 0 0 0 -0.49589
391 392 0.096085 0 -1.34411 0 0 0 0 -1.24803
392 393 0.00102863 0 -0 0 0 0 0 0.00102863
393 394 0.0690541 0 -0.598938 0 0 0 0 -0.529884
394 395 0.0548208 0 -0.745618 0 0 0 0 -0.690797
395 396 0.0944719 0 -0.956973 0 0 0 0 -0.862501
396 397 0.00808836 0 -0.944611 0 0 0 0 -0.936523
397 398 0.0181223 0 -1.02319 0 0 0 0 -1.00507
398 399 0.0131859 0 -1.40426 0 0 0 0 -1.39107
400 401 0.0252508 0 -1.2334 0 0 0 0 -1.20815
401 402 0.146963 0 0 0 0 0 0 0.146963
402 403 0.000254414 0 -0.471796 0 0 0 0 -0.471542
403 404 0.0884771 0 0 0 0 0 0 0.0884771
404 405 0.0411517 0 0 0 0 0 0 0.0411517
405 406 0.0290244 0 0 0 0 0 0 0.0290244
406 407 0.00419847 0 -0.816112 0 0 0 0 -0.811914
407 408 0.108643 0 -1.27415 0 0 0 0 -1.16551
408 409 0.00666695 0 0 0 0 0 0 0.00666695
409 410 0.00554897 0 -1.33806 0 0 0 0 -1.33251
410 411 0.0669472 0 -0 0 0 0 0 0.0669472
411 412 0.0262736 0 0 0 0 0 0 0.0262736
412 413 0.00655405 0 0 0 0 0 0 0.00655405
413 414 0.18045 0 -1.16486 0 0 0 0 -0.984408
414 415 0.249122 0 -1.41125 0 0 0 0 -1.16213
415 416 0.00182252 0 -1.24595 0 0 0 0 -1.24412
416 417 0.0206574 0 -1.1663 0 0 0 0 -1.14565
417 418 0.143831 0 -1.15486 0 0 0 0 -1.01103
418 419 0.0285928 0 -1.30912 0 0 0 0 -1.28053
420 421 0.00188647 0 0 0 0 0 0 0.00188647
421 422 0.172147 0 -0.580671 0 0 0 0 -0.408524
422 423 0.212566 0 0 0 0 0 0 0.212566
423 424 0.0026316 0 0 0 0 0 0 0.0026316
424 425 0.106807 0 0 0 0 0 0 0.106807
425 426 0.127408 0 0 0 0 0 0 0.127408
426 427 0.00148281 0 0 0 0 0 0 0.00148281
427 428 0.00731351 0 -0 0 0 0 0 0.00731351
428 429 0.0991601 0 -1.41541 0 0 0 0 -1.31625
429 430 0.00164031 0 -1.25408 0 0 0 0 -1.25244
430 431 0.148958 0 -1.25058 0 0 0 0 -1.10162
431 432 0.185952 0 0 0 0 0 0 0.185952
432 433 0.00628913 0 -0.939987 0 0 0 0 -0.933698
433 434 0.0309232 0 -1.27239 0 0 0 0 -1.24147
434 435 0.0121106 0 0 0 0 0 0 0.0121106
435 436 0.0161317 0 -1.19805 0 0 0 0 -1.18192
436 437 0.0145796 0 -0.868912 0 0 0 0 -0.854332
437 438 0.00455241 0 0 0 0 0 0 0.00455241
438 439 0.000291655 0 -1.32476 0 0 0 0 -1.32446
440 441 0.0211703 0 -0 0 0 0 0 0.0211703
441 442 0.0562268 0 -1.23753 0 0 0 0 -1.1813
442 443 0.102621 0 -1.07274 0 0 0 0 -0.970123
443 444 0.00614548 0 0 0 0 0 0 0.00614548
444 445 0.0873487 0 -0 0 0 0 0 0.0873487
445 446 0.0112103 0 -1.24696 0 0 0 0 -1.23575
446 447 0.0386524 0 -1.36726 0 0 0 0 -1.32861
447 448 0.141689 0 0 0 0 0 0 0.141689
448 449 0.0111316 0 -1.04588 0 0 0 0 -1.03475
449 450 0.0406807 0 0 0 0 0 0 0.0406807
450 451 0.000953037 0 -0.985934 0 0 0 0 -0.984981
451 452 0.00625767 0 -0.731411 0 0 0 0 -0.725153
452 453 0.16119 0 -0.666306 0 0 0 0 -0.505115
453 454 0.13199 0 0 0 0 0 0 0.13199
454 455 0.013244 0 0 0 0 0 0 0.013244
455 456 0.00199604 0 -1.21611 0 0 0 0 -1.21411
456 457 0.0114719 0 -1.27149 0 0 0 0 -1.26002
457 458 0.0784877 0 -1.2766 0 0 0 0 -1.19811
458 459 0.147725 0 -1.2951 0 0 0 0 -1.14738
460 461 0.00420772 0 0 0 0 0 0 0.00420772
461 462 0.00116919 0 0 0 0 0 0 0.00116919
462 463 0.188522 0 -0.975435 0 0 0 0 -0.786913
463 464 0.000339163 0 0 0 0 0 0 0.000339163
464 465 0.0211164 0 -1.08737 0 0 0 0 -1.06626
465 466 0.00145486 0 0 0 0 0 0 0.00145486
466 467 0.0173301 0 -1.07198 0 0 0 0 -1.05465
467 468 0.111113 0 0 0 0 0 0 0.111113
468 469 0.07389 0 -1.21043 0 0 0 0 -1.13654
469 470 0.140245 0 0 0 0 0 0 0.140245
470 471 0.263829 0 -0 0 0 0 0 0.263829
471 472 0.144914 0 -1.29083 0 0 0 0 -1.14592
472 473 4.64666e-05 0 -1.34636 0 0 0 0 -1.34631
473 474 0.032429 0 -1.11874 0 0 0 0 -1.08631
474 475 0.0391889 0 -1.3578 0 0 0 0 -1.31861
475 476 0.0163985 0 -1.34463 0 0 0 0 -1.32824
476 477 0.00795086 0 -1.34797 0 0 0 0 -1.34001
477 478 0.000216323 0 -1.25104 0 0 0 0 -1.25083
478 479 0.0436046 0 -1.26894 0 0 0 0 -1.22534
480 481 0.172572 0 -1.10934 0 0 0 0 -0.936767
481 482 0.15493 0 -1.29004 0 0 0 0 -1.13511
482 483 0.0545092 0 0 0 0 0 0 0.0545092
483 484 0.14319 0 -0.547752 0 0 0 0 -0.404561
484 485 0.188649 0 -1.35254 0 0 0 0 -1.16389
485 486 0.000176327 0 -1.08566 0 0 0 0 -1.08548
486 487 0.102837 0 -1.34078 0 0 0 0 -1.23794
487 488 0.0483569 0 -1.23777 0 0 0 0 -1.18942
488 489 0.0339597 0 -0.747188 0 0 0 0 -0.713229
489 490 0.0360874 0 -1.07102 0 0 0 0 -1.03494
489 491 0 0 0 0 0 -2.49283e-07 0 -2.49283e-07
490 491 0.0225257 0 -0.971823 0 0 0 0 -0.949297
491 492 0.0181867 0 0 0 0 0 0 0.0181867
492 493 0.000244218 0 -1.28392 0 0 0 0 -1.28368
493 494 0.127604 0 0 0 0 0 0 0.127604
494 495 0.00703233 0 -0.706954 0 0 0 0 -0.699922
495 496 0.0297608 0 -1.19418 0 0 0 0 -1.16442
496 497 0.035798 0 0 0 0 0 0 0.035798
497 498 0.00191453 0 -1.37415 0 0 0 0 -1.37223
498 499 0.0482669 0 0 0 0 0 0 0.0482669
500 501 0.00013006 0 -0 0 0 0 0 0.00013006
501 502 0.0118291 0 -0 0 0 0 0 0.0118291
502 503 9.95983e-05 0 -1.36902 0 0 0 0 -1.36892
503 504 0.0855659 0 0 0 0 0 0 0.0855659
504 505 0.00305185 0 -1.27719 0 0 0 0 -1.27413
505 506 0.0152045 0 -1.05391 0 0 0 0 -1.03871
506 507 0.0799747 0 -1.26485 0 0 0 0 -1.18487
507 508 0.0955579 0 -1.46068 0 0 0 0 -1.36513
508 509 0.138907 0 0 0 0 0 0 0.138907
509 510 0.0242096 0 -0 0 0 0 0 0.0242096
510 511 0.000536056 0 -1.38307 0 0 0 0 -1.38253
511 512 0.00777292 0 -1.09025 0 0 0 0 -1.08247
512 513 0.0666498 0 -1.2346 0 0 0 0 -1.16796
513 514 0.0108861 0 -0.819435 0 0 0 0 -0.808549
514 515 0.0545286 0 -0.878978 0 0 0 0 -0.82445
515 516 0.00166412 0 0 0 0 0 0 0.00166412
516 517 0.0119274 0 0 0 0 0 0 0.0119274
517 518 0.0704896 0 -0.866344 0 0 0 0 -0.795854
518 519 0.0121537 0 0 0 0 0 0 0.0121537
520 521 0.000623452 0 -1.28344 0 0 0 0 -1.28282
521 522 0.119964 0 0 0 0 0 0 0.119964
522 523 0.00170129 0 -1.39329 0 0 0 0 -1.39159
523 524 0.0234066 0 -1.18485 0 0 0 0 -1.16145
524 525 0.00302355 0 -1.39435 0 0 0 0 -1.39132
525 526 0.00857246 0 0 0 0 0 0 0.00857246
526 527 0.00212377 0 -1.1522 0 0 0 0 -1.15008
527 528 0.472548 0 -0.0305681 0 0 0 0 0.44198
528 529 0.103292 0 -1.3751 0 0 0 0 -1.27181
529 530 0.00191974 0 0 0 0 0 0 0.00191974
530 531 0.00129205 0 -1.18562 0 0 0 0 -1.18433
531 532 0.0345937 0 0 0 0 0 0 0.0345937
532 533 0.0264566 0 0 0 0 0 0 0.0264566
533 534 0.217397 0 0 0 0 0 0 0.217397
534 535 0.0113765 0 0 0 0 0 0 0.0113765
535 536 0.122795 0 -0 0 0 0 0 0.122795
536 537 0.0138546 0 0 0 0 0 0 0.0138546
537 538 0.00797312 0 -1.08819 0 0 0 0 -1.08022
538 539 0.00743582 0 -0 0 0 0 0 0.00743582
540 541 0.0358113 0 -1.30231 0 0 0 0 -1.26649
541 542 0.1452 0 -0.854204 0 0 0 0 -0.709004
542 543 0.0135829 0 -1.32588 0 0 0 0 -1.3123
543 544 0.0165321 0 0 0 0 0 0 0.0165321
544 545 0.124241 0 -1.00802 0 0 0 0 -0.883784
545 546 0.0269173 0 0 0 0 0 0 0.0269173
546 547 8.2414e-07 0 -1.24184 0 0 0 0 -1.24184
547 548 0.0126185 0 0 0 0 0 0 0.0126185
548 549 0.00284992 0 -1.21169 0 0 0 0 -1.20884
549 550 0.000104461 0 -1.13194 0 0 0 0 -1.13183
550 551 0.0596872 0 -1.06873 0 0 0 0 -1.00904
551 552 0.000607456 0 -1.08815 0 0 0 0 -1.08754
549 553 0 0 0 0 -0 -5.7513e-05 0 -5.7513e-05
548 553 0 0 0 0 -0 -1.1925e-06 0 -1.1925e-06
552 553 0.00143185 0 0 0 0 0 0 0.00143185
549 554 0 0 0 0 -0 -0.0187283 0 -0.0187283
548 554 0 0 0 0 -0.133012 0 -0 -0.133012
553 554 0.000393128 0 -1.26234 0 0 0 0 -1.26194
554 555 0.0472438 0 -1.07706 0 0 0 0 -1.02982
555 556 0.128985 0 0 0 0 0 0 0.128985
556 557 0.089413 0 -1.41827 0 0 0 0 -1.32885
557 558 0.00561699 0 -0 0 0 0 0 0.00561699
558 559 0.0100216 0 0 0 0 0 0 0.0100216
560 561 5.45982e-05 0 -1.37596 0 0 0 0 -1.37591
561 562 0.0335098 0 0 0 0 0 0 0.0335098
562 563 0.0449959 0 -1.20988 0 0 0 0 -1.16488
563 564 0.00754502 0 -1.40436 0 0 0 0 -1.39682
564 565 0.000208754 0 0 0 0 0 0 0.000208754
565 566 0.145099 0 -1.09262 0 0 0 0 -0.947518
566 567 0.00390258 0 -0.964891 0 0 0 0 -0.960989
567 568 0.0215325 0 0 0 0 0 0 0.0215325
568 569 0.000586407 0 -1.32952 0 0 0 0 -1.32894
569 570 0.0158354 0 -1.24537 0 0 0 0 -1.22953
570 571 0.04094 0 -0 0 0 0 0 0.04094
571 572 0.000398188 0 -1.30394 0 0 0 0 -1.30354
572 573 0.0638672 0 0 0 0 0 0 0.0638672
573 574 0.00933858 0 -1.17867 0 0 0 0 -1.16933
574 575 0.0374934 0 0 0 0 0 0 0.0374934
575 576 0.135 0 0 0 0 0 0 0.135
576 577 0.0041304 0 0 0 0 0 0 0.0041304
577 578 0.0610709 0 0 0 0 0 0 0.0610709
578 579 0.0927023 0 -1.04775 0 0 0 0 -0.955048
580 581 0.0564563 0 -1.35821 0 0 0 0 -1.30175
581 582 0.0489461 0 -1.39851 0 0 0 0 -1.34956
582 583 0.0753372 0 0 0 0 0 0 0.0753372
583 584 0.0387753 0 -1.25978 0 0 0 0 -1.221
584 585 0.0304386 0 0 0 0 0 0 0.0304386
585 586 0.00411795 0 0 0 0 0 0 0.00411795
586 587 0.0383707 0 -0.968874 0 0 0 0 -0.930503
587 588 0.0688577 0 -1.00735 0 0 0 0 -0.938496
588 589 0.0237426 0 -1.08933 0 0 0 0 -1.06559
589 590 0.176503 0 -0 0 0 0 0 0.176503
590 591 0.00534996 0 0 0 0 0 0 0.00534996
591 592 0.0566174 0 -1.33043 0 0 0 0 -1.27381
592 593 0.00523382 0 -1.40896 0 0 0 0 -1.40373
593 594 0.0416209 0 -1.4441 0 0 0 0 -1.40248
594 595 0.122271 0 0 0 0 0 0 0.122271
595 596 0.0128464 0 -1.01033 0 0 0 0 -0.997483
596 597 0.000535665 0 -1.2826 0 0 0 0 -1.28207
597 598 0.00170478 0 -0.00513509 0 0 0 0 -0.00343031
598 599 0.00764847 0 -1.23305 0 0 0 0 -1.2254
600 601 0.01031 0 0 0 0 0 0 0.01031
601 602 0.0113108 0 0 0 0 0 0 0.0113108
602 603 0.0820936 0 -1.32614 0 0 0 0 -1.24404
603 604 0.0109677 0 -1.09737 0 0 0 0 -1.0864
604 605 0.0772919 0 -0.653003 0 0 0 0 -0.575711
605 606 0.0649781 0 -0.203742 0 0 0 0 -0.138764
606 607 0.140099 0 -0 0 0 0 0 0.140099
607 608 0.109252 0 -1.11698 0 0 0 0 -1.00772
608 609 0.250547 0 -0.718412 0 0 0 0 -0.467865
609 610 0.25432 0 -0.700813 0 0 0 0 -0.446493
610 611 0.00608325 0 -1.33348 0 0 0 0 -1.3274
611 612 0.0149115 0 -0.55519 0 0 0 0 -0.540279
612 613 0.0331045 0 -0.451397 0 0 0 0 -0.418293
613 614 2.09851e-05 0 -1.00371 0 0 0 0 -1.00369
614 615 0.281757 0 -1.23161 0 0 0 0 -0.949851
615 616 0.0486303 0 0 0 0 0 0 0.0486303
616 617 0.026084 0 -1.05129 0 0 0 0 -1.02521
617 618 0.000169393 0 -1.05506 0 0 0 0 -1.05489
618 619 0.0516529 0 0 0 0 0 0 0.0516529
620 621 0.0469205 0 -1.0397 0 0 0 0 -0.99278
621 622 0.045944 0 0 0 0 0 0 0.045944
622 623 0.00486904 0 -1.1406 0 0 0 0 -1.13573
623 624 0.0119658 0 -0 0 0 0 0 0.0119658
624 625 0.0246439 0 -1.094 0 0 0 0 -1.06936
625 626 0.0244675 0 0 0 0 0 0 0.0244675
626 627 0.0120171 0 -1.44707 0 0 0 0 -1.43506
627 628 0.00164807 0 -1.00375 0 0 0 0 -1.0021
628 629 0.0287309 0 -1.06185 0 0 0 0 -1.03312
629 630 0.00148268 0 0 0 0 0 0 0.00148268
630 631 0.0114661 0 -1.30544 0 0 0 0 -1.29397
631 632 0.0644898 0 -1.01904 0 0 0 0 -0.954546
632 633 0.00681603 0 0 0 0 0 0 0.00681603
633 634 0.0022026 0 -1.45822 0 0 0 0 -1.45601
634 635 0.156853 0 -1.33183 0 0 0 0 -1.17497
635 636 0.00522691 0 -1.3658 0 0 0 0 -1.36058
636 637 0.00173116 0 -1.17797 0 0 0 0 -1.17624
637 638 0.0107569 0 0 0 0 0 0 0.0107569
638 639 0.170475 0 0 0 0 0 0 0.170475
640 641 0.0288161 0 -1.25432 0 0 0 0 -1.2255
641 642 0.0302056 0 -0.928103 0 0 0 0 -0.897898
642 643 0.00646283 0 0 0 0 0 0 0.00646283
643 644 0.0142393 0 -1.33305 0 0 0 0 -1.31881
644 645 0.224165 0 -1.3704 0 0 0 0 -1.14623
645 646 0.123869 0 0 0 0 0 0 0.123869
646 647 0.00653595 0 0 0 0 0 0 0.00653595
647 648 0.0748588 0 -1.11544 0 0 0 0 -1.04058
648 649 0.0125171 0 -0.912376 0 0 0 0 -0.899859
649 650 0.00458843 0 -1.15834 0 0 0 0 -1.15375
650 651 0.0410142 0 -1.37902 0 0 0 0 -1.338
651 652 5.06041e-05 0 -1.41707 0 0 0 0 -1.41702
652 653 0.0382377 0 0 0 0 0 0 0.0382377
653 654 0.00445396 0 -1.26868 0 0 0 0 -1.26422
654 655 9.62113e-05 0 0 0 0 0 0 9.62113e-05
655 656 0.0528546 0 -0.792037 0 0 0 0 -0.739183
656 657 0.00177428 0 -1.33768 0 0 0 0 -1.33591
657 658 0.0632909 0 0 0 0 0 0 0.0632909
658 659 0.0179935 0 -1.34367 0 0 0 0 -1.32568
660 661 0.00204881 0 0 0 0 0 0 0.00204881
661 662 0.358913 0 0 0 0 0 0 0.358913
662 663 0.0139493 0 -1.14887 0 0 0 0 -1.13492
663 664 0.0144088 0 -1.33907 0 0 0 0 -1.32467
664 665 0.000900665 0 0 0 0 0 0 0.000900665
665 666 0.00327957 0 -0.904521 0 0 0 0 -0.901241
666 667 0.0589623 0 -0.600972 0 0 0 0 -0.542009
667 668 0.0028354 0 -1.26015 0 0 0 0 -1.25731
668 669 0.0720817 0 -0.637676 0 0 0 0 -0.565595
669 670 0.0570825 0 -1.04679 0 0 0 0 -0.989705
670 671 0.000741251 0 -0.733394 0 0 0 0 -0.732653
671 672 0.0906774 0 0 0 0 0 0 0.0906774
672 673 0.00829049 0 0 0 0 0 0 0.00829049
673 674 0.0300234 0 -1.18786 0 0 0 0 -1.15784
674 675 0.0467069 0 0 0 0 0 0 0.0467069
675 676 0.0200629 0 -0 0 0 0 0 0.0200629
676 677 0.0330631 0 -0.878152 0 0 0 0 -0.845089
677 678 0.0446477 0 0 0 0 0 0 0.0446477
678 679 0.0562824 0 -1.12951 0 0 0 0 -1.07323
680 681 0.0358666 0 -0.981255 0 0 0 0 -0.945388
681 682 0.00217163 0 -1.07432 0 0 0 0 -1.07215
682 683 0.163085 0 -0.772065 0 0 0 0 -0.60898
683 684 0.100347 0 -0.991952 0 0 0 0 -0.891605
684 685 0.00598087 0 -1.33461 0 0 0 0 -1.32863
685 686 0.0507372 0 0 0 0 0 0 0.0507372
686 687 0.0851023 0 -1.23841 0 0 0 0 -1.15331
687 688 0.0136742 0 -1.06353 0 0 0 0 -1.04985
688 689 0.0160843 0 0 0 0 0 0 0.0160843
689 690 0.0197501 0 0 0 0 0 0 0.0197501
690 691 0.0730223 0 -1.16757 0 0 0 0 -1.09454
691 692 0.112027 0 -1.14434 0 0 0 0 -1.03231
692 693 0.106075 0 -1.32901 0 0 0 0 -1.22294
693 694 0.0160871 0 -1.26988 0 0 0 0 -1.25379
694 695 0.281601 0 -1.1793 0 0 0 0 -0.897698
695 696 0.0236918 0 0 0 0 0 0 0.0236918
696 697 0.039719 0 0 0 0 0 0 0.039719
697 698 0.229523 0 -1.23062 0 0 0 0 -1.00109
698 699 0.0261986 0 0 0 0 0 0 0.0261986
700 701 0.000804638 0 0 0 0 0 0 0.000804638
701 702 0.017897 0 -1.31894 0 0 0 0 -1.30104
702 703 7.76059e-05 0 0 0 0 0 0 7.76059e-05
703 704 0.0630485 0 -1.31212 0 0 0 0 -1.24908
704 705 0.00139992 0 -1.39349 0 0 0 0 -1.39209
705 706 0.0423818 0 -1.14526 0 0 0 0 -1.10288
706 707 0.000264286 0 0 0 0 0 0 0.000264286
707 708 0.0308294 0 -1.2755 0 0 0 0 -1.24467
708 709 0.0457524 0 -0.996482 0 0 0 0 -0.95073
709 710 0.093903 0 -1.01857 0 0 0 0 -0.92467
710 711 0.117195 0 -1.07665 0 0 0 0 -0.959458
711 712 0.0929399 0 -1.32007 0 0 0 0 -1.22713
712 713 0.0738849 0 -1.10983 0 0 0 0 -1.03595
713 714 1.94158e-05 0 -0.959661 0 0 0 0 -0.959642
714 715 0.121312 0 0 0 0 0 0 0.121312
715 716 0.0915541 0 -0.964963 0 0 0 0 -0.873409
716 717 0.0109224 0 -0.915394 0 0 0 0 -0.904472
717 718 0.0053118 0 -1.24649 0 0 0 0 -1.24118
718 719 0.0167021 0 -0.0117333 0 0 0 0 0.00496875
720 721 0.0211088 0 -0.971627 0 0 0 0 -0.950518
721 722 0.00302554 0 -0 0 0 0 0 0.00302554
722 723 0.0026954 0 0 0 0 0 0 0.0026954
723 724 0.0594092 0 -1.13137 0 0 0 0 -1.07196
724 725 0.0369664 0 0 0 0 0 0 0.0369664
725 726 0.0194299 0 -0 0 0 0 0 0.0194299
726 727 0.00176213 0 -0 0 0 0 0 0.00176213
727 728 0.148218 0 0 0 0 0 0 0.148218
728 729 0.000262959 0 -0.00743465 0 0 0 0 -0.00717169
729 730 0.000816691 0 -1.17049 0 0 0 0 -1.16967
730 731 0.28619 0 -0.660795 0 0 0 0 -0.374604
731 732 0.000228773 0 0 0 0 0 0 0.000228773
731 733 0 0 0 0.0188369 0 0 0 0.0188369
732 733 0.039612 0 -1.35881 0 0 0 0 -1.3192
733 734 0.0165997 0 -0.92949 0 0 0 0 -0.912891
734 735 0.0105074 0 0 0 0 0 0 0.0105074
735 736 0.0269677 0 0 0 0 0 0 0.0269677
736 737 0.333519 0 -1.0671 0 0 0 0 -0.733581
737 738 0.047125 0 -1.34957 0 0 0 0 -1.30244
738 739 0.00251742 0 -1.21461 0 0 0 0 -1.21209
740 741 0.0795252 0 -1.24788 0 0 0 0 -1.16836
741 742 0.0148868 0 0 0 0 0 0 0.0148868
742 743 0.00591664 0 0 0 0 0 0 0.00591664
743 744 0.0566606 0 0 0 0 0 0 0.0566606
744 745 0.0147014 0 -1.33856 0 0 0 0 -1.32386
745 746 0.125718 0 -1.14313 0 0 0 0 -1.01741
746 747 0.149292 0 -1.03823 0 0 0 0 -0.888936
747 748 0.00905753 0 0 0 0 0 0 0.00905753
748 749 0.195821 0 0 0 0 0 0 0.195821
749 750 0.0580739 0 -1.31196 0 0 0 0 -1.25388
750 751 0.436443 0 0 0 0 0 0 0.436443
751 752 0.000348243 0 -0.975854 0 0 0 0 -0.975506
752 753 0.00514604 0 -1.26187 0 0 0 0 -1.25672
753 754 0.00302436 0 -1.40042 0 0 0 0 -1.3974
754 755 0.031136 0 0 0 0 0 0 0.031136
755 756 0.00189917 0 -1.09379 0 0 0 0 -1.09189
756 757 0.0656825 0 -1.22254 0 0 0 0 -1.15686
757 758 0.0499918 0 0 0 0 0 0 0.0499918
758 759 0.0300571 0 0 0 0 0 0 0.0300571
760 761 0.00238579 0 -1.25846 0 0 0 0 -1.25608
761 762 0.0542418 0 0 0 0 0 0 0.0542418
762 763 0.0101977 0 0 0 0 0 0 0.0101977
763 764 0.0535344 0 -1.4499 0 0 0 0 -1.39637
764 765 0.000248618 0 -1.31855 0 0 0 0 -1.3183
765 766 0.0147974 0 -1.21913 0 0 0 0 -1.20433
766 767 0.0196321 0 -1.30257 0 0 0 0 -1.28294
767 768 0.000761698 0 -1.15339 0 0 0 0 -1.15263
768 769 0.0253019 0 0 0 0 0 0 0.0253019
769 770 0.0175293 0 0 0 0 0 0 0.0175293
770 771 0.338382 0 -0 0 0 0 0 0.338382
771 772 0.0517569 0 0 0 0 0 0 0.0517569
772 773 0.0701001 0 -0.345933 0 0 0 0 -0.275833
773 774 0.0708532 0 -1.4117 0 0 0 0 -1.34085
774 775 0.00171218 0 -0 0 0 0 0 0.00171218
775 776 0.136109 0 0 0 0 0 0 0.136109
776 777 0.0813502 0 -0.810896 0 0 0 0 -0.729546
777 778 0.0314962 0 -1.38486 0 0 0 0 -1.35336
778 779 0.0710538 0 -1.11808 0 0 0 0 -1.04703
780 781 0.0380423 0 -1.1353 0 0 0 0 -1.09726
781 782 0.00121913 0 0 0 0 0 0 0.00121913
782 783 0.149482 0 -1.23945 0 0 0 0 -1.08997
783 784 0.0100424 0 -1.00113 0 0 0 0 -0.991086
784 785 0.000171013 0 -0 0 0 0 0 0.000171013
785 786 0.0841126 0 -1.27585 0 0 0 0 -1.19173
786 787 0.120267 0 0 0 0 0 0 0.120267
787 788 0.0167478 0 -0.949159 0 0 0 0 -0.932411
788 789 0.0540116 0 -1.25545 0 0 0 0 -1.20144
789 790 0.170009 0 0 0 0 0 0 0.170009
790 791 0.0880987 0 -0 0 0 0 0 0.0880987
791 792 0.0296085 0 0 0 0 0 0 0.0296085
792 793 0.0218059 0 -0.940069 0 0 0 0 -0.918263
793 794 0.184232 0 -1.16743 0 0 0 0 -0.9832
794 795 0.124498 0 -1.24002 0 0 0 0 -1.11552
795 796 0.0142856 0 -1.32933 0 0 0 0 -1.31504
796 797 0.199206 0 0 0 0 0 0 0.199206
797 798 0.0430924 0 0 0 0 0 0 0.0430924
798 799 0.138714 0 -1.39186 0 0 0 0 -1.25315
800 801 0.0541779 0 -0.647294 0 0 0 0 -0.593116
801 802 0.0826655 0 0 0 0 0 0 0.0826655
802 803 0.0593395 0 -1.37068 0 0 0 0 -1.31134
803 804 0.0607353 0 -1.06895 0 0 0 0 -1.00821
804 805 0.268484 0 -1.26185 0 0 0 0 -0.993366
805 806 0.00461467 0 -1.33146 0 0 0 0 -1.32685
806 807 0.0127257 0 -1.20193 0 0 0 0 -1.18921
807 808 0.011801 0 0 0 0 0 0 0.011801
808 809 0.000967268 0 -1.26977 0 0 0 0 -1.26881
809 810 0.00388801 0 -0.999603 0 0 0 0 -0.995715
810 811 0.102055 0 0 0 0 0 0 0.102055
811 812 0.00961621 0 -1.27382 0 0 0 0 -1.2642
812 813 0.00302984 0 0 0 0 0 0 0.00302984
813 814 0.0399668 0 -1.33494 0 0 0 0 -1.29497
814 815 0.0387082 0 0 0 0 0 0 0.0387082
815 816 0.00419404 0 -1.12111 0 0 0 0 -1.11692
816 817 0.0512236 0 -1.27623 0 0 0 0 -1.22501
817 818 0.0641913 0 -0 0 0 0 0 0.0641913
818 819 0.0695598 0 0 0 0 0 0 0.0695598
820 821 0.0230649 0 0 0 0 0 0 0.0230649
821 822 0.0062144 0 0 0 0 0 0 0.0062144
822 823 0.0149535 0 -1.3304 0 0 0 0 -1.31545
823 824 0.00207973 0 -1.03342 0 0 0 0 -1.03134
824 825 0.0483161 0 -1.04523 0 0 0 0 -0.996916
825 826 0.127917 0 0 0 0 0 0 0.127917
826 827 0.00041056 0 -0.849714 0 0 0 0 -0.849303
827 828 0.215311 0 -0 0 0 0 0 0.215311
828 829 0.033783 0 0 0 0 0 0 0.033783
829 830 0.000115167 0 -1.36639 0 0 0 0 -1.36628
830 831 0.0456823 0 0 0 0 0 0 0.0456823
831 832 0.01436 0 -0.955123 0 0 0 0 -0.940763
832 833 0.00279228 0 -1.05211 0 0 0 0 -1.04932
833 834 0.0192558 0 -0.947253 0 0 0 0 -0.927997
834 835 0.0583173 0 -1.04362 0 0 0 0 -0.985306
835 836 0.157487 0 0 0 0 0 0 0.157487
836 837 1.20338e-05 0 -1.20788 0 0 0 0 -1.20787
837 838 0.00311522 0 -0.0170691 0 0 0 0 -0.0139539
838 839 0.0189498 0 -0.658862 0 0 0 0 -0.639913
840 841 0.000533941 0.0152996 -0 0 0 0 0 0.0158335
841 842 0.0199395 0 -1.26862 0 0 0 0 -1.24868
842 843 0.0546884 0 -0 0 0 0 0 0.0546884
843 844 0.0418317 0 0 0 0 0 0 0.0418317
844 845 0.0111423 0 -1.33907 0 0 0 0 -1.32793
845 846 0.14424 0 -0.856599 0 0 0 0 -0.712359
846 847 0.00158901 0 -1.08463 0 0 0 0 -1.08304
847 848 0.00114847 0 0 0 0 0 0 0.00114847
848 849 3.14115e-05 0 -1.12087 0 0 0 0 -1.12084
849 850 0.0449993 0 -1.28266 0 0 0 0 -1.23766
850 851 0.00403328 0 0 0 0 0 0 0.00403328
851 852 0.000698449 0 -1.22623 0 0 0 0 -1.22554
852 853 0.0112902 0 0 0 0 0 0 0.0112902
853 854 0.0200903 0 -1.10291 0 0 0 0 -1.08282
854 855 0.107366 0 0 0 0 0 0 0.107366
855 856 0.0431051 0 -0 0 0 0 0 0.0431051
856 857 0.0161674 0 0 0 0 0 0 0.0161674
857 858 0.000641517 0 0 0 0 0 0 0.000641517
858 859 0.0141773 0 0 0 0 0 0 0.0141773
860 861 0.00160795 0 -1.03487 0 0 0 0 -1.03326
861 862 0.0296667 0 -1.15718 0 0 0 0 -1.12751
862 863 0.191488 0 -1.39438 0 0 0 0 -1.20289
863 864 0.0106504 0 -1.17868 0 0 0 0 -1.16803
864 865 0.150277 0 0 0 0 0 0 0.150277
865 866 0.0188207 0 -1.35184 0 0 0 0 -1.33302
866 867 0.0804162 0 -1.20244 0 0 0 0 -1.12203
867 868 0.0185971 0 0 0 0 0 0 0.0185971
868 869 0.0780637 0 -0 0 0 0 0 0.0780637
869 870 0.00889611 0 -0.457932 0 0 0 0 -0.449036
870 871 0.0938444 0 -1.34768 0 0 0 0 -1.25383
868 872 0 0 0 0 0 -0.00281054 -0 -0.00281054
871 872 0.103212 0 -1.29551 0 0 0 0 -1.1923
872 873 0.00242593 0 0 0 0 0 0 0.00242593
873 874 0.0142752 0 -0.960824 0 0 0 0 -0.946549
874 875 0.00238518 0 -1.37195 0 0 0 0 -1.36957
875 876 0.0228569 0 -0 0 0 0 0 0.0228569
876 877 0.000107272 0 -1.35283 0 0 0 0 -1.35272
877 878 0.0674782 0 0 0 0 0 0 0.0674782
878 879 1.31509e-05 0 -1.26069 0 0 0 0 -1.26068
880 881 0.0024274 0 -1.00474 0 0 0 0 -1.00232
881 882 0.011663 0 -0 0 0 0 0 0.011663
882 883 0.00227902 0 0 0 0 0 0 0.00227902
883 884 0.00733163 0 -1.28765 0 0 0 0 -1.28031
884 885 0.0266282 0 -1.24723 0 0 0 0 -1.2206
885 886 0.00198466 0 0 0 0 0 0 0.00198466
886 887 0.12074 0 -1.23032 0 0 0 0 -1.10958
887 888 0.0603576 0 -1.34753 0 0 0 0 -1.28717
888 889 0.0321505 0 0 0 0 0 0 0.0321505
889 890 0.000185432 0 -1.19866 0 0 0 0 -1.19847
890 891 0.0346787 0 -0.313627 0 0 0 0 -0.278948
891 892 0.00637956 0 0 0 0 0 0 0.00637956
892 893 0.0573102 0 -0 0 0 0 0 0.0573102
893 894 0.00586799 0 0 0 0 0 0 0.00586799
894 895 0.0106031 0 0 0 0 0 0 0.0106031
895 896 0.0110831 0 -1.25726 0 0 0 0 -1.24617
896 897 0.00747617 0 -1.33959 0 0 0 0 -1.33211
897 898 0.123104 0 -0.952335 0 0 0 0 -0.829231
898 899 0.0564083 0 -1.32492 0 0 0 0 -1.26851
900 901 0.000113531 0 0 0 0 0 0 0.000113531
901 902 0.00069027 0 -1.19565 0 0 0 0 -1.19496
902 903 0.0470715 0 -0.993286 0 0 0 0 -0.946215
903 904 0.00102815 0 0 0 0 0 0 0.00102815
904 905 0.00317883 0 0 0 0 0 0 0.00317883
905 906 0.00362061 0 -1.33515 0 0 0 0 -1.33153
906 907 0.00130981 0 -1.3192 0 0 0 0 -1.31789
907 908 0.121721 0 0 0 0 0 0 0.121721
908 909 0.0433343 0 -1.17596 0 0 0 0 -1.13262
909 910 0.0478211 0 -0 0 0 0 0 0.0478211
910 911 0.0216961 0 0 0 0 0 0 0.0216961
911 912 0.00529012 0 -1.13823 0 0 0 0 -1.13294
912 913 0.0133455 0 -1.25303 0 0 0 0 -1.23968
913 914 0.0272519 0 0 0 0 0 0 0.0272519
914 915 0.0221841 0 -1.16795 0 0 0 0 -1.14576
915 916 0.00693701 0 -0.882517 0 0 0 0 -0.87558
916 917 0.00096098 0 -1.28262 0 0 0 0 -1.28166
917 918 0.0313335 0 0 0 0 0 0 0.0313335
918 919 0.0489218 0 0 0 0 0 0 0.0489218
920 921 0.0299498 0 -1.0072 0 0 0 0 -0.977253
921 922 0.120266 0 -0.830321 0 0 0 0 -0.710055
922 923 0.0164413 0 -1.06886 0 0 0 0 -1.05242
923 924 0.133422 0 0 0 0 0 0 0.133422
924 925 0.000356903 0 -0.94199 0 0 0 0 -0.941633
925 926 0.0371102 0 -0.756841 0 0 0 0 -0.719731
926 927 0.0110615 0 0 0 0 0 0 0.0110615
927 928 0.00635727 0 -1.32381 0 0 0 0 -1.31745
928 929 0.00946777 0 -1.15801 0 0 0 0 -1.14855
929 930 0.00469707 0 -1.22021 0 0 0 0 -1.21551
930 931 0.00125969 0 -0.913333 0 0 0 0 -0.912074
931 932 0.00201116 0 -1.26036 0 0 0 0 -1.25835
932 933 0.143444 0 -1.14155 0 0 0 0 -0.998106
933 934 0.103756 0 -1.12543 0 0 0 0 -1.02167
934 935 0.00461687 0 0 0 0 0 0 0.00461687
935 936 0.0044524 0 -0.824186 0 0 0 0 -0.819733
936 937 0.000161947 0 0 0 0 0 0 0.000161947
937 938 0.000462116 0 -0.396309 0 0 0 0 -0.395847
938 939 0.0125602 0 0 0 0 0 0 0.0125602
940 941 0.00703175 0 -1.20922 0 0 0 0 -1.20219
941 942 0.0135141 0 0 0 0 0 0 0.0135141
942 943 0.0113468 0 0 0 0 0 0 0.0113468
943 944 0.000226227 0 -0.541268 0 0 0 0 -0.541042
944 945 0.0186057 0 -1.20122 0 0 0 0 -1.18261
945 946 0.00337367 0 0 0 0 0 0 0.00337367
946 947 4.64652e-06 0 -1.42106 0 0 0 0 -1.42105
947 948 0.0775673 0 -1.26679 0 0 0 0 -1.18923
948 949 0.059515 0 -0 0 0 0 0 0.059515
949 950 0.00978794 0 -1.25988 0 0 0 0 -1.25009
950 951 0.0627525 0 0 0 0 0 0 0.0627525
951 952 0.00153555 0 -1.17745 0 0 0 0 -1.17592
952 953 0.0291929 0 0 0 0 0 0 0.0291929
953 954 0.147543 0 0 0 0 0 0 0.147543
954 955 0.00357643 0 -1.30377 0 0 0 0 -1.3002
955 956 0.374391 0 -1.00556 0 0 0 0 -0.631165
956 957 0.0139308 0 -1.29236 0 0 0 0 -1.27843
957 958 0.0295627 0 0 0 0 0 0 0.0295627
958 959 0.175867 0 -1.27837 0 0 0 0 -1.1025
960 961 0.0761435 0 -1.24715 0 0 0 0 -1.17101
961 962 0.00588886 0 -0 0 0 0 0 0.00588886
962 963 0.00894825 0 0 0 0 0 0 0.00894825
963 964 0.00225174 0 -1.09764 0 0 0 0 -1.09539
964 965 0.0697013 0 -1.23431 0 0 0 0 -1.16461
962 966 0 0 0 0 0 -0.000466922 0 -0.000466922
965 966 0.0759789 0 -0.931573 0 0 0 0 -0.855594
966 967 0.000265535 0 -0.808724 0 0 0 0 -0.808458
967 968 0.0169379 0 -1.20314 0 0 0 0 -1.1862
968 969 0.466727 0 -1.03755 0 0 0 0 -0.570823
969 970 0.0821066 0 -1.10556 0 0 0 0 -1.02346
970 971 0.0332681 0 0 0 0 0 0 0.0332681
971 972 0.000655569 0 -0.000705872 0 0 0 0 -5.03023e-05
972 973 0.102342 0 -1.14298 0 0 0 0 -1.04064
973 974 0.0203635 0 -1.18793 0 0 0 0 -1.16757
974 975 0.0053248 0 -0 0 0 0 0 0.0053248
975 976 0.00107374 0 0 0 0 0 0 0.00107374
976 977 0.0767163 0 -0 0 0 0 0 0.0767163
977 978 1.1141e-05 0 -0.431203 0 0 0 0 -0.431192
978 979 0.0327933 0 -1.46108 0 0 0 0 -1.42828
980 981 0.000104322 0 0 0 0 0 0 0.000104322
981 982 0.0349609 0 -1.0324 0 0 0 0 -0.997435
982 983 0.017091 0 -0 0 0 0 0 0.017091
983 984 0.0535553 0 -1.39721 0 0 0 0 -1.34365
984 985 0.0148995 0 -1.39007 0 0 0 0 -1.37517
985 986 0.00849654 0 -1.35849 0 0 0 0 -1.34999
986 987 0.00110296 0 -1.0921 0 0 0 0 -1.09099
987 988 0.0488736 0 -1.27208 0 0 0 0 -1.2232
988 989 0.0209186 0 -0 0 0 0 0 0.0209186
989 990 0.00500631 0 0 0 0 0 0 0.00500631
990 991 0.00867193 0 -1.28417 0 0 0 0 -1.2755
991 992 0.00699959 0 -1.28603 0 0 0 0 -1.27903
992 993 0.00433408 0 0 0 0 0 0 0.00433408
993 994 0.011903 0 -1.33887 0 0 0 0 -1.32697
994 995 0.0103541 0 -1.21739 0 0 0 0 -1.20704
995 996 0.00357469 0 0 0 0 0 0 0.00357469
996 997 0.0294157 0 -0 0 0 0 0 0.0294157
997 998 0.0733066 0 0 0 0 0 0 0.0733066
998 999 0.0237617 0 -0 0 0 0 0 0.0237617
#Total energy per particle is  -0.602063 and should be -0.60206310
