           0   0.000000
       10000  -0.298155
       20000  -0.000007
       30000  -0.662546
       40000  -2.266513
       50000  -1.868514
       60000  -4.525818
       70000  -4.352285
       80000  -2.640474
       90000  -3.880254
      100000  -2.863255
      110000  -5.317132
      120000  -3.943670
      130000  -3.129273
      140000  -4.661018
      150000  -2.800719
      160000  -1.961763
      170000  -3.285642
      180000  -4.859998
      190000  -3.167180
      200000  -6.464332
