           0   0.000000
       10000  -2.363821
       20000   0.000000
       30000   0.000000
       40000  -0.013888
       50000   0.000000
       60000   0.000000
       70000  -2.291363
       80000   0.000000
       90000   0.000000
      100000  -1.783423
      110000  -4.986350
      120000  -5.017068
      130000  -3.972034
      140000  -2.776297
      150000  -2.854313
      160000  -2.953212
      170000  -4.771493
      180000  -6.261162
      190000  -7.215930
      200000  -7.008308
