           0   0.000000
       10000   0.000000
       20000   0.000000
       30000   0.000000
       40000   0.000000
       50000   0.000000
       60000  -0.000028
       70000   0.000000
       80000  -0.280952
       90000   0.000000
      100000   0.000000
      110000   0.000000
      120000  -0.665388
      130000   0.000000
      140000  -0.494913
      150000  -0.091017
      160000  -0.402551
      170000   0.000000
      180000  -0.870419
      190000   0.000000
      200000   0.000000
