#id1 id2 FENE BEXC STCK NEXC HB CRSTCK CXSTCK total, t = 200000
0 1 0.0451385 0 0 0 0 0 0 0.0451385
1 2 0.00122586 0 0 0 0 0 0 0.00122586
2 3 8.92083e-05 0 -1.28143 0 0 0 0 -1.28134
3 4 0.0310599 0 0 0 0 0 0 0.0310599
4 5 0.036219 0 -1.25482 0 0 0 0 -1.2186
5 6 0.0296252 0 -1.27323 0 0 0 0 -1.24361
6 7 0.0725247 0 0 0 0 0 0 0.0725247
7 8 0.0613438 0 -1.00723 0 0 0 0 -0.945886
8 9 0.0423715 0 0 0 0 0 0 0.0423715
9 10 0.00760487 0 -0.911699 0 0 0 0 -0.904094
10 11 0.000118948 0 -1.24871 0 0 0 0 -1.24859
11 12 0.0138461 0 -0.563452 0 0 0 0 -0.549606
12 13 0.000576074 0 0 0 0 0 0 0.000576074
13 14 0.0562244 0 -1.19509 0 0 0 0 -1.13886
14 15 9.41215e-05 0 0 0 0 0 0 9.41215e-05
15 16 0.000903656 0 -0.793951 0 0 0 0 -0.793048
16 17 0.056807 0 -0.643944 0 0 0 0 -0.587137
17 18 0.232519 0 -1.17819 0 0 0 0 -0.945671
18 19 0.0481014 0 -1.26582 0 0 0 0 -1.21772
20 21 0.0437322 0 -0.861646 0 0 0 0 -0.817914
21 22 0.107514 0 -1.2269 0 0 0 0 -1.11938
22 23 0.183939 0 0 0 0 0 0 0.183939
23 24 0.0509183 0 0 0 0 0 0 0.0509183
24 25 0.0657653 0 -1.21275 0 0 0 0 -1.14699
25 26 0.00165514 0 -1.20579 0 0 0 0 -1.20414
26 27 0.00727341 0 -1.42199 0 0 0 0 -1.41471
27 28 0.127117 0 0 0 0 0 0 0.127117
28 29 0.0705941 0 -1.31524 0 0 0 0 -1.24465
29 30 0.0749775 0 -1.04443 0 0 0 0 -0.969453
30 31 0.0141291 0 -1.037 0 0 0 0 -1.02287
31 32 0.0325844 0 -1.2537 0 0 0 0 -1.22111
32 33 0.365867 0 -0.942733 0 0 0 0 -0.576866
33 34 0.00138116 0 -1.27394 0 0 0 0 -1.27256
34 35 5.03583e-05 0 -1.19077 0 0 0 0 -1.19072
35 36 0.000994104 0 0 0 0 0 0 0.000994104
36 37 0.011441 0 -1.33453 0 0 0 0 -1.32309
37 38 3.98402e-05 0 -1.36797 0 0 0 0 -1.36793
38 39 0.0634001 0 -1.04009 0 0 0 0 -0.976693
40 41 0.0117897 0 -0.767485 0 0 0 0 -0.755695
41 42 0.0607736 0 0 0 0 0 0 0.0607736
42 43 0.035433 0 0 0 0 0 0 0.035433
43 44 0.151356 0 -1.33717 0 0 0 0 -1.18581
44 45 0.0240985 0 0 0 0 0 0 0.0240985
45 46 0.00393422 0 -1.18245 0 0 0 0 -1.17851
43 47 0 0 0 0 0 -3.14233e-05 0 -3.14233e-05
46 47 0.067892 0 -0.164554 0 0 0 0 -0.0966617
47 48 0.0552463 0 0 0 0 0 0 0.0552463
48 49 0.0113938 0 -0.0192562 0 0 0 0 -0.00786242
49 50 0.0462697 0 -1.08558 0 0 0 0 -1.03931
50 51 0.0818034 0 -0.978083 0 0 0 0 -0.89628
51 52 0.0856521 0 0 0 0 0 0 0.0856521
52 53 0.000390034 0 -0.936911 0 0 0 0 -0.936521
53 54 0.00038821 0 -0 0 0 0 0 0.00038821
54 55 0.051591 0 -1.21194 0 0 0 0 -1.16035
55 56 0.0327623 0 0 0 0 0 0 0.0327623
56 57 0.00563304 0 -0.933792 0 0 0 0 -0.928158
57 58 0.000122979 0 0 0 0 0 0 0.000122979
58 59 0.00018122 0 0 0 0 0 0 0.00018122
60 61 0.00237236 0 0 0 0 0 0 0.00237236
61 62 0.0191469 0 -1.35881 0 0 0 0 -1.33967
62 63 0.000763599 0 -1.06312 0 0 0 0 -1.06236
63 64 0.0241895 0 -0.737242 0 0 0 0 -0.713052
64 65 0.0296175 0 -1.2055 0 0 0 0 -1.17588
65 66 0.00963327 0 0 0 0 0 0 0.00963327
66 67 0.0176354 0 -1.06235 0 0 0 0 -1.04471
67 68 0.123692 0 -0.943095 0 0 0 0 -0.819403
68 69 0.0325288 0 -0.5429 0 0 0 0 -0.510371
69 70 0.00094051 0 -1.3585 0 0 0 0 -1.35756
70 71 0.000508047 0 -1.24371 0 0 0 0 -1.24321
71 72 0.000424581 0 -1.33438 0 0 0 0 -1.33396
72 73 0.00423566 0 -1.40801 0 0 0 0 -1.40378
73 74 0.472279 0 -1.26252 0 0 0 0 -0.790243
74 75 0.00126401 0 -1.22883 0 0 0 0 -1.22757
75 76 0.0918194 0 0 0 0 0 0 0.0918194
76 77 0.00177926 0 0 0 0 0 0 0.00177926
77 78 0.00206457 0 -1.34473 0 0 0 0 -1.34267
78 79 0.000103748 0 -1.15332 0 0 0 0 -1.15322
80 81 0.159633 0 -1.26939 0 0 0 0 -1.10975
81 82 0.0166667 0 -1.06987 0 0 0 0 -1.0532
82 83 0.00209661 0 -0.923509 0 0 0 0 -0.921413
83 84 0.21689 0 -1.25795 0 0 0 0 -1.04106
84 85 0.290807 0 -1.06067 0 0 0 0 -0.769865
85 86 0.147652 0 -1.2548 0 0 0 0 -1.10715
86 87 0.0242843 0 -0.416137 0 0 0 0 -0.391853
87 88 0.19517 0 0 0 0 0 0 0.19517
88 89 0.00350001 0 -1.26288 0 0 0 0 -1.25938
89 90 0.00333369 0 -1.32523 0 0 0 0 -1.32189
90 91 0.00703998 0 -1.29272 0 0 0 0 -1.28568
91 92 0.028649 0 -1.10132 0 0 0 0 -1.07267
92 93 0.0110262 0 -1.06055 0 0 0 0 -1.04953
93 94 0.156586 0 -1.01777 0 0 0 0 -0.861179
94 95 0.392349 0 -1.19176 0 0 0 0 -0.799408
95 96 0.00689945 0 0 0 0 0 0 0.00689945
96 97 0.0978107 0 -0.889362 0 0 0 0 -0.791551
97 98 0.0423671 0 -0.979226 0 0 0 0 -0.936859
98 99 0.00130024 0 0 0 0 0 0 0.00130024
100 101 0.104977 0 0 0 0 0 0 0.104977
101 102 0.0114423 0 -1.30374 0 0 0 0 -1.29229
102 103 0.00123501 0.01606 0 0 0 0 0 0.017295
103 104 0.228845 0 0 0 0 0 0 0.228845
104 105 1.909e-05 0 -0.782211 0 0 0 0 -0.782192
105 106 0.0557155 0 0 0 0 0 0 0.0557155
106 107 0.0397456 0 0 0 0 0 0 0.0397456
107 108 0.000155333 0 -1.2268 0 0 0 0 -1.22665
108 109 0.0365059 0 0 0 0 0 0 0.0365059
109 110 0.0886908 0 -0.99599 0 0 0 0 -0.907299
110 111 0.0572262 0 0 0 0 0 0 0.0572262
111 112 0.042039 0.000958751 -0 0 0 0 0 0.0429977
112 113 0.00160723 0 0 0 0 0 0 0.00160723
113 114 0.0733643 0 -1.20202 0 0 0 0 -1.12866
114 115 0.00257828 0 -0.941627 0 0 0 0 -0.939049
115 116 0.124259 0 -0.992996 0 0 0 0 -0.868736
116 117 0.0133852 0 0 0 0 0 0 0.0133852
117 118 0.0505879 0 -0 0 0 0 0 0.0505879
118 119 0.000159891 0 -1.21293 0 0 0 0 -1.21277
120 121 0.0137862 0 -1.08715 0 0 0 0 -1.07336
121 122 0.0155091 0 -1.38318 0 0 0 0 -1.36768
122 123 0.121356 0 -1.32776 0 0 0 0 -1.2064
123 124 0.00272675 0 -1.31254 0 0 0 0 -1.30982
124 125 0.054682 0 -1.25184 0 0 0 0 -1.19716
125 126 0.00819566 0 -0 0 0 0 0 0.00819566
126 127 0.0730197 0 0 0 0 0 0 0.0730197
127 128 0.0815595 0 0 0 0 0 0 0.0815595
128 129 0.000166257 0 0 0 0 0 0 0.000166257
129 130 2.46762e-05 0 0 0 0 0 0 2.46762e-05
130 131 0.0217476 0 -0.90023 0 0 0 0 -0.878483
131 132 0.0292531 0 -0.0890848 0 0 0 0 -0.0598317
132 133 0.112888 0 -0.415327 0 0 0 0 -0.30244
133 134 0.010153 0 0 0 0 0 0 0.010153
134 135 0.0707723 0 -0.921583 0 0 0 0 -0.850811
135 136 0.0587969 0 -1.20812 0 0 0 0 -1.14933
136 137 0.0833777 0 0 0 0 0 0 0.0833777
137 138 0.103077 0 -1.33937 0 0 0 0 -1.2363
138 139 0.0235913 0 -1.1604 0 0 0 0 -1.13681
140 141 0.0411672 0 -0.921594 0 0 0 0 -0.880427
141 142 0.0167118 0 -1.33732 0 0 0 0 -1.32061
142 143 0.24266 0 -1.08955 0 0 0 0 -0.846889
143 144 0.059111 0 0 0 0 0 0 0.059111
144 145 0.000398906 0 -0.713034 0 0 0 0 -0.712635
145 146 0.0258249 0 -1.39017 0 0 0 0 -1.36434
146 147 6.33336e-06 0 -1.19765 0 0 0 0 -1.19764
147 148 0.0265385 0 -1.09141 0 0 0 0 -1.06487
148 149 0.00200155 0 0 0 0 0 0 0.00200155
149 150 0.151708 0 0 0 0 0 0 0.151708
150 151 0.0617662 0 -0 0 0 0 0 0.0617662
151 152 0.0799243 0 -1.06409 0 0 0 0 -0.984167
152 153 0.0103074 0 -1.26207 0 0 0 0 -1.25176
153 154 0.156792 0 -1.14712 0 0 0 0 -0.990324
154 155 0.0530534 0 -1.23883 0 0 0 0 -1.18577
155 156 0.07626 0 -0.70422 0 0 0 0 -0.62796
156 157 0.0641879 0 0 0 0 0 0 0.0641879
157 158 0.180851 0 -0 0 0 0 0 0.180851
158 159 0.0049643 0 0 0 0 0 0 0.0049643
160 161 0.0124374 0 0 0 0 0 0 0.0124374
161 162 0.000655191 0 -1.16512 0 0 0 0 -1.16446
162 163 0.0885279 0 0 0 0 0 0 0.0885279
163 164 0.11649 0 -0 0 0 0 0 0.11649
164 165 0.0184114 0 -1.2175 0 0 0 0 -1.19909
165 166 0.024104 0 0 0 0 0 0 0.024104
166 167 0.00724858 0 0 0 0 0 0 0.00724858
167 168 0.0236622 0 -0.98162 0 0 0 0 -0.957957
168 169 0.000360513 0 0 0 0 0 0 0.000360513
169 170 0.000233187 0 -0.906213 0 0 0 0 -0.90598
170 171 0.0904756 0 0 0 0 0 0 0.0904756
171 172 0.0151474 0 -0.470544 0 0 0 0 -0.455396
172 173 0.00538222 0 -1.40071 0 0 0 0 -1.39533
173 174 0.10031 0 -1.07887 0 0 0 0 -0.978556
174 175 0.0389957 0 -1.39295 0 0 0 0 -1.35396
175 176 0.0618045 0 0 0 0 0 0 0.0618045
176 177 0.00543989 0 -1.32828 0 0 0 0 -1.32284
177 178 0.0420122 0 -1.20514 0 0 0 0 -1.16313
178 179 0.000604405 0 -1.09355 0 0 0 0 -1.09294
180 181 0.000282202 0 -1.17603 0 0 0 0 -1.17575
181 182 0.00260977 0 -0.920707 0 0 0 0 -0.918097
182 183 4.81793e-05 0 0 0 0 0 0 4.81793e-05
183 184 0.0466814 0 -1.43836 0 0 0 0 -1.39168
184 185 0.0968942 0 -1.18286 0 0 0 0 -1.08597
185 186 0.000938675 0 -0.748115 0 0 0 0 -0.747176
186 187 0.0882342 0 0 0 0 0 0 0.0882342
187 188 0.000215044 0 -1.26082 0 0 0 0 -1.2606
188 189 0.102434 0 -0.894128 0 0 0 0 -0.791693
189 190 5.74593e-05 0 -1.03523 0 0 0 0 -1.03518
190 191 0.0154562 0 -0 0 0 0 0 0.0154562
191 192 0.0206143 0 -1.34546 0 0 0 0 -1.32485
192 193 0.0923781 0 0 0 0 0 0 0.0923781
193 194 0.0201161 0 0 0 0 0 0 0.0201161
194 195 0.0995026 0 -1.4444 0 0 0 0 -1.3449
192 196 0 0 0 0 0 -0.00023185 -0 -0.00023185
195 196 0.000623163 0 -0.393153 0 0 0 0 -0.39253
196 197 0.444224 0 -1.39881 0 0 0 0 -0.954585
197 198 0.000890221 0 0 0 0 0 0 0.000890221
198 199 0.00944236 0 -1.08674 0 0 0 0 -1.07729
200 201 0.218577 0 -0.964459 0 0 0 0 -0.745882
201 202 0.00347911 0 -1.18936 0 0 0 0 -1.18588
202 203 0.00153723 0 -1.29338 0 0 0 0 -1.29184
203 204 0.00925908 0 -1.06056 0 0 0 0 -1.0513
204 205 0.00589209 0 -1.18454 0 0 0 0 -1.17865
205 206 0.0454344 0 0 0 0 0 0 0.0454344
206 207 0.01953 0 0 0 0 0 0 0.01953
207 208 0.00850101 0 -0 0 0 0 0 0.00850101
208 209 0.0111847 0 -1.30012 0 0 0 0 -1.28894
209 210 0.0161408 0 -1.29162 0 0 0 0 -1.27548
210 211 0.0121303 0 -1.13263 0 0 0 0 -1.1205
211 212 0.020203 0 0 0 0 0 0 0.020203
212 213 0.00192364 0 0 0 0 0 0 0.00192364
213 214 0.0888115 0 -0.97907 0 0 0 0 -0.890259
214 215 0.010383 0 -1.08747 0 0 0 0 -1.07709
215 216 0.055442 0 0 0 0 0 0 0.055442
216 217 0.114344 0 -1.07032 0 0 0 0 -0.955979
217 218 0.009714 0 0 0 0 0 0 0.009714
218 219 0.0124689 0 -1.20198 0 0 0 0 -1.18952
220 221 0.00669413 0 -1.29324 0 0 0 0 -1.28654
221 222 0.00115291 0 -1.32423 0 0 0 0 -1.32308
222 223 0.0520538 0 0 0 0 0 0 0.0520538
223 224 0.234964 0 -1.17245 0 0 0 0 -0.937483
224 225 0.180731 0 -1.14338 0 0 0 0 -0.962651
225 226 0.0187981 0 -1.19856 0 0 0 0 -1.17976
226 227 0.00753147 0 -1.01359 0 0 0 0 -1.00606
227 228 0.0743992 0 0 0 0 0 0 0.0743992
228 229 0.00138434 0 0 0 0 0 0 0.00138434
229 230 0.00807354 0 -1.21445 0 0 0 0 -1.20638
230 231 0.0185124 0 0 0 0 0 0 0.0185124
231 232 0.00689225 0 0 0 0 0 0 0.00689225
232 233 0.00777629 0 -1.12686 0 0 0 0 -1.11908
233 234 0.0396562 0 -1.41578 0 0 0 0 -1.37612
234 235 0.00377053 0 0 0 0 0 0 0.00377053
235 236 0.00201237 0 -1.00455 0 0 0 0 -1.00254
236 237 0.0123316 0 0 0 0 0 0 0.0123316
237 238 0.0883268 0 0 0 0 0 0 0.0883268
238 239 0.00719981 0 -1.3007 0 0 0 0 -1.2935
240 241 0.00122522 0 -0 0 0 0 0 0.00122522
241 242 0.000444855 0 -1.30881 0 0 0 0 -1.30837
242 243 1.9918e-05 0 -1.18998 0 0 0 0 -1.18996
243 244 0.0019725 0 -1.28334 0 0 0 0 -1.28137
244 245 0.139044 0 -1.01194 0 0 0 0 -0.872901
245 246 0.0530748 0 0 0 0 0 0 0.0530748
246 247 0.0313452 0 0 0 0 0 0 0.0313452
247 248 0.00424916 0 -0.811128 0 0 0 0 -0.806878
248 249 0.000122312 0 -0.600154 0 0 0 0 -0.600031
249 250 0.104731 0 0 0 0 0 0 0.104731
248 251 0 0 0 0 -0 -0 -4.62771e-16 -4.62771e-16
250 251 0.0117461 0 0 0 0 0 0 0.0117461
251 252 0.0176975 0 0 0 0 0 0 0.0176975
252 253 0.073233 0 -1.30797 0 0 0 0 -1.23474
253 254 0.22656 0 -1.34756 0 0 0 0 -1.121
254 255 0.0207824 0 0 0 0 0 0 0.0207824
255 256 0.0143505 0 -1.28356 0 0 0 0 -1.26921
256 257 0.0139625 0 -1.11764 0 0 0 0 -1.10367
257 258 0.0270975 0 0 0 0 0 0 0.0270975
258 259 0.00242485 0 -1.41236 0 0 0 0 -1.40993
260 261 0.0129458 0 -1.3692 0 0 0 0 -1.35626
261 262 0.001585 0 0 0 0 0 0 0.001585
262 263 0.00413345 0 0 0 0 0 0 0.00413345
263 264 0.25584 0 -0.660786 0 0 0 0 -0.404947
264 265 0.0343738 0 0 0 0 0 0 0.0343738
265 266 0.194746 0 -1.23918 0 0 0 0 -1.04443
266 267 0.0194056 0 -1.1302 0 0 0 0 -1.11079
267 268 0.00200506 0 -1.27296 0 0 0 0 -1.27096
268 269 0.0307446 0 -1.37616 0 0 0 0 -1.34541
269 270 0.068334 0 -0.684162 0 0 0 0 -0.615828
270 271 0.00433682 0 -0.853338 0 0 0 0 -0.849001
271 272 0.0994544 0 -1.37651 0 0 0 0 -1.27706
272 273 0.27141 0 0 0 0 0 0 0.27141
273 274 0.00012535 0 -1.09648 0 0 0 0 -1.09635
274 275 0.00358147 0 -1.04768 0 0 0 0 -1.0441
275 276 0.00417113 0 -0.714499 0 0 0 0 -0.710328
276 277 0.0347799 0 0 0 0 0 0 0.0347799
277 278 0.126225 0 0 0 0 0 0 0.126225
278 279 0.027601 0 0 0 0 0 0 0.027601
280 281 0.18314 0 0 0 0 0 0 0.18314
281 282 0.0244173 0 0 0 0 0 0 0.0244173
282 283 0.0992155 0 -1.3204 0 0 0 0 -1.22118
283 284 0.134134 0 -1.24023 0 0 0 0 -1.1061
284 285 0.00559916 0 0 0 0 0 0 0.00559916
285 286 0.00310658 0 -0.963568 0 0 0 0 -0.960461
286 287 0.108635 0 -1.0048 0 0 0 0 -0.896165
287 288 0.120346 0 -1.04266 0 0 0 0 -0.92231
288 289 0.0534109 0 -1.24412 0 0 0 0 -1.19071
289 290 0.000911503 0 -1.17979 0 0 0 0 -1.17888
290 291 0.00828122 0 -0 0 0 0 0 0.00828122
291 292 0.00666248 0 0 0 0 0 0 0.00666248
292 293 0.151225 0 -1.30706 0 0 0 0 -1.15584
293 294 0.000314203 0 0 0 0 0 0 0.000314203
294 295 0.106275 0 -1.36011 0 0 0 0 -1.25383
295 296 0.0801855 0 -0.816318 0 0 0 0 -0.736132
296 297 0.000859254 0 -1.33545 0 0 0 0 -1.33459
297 298 0.0686178 0 -0.957964 0 0 0 0 -0.889346
298 299 0.142752 0 0 0 0 0 0 0.142752
300 301 0.000432358 0 -1.10874 0 0 0 0 -1.10831
301 302 0.324235 0 -1.05518 0 0 0 0 -0.73095
302 303 2.50567e-05 0 0 0 0 0 0 2.50567e-05
303 304 0.00152024 0 -1.15729 0 0 0 0 -1.15577
304 305 0.112301 0 -0.928264 0 0 0 0 -0.815963
305 306 0.394667 0 -0 0 0 0 0 0.394667
306 307 0.00569153 0 0 0 0 0 0 0.00569153
307 308 0.00133447 0 -1.34247 0 0 0 0 -1.34113
308 309 0.0207691 0 -1.37099 0 0 0 0 -1.35022
309 310 0.0135526 0 -1.09717 0 0 0 0 -1.08362
310 311 0.0160287 0 0 0 0 0 0 0.0160287
311 312 0.00238922 0 -0 0 0 0 0 0.00238922
312 313 0.0334575 0 0 0 0 0 0 0.0334575
313 314 0.00207341 0 -1.19581 0 0 0 0 -1.19374
314 315 0.0229506 0 0 0 0 0 0 0.0229506
315 316 0.0485313 0 0 0 0 0 0 0.0485313
316 317 0.103332 0 -0.462346 0 0 0 0 -0.359014
317 318 0.0770484 0 -1.3855 0 0 0 0 -1.30845
318 319 0.041198 0 0 0 0 0 0 0.041198
320 321 1.62591e-05 0 -1.32492 0 0 0 0 -1.3249
321 322 0.0702128 0 -0 0 0 0 0 0.0702128
322 323 0.0905739 0 -1.06654 0 0 0 0 -0.975963
323 324 0.0165134 0 0 0 0 0 0 0.0165134
324 325 0.00708686 0 -0 0 0 0 0 0.00708686
325 326 0.108179 0 -1.07444 0 0 0 0 -0.966262
326 327 0.021193 0 -1.12941 0 0 0 0 -1.10822
327 328 0.00469661 0 0 0 0 0 0 0.00469661
328 329 0.0663491 0 0 0 0 0 0 0.0663491
329 330 0.0847337 0 -1.35862 0 0 0 0 -1.27389
330 331 0.00573023 0 -0.503342 0 0 0 0 -0.497612
331 332 0.00436472 0 -1.21766 0 0 0 0 -1.2133
332 333 0.0447198 0 -1.15147 0 0 0 0 -1.10675
333 334 0.00518885 0 0 0 0 0 0 0.00518885
334 335 0.000529572 0 0 0 0 0 0 0.000529572
334 336 0 0 0 0.0113884 0 0 0 0.0113884
335 336 6.59245e-09 0 0 0 0 0 0 6.59245e-09
336 337 0.00260221 0 0 0 0 0 0 0.00260221
337 338 0.0165826 0 0 0 0 0 0 0.0165826
338 339 0.234516 0 -0.973925 0 0 0 0 -0.739409
340 341 0.000958241 0 -1.3236 0 0 0 0 -1.32265
341 342 0.05492 0 -1.20972 0 0 0 0 -1.1548
342 343 0.0284433 0 0 0 0 0 0 0.0284433
343 344 0.19475 0 -0.654114 0 0 0 0 -0.459364
344 345 0.0146621 0 -0.900433 0 0 0 0 -0.885771
345 346 0.0158547 0 -1.30251 0 0 0 0 -1.28665
346 347 0.0310445 0 -1.16375 0 0 0 0 -1.13271
347 348 0.161306 0 -1.2578 0 0 0 0 -1.09649
348 349 0.0727295 0 -1.36079 0 0 0 0 -1.28806
349 350 0.10359 0 -1.3732 0 0 0 0 -1.26961
350 351 0.0750058 0 -0 0 0 0 0 0.0750058
351 352 0.0313873 0 0 0 0 0 0 0.0313873
352 353 0.00523414 0 -1.00535 0 0 0 0 -1.00012
353 354 0.00101745 0 -0 0 0 0 0 0.00101745
354 355 0.0421233 0 -0.984761 0 0 0 0 -0.942638
355 356 0.0202453 0 0 0 0 0 0 0.0202453
356 357 0.0121132 0 -1.31014 0 0 0 0 -1.29803
357 358 0.00100837 0 -1.39101 0 0 0 0 -1.39
358 359 0.042292 0 -0 0 0 0 0 0.042292
360 361 0.158013 0 0 0 0 0 0 0.158013
361 362 0.154817 0 -0.934694 0 0 0 0 -0.779877
362 363 0.000333019 0 0 0 0 0 0 0.000333019
363 364 0.0364075 0 -1.18204 0 0 0 0 -1.14563
364 365 0.0323563 0 0 0 0 0 0 0.0323563
365 366 0.0095397 0 0 0 0 0 0 0.0095397
366 367 0.00235844 0 -1.09219 0 0 0 0 -1.08984
367 368 0.0291017 0 0 0 0 0 0 0.0291017
368 369 0.00867702 0 0 0 0 0 0 0.00867702
369 370 0.0406477 0 -1.25952 0 0 0 0 -1.21887
370 371 0.424902 0 -0.829089 0 0 0 0 -0.404186
371 372 0.222881 0 -1.3108 0 0 0 0 -1.08791
372 373 0.165193 0 -1.33007 0 0 0 0 -1.16488
373 374 0.0188644 0 -0.943751 0 0 0 0 -0.924887
374 375 0.0272523 0 -1.155 0 0 0 0 -1.12775
375 376 0.0693995 0 -1.12101 0 0 0 0 -1.05161
376 377 0.0309514 0 0 0 0 0 0 0.0309514
377 378 0.0342179 0 -1.38233 0 0 0 0 -1.34811
378 379 0.0757047 0 -1.14041 0 0 0 0 -1.0647
380 381 0.0132526 0 0 0 0 0 0 0.0132526
381 382 0.115957 0 0 0 0 0 0 0.115957
382 383 0.0137744 0 -1.20691 0 0 0 0 -1.19314
383 384 0.27363 0 0 0 0 0 0 0.27363
384 385 0.055121 0 -3.17862e-07 0 0 0 0 0.0551207
385 386 0.025025 0 -1.2847 0 0 0 0 -1.25968
386 387 0.0450225 0 -1.30746 0 0 0 0 -1.26244
387 388 0.0339443 0 0 0 0 0 0 0.0339443
388 389 0.0359885 0 -0.545945 0 0 0 0 -0.509957
389 390 0.00200936 0 -1.13552 0 0 0 0 -1.13351
390 391 0.236192 0 -0.851931 0 0 0 0 -0.615739
391 392 0.00162323 0 -1.09124 0 0 0 0 -1.08961
392 393 0.0274231 0 -1.24495 0 0 0 0 -1.21753
393 394 0.092708 0 -1.24259 0 0 0 0 -1.14988
394 395 0.0454105 0 0 0 0 0 0 0.0454105
395 396 0.112733 0 -1.4171 0 0 0 0 -1.30437
396 397 0.0421762 0 -1.23205 0 0 0 0 -1.18987
397 398 0.0778446 0 0 0 0 0 0 0.0778446
398 399 0.0346894 0 -0.736554 0 0 0 0 -0.701865
#Total energy per particle is  -0.607944 and should be -0.60794410
