#id1 id2 FENE BEXC STCK NEXC HB CRSTCK CXSTCK total, t = 200000
0 1 0.0278528 0 -0 0 0 0 0 0.0278528
1 2 0.0280159 0 -1.32279 0 0 0 0 -1.29477
2 3 0.00627393 0 -1.33048 0 0 0 0 -1.32421
3 4 0.0589839 0 0 0 0 0 0 0.0589839
4 5 0.00122758 0 0 0 0 0 0 0.00122758
5 6 9.37169e-05 0 -1.21743 0 0 0 0 -1.21733
6 7 0.0120413 0 -1.37094 0 0 0 0 -1.3589
7 8 0.00842405 0 -1.14168 0 0 0 0 -1.13325
8 9 0.00327513 0 -1.44253 0 0 0 0 -1.43925
9 10 0.000632945 0 0 0 0 0 0 0.000632945
10 11 0.00608628 0 0 0 0 0 0 0.00608628
11 12 0.000165732 0 0 0 0 0 0 0.000165732
12 13 0.0138896 0 -0 0 0 0 0 0.0138896
13 14 0.0283088 0 0 0 0 0 0 0.0283088
14 15 0.00162741 0 0 0 0 0 0 0.00162741
15 16 0.0774375 0 -1.43499 0 0 0 0 -1.35755
16 17 0.0443492 0.000501325 0 0 0 0 0 0.0448506
17 18 0.0908293 0 -1.33049 0 0 0 0 -1.23966
18 19 0.00089558 0 -1.33487 0 0 0 0 -1.33398
20 21 0.0559624 0 0 0 0 0 0 0.0559624
21 22 0.0664332 0 -1.40331 0 0 0 0 -1.33687
22 23 0.00548851 0 -1.34727 0 0 0 0 -1.34178
23 24 0.0100404 0 -1.02544 0 0 0 0 -1.0154
24 25 0.00855296 0 0 0 0 0 0 0.00855296
25 26 0.00276403 0 -1.16489 0 0 0 0 -1.16212
26 27 0.0296365 0 -0.377556 0 0 0 0 -0.347919
27 28 0.0700777 0 -0.628814 0 0 0 0 -0.558736
28 29 0.00254847 0 0 0 0 0 0 0.00254847
29 30 7.21993e-05 0 -1.25006 0 0 0 0 -1.24999
30 31 0.0167861 0 -1.30614 0 0 0 0 -1.28935
31 32 0.155123 0 -1.30006 0 0 0 0 -1.14494
32 33 0.0105468 0 -1.25412 0 0 0 0 -1.24357
33 34 0.00989312 0 0 0 0 0 0 0.00989312
34 35 0.00346971 0 0 0 0 0 0 0.00346971
35 36 0.00818811 0 0 0 0 0 0 0.00818811
31 37 0 0 0 0 0 -0.0141843 0 -0.0141843
36 37 0.042019 0 0 0 0 0 0 0.042019
37 38 0.129631 0 0 0 0 0 0 0.129631
38 39 0.00096686 0 -0.724137 0 0 0 0 -0.72317
40 41 0.0452232 0 -1.19472 0 0 0 0 -1.14949
41 42 0.0169085 0 0 0 0 0 0 0.0169085
42 43 0.0968046 0 -1.13408 0 0 0 0 -1.03728
43 44 0.0025717 0 -1.27969 0 0 0 0 -1.27712
44 45 0.021164 0 0 0 0 0 0 0.021164
45 46 0.000589349 0 0 0 0 0 0 0.000589349
46 47 0.0745337 0 -1.02044 0 0 0 0 -0.945906
47 48 0.0146022 0 0 0 0 0 0 0.0146022
48 49 0.00916213 0 0 0 0 0 0 0.00916213
49 50 0.0661315 0 0 0 0 0 0 0.0661315
50 51 0.104955 0 -1.21554 0 0 0 0 -1.11058
51 52 0.0114644 0 -0.808548 0 0 0 0 -0.797084
52 53 0.0627877 0 0 0 0 0 0 0.0627877
53 54 0.00130317 0 0 0 0 0 0 0.00130317
54 55 0.00140234 0 0 0 0 0 0 0.00140234
55 56 0.0334804 0 -1.33381 0 0 0 0 -1.30033
56 57 0.00019612 0 -1.15179 0 0 0 0 -1.15159
57 58 0.00998303 0 0 0 0 0 0 0.00998303
58 59 0.133212 0 -0.996335 0 0 0 0 -0.863122
60 61 1.10954e-05 0 -1.42267 0 0 0 0 -1.42266
61 62 0.00266438 0 0 0 0 0 0 0.00266438
62 63 0.000595362 0 0 0 0 0 0 0.000595362
63 64 0.207465 0 0 0 0 0 0 0.207465
64 65 0.0999325 0 0 0 0 0 0 0.0999325
65 66 0.0803412 0 -1.25697 0 0 0 0 -1.17663
66 67 0.0121295 0 0 0 0 0 0 0.0121295
67 68 0.0879352 0 -1.26678 0 0 0 0 -1.17884
68 69 0.106928 0 -0.83749 0 0 0 0 -0.730563
69 70 0.0316937 0 -1.12553 0 0 0 0 -1.09384
70 71 0.02069 0 0 0 0 0 0 0.02069
71 72 0.00361876 0 0 0 0 0 0 0.00361876
72 73 0.481642 0 -1.31635 0 0 0 0 -0.834706
73 74 0.0573593 0 -1.24467 0 0 0 0 -1.18731
74 75 0.00349468 0 -0.792072 0 0 0 0 -0.788577
75 76 0.0112252 0 -1.12563 0 0 0 0 -1.1144
76 77 0.0264694 0 0 0 0 0 0 0.0264694
77 78 0.00859527 0 -1.32549 0 0 0 0 -1.31689
78 79 0.00214366 0 -1.33774 0 0 0 0 -1.3356
80 81 0.000464847 0 0 0 0 0 0 0.000464847
81 82 0.00313419 0 -0.96736 0 0 0 0 -0.964226
82 83 0.0282506 0 -1.21467 0 0 0 0 -1.18642
83 84 0.00204515 0 0 0 0 0 0 0.00204515
84 85 0.143741 0 -1.23688 0 0 0 0 -1.09314
85 86 0.0345917 0 0 0 0 0 0 0.0345917
86 87 0.0575977 0 0 0 0 0 0 0.0575977
87 88 0.0176388 0 -1.04305 0 0 0 0 -1.02542
88 89 0.156737 0 -1.15031 0 0 0 0 -0.993572
89 90 0.197418 0 -1.186 0 0 0 0 -0.988582
90 91 0.000100307 0 -1.25172 0 0 0 0 -1.25162
91 92 0.0683085 0 0 0 0 0 0 0.0683085
92 93 0.0380369 0 0 0 0 0 0 0.0380369
93 94 0.00614861 0 -0.744932 0 0 0 0 -0.738784
94 95 0.125107 0 -1.06104 0 0 0 0 -0.935928
95 96 0.000949598 0 -1.44968 0 0 0 0 -1.44873
96 97 0.0933778 0 -1.28143 0 0 0 0 -1.18805
97 98 0.0256141 0 -0.6898 0 0 0 0 -0.664186
98 99 0.025685 0 0 0 0 0 0 0.025685
100 101 0.0363039 0 -1.33044 0 0 0 0 -1.29414
101 102 0.0746297 0 -1.2542 0 0 0 0 -1.17957
102 103 0.0689518 0 -1.36413 0 0 0 0 -1.29518
103 104 0.00537486 0 -1.44912 0 0 0 0 -1.44374
104 105 0.0292051 0 -1.13583 0 0 0 0 -1.10662
105 106 0.131536 0 0 0 0 0 0 0.131536
106 107 0.0725728 0 -1.1526 0 0 0 0 -1.08003
107 108 0.0815692 0 0 0 0 0 0 0.0815692
108 109 0.00966229 0 -0 0 0 0 0 0.00966229
109 110 0.0103115 0 -3.44789e-05 0 0 0 0 0.010277
110 111 0.17594 0 -1.26687 0 0 0 0 -1.09093
111 112 0.0237426 0 -1.03406 0 0 0 0 -1.01032
112 113 0.00851002 0 -0.855784 0 0 0 0 -0.847274
113 114 0.0125409 0 -1.23416 0 0 0 0 -1.22162
114 115 8.46444e-05 0 -0.8439 0 0 0 0 -0.843816
115 116 0.0517687 0 -0.972062 0 0 0 0 -0.920293
116 117 0.052418 0 -0 0 0 0 0 0.052418
117 118 0.10538 0 0 0 0 0 0 0.10538
118 119 0.0433809 0 -1.19745 0 0 0 0 -1.15407
120 121 0.00991893 0 -1.07761 0 0 0 0 -1.06769
121 122 5.38002e-05 0 -1.13389 0 0 0 0 -1.13384
122 123 2.35203e-05 0 -1.33665 0 0 0 0 -1.33663
123 124 0.119637 0 -1.36531 0 0 0 0 -1.24567
124 125 0.0100534 0 0 0 0 0 0 0.0100534
125 126 0.00592497 0 -0.893914 0 0 0 0 -0.887989
126 127 0.00163383 0 0 0 0 0 0 0.00163383
127 128 0.0130968 0 -1.14228 0 0 0 0 -1.12919
128 129 0.0217919 0 -1.26744 0 0 0 0 -1.24565
129 130 0.270572 0 -1.0388 0 0 0 0 -0.768228
130 131 0.000913305 0 -1.22183 0 0 0 0 -1.22091
131 132 0.0712542 0 0 0 0 0 0 0.0712542
132 133 0.0176175 0 -1.20688 0 0 0 0 -1.18926
133 134 0.00751953 0 -0.899014 0 0 0 0 -0.891495
134 135 0.0266345 0 -1.31525 0 0 0 0 -1.28861
135 136 0.000344934 0 -1.16552 0 0 0 0 -1.16517
136 137 0.00283162 0 -1.26544 0 0 0 0 -1.26261
137 138 0.00528092 0 -1.00229 0 0 0 0 -0.997006
138 139 0.0521983 0 -0.465528 0 0 0 0 -0.41333
140 141 0.00912097 0 0 0 0 0 0 0.00912097
141 142 0.0102905 0 -0.919303 0 0 0 0 -0.909012
141 143 0 0 0 0 0 -8.08463e-07 0 -8.08463e-07
142 143 0.0164377 0 -0.925768 0 0 0 0 -0.909331
143 144 0.0792666 0 0 0 0 0 0 0.0792666
144 145 0.00176713 0 -1.17716 0 0 0 0 -1.1754
145 146 1.97069e-06 0 0 0 0 0 0 1.97069e-06
146 147 0.000357108 0 -1.25889 0 0 0 0 -1.25853
147 148 0.0784217 0 -0.987753 0 0 0 0 -0.909332
148 149 0.123369 0 -0 0 0 0 0 0.123369
149 150 0.0364427 0 -1.25767 0 0 0 0 -1.22123
150 151 0.0070967 0 0 0 0 0 0 0.0070967
151 152 0.0158603 0 -0.901206 0 0 0 0 -0.885346
152 153 0.00496588 0 -0.886541 0 0 0 0 -0.881575
153 154 0.0129224 0 -1.40053 0 0 0 0 -1.38761
154 155 0.0229461 0 -0.975507 0 0 0 0 -0.952561
155 156 0.00037981 0 -1.33252 0 0 0 0 -1.33214
156 157 0.00127852 0 -0.0161498 0 0 0 0 -0.0148713
157 158 0.0918065 0 -1.29343 0 0 0 0 -1.20162
158 159 0.00348122 0 -1.25443 0 0 0 0 -1.25095
160 161 0.000162097 0 0 0 0 0 0 0.000162097
161 162 0.0183654 0 -1.09397 0 0 0 0 -1.0756
162 163 0.00930301 0 -0.122754 0 0 0 0 -0.113451
163 164 0.00619922 0 -1.09396 0 0 0 0 -1.08776
164 165 0.00726133 0 -0.865342 0 0 0 0 -0.85808
165 166 0.023125 0 -1.46256 0 0 0 0 -1.43944
166 167 0.0787016 0 -0 0 0 0 0 0.0787016
167 168 0.166209 0 -1.15372 0 0 0 0 -0.98751
168 169 0.0113226 0 -1.10995 0 0 0 0 -1.09863
169 170 0.015586 0 0 0 0 0 0 0.015586
170 171 0.130205 0 -0 0 0 0 0 0.130205
171 172 0.0055013 0 -1.13817 0 0 0 0 -1.13267
172 173 0.168072 0 0 0 0 0 0 0.168072
173 174 0.000520114 0 -1.17074 0 0 0 0 -1.17022
174 175 9.35712e-05 0 -1.39494 0 0 0 0 -1.39484
175 176 0.0136689 0 -1.02001 0 0 0 0 -1.00634
176 177 0.104903 0 -1.31789 0 0 0 0 -1.21299
177 178 0.0147421 0 -1.30632 0 0 0 0 -1.29157
178 179 0.0585317 0 0 0 0 0 0 0.0585317
180 181 0.425963 0 -1.18284 0 0 0 0 -0.756873
181 182 0.0274516 0 0 0 0 0 0 0.0274516
182 183 0.00186491 0 -0.644362 0 0 0 0 -0.642497
183 184 0.0408146 0 -1.40973 0 0 0 0 -1.36892
184 185 0.217459 0 0 0 0 0 0 0.217459
185 186 4.36569e-06 0 0 0 0 0 0 4.36569e-06
186 187 0.348678 0 -1.25622 0 0 0 0 -0.907542
187 188 0.14922 0 0 0 0 0 0 0.14922
188 189 0.000310385 0 -1.02165 0 0 0 0 -1.02134
189 190 0.327876 0 -1.31962 0 0 0 0 -0.991746
190 191 0.0228064 0 0 0 0 0 0 0.0228064
191 192 0.00423371 0 -1.32847 0 0 0 0 -1.32423
192 193 0.0146482 0 -1.25675 0 0 0 0 -1.2421
193 194 0.00267052 0 -1.33453 0 0 0 0 -1.33186
194 195 0.0499345 0 -0.899133 0 0 0 0 -0.849198
195 196 0.00118475 0 -0.929593 0 0 0 0 -0.928408
196 197 0.0217101 0 -1.10523 0 0 0 0 -1.08352
197 198 0.000148299 0 -0 0 0 0 0 0.000148299
198 199 0.00835085 0 0 0 0 0 0 0.00835085
200 201 0.00538851 0 -1.23998 0 0 0 0 -1.23459
201 202 0.00506753 0 -1.02997 0 0 0 0 -1.0249
202 203 0.0445502 0 -1.16196 0 0 0 0 -1.11741
203 204 0.129344 0 -1.40787 0 0 0 0 -1.27852
204 205 0.0176646 0 -0.870329 0 0 0 0 -0.852664
205 206 0.0110897 0 -1.06667 0 0 0 0 -1.05558
206 207 0.000716036 0 -1.26376 0 0 0 0 -1.26305
207 208 0.000904057 0 0 0 0 0 0 0.000904057
208 209 0.00306892 0 0 0 0 0 0 0.00306892
209 210 0.000137024 0 -0.979888 0 0 0 0 -0.979751
210 211 0.060599 0 0 0 0 0 0 0.060599
211 212 0.0184737 0 0 0 0 0 0 0.0184737
212 213 0.175037 0 0 0 0 0 0 0.175037
213 214 0.0983501 0 0 0 0 0 0 0.0983501
214 215 0.00990868 0 0 0 0 0 0 0.00990868
215 216 0.0300699 0 0 0 0 0 0 0.0300699
216 217 0.00409954 0 -1.39092 0 0 0 0 -1.38682
217 218 0.027861 0 -1.0343 0 0 0 0 -1.00644
218 219 0.00337874 0 -1.26556 0 0 0 0 -1.26218
220 221 0.000800279 0 -1.3985 0 0 0 0 -1.3977
221 222 0.0816178 0 -1.41989 0 0 0 0 -1.33827
222 223 0.111053 0 0 0 0 0 0 0.111053
223 224 0.194687 0 -1.30819 0 0 0 0 -1.1135
224 225 0.0695403 0 -1.32028 0 0 0 0 -1.25074
225 226 0.116002 0 0 0 0 0 0 0.116002
226 227 0.0418557 0 -1.13215 0 0 0 0 -1.09029
227 228 0.00488371 0 0 0 0 0 0 0.00488371
228 229 0.0063468 0 -1.31971 0 0 0 0 -1.31337
229 230 0.0283972 0 0 0 0 0 0 0.0283972
230 231 0.00298556 0 -0 0 0 0 0 0.00298556
231 232 0.114218 0 0 0 0 0 0 0.114218
232 233 0.0721742 0 0 0 0 0 0 0.0721742
233 234 0.0758914 0 0 0 0 0 0 0.0758914
234 235 0.000346976 0 -0.947256 0 0 0 0 -0.946909
235 236 0.00667417 0 0 0 0 0 0 0.00667417
236 237 0.00310493 0 -1.38884 0 0 0 0 -1.38574
237 238 0.000568066 0 0 0 0 0 0 0.000568066
238 239 0.179269 0 -0.947325 0 0 0 0 -0.768056
240 241 0.0898194 0 -1.09285 0 0 0 0 -1.00303
241 242 0.0379104 0 0 0 0 0 0 0.0379104
242 243 0.0433313 0 0 0 0 0 0 0.0433313
243 244 0.0214395 0 0 0 0 0 0 0.0214395
244 245 0.000205418 0 0 0 0 0 0 0.000205418
245 246 0.109536 0 -1.15502 0 0 0 0 -1.04548
246 247 0.0599038 0 0 0 0 0 0 0.0599038
247 248 0.0351097 0 -0.896915 0 0 0 0 -0.861805
248 249 0.0427825 0 -1.14719 0 0 0 0 -1.10441
249 250 0.000287149 0 0 0 0 0 0 0.000287149
250 251 0.250164 0 0 0 0 0 0 0.250164
251 252 0.0349483 0 0 0 0 0 0 0.0349483
252 253 0.000467261 0 -1.22976 0 0 0 0 -1.2293
253 254 0.00540809 0 -1.27661 0 0 0 0 -1.27121
254 255 0.0911173 0 0 0 0 0 0 0.0911173
255 256 0.237433 0 0 0 0 0 0 0.237433
256 257 0.00640843 0 -0 0 0 0 0 0.00640843
257 258 0.00752073 0 -0.881722 0 0 0 0 -0.874202
258 259 0.0111517 0 -1.07958 0 0 0 0 -1.06843
260 261 0.0168443 0 -0.815875 0 0 0 0 -0.799031
261 262 0.00511275 0 0 0 0 0 0 0.00511275
262 263 0.0864808 0 0 0 0 0 0 0.0864808
263 264 0.00329917 0 0 0 0 0 0 0.00329917
264 265 0.0456162 0 0 0 0 0 0 0.0456162
265 266 0.0208984 0 -1.29532 0 0 0 0 -1.27442
266 267 0.0748361 0 0 0 0 0 0 0.0748361
267 268 0.00982098 0 -1.06383 0 0 0 0 -1.05401
268 269 0.00176801 0 -0.995044 0 0 0 0 -0.993276
269 270 0.0268861 0 -1.16876 0 0 0 0 -1.14187
270 271 0.0489559 0 0 0 0 0 0 0.0489559
271 272 0.295895 0 0 0 0 0 0 0.295895
272 273 0.0854799 0 0 0 0 0 0 0.0854799
273 274 0.00826489 0 0 0 0 0 0 0.00826489
274 275 0.0121926 0 0 0 0 0 0 0.0121926
275 276 0.0002749 0 -0.776905 0 0 0 0 -0.776631
276 277 0.062967 0 0 0 0 0 0 0.062967
277 278 0.0322616 0 -1.33176 0 0 0 0 -1.2995
278 279 0.0217485 0 0 0 0 0 0 0.0217485
280 281 0.116589 0 -1.40618 0 0 0 0 -1.28959
281 282 0.0120509 0 -1.31018 0 0 0 0 -1.29813
282 283 0.238668 0 0 0 0 0 0 0.238668
283 284 0.053897 0 -1.16284 0 0 0 0 -1.10894
284 285 0.00180432 0 0 0 0 0 0 0.00180432
285 286 0.0897738 0 0 0 0 0 0 0.0897738
286 287 0.00151265 0 0 0 0 0 0 0.00151265
287 288 0.303267 0 -1.184 0 0 0 0 -0.880737
288 289 0.0653234 0 -1.37517 0 0 0 0 -1.30985
289 290 0.0492539 0 -1.39363 0 0 0 0 -1.34438
290 291 0.0709273 0 -1.26924 0 0 0 0 -1.19831
291 292 0.103785 0 -0.688702 0 0 0 0 -0.584917
292 293 0.00155736 0 -1.16412 0 0 0 0 -1.16257
293 294 0.013933 0 -0 0 0 0 0 0.013933
294 295 0.0446941 0 0 0 0 0 0 0.0446941
295 296 0.0571684 0 -1.31902 0 0 0 0 -1.26185
296 297 0.119108 0 -0.811595 0 0 0 0 -0.692487
297 298 0.0846758 0 0 0 0 0 0 0.0846758
298 299 0.00504717 0 0 0 0 0 0 0.00504717
300 301 0.0264178 0 0 0 0 0 0 0.0264178
301 302 0.0989313 0 -0.461259 0 0 0 0 -0.362328
302 303 0.0139483 0 -0.918097 0 0 0 0 -0.904149
303 304 0.000709122 0 -0 0 0 0 0 0.000709122
304 305 0.0191741 0 -0.864148 0 0 0 0 -0.844974
305 306 0.014012 0 0 0 0 0 0 0.014012
306 307 0.143966 0 -1.12101 0 0 0 0 -0.977043
307 308 0.401963 0 -0 0 0 0 0 0.401963
308 309 0.0417433 0 0 0 0 0 0 0.0417433
309 310 0.0350721 0 -0 0 0 0 0 0.0350721
310 311 0.00257495 0 -1.17593 0 0 0 0 -1.17335
311 312 0.0470978 0 -1.04225 0 0 0 0 -0.995155
312 313 0.00665317 0 0 0 0 0 0 0.00665317
313 314 0.00589877 0 -0.88904 0 0 0 0 -0.883141
314 315 0.00173872 0 -1.05933 0 0 0 0 -1.05759
315 316 0.0455296 0 -1.13331 0 0 0 0 -1.08778
316 317 0.00620426 0 -1.26685 0 0 0 0 -1.26064
317 318 0.0151661 0 -0.583602 0 0 0 0 -0.568436
318 319 0.0784055 0 -0.83585 0 0 0 0 -0.757444
320 321 0.0254089 0 -1.33503 0 0 0 0 -1.30962
321 322 0.00204701 0 -1.0035 0 0 0 0 -1.00145
322 323 2.57896e-05 0 0 0 0 0 0 2.57896e-05
323 324 0.13536 0 -0.672609 0 0 0 0 -0.537249
324 325 0.217892 0 -1.01196 0 0 0 0 -0.794063
325 326 0.126364 0 0 0 0 0 0 0.126364
326 327 0.168266 0 -0.727651 0 0 0 0 -0.559386
327 328 0.000295128 0 0 0 0 0 0 0.000295128
328 329 0.0102543 0 0 0 0 0 0 0.0102543
329 330 0.112375 0 -1.3741 0 0 0 0 -1.26173
330 331 0.00720595 0 0 0 0 0 0 0.00720595
331 332 0.12468 0 -1.13357 0 0 0 0 -1.00889
332 333 0.0523388 0 -0.941719 0 0 0 0 -0.88938
333 334 0.108022 0 0 0 0 0 0 0.108022
334 335 0.014133 0 0 0 0 0 0 0.014133
335 336 0.0628557 0 -1.01401 0 0 0 0 -0.951155
336 337 0.13109 0 -1.44599 0 0 0 0 -1.3149
337 338 0.0176075 0 0 0 0 0 0 0.0176075
338 339 0.0864138 0 -1.10615 0 0 0 0 -1.01974
340 341 0.0255389 0 -0 0 0 0 0 0.0255389
341 342 0.0447626 0 -0.151743 0 0 0 0 -0.10698
342 343 0.00768278 0 0 0 0 0 0 0.00768278
343 344 0.025857 0 -1.0384 0 0 0 0 -1.01255
344 345 0.0371521 0 -0 0 0 0 0 0.0371521
345 346 0.00421765 0 -0 0 0 0 0 0.00421765
346 347 0.0453938 0 0 0 0 0 0 0.0453938
347 348 0.0272945 0 -1.11563 0 0 0 0 -1.08834
348 349 0.0307602 0 -1.08548 0 0 0 0 -1.05472
349 350 0.000918461 0 -1.39179 0 0 0 0 -1.39087
350 351 8.41318e-05 0 -1.2592 0 0 0 0 -1.25912
351 352 0.00985066 0 0 0 0 0 0 0.00985066
352 353 0.180008 0 -0 0 0 0 0 0.180008
353 354 0.127378 0 -1.05676 0 0 0 0 -0.929385
354 355 0.00202811 0 0 0 0 0 0 0.00202811
355 356 0.022254 0 -1.30769 0 0 0 0 -1.28544
356 357 0.000264098 0 0 0 0 0 0 0.000264098
357 358 0.00974114 0 -1.15638 0 0 0 0 -1.14664
358 359 0.0707406 0 0 0 0 0 0 0.0707406
360 361 0.0429506 0 -1.23095 0 0 0 0 -1.188
361 362 0.000569085 0 -0.97916 0 0 0 0 -0.978591
362 363 0.040917 0 -1.41537 0 0 0 0 -1.37446
363 364 0.004898 0 -1.10411 0 0 0 0 -1.09921
364 365 2.80049e-05 0 -1.39304 0 0 0 0 -1.39302
365 366 0.0146944 0 -1.33986 0 0 0 0 -1.32516
366 367 0.0944331 0 -1.31351 0 0 0 0 -1.21908
367 368 0.009898 0 0 0 0 0 0 0.009898
368 369 0.0100868 0 -1.30055 0 0 0 0 -1.29046
369 370 0.0162586 0 0 0 0 0 0 0.0162586
370 371 0.0447109 0 -1.19646 0 0 0 0 -1.15175
371 372 0.00803983 0 -1.26406 0 0 0 0 -1.25602
372 373 0.0366831 0 -1.23676 0 0 0 0 -1.20007
373 374 0.00095869 0 -1.19295 0 0 0 0 -1.192
374 375 0.000597953 0 -1.14717 0 0 0 0 -1.14657
375 376 0.0436327 0 -1.0277 0 0 0 0 -0.984067
376 377 0.00481714 0 0 0 0 0 0 0.00481714
377 378 0.00448634 0 0 0 0 0 0 0.00448634
378 379 0.00117296 0 -1.16269 0 0 0 0 -1.16151
380 381 0.000176753 0 -1.32345 0 0 0 0 -1.32328
381 382 0.0898053 0 -0.950911 0 0 0 0 -0.861106
382 383 3.0198e-05 0 -1.01816 0 0 0 0 -1.01813
383 384 0.0156067 0 -0.959235 0 0 0 0 -0.943629
384 385 0.0999612 0 -1.21267 0 0 0 0 -1.11271
385 386 0.0460726 0 -1.26441 0 0 0 0 -1.21833
386 387 0.019002 0 -1.08777 0 0 0 0 -1.06877
387 388 0.281967 0 0 0 0 0 0 0.281967
388 389 0.00398158 0 -1.43903 0 0 0 0 -1.43505
389 390 0.00310659 0 -1.11368 0 0 0 0 -1.11057
390 391 0.00203676 0 0 0 0 0 0 0.00203676
391 392 0.00338215 0 -0 0 0 0 0 0.00338215
392 393 5.81167e-06 0 -1.40279 0 0 0 0 -1.40278
393 394 0.0632883 0 -1.38508 0 0 0 0 -1.32179
394 395 0.0038003 0 0 0 0 0 0 0.0038003
395 396 0.0100476 0 -1.13382 0 0 0 0 -1.12377
396 397 0.00305331 0 0 0 0 0 0 0.00305331
397 398 0.0132887 0 -1.22958 0 0 0 0 -1.2163
398 399 0.00717302 0 0 0 0 0 0 0.00717302
400 401 0.199099 0 -1.27414 0 0 0 0 -1.07504
401 402 0.0900559 0 -0.481641 0 0 0 0 -0.391585
402 403 0.0031175 0 -0.962988 0 0 0 0 -0.95987
403 404 0.00244625 0 0 0 0 0 0 0.00244625
404 405 0.00125037 0 0 0 0 0 0 0.00125037
405 406 0.00218797 0 -0.425766 0 0 0 0 -0.423578
406 407 0.129195 0 -1.24375 0 0 0 0 -1.11456
407 408 0.00230035 0 -1.22597 0 0 0 0 -1.22367
408 409 0.00763547 0 -1.3359 0 0 0 0 -1.32826
409 410 0.275653 0 0 0 0 0 0 0.275653
410 411 0.153863 0 -1.33162 0 0 0 0 -1.17776
411 412 0.0121963 0 -1.25656 0 0 0 0 -1.24437
412 413 0.0729053 0 -1.18268 0 0 0 0 -1.10978
413 414 0.000196167 0 -1.32429 0 0 0 0 -1.3241
414 415 0.00692418 0 0 0 0 0 0 0.00692418
415 416 0.00284823 0 0 0 0 0 0 0.00284823
416 417 0.166701 0 -1.35983 0 0 0 0 -1.19313
417 418 0.0025521 0 -0 0 0 0 0 0.0025521
418 419 0.00946082 0 0 0 0 0 0 0.00946082
420 421 0.0119628 0 0 0 0 0 0 0.0119628
421 422 0.0441202 0 -0.816651 0 0 0 0 -0.772531
422 423 0.0309255 0 0 0 0 0 0 0.0309255
423 424 0.000365163 0 0 0 0 0 0 0.000365163
424 425 0.0112649 0 -1.21832 0 0 0 0 -1.20706
425 426 0.130312 0 -1.10383 0 0 0 0 -0.973514
426 427 0.00402127 0 0 0 0 0 0 0.00402127
427 428 0.0809231 0 0 0 0 0 0 0.0809231
428 429 0.0877665 0 -1.29624 0 0 0 0 -1.20847
429 430 0.00782604 0 0 0 0 0 0 0.00782604
430 431 0.000196678 0 -0 0 0 0 0 0.000196678
431 432 0.0359625 0 -1.32082 0 0 0 0 -1.28486
432 433 0.00669664 0 -1.20005 0 0 0 0 -1.19335
433 434 0.0215462 0 -1.12601 0 0 0 0 -1.10447
434 435 0.0100859 0 0 0 0 0 0 0.0100859
435 436 0.0647846 0 0 0 0 0 0 0.0647846
436 437 0.0466505 0 0 0 0 0 0 0.0466505
437 438 0.00312864 0 0 0 0 0 0 0.00312864
438 439 0.000104218 0 0 0 0 0 0 0.000104218
440 441 4.02416e-05 0 -1.00187 0 0 0 0 -1.00183
441 442 0.0349832 0 -1.07906 0 0 0 0 -1.04408
442 443 0.040664 0 -1.38768 0 0 0 0 -1.34701
443 444 2.93254e-05 0 0 0 0 0 0 2.93254e-05
444 445 1.99634e-07 0 -1.12036 0 0 0 0 -1.12036
445 446 0.00883654 0 -1.20324 0 0 0 0 -1.1944
446 447 0.221955 0 0 0 0 0 0 0.221955
447 448 0.000757145 0 -1.23315 0 0 0 0 -1.23239
448 449 0.147211 0 -1.19551 0 0 0 0 -1.0483
449 450 0.00256181 0 0 0 0 0 0 0.00256181
450 451 0.00265143 0 0 0 0 0 0 0.00265143
451 452 0.0442096 0 -0 0 0 0 0 0.0442096
452 453 0.0292336 0 -1.21022 0 0 0 0 -1.18099
453 454 0.041253 0 -1.43777 0 0 0 0 -1.39651
454 455 0.0760929 0 0 0 0 0 0 0.0760929
455 456 0.072516 0 -0 0 0 0 0 0.072516
456 457 0.0591288 0 0 0 0 0 0 0.0591288
457 458 0.00622649 0 -1.18548 0 0 0 0 -1.17926
458 459 0.0437118 0 -1.1589 0 0 0 0 -1.11519
460 461 0.0780123 0 -0 0 0 0 0 0.0780123
461 462 0.0254836 0 -1.61374e-09 0 0 0 0 0.0254836
462 463 0.13322 0 -1.26287 0 0 0 0 -1.12965
463 464 0.0899824 0 -1.37808 0 0 0 0 -1.28809
464 465 0.00255707 0 0 0 0 0 0 0.00255707
465 466 0.0029212 0 -1.05181 0 0 0 0 -1.04889
466 467 0.178435 0 0 0 0 0 0 0.178435
467 468 0.0653243 0 -0.632449 0 0 0 0 -0.567124
468 469 0.201358 0 -1.31502 0 0 0 0 -1.11366
469 470 0.0155938 0 0 0 0 0 0 0.0155938
470 471 0.0928356 0 -1.39417 0 0 0 0 -1.30133
471 472 0.0102445 0 -1.01459 0 0 0 0 -1.00435
472 473 0.0450026 0 -1.43276 0 0 0 0 -1.38775
473 474 0.00719523 0 -1.28091 0 0 0 0 -1.27372
474 475 0.0894887 0 -1.08377 0 0 0 0 -0.994282
475 476 0.118015 0 -1.30121 0 0 0 0 -1.18319
476 477 0.010961 0 -1.25546 0 0 0 0 -1.2445
477 478 0.0553806 0 -0.854756 0 0 0 0 -0.799375
478 479 0.00420533 0 0 0 0 0 0 0.00420533
480 481 0.000571455 0 -1.27296 0 0 0 0 -1.27239
481 482 0.109367 0 -1.31838 0 0 0 0 -1.20901
482 483 0.0728363 0 0 0 0 0 0 0.0728363
483 484 0.120976 0 -1.2516 0 0 0 0 -1.13063
484 485 0.0443609 0 -1.06829 0 0 0 0 -1.02393
485 486 0.0891794 0 -1.22809 0 0 0 0 -1.13891
486 487 1.92154e-05 0 -1.13298 0 0 0 0 -1.13296
487 488 0.0466364 0 -1.07946 0 0 0 0 -1.03283
488 489 0.0177362 0 -0.825463 0 0 0 0 -0.807727
489 490 0.0117037 0 0 0 0 0 0 0.0117037
490 491 0.00254728 0 0 0 0 0 0 0.00254728
491 492 0.174692 0 0 0 0 0 0 0.174692
492 493 0.23293 0 -1.27529 0 0 0 0 -1.04236
493 494 0.000870336 0 -0 0 0 0 0 0.000870336
494 495 0.0138723 0 0 0 0 0 0 0.0138723
495 496 0.0020431 0 -1.08532 0 0 0 0 -1.08328
496 497 0.278517 0 -0.848855 0 0 0 0 -0.570338
497 498 0.0279758 0 -1.09357 0 0 0 0 -1.06559
498 499 0.082033 0 -1.45695 0 0 0 0 -1.37492
500 501 0.040862 0 0 0 0 0 0 0.040862
501 502 0.214224 0 -1.24068 0 0 0 0 -1.02646
502 503 0.00062531 0 -1.27031 0 0 0 0 -1.26968
503 504 0.0591001 0 -1.09806 0 0 0 0 -1.03896
504 505 0.166904 0 -0.118186 0 0 0 0 0.0487186
505 506 0.117929 0 -0.997169 0 0 0 0 -0.87924
506 507 0.0677888 0 -0.788471 0 0 0 0 -0.720682
507 508 0.0307546 0 0 0 0 0 0 0.0307546
508 509 0.0350939 0 -1.20215 0 0 0 0 -1.16706
509 510 0.0138024 0 0 0 0 0 0 0.0138024
510 511 0.00522421 0 0 0 0 0 0 0.00522421
511 512 0.02025 0 -0 0 0 0 0 0.02025
512 513 0.0456629 0 -0.926513 0 0 0 0 -0.88085
508 514 0 0 0 0 0 0 -2.14767e-15 -2.14767e-15
513 514 0.000918196 0 -0 0 0 0 0 0.000918196
514 515 0.113116 0 0 0 0 0 0 0.113116
515 516 0.0133196 0 0 0 0 0 0 0.0133196
516 517 0.000678793 0 -0 0 0 0 0 0.000678793
517 518 0.0661408 0 -1.39875 0 0 0 0 -1.33261
518 519 0.0273755 0 0 0 0 0 0 0.0273755
520 521 0.0667769 0 0 0 0 0 0 0.0667769
521 522 0.00173817 0 -0.995834 0 0 0 0 -0.994096
522 523 0.239777 0 -1.41135 0 0 0 0 -1.17157
523 524 0.00268355 0 -1.21259 0 0 0 0 -1.20991
524 525 0.0204353 0 0 0 0 0 0 0.0204353
525 526 0.042297 0 -0.724633 0 0 0 0 -0.682336
526 527 0.0902992 0 -1.23519 0 0 0 0 -1.14489
527 528 0.00429768 0 0 0 0 0 0 0.00429768
528 529 0.0845087 0 -0.950055 0 0 0 0 -0.865546
529 530 0.194194 0 0 0 0 0 0 0.194194
530 531 0.000156387 0 -1.30323 0 0 0 0 -1.30307
531 532 0.0105078 0 -1.00895 0 0 0 0 -0.998447
532 533 0.0545606 0 -1.37344 0 0 0 0 -1.31887
533 534 0.0696182 0 0 0 0 0 0 0.0696182
534 535 0.00123726 0 -1.28292 0 0 0 0 -1.28168
535 536 0.00265652 0 -1.42922 0 0 0 0 -1.42656
536 537 0.0170265 0 -1.22352 0 0 0 0 -1.20649
537 538 0.0249965 0 0 0 0 0 0 0.0249965
538 539 0.0123342 0 -1.06563 0 0 0 0 -1.0533
540 541 0.1985 0 0 0 0 0 0 0.1985
541 542 0.00692407 0 -0 0 0 0 0 0.00692407
542 543 0.113971 0 -0.681569 0 0 0 0 -0.567598
543 544 0.000375159 0 -0.513457 0 0 0 0 -0.513081
544 545 0.049268 0 -1.2619 0 0 0 0 -1.21263
545 546 0.0330806 0 -1.16258 0 0 0 0 -1.1295
546 547 0.0165117 0 0 0 0 0 0 0.0165117
547 548 0.124198 0 -1.40311 0 0 0 0 -1.27891
548 549 0.00242557 0 0 0 0 0 0 0.00242557
549 550 0.0509886 0 -1.37392 0 0 0 0 -1.32293
550 551 0.162565 0 -1.15522 0 0 0 0 -0.992653
551 552 0.014311 0 -1.30695 0 0 0 0 -1.29264
552 553 0.000637117 0 -1.21644 0 0 0 0 -1.2158
553 554 0.0486071 0 -1.15937 0 0 0 0 -1.11076
554 555 0.0273947 0 0 0 0 0 0 0.0273947
555 556 0.00616258 0 0 0 0 0 0 0.00616258
556 557 0.00108512 0 0 0 0 0 0 0.00108512
557 558 0.131493 0 0 0 0 0 0 0.131493
558 559 0.00912814 0 -0 0 0 0 0 0.00912814
560 561 0.00463107 0 -1.20312 0 0 0 0 -1.19849
561 562 0.0169818 0 -1.29787 0 0 0 0 -1.28089
562 563 0.00392218 0 -0.746566 0 0 0 0 -0.742643
563 564 0.181033 0 0 0 0 0 0 0.181033
564 565 0.0158024 0 0 0 0 0 0 0.0158024
565 566 0.0232812 0 -1.30591 0 0 0 0 -1.28263
566 567 0.00426299 0 0 0 0 0 0 0.00426299
567 568 4.24669e-05 0 -0.51867 0 0 0 0 -0.518628
568 569 0.0780003 0 -1.0327 0 0 0 0 -0.954702
569 570 0.0965725 0 0 0 0 0 0 0.0965725
570 571 0.00110488 0 0 0 0 0 0 0.00110488
571 572 0.0192139 0 -1.00601 0 0 0 0 -0.986791
572 573 0.000712542 0 0 0 0 0 0 0.000712542
573 574 0.0322695 0 -1.01608 0 0 0 0 -0.983814
574 575 0.0926422 0 0 0 0 0 0 0.0926422
575 576 2.32567e-05 0 0 0 0 0 0 2.32567e-05
576 577 0.026763 0 -0 0 0 0 0 0.026763
577 578 0.204584 0 0 0 0 0 0 0.204584
578 579 0.121023 0 -1.19792 0 0 0 0 -1.0769
580 581 0.0965035 0 -0.712438 0 0 0 0 -0.615935
581 582 0.0882464 0 -1.17626 0 0 0 0 -1.08801
582 583 0.0623785 0 -1.16665 0 0 0 0 -1.10427
583 584 0.0211812 0 -1.28914 0 0 0 0 -1.26795
584 585 0.0465986 0 -1.20401 0 0 0 0 -1.15741
585 586 0.108347 0 0 0 0 0 0 0.108347
585 587 0 0 0 0.00192022 0 0 0 0.00192022
586 587 0.00186866 0 -1.11779 0 0 0 0 -1.11592
587 588 0.000599531 0 -1.18204 0 0 0 0 -1.18144
588 589 0.113979 0 -0.502355 0 0 0 0 -0.388376
589 590 0.0252254 0 0 0 0 0 0 0.0252254
590 591 0.0402526 0 -1.23747 0 0 0 0 -1.19722
591 592 0.00276715 0 0 0 0 0 0 0.00276715
592 593 0.00524598 0 -1.29361 0 0 0 0 -1.28837
593 594 0.0717491 0 0 0 0 0 0 0.0717491
594 595 0.057552 0 -0.826485 0 0 0 0 -0.768933
595 596 0.00258908 0 -0 0 0 0 0 0.00258908
596 597 0.0028541 0 0 0 0 0 0 0.0028541
597 598 0.0318128 0 0 0 0 0 0 0.0318128
598 599 0.000744399 0 -1.04033 0 0 0 0 -1.03959
600 601 0.344373 0 -1.32188 0 0 0 0 -0.977509
601 602 0.0137976 0 0 0 0 0 0 0.0137976
602 603 0.0931194 0 -1.27838 0 0 0 0 -1.18526
603 604 0.00291114 0 0 0 0 0 0 0.00291114
604 605 0.0385052 0 0 0 0 0 0 0.0385052
605 606 0.0119905 0 0 0 0 0 0 0.0119905
606 607 0.0463829 0 -1.17059 0 0 0 0 -1.1242
607 608 0.248084 0 -1.17588 0 0 0 0 -0.9278
608 609 7.79108e-05 0 -1.31979 0 0 0 0 -1.31971
609 610 0.139819 0 -1.17427 0 0 0 0 -1.03445
610 611 0.0491726 0 -1.31372 0 0 0 0 -1.26454
611 612 0.0506278 0 -1.00662 0 0 0 0 -0.955992
612 613 0.124663 0 -0 0 0 0 0 0.124663
613 614 0.000587047 0 -1.21932 0 0 0 0 -1.21873
614 615 0.000349992 0 -0.826362 0 0 0 0 -0.826012
615 616 0.060945 0 -1.35756 0 0 0 0 -1.29661
616 617 0.0125471 0 0 0 0 0 0 0.0125471
617 618 0.0589216 0 0 0 0 0 0 0.0589216
618 619 0.000345251 0 -0.504676 0 0 0 0 -0.504331
620 621 0.00622453 0 0 0 0 0 0 0.00622453
621 622 0.278677 0 0 0 0 0 0 0.278677
622 623 0.0582493 0 -1.14234 0 0 0 0 -1.08409
623 624 0.103029 0 -1.25177 0 0 0 0 -1.14875
624 625 0.0156441 0 0 0 0 0 0 0.0156441
625 626 0.00525227 0 -0.895917 0 0 0 0 -0.890665
626 627 0.0559235 0 0 0 0 0 0 0.0559235
627 628 0.0458328 0 -0.895086 0 0 0 0 -0.849253
628 629 0.279605 0 -1.18071 0 0 0 0 -0.901108
629 630 0.0512791 0 0 0 0 0 0 0.0512791
630 631 0.0418468 0 0 0 0 0 0 0.0418468
631 632 0.16246 0 -1.00745 0 0 0 0 -0.844988
632 633 0.104844 0 -0 0 0 0 0 0.104844
633 634 0.0296386 0 0 0 0 0 0 0.0296386
634 635 0.331656 0 -1.30798 0 0 0 0 -0.976329
635 636 8.67181e-05 0 0 0 0 0 0 8.67181e-05
636 637 0.00322829 0 0 0 0 0 0 0.00322829
637 638 0.0132372 0 0 0 0 0 0 0.0132372
638 639 0.00453817 0 -0.965104 0 0 0 0 -0.960566
640 641 0.0880348 0 -1.15224 0 0 0 0 -1.06421
641 642 0.000125866 0 -1.04569 0 0 0 0 -1.04556
642 643 0.36271 0 -1.11415 0 0 0 0 -0.751438
643 644 0.151827 0 -0.54651 0 0 0 0 -0.394683
644 645 0.0727 0 -0.722257 0 0 0 0 -0.649557
645 646 0.00228239 0 -0.344334 0 0 0 0 -0.342051
646 647 0.043287 0 -1.35387 0 0 0 0 -1.31058
647 648 0.00172165 0 0 0 0 0 0 0.00172165
648 649 0.00495174 0 -1.0016 0 0 0 0 -0.996648
649 650 0.187248 0 0 0 0 0 0 0.187248
650 651 0.00773246 0 -1.31438 0 0 0 0 -1.30665
651 652 0.133168 0 -1.104 0 0 0 0 -0.970835
652 653 0.0110036 0 0 0 0 0 0 0.0110036
653 654 1.21142e-06 0 -1.10598 0 0 0 0 -1.10598
654 655 0.132688 0 -1.21957 0 0 0 0 -1.08688
655 656 0.0449244 0 -1.278 0 0 0 0 -1.23307
656 657 0.00215706 0 0 0 0 0 0 0.00215706
657 658 0.109852 0 -1.18364 0 0 0 0 -1.07379
658 659 0.0187936 0 0 0 0 0 0 0.0187936
660 661 0.123117 0 0 0 0 0 0 0.123117
661 662 0.0195444 0 0 0 0 0 0 0.0195444
662 663 0.018311 0 0 0 0 0 0 0.018311
663 664 0.0450993 0 -1.20688 0 0 0 0 -1.16178
664 665 0.161269 0 0 0 0 0 0 0.161269
665 666 0.0893554 0 -0.8446 0 0 0 0 -0.755245
666 667 0.125652 0 0 0 0 0 0 0.125652
667 668 0.0109551 0 -1.14999 0 0 0 0 -1.13904
668 669 0.0107505 0 -1.28362 0 0 0 0 -1.27287
669 670 1.11868e-05 0 -0.287946 0 0 0 0 -0.287935
670 671 0.0105985 0 -0.922726 0 0 0 0 -0.912128
671 672 0.00435911 0 -1.4093 0 0 0 0 -1.40494
672 673 0.0105818 0 -0 0 0 0 0 0.0105818
673 674 0.0192753 0 -1.2513 0 0 0 0 -1.23203
674 675 0.0210938 0 0 0 0 0 0 0.0210938
675 676 0.0183583 0 -1.20452 0 0 0 0 -1.18616
676 677 0.00942426 0 -1.08893 0 0 0 0 -1.07951
677 678 0.0336967 0 0 0 0 0 0 0.0336967
678 679 0.0624149 0 -1.211 0 0 0 0 -1.14859
680 681 0.141729 0 0 0 0 0 0 0.141729
681 682 0.074452 0 -1.29921 0 0 0 0 -1.22476
682 683 0.000343711 0 -0 0 0 0 0 0.000343711
683 684 0.0107187 0 0 0 0 0 0 0.0107187
684 685 0.0323259 0 -1.15236 0 0 0 0 -1.12004
685 686 0.129223 0 0 0 0 0 0 0.129223
686 687 0.00519232 0 -0 0 0 0 0 0.00519232
687 688 0.0665104 0 -1.36214 0 0 0 0 -1.29562
688 689 0.000355611 0 0 0 0 0 0 0.000355611
689 690 0.0183421 0 -1.27503 0 0 0 0 -1.25669
690 691 0.0102047 0 -1.32054 0 0 0 0 -1.31034
691 692 0.0375476 0 -0 0 0 0 0 0.0375476
692 693 0.000285232 0 -1.26541 0 0 0 0 -1.26512
693 694 0.026239 0 -1.05632 0 0 0 0 -1.03008
692 695 0 0 0 0 0 -0.00206503 -0 -0.00206503
694 695 0.0305761 0 0 0 0 0 0 0.0305761
695 696 0.0344293 0 0 0 0 0 0 0.0344293
696 697 0.162842 0 -0 0 0 0 0 0.162842
697 698 0.000604257 0 -0 0 0 0 0 0.000604257
698 699 2.52334e-07 0 -0 0 0 0 0 2.52334e-07
700 701 0.0348671 0 -1.16185 0 0 0 0 -1.12698
701 702 0.0124536 0 -0.889017 0 0 0 0 -0.876564
702 703 0.00600702 0 0 0 0 0 0 0.00600702
703 704 0.00162139 0 0 0 0 0 0 0.00162139
704 705 0.0435354 0 0 0 0 0 0 0.0435354
705 706 0.0622634 0 -1.22691 0 0 0 0 -1.16465
705 707 0 0 0 0 0 -1.52975e-08 0 -1.52975e-08
706 707 0.0018868 0 -0.979068 0 0 0 0 -0.977182
707 708 0.0805627 0 -1.33078 0 0 0 0 -1.25022
708 709 0.00105047 0 -1.2425 0 0 0 0 -1.24145
709 710 0.0020112 0 -1.10678 0 0 0 0 -1.10477
710 711 0.151217 0 -1.10521 0 0 0 0 -0.953996
711 712 0.0396918 0 0 0 0 0 0 0.0396918
712 713 0.00232491 0 -1.41547 0 0 0 0 -1.41315
713 714 0.0521664 0 0 0 0 0 0 0.0521664
714 715 0.012532 0 -0.531853 0 0 0 0 -0.519321
715 716 0.0846278 0 -1.00171 0 0 0 0 -0.917087
716 717 0.231235 0 0 0 0 0 0 0.231235
717 718 0.0907019 0 -1.21527 0 0 0 0 -1.12457
718 719 0.0422674 0 -1.40331 0 0 0 0 -1.36104
720 721 0.0373362 0 0 0 0 0 0 0.0373362
721 722 0.00236412 0 -0 0 0 0 0 0.00236412
722 723 0.00223205 0 0 0 0 0 0 0.00223205
723 724 0.0687264 0 -1.29846 0 0 0 0 -1.22973
724 725 0.0161412 0 -0.891835 0 0 0 0 -0.875693
725 726 0.266992 0 -0 0 0 0 0 0.266992
726 727 0.0342438 0 -0 0 0 0 0 0.0342438
727 728 0.00233441 0 0 0 0 0 0 0.00233441
728 729 0.10234 0 0 0 0 0 0 0.10234
729 730 0.08434 0 -1.26863 0 0 0 0 -1.18429
730 731 0.0322126 0 -1.12809 0 0 0 0 -1.09588
731 732 0.00736114 0 0 0 0 0 0 0.00736114
732 733 0.00215172 0 -0.592534 0 0 0 0 -0.590383
733 734 0.0830271 0 0 0 0 0 0 0.0830271
734 735 0.0030486 0 -1.10873 0 0 0 0 -1.10568
735 736 0.00179737 0 0 0 0 0 0 0.00179737
736 737 0.324173 0 -1.41613 0 0 0 0 -1.09195
737 738 0.0429246 0 0 0 0 0 0 0.0429246
738 739 0.000106222 0 0 0 0 0 0 0.000106222
740 741 0.00646123 0 -1.25993 0 0 0 0 -1.25347
741 742 0.0294569 0 -0 0 0 0 0 0.0294569
742 743 0.00806255 0 -1.21956 0 0 0 0 -1.21149
743 744 0.0317212 0 0 0 0 0 0 0.0317212
744 745 0.0748371 0 0 0 0 0 0 0.0748371
745 746 0.00107134 0 -1.23261 0 0 0 0 -1.23154
746 747 0.00365382 0 -1.24182 0 0 0 0 -1.23817
746 748 0 0 0 1.02338e-05 0 0 0 1.02338e-05
747 748 0.0263259 0 0 0 0 0 0 0.0263259
748 749 0.0156761 0 0 0 0 0 0 0.0156761
749 750 0.0230732 0 0 0 0 0 0 0.0230732
750 751 0.132743 0 -1.14445 0 0 0 0 -1.01171
751 752 0.00038693 0 -1.22604 0 0 0 0 -1.22565
752 753 0.0278686 0 -1.13553 0 0 0 0 -1.10766
753 754 0.00532289 0 -0.829823 0 0 0 0 -0.824501
754 755 0.0605487 0 -0 0 0 0 0 0.0605487
755 756 0.0491936 0 0 0 0 0 0 0.0491936
756 757 0.0991248 0 0 0 0 0 0 0.0991248
757 758 0.0762903 0 0 0 0 0 0 0.0762903
758 759 0.00384401 0 -0.778542 0 0 0 0 -0.774698
760 761 0.0143702 0 0 0 0 0 0 0.0143702
761 762 0.0441961 0 -1.2215 0 0 0 0 -1.17731
762 763 0.0764804 0 -1.11694 0 0 0 0 -1.04046
763 764 0.00127051 0 0 0 0 0 0 0.00127051
764 765 0.0376051 0 0 0 0 0 0 0.0376051
765 766 0.306688 0 -0 0 0 0 0 0.306688
766 767 1.15102e-05 0 -0.914008 0 0 0 0 -0.913997
767 768 0.0231143 0 -1.03194 0 0 0 0 -1.00882
768 769 0.141626 0 0 0 0 0 0 0.141626
769 770 0.014029 0 -1.14429 0 0 0 0 -1.13026
770 771 0.0702284 0 0 0 0 0 0 0.0702284
771 772 0.109037 0 -0.591729 0 0 0 0 -0.482692
772 773 7.54245e-06 0 0 0 0 0 0 7.54245e-06
773 774 0.0752355 0 -1.23013 0 0 0 0 -1.15489
774 775 0.155885 0 -0 0 0 0 0 0.155885
775 776 0.0066397 0 -0 0 0 0 0 0.0066397
776 777 0.109604 0 0 0 0 0 0 0.109604
777 778 0.00304741 0 -1.35245 0 0 0 0 -1.34941
778 779 0.0156926 0 0 0 0 0 0 0.0156926
780 781 0.0102438 0 0 0 0 0 0 0.0102438
781 782 0.189291 0 -1.29217 0 0 0 0 -1.10288
782 783 0.0591074 0 -0 0 0 0 0 0.0591074
783 784 0.0192423 0 -1.28462 0 0 0 0 -1.26538
784 785 0.0313081 0 -1.31121 0 0 0 0 -1.2799
785 786 0.000642625 0 -1.11438 0 0 0 0 -1.11374
786 787 0.000841044 0 0 0 0 0 0 0.000841044
787 788 0.0501094 0 0 0 0 0 0 0.0501094
788 789 0.018637 0 -0.845359 0 0 0 0 -0.826722
789 790 0.0112884 0 0 0 0 0 0 0.0112884
790 791 0.0189215 0 -0.52662 0 0 0 0 -0.507699
791 792 0.00774634 0 -1.06008 0 0 0 0 -1.05233
792 793 0.00663925 0 -1.39583 0 0 0 0 -1.38919
793 794 0.0908734 0 0 0 0 0 0 0.0908734
792 795 0 0 0 0 0 -0.000804315 -0 -0.000804315
790 795 0 0 0 0 -0 -0.0151118 0 -0.0151118
794 795 4.93455e-06 0 0 0 0 0 0 4.93455e-06
795 796 0.00122981 0 0 0 0 0 0 0.00122981
796 797 0.00715666 0 -0.831322 0 0 0 0 -0.824165
797 798 0.409386 0 0 0 0 0 0 0.409386
798 799 0.00524876 0 0 0 0 0 0 0.00524876
#Total energy per particle is  -0.559193 and should be -0.55919310
