           0   0.000000
       10000  -3.385629
       20000  -2.231533
       30000  -1.289925
       40000  -3.083808
       50000  -3.315264
       60000  -3.048764
       70000  -0.593796
       80000  -3.874098
       90000  -2.784555
      100000  -5.595247
      110000 -11.312619
      120000  -7.236572
      130000  -5.445539
      140000 -11.957887
      150000 -11.952308
      160000  -8.212694
      170000  -8.920473
      180000  -8.317584
      190000  -8.589110
      200000  -9.358362
