           0   0.000000
       10000  -3.174508
       20000  -1.149330
       30000  -2.824780
       40000  -0.547815
       50000  -1.366689
       60000   0.000000
       70000  -1.729379
       80000  -1.272593
       90000  -0.361818
      100000  -0.465693
      110000   0.000000
      120000  -1.768161
      130000  -1.782679
      140000  -1.885010
      150000  -3.172752
      160000  -5.011667
      170000  -5.546713
      180000  -6.986012
      190000  -6.318275
      200000  -7.800877
