           0   0.000000
       10000   0.000000
       20000   0.000000
       30000   0.000000
       40000  -0.001083
       50000   0.000000
       60000  -0.000000
       70000  -0.396133
       80000  -0.579000
       90000   0.000000
      100000  -0.473294
      110000  -0.494976
      120000  -0.000000
      130000   0.000000
      140000  -0.000001
      150000   0.000000
      160000   0.000000
      170000  -0.685066
      180000   0.000000
      190000  -1.091121
      200000  -0.000111
