           0   0.000000
       10000   0.000000
       20000   0.000000
       30000  -0.350172
       40000   0.000000
       50000  -1.325559
       60000  -0.329491
       70000   0.000000
       80000  -0.790903
       90000   0.000000
      100000  -0.000330
      110000  -0.006808
      120000  -1.812560
      130000   0.000000
      140000  -0.221109
      150000  -0.950581
      160000  -0.914501
      170000  -0.263839
      180000  -0.828661
      190000   0.000000
      200000  -0.343638
