#id1 id2 FENE BEXC STCK NEXC HB CRSTCK CXSTCK total, t = 200000
0 1 0.00405389 0 -0.959051 0 0 0 0 -0.954997
1 2 0.00978219 0 -0 0 0 0 0 0.00978219
2 3 0.0831601 0 -1.2544 0 0 0 0 -1.17124
3 4 0.00123417 0 0 0 0 0 0 0.00123417
4 5 0.0660024 0 -1.38512 0 0 0 0 -1.31912
5 6 0.13643 0 0 0 0 0 0 0.13643
6 7 0.0107031 0 -1.17634 0 0 0 0 -1.16564
7 8 3.84058e-06 0 0 0 0 0 0 3.84058e-06
8 9 0.000414812 0 -0.904604 0 0 0 0 -0.904189
9 10 0.00472229 0 -1.26743 0 0 0 0 -1.2627
10 11 0.517929 0 -1.00077 0 0 0 0 -0.482837
11 12 1.15178e-06 0 0 0 0 0 0 1.15178e-06
12 13 0.156324 0 0 0 0 0 0 0.156324
13 14 0.0261162 0 -1.20299 0 0 0 0 -1.17687
14 15 0.00684177 0 0 0 0 0 0 0.00684177
15 16 0.0546128 0 -1.33522 0 0 0 0 -1.2806
16 17 0.049599 0 0 0 0 0 0 0.049599
16 18 0 0 0 0.253354 0 0 0 0.253354
17 18 0.0341851 0 -1.29234 0 0 0 0 -1.25816
18 19 0.0712096 0 0 0 0 0 0 0.0712096
20 21 0.0174339 0 0 0 0 0 0 0.0174339
21 22 0.0170791 0 -0.973133 0 0 0 0 -0.956054
22 23 0.0151652 0 0 0 0 0 0 0.0151652
23 24 0.00649049 0 0 0 0 0 0 0.00649049
24 25 0.0287588 0 -1.06451 0 0 0 0 -1.03575
25 26 0.0282347 0 0 0 0 0 0 0.0282347
26 27 0.011068 0 -1.22548 0 0 0 0 -1.21441
27 28 0.434488 0 -1.21722 0 0 0 0 -0.782734
28 29 0.110537 0 -0 0 0 0 0 0.110537
25 30 0 0 0 0 0 -0.000400115 0 -0.000400115
29 30 0.000894709 0 0 0 0 0 0 0.000894709
30 31 0.13193 0 -1.13185 0 0 0 0 -0.999916
24 32 0 0 0 0.0474771 0 0 0 0.0474771
31 32 0.00936824 0 -0.994638 0 0 0 0 -0.98527
32 33 0.0122026 0 -1.13487 0 0 0 0 -1.12267
33 34 0.0139031 0 -0.742442 0 0 0 0 -0.728539
34 35 0.00863955 0 -1.35648 0 0 0 0 -1.34784
35 36 0.424893 0 0 0 0 0 0 0.424893
36 37 0.0715297 0 -1.0846 0 0 0 0 -1.01307
37 38 0.0264884 0 -1.08293 0 0 0 0 -1.05644
38 39 0.0528618 0 -1.14232 0 0 0 0 -1.08946
40 41 0.00139686 0 0 0 0 0 0 0.00139686
41 42 0.000506687 0 -1.07805 0 0 0 0 -1.07754
42 43 0.0539866 0 0 0 0 0 0 0.0539866
43 44 0.0023981 0 -1.15179 0 0 0 0 -1.14939
44 45 0.00605977 0 -1.26303 0 0 0 0 -1.25697
45 46 0.0017869 0 0 0 0 0 0 0.0017869
46 47 0.0703273 0 -0 0 0 0 0 0.0703273
46 48 0 0 0 0.0189169 0 0 0 0.0189169
47 48 0.00475815 0 0 0 0 0 0 0.00475815
48 49 0.188683 0 0 0 0 0 0 0.188683
49 50 0.0596522 0 0 0 0 0 0 0.0596522
50 51 0.28251 0 0 0 0 0 0 0.28251
51 52 0.000359718 0 -1.1084 0 0 0 0 -1.10805
52 53 0.0694509 0 -0.749151 0 0 0 0 -0.6797
53 54 0.00620675 0 -1.21864 0 0 0 0 -1.21243
54 55 0.000925356 0 -0.853856 0 0 0 0 -0.852931
55 56 0.0321506 0 -1.07247 0 0 0 0 -1.04032
56 57 0.00385116 0 -0.969892 0 0 0 0 -0.966041
57 58 0.119875 0 0 0 0 0 0 0.119875
58 59 0.00788626 0 -0 0 0 0 0 0.00788626
60 61 0.0522681 0 -1.08855 0 0 0 0 -1.03628
61 62 0.00216203 0 -0 0 0 0 0 0.00216203
62 63 0.00905929 0 0 0 0 0 0 0.00905929
63 64 0.00470049 0 -0 0 0 0 0 0.00470049
64 65 0.0111146 0 0 0 0 0 0 0.0111146
65 66 0.00995588 0 -1.28757 0 0 0 0 -1.27761
66 67 0.170879 0 -1.26604 0 0 0 0 -1.09516
67 68 1.95236e-06 0 -1.23035 0 0 0 0 -1.23035
68 69 0.184752 0 -1.3134 0 0 0 0 -1.12864
69 70 0.00249833 0 -1.38055 0 0 0 0 -1.37805
70 71 0.0675166 0 -1.11533 0 0 0 0 -1.04781
71 72 0.0245767 0 -0 0 0 0 0 0.0245767
72 73 0.00521257 0 -1.21967 0 0 0 0 -1.21445
73 74 2.76049e-06 0 0 0 0 0 0 2.76049e-06
74 75 0.0131885 0 -1.40594 0 0 0 0 -1.39275
75 76 0.0510281 0 -1.02388 0 0 0 0 -0.972847
76 77 0.00265611 0 -1.25723 0 0 0 0 -1.25457
77 78 0.14035 0 -1.40836 0 0 0 0 -1.26801
78 79 0.00236014 0 -1.2122 0 0 0 0 -1.20984
80 81 0.0305696 0 -1.42114 0 0 0 0 -1.39057
81 82 0.00277357 0 -0.750133 0 0 0 0 -0.747359
82 83 0.29954 0 -1.17068 0 0 0 0 -0.871141
83 84 0.00284431 0 -0.936439 0 0 0 0 -0.933595
84 85 0.0701971 0 -1.08265 0 0 0 0 -1.01245
85 86 0.0687696 0 -1.29275 0 0 0 0 -1.22398
86 87 0.027214 0 0 0 0 0 0 0.027214
87 88 0.0816798 0 -1.27987 0 0 0 0 -1.19819
88 89 0.0737 0 0 0 0 0 0 0.0737
89 90 0.0300527 0 -0.992943 0 0 0 0 -0.96289
90 91 0.0674688 0 -1.12068 0 0 0 0 -1.05321
91 92 0.00153308 0 -1.37733 0 0 0 0 -1.3758
92 93 0.185922 0 -1.10522 0 0 0 0 -0.919299
93 94 0.14957 0 -0 0 0 0 0 0.14957
94 95 0.023377 0 0 0 0 0 0 0.023377
95 96 0.00119272 0 -1.06395 0 0 0 0 -1.06276
96 97 0.000169909 0 -1.20797 0 0 0 0 -1.2078
97 98 0.00105018 0 -1.093 0 0 0 0 -1.09195
98 99 0.193388 0 0 0 0 0 0 0.193388
100 101 0.00613536 0 0 0 0 0 0 0.00613536
101 102 0.00321945 0 -0.523316 0 0 0 0 -0.520096
102 103 0.0131655 0 0 0 0 0 0 0.0131655
103 104 0.000664837 0 -1.25803 0 0 0 0 -1.25736
104 105 0.150222 0 0 0 0 0 0 0.150222
105 106 0.0044437 0 -1.38919 0 0 0 0 -1.38475
106 107 0.0077336 0 -1.15076 0 0 0 0 -1.14303
107 108 0.0197471 0 -0.875124 0 0 0 0 -0.855377
108 109 0.000370741 0 0 0 0 0 0 0.000370741
109 110 0.236398 0 -0.708984 0 0 0 0 -0.472587
110 111 0.0123689 0 0 0 0 0 0 0.0123689
111 112 0.130832 0 0 0 0 0 0 0.130832
112 113 0.0032006 0 -0.955593 0 0 0 0 -0.952393
113 114 0.0315226 0 -1.22406 0 0 0 0 -1.19254
114 115 0.00953111 0 0 0 0 0 0 0.00953111
115 116 0.0105269 0 0 0 0 0 0 0.0105269
116 117 0.0499855 0 -1.24894 0 0 0 0 -1.19896
117 118 0.00173304 0 -0 0 0 0 0 0.00173304
118 119 0.0281385 0 0 0 0 0 0 0.0281385
120 121 0.00243486 0 0 0 0 0 0 0.00243486
121 122 0.000376048 0 -1.37667 0 0 0 0 -1.37629
122 123 0.0412891 0 -0.835735 0 0 0 0 -0.794446
123 124 0.0142839 0 0 0 0 0 0 0.0142839
124 125 0.0457389 0 0 0 0 0 0 0.0457389
125 126 0.108635 0 -1.31458 0 0 0 0 -1.20595
126 127 0.0181886 0 -1.4454 0 0 0 0 -1.42721
127 128 0.00630991 0 -1.10508 0 0 0 0 -1.09877
128 129 0.0867933 0 -1.11104 0 0 0 0 -1.02424
129 130 0.0590232 0 -1.16007 0 0 0 0 -1.10105
130 131 0.00581571 0 -1.41802 0 0 0 0 -1.4122
124 132 0 0 0 0.165539 0 0 -0 0.165539
131 132 0.0464939 0 0 0 0 0 0 0.0464939
132 133 0.0277616 0 -0 0 0 0 0 0.0277616
133 134 0.00693168 0 -0 0 0 0 0 0.00693168
134 135 9.26566e-06 0 -0 0 0 0 0 9.26566e-06
135 136 0.000394035 0 0 0 0 0 0 0.000394035
136 137 0.0758572 0 0 0 0 0 0 0.0758572
137 138 0.0113862 0 -1.25666 0 0 0 0 -1.24527
138 139 0.0315575 0 -0.910065 0 0 0 0 -0.878508
140 141 0.0719323 0 0 0 0 0 0 0.0719323
141 142 0.160092 0 -1.11339 0 0 0 0 -0.953297
142 143 0.014491 0 -0.954539 0 0 0 0 -0.940048
143 144 0.0557002 0 -1.24529 0 0 0 0 -1.18959
144 145 0.0616233 0 -1.06988 0 0 0 0 -1.00826
145 146 0.00556754 0 0 0 0 0 0 0.00556754
146 147 0.0232428 0 -0.996292 0 0 0 0 -0.973049
147 148 0.0408047 0 -1.23965 0 0 0 0 -1.19885
148 149 0.0293807 0 -1.21026 0 0 0 0 -1.18088
149 150 0.0867035 0 0 0 0 0 0 0.0867035
150 151 0.0509216 0 -1.24937 0 0 0 0 -1.19844
151 152 0.0731859 0 -1.17734 0 0 0 0 -1.10415
152 153 2.29388e-07 0 0 0 0 0 0 2.29388e-07
153 154 0.0752247 0 0 0 0 0 0 0.0752247
154 155 0.00187466 0 -1.33286 0 0 0 0 -1.33099
155 156 0.000102717 0 0 0 0 0 0 0.000102717
156 157 0.0383634 0 0 0 0 0 0 0.0383634
157 158 0.194799 0 0 0 0 0 0 0.194799
158 159 0.122338 0 0 0 0 0 0 0.122338
160 161 0.109173 0 0 0 0 0 0 0.109173
161 162 0.00168511 0 -1.39196 0 0 0 0 -1.39028
162 163 0.149878 0 -1.26286 0 0 0 0 -1.11299
163 164 0.0140998 0 -1.43381 0 0 0 0 -1.41971
164 165 0.126939 0 -1.37764 0 0 0 0 -1.2507
165 166 0.0447253 0 0 0 0 0 0 0.0447253
166 167 0.00791737 0 -1.14854 0 0 0 0 -1.14063
167 168 0.020978 0 -1.29945 0 0 0 0 -1.27847
168 169 0.00546124 0 -0.792357 0 0 0 0 -0.786896
169 170 0.0392774 0 0 0 0 0 0 0.0392774
170 171 0.00393837 0 -1.18634 0 0 0 0 -1.18241
171 172 0.00760302 0 -0.635622 0 0 0 0 -0.628019
172 173 0.041479 0 -1.01276 0 0 0 0 -0.97128
173 174 6.10457e-05 0 0 0 0 0 0 6.10457e-05
174 175 0.00675123 0 -1.17392 0 0 0 0 -1.16717
175 176 0.000563239 0 -1.27518 0 0 0 0 -1.27461
176 177 0.0285512 0 0 0 0 0 0 0.0285512
177 178 0.0328213 0 0 0 0 0 0 0.0328213
178 179 0.0015134 0 0 0 0 0 0 0.0015134
180 181 0.0129697 0 -0.964019 0 0 0 0 -0.95105
181 182 9.23752e-06 0 -1.19803 0 0 0 0 -1.19802
182 183 0.031888 0 0 0 0 0 0 0.031888
183 184 0.0223857 0 -1.43024 0 0 0 0 -1.40786
184 185 0.0130925 0 0 0 0 0 0 0.0130925
185 186 0.00389348 0 -1.29756 0 0 0 0 -1.29366
186 187 0.0277624 0 0 0 0 0 0 0.0277624
187 188 0.0324402 0 -1.31119 0 0 0 0 -1.27875
188 189 0.0099713 0 -1.382 0 0 0 0 -1.37203
189 190 0.000199362 0 0 0 0 0 0 0.000199362
190 191 0.00294967 0 0 0 0 0 0 0.00294967
191 192 0.295719 0 0 0 0 0 0 0.295719
192 193 0.20656 0 -1.22568 0 0 0 0 -1.01912
193 194 0.100832 0 -1.00056 0 0 0 0 -0.899724
194 195 0.134084 0 -1.184 0 0 0 0 -1.04991
195 196 0.00709066 0 -1.14371 0 0 0 0 -1.13662
196 197 2.03523e-06 0 0 0 0 0 0 2.03523e-06
197 198 0.139952 0 -1.06871 0 0 0 0 -0.928754
198 199 0.061778 0 -0.763278 0 0 0 0 -0.7015
200 201 0.170883 0 0 0 0 0 0 0.170883
201 202 0.00216625 0 -1.40562 0 0 0 0 -1.40345
202 203 0.260273 0 -0.946727 0 0 0 0 -0.686454
203 204 0.000308373 0 0 0 0 0 0 0.000308373
204 205 0.0129483 0 0 0 0 0 0 0.0129483
205 206 0.000303606 0 0 0 0 0 0 0.000303606
206 207 0.230674 0 0 0 0 0 0 0.230674
207 208 0.00158041 0 -0.920083 0 0 0 0 -0.918502
208 209 0.0362789 0 0 0 0 0 0 0.0362789
209 210 0.00940088 0 -0.955432 0 0 0 0 -0.946031
210 211 0.0194465 0 -1.08937 0 0 0 0 -1.06993
211 212 0.298888 0 -1.27162 0 0 0 0 -0.972733
212 213 0.0750653 0 -0.993842 0 0 0 0 -0.918777
213 214 0.0357206 0 -1.40198 0 0 0 0 -1.36626
214 215 0.0254019 0 -0 0 0 0 0 0.0254019
215 216 0.0104528 0 0 0 0 0 0 0.0104528
216 217 0.001326 0 -1.06994 0 0 0 0 -1.06861
217 218 0.0458083 0 0 0 0 0 0 0.0458083
218 219 0.20177 0 0 0 0 0 0 0.20177
220 221 0.0227215 0 0 0 0 0 0 0.0227215
221 222 0.00113829 0 -1.26893 0 0 0 0 -1.2678
222 223 0.0262082 0 0 0 0 0 0 0.0262082
223 224 0.0314991 0 -0.945436 0 0 0 0 -0.913937
224 225 5.9223e-08 0 -1.27181 0 0 0 0 -1.27181
225 226 0.162626 0 -1.11745 0 0 0 0 -0.954829
226 227 0.0987438 0 0 0 0 0 0 0.0987438
227 228 0.0149319 0 -1.12838 0 0 0 0 -1.11345
228 229 0.00597366 0 -0.445116 0 0 0 0 -0.439142
229 230 0.00010581 0 -1.11162 0 0 0 0 -1.11151
230 231 0.0374765 0 0 0 0 0 0 0.0374765
231 232 0.15022 0 0 0 0 0 0 0.15022
232 233 0.0490342 0 0 0 0 0 0 0.0490342
233 234 0.00740032 0 -0.806692 0 0 0 0 -0.799291
234 235 0.00234829 0 -0.923614 0 0 0 0 -0.921266
230 236 0 0 0 0.124612 0 0 0 0.124612
235 236 0.00718864 0 0 0 0 0 0 0.00718864
236 237 0.0386995 0 -1.18116 0 0 0 0 -1.14246
237 238 0.0368528 0 -1.34403 0 0 0 0 -1.30718
238 239 0.0296901 0 -1.29009 0 0 0 0 -1.2604
240 241 0.0320007 0 -1.04444 0 0 0 0 -1.01244
241 242 0.0104679 0 0 0 0 0 0 0.0104679
242 243 0.0018563 0 0 0 0 0 0 0.0018563
243 244 0.00454379 0 0 0 0 0 0 0.00454379
244 245 0.0390477 0 -0 0 0 0 0 0.0390477
245 246 0.0291254 0 0 0 0 0 0 0.0291254
246 247 0.0526546 0 -1.06308 0 0 0 0 -1.01043
247 248 0.00638654 0 -1.29968 0 0 0 0 -1.2933
248 249 0.213827 0 0 0 0 0 0 0.213827
249 250 0.00370695 0 -1.40568 0 0 0 0 -1.40197
250 251 0.0514967 0 -0.990686 0 0 0 0 -0.93919
251 252 0.0203687 0 -1.06142 0 0 0 0 -1.04105
252 253 0.00467879 0 0 0 0 0 0 0.00467879
253 254 6.04996e-05 0 -1.1279 0 0 0 0 -1.12784
254 255 0.00572525 0 -0 0 0 0 0 0.00572525
255 256 0.00116894 0 -1.17464 0 0 0 0 -1.17347
256 257 0.0512062 0 -0.31458 0 0 0 0 -0.263374
257 258 0.0211989 0 -1.13514 0 0 0 0 -1.11394
258 259 0.0064734 0 -0 0 0 0 0 0.0064734
260 261 0.04204 0 0 0 0 0 0 0.04204
261 262 0.00211553 0 -1.30637 0 0 0 0 -1.30425
262 263 0.0952264 0 -1.28348 0 0 0 0 -1.18825
263 264 0.16168 0 -1.39386 0 0 0 0 -1.23218
264 265 0.00925026 0 -0.233484 0 0 0 0 -0.224234
265 266 0.0307892 0 -1.08791 0 0 0 0 -1.05712
266 267 0.00246548 0 -1.18189 0 0 0 0 -1.17943
267 268 0.0469795 0 0 0 0 0 0 0.0469795
268 269 0.034763 0 0 0 0 0 0 0.034763
269 270 0.0501007 0 0 0 0 0 0 0.0501007
270 271 0.0283548 0 -0.851874 0 0 0 0 -0.823519
271 272 0.0331675 0 0 0 0 0 0 0.0331675
272 273 0.0128728 0 -0.70697 0 0 0 0 -0.694097
273 274 0.0853221 0 0 0 0 0 0 0.0853221
274 275 0.00950675 0 0 0 0 0 0 0.00950675
275 276 0.14332 0 0 0 0 0 0 0.14332
276 277 0.0103225 0 0 0 0 0 0 0.0103225
277 278 0.00357524 0 -0.976162 0 0 0 0 -0.972586
278 279 0.0494603 0 -1.13604 0 0 0 0 -1.08658
280 281 0.012773 0 -1.35469 0 0 0 0 -1.34192
281 282 0.0103907 0 -0 0 0 0 0 0.0103907
282 283 0.0260977 0 0 0 0 0 0 0.0260977
283 284 0.00818353 0 -1.07899 0 0 0 0 -1.07081
284 285 7.30953e-05 0 -1.0549 0 0 0 0 -1.05483
285 286 0.0423459 0 -1.17305 0 0 0 0 -1.13071
286 287 0.00757882 0 -1.21327 0 0 0 0 -1.20569
287 288 0.0884689 0 -1.3258 0 0 0 0 -1.23733
288 289 0.0240174 0 -1.31348 0 0 0 0 -1.28947
289 290 4.19804e-05 0 -1.32783 0 0 0 0 -1.32778
290 291 0.0579941 0 -0.000105692 0 0 0 0 0.0578884
291 292 0.06338 0 -1.16741 0 0 0 0 -1.10403
292 293 0.010272 0 -1.33069 0 0 0 0 -1.32042
293 294 0.0299616 0 -1.36525 0 0 0 0 -1.33529
294 295 0.00142413 0 -1.38277 0 0 0 0 -1.38135
295 296 0.0815614 0 0 0 0 0 0 0.0815614
296 297 0.00017612 0 0 0 0 0 0 0.00017612
297 298 0.00394413 0 -1.17882 0 0 0 0 -1.17488
298 299 0.200317 0 -1.40038 0 0 0 0 -1.20006
300 301 2.3471e-06 0 0 0 0 0 0 2.3471e-06
301 302 0.0152389 0 -1.37977 0 0 0 0 -1.36453
302 303 0.171101 0 -1.21284 0 0 0 0 -1.04174
303 304 0.0160595 0 -0.988481 0 0 0 0 -0.972422
304 305 0.0168291 0 0 0 0 0 0 0.0168291
305 306 0.0256562 0 -0 0 0 0 0 0.0256562
306 307 0.239398 0 0 0 0 0 0 0.239398
307 308 0.00194552 0 -0.225416 0 0 0 0 -0.223471
308 309 0.00674466 0 -0.763655 0 0 0 0 -0.75691
309 310 0.000608062 0 0 0 0 0 0 0.000608062
310 311 0.119128 0 -1.22986 0 0 0 0 -1.11073
311 312 0.00181997 0 0 0 0 0 0 0.00181997
312 313 0.00040182 0 -1.19434 0 0 0 0 -1.19393
313 314 0.156319 0 -1.26082 0 0 0 0 -1.1045
314 315 0.014602 0 -1.29828 0 0 0 0 -1.28367
315 316 0.0485563 0 -1.01693 0 0 0 0 -0.968378
316 317 0.0401568 0 -0.775009 0 0 0 0 -0.734852
317 318 0.312229 0 0 0 0 0 0 0.312229
318 319 0.00204578 0 0 0 0 0 0 0.00204578
320 321 0.0160511 0 0 0 0 0 0 0.0160511
321 322 0.00125289 0 -1.24813 0 0 0 0 -1.24687
322 323 0.013214 0 -1.39037 0 0 0 0 -1.37716
323 324 0.0964218 0 -0.521458 0 0 0 0 -0.425036
324 325 0.0167636 0 0 0 0 0 0 0.0167636
325 326 0.000289984 0 -1.31205 0 0 0 0 -1.31176
326 327 0.0291422 0 -1.35927 0 0 0 0 -1.33013
327 328 0.107276 0 -1.15673 0 0 0 0 -1.04946
328 329 0.00569977 0 -1.22735 0 0 0 0 -1.22165
329 330 0.0537368 0 -1.13829 0 0 0 0 -1.08455
330 331 0.0156907 0 0 0 0 0 0 0.0156907
331 332 0.00517578 0 -1.32645 0 0 0 0 -1.32127
332 333 0.0271489 0 0 0 0 0 0 0.0271489
333 334 0.193331 0 -0.764582 0 0 0 0 -0.571251
334 335 0.291609 0 -1.24235 0 0 0 0 -0.950745
335 336 0.0550742 0 -0.727831 0 0 0 0 -0.672757
336 337 0.0411976 0 0 0 0 0 0 0.0411976
337 338 0.00119014 0 0 0 0 0 0 0.00119014
338 339 0.271876 0 -0 0 0 0 0 0.271876
340 341 0.0275953 0 -1.14587 0 0 0 0 -1.11828
341 342 0.067403 0 -1.44589 0 0 0 0 -1.37848
342 343 0.00488693 0 0 0 0 0 0 0.00488693
343 344 0.0131112 0 -1.30718 0 0 0 0 -1.29407
344 345 0.0187274 0 0 0 0 0 0 0.0187274
345 346 0.00163417 0 0 0 0 0 0 0.00163417
346 347 0.0692644 0 0 0 0 0 0 0.0692644
347 348 0.0317491 0 0 0 0 0 0 0.0317491
348 349 7.68375e-05 0 -0.423638 0 0 0 0 -0.423562
349 350 0.172074 0 -1.14845 0 0 0 0 -0.976376
350 351 0.00102851 0 0 0 0 0 0 0.00102851
351 352 0.00183446 0 -1.12936 0 0 0 0 -1.12752
352 353 0.123119 0 -1.35824 0 0 0 0 -1.23512
353 354 0.0683716 0 -1.20305 0 0 0 0 -1.13468
354 355 0.0219761 0 -1.45529 0 0 0 0 -1.43331
355 356 0.154565 0 -1.09801 0 0 0 0 -0.943442
356 357 0.0152347 0 -1.14666 0 0 0 0 -1.13143
357 358 0.109783 0 0 0 0 0 0 0.109783
358 359 0.00469547 0 0 0 0 0 0 0.00469547
360 361 0.0237242 0 0 0 0 0 0 0.0237242
361 362 0.00040637 0 0 0 0 0 0 0.00040637
362 363 0.000338512 0 0 0 0 0 0 0.000338512
363 364 0.0747214 0 0 0 0 0 0 0.0747214
364 365 0.0273518 0 -0 0 0 0 0 0.0273518
365 366 0.0441611 0 -1.03935 0 0 0 0 -0.99519
366 367 6.21666e-05 0 0 0 0 0 0 6.21666e-05
367 368 0.138445 0 -0 0 0 0 0 0.138445
368 369 0.110334 0 -0.861312 0 0 0 0 -0.750978
369 370 0.069319 0 -0 0 0 0 0 0.069319
370 371 0.0251823 0 0 0 0 0 0 0.0251823
371 372 0.0150157 0 -0.955237 0 0 0 0 -0.940222
372 373 0.0980989 0 0 0 0 0 0 0.0980989
373 374 0.00545691 0 0 0 0 0 0 0.00545691
374 375 0.145695 0 0 0 0 0 0 0.145695
375 376 0.0151924 0 -0.872119 0 0 0 0 -0.856926
376 377 0.0829999 0 0 0 0 0 0 0.0829999
377 378 0.0146731 0 0 0 0 0 0 0.0146731
378 379 0.0105 0 -1.17709 0 0 0 0 -1.16659
380 381 0.126965 0 -0.942478 0 0 0 0 -0.815513
381 382 0.0181863 0 -1.19195 0 0 0 0 -1.17376
382 383 0.0110751 0 -1.11195 0 0 0 0 -1.10087
383 384 0.0716036 0 -0 0 0 0 0 0.0716036
384 385 0.0302044 0 -1.41839 0 0 0 0 -1.38818
385 386 0.0411482 0 -1.28101 0 0 0 0 -1.23986
386 387 0.0288256 0 -1.27274 0 0 0 0 -1.24392
387 388 0.000328257 0 -1.38024 0 0 0 0 -1.37991
388 389 0.00382665 0 0 0 0 0 0 0.00382665
389 390 0.000205873 0 0 0 0 0 0 0.000205873
390 391 0.00858539 0 -1.13806 0 0 0 0 -1.12947
391 392 0.00150754 0 0 0 0 0 0 0.00150754
392 393 0.156657 0 -1.03395 0 0 0 0 -0.877294
393 394 0.000158549 0 -0.968093 0 0 0 0 -0.967934
394 395 0.0286682 0 -1.09944 0 0 0 0 -1.07077
395 396 0.0125251 0 -0.527802 0 0 0 0 -0.515276
396 397 0.0531585 0 -1.22436 0 0 0 0 -1.17121
397 398 0.000695578 0 -0.636726 0 0 0 0 -0.63603
398 399 0.0697812 0 -0.829088 0 0 0 0 -0.759307
400 401 0.0119909 0 0 0 0 0 0 0.0119909
401 402 0.0768831 0 -1.19316 0 0 0 0 -1.11628
401 403 0 0 0 0.250705 0 0 0 0.250705
402 403 0.0123466 0 0 0 0 0 0 0.0123466
403 404 0.0167653 0 -1.30269 0 0 0 0 -1.28593
404 405 0.000347478 0 -1.19172 0 0 0 0 -1.19137
405 406 0.0626579 0 0 0 0 0 0 0.0626579
406 407 0.000945082 0 -1.239 0 0 0 0 -1.23805
407 408 0.00134522 0 -1.1267 0 0 0 0 -1.12535
408 409 0.0445705 0 -1.44944 0 0 0 0 -1.40487
409 410 0.00261778 0 -0.851732 0 0 0 0 -0.849114
410 411 0.129272 0 0 0 0 0 0 0.129272
411 412 0.0533747 0 -1.2755 0 0 0 0 -1.22213
412 413 0.134503 0 -1.31891 0 0 0 0 -1.1844
413 414 0.0120525 0 -1.27498 0 0 0 0 -1.26293
414 415 0.0186317 0 -1.02948 0 0 0 0 -1.01085
415 416 0.173459 0 -0.960658 0 0 0 0 -0.787199
416 417 0.0137359 0 -1.16627 0 0 0 0 -1.15253
417 418 0.00974343 0 -0 0 0 0 0 0.00974343
418 419 0.0331915 0 -1.21349 0 0 0 0 -1.1803
420 421 0.111221 0 -0.522142 0 0 0 0 -0.410921
421 422 0.00308468 0 -1.32339 0 0 0 0 -1.32031
422 423 0.0113918 0 -1.1868 0 0 0 0 -1.1754
423 424 0.249195 0 0 0 0 0 0 0.249195
424 425 0.000352024 0 0 0 0 0 0 0.000352024
425 426 0.00305268 0 0 0 0 0 0 0.00305268
426 427 0.00662149 0 -0 0 0 0 0 0.00662149
427 428 0.258302 0 0 0 0 0 0 0.258302
428 429 0.00879421 0 -1.06877 0 0 0 0 -1.05998
429 430 0.0837673 0 -1.27145 0 0 0 0 -1.18768
430 431 0.0658472 0 -1.26238 0 0 0 0 -1.19653
431 432 0.107493 0 -1.33941 0 0 0 0 -1.23192
432 433 0.0217772 0 0 0 0 0 0 0.0217772
433 434 0.0233297 0 -0.934863 0 0 0 0 -0.911534
434 435 0.0320036 0 -1.27178 0 0 0 0 -1.23978
435 436 0.24774 0 -1.17524 0 0 0 0 -0.927501
436 437 0.12879 0 0 0 0 0 0 0.12879
437 438 0.0465036 0 0 0 0 0 0 0.0465036
438 439 0.0447936 0 -0.923286 0 0 0 0 -0.878492
440 441 0.256201 0 -1.23692 0 0 0 0 -0.980718
441 442 0.014318 0 0 0 0 0 0 0.014318
442 443 0.0344432 0 -0 0 0 0 0 0.0344432
443 444 0.0549854 0 0 0 0 0 0 0.0549854
444 445 0.0953031 0 -1.13486 0 0 0 0 -1.03956
445 446 0.049519 0 0 0 0 0 0 0.049519
446 447 0.0169556 0 0 0 0 0 0 0.0169556
447 448 0.187719 0 0 0 0 0 0 0.187719
448 449 0.0188701 0 -1.04871 0 0 0 0 -1.02984
449 450 0.0199113 0 0 0 0 0 0 0.0199113
450 451 0.0012438 0 0 0 0 0 0 0.0012438
451 452 0.00649484 0 0 0 0 0 0 0.00649484
452 453 0.204877 0.0224528 -0.58521 0 0 0 0 -0.35788
453 454 0.0524184 0 -0.854863 0 0 0 0 -0.802445
454 455 0.0357262 0 0 0 0 0 0 0.0357262
455 456 0.433849 0 -1.07184 0 0 0 0 -0.637989
456 457 0.0951556 0 0 0 0 0 0 0.0951556
457 458 0.0172197 0 -0.994011 0 0 0 0 -0.976791
458 459 0.0802974 0 -1.40356 0 0 0 0 -1.32327
460 461 0.0113796 0 -0.879935 0 0 0 0 -0.868555
461 462 0.0766161 0 -1.06939 0 0 0 0 -0.992774
462 463 0.0248405 0 -0.96206 0 0 0 0 -0.937219
463 464 0.0571715 0 0 0 0 0 0 0.0571715
464 465 0.0383167 0 -1.16526 0 0 0 0 -1.12694
465 466 1.63265e-05 0 0 0 0 0 0 1.63265e-05
466 467 0.0125322 0 -1.38515 0 0 0 0 -1.37262
467 468 0.0394437 0 -0.907448 0 0 0 0 -0.868004
468 469 0.000460753 0 -0 0 0 0 0 0.000460753
469 470 0.00502456 0 0 0 0 0 0 0.00502456
470 471 0.0307485 0 0 0 0 0 0 0.0307485
471 472 0.00136544 0 -1.41869 0 0 0 0 -1.41733
472 473 0.00368303 0 -1.22548 0 0 0 0 -1.2218
473 474 0.03192 0 0 0 0 0 0 0.03192
474 475 0.0747809 0 0 0 0 0 0 0.0747809
475 476 0.0348877 0 -1.16888 0 0 0 0 -1.13399
476 477 0.0779447 0 0 0 0 0 0 0.0779447
477 478 0.197793 0 -1.27483 0 0 0 0 -1.07704
478 479 0.0606926 0 0 0 0 0 0 0.0606926
480 481 0.0452435 0 -0.894278 0 0 0 0 -0.849034
481 482 0.149498 0 -1.15849 0 0 0 0 -1.00899
482 483 0.0996519 0 0 0 0 0 0 0.0996519
483 484 0.0279571 0 0 0 0 0 0 0.0279571
484 485 0.0208259 0 0 0 0 0 0 0.0208259
485 486 0.0110521 0 0 0 0 0 0 0.0110521
486 487 0.0258908 0 -1.40287 0 0 0 0 -1.37698
487 488 0.0407512 0 0 0 0 0 0 0.0407512
488 489 0.0029459 0 -1.34622 0 0 0 0 -1.34328
489 490 0.053795 0 -1.11525 0 0 0 0 -1.06146
490 491 0.210455 0 -1.3347 0 0 0 0 -1.12424
491 492 0.00219804 0 -1.38892 0 0 0 0 -1.38672
492 493 0.110539 0 -1.13367 0 0 0 0 -1.02313
493 494 0.0152972 0 -1.26652 0 0 0 0 -1.25122
494 495 6.8827e-08 0 0 0 0 0 0 6.8827e-08
495 496 0.0698897 0 -0.742647 0 0 0 0 -0.672758
496 497 0.0146654 0 -0.944069 0 0 0 0 -0.929404
497 498 0.167461 0 -0.903379 0 0 0 0 -0.735918
498 499 0.10392 0 0 0 0 0 0 0.10392
500 501 0.105161 0 0 0 0 0 0 0.105161
501 502 0.00167694 0 -1.09147 0 0 0 0 -1.0898
502 503 0.00748279 0 0 0 0 0 0 0.00748279
503 504 0.07758 0 -1.02233 0 0 0 0 -0.944748
504 505 0.000155475 0 -1.23852 0 0 0 0 -1.23837
505 506 0.0254513 0 0 0 0 0 0 0.0254513
506 507 0.00166033 0 -0.930499 0 0 0 0 -0.928839
507 508 0.0395084 0 -0.855629 0 0 0 0 -0.816121
508 509 0.0512623 0 -0.595633 0 0 0 0 -0.54437
509 510 0.00340664 0 -0.966045 0 0 0 0 -0.962638
510 511 0.000418824 0 -1.35583 0 0 0 0 -1.35541
511 512 0.0886091 0 0 0 0 0 0 0.0886091
512 513 0.0245591 0 -1.2539 0 0 0 0 -1.22934
513 514 0.0641764 0 -1.29002 0 0 0 0 -1.22584
514 515 0.0197376 0 0 0 0 0 0 0.0197376
515 516 0.119259 0 0 0 0 0 0 0.119259
516 517 0.0338135 0 0 0 0 0 0 0.0338135
517 518 0.155785 0 -0 0 0 0 0 0.155785
518 519 0.150673 0 -0 0 0 0 0 0.150673
520 521 0.0266373 0 0 0 0 0 0 0.0266373
521 522 0.00128783 0 -1.19705 0 0 0 0 -1.19576
522 523 0.0340029 0 -1.35748 0 0 0 0 -1.32348
523 524 0.00060229 0 -1.21709 0 0 0 0 -1.21649
524 525 0.0983492 0 -1.08703 0 0 0 0 -0.988684
525 526 0.00285592 0 -1.22528 0 0 0 0 -1.22243
526 527 0.14997 0 0 0 0 0 0 0.14997
527 528 0.011854 0 -0.112363 0 0 0 0 -0.100509
528 529 0.0582632 0 -1.37536 0 0 0 0 -1.31709
529 530 0.0381603 0 0 0 0 0 0 0.0381603
530 531 0.0068175 0 -0.969717 0 0 0 0 -0.962899
531 532 0.0104057 0 -0.719038 0 0 0 0 -0.708632
532 533 9.78971e-05 0 0 0 0 0 0 9.78971e-05
533 534 0.0534856 0 -1.17039 0 0 0 0 -1.11691
534 535 0.165553 0 -1.20597 0 0 0 0 -1.04041
535 536 0.000373769 0.00460818 0 0 0 0 0 0.00498195
536 537 0.0422733 0 -1.3048 0 0 0 0 -1.26253
537 538 0.00539188 0 0 0 0 0 0 0.00539188
538 539 0.155606 0 0 0 0 0 0 0.155606
540 541 0.0518612 0 -0.97086 0 0 0 0 -0.918999
541 542 0.0236665 0 0 0 0 0 0 0.0236665
542 543 0.0134771 0 0 0 0 0 0 0.0134771
543 544 0.00345459 0 -1.07167 0 0 0 0 -1.06821
544 545 0.00188111 0 0 0 0 0 0 0.00188111
545 546 0.00351872 0 -1.06656 0 0 0 0 -1.06304
546 547 0.0997229 0 -1.43082 0 0 0 0 -1.3311
547 548 0.00203764 0 -0.50776 0 0 0 0 -0.505723
548 549 0.015353 0 -0.920006 0 0 0 0 -0.904653
549 550 0.0130367 0 -1.06193 0 0 0 0 -1.04889
550 551 0.0523183 0 -1.14839 0 0 0 0 -1.09607
551 552 0.0477834 0 0 0 0 0 0 0.0477834
552 553 0.00203297 0 -0 0 0 0 0 0.00203297
553 554 0.0155621 0 -1.27086 0 0 0 0 -1.2553
554 555 0.0594916 0 -1.36582 0 0 0 0 -1.30633
555 556 0.0431484 0 0 0 0 0 0 0.0431484
556 557 0.0547466 0 -1.30432 0 0 0 0 -1.24957
557 558 0.0398134 0 -0.797832 0 0 0 0 -0.758019
558 559 0.0149206 0 -1.06729 0 0 0 0 -1.05237
560 561 0.0875203 0 -1.39823 0 0 0 0 -1.31071
561 562 0.252783 0 -1.3477 0 0 0 0 -1.09492
562 563 0.0490788 0 -1.29399 0 0 0 0 -1.24491
563 564 0.0228358 0 0 0 0 0 0 0.0228358
564 565 0.0127902 0 0 0 0 0 0 0.0127902
565 566 0.0163235 0 0 0 0 0 0 0.0163235
566 567 0.0795031 0 -1.27937 0 0 0 0 -1.19986
567 568 0.00025914 0 -1.41492 0 0 0 0 -1.41466
568 569 0.0160985 0 0 0 0 0 0 0.0160985
569 570 0.00189381 0 -1.16202 0 0 0 0 -1.16013
570 571 0.0154539 0 -0.939254 0 0 0 0 -0.923801
571 572 0.0452343 0 0 0 0 0 0 0.0452343
566 573 0 0 0 0 -0 -0.0210617 -0 -0.0210617
572 573 0.14063 0 0 0 0 0 0 0.14063
567 574 0 0 0 0 0 -0 -2.6513e-15 -2.6513e-15
573 574 0.0991441 0 -1.13689 0 0 0 0 -1.03775
574 575 0.00730165 0 0 0 0 0 0 0.00730165
575 576 1.13328e-05 0 -1.21264 0 0 0 0 -1.21263
576 577 0.0684549 0 0 0 0 0 0 0.0684549
577 578 0.0158318 0 0 0 0 0 0 0.0158318
578 579 0.0600291 0 0 0 0 0 0 0.0600291
580 581 0.0727137 0 -1.21079 0 0 0 0 -1.13808
581 582 1.04724e-05 0 -1.2413 0 0 0 0 -1.24129
582 583 0.0396759 0 -1.04056 0 0 0 0 -1.00088
583 584 0.089221 0 0 0 0 0 0 0.089221
584 585 4.36491e-05 0 -1.14151 0 0 0 0 -1.14146
585 586 0.0461127 0 -0.0493064 0 0 0 0 -0.00319369
586 587 0.00882932 0 -0.588934 0 0 0 0 -0.580104
587 588 0.0151148 0 -1.33088 0 0 0 0 -1.31577
588 589 4.53757e-05 0 -1.27205 0 0 0 0 -1.272
589 590 0.0319243 0 -1.26363 0 0 0 0 -1.2317
590 591 0.0724809 0 0 0 0 0 0 0.0724809
591 592 0.00149859 0 -0.917125 0 0 0 0 -0.915626
592 593 0.00198981 0 0 0 0 0 0 0.00198981
593 594 0.0164997 0 -1.16041 0 0 0 0 -1.14391
594 595 0.174803 0 0 0 0 0 0 0.174803
595 596 0.0646006 0 0 0 0 0 0 0.0646006
596 597 0.0120263 0 0 0 0 0 0 0.0120263
597 598 0.208446 0 0 0 0 0 0 0.208446
598 599 0.0428259 0 -0 0 0 0 0 0.0428259
600 601 0.0437445 0 -0.000255319 0 0 0 0 0.0434892
601 602 0.0153172 0 0 0 0 0 0 0.0153172
602 603 0.389096 0 -1.14971 0 0 0 0 -0.760618
603 604 0.0561491 0 0 0 0 0 0 0.0561491
604 605 0.00931028 0 -1.33804 0 0 0 0 -1.32873
605 606 0.0977091 0 -1.39717 0 0 0 0 -1.29946
606 607 0.220555 0 0 0 0 0 0 0.220555
607 608 0.00250363 0 -0 0 0 0 0 0.00250363
607 609 0 0 0 0 0 -0 -0.00172674 -0.00172674
608 609 0.0271538 0 0 0 0 0 0 0.0271538
609 610 0.0286882 0 -1.24475 0 0 0 0 -1.21606
610 611 8.81289e-05 0 0 0 0 0 0 8.81289e-05
611 612 0.00475945 0 0 0 0 0 0 0.00475945
612 613 0.00124725 0 0 0 0 0 0 0.00124725
613 614 1.85086e-05 0 -1.25961 0 0 0 0 -1.25959
614 615 0.0231184 0 -0.621767 0 0 0 0 -0.598649
615 616 0.0714055 0 0 0 0 0 0 0.0714055
616 617 0.0237081 0 -1.03523 0 0 0 0 -1.01153
617 618 0.000713037 0 -0.617332 0 0 0 0 -0.616619
618 619 0.00660784 0 -0.604367 0 0 0 0 -0.597759
620 621 0.00652708 0 -1.11044 0 0 0 0 -1.10391
621 622 0.00532896 0 -1.41603 0 0 0 0 -1.4107
622 623 0.00662837 0 0 0 0 0 0 0.00662837
623 624 0.0753522 0 -0.91743 0 0 0 0 -0.842078
624 625 0.0197975 0 0 0 0 0 0 0.0197975
625 626 0.0584194 0 0 0 0 0 0 0.0584194
626 627 0.047177 0 -1.375 0 0 0 0 -1.32782
627 628 0.0074982 0 -1.41503 0 0 0 0 -1.40754
628 629 0.0204999 0 -1.1672 0 0 0 0 -1.1467
629 630 0.0289223 0 -0.934095 0 0 0 0 -0.905172
630 631 0.013096 0 -1.19094 0 0 0 0 -1.17784
631 632 0.0219353 0 -1.40158 0 0 0 0 -1.37965
632 633 0.049959 0 0 0 0 0 0 0.049959
633 634 0.00797158 0 0 0 0 0 0 0.00797158
634 635 0.0039775 0 -0.547569 0 0 0 0 -0.543592
635 636 0.0265376 0 0 0 0 0 0 0.0265376
636 637 0.250446 0 -0.997394 0 0 0 0 -0.746948
637 638 0.421845 0 0 0 0 0 0 0.421845
635 639 0 0 0 0 -0 -0.00237377 0 -0.00237377
638 639 0.596055 0 0 0 0 0 0 0.596055
640 641 0.037231 0 -0.944999 0 0 0 0 -0.907768
641 642 0.0825944 0 -1.28144 0 0 0 0 -1.19885
642 643 0.00692848 0 -1.38178 0 0 0 0 -1.37485
643 644 0.00117758 0 0 0 0 0 0 0.00117758
644 645 0.0339431 0 -0 0 0 0 0 0.0339431
645 646 9.91742e-05 0 -1.1879 0 0 0 0 -1.18781
646 647 0.251539 0 -1.31919 0 0 0 0 -1.06765
647 648 0.0383729 0 0 0 0 0 0 0.0383729
648 649 0.0121321 0 0 0 0 0 0 0.0121321
649 650 0.270311 0 -1.2107 0 0 0 0 -0.940389
650 651 0.000672179 0 -1.05592 0 0 0 0 -1.05525
651 652 0.00629674 0 0 0 0 0 0 0.00629674
652 653 0.0443996 0 0 0 0 0 0 0.0443996
653 654 0.0124099 0 -1.42312 0 0 0 0 -1.41071
654 655 0.03016 0 -1.24012 0 0 0 0 -1.20996
655 656 0.0797292 0 -1.40196 0 0 0 0 -1.32223
656 657 0.0266728 0 -1.25134 0 0 0 0 -1.22467
657 658 0.0353955 0 -1.31932 0 0 0 0 -1.28392
658 659 0.278766 0 -1.08277 0 0 0 0 -0.804007
660 661 1.88229e-06 0 -1.33153 0 0 0 0 -1.33153
661 662 0.00038619 0 -1.03395 0 0 0 0 -1.03356
662 663 0.0420351 0 -0.932775 0 0 0 0 -0.89074
663 664 0.0308797 0 -1.26161 0 0 0 0 -1.23073
664 665 0.00157659 0 -0.605945 0 0 0 0 -0.604369
665 666 0.00112027 0 -1.02249 0 0 0 0 -1.02137
666 667 0.0552116 0 -0 0 0 0 0 0.0552116
665 668 0 0 0 0 0 -0.000107909 -0 -0.000107909
663 668 0 0 0 0 -0 -0.16525 0 -0.16525
667 668 0.00488619 0 0 0 0 0 0 0.00488619
664 669 0 0 0 0 0 -0.148435 -0 -0.148435
663 669 0 0 0 0 -0.757044 0 -0 -0.757044
662 669 0 0 0 0 0 -0.101411 0 -0.101411
668 669 3.96266e-07 0 -1.41443 0 0 0 0 -1.41443
663 670 0 0 0 0 0 -0.193464 0 -0.193464
662 670 0 0 0 0 -0.608126 0 -0 -0.608126
661 670 0 0 0 0 0 -0.0133934 -0 -0.0133934
669 670 0.000337734 0 -1.27413 0 0 0 0 -1.27379
662 671 0 0 0 0 0 -0.180625 0 -0.180625
661 671 0 0 0 0 -0.5931 0 -0 -0.5931
660 671 0 0 0 0 0 -0.056951 0 -0.056951
670 671 0.160118 0 -1.28065 0 0 0 0 -1.12053
661 672 0 0 0 0 0 -0.154316 0 -0.154316
660 672 0 0 0 0 -0.485973 0 -0 -0.485973
671 672 0.000214104 0 -1.18368 0 0 0 0 -1.18346
660 673 0 0 0 0 -0 -0.00404122 0 -0.00404122
672 673 0.125955 0 -1.2518 0 0 0 0 -1.12585
673 674 0.0150226 0 -0.814244 0 0 0 0 -0.799221
674 675 0.0125707 0 -1.00374 0 0 0 0 -0.991171
675 676 3.43895e-05 0 -1.37826 0 0 0 0 -1.37823
676 677 0.00905093 0 -0.984356 0 0 0 0 -0.975305
677 678 0.0198174 0 -1.08202 0 0 0 0 -1.0622
678 679 0.00374135 0 0 0 0 0 0 0.00374135
680 681 0.000556389 0 0 0 0 0 0 0.000556389
681 682 0.0159937 0 0 0 0 0 0 0.0159937
682 683 0.0015931 0 0 0 0 0 0 0.0015931
682 684 0 0 0 0.00231377 0 0 0 0.00231377
683 684 0.133657 0 -1.11176 0 0 0 0 -0.978103
684 685 0.00839236 0 -1.0273 0 0 0 0 -1.0189
685 686 0.0108224 0 -0.758848 0 0 0 0 -0.748026
686 687 0.115975 0 -1.41717 0 0 0 0 -1.3012
687 688 0.024033 0 0 0 0 0 0 0.024033
688 689 0.10403 0 0 0 0 0 0 0.10403
689 690 0.029088 0 -1.22933 0 0 0 0 -1.20024
690 691 0.0358111 0 -1.04562 0 0 0 0 -1.0098
691 692 0.00313236 0 0 0 0 0 0 0.00313236
692 693 0.0164163 0 -0 0 0 0 0 0.0164163
693 694 0.000449448 0 -1.23285 0 0 0 0 -1.2324
694 695 0.0487857 0 -1.17866 0 0 0 0 -1.12988
695 696 0.00560029 0 0 0 0 0 0 0.00560029
696 697 0.00100973 0 -1.32255 0 0 0 0 -1.32154
697 698 0.00168122 0 0 0 0 0 0 0.00168122
698 699 0.099732 0 0 0 0 0 0 0.099732
700 701 0.128725 0 -0.907992 0 0 0 0 -0.779267
701 702 0.00461306 0 0 0 0 0 0 0.00461306
702 703 0.0091108 0 0 0 0 0 0 0.0091108
703 704 0.000124308 0 0 0 0 0 0 0.000124308
704 705 0.187805 0 0 0 0 0 0 0.187805
705 706 0.000907351 0 -1.38137 0 0 0 0 -1.38046
706 707 0.335165 0 -0.116511 0 0 0 0 0.218654
707 708 0.00371833 0 0 0 0 0 0 0.00371833
708 709 0.00992466 0 0 0 0 0 0 0.00992466
709 710 0.0289153 0 -1.27088 0 0 0 0 -1.24197
710 711 0.511789 0 -1.31028 0 0 0 0 -0.798487
711 712 0.0130661 0 -1.12237 0 0 0 0 -1.10931
712 713 0.251171 0 -1.38696 0 0 0 0 -1.13579
713 714 0.000134671 0 0 0 0 0 0 0.000134671
714 715 0.0245214 0 0 0 0 0 0 0.0245214
715 716 0.0864789 0 0 0 0 0 0 0.0864789
710 717 0 0 0 0 -0 -0.0538497 0 -0.0538497
716 717 0.0290638 0 0 0 0 0 0 0.0290638
711 718 0 0 0 0 0 -0.0126156 -0 -0.0126156
710 718 0 0 0 0 -0.562591 0 -0 -0.562591
709 718 0 0 0 0 0 -0.0169568 0 -0.0169568
717 718 0.00195627 0 -1.29031 0 0 0 0 -1.28835
710 719 0 0 0 0 0 -0.104251 0 -0.104251
709 719 0 0 0 0 0 -0.00527996 -0 -0.00527996
718 719 0.00519926 0 -1.17716 0 0 0 0 -1.17196
720 721 0.0350089 0 -0.00258996 0 0 0 0 0.032419
721 722 0.00313408 0 -0.359558 0 0 0 0 -0.356423
722 723 0.0222386 0 -1.11508 0 0 0 0 -1.09284
723 724 0.0198369 0 0 0 0 0 0 0.0198369
724 725 0.034438 0 -1.2024 0 0 0 0 -1.16796
725 726 0.16466 0 -0.585585 0 0 0 0 -0.420924
726 727 0.0220122 0 -0.0148469 0 0 0 0 0.00716523
727 728 0.000461999 0 -1.03751 0 0 0 0 -1.03704
728 729 0.0496972 0 -1.18707 0 0 0 0 -1.13738
729 730 0.116152 0 -1.0768 0 0 0 0 -0.960651
730 731 0.193835 0 0 0 0 0 0 0.193835
731 732 0.150255 0 -0 0 0 0 0 0.150255
728 733 0 0 0 0 0 -0.0401892 -0 -0.0401892
732 733 0.00461066 0 0 0 0 0 0 0.00461066
729 734 0 0 0 0 0 -1.55593e-07 0 -1.55593e-07
728 734 0 0 0 0 0 -0.0313555 0 -0.0313555
733 734 0.0808766 0 -1.34236 0 0 0 0 -1.26148
734 735 0.0967522 0 0 0 0 0 0 0.0967522
735 736 0.0118745 0 0 0 0 0 0 0.0118745
736 737 0.00629815 0 -0.800346 0 0 0 0 -0.794047
737 738 0.0313701 0 0 0 0 0 0 0.0313701
738 739 0.00501269 0 -0.420338 0 0 0 0 -0.415326
740 741 0.0428503 0 -1.35069 0 0 0 0 -1.30784
741 742 0.336101 0 0 0 0 0 0 0.336101
742 743 0.282728 0 -1.08313 0 0 0 0 -0.800399
743 744 0.0114437 0 0 0 0 0 0 0.0114437
744 745 0.000490487 0 -1.3677 0 0 0 0 -1.36721
745 746 0.000779045 0 -1.2998 0 0 0 0 -1.29902
746 747 0.0280369 0 -1.34953 0 0 0 0 -1.32149
747 748 0.150364 0 -1.28871 0 0 0 0 -1.13835
748 749 0.0824128 0 0 0 0 0 0 0.0824128
749 750 0.295901 0 -1.25535 0 0 0 0 -0.959448
750 751 0.129037 0 0 0 0 0 0 0.129037
751 752 0.0981481 0 0 0 0 0 0 0.0981481
752 753 0.210858 0 -1.20237 0 0 0 0 -0.991509
753 754 0.0117875 0 -1.24438 0 0 0 0 -1.2326
754 755 0.0898903 0 0 0 0 0 0 0.0898903
755 756 0.0479519 0 -0.946281 0 0 0 0 -0.898329
756 757 0.000622702 0 -1.46358 0 0 0 0 -1.46296
757 758 6.5238e-06 0 -1.38702 0 0 0 0 -1.38701
758 759 0.000680226 0 -0.791828 0 0 0 0 -0.791148
760 761 0.0493106 0 0 0 0 0 0 0.0493106
761 762 0.0874166 0 -1.01717 0 0 0 0 -0.929752
762 763 0.0358039 0 -1.24614 0 0 0 0 -1.21033
763 764 0.00332149 0 -1.36394 0 0 0 0 -1.36062
764 765 0.047023 0 -1.0967 0 0 0 0 -1.04968
765 766 0.0361586 0 -0.756167 0 0 0 0 -0.720008
766 767 0.0487961 0 -1.26521 0 0 0 0 -1.21641
767 768 0.0459448 0 -1.21431 0 0 0 0 -1.16837
768 769 0.000238576 0 -1.234 0 0 0 0 -1.23376
769 770 0.00389754 0 -1.21953 0 0 0 0 -1.21563
770 771 0.00725958 0 -1.40297 0 0 0 0 -1.39571
771 772 0.0403746 0 -1.32482 0 0 0 0 -1.28445
772 773 0.139391 0 -1.24029 0 0 0 0 -1.1009
773 774 0.0167857 0 -0.907888 0 0 0 0 -0.891103
774 775 0.00144071 0 -1.07872 0 0 0 0 -1.07728
775 776 0.144089 0 0 0 0 0 0 0.144089
776 777 0.0193419 0 0 0 0 0 0 0.0193419
777 778 0.25329 0 -0 0 0 0 0 0.25329
778 779 0.0532237 0 0 0 0 0 0 0.0532237
780 781 0.00373338 0 0 0 0 0 0 0.00373338
781 782 0.25103 0 -1.07019 0 0 0 0 -0.819158
782 783 0.0345699 0 0 0 0 0 0 0.0345699
782 784 0 0 0 0.00304649 0 0 0 0.00304649
783 784 0.00786244 0 -1.04166 0 0 0 0 -1.0338
784 785 0.228456 0 0 0 0 0 0 0.228456
785 786 6.06373e-06 0 0 0 0 0 0 6.06373e-06
786 787 0.0252756 0 -0.871561 0 0 0 0 -0.846286
787 788 0.0340703 0 -1.2459 0 0 0 0 -1.21183
788 789 0.353969 0 -1.04552 0 0 0 0 -0.691555
789 790 0.0295012 0 -1.15549 0 0 0 0 -1.12599
790 791 0.0195369 0 -1.21137 0 0 0 0 -1.19183
791 792 0.0112107 0 -0.997024 0 0 0 0 -0.985813
792 793 0.0952358 0 0 0 0 0 0 0.0952358
793 794 0.0858934 0 -1.03879 0 0 0 0 -0.9529
794 795 0.188803 0 -0.844739 0 0 0 0 -0.655936
795 796 0.0185472 0 0 0 0 0 0 0.0185472
796 797 0.0123299 0 -0 0 0 0 0 0.0123299
797 798 0.000415671 0 -0 0 0 0 0 0.000415671
798 799 0.0892044 0 -1.15709 0 0 0 0 -1.06788
800 801 0.00295558 0 -1.32035 0 0 0 0 -1.31739
801 802 0.000173756 0 0 0 0 0 0 0.000173756
802 803 0.0214442 0 0 0 0 0 0 0.0214442
803 804 0.0375154 0 0 0 0 0 0 0.0375154
804 805 0.0944252 0 0 0 0 0 0 0.0944252
805 806 0.0282586 0 -1.41427 0 0 0 0 -1.38601
806 807 0.0228298 0 0 0 0 0 0 0.0228298
807 808 0.0413806 0 -0.587895 0 0 0 0 -0.546515
808 809 0.00432181 0 0 0 0 0 0 0.00432181
809 810 0.175492 0 -0.599606 0 0 0 0 -0.424114
810 811 0.0183088 0 -0.624914 0 0 0 0 -0.606605
811 812 0.000694643 0 0 0 0 0 0 0.000694643
812 813 0.0591572 0 0 0 0 0 0 0.0591572
813 814 0.0782163 0 0 0 0 0 0 0.0782163
814 815 0.124155 0 -1.15328 0 0 0 0 -1.02913
815 816 0.0376126 0 -1.21621 0 0 0 0 -1.17859
816 817 0.000649811 0 0 0 0 0 0 0.000649811
817 818 0.0232378 0 0 0 0 0 0 0.0232378
818 819 0.0172802 0 0 0 0 0 0 0.0172802
820 821 0.0151783 0 0 0 0 0 0 0.0151783
821 822 0.0792812 0 -1.18228 0 0 0 0 -1.103
822 823 0.00360925 0 -1.07854 0 0 0 0 -1.07493
823 824 0.469131 0 -0 0 0 0 0 0.469131
824 825 8.97891e-05 0 0 0 0 0 0 8.97891e-05
825 826 0.035771 0 -1.41218 0 0 0 0 -1.37641
826 827 0.0341073 0 -1.35572 0 0 0 0 -1.32161
827 828 0.00320067 0 -0.748612 0 0 0 0 -0.745411
828 829 0.0937263 0 0 0 0 0 0 0.0937263
829 830 0.237907 0 0 0 0 0 0 0.237907
830 831 0.0231596 0 0 0 0 0 0 0.0231596
831 832 0.144064 0 0 0 0 0 0 0.144064
832 833 0.0415719 0 0 0 0 0 0 0.0415719
833 834 0.000816929 0 -1.31563 0 0 0 0 -1.31481
834 835 0.0025084 0 -1.39078 0 0 0 0 -1.38827
835 836 0.00563937 0 -1.09277 0 0 0 0 -1.08713
836 837 0.0183127 0 -0.922957 0 0 0 0 -0.904645
837 838 0.00135297 0 -0 0 0 0 0 0.00135297
838 839 0.0281914 0 0 0 0 0 0 0.0281914
840 841 0.00139016 0 0 0 0 0 0 0.00139016
841 842 0.00883843 0 -1.13045 0 0 0 0 -1.12161
842 843 0.0113921 0 -0 0 0 0 0 0.0113921
843 844 0.0309531 0 -1.39214 0 0 0 0 -1.36118
844 845 0.00382713 0 -1.27265 0 0 0 0 -1.26883
845 846 0.183413 0 -1.05696 0 0 0 0 -0.873551
846 847 0.00125595 0 -1.34732 0 0 0 0 -1.34606
847 848 0.068992 0 0 0 0 0 0 0.068992
848 849 0.0104865 0 -1.19457 0 0 0 0 -1.18408
849 850 0.00768711 0 -1.02876 0 0 0 0 -1.02107
850 851 0.00662521 0 -1.00676 0 0 0 0 -1.00013
851 852 0.00304448 0 -1.32067 0 0 0 0 -1.31763
852 853 0.00765489 0 -1.07117 0 0 0 0 -1.06352
853 854 0.164885 0 -1.15784 0 0 0 0 -0.992954
854 855 0.013968 0 -0.599833 0 0 0 0 -0.585865
855 856 0.00539127 0 0 0 0 0 0 0.00539127
856 857 0.00554245 0 -1.07335 0 0 0 0 -1.06781
857 858 0.144779 0 -1.09003 0 0 0 0 -0.945246
858 859 0.0200738 0 -0.732831 0 0 0 0 -0.712757
860 861 0.0031548 0 0 0 0 0 0 0.0031548
861 862 0.00106441 0 -1.24039 0 0 0 0 -1.23933
862 863 3.27961e-07 0 -1.24633 0 0 0 0 -1.24633
863 864 0.000221955 0 -1.31913 0 0 0 0 -1.31891
864 865 0.0155133 0 -1.025 0 0 0 0 -1.00948
865 866 0.000414333 0 0 0 0 0 0 0.000414333
866 867 0.0273386 0 -1.37727 0 0 0 0 -1.34993
867 868 0.0124802 0 -0.905598 0 0 0 0 -0.893118
868 869 0.259419 0 0 0 0 0 0 0.259419
869 870 4.40354e-05 0 -1.36169 0 0 0 0 -1.36164
870 871 0.0214855 0 -0.986962 0 0 0 0 -0.965476
871 872 0.0275906 0 -1.40194 0 0 0 0 -1.37435
872 873 0.0262008 0 -0.356122 0 0 0 0 -0.329921
873 874 0.0744162 0 -1.07618 0 0 0 0 -1.00176
874 875 0.000548916 0 -0.936894 0 0 0 0 -0.936345
875 876 0.00130716 0 -1.08457 0 0 0 0 -1.08326
876 877 0.0977908 0 -0 0 0 0 0 0.0977908
877 878 0.161071 0 -1.27526 0 0 0 0 -1.11418
878 879 0.00193478 0 -1.40079 0 0 0 0 -1.39886
880 881 0.00630119 0 0 0 0 0 0 0.00630119
881 882 5.87903e-06 0 0 0 0 0 0 5.87903e-06
882 883 0.00266951 0 0 0 0 0 0 0.00266951
883 884 0.00356888 0 -1.26664 0 0 0 0 -1.26307
884 885 0.0377506 0 -0.788453 0 0 0 0 -0.750703
885 886 0.00567133 0 0 0 0 0 0 0.00567133
886 887 0.00210115 0 -1.41497 0 0 0 0 -1.41287
887 888 0.0569235 0 -1.2915 0 0 0 0 -1.23457
888 889 0.259862 0 0 0 0 0 0 0.259862
889 890 0.0175576 0 -1.38081 0 0 0 0 -1.36325
890 891 0.133017 0 -1.33806 0 0 0 0 -1.20505
891 892 0.104424 0 -1.11296 0 0 0 0 -1.00854
892 893 0.0076901 0 -1.28135 0 0 0 0 -1.27366
893 894 0.114145 0 -0.977743 0 0 0 0 -0.863598
894 895 0.0327911 0 -1.27135 0 0 0 0 -1.23856
895 896 0.00890587 0 -1.43489 0 0 0 0 -1.42598
896 897 0.18886 0 -0.991258 0 0 0 0 -0.802398
897 898 0.0308437 0 -1.43201 0 0 0 0 -1.40117
895 899 0 0 0 0 0 -0.000376582 0 -0.000376582
898 899 0.00644881 0 0 0 0 0 0 0.00644881
900 901 0.00329919 0 -1.32253 0 0 0 0 -1.31923
901 902 0.0756089 0 -1.21414 0 0 0 0 -1.13853
902 903 0.020837 0 -1.17296 0 0 0 0 -1.15212
903 904 0.000829223 0 -0.879651 0 0 0 0 -0.878822
904 905 0.00512995 0 0 0 0 0 0 0.00512995
905 906 0.017292 0 -1.09495 0 0 0 0 -1.07766
906 907 0.0586388 0 -1.36054 0 0 0 0 -1.3019
907 908 0.0921931 0 -1.2432 0 0 0 0 -1.151
908 909 0.00116804 0 -1.31 0 0 0 0 -1.30883
909 910 0.0553465 0 0 0 0 0 0 0.0553465
910 911 0.280168 0 -1.10957 0 0 0 0 -0.8294
911 912 0.00230917 0 -0.671196 0 0 0 0 -0.668887
912 913 6.85836e-05 0 -1.17939 0 0 0 0 -1.17932
913 914 0.00933499 0 -1.28585 0 0 0 0 -1.27652
914 915 0.00288629 0 -1.35244 0 0 0 0 -1.34956
915 916 0.005524 0 -1.07024 0 0 0 0 -1.06471
916 917 0.190618 0 -1.35732 0 0 0 0 -1.16671
917 918 0.0583191 0 0 0 0 0 0 0.0583191
918 919 0.00351245 0 0 0 0 0 0 0.00351245
920 921 0.0729087 0 -0 0 0 0 0 0.0729087
921 922 0.14795 0 -1.3152 0 0 0 0 -1.16725
922 923 0.0184821 0 -0 0 0 0 0 0.0184821
921 924 0 0 0 0 -0 -0.00911285 -0 -0.00911285
923 924 0.0318284 0 -1.30324 0 0 0 0 -1.27142
922 925 0 0 0 0 -0 -0.00621461 -0 -0.00621461
921 925 0 0 0 0 0 -0.00286763 0 -0.00286763
924 925 0.0677023 0 -1.18228 0 0 0 0 -1.11458
925 926 0.00178423 0 0 0 0 0 0 0.00178423
926 927 0.0297709 0 -1.34527 0 0 0 0 -1.3155
927 928 9.09438e-06 0 -0.706034 0 0 0 0 -0.706025
928 929 0.110426 0 0 0 0 0 0 0.110426
929 930 0.0665557 0 -1.35492 0 0 0 0 -1.28837
930 931 0.0318271 0 -1.21494 0 0 0 0 -1.18311
931 932 0.148019 0 -0.728568 0 0 0 0 -0.580549
932 933 0.116243 0 0 0 0 0 0 0.116243
933 934 0.000364559 0 -1.28809 0 0 0 0 -1.28772
934 935 0.0232686 0 -1.09156 0 0 0 0 -1.06829
935 936 0.11345 0 -1.30492 0 0 0 0 -1.19147
936 937 0.229462 0 0 0 0 0 0 0.229462
937 938 0.0236341 0 -1.00449 0 0 0 0 -0.980854
938 939 0.0440629 0 -1.26268 0 0 0 0 -1.21862
940 941 0.002819 0 0 0 0 0 0 0.002819
941 942 0.0310907 0 0 0 0 0 0 0.0310907
942 943 0.000129323 0 -1.32413 0 0 0 0 -1.324
943 944 0.000321861 0 -1.32209 0 0 0 0 -1.32177
944 945 0.0546807 0 0 0 0 0 0 0.0546807
945 946 0.0375976 0 -1.24381 0 0 0 0 -1.20621
946 947 0.162224 0 0 0 0 0 0 0.162224
947 948 0.00643961 0 -1.19809 0 0 0 0 -1.19165
948 949 0.111571 0 -0.866005 0 0 0 0 -0.754434
949 950 0.0382068 0 0 0 0 0 0 0.0382068
950 951 0.00366659 0 0 0 0 0 0 0.00366659
951 952 0.0479798 0 -1.47131 0 0 0 0 -1.42333
952 953 0.0319841 0 -1.20752 0 0 0 0 -1.17554
953 954 0.272897 0 0 0 0 0 0 0.272897
954 955 0.0664411 0 -1.30006 0 0 0 0 -1.23362
955 956 0.0128726 0 -0.954638 0 0 0 0 -0.941766
956 957 0.0070266 0 0 0 0 0 0 0.0070266
957 958 0.00331907 0 -0 0 0 0 0 0.00331907
958 959 0.00229383 0 0 0 0 0 0 0.00229383
960 961 0.000236358 0 -1.42148 0 0 0 0 -1.42124
961 962 0.000543347 0 0 0 0 0 0 0.000543347
962 963 0.000765888 0 -1.08072 0 0 0 0 -1.07995
963 964 0.461843 0 0 0 0 0 0 0.461843
964 965 0.00178891 0 0 0 0 0 0 0.00178891
965 966 0.0245166 0 0 0 0 0 0 0.0245166
966 967 0.00432556 0 0 0 0 0 0 0.00432556
967 968 0.120417 0 -1.08836 0 0 0 0 -0.967941
968 969 0.0183024 0 -1.30072 0 0 0 0 -1.28241
969 970 0.00503901 0 -1.28529 0 0 0 0 -1.28026
970 971 0.00251045 0 0 0 0 0 0 0.00251045
971 972 0.0168634 0 0 0 0 0 0 0.0168634
972 973 0.0370592 0 0 0 0 0 0 0.0370592
973 974 0.0692157 0 0 0 0 0 0 0.0692157
974 975 0.00610718 0 -1.23222 0 0 0 0 -1.22611
975 976 0.0268503 0 0 0 0 0 0 0.0268503
976 977 0.0147104 0 0 0 0 0 0 0.0147104
977 978 0.211577 0 -1.34612 0 0 0 0 -1.13454
978 979 0.00180609 0 -1.26985 0 0 0 0 -1.26805
980 981 0.00547878 0 -1.2164 0 0 0 0 -1.21092
981 982 0.175964 0 -1.30101 0 0 0 0 -1.12504
982 983 0.0723463 0 -1.23194 0 0 0 0 -1.1596
983 984 0.0224718 0 -1.28042 0 0 0 0 -1.25795
984 985 0.0329046 0 0 0 0 0 0 0.0329046
985 986 0.303481 0 0 0 0 0 0 0.303481
986 987 0.00269267 0 -1.41162 0 0 0 0 -1.40893
987 988 0.246873 0 0 0 0 0 0 0.246873
988 989 0.00520257 0 -0 0 0 0 0 0.00520257
989 990 0.0262432 0 -1.13008 0 0 0 0 -1.10383
990 991 0.053655 0 0 0 0 0 0 0.053655
991 992 0.00867127 0 -0.990207 0 0 0 0 -0.981536
992 993 0.0409176 0 -0.970764 0 0 0 0 -0.929847
984 994 0 0 0 0 -0 -0.170316 0 -0.170316
993 994 0.00765155 0 -1.43232 0 0 0 0 -1.42467
984 995 0 0 0 0 -0.488528 0 -0 -0.488528
983 995 0 0 0 0 0 -0.0787156 0 -0.0787156
994 995 0.00225555 0 -1.29057 0 0 0 0 -1.28832
984 996 0 0 0 0 0 -0.0246703 -0 -0.0246703
983 996 0 0 0 0 -0.845953 0 -0 -0.845953
982 996 0 0 0 0 0 -0.182288 0 -0.182288
995 996 0.0704155 0 -1.04074 0 0 0 0 -0.970329
983 997 0 0 0 0 0 -0.195722 0 -0.195722
982 997 0 0 0 0 -0.819688 0 -0 -0.819688
981 997 0 0 0 0 0 -0.125419 0 -0.125419
996 997 0.270842 0 -0.938607 0 0 0 0 -0.667765
982 998 0 0 0 0 0 -0.0964565 0 -0.0964565
981 998 0 0 0 0 -0.592801 -3.56242e-18 -0 -0.592801
980 998 0 0 0 0 0 -0.0434517 0 -0.0434517
997 998 0.109214 0 -1.31268 0 0 0 0 -1.20347
998 999 0.10405 0 0 0 0 0 0 0.10405
#Total energy per particle is  -0.590484 and should be -0.59048410
