           0   0.000000
       10000  -2.730283
       20000  -0.773724
       30000  -1.952937
       40000  -3.445298
       50000  -3.589028
       60000  -3.249126
       70000  -2.731248
       80000  -9.279518
       90000  -8.760806
      100000  -6.765349
      110000  -7.286535
      120000  -8.018817
      130000  -6.371043
      140000  -6.478421
      150000  -4.501431
      160000  -6.176643
      170000  -1.885500
      180000  -3.434505
      190000  -5.174796
      200000  -5.737249
