#id1 id2 FENE BEXC STCK NEXC HB CRSTCK CXSTCK total, t = 200000
0 1 0.0908862 0 0 0 0 0 0 0.0908862
1 2 0.155249 0 0 0 0 0 0 0.155249
2 3 0.0112479 0 0 0 0 0 0 0.0112479
3 4 0.0210646 0 -1.36655 0 0 0 0 -1.34549
4 5 0.185083 0 -1.38329 0 0 0 0 -1.19821
5 6 0.0103981 0 -1.25669 0 0 0 0 -1.2463
6 7 0.00751466 0 0 0 0 0 0 0.00751466
7 8 0.0816955 0 0 0 0 0 0 0.0816955
8 9 1.70108e-09 0 -1.17495 0 0 0 0 -1.17495
6 10 0 0 0 0 -0.788134 0 -0 -0.788134
5 10 0 0 0 0 -9.25332e-29 -0.157194 0 -0.157194
9 10 0.0923298 0 0 0 0 0 0 0.0923298
4 11 0 0 0 0 0 -0.166748 0 -0.166748
6 11 0 0 0 0 -0 -0.19936 0 -0.19936
5 11 0 0 0 0 -0.809009 0 -0 -0.809009
10 11 0.00645303 0 -1.01986 0 0 0 0 -1.01341
4 12 0 0 0 0 -0.833415 0 -0 -0.833415
3 12 0 0 0 0 0 -0.156866 0 -0.156866
5 12 0 0 0 0 0 -0.170128 0 -0.170128
11 12 0.0863119 0 -1.31109 0 0 0 0 -1.22478
4 13 0 0 0 0 0 -0.0947801 0 -0.0947801
3 13 0 0 0 0 0 -8.02426e-05 -0 -8.02426e-05
12 13 0.0587604 0 -0.865204 0 0 0 0 -0.806444
3 14 0 0 0 0 0 -0.0307908 -0 -0.0307908
13 14 6.09859e-05 0 -1.22755 0 0 0 0 -1.22749
14 15 0.00947769 0 -0.731528 0 0 0 0 -0.72205
15 16 0.0355791 0 -0.98832 0 0 0 0 -0.952741
16 17 8.8767e-07 0 -1.28231 0 0 0 0 -1.28231
17 18 0.0272361 0 0 0 0 0 0 0.0272361
18 19 0.172918 0 -1.22828 0 0 0 0 -1.05536
19 20 0.0298144 0 -0.929343 0 0 0 0 -0.899528
20 21 0.000832255 0 0 0 0 0 0 0.000832255
21 22 0.0154373 0 0 0 0 0 0 0.0154373
22 23 9.21126e-05 0 -1.10259 0 0 0 0 -1.1025
23 24 0.0458793 0 -1.14038 0 0 0 0 -1.0945
24 25 0.189696 0 -1.20337 0 0 0 0 -1.01367
25 26 0.00285358 0 -1.09888 0 0 0 0 -1.09602
26 27 0.0419044 0 0 0 0 0 0 0.0419044
27 28 0.00826328 0 0 0 0 0 0 0.00826328
28 29 0.154551 0 0 0 0 0 0 0.154551
29 30 0.0151335 0 -1.00403 0 0 0 0 -0.988894
30 31 0.00909675 0.0037081 0 0 0 0 0 0.0128048
31 32 0.249476 0 0 0 0 0 0 0.249476
32 33 0.0524487 0 -1.2881 0 0 0 0 -1.23566
33 34 0.172346 0 -0 0 0 0 0 0.172346
34 35 0.000804437 0 -1.18935 0 0 0 0 -1.18855
33 36 0 0 0 0 -0 -0.00140489 -4.4161e-18 -0.00140489
35 36 0.000802097 0 -1.16344 0 0 0 0 -1.16264
36 37 0.0374226 0 -1.20072 0 0 0 0 -1.16329
37 38 0.0125669 0 0 0 0 0 0 0.0125669
38 39 0.0163851 0 -0 0 0 0 0 0.0163851
39 40 0.0137845 0 -0.95992 0 0 0 0 -0.946136
40 41 0.0209754 0 -0.677311 0 0 0 0 -0.656335
41 42 0.0159578 0 -1.03938 0 0 0 0 -1.02342
42 43 0.0219435 0 0 0 0 0 0 0.0219435
43 44 0.0475163 0 -0 0 0 0 0 0.0475163
44 45 0.0264055 0 -0.596722 0 0 0 0 -0.570317
45 46 0.0826823 0 -0 0 0 0 0 0.0826823
46 47 0.0076274 0 -0 0 0 0 0 0.0076274
47 48 3.23542e-07 0 -1.22614 0 0 0 0 -1.22614
48 49 0.0299868 0 -1.40935 0 0 0 0 -1.37937
49 50 0.031749 0 0 0 0 0 0 0.031749
51 52 0.019319 0 0 0 0 0 0 0.019319
52 53 0.000649138 0 -0.942089 0 0 0 0 -0.941439
53 54 0.00083828 0 -0.613679 0 0 0 0 -0.612841
54 55 0.0396712 0 -0.993361 0 0 0 0 -0.95369
55 56 0.000981936 0 0 0 0 0 0 0.000981936
56 57 0.00944958 0 0 0 0 0 0 0.00944958
57 58 0.000218809 0 0 0 0 0 0 0.000218809
58 59 0.00589999 0 -1.19772 0 0 0 0 -1.19182
59 60 0.0451308 0 -0.817444 0 0 0 0 -0.772313
60 61 0.207291 0 0 0 0 0 0 0.207291
61 62 0.000241895 0 0 0 0 0 0 0.000241895
62 63 2.66155e-05 0 -0 0 0 0 0 2.66155e-05
63 64 0.000978112 0 -0.853537 0 0 0 0 -0.852558
64 65 0.014598 0 -1.24969 0 0 0 0 -1.2351
65 66 0.0145193 0 -1.22671 0 0 0 0 -1.21219
66 67 0.041917 0 0 0 0 0 0 0.041917
67 68 0.0106625 0 -1.24543 0 0 0 0 -1.23477
68 69 0.0473795 0 -0.696533 0 0 0 0 -0.649153
69 70 0.0418782 0 -0.93535 0 0 0 0 -0.893472
70 71 0.000135604 0 -0.926003 0 0 0 0 -0.925867
71 72 0.0032035 0 -0.863123 0 0 0 0 -0.85992
72 73 0.0229644 0 -1.38966 0 0 0 0 -1.3667
73 74 0.00786253 0 -0.658214 0 0 0 0 -0.650351
74 75 0.0437089 0 0 0 0 0 0 0.0437089
75 76 0.0210152 0 0 0 0 0 0 0.0210152
76 77 0.0556775 0 -1.27422 0 0 0 0 -1.21854
77 78 0.0358814 0 0 0 0 0 0 0.0358814
77 79 0 0 0 0.0230332 0 0 0 0.0230332
78 79 0.00988128 0 -1.43701 0 0 0 0 -1.42713
79 80 0.0400936 0 -1.29335 0 0 0 0 -1.25326
80 81 0.108536 0 0 0 0 0 0 0.108536
81 82 0.112057 0 -1.25292 0 0 0 0 -1.14086
82 83 0.000129607 0 0 0 0 0 0 0.000129607
83 84 0.000795197 0 -1.22475 0 0 0 0 -1.22396
84 85 0.0458591 0 -1.28431 0 0 0 0 -1.23845
85 86 0.0267741 0 0 0 0 0 0 0.0267741
86 87 0.181399 0 -0.347993 0 0 0 0 -0.166594
87 88 0.0555632 0 -1.21701 0 0 0 0 -1.16145
88 89 0.00567581 0 -1.1192 0 0 0 0 -1.11352
89 90 0.0013433 0 -1.11841 0 0 0 0 -1.11707
90 91 0.0378806 0 -1.05381 0 0 0 0 -1.01593
91 92 0.16758 0 -0 0 0 0 0 0.16758
92 93 0.00859405 0 -1.16219 0 0 0 0 -1.1536
93 94 0.0365028 0 -0.814206 0 0 0 0 -0.777703
94 95 0.136418 0 0 0 0 0 0 0.136418
95 96 0.0801218 0 -1.11373 0 0 0 0 -1.0336
96 97 0.0371276 0 -1.11226 0 0 0 0 -1.07513
97 98 0.00254015 0 -1.19023 0 0 0 0 -1.18769
98 99 0.0071998 0 -1.18072 0 0 0 0 -1.17352
99 100 0.000223976 0 0 0 0 0 0 0.000223976
100 101 0.108008 0 -1.1156 0 0 0 0 -1.00759
102 103 0.023876 0 -0.215969 0 0 0 0 -0.192093
103 104 0.104849 0 -1.33551 0 0 0 0 -1.23067
104 105 0.00223079 0 -1.35348 0 0 0 0 -1.35125
105 106 0.014893 0 -0.472637 0 0 0 0 -0.457744
106 107 0.0202546 0 -1.13069 0 0 0 0 -1.11043
107 108 0.000149962 0 -1.14288 0 0 0 0 -1.14273
108 109 0.0163021 0 -0.931704 0 0 0 0 -0.915402
109 110 0.0290704 0 -1.13199 0 0 0 0 -1.10292
110 111 1.6278e-05 0 -0.80991 0 0 0 0 -0.809894
111 112 0.000872141 0 -1.14171 0 0 0 0 -1.14084
112 113 0.000593321 0 0 0 0 0 0 0.000593321
113 114 0.0205118 0 -1.23854 0 0 0 0 -1.21803
114 115 0.00520768 0 -1.26899 0 0 0 0 -1.26379
115 116 0.0337115 0 -0.92995 0 0 0 0 -0.896239
116 117 0.00894117 0 -0.974965 0 0 0 0 -0.966024
117 118 0.035494 0 0 0 0 0 0 0.035494
118 119 5.44423e-05 0 -1.17291 0 0 0 0 -1.17286
119 120 0.0105163 0 -1.32124 0 0 0 0 -1.31073
120 121 0.0407649 0 0 0 0 0 0 0.0407649
121 122 0.0570019 0 -1.23354 0 0 0 0 -1.17654
122 123 0.102803 0 -1.36935 0 0 0 0 -1.26654
123 124 0.0530956 0 -1.09382 0 0 0 0 -1.04072
124 125 0.00122125 0 -0.883759 0 0 0 0 -0.882538
125 126 0.0157192 0 -1.31454 0 0 0 0 -1.29882
126 127 0.122689 0 0 0 0 0 0 0.122689
127 128 0.0665312 0 -1.26216 0 0 0 0 -1.19563
128 129 0.0202862 0 -1.42049 0 0 0 0 -1.40021
129 130 0.0924413 0 -1.10617 0 0 0 0 -1.01373
130 131 0.0909995 0 0 0 0 0 0 0.0909995
131 132 0.172169 0 0 0 0 0 0 0.172169
132 133 0.034206 0 -1.06733 0 0 0 0 -1.03313
133 134 0.000234931 0 -1.23779 0 0 0 0 -1.23756
134 135 0.0300318 0 -1.39612 0 0 0 0 -1.36609
135 136 0.173509 0 0 0 0 0 0 0.173509
136 137 0.0694578 0 0 0 0 0 0 0.0694578
137 138 1.37225e-07 0 -0.85005 0 0 0 0 -0.85005
138 139 0.000707092 0 -1.33699 0 0 0 0 -1.33629
139 140 0.0173743 0 0 0 0 0 0 0.0173743
140 141 0.0654091 0 -1.33553 0 0 0 0 -1.27012
141 142 0.049596 0 -1.00485 0 0 0 0 -0.955253
142 143 0.0003327 0 -0.785823 0 0 0 0 -0.785491
143 144 0.214227 0 -0.731561 0 0 0 0 -0.517335
144 145 0.00941653 0 0 0 0 0 0 0.00941653
145 146 0.00428751 0 -1.01663 0 0 0 0 -1.01234
146 147 0.000135303 0 -1.32484 0 0 0 0 -1.32471
147 148 0.0197017 0 -1.42672 0 0 0 0 -1.40702
148 149 2.85503e-06 0 -1.19781 0 0 0 0 -1.19781
149 150 0.0615673 0 -1.21756 0 0 0 0 -1.15599
150 151 0.018327 0 0 0 0 0 0 0.018327
151 152 0.0727513 0 -1.29485 0 0 0 0 -1.2221
153 154 0.0101541 0 -1.0012 0 0 0 0 -0.991048
154 155 0.0022823 0 0 0 0 0 0 0.0022823
155 156 0.0266997 0 -1.27757 0 0 0 0 -1.25087
156 157 0.00329468 0 0 0 0 0 0 0.00329468
157 158 0.00017081 0 -1.21134 0 0 0 0 -1.21117
158 159 0.0318554 0 0 0 0 0 0 0.0318554
159 160 0.0860615 0 -0 0 0 0 0 0.0860615
160 161 0.0537295 0 -0.782236 0 0 0 0 -0.728507
161 162 0.00195624 0 -1.24748 0 0 0 0 -1.24552
162 163 0.0601744 0 -1.22497 0 0 0 0 -1.16479
163 164 0.00342037 0 -0.964082 0 0 0 0 -0.960662
164 165 0.0248223 0 -1.23058 0 0 0 0 -1.20576
165 166 0.0792068 0 -1.08351 0 0 0 0 -1.00431
166 167 0.0640865 0 -1.01666 0 0 0 0 -0.952576
167 168 0.0632933 0 0 0 0 0 0 0.0632933
168 169 0.0834474 0 -1.17405 0 0 0 0 -1.09061
169 170 0.00592113 0 0 0 0 0 0 0.00592113
170 171 0.0419517 0 -1.20049 0 0 0 0 -1.15853
171 172 0.00310986 0 -1.26979 0 0 0 0 -1.26668
172 173 0.0251942 0 -1.12789 0 0 0 0 -1.10269
173 174 0.0032042 0 -0 0 0 0 0 0.0032042
174 175 0.0180303 0 -1.41413 0 0 0 0 -1.3961
175 176 0.000782393 0 -1.06227 0 0 0 0 -1.06149
176 177 0.000113737 0 0 0 0 0 0 0.000113737
177 178 0.0018265 0 0 0 0 0 0 0.0018265
178 179 0.0661309 0 -1.23987 0 0 0 0 -1.17374
179 180 0.00104667 0 -1.37981 0 0 0 0 -1.37877
180 181 0.00954917 0 -1.0727 0 0 0 0 -1.06315
181 182 0.0313 0 0 0 0 0 0 0.0313
182 183 0.501891 0 0 0 0 0 0 0.501891
183 184 0.0214941 0 0 0 0 0 0 0.0214941
184 185 0.0139103 0 -1.22481 0 0 0 0 -1.2109
185 186 0.0603351 0 -1.21806 0 0 0 0 -1.15773
186 187 0.118395 0 -1.05658 0 0 0 0 -0.938186
187 188 0.025327 0 0 0 0 0 0 0.025327
188 189 0.130124 0 -0.887477 0 0 0 0 -0.757353
189 190 0.0390387 0 -1.14997 0 0 0 0 -1.11093
190 191 0.0595808 0 -1.01717 0 0 0 0 -0.957588
191 192 0.00705333 0 0 0 0 0 0 0.00705333
192 193 0.00629034 0 -1.2022 0 0 0 0 -1.19591
193 194 0.0946396 0 -1.12859 0 0 0 0 -1.03395
194 195 0.0365723 0 0 0 0 0 0 0.0365723
195 196 0.055264 0 -1.2928 0 0 0 0 -1.23753
196 197 0.164895 0 -1.23453 0 0 0 0 -1.06964
197 198 0.00736808 0 -0.958101 0 0 0 0 -0.950733
198 199 0.101504 0 -1.45239 0 0 0 0 -1.35089
199 200 0.093461 0 0 0 0 0 0 0.093461
200 201 0.0666963 0 -1.04827 0 0 0 0 -0.981571
201 202 0.157687 0 0 0 0 0 0 0.157687
202 203 0.0131925 0 -1.34323 0 0 0 0 -1.33004
204 205 0.0129966 0 -0.985649 0 0 0 0 -0.972653
205 206 0.0254694 0 -0.766954 0 0 0 0 -0.741484
206 207 0.0345954 0 0 0 0 0 0 0.0345954
207 208 5.04317e-06 0 -1.32996 0 0 0 0 -1.32996
208 209 0.0236932 0 -0.861785 0 0 0 0 -0.838092
209 210 0.00434882 0 -1.25536 0 0 0 0 -1.25101
210 211 0.0561123 0 0 0 0 0 0 0.0561123
211 212 0.0095967 0 -1.36701 0 0 0 0 -1.35741
212 213 0.00799718 0 0 0 0 0 0 0.00799718
213 214 0.000395712 0 -1.33772 0 0 0 0 -1.33732
214 215 0.0168858 0 0 0 0 0 0 0.0168858
215 216 0.121912 0 -1.08142 0 0 0 0 -0.959513
216 217 0.0258433 0 -1.25361 0 0 0 0 -1.22777
217 218 0.0023347 0 -1.02851 0 0 0 0 -1.02618
218 219 0.0443784 0 0 0 0 0 0 0.0443784
219 220 0.0315539 0 -1.23142 0 0 0 0 -1.19986
220 221 0.0395285 0 0 0 0 0 0 0.0395285
221 222 0.038209 0 -0 0 0 0 0 0.038209
222 223 0.00151454 0 -1.17108 0 0 0 0 -1.16957
223 224 0.0147663 0 -1.19367 0 0 0 0 -1.1789
224 225 0.178619 0 -1.18164 0 0 0 0 -1.00302
225 226 0.0190757 0 -1.38382 0 0 0 0 -1.36475
226 227 0.0419041 0 -1.17579 0 0 0 0 -1.13388
227 228 0.0150442 0 0 0 0 0 0 0.0150442
228 229 0.101929 0 0 0 0 0 0 0.101929
229 230 0.00427214 0 0 0 0 0 0 0.00427214
230 231 0.0619979 0 -1.23223 0 0 0 0 -1.17024
231 232 0.00442001 0 -1.16117 0 0 0 0 -1.15675
232 233 0.0740542 0 0 0 0 0 0 0.0740542
233 234 0.0209973 0 -1.31198 0 0 0 0 -1.29099
234 235 0.0145791 0 -0.68548 0 0 0 0 -0.670901
235 236 0.0013218 0 -1.29108 0 0 0 0 -1.28976
236 237 0.0721069 0 -0.798673 0 0 0 0 -0.726566
237 238 0.0034862 0 0 0 0 0 0 0.0034862
238 239 3.58429e-06 0 -1.31354 0 0 0 0 -1.31354
239 240 0.0601551 0 -1.18751 0 0 0 0 -1.12735
240 241 0.00573492 0 0 0 0 0 0 0.00573492
241 242 0.083677 0 -1.30087 0 0 0 0 -1.21719
242 243 0.00416942 0 -1.25365 0 0 0 0 -1.24948
243 244 0.00258823 0 -1.32243 0 0 0 0 -1.31984
244 245 0.0593081 0 0 0 0 0 0 0.0593081
245 246 0.000117718 0 0 0 0 0 0 0.000117718
246 247 0.00297757 0 0 0 0 0 0 0.00297757
247 248 0.0131424 0 0 0 0 0 0 0.0131424
248 249 0.0318018 0 -0.846564 0 0 0 0 -0.814762
249 250 0.0081584 0 -1.10597 0 0 0 0 -1.09781
250 251 0.00492391 0 -1.22502 0 0 0 0 -1.2201
251 252 0.0803845 0 -0.825017 0 0 0 0 -0.744633
252 253 0.137584 0 -0.877659 0 0 0 0 -0.740075
253 254 0.00504057 0 0 0 0 0 0 0.00504057
255 256 0.00205886 0 -1.27341 0 0 0 0 -1.27135
256 257 0.117615 0 0 0 0 0 0 0.117615
257 258 0.0109737 0 0 0 0 0 0 0.0109737
258 259 0.216574 0 -1.12132 0 0 0 0 -0.904744
259 260 0.000497295 0 -1.15597 0 0 0 0 -1.15548
260 261 0.0276589 0 0 0 0 0 0 0.0276589
261 262 3.45747e-05 0 -1.24814 0 0 0 0 -1.2481
262 263 0.343884 0 -0.619908 0 0 0 0 -0.276023
263 264 0.123686 0 0 0 0 0 0 0.123686
264 265 0.163264 0 0 0 0 0 0 0.163264
265 266 0.0398439 0 0 0 0 0 0 0.0398439
266 267 0.064609 0 0 0 0 0 0 0.064609
267 268 0.000182836 0 0 0 0 0 0 0.000182836
268 269 0.0897784 0 0 0 0 0 0 0.0897784
269 270 0.0862579 0 -0.92526 0 0 0 0 -0.839002
270 271 0.0764017 0 0 0 0 0 0 0.0764017
271 272 0.065915 0 0 0 0 0 0 0.065915
272 273 0.0206491 0 -1.22902 0 0 0 0 -1.20838
273 274 0.209113 0 0 0 0 0 0 0.209113
274 275 0.00583561 0 -1.18522 0 0 0 0 -1.17938
271 276 0 0 0 0 -0 -8.38138e-07 0 -8.38138e-07
275 276 0.0159521 0 -1.01701 0 0 0 0 -1.00106
276 277 0.0722591 0 0 0 0 0 0 0.0722591
277 278 0.0063758 0 -1.15492 0 0 0 0 -1.14855
278 279 0.0515669 0 -1.17163 0 0 0 0 -1.12006
279 280 0.00707717 0 0 0 0 0 0 0.00707717
278 281 0 0 0 0 0 -0.133916 0 -0.133916
277 281 0 0 0 0 -0.709378 0 -0 -0.709378
280 281 0.0764157 0 -0 0 0 0 0 0.0764157
277 282 0 0 0 0 0 -0.18286 0 -0.18286
281 282 0.0621661 0 -1.2575 0 0 0 0 -1.19533
282 283 0.000898966 0 0 0 0 0 0 0.000898966
283 284 0.0306953 0 -1.15184 0 0 0 0 -1.12115
284 285 0.0629479 0 -1.09339 0 0 0 0 -1.03044
285 286 0.257676 0 -1.36991 0 0 0 0 -1.11223
286 287 0.0131543 0 -1.37395 0 0 0 0 -1.36079
287 288 0.00495049 0 0 0 0 0 0 0.00495049
288 289 0.242711 0 -1.2018 0 0 0 0 -0.959087
289 290 0.000520937 0 -1.40407 0 0 0 0 -1.40355
290 291 0.0248369 0 -1.16925 0 0 0 0 -1.14442
291 292 0.000408995 0 0 0 0 0 0 0.000408995
292 293 0.00329109 0 0 0 0 0 0 0.00329109
293 294 0.0211207 0 -0.583329 0 0 0 0 -0.562208
294 295 0.106249 0 -1.24418 0 0 0 0 -1.13793
295 296 0.0633775 0 -1.08362 0 0 0 0 -1.02024
296 297 0.132481 0 -1.18257 0 0 0 0 -1.05009
297 298 0.00282272 0 -1.3234 0 0 0 0 -1.32058
298 299 0.0237383 0 -1.2395 0 0 0 0 -1.21576
299 300 0.473289 0 -1.0799 0 0 0 0 -0.606608
300 301 0.0493711 0 0 0 0 0 0 0.0493711
301 302 0.00087267 0 0 0 0 0 0 0.00087267
302 303 0.0013238 0 -0 0 0 0 0 0.0013238
303 304 0.0277153 0 -0 0 0 0 0 0.0277153
304 305 0.0317149 0 0 0 0 0 0 0.0317149
306 307 0.139026 0 0 0 0 0 0 0.139026
307 308 0.00220075 0 -1.2907 0 0 0 0 -1.2885
308 309 0.14353 0 -1.10135 0 0 0 0 -0.957817
309 310 0.113175 0 -1.42982 0 0 0 0 -1.31665
310 311 0.0654802 0 -1.24117 0 0 0 0 -1.17569
311 312 0.112011 0 -1.04919 0 0 0 0 -0.937182
312 313 0.00446545 0 -1.21115 0 0 0 0 -1.20669
313 314 0.0406007 0 0 0 0 0 0 0.0406007
314 315 0.000109718 0 -1.284 0 0 0 0 -1.28389
315 316 0.00152688 0 -0.696521 0 0 0 0 -0.694994
316 317 0.000184062 0 0 0 0 0 0 0.000184062
317 318 0.00908672 0 -1.07648 0 0 0 0 -1.06739
318 319 0.00941101 0 -0.932503 0 0 0 0 -0.923092
319 320 0.0391882 0 -0.839941 0 0 0 0 -0.800753
320 321 0.0341499 0 -1.24258 0 0 0 0 -1.20843
321 322 0.00762873 0 0 0 0 0 0 0.00762873
322 323 0.287856 0 -1.26807 0 0 0 0 -0.980219
323 324 0.0370775 0 0 0 0 0 0 0.0370775
324 325 0.0997708 0 0 0 0 0 0 0.0997708
325 326 0.000429588 0 -1.16702 0 0 0 0 -1.16659
326 327 1.43151e-05 0 -1.21253 0 0 0 0 -1.21252
327 328 0.0216258 0 0 0 0 0 0 0.0216258
328 329 0.0335133 0 -1.1812 0 0 0 0 -1.14769
329 330 0.0793686 0 -0.910909 0 0 0 0 -0.831541
330 331 0.0339034 0 -0 0 0 0 0 0.0339034
331 332 0.0116867 0 0 0 0 0 0 0.0116867
332 333 0.0518595 0 -1.0702 0 0 0 0 -1.01834
333 334 0.0392044 0 0 0 0 0 0 0.0392044
334 335 5.67749e-05 0 -1.33209 0 0 0 0 -1.33203
335 336 0.261604 0 -1.32722 0 0 0 0 -1.06562
336 337 0.0357039 0 -1.08011 0 0 0 0 -1.04441
337 338 0.000594976 0 0 0 0 0 0 0.000594976
338 339 0.0298443 0 0 0 0 0 0 0.0298443
339 340 0.060411 0 -1.26909 0 0 0 0 -1.20868
340 341 0.0547808 0 -0.970836 0 0 0 0 -0.916056
341 342 0.0233373 0 -1.28944 0 0 0 0 -1.2661
342 343 0.064699 0 -1.23509 0 0 0 0 -1.17039
343 344 0.0303216 0 0 0 0 0 0 0.0303216
344 345 0.000199076 0 -1.22118 0 0 0 0 -1.22098
345 346 0.0428532 0 -1.20687 0 0 0 0 -1.16402
346 347 0.100171 0 -1.19847 0 0 0 0 -1.0983
347 348 0.118521 0 -1.43478 0 0 0 0 -1.31626
348 349 0.125694 0 -1.31757 0 0 0 0 -1.19187
349 350 0.000387873 0 0 0 0 0 0 0.000387873
350 351 0.0395526 0 -1.33289 0 0 0 0 -1.29333
351 352 0.00965916 0 0 0 0 0 0 0.00965916
352 353 0.0320912 0 -1.34713 0 0 0 0 -1.31504
353 354 0.334871 0 -1.47071 0 0 0 0 -1.13584
354 355 0.217095 0 0 0 0 0 0 0.217095
355 356 6.94986e-05 0 -1.32693 0 0 0 0 -1.32686
357 358 0.00289553 0 -1.1657 0 0 0 0 -1.1628
358 359 0.0543263 0 0 0 0 0 0 0.0543263
359 360 0.00267329 0 -1.38689 0 0 0 0 -1.38421
360 361 0.0412751 0 -1.16048 0 0 0 0 -1.11921
361 362 0.137466 0 -1.38534 0 0 0 0 -1.24788
362 363 0.178567 0 0 0 0 0 0 0.178567
363 364 0.00594355 0 -1.33377 0 0 0 0 -1.32783
364 365 0.00472355 0 0 0 0 0 0 0.00472355
365 366 0.0125 0 -1.28974 0 0 0 0 -1.27724
366 367 0.00600793 0 -1.41865 0 0 0 0 -1.41264
367 368 0.0849877 0 -1.40078 0 0 0 0 -1.31579
368 369 0.0672691 0 -1.2955 0 0 0 0 -1.22823
369 370 0.00057314 0 -1.1022 0 0 0 0 -1.10163
370 371 0.0150161 0 -1.43736 0 0 0 0 -1.42234
371 372 0.00680136 0 0 0 0 0 0 0.00680136
372 373 0.00592927 0 0 0 0 0 0 0.00592927
373 374 0.00744993 0 -1.24024 0 0 0 0 -1.23279
374 375 9.54764e-05 0 0 0 0 0 0 9.54764e-05
375 376 0.0461826 0 -1.10792 0 0 0 0 -1.06173
376 377 0.00937933 0 0 0 0 0 0 0.00937933
377 378 0.0306322 0 0 0 0 0 0 0.0306322
378 379 0.00769289 0 0 0 0 0 0 0.00769289
379 380 0.055649 0 0 0 0 0 0 0.055649
380 381 0.0036942 0 0 0 0 0 0 0.0036942
381 382 0.0453445 0 0 0 0 0 0 0.0453445
382 383 0.0105087 0 0 0 0 0 0 0.0105087
383 384 3.9284e-05 0 -1.27725 0 0 0 0 -1.27721
384 385 0.074608 0 -1.39928 0 0 0 0 -1.32467
385 386 0.0719213 0 0 0 0 0 0 0.0719213
386 387 0.00729985 0 -1.31566 0 0 0 0 -1.30836
387 388 0.210412 0 -0 0 0 0 0 0.210412
388 389 0.00341018 0 0 0 0 0 0 0.00341018
389 390 0.000890481 0 -1.08775 0 0 0 0 -1.08686
390 391 0.00533022 0 -1.32676 0 0 0 0 -1.32143
391 392 0.122263 0 -1.2044 0 0 0 0 -1.08214
392 393 0.00149332 0 -1.23102 0 0 0 0 -1.22953
393 394 0.00952499 0 -0.927983 0 0 0 0 -0.918458
394 395 0.0205913 0 -1.2457 0 0 0 0 -1.22511
395 396 0.0055672 0 -0.923333 0 0 0 0 -0.917766
396 397 0.0262603 0 -1.21167 0 0 0 0 -1.18541
397 398 0.0341084 0 0 0 0 0 0 0.0341084
398 399 0.0134293 0 -0 0 0 0 0 0.0134293
399 400 0.0199907 0 0 0 0 0 0 0.0199907
400 401 0.000243107 0 -1.14224 0 0 0 0 -1.142
401 402 0.0542825 0 -1.39935 0 0 0 0 -1.34507
402 403 4.70665e-05 0 -1.00146 0 0 0 0 -1.00141
403 404 0.00599326 0 -1.13297 0 0 0 0 -1.12698
404 405 0.00140539 0 0 0 0 0 0 0.00140539
405 406 0.0428957 0 -0 0 0 0 0 0.0428957
406 407 0.00563559 0 0 0 0 0 0 0.00563559
408 409 0.00963405 0 -1.33443 0 0 0 0 -1.32479
409 410 0.0120859 0 -0.696678 0 0 0 0 -0.684592
410 411 0.0333153 0 -1.00017 0 0 0 0 -0.966854
411 412 0.0755908 0 0 0 0 0 0 0.0755908
412 413 6.24555e-05 0 0 0 0 0 0 6.24555e-05
413 414 0.0322942 0 -1.0457 0 0 0 0 -1.01341
414 415 0.027466 0 -0.787537 0 0 0 0 -0.760071
415 416 0.00155543 0 0 0 0 0 0 0.00155543
416 417 0.00442417 0 -1.04111 0 0 0 0 -1.03669
417 418 0.0490851 0 0 0 0 0 0 0.0490851
418 419 0.0993364 0 -1.13523 0 0 0 0 -1.0359
419 420 0.0759495 0 -1.18534 0 0 0 0 -1.10939
420 421 0.00554135 0 0 0 0 0 0 0.00554135
421 422 0.00818509 0 0 0 0 0 0 0.00818509
422 423 0.0498069 0 0 0 0 0 0 0.0498069
423 424 0.0679366 0 -1.00127 0 0 0 0 -0.933338
423 425 0 0 0 0.023547 0 0 0 0.023547
424 425 0.195145 0 -0 0 0 0 0 0.195145
425 426 0.0161751 0 -0 0 0 0 0 0.0161751
426 427 0.481616 0 -1.21211 0 0 0 0 -0.730497
427 428 0.000209083 0 -1.18214 0 0 0 0 -1.18193
428 429 0.256622 0 -1.05855 0 0 0 0 -0.801929
429 430 0.0416423 0 0 0 0 0 0 0.0416423
430 431 0.0440511 0 0 0 0 0 0 0.0440511
431 432 0.0213461 0 0 0 0 0 0 0.0213461
432 433 0.0145196 0 0 0 0 0 0 0.0145196
429 434 0 0 0 0 -0 -0.0541747 -0 -0.0541747
433 434 0.00935517 0 -1.22515 0 0 0 0 -1.2158
428 435 0 0 0 0 -0 -0.196226 0 -0.196226
434 435 0.0183722 0 -1.08226 0 0 0 0 -1.06389
429 436 0 0 0 0 0 -0.0867213 0 -0.0867213
428 436 0 0 0 0 -0.650439 0 -0 -0.650439
427 436 0 0 0 0 0 -0.120327 0 -0.120327
435 436 0.0701591 0 -1.41233 0 0 0 0 -1.34217
428 437 0 0 0 0 0 -0.158675 0 -0.158675
426 437 0 0 0 0 0 -0.00260322 -0 -0.00260322
436 437 0.00465232 0 -1.2314 0 0 0 0 -1.22674
437 438 0.00811652 0 0 0 0 0 0 0.00811652
438 439 0.164174 0 -1.19936 0 0 0 0 -1.03519
439 440 0.179634 0 -1.21208 0 0 0 0 -1.03244
440 441 0.475711 0 -1.2853 0 0 0 0 -0.809586
441 442 0.00146399 0 -0.611784 0 0 0 0 -0.61032
442 443 0.309947 0 0 0 0 0 0 0.309947
443 444 0.00887596 0 0 0 0 0 0 0.00887596
444 445 0.0102265 0 -1.36747 0 0 0 0 -1.35724
445 446 0.00369269 0 0 0 0 0 0 0.00369269
446 447 0.175764 0 0 0 0 0 0 0.175764
447 448 0.0231043 0 -0 0 0 0 0 0.0231043
448 449 0.17609 0 -1.11086 0 0 0 0 -0.934768
449 450 0.01033 0 -0 0 0 0 0 0.01033
450 451 0.0808524 0 0 0 0 0 0 0.0808524
451 452 0.500075 0 -1.13806 0 0 0 0 -0.637988
452 453 0.0266776 0 -0.847076 0 0 0 0 -0.820398
453 454 0.017851 0 0 0 0 0 0 0.017851
454 455 0.00746344 0 0 0 0 0 0 0.00746344
455 456 0.00157254 0 -1.18448 0 0 0 0 -1.18291
456 457 0.0955917 0 -0.956927 0 0 0 0 -0.861335
457 458 0.00592759 0 -1.3545 0 0 0 0 -1.34857
459 460 0.00626917 0 0 0 0 0 0 0.00626917
460 461 0.00139644 0 -1.35016 0 0 0 0 -1.34877
461 462 0.357544 0 0 0 0 0 0 0.357544
462 463 0.0100828 0 0 0 0 0 0 0.0100828
463 464 0.00766071 0 -1.28089 0 0 0 0 -1.27323
464 465 0.0270493 0 -1.3453 0 0 0 0 -1.31825
465 466 0.0845836 0 0 0 0 0 0 0.0845836
466 467 0.0388471 0 -0 0 0 0 0 0.0388471
467 468 0.0212076 0 -0.9589 0 0 0 0 -0.937693
468 469 0.01952 0 -0.850638 0 0 0 0 -0.831118
469 470 0.0420306 0 -1.17248 0 0 0 0 -1.13045
470 471 0.0566909 0 -1.30452 0 0 0 0 -1.24783
471 472 0.0171887 0 0 0 0 0 0 0.0171887
472 473 0.0198586 0 0 0 0 0 0 0.0198586
473 474 0.143237 0 0 0 0 0 0 0.143237
474 475 0.0719933 0 -1.0224 0 0 0 0 -0.950405
475 476 0.00371157 0 -1.32549 0 0 0 0 -1.32177
476 477 0.00978814 0 -1.19184 0 0 0 0 -1.18205
477 478 0.0469427 0 -1.00417 0 0 0 0 -0.957227
478 479 0.00167027 0 -1.19701 0 0 0 0 -1.19534
479 480 0.086354 0 -1.15587 0 0 0 0 -1.06952
480 481 0.0399087 0 0 0 0 0 0 0.0399087
481 482 0.192232 0 0 0 0 0 0 0.192232
482 483 0.0240472 0 -1.15405 0 0 0 0 -1.13001
483 484 0.00356079 0 -0.94594 0 0 0 0 -0.942379
484 485 0.103474 0 0 0 0 0 0 0.103474
485 486 0.0303916 0 0 0 0 0 0 0.0303916
486 487 0.00990571 0 -0 0 0 0 0 0.00990571
487 488 1.63501e-05 0 0 0 0 0 0 1.63501e-05
488 489 0.0339335 0 -1.33759 0 0 0 0 -1.30366
489 490 0.0526973 0 -1.14449 0 0 0 0 -1.09179
490 491 0.401263 0 -1.36225 0 0 0 0 -0.960985
491 492 0.167899 0 0 0 0 0 0 0.167899
492 493 0.14139 0 0 0 0 0 0 0.14139
493 494 0.0883365 0 -1.14914 0 0 0 0 -1.06081
494 495 0.080112 0 -1.02888 0 0 0 0 -0.948767
495 496 0.120663 0 -1.41558 0 0 0 0 -1.29491
496 497 0.213716 0 0 0 0 0 0 0.213716
497 498 0.0240629 0 0 0 0 0 0 0.0240629
498 499 0.00116721 0 -1.22121 0 0 0 0 -1.22004
499 500 0.00761306 0 -1.09807 0 0 0 0 -1.09046
500 501 0.0656833 0 -1.3281 0 0 0 0 -1.26241
501 502 0.059146 0 0 0 0 0 0 0.059146
502 503 0.00842663 0 -1.22039 0 0 0 0 -1.21197
503 504 0.00287459 0 -1.27108 0 0 0 0 -1.26821
504 505 0.000467613 0 -1.04804 0 0 0 0 -1.04757
505 506 0.0204771 0 0 0 0 0 0 0.0204771
506 507 0.211683 0 -1.20527 0 0 0 0 -0.993582
507 508 0.292641 0 -1.37159 0 0 0 0 -1.07895
508 509 0.279113 0 0 0 0 0 0 0.279113
510 511 0.000585393 0 0 0 0 0 0 0.000585393
511 512 0.170954 0 -0 0 0 0 0 0.170954
512 513 0.0540018 0 -0 0 0 0 0 0.0540018
513 514 0.0896712 0 0 0 0 0 0 0.0896712
514 515 0.00190879 0 -1.32597 0 0 0 0 -1.32406
515 516 0.070018 0 0 0 0 0 0 0.070018
516 517 0.0737803 0 0 0 0 0 0 0.0737803
517 518 0.000668557 0 -0.983024 0 0 0 0 -0.982356
518 519 8.83466e-05 0 -1.20504 0 0 0 0 -1.20495
519 520 0.169828 0 -1.14056 0 0 0 0 -0.97073
520 521 0.149692 0 0 0 0 0 0 0.149692
520 522 0 0 0 0.00696466 0 0 0 0.00696466
521 522 0.224667 0 0 0 0 0 0 0.224667
522 523 0.010097 0 -1.1962 0 0 0 0 -1.1861
523 524 0.0518329 0 -0.807836 0 0 0 0 -0.756003
524 525 0.00198776 0 0 0 0 0 0 0.00198776
525 526 1.06543e-05 0 0 0 0 0 0 1.06543e-05
526 527 0.0053649 0 -1.07173 0 0 0 0 -1.06637
527 528 0.0183971 0 -1.2888 0 0 0 0 -1.27041
528 529 0.0137244 0 -1.3233 0 0 0 0 -1.30957
529 530 0.000249519 0 -1.29751 0 0 0 0 -1.29726
530 531 0.337897 0 -1.05564 0 0 0 0 -0.717748
531 532 0.0531329 0 -1.3963 0 0 0 0 -1.34317
532 533 0.00016524 0 -1.06017 0 0 0 0 -1.06001
533 534 0.0268408 0 -0.884151 0 0 0 0 -0.85731
534 535 0.0159088 0 -1.26111 0 0 0 0 -1.2452
535 536 0.0076577 0 0 0 0 0 0 0.0076577
536 537 0.0558563 0 -1.33153 0 0 0 0 -1.27567
537 538 0.0793852 0 -1.33608 0 0 0 0 -1.25669
538 539 0.0181475 0 -1.34795 0 0 0 0 -1.3298
539 540 0.0107498 0 0 0 0 0 0 0.0107498
540 541 0.0637421 0 -1.1795 0 0 0 0 -1.11576
541 542 0.0212698 0 -1.36155 0 0 0 0 -1.34028
542 543 0.0486827 0 0 0 0 0 0 0.0486827
543 544 0.0706577 0 -1.2427 0 0 0 0 -1.17205
544 545 0.000391309 0 0 0 0 0 0 0.000391309
545 546 0.0142959 0 0 0 0 0 0 0.0142959
546 547 0.0279065 0 -0.831318 0 0 0 0 -0.803412
547 548 0.038519 0 -0 0 0 0 0 0.038519
548 549 0.0460421 0 -1.28896 0 0 0 0 -1.24292
549 550 0.0143869 0 -1.30194 0 0 0 0 -1.28756
550 551 0.0147835 0 0 0 0 0 0 0.0147835
551 552 0.0355075 0 0 0 0 0 0 0.0355075
552 553 0.168472 0 -0.944637 0 0 0 0 -0.776165
553 554 0.00547019 0 0 0 0 0 0 0.00547019
554 555 0.000833124 0 -1.07563 0 0 0 0 -1.0748
555 556 0.000922293 0 0 0 0 0 0 0.000922293
556 557 0.00985699 0 0 0 0 0 0 0.00985699
557 558 0.253411 0 0 0 0 0 0 0.253411
558 559 0.147895 0 -0 0 0 0 0 0.147895
559 560 0.0122258 0 0 0 0 0 0 0.0122258
561 562 0.0797348 0 -0.58715 0 0 0 0 -0.507416
562 563 0.0455007 0 -1.01586 0 0 0 0 -0.970362
563 564 0.0256759 0 -0.538468 0 0 0 0 -0.512792
564 565 0.0113546 0 0 0 0 0 0 0.0113546
565 566 0.0310168 0 -1.34081 0 0 0 0 -1.30979
566 567 0.144283 0 -0.912509 0 0 0 0 -0.768226
567 568 0.159311 0 0 0 0 0 0 0.159311
568 569 0.000209055 0 0 0 0 0 0 0.000209055
569 570 0.387662 0 0 0 0 0 0 0.387662
570 571 0.118119 0 -0.93961 0 0 0 0 -0.821491
571 572 0.038941 0 -0.74406 0 0 0 0 -0.705119
572 573 0.0145233 0 -1.34947 0 0 0 0 -1.33495
573 574 0.00555082 0 -0 0 0 0 0 0.00555082
574 575 0.0876589 0 -1.24656 0 0 0 0 -1.1589
575 576 0.0439312 0 -1.01724 0 0 0 0 -0.973306
576 577 0.00206496 0 -0 0 0 0 0 0.00206496
577 578 0.00103969 0 0 0 0 0 0 0.00103969
578 579 0.00546793 0 0 0 0 0 0 0.00546793
579 580 0.1218 0 0 0 0 0 0 0.1218
580 581 0.00198954 0 0 0 0 0 0 0.00198954
581 582 0.0641417 0 -1.31717 0 0 0 0 -1.25303
582 583 0.00518408 0 -0 0 0 0 0 0.00518408
583 584 0.0048255 0 -1.30174 0 0 0 0 -1.29692
584 585 0.0468251 0 -1.29702 0 0 0 0 -1.25019
585 586 0.0173061 0 -1.20537 0 0 0 0 -1.18807
586 587 0.0195055 0 -0 0 0 0 0 0.0195055
587 588 0.0626532 0 -1.31921 0 0 0 0 -1.25656
588 589 0.00122137 0 0 0 0 0 0 0.00122137
589 590 0.242214 0 -1.17361 0 0 0 0 -0.931393
590 591 0.024682 0 -1.31701 0 0 0 0 -1.29233
591 592 0.0771282 0 0 0 0 0 0 0.0771282
592 593 0.00435599 0 -0.95808 0 0 0 0 -0.953724
593 594 0.000479826 0 -1.25464 0 0 0 0 -1.25416
594 595 0.00275487 0 -1.19253 0 0 0 0 -1.18977
595 596 0.00585539 0 0 0 0 0 0 0.00585539
596 597 0.0562526 0 -1.32198 0 0 0 0 -1.26573
597 598 0.0123527 0 -1.43983 0 0 0 0 -1.42747
598 599 0.00492233 0 0 0 0 0 0 0.00492233
599 600 0.164619 0 0 0 0 0 0 0.164619
600 601 0.0627907 0 -1.34346 0 0 0 0 -1.28067
601 602 0.0834332 0 -1.04769 0 0 0 0 -0.96426
602 603 0.00166511 0 -1.33266 0 0 0 0 -1.331
603 604 0.00353511 0 -1.12697 0 0 0 0 -1.12343
604 605 0.154947 0 -1.42699 0 0 0 0 -1.27205
605 606 0.03414 0 -1.26012 0 0 0 0 -1.22598
606 607 0.00380922 0 0 0 0 0 0 0.00380922
607 608 0.19651 0 0 0 0 0 0 0.19651
608 609 0.070469 0 0 0 0 0 0 0.070469
609 610 0.0244696 0 -0 0 0 0 0 0.0244696
610 611 0.0870446 0 -1.22714 0 0 0 0 -1.1401
612 613 0.0346008 0 -1.10142 0 0 0 0 -1.06682
613 614 0.0167548 0 0 0 0 0 0 0.0167548
614 615 0.0593933 0 -0 0 0 0 0 0.0593933
615 616 0.00137694 0 0 0 0 0 0 0.00137694
616 617 0.0155967 0 -1.29317 0 0 0 0 -1.27758
617 618 0.00837187 0 -1.37457 0 0 0 0 -1.3662
618 619 0.0637776 0 -0 0 0 0 0 0.0637776
619 620 0.0125669 0 -0.909624 0 0 0 0 -0.897058
620 621 0.00206489 0 -1.12586 0 0 0 0 -1.1238
621 622 0.00778918 0 0 0 0 0 0 0.00778918
622 623 0.0059595 0 -0 0 0 0 0 0.0059595
623 624 0.168398 0 -1.32684 0 0 0 0 -1.15844
624 625 0.00659823 0 -1.05353 0 0 0 0 -1.04693
625 626 0.00167987 0 0 0 0 0 0 0.00167987
626 627 0.00474055 0 -1.05727 0 0 0 0 -1.05253
627 628 0.0873888 0 -1.11298 0 0 0 0 -1.02559
628 629 0.0147618 0 0 0 0 0 0 0.0147618
629 630 0.0470071 0 -1.19492 0 0 0 0 -1.14791
630 631 0.0348517 0 -1.22923 0 0 0 0 -1.19438
631 632 6.14126e-05 0 -0 0 0 0 0 6.14126e-05
632 633 0.0401725 0 0 0 0 0 0 0.0401725
633 634 0.153695 0 0 0 0 0 0 0.153695
634 635 0.0188958 0 -0 0 0 0 0 0.0188958
635 636 0.0721977 0 -0.949649 0 0 0 0 -0.877452
636 637 0.393701 0 -1.24898 0 0 0 0 -0.855284
637 638 0.000754611 0 0 0 0 0 0 0.000754611
638 639 0.000652881 0 -0 0 0 0 0 0.000652881
639 640 0.169182 0 0 0 0 0 0 0.169182
640 641 0.0706639 0 0 0 0 0 0 0.0706639
641 642 0.0320508 0 0 0 0 0 0 0.0320508
642 643 0.00027645 0 0 0 0 0 0 0.00027645
643 644 0.000538094 0 0 0 0 0 0 0.000538094
644 645 0.000935774 0 -0.446701 0 0 0 0 -0.445765
645 646 0.00695696 0 0 0 0 0 0 0.00695696
646 647 0.162085 0 -1.2842 0 0 0 0 -1.12212
647 648 0.0236862 0 -0.976897 0 0 0 0 -0.953211
648 649 0.0879389 0 -1.25355 0 0 0 0 -1.16561
649 650 0.197995 0 0 0 0 0 0 0.197995
650 651 0.000563954 0 -1.24509 0 0 0 0 -1.24453
651 652 0.0443915 0 0 0 0 0 0 0.0443915
652 653 6.6039e-05 0 0 0 0 0 0 6.6039e-05
653 654 0.0155322 0 0 0 0 0 0 0.0155322
654 655 0.0648242 0 -0.981355 0 0 0 0 -0.91653
655 656 0.0510812 0 0 0 0 0 0 0.0510812
656 657 0.0905451 0 -1.40149 0 0 0 0 -1.31095
657 658 0.0662868 0 -1.09915 0 0 0 0 -1.03286
658 659 0.00285013 0 -1.35263 0 0 0 0 -1.34978
659 660 0.0559779 0 0 0 0 0 0 0.0559779
660 661 0.0124282 0 -0.69637 0 0 0 0 -0.683942
661 662 4.10713e-06 0 -0 0 0 0 0 4.10713e-06
663 664 0.0257024 0 -0.95249 0 0 0 0 -0.926788
664 665 0.0489539 0 -1.18158 0 0 0 0 -1.13263
665 666 5.20258e-05 0 -1.04614 0 0 0 0 -1.04609
666 667 0.00229605 0 0 0 0 0 0 0.00229605
667 668 0.162908 0 0 0 0 0 0 0.162908
668 669 0.0169161 0 -0.911474 0 0 0 0 -0.894558
669 670 0.012889 0 -1.0987 0 0 0 0 -1.08581
670 671 0.00190339 0 -1.19576 0 0 0 0 -1.19385
671 672 0.0102408 0 -0.125899 0 0 0 0 -0.115658
672 673 0.106799 0 -1.25728 0 0 0 0 -1.15048
673 674 0.01259 0 0 0 0 0 0 0.01259
674 675 0.00721404 0 -1.36075 0 0 0 0 -1.35354
675 676 0.00213145 0 0 0 0 0 0 0.00213145
676 677 0.0232341 0 -0.882409 0 0 0 0 -0.859175
677 678 0.00543631 0 0 0 0 0 0 0.00543631
678 679 0.167741 0 -1.26796 0 0 0 0 -1.10022
679 680 0.0678095 0 -1.12534 0 0 0 0 -1.05753
680 681 0.020861 0 -1.45408 0 0 0 0 -1.43322
681 682 0.01399 0 -0.486714 0 0 0 0 -0.472724
682 683 0.0113654 0 -1.35688 0 0 0 0 -1.34551
683 684 0.13862 0 0 0 0 0 0 0.13862
684 685 0.0538769 0 -1.23882 0 0 0 0 -1.18494
685 686 0.015262 0 -0.448118 0 0 0 0 -0.432856
686 687 0.0972706 0 -1.21985 0 0 0 0 -1.12258
687 688 0.0208287 0 -1.20146 0 0 0 0 -1.18063
688 689 0.188024 0 -1.10172 0 0 0 0 -0.913691
689 690 0.0729643 0 0 0 0 0 0 0.0729643
690 691 0.0131056 0 -1.05664 0 0 0 0 -1.04353
691 692 0.112972 0 -1.1432 0 0 0 0 -1.03023
692 693 0.0396818 0 -1.07345 0 0 0 0 -1.03376
693 694 0.0855373 0 -1.35867 0 0 0 0 -1.27313
694 695 0.00877634 0 -1.11879 0 0 0 0 -1.11001
695 696 0.0430412 0 0 0 0 0 0 0.0430412
696 697 0.0230709 0 -1.03285 0 0 0 0 -1.00978
697 698 0.00162853 0 -1.14397 0 0 0 0 -1.14234
698 699 0.092008 0 0 0 0 0 0 0.092008
699 700 0.00227152 0 -0 0 0 0 0 0.00227152
700 701 0.0841542 0 0 0 0 0 0 0.0841542
701 702 0.000531935 0 -1.18673 0 0 0 0 -1.1862
702 703 2.66081e-06 0 -0.751155 0 0 0 0 -0.751153
703 704 0.0288185 0 -1.01432 0 0 0 0 -0.985503
704 705 0.104992 0 -1.2687 0 0 0 0 -1.1637
705 706 0.167318 0 -1.36732 0 0 0 0 -1.20001
706 707 0.00637156 0 -1.07405 0 0 0 0 -1.06768
707 708 0.0154472 0 0 0 0 0 0 0.0154472
708 709 0.0312544 0 -1.00997 0 0 0 0 -0.978711
709 710 0.0539465 0 -1.32035 0 0 0 0 -1.26641
710 711 0.0466031 0 -1.13306 0 0 0 0 -1.08645
711 712 0.00604543 0 -0.668651 0 0 0 0 -0.662606
712 713 0.0054375 0 0 0 0 0 0 0.0054375
714 715 0.00295048 0 0 0 0 0 0 0.00295048
715 716 0.000985456 0 0 0 0 0 0 0.000985456
716 717 0.028949 0 0 0 0 0 0 0.028949
717 718 0.105593 0 -0.767479 0 0 0 0 -0.661886
718 719 0.0970511 0 -1.1771 0 0 0 0 -1.08005
719 720 0.00634728 0 -0 0 0 0 0 0.00634728
720 721 0.0604247 0 0 0 0 0 0 0.0604247
721 722 1.33548e-05 0 -1.00363 0 0 0 0 -1.00361
722 723 0.0179621 0 -0 0 0 0 0 0.0179621
723 724 0.0115389 0 -1.27338 0 0 0 0 -1.26184
724 725 0.0151633 0 0 0 0 0 0 0.0151633
725 726 0.0533271 0 -1.09125 0 0 0 0 -1.03792
726 727 0.0734998 0 -0.705364 0 0 0 0 -0.631864
727 728 2.30299e-06 0 0 0 0 0 0 2.30299e-06
728 729 0.0232082 0 0 0 0 0 0 0.0232082
729 730 0.0113725 0 -0.931312 0 0 0 0 -0.919939
730 731 0.111642 0 -1.12785 0 0 0 0 -1.01621
731 732 0.00738821 0 -1.21227 0 0 0 0 -1.20488
732 733 0.00444209 0 -1.24 0 0 0 0 -1.23556
733 734 0.0408403 0 -0.911393 0 0 0 0 -0.870553
734 735 0.0073831 0 0 0 0 0 0 0.0073831
735 736 0.0415232 0 -1.01813 0 0 0 0 -0.976606
736 737 0.0859965 0 -0 0 0 0 0 0.0859965
737 738 0.0118555 0 0 0 0 0 0 0.0118555
738 739 0.0393698 0 0 0 0 0 0 0.0393698
739 740 0.00862037 0 -0.955915 0 0 0 0 -0.947295
740 741 0.00305338 0 -1.36748 0 0 0 0 -1.36443
741 742 0.010726 0 0 0 0 0 0 0.010726
742 743 0.0558956 0 -1.26211 0 0 0 0 -1.20622
743 744 0.00596398 0 -1.42928 0 0 0 0 -1.42331
744 745 0.0013927 0 -0 0 0 0 0 0.0013927
745 746 0.0192202 0 0 0 0 0 0 0.0192202
746 747 0.0142217 0 -1.11182 0 0 0 0 -1.0976
747 748 0.156476 0 -1.24728 0 0 0 0 -1.0908
748 749 0.116722 0 0 0 0 0 0 0.116722
749 750 0.0479425 0 -1.15427 0 0 0 0 -1.10633
750 751 0.147159 0 -1.13618 0 0 0 0 -0.989024
751 752 0.0562413 0 -1.3107 0 0 0 0 -1.25446
752 753 0.00360581 0 -1.01908 0 0 0 0 -1.01547
753 754 0.061728 0 -0.866692 0 0 0 0 -0.804964
754 755 0.0770556 0 0 0 0 0 0 0.0770556
755 756 0.0190904 0 -0 0 0 0 0 0.0190904
756 757 0.00371613 0 -0 0 0 0 0 0.00371613
757 758 0.0035051 0 0 0 0 0 0 0.0035051
758 759 0.00271447 0 0 0 0 0 0 0.00271447
759 760 0.0696436 0 0 0 0 0 0 0.0696436
760 761 0.0222277 0 0 0 0 0 0 0.0222277
761 762 0.000892727 0 -1.04208 0 0 0 0 -1.04119
762 763 0.00765719 0 -1.1132 0 0 0 0 -1.10555
763 764 0.00427616 0 0 0 0 0 0 0.00427616
765 766 0.0807816 0 -0.818663 0 0 0 0 -0.737881
766 767 0.00403717 0 -1.28231 0 0 0 0 -1.27827
767 768 0.0272278 0 -1.06967 0 0 0 0 -1.04244
768 769 0.0180688 0 -1.33052 0 0 0 0 -1.31245
769 770 0.00951203 0 -1.3625 0 0 0 0 -1.35299
770 771 0.00205612 0 0 0 0 0 0 0.00205612
771 772 0.124781 0 -0 0 0 0 0 0.124781
772 773 1.70051e-06 0 0 0 0 0 0 1.70051e-06
773 774 0.015151 0 0 0 0 0 0 0.015151
774 775 0.0909599 0 0 0 0 0 0 0.0909599
775 776 0.0780969 0 -0.210242 0 0 0 0 -0.132145
776 777 0.11308 0 -1.10966 0 0 0 0 -0.996584
777 778 0.126712 0 -1.06963 0 0 0 0 -0.942915
778 779 0.0258491 0 -1.3162 0 0 0 0 -1.29035
779 780 0.0108035 0 0 0 0 0 0 0.0108035
780 781 0.053723 0 -1.23628 0 0 0 0 -1.18256
781 782 0.00157121 0 -1.15989 0 0 0 0 -1.15832
782 783 0.000745561 0 -0.476062 0 0 0 0 -0.475316
783 784 0.00663343 0 0 0 0 0 0 0.00663343
784 785 0.177796 0 -1.04406 0 0 0 0 -0.866267
785 786 0.064122 0 -0.926229 0 0 0 0 -0.862107
786 787 0.0725299 0 0 0 0 0 0 0.0725299
787 788 0.0624713 0 -1.34618 0 0 0 0 -1.28371
788 789 0.0705779 0 0 0 0 0 0 0.0705779
789 790 0.0217265 0 -1.06914 0 0 0 0 -1.04742
790 791 0.00617324 0 0 0 0 0 0 0.00617324
791 792 0.00909947 0 -0.922092 0 0 0 0 -0.912993
792 793 0.0037451 0 0 0 0 0 0 0.0037451
793 794 0.130746 0 -1.30259 0 0 0 0 -1.17185
794 795 0.00124635 0 -0.824311 0 0 0 0 -0.823064
795 796 0.00922268 0 -1.29401 0 0 0 0 -1.28478
796 797 0.187915 0 0 0 0 0 0 0.187915
797 798 0.00621673 0 -0 0 0 0 0 0.00621673
798 799 0.0914615 0 -1.34067 0 0 0 0 -1.2492
797 800 0 0 0 0 -0 -0.000106956 -0 -0.000106956
799 800 0.0600415 0 -1.16826 0 0 0 0 -1.10822
797 801 0 0 0 0 0 -0.0603347 0 -0.0603347
800 801 0.05735 0 -0.88046 0 0 0 0 -0.823111
801 802 0.0387917 0 -1.32576 0 0 0 0 -1.28697
802 803 0.0945539 0 -1.4043 0 0 0 0 -1.30975
803 804 0.00157434 0 -1.30038 0 0 0 0 -1.29881
804 805 0.000469451 0 -0.972431 0 0 0 0 -0.971961
805 806 0.399888 0 -1.2927 0 0 0 0 -0.892816
806 807 0.0309635 0 -0 0 0 0 0 0.0309635
807 808 0.0429507 0 0 0 0 0 0 0.0429507
808 809 0.00171657 0 -1.37283 0 0 0 0 -1.37112
809 810 0.368282 0 0 0 0 0 0 0.368282
810 811 0.0473616 0 -0.929954 0 0 0 0 -0.882592
811 812 0.05641 0 -1.2444 0 0 0 0 -1.18799
812 813 0.35965 0 0 0 0 0 0 0.35965
813 814 0.00671422 0 -0 0 0 0 0 0.00671422
814 815 0.0886113 0 -0 0 0 0 0 0.0886113
816 817 0.0125059 0 0 0 0 0 0 0.0125059
817 818 0.0208834 0 -1.24242 0 0 0 0 -1.22153
818 819 0.0148104 0 -1.11646 0 0 0 0 -1.10165
819 820 0.210594 0 -1.41503 0 0 0 0 -1.20443
820 821 0.163977 0 0 0 0 0 0 0.163977
821 822 0.0691806 0 -0.826992 0 0 0 0 -0.757812
822 823 0.0935604 0 -0.900743 0 0 0 0 -0.807183
823 824 0.0200828 0 0 0 0 0 0 0.0200828
824 825 0.0302959 0 -0.00179509 0 0 0 0 0.0285008
825 826 0.0014236 0 -1.28249 0 0 0 0 -1.28107
826 827 0.00225733 0 -0.864147 0 0 0 0 -0.86189
827 828 0.000681369 0 -1.38172 0 0 0 0 -1.38103
828 829 0.0117852 0 -1.27079 0 0 0 0 -1.259
829 830 0.00638058 0 0 0 0 0 0 0.00638058
830 831 0.00338928 0 0 0 0 0 0 0.00338928
831 832 0.00442548 0 -1.35038 0 0 0 0 -1.34595
832 833 0.023527 0 -0 0 0 0 0 0.023527
833 834 0.0704603 0 -1.18899 0 0 0 0 -1.11853
834 835 0.00113548 0 -1.12269 0 0 0 0 -1.12156
835 836 0.02606 0 -1.23121 0 0 0 0 -1.20515
836 837 0.0513008 0 -0.939495 0 0 0 0 -0.888194
837 838 0.195682 0 -1.14918 0 0 0 0 -0.953503
838 839 0.0181543 0 -1.15429 0 0 0 0 -1.13613
839 840 0.0789813 0 -1.39721 0 0 0 0 -1.31823
840 841 0.0359754 0 -1.03891 0 0 0 0 -1.00294
841 842 0.0137058 0 -1.15741 0 0 0 0 -1.1437
842 843 0.0612154 0 0 0 0 0 0 0.0612154
843 844 0.00320082 0 -0.683422 0 0 0 0 -0.680221
844 845 0.0124435 0 -1.19588 0 0 0 0 -1.18344
845 846 0.0125941 0 0 0 0 0 0 0.0125941
846 847 0.0437194 0 0 0 0 0 0 0.0437194
847 848 0.00088685 0 -1.27818 0 0 0 0 -1.27729
848 849 0.00636257 0 0 0 0 0 0 0.00636257
849 850 0.0318603 0 0 0 0 0 0 0.0318603
850 851 0.0526263 0 -1.2413 0 0 0 0 -1.18867
851 852 0.053399 0 -0 0 0 0 0 0.053399
852 853 0.00303742 0 -1.27604 0 0 0 0 -1.273
853 854 0.00682323 0 -0.725275 0 0 0 0 -0.718452
854 855 0.0426114 0 -1.32359 0 0 0 0 -1.28098
855 856 1.03792e-05 0 -0.841457 0 0 0 0 -0.841446
856 857 0.0284811 0 -0.705266 0 0 0 0 -0.676785
857 858 0.0990904 0 0 0 0 0 0 0.0990904
858 859 0.0751105 0 0 0 0 0 0 0.0751105
859 860 0.000642493 0 0 0 0 0 0 0.000642493
860 861 0.000607549 0 -0 0 0 0 0 0.000607549
861 862 0.000211933 0 -1.32483 0 0 0 0 -1.32462
862 863 0.103245 0 -0.821665 0 0 0 0 -0.71842
863 864 0.0577549 0 -0.763948 0 0 0 0 -0.706193
863 865 0 0 0 0.0443689 0 0 0 0.0443689
864 865 0.000398196 0 0 0 0 0 0 0.000398196
865 866 0.0726092 0 0 0 0 0 0 0.0726092
867 868 0.0297194 0 -1.26077 0 0 0 0 -1.23105
868 869 0.115113 0 -0.54701 0 0 0 0 -0.431897
869 870 0.00271768 0 0 0 0 0 0 0.00271768
870 871 0.00472945 0 -0.983584 0 0 0 0 -0.978854
871 872 0.0596821 0 -1.40658 0 0 0 0 -1.34689
872 873 0.0227047 0 -0 0 0 0 0 0.0227047
873 874 0.124353 0 -0.715589 0 0 0 0 -0.591235
874 875 0.30442 0 -1.29562 0 0 0 0 -0.991202
875 876 0.00563579 0 -1.26564 0 0 0 0 -1.26
876 877 0.0321975 0 0 0 0 0 0 0.0321975
877 878 0.0518601 0 -1.36503 0 0 0 0 -1.31317
878 879 0.209421 0 0 0 0 0 0 0.209421
879 880 0.0113333 0 -1.43866 0 0 0 0 -1.42733
880 881 0.0099836 0 -0.928327 0 0 0 0 -0.918344
881 882 0.0289996 0 0 0 0 0 0 0.0289996
882 883 0.00109729 0 0 0 0 0 0 0.00109729
883 884 0.00640678 0 -0 0 0 0 0 0.00640678
884 885 0.000523074 0 0 0 0 0 0 0.000523074
885 886 0.102705 0 -1.41191 0 0 0 0 -1.30921
886 887 0.0089995 0 -0.600187 0 0 0 0 -0.591188
887 888 0.0290978 0 -1.23968 0 0 0 0 -1.21058
888 889 0.0574799 0 0 0 0 0 0 0.0574799
889 890 0.112471 0 -1.11869 0 0 0 0 -1.00621
890 891 0.000328555 0 -0.938398 0 0 0 0 -0.938069
891 892 0.0438765 0 0 0 0 0 0 0.0438765
892 893 0.0591162 0 -1.37221 0 0 0 0 -1.3131
893 894 0.014217 0 0 0 0 0 0 0.014217
894 895 5.94266e-05 0 -0.941721 0 0 0 0 -0.941662
895 896 0.00374421 0 -1.09368 0 0 0 0 -1.08994
896 897 0.0285208 0 -1.31404 0 0 0 0 -1.28552
897 898 0.00697152 0 0 0 0 0 0 0.00697152
898 899 0.00951041 0 -1.39195 0 0 0 0 -1.38244
899 900 0.102636 0 0 0 0 0 0 0.102636
900 901 0.00334773 0 0 0 0 0 0 0.00334773
901 902 0.0847512 0 0 0 0 0 0 0.0847512
902 903 0.0644822 0 0 0 0 0 0 0.0644822
903 904 0.00640959 0 -0.962385 0 0 0 0 -0.955976
904 905 0.0419593 0 -1.22078 0 0 0 0 -1.17882
905 906 0.0225307 0 -1.36733 0 0 0 0 -1.3448
906 907 0.118955 0 0 0 0 0 0 0.118955
907 908 0.0396346 0 0 0 0 0 0 0.0396346
908 909 0.000488037 0 -1.32446 0 0 0 0 -1.32398
909 910 0.00166293 0 -1.40808 0 0 0 0 -1.40642
910 911 0.000215716 0 -1.30805 0 0 0 0 -1.30783
911 912 0.0422017 0 0 0 0 0 0 0.0422017
912 913 0.00727656 0 -1.19534 0 0 0 0 -1.18806
913 914 0.00833315 0 -0.888642 0 0 0 0 -0.880309
914 915 0.137388 0 0 0 0 0 0 0.137388
915 916 0.00583915 0 -1.09193 0 0 0 0 -1.08609
916 917 0.0417532 0 -0 0 0 0 0 0.0417532
918 919 0.0627728 0.23392 0 0 0 0 0 0.296693
919 920 0.000445157 0 0 0 0 0 0 0.000445157
920 921 0.371686 0 0 0 0 0 0 0.371686
921 922 0.0661291 0 -1.05511 0 0 0 0 -0.988983
922 923 0.037819 0 -0.927723 0 0 0 0 -0.889904
923 924 0.0246511 0 0 0 0 0 0 0.0246511
924 925 0.000255053 0 -1.33658 0 0 0 0 -1.33633
925 926 0.100421 0 0 0 0 0 0 0.100421
926 927 0.0190758 0 -0.991098 0 0 0 0 -0.972022
927 928 0.0052028 0 -0 0 0 0 0 0.0052028
928 929 0.0377235 0 -1.31566 0 0 0 0 -1.27793
929 930 0.000244471 0 -0.602682 0 0 0 0 -0.602438
930 931 0.205636 0 -1.06511 0 0 0 0 -0.859474
931 932 0.0107786 0 0 0 0 0 0 0.0107786
932 933 0.0097137 0 -0 0 0 0 0 0.0097137
933 934 0.0410026 0 0 0 0 0 0 0.0410026
934 935 0.0386813 0 -0 0 0 0 0 0.0386813
935 936 0.192817 0 0 0 0 0 0 0.192817
936 937 0.0169042 0 -0 0 0 0 0 0.0169042
937 938 0.159443 0 0 0 0 0 0 0.159443
938 939 0.000329535 0 -1.36686 0 0 0 0 -1.36653
939 940 0.0053876 0 0 0 0 0 0 0.0053876
940 941 0.0346974 0 -0 0 0 0 0 0.0346974
941 942 0.000688037 0 0 0 0 0 0 0.000688037
942 943 0.000311771 0 -0.686994 0 0 0 0 -0.686682
943 944 0.0327522 0 -1.32747 0 0 0 0 -1.29471
944 945 0.00981274 0 -1.42623 0 0 0 0 -1.41642
945 946 0.0271618 0 -1.36332 0 0 0 0 -1.33615
946 947 0.0625391 0 -1.22054 0 0 0 0 -1.158
947 948 0.145076 0 -0.321671 0 0 0 0 -0.176595
948 949 0.00294122 0 -1.31592 0 0 0 0 -1.31298
949 950 0.0415515 0 -0 0 0 0 0 0.0415515
950 951 0.132717 0 -1.20113 0 0 0 0 -1.06842
951 952 0.00104176 0 0 0 0 0 0 0.00104176
952 953 0.0658126 0 -1.30517 0 0 0 0 -1.23935
953 954 0.0749442 0 0 0 0 0 0 0.0749442
954 955 0.0214005 0 -1.25979 0 0 0 0 -1.23839
955 956 0.111671 0 -0.842495 0 0 0 0 -0.730824
956 957 0.0245645 0 -0 0 0 0 0 0.0245645
957 958 0.177443 0 0 0 0 0 0 0.177443
958 959 0.0984035 0 0 0 0 0 0 0.0984035
959 960 0.0169985 0 -1.0916 0 0 0 0 -1.07461
960 961 0.00681832 0 -1.07466 0 0 0 0 -1.06784
961 962 0.138219 0 0 0 0 0 0 0.138219
962 963 0.0121661 0 -0.795514 0 0 0 0 -0.783348
963 964 0.131033 0 -1.26945 0 0 0 0 -1.13841
964 965 0.0567638 0 -0.672927 0 0 0 0 -0.616163
965 966 0.0486351 0 -1.28317 0 0 0 0 -1.23454
966 967 0.0735925 0 -0 0 0 0 0 0.0735925
967 968 0.0114754 0 0 0 0 0 0 0.0114754
969 970 0.222618 0 -1.13338 0 0 0 0 -0.910765
970 971 0.0846882 0 0 0 0 0 0 0.0846882
971 972 0.198533 0 -1.3914 0 0 0 0 -1.19287
972 973 0.0669238 0 -1.1214 0 0 0 0 -1.05447
973 974 0.00294174 0 -1.18197 0 0 0 0 -1.17903
974 975 0.00576595 0 0 0 0 0 0 0.00576595
975 976 0.116536 0 -0.410259 0 0 0 0 -0.293723
976 977 0.000192722 0 -0.82951 0 0 0 0 -0.829317
977 978 0.0245213 0 -0.855085 0 0 0 0 -0.830564
978 979 0.0603886 0 -0 0 0 0 0 0.0603886
979 980 0.0557301 0 -0.985688 0 0 0 0 -0.929958
980 981 0.0478086 0 -1.27063 0 0 0 0 -1.22282
981 982 0.0356731 0 0 0 0 0 0 0.0356731
982 983 0.00144174 0 -0.703148 0 0 0 0 -0.701706
983 984 0.0691136 0 -0.888163 0 0 0 0 -0.819049
984 985 0.0487965 0 -1.23849 0 0 0 0 -1.1897
985 986 0.00649788 0 0 0 0 0 0 0.00649788
986 987 0.207649 0 0 0 0 0 0 0.207649
987 988 4.30625e-06 0 -1.24859 0 0 0 0 -1.24858
988 989 9.19933e-05 0 -1.06195 0 0 0 0 -1.06186
989 990 0.0337332 0 -1.41994 0 0 0 0 -1.3862
990 991 0.0267291 0 0 0 0 0 0 0.0267291
991 992 0.0125175 0 -1.40512 0 0 0 0 -1.3926
992 993 0.11422 0 -0.790513 0 0 0 0 -0.676293
993 994 0.0419858 0 -0.394563 0 0 0 0 -0.352578
994 995 0.0789135 0 -1.13235 0 0 0 0 -1.05344
995 996 0.00523105 0 -1.23231 0 0 0 0 -1.22707
996 997 0.0181468 0 -1.2862 0 0 0 0 -1.26805
997 998 0.00226859 0 0 0 0 0 0 0.00226859
998 999 0.023851 0 -1.40812 0 0 0 0 -1.38427
999 1000 0.111068 0 0 0 0 0 0 0.111068
1000 1001 0.0848925 0 0 0 0 0 0 0.0848925
1001 1002 0.0239881 0 0 0 0 0 0 0.0239881
1001 1003 0 0 0 0.0883625 0 0 0 0.0883625
1002 1003 0.0247769 0 -1.31687 0 0 0 0 -1.29209
1003 1004 7.26644e-05 0 -1.32284 0 0 0 0 -1.32277
1004 1005 0.00560081 0 -1.12727 0 0 0 0 -1.12167
1005 1006 0.0202821 0 -0 0 0 0 0 0.0202821
1006 1007 0.00292296 0 0 0 0 0 0 0.00292296
1007 1008 0.0502501 0 0 0 0 0 0 0.0502501
1008 1009 0.0415479 0 0 0 0 0 0 0.0415479
1009 1010 2.18119e-06 0 0 0 0 0 0 2.18119e-06
1010 1011 0.000351435 0 0 0 0 0 0 0.000351435
1011 1012 0.0786844 0 0 0 0 0 0 0.0786844
1012 1013 0.0109435 0 0 0 0 0 0 0.0109435
1013 1014 0.14514 0 0 0 0 0 0 0.14514
1014 1015 0.00679447 0 -1.42265 0 0 0 0 -1.41585
1015 1016 0.0367504 0 0 0 0 0 0 0.0367504
1016 1017 0.0140725 0 0 0 0 0 0 0.0140725
1017 1018 1.55627e-05 0 -1.09626 0 0 0 0 -1.09625
1018 1019 0.000450406 0 0 0 0 0 0 0.000450406
1020 1021 0.021011 0 -1.1368 0 0 0 0 -1.11579
1021 1022 0.0148959 0 -1.42498 0 0 0 0 -1.41009
1022 1023 0.196004 0 0 0 0 0 0 0.196004
1023 1024 0.106983 0 0 0 0 0 0 0.106983
1024 1025 0.0268432 0 -0 0 0 0 0 0.0268432
1025 1026 0.0207964 0 0 0 0 0 0 0.0207964
1026 1027 0.000602775 0 0 0 0 0 0 0.000602775
1027 1028 0.0533514 0 -0.909955 0 0 0 0 -0.856603
1028 1029 0.0176307 0 0 0 0 0 0 0.0176307
1029 1030 0.0289028 0 -1.22342 0 0 0 0 -1.19451
1030 1031 0.0335343 0 0 0 0 0 0 0.0335343
1031 1032 0.112449 0 -0 0 0 0 0 0.112449
1032 1033 0.0667355 0 0 0 0 0 0 0.0667355
1033 1034 0.00971915 0 -1.07621 0 0 0 0 -1.06649
1034 1035 0.0108227 0 -1.13357 0 0 0 0 -1.12274
1035 1036 0.0718951 0 -1.28392 0 0 0 0 -1.21203
1036 1037 0.151531 0 0 0 0 0 0 0.151531
1037 1038 0.179741 0 0 0 0 0 0 0.179741
1038 1039 0.0826962 0 -1.27413 0 0 0 0 -1.19143
1039 1040 0.0270387 0 -1.31116 0 0 0 0 -1.28412
1040 1041 0.0875399 0 0 0 0 0 0 0.0875399
1041 1042 0.00216148 0 -0.918565 0 0 0 0 -0.916403
1042 1043 1.82865e-06 0 0 0 0 0 0 1.82865e-06
1043 1044 0.0717226 0 0 0 0 0 0 0.0717226
1044 1045 0.00327773 0 0 0 0 0 0 0.00327773
1045 1046 0.0026576 0 -1.11628 0 0 0 0 -1.11362
1046 1047 0.0165388 0 -0.49932 0 0 0 0 -0.482781
1047 1048 0.0550534 0 -1.31155 0 0 0 0 -1.2565
1048 1049 0.00277166 0 0 0 0 0 0 0.00277166
1049 1050 0.000165418 0 0 0 0 0 0 0.000165418
1050 1051 0.0546771 0 0 0 0 0 0 0.0546771
1051 1052 0.0634815 0 -1.11978 0 0 0 0 -1.05629
1052 1053 0.0474877 0 -1.3875 0 0 0 0 -1.34001
1053 1054 0.103608 0 -1.41347 0 0 0 0 -1.30986
1054 1055 0.0923166 0 -1.40668 0 0 0 0 -1.31436
1055 1056 0.243791 0 0 0 0 0 0 0.243791
1056 1057 0.0259145 0 -1.25941 0 0 0 0 -1.2335
1057 1058 0.020481 0 0 0 0 0 0 0.020481
1058 1059 0.00124261 0 0 0 0 0 0 0.00124261
1059 1060 0.00564677 0 -1.30849 0 0 0 0 -1.30284
1060 1061 0.0186439 0 0 0 0 0 0 0.0186439
1061 1062 0.203282 0 0 0 0 0 0 0.203282
1062 1063 0.103389 0 0 0 0 0 0 0.103389
1063 1064 0.00469822 0 -1.33866 0 0 0 0 -1.33396
1064 1065 0.040414 0 -0.0396133 0 0 0 0 0.000800684
1065 1066 0.0295314 0 -1.35896 0 0 0 0 -1.32943
1066 1067 1.14079e-05 0 -1.2651 0 0 0 0 -1.26509
1067 1068 0.0171538 0 -0.011664 0 0 0 0 0.00548972
1069 1070 0.00241117 0 0 0 0 0 0 0.00241117
1070 1071 0.00955695 0 -1.08363 0 0 0 0 -1.07408
1071 1072 1.2277e-07 0 -0.815089 0 0 0 0 -0.815089
1072 1073 0.155692 0 -1.11591 0 0 0 0 -0.960215
1073 1074 0.0438691 0 0 0 0 0 0 0.0438691
1074 1075 0.0258008 0 -1.15998 0 0 0 0 -1.13418
1075 1076 0.0456803 0 -1.17973 0 0 0 0 -1.13405
1076 1077 0.276224 0 -0 0 0 0 0 0.276224
1077 1078 0.112784 0 -1.38498 0 0 0 0 -1.27219
1078 1079 0.0409286 0 0 0 0 0 0 0.0409286
1079 1080 0.0581851 0 0 0 0 0 0 0.0581851
1080 1081 0.00515821 0 0 0 0 0 0 0.00515821
1081 1082 0.0636577 0 -1.24524 0 0 0 0 -1.18158
1082 1083 0.137017 0 0 0 0 0 0 0.137017
1083 1084 0.436402 0 -1.28153 0 0 0 0 -0.84513
1084 1085 0.0322236 0 -0.835043 0 0 0 0 -0.80282
1085 1086 7.88306e-05 0 -1.29198 0 0 0 0 -1.2919
1086 1087 0.026508 0 0 0 0 0 0 0.026508
1087 1088 0.0140692 0 -1.01334 0 0 0 0 -0.999271
1088 1089 0.000448475 0 -1.30573 0 0 0 0 -1.30528
1089 1090 0.0146659 0 0 0 0 0 0 0.0146659
1090 1091 0.056352 0 -0.974802 0 0 0 0 -0.91845
1091 1092 0.352089 0 0 0 0 0 0 0.352089
1092 1093 0.0141539 0 -1.44723 0 0 0 0 -1.43308
1093 1094 0.00815781 0 -1.17109 0 0 0 0 -1.16293
1094 1095 0.0400359 0 0 0 0 0 0 0.0400359
1095 1096 0.0358262 0 -0.742978 0 0 0 0 -0.707152
1096 1097 0.176211 0 0 0 0 0 0 0.176211
1097 1098 0.193368 0 -0.978426 0 0 0 0 -0.785058
1098 1099 0.0172381 0 -1.15512 0 0 0 0 -1.13788
1099 1100 0.0478406 0 -1.2134 0 0 0 0 -1.16556
1100 1101 0.00469954 0 -0.973093 0 0 0 0 -0.968394
1101 1102 0.0136812 0 0 0 0 0 0 0.0136812
1102 1103 0.000697584 0 -0.85222 0 0 0 0 -0.851522
1103 1104 0.140889 0 -1.12811 0 0 0 0 -0.987218
1104 1105 0.318664 0 -1.05571 0 0 0 0 -0.737046
1105 1106 0.176243 0 -1.11661 0 0 0 0 -0.940368
1106 1107 0.0819822 0 -1.39189 0 0 0 0 -1.30991
1107 1108 0.294329 0 0 0 0 0 0 0.294329
1108 1109 2.91225e-05 0 -1.31677 0 0 0 0 -1.31674
1109 1110 0.051241 0 0 0 0 0 0 0.051241
1110 1111 0.0291414 0 0 0 0 0 0 0.0291414
1111 1112 0.000162908 0 -0 0 0 0 0 0.000162908
1112 1113 0.0942098 0 0 0 0 0 0 0.0942098
1113 1114 0.0307352 0 0 0 0 0 0 0.0307352
1114 1115 0.0565155 0 -1.24388 0 0 0 0 -1.18736
1115 1116 0.0506815 0 -0.341984 0 0 0 0 -0.291302
1116 1117 0.117093 0 0 0 0 0 0 0.117093
1118 1119 0.000484859 0 -1.30177 0 0 0 0 -1.30128
1119 1120 0.240104 0 -1.29014 0 0 0 0 -1.05003
1120 1121 0.249564 0 -1.19012 0 0 0 0 -0.940559
1121 1122 0.0165136 0 0 0 0 0 0 0.0165136
1122 1123 0.0930217 0 0 0 0 0 0 0.0930217
1123 1124 0.000254554 0 -1.12939 0 0 0 0 -1.12914
1124 1125 0.0379194 0 -1.22548 0 0 0 0 -1.18756
1125 1126 0.043145 0 -1.14898 0 0 0 0 -1.10583
1126 1127 0.0114758 0 -0.844292 0 0 0 0 -0.832816
1127 1128 0.0949426 0 -1.31261 0 0 0 0 -1.21767
1128 1129 0.123435 0 -1.16794 0 0 0 0 -1.0445
1129 1130 0.0149864 0 -1.20039 0 0 0 0 -1.1854
1130 1131 0.0266683 0 0 0 0 0 0 0.0266683
1131 1132 0.00504165 0 -0.926438 0 0 0 0 -0.921397
1132 1133 0.04764 0 -1.3434 0 0 0 0 -1.29576
1133 1134 0.0100032 0 -0.805048 0 0 0 0 -0.795045
1134 1135 0.169607 0 0 0 0 0 0 0.169607
1135 1136 5.54198e-05 0 -1.1213 0 0 0 0 -1.12125
1136 1137 0.00676258 0 0 0 0 0 0 0.00676258
1137 1138 0.0139986 0 -1.12215 0 0 0 0 -1.10815
1138 1139 0.0470129 0 -1.14283 0 0 0 0 -1.09581
1139 1140 0.0558022 0 -0.985641 0 0 0 0 -0.929839
1140 1141 0.00965686 0 -1.06646 0 0 0 0 -1.0568
1141 1142 0.00485067 0 0 0 0 0 0 0.00485067
1142 1143 0.0812614 0 -1.20559 0 0 0 0 -1.12432
1143 1144 0.0513787 0 -0 0 0 0 0 0.0513787
1144 1145 0.0103844 0 0 0 0 0 0 0.0103844
1145 1146 0.00540818 0 -1.18678 0 0 0 0 -1.18137
1146 1147 0.0141266 0 -1.37259 0 0 0 0 -1.35846
1147 1148 0.0164407 0 -1.10828 0 0 0 0 -1.09183
1148 1149 0.00652889 0 0 0 0 0 0 0.00652889
1149 1150 0.0339339 0 -1.09457 0 0 0 0 -1.06064
1150 1151 0.0828564 0 0 0 0 0 0 0.0828564
1151 1152 0.0013605 0 -1.34612 0 0 0 0 -1.34476
1152 1153 0.00177933 0 -1.33107 0 0 0 0 -1.3293
1151 1154 0 0 0 0 0 -0.00101219 0 -0.00101219
1153 1154 0.0721683 0 -0 0 0 0 0 0.0721683
1154 1155 0.200814 0 -1.18453 0 0 0 0 -0.983713
1155 1156 0.00975688 0 -0.77057 0 0 0 0 -0.760813
1156 1157 0.0273073 0 0 0 0 0 0 0.0273073
1157 1158 0.0306547 0 -1.37802 0 0 0 0 -1.34737
1158 1159 0.0242875 0 -1.30876 0 0 0 0 -1.28447
1159 1160 0.00310194 0 -1.06166 0 0 0 0 -1.05855
1160 1161 0.065861 0 -1.22991 0 0 0 0 -1.16405
1161 1162 0.00484843 0 0 0 0 0 0 0.00484843
1162 1163 0.112857 0 -1.19148 0 0 0 0 -1.07862
1163 1164 0.309079 0 0 0 0 0 0 0.309079
1164 1165 0.0518864 0 -0.999707 0 0 0 0 -0.947821
1165 1166 0.123803 0 -1.44706 0 0 0 0 -1.32326
1167 1168 0.00714802 0 -1.10138 0 0 0 0 -1.09423
1168 1169 0.00250838 0 -0.992968 0 0 0 0 -0.990459
1169 1170 0.0106079 0 -0 0 0 0 0 0.0106079
1170 1171 0.00133596 0 0 0 0 0 0 0.00133596
1171 1172 0.0283533 0 -0 0 0 0 0 0.0283533
1172 1173 0.0336289 0 0 0 0 0 0 0.0336289
1173 1174 0.0337523 0 0 0 0 0 0 0.0337523
1174 1175 0.00543545 0 -1.0673 0 0 0 0 -1.06187
1175 1176 0.0719243 0 0 0 0 0 0 0.0719243
1176 1177 0.000115514 0 0 0 0 0 0 0.000115514
1177 1178 0.00354083 0 0 0 0 0 0 0.00354083
1178 1179 0.0681197 0 -0.881958 0 0 0 0 -0.813838
1179 1180 0.165771 0 0 0 0 0 0 0.165771
1180 1181 0.000735583 0 -0 0 0 0 0 0.000735583
1181 1182 0.000425418 0 -0 0 0 0 0 0.000425418
1182 1183 0.00563012 0 -1.32872 0 0 0 0 -1.32309
1183 1184 0.000967034 0 -1.31746 0 0 0 0 -1.31649
1184 1185 0.348404 0 -1.21444 0 0 0 0 -0.866035
1182 1186 0 0 0 0 0 -0.000952103 -0 -0.000952103
1185 1186 0.292303 0 0 0 0 0 0 0.292303
1186 1187 0.0174128 0 0 0 0 0 0 0.0174128
1187 1188 0.00123633 0 -1.38104 0 0 0 0 -1.3798
1188 1189 0.049209 0 0 0 0 0 0 0.049209
1189 1190 0.000394381 0 -1.31299 0 0 0 0 -1.3126
1190 1191 0.163636 0 -1.35161 0 0 0 0 -1.18798
1191 1192 0.00264597 0 -1.25829 0 0 0 0 -1.25565
1192 1193 0.00380592 0 0 0 0 0 0 0.00380592
1193 1194 0.0336984 0 -0.796767 0 0 0 0 -0.763069
1194 1195 0.00419766 0 0 0 0 0 0 0.00419766
1195 1196 0.0022327 0 0 0 0 0 0 0.0022327
1196 1197 5.50879e-06 0 -1.07824 0 0 0 0 -1.07823
1197 1198 0.0104275 0 -0.553453 0 0 0 0 -0.543026
1198 1199 0.0204695 0 -1.15528 0 0 0 0 -1.13481
1199 1200 0.0164885 0 -1.06997 0 0 0 0 -1.05348
1200 1201 0.0517115 0 0 0 0 0 0 0.0517115
1201 1202 0.00928443 0 0 0 0 0 0 0.00928443
1202 1203 0.028488 0 -1.2366 0 0 0 0 -1.20811
1203 1204 0.00950977 0 -1.31508 0 0 0 0 -1.30557
1204 1205 0.000424132 0 -0.972538 0 0 0 0 -0.972114
1205 1206 0.0202962 0 -0.966809 0 0 0 0 -0.946512
1206 1207 0.0225618 0 0 0 0 0 0 0.0225618
1207 1208 0.169477 0 -0.902977 0 0 0 0 -0.7335
1208 1209 0.050141 0 -1.37476 0 0 0 0 -1.32462
1209 1210 0.00304403 0 -1.2293 0 0 0 0 -1.22626
1210 1211 0.162447 0 0 0 0 0 0 0.162447
1211 1212 0.0512083 0 0 0 0 0 0 0.0512083
1212 1213 0.342858 0 -0.899749 0 0 0 0 -0.556891
1213 1214 0.00707417 0 -0 0 0 0 0 0.00707417
1214 1215 0.00486888 0 0 0 0 0 0 0.00486888
1216 1217 0.00481297 0 -0 0 0 0 0 0.00481297
1217 1218 0.0620287 0 -0 0 0 0 0 0.0620287
1218 1219 0.111372 0 -0.711899 0 0 0 0 -0.600527
1219 1220 0.0749311 0 0 0 0 0 0 0.0749311
1220 1221 0.0220163 0 -0.755485 0 0 0 0 -0.733469
1221 1222 0.0124466 0 -1.29964 0 0 0 0 -1.28719
1222 1223 0.00225249 0 -1.25582 0 0 0 0 -1.25357
1223 1224 0.0873492 0 -1.31188 0 0 0 0 -1.22453
1224 1225 0.276144 0 -1.39133 0 0 0 0 -1.11518
1225 1226 0.0309977 0 0 0 0 0 0 0.0309977
1226 1227 0.0102526 0 -0 0 0 0 0 0.0102526
1227 1228 0.0342151 0 0 0 0 0 0 0.0342151
1228 1229 0.000341861 0 -0 0 0 0 0 0.000341861
1229 1230 0.000634379 0 0 0 0 0 0 0.000634379
1230 1231 0.00175883 0 -1.27874 0 0 0 0 -1.27698
1231 1232 0.0407973 0 -1.29286 0 0 0 0 -1.25206
1232 1233 0.0286507 0 0 0 0 0 0 0.0286507
1233 1234 0.00144211 0 0 0 0 0 0 0.00144211
1234 1235 0.0107978 0 -1.22251 0 0 0 0 -1.21171
1235 1236 0.0029352 0 -0.947516 0 0 0 0 -0.944581
1236 1237 5.33251e-05 0 0 0 0 0 0 5.33251e-05
1237 1238 0.0150391 0 -1.15162 0 0 0 0 -1.13658
1238 1239 0.017384 0 -1.0414 0 0 0 0 -1.02402
1239 1240 0.0177754 0 0 0 0 0 0 0.0177754
1240 1241 0.00555551 0 0 0 0 0 0 0.00555551
1241 1242 0.00315094 0 0 0 0 0 0 0.00315094
1242 1243 0.0114147 0 -1.35865 0 0 0 0 -1.34723
1243 1244 0.00120815 0 0 0 0 0 0 0.00120815
1244 1245 0.013026 0 -1.41524 0 0 0 0 -1.40222
1245 1246 0.0194351 0 0 0 0 0 0 0.0194351
1246 1247 0.0178024 0 0 0 0 0 0 0.0178024
1247 1248 0.000939184 0 -1.29015 0 0 0 0 -1.28921
1248 1249 0.18493 0 -1.44294 0 0 0 0 -1.25801
1249 1250 0.0642738 0 -1.15427 0 0 0 0 -1.09
1250 1251 0.037715 0 0 0 0 0 0 0.037715
1251 1252 0.327674 0 -6.34267e-06 0 0 0 0 0.327668
1252 1253 0.056104 0 0 0 0 0 0 0.056104
1253 1254 0.0298013 0 -0.947439 0 0 0 0 -0.917638
1254 1255 0.0334586 0 -0.91871 0 0 0 0 -0.885251
1255 1256 0.0352431 0 -0.301122 0 0 0 0 -0.265879
1256 1257 0.00615577 0 -1.0572 0 0 0 0 -1.05104
1257 1258 0.0033598 0 -1.2563 0 0 0 0 -1.25294
1258 1259 0.0695096 0 0 0 0 0 0 0.0695096
1259 1260 0.0191284 0 -0.981083 0 0 0 0 -0.961955
1260 1261 0.0569877 0 -1.14735 0 0 0 0 -1.09037
1261 1262 0.000247629 0 0 0 0 0 0 0.000247629
1262 1263 0.0114332 0 0 0 0 0 0 0.0114332
1263 1264 0.0549844 0 -1.30874 0 0 0 0 -1.25376
1265 1266 0.0214725 0 -0.986025 0 0 0 0 -0.964552
1266 1267 0.122243 0 -1.29527 0 0 0 0 -1.17302
1267 1268 0.000176308 0 0 0 0 0 0 0.000176308
1268 1269 9.29321e-05 0 -0 0 0 0 0 9.29321e-05
1269 1270 0.00056623 0 0 0 0 0 0 0.00056623
1270 1271 0.105593 0 0 0 0 0 0 0.105593
1271 1272 0.0281353 0 0 0 0 0 0 0.0281353
1272 1273 0.0933289 0 0 0 0 0 0 0.0933289
1273 1274 0.00426905 0 -0.354003 0 0 0 0 -0.349734
1274 1275 0.00620626 0 -1.35632 0 0 0 0 -1.35011
1275 1276 2.24646e-05 0 0 0 0 0 0 2.24646e-05
1276 1277 0.00138996 0 -1.0617 0 0 0 0 -1.06031
1277 1278 0.239311 0 -1.12289 0 0 0 0 -0.883575
1278 1279 0.21361 0 -1.15457 0 0 0 0 -0.94096
1279 1280 0.0824875 0 -0.827811 0 0 0 0 -0.745324
1280 1281 0.00121174 0 -1.3788 0 0 0 0 -1.37759
1281 1282 0.0185549 0 -1.11447 0 0 0 0 -1.09592
1282 1283 0.00546923 0 -1.32419 0 0 0 0 -1.31872
1283 1284 0.0159591 0 -1.05845 0 0 0 0 -1.04249
1284 1285 0.0228872 0 -1.25064 0 0 0 0 -1.22775
1285 1286 0.241748 0 -1.09831 0 0 0 0 -0.856562
1286 1287 0.000718787 0 -1.04445 0 0 0 0 -1.04373
1287 1288 0.0837026 0 -1.12733 0 0 0 0 -1.04363
1288 1289 3.48676e-06 0 -1.06123 0 0 0 0 -1.06123
1289 1290 0.106821 0 -1.39468 0 0 0 0 -1.28786
1290 1291 0.00727559 0 0 0 0 0 0 0.00727559
1291 1292 0.265563 0 -0 0 0 0 0 0.265563
1292 1293 0.00529541 0 -1.32053 0 0 0 0 -1.31523
1293 1294 0.00330791 0 -0 0 0 0 0 0.00330791
1294 1295 0.0480615 0 -0.986859 0 0 0 0 -0.938797
1295 1296 0.0353354 0 -1.37113 0 0 0 0 -1.3358
1296 1297 0.0320989 0 -0.823324 0 0 0 0 -0.791225
1297 1298 0.00132054 0 0 0 0 0 0 0.00132054
1298 1299 0.175824 0 -1.19053 0 0 0 0 -1.01471
1299 1300 0.000641272 0 -1.11284 0 0 0 0 -1.1122
1300 1301 0.072719 0 -1.28511 0 0 0 0 -1.21239
1301 1302 0.0766173 0 -1.33096 0 0 0 0 -1.25434
1302 1303 0.0326783 0 0 0 0 0 0 0.0326783
1303 1304 0.0827428 0 -0.984577 0 0 0 0 -0.901834
1304 1305 0.0116135 0 -1.23049 0 0 0 0 -1.21888
1305 1306 0.136519 0 0 0 0 0 0 0.136519
1306 1307 0.000118215 0 0 0 0 0 0 0.000118215
1307 1308 0.158459 0 -0.964875 0 0 0 0 -0.806416
1308 1309 0.16417 0 -1.10904 0 0 0 0 -0.944875
1309 1310 0.397221 0 0 0 0 0 0 0.397221
1310 1311 0.026823 0 0 0 0 0 0 0.026823
1311 1312 0.0161806 0 -0 0 0 0 0 0.0161806
1312 1313 0.173505 0 0 0 0 0 0 0.173505
1314 1315 0.000146788 0 -1.16663 0 0 0 0 -1.16648
1315 1316 0.00478458 0 -1.06093 0 0 0 0 -1.05614
1316 1317 0.111468 0 -1.37036 0 0 0 0 -1.25889
1317 1318 0.0318109 0 -1.32065 0 0 0 0 -1.28884
1318 1319 0.00050076 0 -1.13972 0 0 0 0 -1.13922
1319 1320 0.0755931 0 -1.05441 0 0 0 0 -0.978816
1320 1321 0.0361852 0 -0.477905 0 0 0 0 -0.44172
1321 1322 0.0355549 0 0 0 0 0 0 0.0355549
1322 1323 0.000918681 0 0 0 0 0 0 0.000918681
1323 1324 0.0314711 0 0 0 0 0 0 0.0314711
1324 1325 0.0402378 0 0 0 0 0 0 0.0402378
1325 1326 0.00109007 0 -1.08216 0 0 0 0 -1.08107
1326 1327 0.00192312 0 -0.975205 0 0 0 0 -0.973282
1327 1328 0.035348 0 0 0 0 0 0 0.035348
1328 1329 0.179327 0 -1.38208 0 0 0 0 -1.20275
1329 1330 0.170054 0 0 0 0 0 0 0.170054
1330 1331 0.016959 0 0 0 0 0 0 0.016959
1331 1332 0.00344578 0 -1.37493 0 0 0 0 -1.37149
1332 1333 0.0215725 0 -1.24615 0 0 0 0 -1.22458
1333 1334 0.0479292 0 -1.08351 0 0 0 0 -1.03558
1334 1335 0.0121758 0 -1.32033 0 0 0 0 -1.30815
1335 1336 0.0004353 0 0 0 0 0 0 0.0004353
1336 1337 0.0080234 0 -1.20776 0 0 0 0 -1.19973
1337 1338 0.0238011 0 -1.25955 0 0 0 0 -1.23575
1338 1339 0.0687004 0 0 0 0 0 0 0.0687004
1339 1340 0.0157316 0 -1.17488 0 0 0 0 -1.15915
1340 1341 0.00145243 0 0 0 0 0 0 0.00145243
1341 1342 0.00116649 0 -1.28131 0 0 0 0 -1.28015
1342 1343 0.0712313 0 -1.07023 0 0 0 0 -0.998997
1343 1344 0.0106165 0 -1.03634 0 0 0 0 -1.02573
1344 1345 0.00562998 0 -1.3775 0 0 0 0 -1.37187
1345 1346 0.100467 0 -1.26219 0 0 0 0 -1.16173
1346 1347 8.68387e-05 0 -1.20553 0 0 0 0 -1.20544
1347 1348 0.120506 0 -0.921985 0 0 0 0 -0.801478
1348 1349 0.0797105 0 -1.2012 0 0 0 0 -1.12149
1349 1350 0.00413121 0 -1.35839 0 0 0 0 -1.35426
1350 1351 0.0100743 0 0 0 0 0 0 0.0100743
1351 1352 0.0211468 0 0 0 0 0 0 0.0211468
1352 1353 0.0339451 0 -1.39763 0 0 0 0 -1.36369
1353 1354 0.311941 0 -1.32336 0 0 0 0 -1.01142
1354 1355 0.00104037 0 -0.517091 0 0 0 0 -0.516051
1355 1356 0.0785049 0 0 0 0 0 0 0.0785049
1356 1357 0.054595 0 0 0 0 0 0 0.054595
1357 1358 0.0193284 0 -1.25888 0 0 0 0 -1.23955
1358 1359 0.0747787 0 -1.23992 0 0 0 0 -1.16514
1359 1360 0.0125569 0 -1.10993 0 0 0 0 -1.09738
1360 1361 0.0847903 0 -1.27495 0 0 0 0 -1.19016
1361 1362 4.96751e-06 0 0 0 0 0 0 4.96751e-06
1363 1364 0.12923 0 0 0 0 0 0 0.12923
1364 1365 0.00109384 0 -0.952145 0 0 0 0 -0.951051
1365 1366 0.180173 0 0 0 0 0 0 0.180173
1366 1367 0.00511299 0 0 0 0 0 0 0.00511299
1367 1368 0.009287 0 -1.36618 0 0 0 0 -1.35689
1368 1369 0.042329 0 -0.801711 0 0 0 0 -0.759382
1369 1370 0.00479699 0 -1.19922 0 0 0 0 -1.19443
1370 1371 0.00332076 0 -1.23848 0 0 0 0 -1.23516
1371 1372 0.0286451 0 -1.07242 0 0 0 0 -1.04377
1372 1373 0.0629991 0 -1.26682 0 0 0 0 -1.20382
1373 1374 0.0274164 0 -1.22239 0 0 0 0 -1.19497
1374 1375 0.00372347 0 -0.975801 0 0 0 0 -0.972077
1375 1376 0.00212551 0 -1.16756 0 0 0 0 -1.16543
1376 1377 0.0659206 0 0 0 0 0 0 0.0659206
1377 1378 0.00290019 0 -0 0 0 0 0 0.00290019
1378 1379 0.259698 0 -1.10527 0 0 0 0 -0.845568
1379 1380 0.0127328 0 -0 0 0 0 0 0.0127328
1380 1381 0.0294198 0 0 0 0 0 0 0.0294198
1381 1382 0.0155827 0 0 0 0 0 0 0.0155827
1382 1383 0.153848 0 -1.33611 0 0 0 0 -1.18226
1383 1384 0.00163875 0 0 0 0 0 0 0.00163875
1384 1385 0.0499754 0 0 0 0 0 0 0.0499754
1385 1386 0.0132911 0 0 0 0 0 0 0.0132911
1386 1387 0.239158 0 -1.28632 0 0 0 0 -1.04716
1387 1388 0.059536 0 0 0 0 0 0 0.059536
1388 1389 0.000955203 0 0 0 0 0 0 0.000955203
1389 1390 0.0722756 0 0 0 0 0 0 0.0722756
1390 1391 0.0202601 0 -1.22897 0 0 0 0 -1.20871
1391 1392 0.00806967 0 -1.16611 0 0 0 0 -1.15804
1392 1393 0.00146933 0 0 0 0 0 0 0.00146933
1393 1394 0.00270405 0 -0.901281 0 0 0 0 -0.898577
1394 1395 0.030783 0 -1.16859 0 0 0 0 -1.13781
1395 1396 0.0437529 0 -1.0824 0 0 0 0 -1.03864
1396 1397 0.00137645 0 -1.1591 0 0 0 0 -1.15773
1397 1398 0.00071351 0 0 0 0 0 0 0.00071351
1398 1399 0.0508996 0 -1.35605 0 0 0 0 -1.30515
1399 1400 0.00103866 0 -1.1461 0 0 0 0 -1.14507
1400 1401 0.00547597 0 -1.10935 0 0 0 0 -1.10387
1401 1402 0.0113495 0 -1.32811 0 0 0 0 -1.31676
1402 1403 0.123566 0 0 0 0 0 0 0.123566
1403 1404 0.0146808 0 -0.879627 0 0 0 0 -0.864946
1404 1405 0.0302757 0 0 0 0 0 0 0.0302757
1405 1406 0.119727 0 0 0 0 0 0 0.119727
1406 1407 4.22464e-06 0 0 0 0 0 0 4.22464e-06
1407 1408 0.00035093 0 -1.23591 0 0 0 0 -1.23556
1408 1409 0.000849729 0 -1.36387 0 0 0 0 -1.36302
1409 1410 0.0166146 0 0 0 0 0 0 0.0166146
1410 1411 0.0546779 0 -1.31049 0 0 0 0 -1.25581
1412 1413 0.024639 0 0 0 0 0 0 0.024639
1413 1414 0.0662042 0 -0 0 0 0 0 0.0662042
1414 1415 0.0612622 0 0 0 0 0 0 0.0612622
1415 1416 0.00412539 0 0 0 0 0 0 0.00412539
1416 1417 0.00604796 0 -0.00441058 0 0 0 0 0.00163738
1417 1418 0.029591 0 -1.25235 0 0 0 0 -1.22276
1418 1419 0.010997 0 -1.35349 0 0 0 0 -1.34249
1419 1420 0.0259483 0 -1.12716 0 0 0 0 -1.10121
1420 1421 0.00029077 0 -1.34069 0 0 0 0 -1.3404
1421 1422 0.0868281 0 -0.770432 0 0 0 0 -0.683604
1422 1423 1.42052e-05 0 -1.0714 0 0 0 0 -1.07139
1423 1424 0.0655138 0 0 0 0 0 0 0.0655138
1424 1425 0.0357212 0 -1.35552 0 0 0 0 -1.3198
1425 1426 0.0678156 0 -1.26324 0 0 0 0 -1.19543
1426 1427 0.0359971 0 -1.40405 0 0 0 0 -1.36805
1427 1428 0.252788 0 0 0 0 0 0 0.252788
1428 1429 0.0238282 0 -1.12645 0 0 0 0 -1.10262
1429 1430 0.00383873 0 -0.894055 0 0 0 0 -0.890217
1430 1431 0.0110944 0 0 0 0 0 0 0.0110944
1430 1432 0 0 0 0.0126654 0 0 0 0.0126654
1431 1432 0.00712343 0 -0.773501 0 0 0 0 -0.766378
1432 1433 0.117333 0 -1.225 0 0 0 0 -1.10766
1433 1434 0.0461789 0 -0.619384 0 0 0 0 -0.573205
1434 1435 0.0718378 0 0 0 0 0 0 0.0718378
1435 1436 0.0236603 0 -1.17182 0 0 0 0 -1.14816
1436 1437 0.0363518 0 0 0 0 0 0 0.0363518
1437 1438 0.00983633 0 -0 0 0 0 0 0.00983633
1437 1439 0 0 0 0 0 0 -9.33932e-16 -9.33932e-16
1438 1439 0.0312726 0 -1.07102 0 0 0 0 -1.03974
1439 1440 0.000254342 0 -1.40351 0 0 0 0 -1.40325
1437 1441 0 0 0 0 -0 -9.96547e-05 0 -9.96547e-05
1440 1441 0.014808 0 -0.909382 0 0 0 0 -0.894574
1441 1442 0.0285925 0 -1.31988 0 0 0 0 -1.29128
1442 1443 0.0121008 0 -1.05636 0 0 0 0 -1.04425
1443 1444 0.0611682 0 -1.02326 0 0 0 0 -0.96209
1444 1445 0.00548978 0 0 0 0 0 0 0.00548978
1445 1446 0.00319291 0 -1.20632 0 0 0 0 -1.20312
1446 1447 0.0132122 0 -0.562003 0 0 0 0 -0.548791
1447 1448 0.0633011 0 -1.39743 0 0 0 0 -1.33413
1448 1449 0.0234073 0 -0.706292 0 0 0 0 -0.682885
1449 1450 0.215768 0 -1.04302 0 0 0 0 -0.827256
1450 1451 0.0125581 0 0 0 0 0 0 0.0125581
1451 1452 0.0460447 0 -0.790656 0 0 0 0 -0.744611
1452 1453 0.00173746 0 0 0 0 0 0 0.00173746
1453 1454 0.000917922 0 -1.213 0 0 0 0 -1.21208
1454 1455 0.0413308 0 -1.3047 0 0 0 0 -1.26337
1455 1456 0.0125229 0 0 0 0 0 0 0.0125229
1456 1457 0.0183168 0 -1.22041 0 0 0 0 -1.20209
1457 1458 0.0654617 0 -1.40455 0 0 0 0 -1.33909
1458 1459 0.0679136 0 0 0 0 0 0 0.0679136
1459 1460 0.000178629 0 0 0 0 0 0 0.000178629
1461 1462 0.00172616 0 0 0 0 0 0 0.00172616
1462 1463 0.153384 0 -1.23029 0 0 0 0 -1.07691
1463 1464 0.00156459 0 0 0 0 0 0 0.00156459
1464 1465 0.0017252 0 -1.34743 0 0 0 0 -1.34571
1465 1466 0.0629454 0 0 0 0 0 0 0.0629454
1466 1467 0.0298987 0 -1.4173 0 0 0 0 -1.3874
1467 1468 0.0359337 0 -1.38844 0 0 0 0 -1.3525
1468 1469 0.166838 0 -1.08584 0 0 0 0 -0.919002
1469 1470 0.00788554 0 0 0 0 0 0 0.00788554
1470 1471 0.0159861 0 -1.06266 0 0 0 0 -1.04667
1471 1472 0.30463 0 0 0 0 0 0 0.30463
1472 1473 0.0335692 0 0 0 0 0 0 0.0335692
1473 1474 0.142683 0 -1.31432 0 0 0 0 -1.17163
1471 1475 0 0 0 0 0 -0.102391 -0 -0.102391
1474 1475 0.0417201 0 0 0 0 0 0 0.0417201
1471 1476 0 0 0 0 -0.550805 0 -0 -0.550805
1470 1476 0 0 0 0 -1.37788e-18 -0.122157 0 -0.122157
1475 1476 0.17852 0 -1.39367 0 0 0 0 -1.21515
1471 1477 0 0 0 0 -0 -0.116069 -0 -0.116069
1470 1477 0 0 0 0 -0.424452 -2.30598e-16 -0 -0.424452
1476 1477 0.205494 0 -0.812424 0 0 0 0 -0.60693
1477 1478 0.0628202 0 0 0 0 0 0 0.0628202
1478 1479 0.0231985 0 0 0 0 0 0 0.0231985
1479 1480 0.00085144 0 -1.04566 0 0 0 0 -1.0448
1480 1481 0.00983376 0 -1.03529 0 0 0 0 -1.02546
1481 1482 0.135033 0 0 0 0 0 0 0.135033
1482 1483 0.0139344 0 -1.17351 0 0 0 0 -1.15958
1483 1484 0.00590719 0 -0.950107 0 0 0 0 -0.9442
1484 1485 0.0660905 0 0 0 0 0 0 0.0660905
1485 1486 0.0405899 0 0 0 0 0 0 0.0405899
1486 1487 1.08879e-08 0 0 0 0 0 0 1.08879e-08
1487 1488 0.047326 0 -1.33546 0 0 0 0 -1.28813
1485 1489 0 0 0 0 0 -0.000417026 -1.31317e-15 -0.000417026
1488 1489 0.00600569 0 0 0 0 0 0 0.00600569
1489 1490 0.0380389 0 0 0 0 0 0 0.0380389
1490 1491 7.99434e-06 0 -1.28394 0 0 0 0 -1.28393
1491 1492 0.00445265 0 -1.36669 0 0 0 0 -1.36224
1492 1493 0.00989516 0 0 0 0 0 0 0.00989516
1493 1494 2.44353e-06 0 0 0 0 0 0 2.44353e-06
1494 1495 0.00338886 0 -1.36233 0 0 0 0 -1.35894
1495 1496 0.0389843 0 -0.639621 0 0 0 0 -0.600636
1496 1497 0.0055404 0 -0.889926 0 0 0 0 -0.884386
1497 1498 0.0622042 0 -0.977101 0 0 0 0 -0.914897
1498 1499 0.00290696 0 0 0 0 0 0 0.00290696
1499 1500 0.224327 0 -1.47271 0 0 0 0 -1.24839
1500 1501 0.0378196 0 0 0 0 0 0 0.0378196
1501 1502 0.0814603 0 0 0 0 0 0 0.0814603
1502 1503 0.0107618 0 -0 0 0 0 0 0.0107618
1503 1504 0.000968517 0 -1.30063 0 0 0 0 -1.29966
1504 1505 0.00681906 0 -1.17765 0 0 0 0 -1.17083
1505 1506 0.107959 0 0 0 0 0 0 0.107959
1506 1507 0.0180207 0 0 0 0 0 0 0.0180207
1507 1508 0.0239572 0 0 0 0 0 0 0.0239572
1508 1509 0.000890445 0 0 0 0 0 0 0.000890445
#Total energy per particle is  -0.606846 and should be -0.60684610
