#id1 id2 FENE BEXC STCK NEXC HB CRSTCK CXSTCK total, t = 200000
0 1 0.0176019 0 -1.31836 0 0 0 0 -1.30076
1 2 0.0137812 0 0 0 0 0 0 0.0137812
2 3 0.105739 0 0 0 0 0 0 0.105739
3 4 0.0020043 0 0 0 0 0 0 0.0020043
4 5 0.00370744 0 -1.28516 0 0 0 0 -1.28145
5 6 0.0350364 0 -1.39149 0 0 0 0 -1.35646
6 7 0.0441231 0 -1.30735 0 0 0 0 -1.26322
7 8 0.0354921 0 -0.482677 0 0 0 0 -0.447185
8 9 0.0033009 0 0 0 0 0 0 0.0033009
9 10 9.20334e-05 0 0 0 0 0 0 9.20334e-05
10 11 0.000120422 0 -0 0 0 0 0 0.000120422
11 12 0.00301982 0 0 0 0 0 0 0.00301982
12 13 0.0697359 0 -1.23859 0 0 0 0 -1.16886
13 14 0.00219178 0 -1.27697 0 0 0 0 -1.27478
14 15 0.00657007 0 -0 0 0 0 0 0.00657007
15 16 0.113207 0 -1.01246 0 0 0 0 -0.899254
16 17 0.0217011 0 -1.31605 0 0 0 0 -1.29435
17 18 0.0881435 0 -1.20717 0 0 0 0 -1.11902
18 19 0.015281 0 0 0 0 0 0 0.015281
20 21 0.0234627 0 -1.28501 0 0 0 0 -1.26154
21 22 0.0420425 0 -1.09976 0 0 0 0 -1.05772
22 23 0.169403 0 -1.29613 0 0 0 0 -1.12673
23 24 0.023994 0 -1.03949 0 0 0 0 -1.0155
24 25 0.0227912 0 -1.23404 0 0 0 0 -1.21125
25 26 0.0063991 0 -1.023 0 0 0 0 -1.01661
26 27 0.00322239 0 -1.4028 0 0 0 0 -1.39958
27 28 0.0718407 0 -0.698922 0 0 0 0 -0.627081
25 29 0 0 0 0 0 -0.000273034 0 -0.000273034
28 29 0.00940689 0 0 0 0 0 0 0.00940689
24 30 0 0 0 0 0 -0.0348294 -0 -0.0348294
23 30 0 0 0 0 0 -0.1263 0 -0.1263
29 30 0.0981877 0 -1.15865 0 0 0 0 -1.06046
24 31 0 0 0 0 0 -0.0315177 0 -0.0315177
23 31 0 0 0 0 -0.755152 0 -0 -0.755152
22 31 0 0 0 0 -1.72278e-28 -0.109788 0 -0.109788
30 31 0.0395058 0 -1.23431 0 0 0 0 -1.1948
23 32 0 0 0 0 -0 -0.140879 0 -0.140879
22 32 0 0 0 0 -0.719407 0 -0 -0.719407
21 32 0 0 0 0 0 -0.127357 0 -0.127357
31 32 0.00414128 0 -0.864616 0 0 0 0 -0.860475
22 33 0 0 0 0 0 -0.152469 0 -0.152469
21 33 0 0 0 0 -0.905862 0 -0 -0.905862
20 33 0 0 0 0 -0 -0.143029 -0 -0.143029
32 33 0.00212265 0 -0.951993 0 0 0 0 -0.94987
21 34 0 0 0 0 -0 -0.172627 0 -0.172627
20 34 0 0 0 0 -0.41247 0 -0 -0.41247
33 34 0.030258 0 -0.745646 0 0 0 0 -0.715388
34 35 0.00640747 0 0 0 0 0 0 0.00640747
35 36 0.000928156 0 -0.780059 0 0 0 0 -0.779131
36 37 0.00334607 0 -1.15498 0 0 0 0 -1.15163
37 38 0.111111 0 0 0 0 0 0 0.111111
38 39 0.109147 0 -0 0 0 0 0 0.109147
40 41 0.0444271 0 -1.10187 0 0 0 0 -1.05744
41 42 0.0141281 0 -0 0 0 0 0 0.0141281
42 43 0.0131172 0 0 0 0 0 0 0.0131172
43 44 0.312987 0 -1.36597 0 0 0 0 -1.05298
44 45 0.634732 0 0 0 0 0 0 0.634732
45 46 0.128554 0 -0 0 0 0 0 0.128554
46 47 0.000258514 0 -0 0 0 0 0 0.000258514
47 48 0.00245158 0 -0 0 0 0 0 0.00245158
48 49 0.000762342 0 -0 0 0 0 0 0.000762342
49 50 0.259118 0 -1.11549 0 0 0 0 -0.856373
50 51 0.0297802 0 0 0 0 0 0 0.0297802
51 52 0.0201378 0 -0 0 0 0 0 0.0201378
52 53 0.00336102 0 -0 0 0 0 0 0.00336102
53 54 0.103962 0 -1.24285 0 0 0 0 -1.13889
54 55 0.0376011 0 -1.10039 0 0 0 0 -1.06278
55 56 0.265341 0 -1.26273 0 0 0 0 -0.997389
56 57 0.0531205 0 -1.3068 0 0 0 0 -1.25368
57 58 0.00988149 0 -1.36356 0 0 0 0 -1.35368
58 59 0.0406481 0 0 0 0 0 0 0.0406481
60 61 0.000635175 0 -1.24425 0 0 0 0 -1.24362
61 62 0.0144006 0 -1.06834 0 0 0 0 -1.05394
62 63 0.268682 0 -1.17623 0 0 0 0 -0.907548
63 64 0.0374868 0 -1.36587 0 0 0 0 -1.32839
64 65 0.00017813 0 -1.23109 0 0 0 0 -1.23091
65 66 0.000112328 0 -1.35058 0 0 0 0 -1.35047
66 67 0.0641715 0 -1.27974 0 0 0 0 -1.21557
67 68 0.111801 0 0 0 0 0 0 0.111801
68 69 0.0740995 0 -1.19637 0 0 0 0 -1.12227
69 70 7.08284e-05 0 -1.07839 0 0 0 0 -1.07832
70 71 0.000252747 0 0 0 0 0 0 0.000252747
71 72 0.0392525 0 0 0 0 0 0 0.0392525
72 73 0.000933734 0 -1.16446 0 0 0 0 -1.16353
73 74 0.0125146 0 0 0 0 0 0 0.0125146
74 75 0.00760005 0 -1.16092 0 0 0 0 -1.15332
75 76 0.0333004 0 -1.03616 0 0 0 0 -1.00286
76 77 0.216272 0 0 0 0 0 0 0.216272
77 78 0.0962868 0 -1.13852 0 0 0 0 -1.04223
78 79 0.0529855 0 -1.38911 0 0 0 0 -1.33612
80 81 0.226201 0 -1.27404 0 0 0 0 -1.04784
81 82 0.022788 0 -1.1426 0 0 0 0 -1.11982
82 83 0.00296078 0 -1.34986 0 0 0 0 -1.3469
83 84 0.0761635 0 0 0 0 0 0 0.0761635
84 85 0.00309583 0 -1.03614 0 0 0 0 -1.03304
85 86 0.0978208 0 0 0 0 0 0 0.0978208
86 87 0.00874647 0 -1.28835 0 0 0 0 -1.27961
87 88 0.00518455 0 0 0 0 0 0 0.00518455
88 89 0.114023 0 -1.36795 0 0 0 0 -1.25392
89 90 0.0350525 0 0 0 0 0 0 0.0350525
90 91 0.0713631 0 0 0 0 0 0 0.0713631
91 92 0.0149633 0 -0.743646 0 0 0 0 -0.728682
92 93 0.0117645 0 0 0 0 0 0 0.0117645
93 94 0.0613434 0 -1.34428 0 0 0 0 -1.28293
94 95 2.12701e-05 0 -1.22006 0 0 0 0 -1.22004
95 96 0.0984281 0 -0.597571 0 0 0 0 -0.499143
96 97 0.0758665 0 -1.18624 0 0 0 0 -1.11037
97 98 0.0111256 3.79742e-06 -0 0 0 0 0 0.0111294
98 99 0.108526 0 0 0 0 0 0 0.108526
100 101 0.00165588 0 -1.273 0 0 0 0 -1.27134
101 102 0.0233959 0 0 0 0 0 0 0.0233959
102 103 0.00263302 0 -1.27794 0 0 0 0 -1.27531
100 104 0 0 0 0 0 -1.12357e-05 0 -1.12357e-05
103 104 0.0328195 0 -0.946659 0 0 0 0 -0.913839
104 105 0.036764 0 -1.26333 0 0 0 0 -1.22657
105 106 0.000571579 0 0 0 0 0 0 0.000571579
106 107 0.00167673 0 -1.26337 0 0 0 0 -1.26169
107 108 0.00608039 0 0 0 0 0 0 0.00608039
108 109 0.0145658 0 -1.30029 0 0 0 0 -1.28572
109 110 0.0257275 0 -1.11722 0 0 0 0 -1.09149
110 111 0.0984982 0 0 0 0 0 0 0.0984982
111 112 0.182012 0 0 0 0 0 0 0.182012
112 113 0.284117 0 0 0 0 0 0 0.284117
113 114 0.0148661 0 0 0 0 0 0 0.0148661
114 115 0.0190522 0 0 0 0 0 0 0.0190522
115 116 1.42327e-07 0 -0.851651 0 0 0 0 -0.851651
116 117 0.186192 0 0 0 0 0 0 0.186192
117 118 0.0126175 0 0 0 0 0 0 0.0126175
118 119 0.000588867 0 0 0 0 0 0 0.000588867
120 121 0.00583523 0 -0 0 0 0 0 0.00583523
120 122 0 0 0 1.77316e-07 0 0 0 1.77316e-07
121 122 0.000686301 0 -0 0 0 0 0 0.000686301
122 123 0.0136006 0 -0.844546 0 0 0 0 -0.830945
123 124 0.0554882 0 -0 0 0 0 0 0.0554882
124 125 0.0713312 0 0 0 0 0 0 0.0713312
125 126 0.0609618 0 0 0 0 0 0 0.0609618
126 127 0.000718393 0 -1.28677 0 0 0 0 -1.28606
127 128 0.0247743 0 -1.15604 0 0 0 0 -1.13127
128 129 0.00694714 0 -1.16063 0 0 0 0 -1.15368
129 130 0.0991829 0 -1.22274 0 0 0 0 -1.12355
130 131 0.139622 0 0 0 0 0 0 0.139622
131 132 0.12687 0 -0.85381 0 0 0 0 -0.72694
132 133 0.175089 0 -1.15925 0 0 0 0 -0.98416
133 134 0.0383262 0 -0.793668 0 0 0 0 -0.755342
134 135 0.00424778 0 -1.26557 0 0 0 0 -1.26132
135 136 0.000564583 0 0 0 0 0 0 0.000564583
136 137 0.0274445 0 0 0 0 0 0 0.0274445
137 138 0.00817251 0 0 0 0 0 0 0.00817251
138 139 0.000234397 0 0 0 0 0 0 0.000234397
140 141 0.0510625 0 0 0 0 0 0 0.0510625
141 142 0.085079 0 -0.95687 0 0 0 0 -0.871791
142 143 0.0219593 0 -1.05719 0 0 0 0 -1.03523
143 144 0.0126212 0 -1.4141 0 0 0 0 -1.40148
144 145 0.0160336 0 -0.852548 0 0 0 0 -0.836514
145 146 0.0517097 0 0 0 0 0 0 0.0517097
146 147 0.000727138 0 0 0 0 0 0 0.000727138
147 148 0.00570064 0 -0 0 0 0 0 0.00570064
145 149 0 0 0 0 0 0 -3.35143e-15 -3.35143e-15
148 149 0.00232366 0 0 0 0 0 0 0.00232366
149 150 0.0223185 0 0 0 0 0 0 0.0223185
150 151 0.0769365 0 -0.960228 0 0 0 0 -0.883292
151 152 0.00190146 0 -1.14574 0 0 0 0 -1.14384
152 153 0.00513948 0 0 0 0 0 0 0.00513948
153 154 0.0290481 0 -0.835388 0 0 0 0 -0.80634
154 155 0.00118162 0 -1.11381 0 0 0 0 -1.11263
155 156 0.204245 0 -1.26404 0 0 0 0 -1.0598
156 157 0.00278844 0 -1.31948 0 0 0 0 -1.31669
157 158 0.126231 0 -0 0 0 0 0 0.126231
158 159 0.10473 0 0 0 0 0 0 0.10473
160 161 0.00349963 0 -0.00242462 0 0 0 0 0.00107501
161 162 0.115368 0 -1.04589 0 0 0 0 -0.930518
162 163 0.00866085 0 -1.02699 0 0 0 0 -1.01833
163 164 0.0408898 0 -1.03902 0 0 0 0 -0.998131
164 165 0.00773122 0 0 0 0 0 0 0.00773122
165 166 0.00166818 0 -1.40062 0 0 0 0 -1.39895
166 167 0.00150014 0 -0 0 0 0 0 0.00150014
167 168 2.52229e-07 0 0 0 0 0 0 2.52229e-07
168 169 0.0344354 0 -0.914341 0 0 0 0 -0.879905
169 170 0.0845524 0 0 0 0 0 0 0.0845524
170 171 0.0136295 0 0 0 0 0 0 0.0136295
171 172 0.0304046 0 -1.0879 0 0 0 0 -1.05749
172 173 0.12446 0 0 0 0 0 0 0.12446
173 174 0.000602472 0 -1.05589 0 0 0 0 -1.05529
174 175 0.00944903 0 -1.2564 0 0 0 0 -1.24695
175 176 0.012391 0 -0 0 0 0 0 0.012391
176 177 0.018773 0 -1.26705 0 0 0 0 -1.24828
177 178 0.0432874 0 0 0 0 0 0 0.0432874
178 179 0.00998829 0 -1.16541 0 0 0 0 -1.15543
180 181 0.114519 0 -0.890027 0 0 0 0 -0.775508
181 182 0.243441 0 0 0 0 0 0 0.243441
182 183 0.035525 0 0 0 0 0 0 0.035525
183 184 0.141493 0 -1.24081 0 0 0 0 -1.09932
184 185 0.00503633 0 0 0 0 0 0 0.00503633
185 186 0.0422342 0 0 0 0 0 0 0.0422342
186 187 0.13627 0 -0.746616 0 0 0 0 -0.610346
187 188 0.000146366 0 -1.19841 0 0 0 0 -1.19827
188 189 0.00191398 0 -1.07867 0 0 0 0 -1.07676
189 190 0.0321603 0 0 0 0 0 0 0.0321603
190 191 0.000259171 0 0 0 0 0 0 0.000259171
191 192 0.00849109 0 -1.14865 0 0 0 0 -1.14016
191 193 0 0 0 0 0 -9.22141e-05 0 -9.22141e-05
192 193 0.017419 0 -0.825728 0 0 0 0 -0.808309
193 194 0.047846 0 0 0 0 0 0 0.047846
194 195 0.0388292 0 -0.999141 0 0 0 0 -0.960311
195 196 0.172842 0 0 0 0 0 0 0.172842
196 197 0.000842229 0 -1.20599 0 0 0 0 -1.20515
197 198 0.0948223 0 0 0 0 0 0 0.0948223
198 199 0.054141 0 0 0 0 0 0 0.054141
200 201 0.0513046 0 -0 0 0 0 0 0.0513046
201 202 0.000665736 0 -0.670609 0 0 0 0 -0.669944
202 203 0.000208078 0 0 0 0 0 0 0.000208078
203 204 0.109819 0 0 0 0 0 0 0.109819
204 205 0.00418456 0 -0.869777 0 0 0 0 -0.865593
205 206 0.00148107 0 -1.39951 0 0 0 0 -1.39803
206 207 0.0960286 0 -0.708788 0 0 0 0 -0.61276
207 208 0.00211556 0 -1.33039 0 0 0 0 -1.32827
208 209 0.000537056 0 -1.07703 0 0 0 0 -1.07649
209 210 0.0312571 0 -1.35313 0 0 0 0 -1.32188
210 211 0.0679368 0 0 0 0 0 0 0.0679368
211 212 0.0510916 0 -1.01933 0 0 0 0 -0.968241
212 213 0.0284203 0 -1.32652 0 0 0 0 -1.2981
213 214 0.0416356 0 0 0 0 0 0 0.0416356
214 215 0.000791755 0 -0.800431 0 0 0 0 -0.799639
215 216 0.0516545 0 -1.39065 0 0 0 0 -1.339
216 217 0.00184388 0 -1.08028 0 0 0 0 -1.07844
217 218 0.0285018 0 -1.29194 0 0 0 0 -1.26344
218 219 0.0319963 0 -1.31348 0 0 0 0 -1.28149
220 221 0.00886141 0 0 0 0 0 0 0.00886141
221 222 0.236242 0 0 0 0 0 0 0.236242
222 223 0.000331535 0 0 0 0 0 0 0.000331535
223 224 0.248758 0 -1.08183 0 0 0 0 -0.833072
223 225 0 0 0 0 0 -7.39429e-08 0 -7.39429e-08
224 225 0.00950375 0 -1.1559 0 0 0 0 -1.1464
225 226 0.0274753 0 -1.20468 0 0 0 0 -1.1772
226 227 0.0914278 0 -0.555583 0 0 0 0 -0.464156
227 228 0.0306097 0 -1.3546 0 0 0 0 -1.32399
228 229 0.114495 0 0 0 0 0 0 0.114495
229 230 0.0902786 0 0 0 0 0 0 0.0902786
230 231 0.179188 0 0 0 0 0 0 0.179188
231 232 0.0035871 0 -0.899698 0 0 0 0 -0.896111
232 233 0.00505536 0 0 0 0 0 0 0.00505536
233 234 0.038343 0 -1.13132 0 0 0 0 -1.09298
234 235 0.000214717 0 -0 0 0 0 0 0.000214717
235 236 0.0207736 0 -1.18438 0 0 0 0 -1.1636
236 237 0.116451 0 0 0 0 0 0 0.116451
237 238 0.00461801 0 0 0 0 0 0 0.00461801
238 239 0.184382 0 0 0 0 0 0 0.184382
240 241 0.00132515 0 -1.10331 0 0 0 0 -1.10199
241 242 0.158192 0 -0.520362 0 0 0 0 -0.36217
242 243 0.0277579 0 -1.40564 0 0 0 0 -1.37788
243 244 0.0231961 0 -1.09149 0 0 0 0 -1.0683
244 245 0.000527829 0 0 0 0 0 0 0.000527829
245 246 0.00145605 0 -0.961926 0 0 0 0 -0.96047
246 247 0.169202 0 -0.988359 0 0 0 0 -0.819157
247 248 0.0737301 0 -1.00602 0 0 0 0 -0.932289
248 249 0.0126724 0 -1.11124 0 0 0 0 -1.09857
249 250 7.28581e-05 0 -1.21928 0 0 0 0 -1.21921
250 251 0.0649933 0 -1.33348 0 0 0 0 -1.26849
251 252 0.0077408 0 -1.26252 0 0 0 0 -1.25478
252 253 0.121537 0 -1.17565 0 0 0 0 -1.05411
253 254 0.0060668 0 -1.19314 0 0 0 0 -1.18707
254 255 0.00383373 0 -1.10994 0 0 0 0 -1.10611
255 256 0.0176066 0 -1.44585 0 0 0 0 -1.42824
256 257 0.00919682 0 0 0 0 0 0 0.00919682
257 258 0.0124581 0 -0 0 0 0 0 0.0124581
258 259 0.0730745 0 0 0 0 0 0 0.0730745
260 261 0.000187319 0 -0 0 0 0 0 0.000187319
260 262 0 0 0 0.18242 0 0 0 0.18242
261 262 0.0306725 0 0 0 0 0 0 0.0306725
262 263 0.0686614 0 -1.24875 0 0 0 0 -1.18009
263 264 1.96654e-06 0 0 0 0 0 0 1.96654e-06
264 265 0.00325111 0 0 0 0 0 0 0.00325111
265 266 0.0532375 0 0 0 0 0 0 0.0532375
266 267 0.231163 0 -1.39094 0 0 0 0 -1.15978
267 268 0.00233541 0 -1.26622 0 0 0 0 -1.26389
268 269 0.221729 0 -0.0489494 0 0 0 0 0.172779
269 270 0.00199404 0 -1.45019 0 0 0 0 -1.4482
270 271 0.0171712 0 0 0 0 0 0 0.0171712
271 272 0.0791542 0 -1.32241 0 0 0 0 -1.24325
272 273 0.0149564 0 -1.33554 0 0 0 0 -1.32058
273 274 0.000834926 0 0 0 0 0 0 0.000834926
274 275 0.00856132 0 -1.32461 0 0 0 0 -1.31605
275 276 0.00466687 0 0 0 0 0 0 0.00466687
276 277 0.0331156 0 -0.823184 0 0 0 0 -0.790068
277 278 0.136103 0 -1.25279 0 0 0 0 -1.11668
278 279 0.111162 0 0 0 0 0 0 0.111162
280 281 0.156081 0 -1.05485 0 0 0 0 -0.898773
281 282 0.0175368 0 0 0 0 0 0 0.0175368
282 283 0.000515952 0 -0 0 0 0 0 0.000515952
283 284 0.00358201 0 -0 0 0 0 0 0.00358201
284 285 0.0517535 0 -1.23504 0 0 0 0 -1.18329
285 286 0.0348345 0 0 0 0 0 0 0.0348345
286 287 0.254126 0 0 0 0 0 0 0.254126
287 288 0.172985 0 -0.867023 0 0 0 0 -0.694037
288 289 0.105774 0 -1.26377 0 0 0 0 -1.158
289 290 0.0162928 0 -1.23279 0 0 0 0 -1.21649
290 291 0.00147714 0 0 0 0 0 0 0.00147714
291 292 0.111276 0 -1.14993 0 0 0 0 -1.03865
292 293 0.0223858 0 0 0 0 0 0 0.0223858
293 294 0.0568408 0 -0.954359 0 0 0 0 -0.897519
294 295 0.0535563 0 -1.43476 0 0 0 0 -1.3812
295 296 0.0115409 0 -1.15127 0 0 0 0 -1.13972
296 297 0.00646806 0 -0.992749 0 0 0 0 -0.986281
297 298 0.0361462 0 -1.38274 0 0 0 0 -1.34659
298 299 0.0170738 0 -0.0187558 0 0 0 0 -0.001682
300 301 0.0424251 0 0 0 0 0 0 0.0424251
301 302 0.0933567 0 0 0 0 0 0 0.0933567
302 303 0.100325 0 -0 0 0 0 0 0.100325
303 304 0.00697719 0 -0.9015 0 0 0 0 -0.894523
304 305 0.0896381 0 -1.14484 0 0 0 0 -1.0552
305 306 0.0175545 0 0 0 0 0 0 0.0175545
306 307 0.0116004 0 0 0 0 0 0 0.0116004
307 308 3.72956e-07 0 0 0 0 0 0 3.72956e-07
308 309 0.00620709 0 -0 0 0 0 0 0.00620709
309 310 0.057171 0 0 0 0 0 0 0.057171
310 311 0.0369657 0 -1.36447 0 0 0 0 -1.3275
311 312 0.102 0 -1.03448 0 0 0 0 -0.932478
312 313 0.0105427 0 0 0 0 0 0 0.0105427
313 314 0.0535149 0 -1.3417 0 0 0 0 -1.28819
314 315 0.00780882 0 -0 0 0 0 0 0.00780882
313 316 0 0 0 0 0 -0.0451775 0 -0.0451775
315 316 0.0438606 0 -1.19713 0 0 0 0 -1.15327
314 317 0 0 0 0 0 -0.0136281 -3.00558e-17 -0.0136281
316 317 0.00793985 0 -1.13057 0 0 0 0 -1.12263
317 318 0.0589891 0 0 0 0 0 0 0.0589891
318 319 0.0876493 0 0 0 0 0 0 0.0876493
320 321 0.0162162 0 0 0 0 0 0 0.0162162
321 322 0.0614362 0 -1.37718 0 0 0 0 -1.31574
322 323 0.201424 0 -1.08617 0 0 0 0 -0.884742
323 324 0.0321723 0 0 0 0 0 0 0.0321723
324 325 0.00467288 0 0 0 0 0 0 0.00467288
325 326 2.31122e-05 0 -1.27296 0 0 0 0 -1.27294
326 327 0.425879 0 -0.956916 0 0 0 0 -0.531038
327 328 0.0611273 0 -0.985736 0 0 0 0 -0.924609
328 329 0.0888677 0 0 0 0 0 0 0.0888677
329 330 3.5537e-05 0 -0.932604 0 0 0 0 -0.932568
330 331 0.0656759 0 -0.987036 0 0 0 0 -0.92136
331 332 0.150207 0 -1.08704 0 0 0 0 -0.936838
332 333 0.0639832 0 0 0 0 0 0 0.0639832
333 334 0.0673263 0 -1.16882 0 0 0 0 -1.10149
334 335 0.0490783 0 -1.17217 0 0 0 0 -1.12309
335 336 0.0270626 0 -1.22442 0 0 0 0 -1.19736
336 337 0.072016 0 0 0 0 0 0 0.072016
337 338 0.0851591 0 -1.11075 0 0 0 0 -1.02559
338 339 0.000344699 0 0 0 0 0 0 0.000344699
340 341 0.029454 0 0 0 0 0 0 0.029454
341 342 0.212053 0 -1.08592 0 0 0 0 -0.873867
342 343 0.0181129 0 -1.09239 0 0 0 0 -1.07427
343 344 0.238501 0 -1.11384 0 0 0 0 -0.875336
344 345 0.00528828 0 -1.08341 0 0 0 0 -1.07812
345 346 0.102225 0 -0.999672 0 0 0 0 -0.897447
346 347 0.0228834 0 -1.27873 0 0 0 0 -1.25585
347 348 0.00588577 0 -0.980078 0 0 0 0 -0.974192
348 349 0.00161055 0 -0 0 0 0 0 0.00161055
349 350 0.0193648 0 -1.15347 0 0 0 0 -1.13411
347 351 0 0 0 0 -0 -0.138244 -0 -0.138244
350 351 0.00369025 0 -1.36527 0 0 0 0 -1.36158
348 352 0 0 0 0 -0 -0.0733317 0 -0.0733317
347 352 0 0 0 0 -0.820845 0 -0 -0.820845
346 352 0 0 0 0 0 -0.182256 0 -0.182256
351 352 0.00267864 0 -1.3458 0 0 0 0 -1.34312
345 353 0 0 0 0 -4.93207e-28 -0.123296 0 -0.123296
347 353 0 0 0 0 0 -0.176691 0 -0.176691
346 353 0 0 0 0 -0.635522 0 -0 -0.635522
352 353 0.0692744 0 -0.878897 0 0 0 0 -0.809623
345 354 0 0 0 0 -0.824717 0 -0 -0.824717
344 354 0 0 0 0 -2.17267e-28 -0.138023 0 -0.138023
346 354 0 0 0 0 -0 -0.103667 -0 -0.103667
353 354 0.00328536 0 -1.22462 0 0 0 0 -1.22133
345 355 0 0 0 0 -0 -0.0599779 -0 -0.0599779
344 355 0 0 0 0 -0.407396 0 -0 -0.407396
343 355 0 0 0 0 -0 -0.144018 0 -0.144018
354 355 0.000293946 0 -1.22239 0 0 0 0 -1.22209
344 356 0 0 0 0 -0 -0.148583 0 -0.148583
343 356 0 0 0 0 -0.298432 0 -0 -0.298432
342 356 0 0 0 0 0 -0.0464299 -0 -0.0464299
355 356 0.0217128 0 -1.02336 0 0 0 0 -1.00165
343 357 0 0 0 0 0 -0.187461 0 -0.187461
342 357 0 0 0 0 -0.611578 0 -0 -0.611578
341 357 0 0 0 0 0 -0.0514551 -0 -0.0514551
356 357 0.0548961 0 -1.0223 0 0 0 0 -0.967401
357 358 0.0401608 0 0 0 0 0 0 0.0401608
358 359 0.0138252 0 0 0 0 0 0 0.0138252
360 361 0.0237232 0 -1.20174 0 0 0 0 -1.17802
361 362 0.173825 0 0 0 0 0 0 0.173825
362 363 0.149667 0 0 0 0 0 0 0.149667
363 364 0.00826729 0 -1.35348 0 0 0 0 -1.34522
364 365 0.0144881 0 0 0 0 0 0 0.0144881
365 366 0.020705 0 -1.24159 0 0 0 0 -1.22089
366 367 0.105002 0 -1.32321 0 0 0 0 -1.21821
367 368 0.00492285 0 -1.11943 0 0 0 0 -1.11451
368 369 0.00962213 0 -1.30971 0 0 0 0 -1.30008
369 370 0.01597 0 -1.39952 0 0 0 0 -1.38355
370 371 0.0135927 0 -1.35716 0 0 0 0 -1.34357
371 372 0.0253557 0 0 0 0 0 0 0.0253557
372 373 0.000627363 0 -1.04608 0 0 0 0 -1.04545
373 374 0.00415274 0 -0.86366 0 0 0 0 -0.859507
374 375 0.0823089 0 -1.42168 0 0 0 0 -1.33937
375 376 0.0430118 0 0 0 0 0 0 0.0430118
376 377 0.0348996 0 -1.34076 0 0 0 0 -1.30586
377 378 0.00961597 0 0 0 0 0 0 0.00961597
378 379 0.0051238 0 -1.05776 0 0 0 0 -1.05264
380 381 0.126641 0 -1.29695 0 0 0 0 -1.17031
381 382 0.00360219 0 0 0 0 0 0 0.00360219
382 383 0.0513332 0 -1.25226 0 0 0 0 -1.20092
383 384 0.00014512 0 -0.8241 0 0 0 0 -0.823955
384 385 0.0936602 0 -1.16715 0 0 0 0 -1.07349
385 386 0.0238925 0 -1.21883 0 0 0 0 -1.19493
386 387 0.0424697 0 -1.40507 0 0 0 0 -1.3626
387 388 0.0329008 0 -0.399553 0 0 0 0 -0.366652
388 389 0.0022698 0 -1.25872 0 0 0 0 -1.25645
389 390 0.0214396 0 -0.976968 0 0 0 0 -0.955528
390 391 0.016128 0 0 0 0 0 0 0.016128
391 392 0.0513411 0 0 0 0 0 0 0.0513411
392 393 0.0288605 0 -0.944936 0 0 0 0 -0.916076
393 394 0.0475052 0 -0.999585 0 0 0 0 -0.95208
394 395 0.0796103 0 0 0 0 0 0 0.0796103
395 396 0.0258716 0 -0 0 0 0 0 0.0258716
396 397 0.121714 0.0165377 -1.10623 0 0 0 0 -0.967974
397 398 0.00186786 0 -1.23679 0 0 0 0 -1.23493
395 399 0 0 0 0 0 -0.000125434 0 -0.000125434
398 399 0.0308327 0 -1.35279 0 0 0 0 -1.32196
#Total energy per particle is  -0.605535 and should be -0.60553510
