#id1 id2 FENE BEXC STCK NEXC HB CRSTCK CXSTCK total, t = 200000
0 1 0.00151785 0 -0.64246 0 0 0 0 -0.640942
1 2 0.0900591 0 -1.1066 0 0 0 0 -1.01654
2 3 0.0232784 0 0 0 0 0 0 0.0232784
3 4 0.0106994 0 0 0 0 0 0 0.0106994
4 5 0.178814 0 -1.35289 0 0 0 0 -1.17408
5 6 0.0527703 0 0 0 0 0 0 0.0527703
6 7 0.0261254 0 -1.25477 0 0 0 0 -1.22865
7 8 0.0888429 0 -1.15103 0 0 0 0 -1.06219
8 9 0.0311873 0 -0.906265 0 0 0 0 -0.875078
9 10 0.000706513 0 -1.03078 0 0 0 0 -1.03007
10 11 0.0253946 0 -0 0 0 0 0 0.0253946
11 12 0.0675517 0 0 0 0 0 0 0.0675517
12 13 0.0269365 0 0 0 0 0 0 0.0269365
13 14 0.0302009 0 -1.29025 0 0 0 0 -1.26005
14 15 0.0386183 0 -0 0 0 0 0 0.0386183
15 16 0.0977261 0 0 0 0 0 0 0.0977261
16 17 0.0277835 0 0 0 0 0 0 0.0277835
17 18 0.194866 0 0 0 0 0 0 0.194866
18 19 0.12077 0 -1.36026 0 0 0 0 -1.23949
20 21 0.00129382 0 0 0 0 0 0 0.00129382
21 22 0.125765 0 0 0 0 0 0 0.125765
22 23 0.0863858 0 -1.32456 0 0 0 0 -1.23818
23 24 0.0937567 0 -1.02095 0 0 0 0 -0.927189
24 25 0.00160723 0 -1.39378 0 0 0 0 -1.39217
25 26 0.180777 0 -1.11569 0 0 0 0 -0.934913
26 27 0.00947648 0 -1.26977 0 0 0 0 -1.26029
27 28 0.00247834 0 -1.22128 0 0 0 0 -1.2188
28 29 0.0433105 0 -0.980309 0 0 0 0 -0.936998
29 30 0.0329716 0 -1.0324 0 0 0 0 -0.999426
30 31 0.138101 0 -1.12834 0 0 0 0 -0.990234
31 32 0.033764 0 -1.01056 0 0 0 0 -0.976795
32 33 0.123799 0 0 0 0 0 0 0.123799
33 34 0.0436728 0 -0.00145355 0 0 0 0 0.0422192
34 35 0.000137321 0 -1.46328 0 0 0 0 -1.46314
35 36 0.210803 0 0 0 0 0 0 0.210803
36 37 0.0403508 0 0 0 0 0 0 0.0403508
37 38 0.0539416 0 -1.26274 0 0 0 0 -1.2088
38 39 0.00341833 0 0 0 0 0 0 0.00341833
40 41 0.00172395 0 0 0 0 0 0 0.00172395
41 42 0.00614867 0 -1.04098 0 0 0 0 -1.03483
42 43 0.0141525 0 -1.16503 0 0 0 0 -1.15088
43 44 0.060691 0 -1.38298 0 0 0 0 -1.32229
44 45 0.0247664 0 -1.13616 0 0 0 0 -1.1114
45 46 0.00153636 0 -1.34799 0 0 0 0 -1.34645
46 47 0.0625399 0 0 0 0 0 0 0.0625399
47 48 0.0647791 0 -0.946706 0 0 0 0 -0.881927
48 49 0.000394352 0 0 0 0 0 0 0.000394352
49 50 0.149431 0 -0.866725 0 0 0 0 -0.717294
50 51 0.0235958 0 -1.03544 0 0 0 0 -1.01185
51 52 0.00136842 0 -1.3977 0 0 0 0 -1.39633
52 53 0.000763968 0 0 0 0 0 0 0.000763968
53 54 0.000325885 0 -1.23676 0 0 0 0 -1.23643
54 55 0.0740027 0 -0 0 0 0 0 0.0740027
55 56 0.125405 0 -1.17114 0 0 0 0 -1.04574
56 57 0.00645605 0 -1.28574 0 0 0 0 -1.27929
57 58 0.0284455 0 0 0 0 0 0 0.0284455
58 59 0.0869268 0 0 0 0 0 0 0.0869268
60 61 0.0719276 0 -1.27555 0 0 0 0 -1.20362
61 62 0.0037218 0 -0.583654 0 0 0 0 -0.579933
62 63 0.0201322 0 -0 0 0 0 0 0.0201322
63 64 0.0341065 0 0 0 0 0 0 0.0341065
64 65 0.100253 0 -0.925904 0 0 0 0 -0.825652
65 66 0.0320108 0 -1.37659 0 0 0 0 -1.34458
66 67 0.00431897 0 -1.30746 0 0 0 0 -1.30314
67 68 0.0853337 0 0 0 0 0 0 0.0853337
68 69 0.00677686 0 -0.990923 0 0 0 0 -0.984146
69 70 0.00843604 0 -1.20023 0 0 0 0 -1.1918
70 71 0.0133523 0 -1.18924 0 0 0 0 -1.17589
71 72 0.00920948 0 0 0 0 0 0 0.00920948
72 73 0.00336087 0 -1.26547 0 0 0 0 -1.26211
73 74 0.214686 0 -1.41325 0 0 0 0 -1.19856
74 75 5.43593e-05 0 -1.20143 0 0 0 0 -1.20138
75 76 0.0280263 0 -1.31235 0 0 0 0 -1.28433
76 77 0.0284543 0 0 0 0 0 0 0.0284543
77 78 0.0308225 0 -1.14114 0 0 0 0 -1.11032
78 79 0.00588178 0 -1.3821 0 0 0 0 -1.37622
80 81 0.286586 0 -1.2453 0 0 0 0 -0.958718
81 82 0.0365368 0 0 0 0 0 0 0.0365368
82 83 0.097475 0 0 0 0 0 0 0.097475
83 84 0.00586219 0 -1.32908 0 0 0 0 -1.32322
84 85 0.0947627 0 0 0 0 0 0 0.0947627
85 86 0.0464376 0 0 0 0 0 0 0.0464376
86 87 0.00256303 0 -1.28658 0 0 0 0 -1.28401
87 88 0.00363139 0 -1.18124 0 0 0 0 -1.17761
85 89 0 0 0 0 0 -0.000741808 0 -0.000741808
88 89 0.0889632 0 -0.919337 0 0 0 0 -0.830374
89 90 0.0563655 0 -1.19663 0 0 0 0 -1.14027
90 91 0.0163603 0 0 0 0 0 0 0.0163603
91 92 0.133705 0 0 0 0 0 0 0.133705
92 93 0.00965449 0 -0 0 0 0 0 0.00965449
93 94 0.201702 0 -0.943079 0 0 0 0 -0.741377
94 95 0.000205227 0 0 0 0 0 0 0.000205227
95 96 0.00540852 0 -1.13048 0 0 0 0 -1.12508
96 97 0.017459 0 0 0 0 0 0 0.017459
97 98 0.00208519 0 -1.35124 0 0 0 0 -1.34916
98 99 0.0131549 0 0 0 0 0 0 0.0131549
100 101 0.209288 0 -1.26485 0 0 0 0 -1.05556
101 102 0.0137677 0 0 0 0 0 0 0.0137677
102 103 0.279224 0 -0.888257 0 0 0 0 -0.609033
103 104 0.00815046 0 -0 0 0 0 0 0.00815046
104 105 0.052459 0 0 0 0 0 0 0.052459
105 106 0.00277064 0 -1.26509 0 0 0 0 -1.26232
106 107 0.0870048 0 -0.828138 0 0 0 0 -0.741134
107 108 0.121801 0 -0.414682 0 0 0 0 -0.292881
108 109 0.0451627 0 0 0 0 0 0 0.0451627
109 110 0.0574114 0 -0.945367 0 0 0 0 -0.887955
110 111 0.0492117 0 0 0 0 0 0 0.0492117
111 112 0.152284 0 -1.19475 0 0 0 0 -1.04247
112 113 0.0829409 0 -0.681026 0 0 0 0 -0.598085
113 114 0.102465 0 0 0 0 0 0 0.102465
114 115 0.184983 0 -1.24604 0 0 0 0 -1.06105
115 116 0.000283614 0 -1.37666 0 0 0 0 -1.37638
116 117 0.0331943 0 0 0 0 0 0 0.0331943
117 118 0.0360422 0 -0.822838 0 0 0 0 -0.786795
118 119 0.024602 0 -1.38835 0 0 0 0 -1.36375
120 121 0.00354171 0 0 0 0 0 0 0.00354171
121 122 0.00173657 0 0 0 0 0 0 0.00173657
122 123 0.163052 0 -1.2645 0 0 0 0 -1.10145
123 124 0.00022887 0 0 0 0 0 0 0.00022887
124 125 0.00711747 0 -0 0 0 0 0 0.00711747
125 126 0.00323631 0 -1.35048 0 0 0 0 -1.34725
126 127 0.00064289 0 0 0 0 0 0 0.00064289
127 128 0.0446654 0 0 0 0 0 0 0.0446654
128 129 0.00895731 0 0 0 0 0 0 0.00895731
129 130 0.0328869 0 0 0 0 0 0 0.0328869
130 131 0.00486368 0 -1.29864 0 0 0 0 -1.29378
131 132 0.0267685 0 -1.08515 0 0 0 0 -1.05838
132 133 0.0931068 0 0 0 0 0 0 0.0931068
133 134 0.010527 0 -1.36544 0 0 0 0 -1.35491
134 135 0.0297714 0 -1.25609 0 0 0 0 -1.22631
135 136 0.00234899 0 0 0 0 0 0 0.00234899
136 137 0.00182256 0 -1.17457 0 0 0 0 -1.17274
137 138 0.0697528 0 -1.34349 0 0 0 0 -1.27374
138 139 0.00322475 0 0 0 0 0 0 0.00322475
140 141 0.0111955 0 0 0 0 0 0 0.0111955
141 142 6.04296e-05 0 -0 0 0 0 0 6.04296e-05
142 143 0.0564411 0 0 0 0 0 0 0.0564411
143 144 0.107796 0 -0.653894 0 0 0 0 -0.546098
144 145 0.00853456 0 -1.22991 0 0 0 0 -1.22138
145 146 0.0927109 0 -1.34042 0 0 0 0 -1.24771
146 147 0.110173 0 0 0 0 0 0 0.110173
147 148 0.0223998 0 -1.36879 0 0 0 0 -1.34639
148 149 0.00197662 0 -1.36005 0 0 0 0 -1.35808
149 150 0.0238633 0 0 0 0 0 0 0.0238633
150 151 0.00194167 0 -1.32762 0 0 0 0 -1.32568
151 152 0.247234 0 -1.18212 0 0 0 0 -0.934884
152 153 0.0365386 0 0 0 0 0 0 0.0365386
153 154 0.0325994 0 -0.963973 0 0 0 0 -0.931373
154 155 0.126923 0 -1.20232 0 0 0 0 -1.07539
155 156 0.0378393 0 -1.15341 0 0 0 0 -1.11557
156 157 0.0409269 0 0 0 0 0 0 0.0409269
157 158 0.0839779 0 0 0 0 0 0 0.0839779
158 159 0.0204974 0 0 0 0 0 0 0.0204974
160 161 0.00610642 0 0 0 0 0 0 0.00610642
161 162 0.0492753 0 -1.22505 0 0 0 0 -1.17577
162 163 0.000123271 0 -1.31081 0 0 0 0 -1.31068
163 164 0.107663 0 -1.17302 0 0 0 0 -1.06536
164 165 0.00237154 0 -1.30735 0 0 0 0 -1.30498
165 166 8.34383e-05 0 -1.3986 0 0 0 0 -1.39851
166 167 0.00276542 0 -0.94818 0 0 0 0 -0.945415
167 168 0.0017106 0 0 0 0 0 0 0.0017106
168 169 0.0681126 0 -0.731915 0 0 0 0 -0.663802
169 170 0.0194858 0 -1.34838 0 0 0 0 -1.32889
170 171 0.034079 0 0 0 0 0 0 0.034079
171 172 0.0355402 0 -1.33483 0 0 0 0 -1.29929
172 173 0.0167867 0 -0.597506 0 0 0 0 -0.580719
173 174 0.0654925 0 -0.483369 0 0 0 0 -0.417877
174 175 0.258614 0 0 0 0 0 0 0.258614
175 176 0.03863 0 -1.26201 0 0 0 0 -1.22338
176 177 0.0654401 0 -1.09166 0 0 0 0 -1.02622
177 178 0.260655 0 -1.1784 0 0 0 0 -0.917748
178 179 0.000318885 0 -1.37897 0 0 0 0 -1.37865
180 181 0.0978576 0 0 0 0 0 0 0.0978576
181 182 0.00588362 0 -0.995879 0 0 0 0 -0.989996
182 183 1.41916e-07 0 -0 0 0 0 0 1.41916e-07
183 184 0.00714286 0 -1.37121 0 0 0 0 -1.36407
184 185 0.0491484 0 0 0 0 0 0 0.0491484
185 186 0.032426 0 0 0 0 0 0 0.032426
186 187 0.215432 0 -1.20675 0 0 0 0 -0.991317
187 188 0.00140684 0 0 0 0 0 0 0.00140684
188 189 0.000505042 0 -1.07826 0 0 0 0 -1.07775
189 190 0.00852844 0 -1.40412 0 0 0 0 -1.39559
190 191 0.0704659 0 -0.819264 0 0 0 0 -0.748798
191 192 0.000463935 0 -0.654176 0 0 0 0 -0.653712
192 193 0.108351 0 0 0 0 0 0 0.108351
193 194 0.00959582 0 -1.33602 0 0 0 0 -1.32643
194 195 0.0478741 0 -1.39495 0 0 0 0 -1.34707
195 196 0.0986753 0 -1.23405 0 0 0 0 -1.13537
196 197 0.0863479 0 -0 0 0 0 0 0.0863479
197 198 0.0807881 0 -1.40518 0 0 0 0 -1.32439
198 199 0.0121094 0 0 0 0 0 0 0.0121094
200 201 0.00437079 0 0 0 0 0 0 0.00437079
201 202 0.00487811 0 -1.31663 0 0 0 0 -1.31175
202 203 0.0635208 0 -1.28131 0 0 0 0 -1.21779
203 204 0.000149206 0 -1.42956 0 0 0 0 -1.42941
204 205 0.00243246 0 -0.984768 0 0 0 0 -0.982335
205 206 8.25369e-05 0 0 0 0 0 0 8.25369e-05
206 207 0.0543016 0 0 0 0 0 0 0.0543016
207 208 0.0408425 0 -0 0 0 0 0 0.0408425
208 209 0.0798912 0 0 0 0 0 0 0.0798912
209 210 0.0190731 0 0 0 0 0 0 0.0190731
210 211 0.0093727 0 0 0 0 0 0 0.0093727
211 212 0.0926753 0 -0.975985 0 0 0 0 -0.88331
212 213 6.17212e-08 0 -1.35263 0 0 0 0 -1.35263
213 214 0.00824546 0 0 0 0 0 0 0.00824546
214 215 0.000487183 0 0 0 0 0 0 0.000487183
215 216 0.0139258 0 -0 0 0 0 0 0.0139258
216 217 0.0345924 0 0 0 0 0 0 0.0345924
217 218 0.0145761 0 -1.26889 0 0 0 0 -1.25431
218 219 0.143795 0 -1.23674 0 0 0 0 -1.09294
220 221 0.0116891 0 -1.23819 0 0 0 0 -1.2265
221 222 0.00354952 0 -0.999847 0 0 0 0 -0.996297
222 223 0.0337451 0 -1.26899 0 0 0 0 -1.23524
223 224 0.000327732 0 0 0 0 0 0 0.000327732
224 225 0.0747616 0 -1.05271 0 0 0 0 -0.977947
225 226 0.0103008 0 -0.725297 0 0 0 0 -0.714996
226 227 0.00676795 0 -1.32288 0 0 0 0 -1.31611
227 228 0.0002751 0 0 0 0 0 0 0.0002751
228 229 0.0405626 0 -0 0 0 0 0 0.0405626
229 230 0.0093109 0 -1.23786 0 0 0 0 -1.22855
230 231 0.0331183 0 -0.69049 0 0 0 0 -0.657371
231 232 0.0039515 0 -1.14962 0 0 0 0 -1.14567
232 233 0.129057 0 -1.04917 0 0 0 0 -0.920112
233 234 0.0124515 0 -1.21902 0 0 0 0 -1.20657
234 235 0.0828271 0 -0.665505 0 0 0 0 -0.582678
235 236 0.0607871 0 0 0 0 0 0 0.0607871
236 237 0.0240106 0 0 0 0 0 0 0.0240106
237 238 0.222511 0 0 0 0 0 0 0.222511
238 239 0.0270913 0 0 0 0 0 0 0.0270913
240 241 0.0876809 0 -1.05756 0 0 0 0 -0.969883
241 242 0.00858369 0 -1.26195 0 0 0 0 -1.25336
242 243 0.0155948 0 0 0 0 0 0 0.0155948
243 244 0.125794 0 -1.09756 0 0 0 0 -0.971763
244 245 0.0177446 0 0 0 0 0 0 0.0177446
245 246 0.019832 0 -1.31883 0 0 0 0 -1.299
246 247 0.00534686 0 -0.868324 0 0 0 0 -0.862977
247 248 0.00244545 0 -1.27094 0 0 0 0 -1.2685
248 249 0.0027313 0 -1.33398 0 0 0 0 -1.33124
249 250 0.00163018 0 0 0 0 0 0 0.00163018
250 251 0.189649 0 0 0 0 0 0 0.189649
251 252 0.0142668 0 0 0 0 0 0 0.0142668
252 253 0.028385 0 -1.09134 0 0 0 0 -1.06295
241 254 0 0 0 0 -2.77417e-07 0 0 -2.77417e-07
253 254 0.00235668 0 0 0 0 0 0 0.00235668
254 255 0.015157 0 0 0 0 0 0 0.015157
255 256 0.0864613 0 0 0 0 0 0 0.0864613
256 257 0.164206 0 0 0 0 0 0 0.164206
257 258 0.0471043 0 -0 0 0 0 0 0.0471043
258 259 0.00323248 0 0 0 0 0 0 0.00323248
260 261 0.0576587 0 -1.42359 0 0 0 0 -1.36594
261 262 0.112453 0 -1.15625 0 0 0 0 -1.0438
262 263 2.29422e-05 0 0 0 0 0 0 2.29422e-05
263 264 0.0803042 0 -1.35494 0 0 0 0 -1.27463
264 265 0.0172078 0 -0.816979 0 0 0 0 -0.799771
265 266 0.0208685 0 -1.29359 0 0 0 0 -1.27272
266 267 0.0246388 0 -1.19552 0 0 0 0 -1.17088
267 268 0.273798 0 0 0 0 0 0 0.273798
268 269 0.048536 0 0 0 0 0 0 0.048536
269 270 0.0505792 0 -1.15056 0 0 0 0 -1.09998
270 271 0.0661686 0 0 0 0 0 0 0.0661686
271 272 0.00155994 0 0 0 0 0 0 0.00155994
272 273 0.258305 0 -1.27314 0 0 0 0 -1.01483
273 274 0.0913858 0 -0.791967 0 0 0 0 -0.700581
274 275 0.010494 0 0 0 0 0 0 0.010494
275 276 0.050591 0 0 0 0 0 0 0.050591
276 277 0.176911 0 -1.06079 0 0 0 0 -0.883884
277 278 0.0472722 0 -0.827069 0 0 0 0 -0.779796
278 279 0.00427519 0 -1.3155 0 0 0 0 -1.31123
280 281 0.210515 0 0 0 0 0 0 0.210515
281 282 0.0810901 0 0 0 0 0 0 0.0810901
282 283 0.0621377 0 -0 0 0 0 0 0.0621377
283 284 0.00682184 0 0 0 0 0 0 0.00682184
284 285 0.0401598 0 0 0 0 0 0 0.0401598
285 286 0.277348 0 0 0 0 0 0 0.277348
286 287 0.15153 0 -1.11798 0 0 0 0 -0.966453
287 288 0.0368007 0 0 0 0 0 0 0.0368007
282 289 0 0 0 0 0 -0.000604533 0 -0.000604533
288 289 0.0499755 0 0 0 0 0 0 0.0499755
282 290 0 0 0 0 0 -0.00918802 0 -0.00918802
289 290 0.00856766 0 -1.24854 0 0 0 0 -1.23997
290 291 0.00784216 0 -1.0223 0 0 0 0 -1.01446
291 292 0.0446241 0 -0.359844 0 0 0 0 -0.31522
292 293 0.25363 0 -1.18833 0 0 0 0 -0.934701
293 294 0.0782995 0 -0.601672 0 0 0 0 -0.523372
294 295 0.0216747 0 -1.21869 0 0 0 0 -1.19702
295 296 0.0933936 0 -0.844905 0 0 0 0 -0.751512
296 297 0.0523976 0 -0.882341 0 0 0 0 -0.829944
297 298 0.0380452 0 0 0 0 0 0 0.0380452
298 299 0.196501 0 0 0 0 0 0 0.196501
300 301 0.0292277 0 0 0 0 0 0 0.0292277
301 302 0.104568 0 -1.30033 0 0 0 0 -1.19576
302 303 0.0731378 0 -1.30456 0 0 0 0 -1.23143
303 304 0.22832 0 -1.3176 0 0 0 0 -1.08928
304 305 2.95876e-06 0 -1.40346 0 0 0 0 -1.40346
305 306 0.149829 0 -0.760493 0 0 0 0 -0.610664
306 307 0.0353332 0 -0.438493 0 0 0 0 -0.403159
307 308 0.00133219 0 -0.946066 0 0 0 0 -0.944733
308 309 0.0461804 0 -1.2225 0 0 0 0 -1.17632
309 310 0.00697424 0 -1.24469 0 0 0 0 -1.23771
310 311 0.000394359 0 -1.35509 0 0 0 0 -1.3547
311 312 0.224582 0 0 0 0 0 0 0.224582
312 313 0.0431518 0 -1.39461 0 0 0 0 -1.35145
313 314 0.273284 0 -1.25765 0 0 0 0 -0.984362
314 315 4.75954e-08 0 -0.939968 0 0 0 0 -0.939968
315 316 0.00585669 0 -0.893624 0 0 0 0 -0.887767
316 317 0.043355 0 -0.95159 0 0 0 0 -0.908235
314 318 0 0 0 0 0 -0.00499125 0 -0.00499125
317 318 0.0293914 0 0 0 0 0 0 0.0293914
318 319 0.0344074 0 0 0 0 0 0 0.0344074
320 321 1.5963e-05 0 -0.919281 0 0 0 0 -0.919265
321 322 0.0922591 0 -1.21912 0 0 0 0 -1.12686
322 323 0.229222 0 -1.27754 0 0 0 0 -1.04832
323 324 0.00137962 0 -1.22109 0 0 0 0 -1.21971
324 325 0.0153839 0 0 0 0 0 0 0.0153839
325 326 0.0470549 0 -0 0 0 0 0 0.0470549
326 327 0.0885097 0 -0.026354 0 0 0 0 0.0621557
327 328 0.0308201 0 0 0 0 0 0 0.0308201
328 329 0.0561272 0 0 0 0 0 0 0.0561272
329 330 0.125998 0 0 0 0 0 0 0.125998
330 331 0.0108556 0 0 0 0 0 0 0.0108556
331 332 0.0537558 0 0 0 0 0 0 0.0537558
332 333 0.00729056 0 -0.946781 0 0 0 0 -0.939491
333 334 0.00543078 0 0 0 0 0 0 0.00543078
334 335 0.00989413 0 -1.20478 0 0 0 0 -1.19489
335 336 0.0650364 0 -1.11135 0 0 0 0 -1.04631
336 337 0.0414598 0 0 0 0 0 0 0.0414598
337 338 0.0230341 0 -0.973577 0 0 0 0 -0.950543
338 339 0.0534185 0 -1.3357 0 0 0 0 -1.28228
340 341 0.0116353 0 -1.00324 0 0 0 0 -0.991601
341 342 0.0326568 0 -0.441352 0 0 0 0 -0.408696
342 343 0.0160538 0 -0.933272 0 0 0 0 -0.917218
343 344 0.00516739 0 0 0 0 0 0 0.00516739
344 345 0.107746 0 -1.26403 0 0 0 0 -1.15629
345 346 0.00537362 0 -0.565215 0 0 0 0 -0.559841
346 347 0.00770494 0 -0.999891 0 0 0 0 -0.992186
347 348 0.0465755 0 0 0 0 0 0 0.0465755
348 349 0.0263101 0 0 0 0 0 0 0.0263101
349 350 0.0312389 0 0 0 0 0 0 0.0312389
350 351 0.000808558 0 0 0 0 0 0 0.000808558
351 352 0.021192 0 -1.27323 0 0 0 0 -1.25204
352 353 0.00944731 0 0 0 0 0 0 0.00944731
353 354 0.00201482 0 -1.38518 0 0 0 0 -1.38316
354 355 0.435414 0 0 0 0 0 0 0.435414
355 356 0.00414073 0 -0 0 0 0 0 0.00414073
356 357 0.193022 0 -1.21602 0 0 0 0 -1.023
357 358 0.000104662 0 -0.951606 0 0 0 0 -0.951501
358 359 2.0713e-07 0 -1.44929 0 0 0 0 -1.44928
360 361 0.0318965 0 -1.16304 0 0 0 0 -1.13114
361 362 0.0140205 0 0 0 0 0 0 0.0140205
362 363 6.86463e-05 0 -1.4397 0 0 0 0 -1.43963
363 364 0.0578146 0 0 0 0 0 0 0.0578146
364 365 0.00872536 0 0 0 0 0 0 0.00872536
365 366 0.071766 0 -1.21206 0 0 0 0 -1.14029
366 367 0.00687797 0 -0.922117 0 0 0 0 -0.915239
367 368 0.0274664 0 -1.42154 0 0 0 0 -1.39407
368 369 0.0289557 0 -0.112009 0 0 0 0 -0.0830528
369 370 0.0810197 0 -1.00742 0 0 0 0 -0.926404
370 371 0.0353158 0 0 0 0 0 0 0.0353158
371 372 0.00274468 0 -0.734794 0 0 0 0 -0.732049
372 373 0.00907657 0 -1.28129 0 0 0 0 -1.27222
373 374 0.0125045 0 0 0 0 0 0 0.0125045
374 375 0.0482764 0 -1.32663 0 0 0 0 -1.27835
375 376 0.00915778 0 -1.24321 0 0 0 0 -1.23406
376 377 0.0313465 0 -1.34323 0 0 0 0 -1.31189
377 378 0.000771386 0 -0.700905 0 0 0 0 -0.700133
378 379 0.00910765 0 -0 0 0 0 0 0.00910765
380 381 0.0542392 0 -0 0 0 0 0 0.0542392
381 382 6.97032e-05 0 0 0 0 0 0 6.97032e-05
382 383 0.000565849 0 -1.33006 0 0 0 0 -1.3295
383 384 0.00502795 0 -1.25859 0 0 0 0 -1.25356
384 385 0.0360504 0 -1.2766 0 0 0 0 -1.24055
385 386 0.14427 0 -1.29908 0 0 0 0 -1.15481
386 387 0.0199727 0 -1.21318 0 0 0 0 -1.1932
387 388 0.00101104 0 0 0 0 0 0 0.00101104
388 389 0.0229526 0 -1.42845 0 0 0 0 -1.4055
389 390 0.195289 0 -1.16767 0 0 0 0 -0.972383
390 391 0.0593035 0 -1.29357 0 0 0 0 -1.23426
391 392 0.0204917 0 0 0 0 0 0 0.0204917
392 393 0.0965557 0 -1.14663 0 0 0 0 -1.05008
393 394 0.0218793 0 -1.16081 0 0 0 0 -1.13893
394 395 0.00176573 0 -1.17333 0 0 0 0 -1.17157
395 396 0.0141877 0 0 0 0 0 0 0.0141877
396 397 0.0324675 0 0 0 0 0 0 0.0324675
397 398 0.00797652 0 -0.947964 0 0 0 0 -0.939988
398 399 0.00520982 0 -0.666427 0 0 0 0 -0.661217
400 401 0.00864496 0 -0 0 0 0 0 0.00864496
401 402 0.037561 0 -0 0 0 0 0 0.037561
402 403 0.111058 0 -1.18207 0 0 0 0 -1.07101
403 404 0.00484547 0 -1.33678 0 0 0 0 -1.33193
404 405 0.00118927 0 0 0 0 0 0 0.00118927
405 406 0.0139243 0 -1.43429 0 0 0 0 -1.42036
406 407 0.00051782 0 0 0 0 0 0 0.00051782
407 408 0.0593225 0 -1.38428 0 0 0 0 -1.32496
408 409 0.0217448 0 0 0 0 0 0 0.0217448
409 410 0.0201233 0 -0 0 0 0 0 0.0201233
410 411 0.0346377 0 0 0 0 0 0 0.0346377
411 412 0.360122 0 0 0 0 0 0 0.360122
412 413 0.0134222 0 0 0 0 0 0 0.0134222
413 414 0.00209953 0 -0.823906 0 0 0 0 -0.821806
411 415 0 0 0 0 -0 -1.10824e-05 0 -1.10824e-05
414 415 0.00374864 0 -0.973758 0 0 0 0 -0.970009
415 416 0.160158 0 -0.826862 0 0 0 0 -0.666704
416 417 0.00080774 0 0 0 0 0 0 0.00080774
417 418 0.00522792 0 0 0 0 0 0 0.00522792
418 419 0.000608648 0 0 0 0 0 0 0.000608648
420 421 3.80128e-05 0 -0 0 0 0 0 3.80128e-05
421 422 0.0342489 0 -1.21632 0 0 0 0 -1.18207
422 423 0.0814504 0 0 0 0 0 0 0.0814504
423 424 0.18142 0 -1.33676 0 0 0 0 -1.15534
424 425 0.00499165 0 0 0 0 0 0 0.00499165
425 426 0.0260046 0 -1.15832 0 0 0 0 -1.13232
426 427 0.184008 0 0 0 0 0 0 0.184008
427 428 0.0103068 0 -1.21125 0 0 0 0 -1.20094
428 429 0.0338059 0 0 0 0 0 0 0.0338059
429 430 0.0515142 0 -1.01573 0 0 0 0 -0.964215
430 431 0.0103833 0 -1.22884 0 0 0 0 -1.21846
431 432 0.00379308 0 -1.10602 0 0 0 0 -1.10223
432 433 0.000107942 0 -0.708757 0 0 0 0 -0.708649
433 434 0.251473 0 -1.23129 0 0 0 0 -0.979813
433 435 0 0 0 0.0743222 0 0 0 0.0743222
434 435 0.0308769 0 0 0 0 0 0 0.0308769
435 436 0.00962092 0 -0.757259 0 0 0 0 -0.747638
436 437 0.376233 0 -0.789344 0 0 0 0 -0.413111
437 438 0.00874464 0 -1.24657 0 0 0 0 -1.23783
438 439 2.58961e-06 0 -1.23321 0 0 0 0 -1.23321
440 441 0.00740175 0 -0.962108 0 0 0 0 -0.954707
441 442 0.00183514 0 0 0 0 0 0 0.00183514
442 443 0.000480228 0 0 0 0 0 0 0.000480228
443 444 0.0081757 0 -1.18466 0 0 0 0 -1.17648
444 445 0.000860318 0 -0.780341 0 0 0 0 -0.779481
445 446 0.0263487 0 0 0 0 0 0 0.0263487
446 447 0.000197228 0 -1.05613 0 0 0 0 -1.05593
447 448 0.0604559 0 -1.28789 0 0 0 0 -1.22743
448 449 0.120549 0 0 0 0 0 0 0.120549
449 450 0.0105067 0 -0 0 0 0 0 0.0105067
450 451 0.0497559 0 -1.19325 0 0 0 0 -1.14349
451 452 0.000409411 0 -1.0723 0 0 0 0 -1.07189
452 453 0.0756577 0 0 0 0 0 0 0.0756577
453 454 0.0864755 0 -1.21383 0 0 0 0 -1.12736
454 455 0.00616533 0 -1.04155 0 0 0 0 -1.03538
455 456 0.0750037 0 0 0 0 0 0 0.0750037
456 457 0.0137202 0 -1.09076 0 0 0 0 -1.07704
457 458 0.0092462 0 -1.03653 0 0 0 0 -1.02728
458 459 0.000977741 0 0 0 0 0 0 0.000977741
460 461 4.06923e-05 0 -0 0 0 0 0 4.06923e-05
461 462 0.0139775 0 -1.11979 0 0 0 0 -1.10581
462 463 0.120553 0 0 0 0 0 0 0.120553
463 464 0.0539519 0 0 0 0 0 0 0.0539519
464 465 0.00615339 0 0 0 0 0 0 0.00615339
465 466 0.00822479 0 0 0 0 0 0 0.00822479
466 467 0.0738695 0 -1.04203 0 0 0 0 -0.968159
467 468 0.0419836 0 0 0 0 0 0 0.0419836
468 469 0.0931067 0 -1.32638 0 0 0 0 -1.23327
469 470 0.121791 0 -0.885241 0 0 0 0 -0.76345
470 471 0.146332 0 -1.01561 0 0 0 0 -0.86928
471 472 0.026373 0 -0.87981 0 0 0 0 -0.853438
472 473 0.0272313 0 -1.13447 0 0 0 0 -1.10724
473 474 0.00984316 0 -0.221615 0 0 0 0 -0.211772
474 475 0.115214 0 0 0 0 0 0 0.115214
475 476 0.0019078 0 0 0 0 0 0 0.0019078
476 477 0.00102756 0 0 0 0 0 0 0.00102756
477 478 0.0931246 0 0 0 0 0 0 0.0931246
478 479 0.0206089 0 0 0 0 0 0 0.0206089
480 481 0.0440368 0 0 0 0 0 0 0.0440368
481 482 0.0501621 0 -0 0 0 0 0 0.0501621
482 483 5.42271e-06 0 -0 0 0 0 0 5.42271e-06
483 484 0.115761 0 0 0 0 0 0 0.115761
484 485 0.0786741 0 0 0 0 0 0 0.0786741
485 486 0.0963684 0 0 0 0 0 0 0.0963684
486 487 0.0500455 0 -0.961443 0 0 0 0 -0.911397
487 488 0.0206715 0 -1.40228 0 0 0 0 -1.38161
488 489 0.228225 0 0 0 0 0 0 0.228225
489 490 0.00636872 0 0 0 0 0 0 0.00636872
490 491 0.0243918 0 -1.42924 0 0 0 0 -1.40485
491 492 0.0308589 0 0 0 0 0 0 0.0308589
492 493 0.00573591 0 -0.00369434 0 0 0 0 0.00204157
493 494 0.00456239 0 -0.840857 0 0 0 0 -0.836295
494 495 0.377062 0 -0.957687 0 0 0 0 -0.580625
495 496 0.118609 0 -0.841048 0 0 0 0 -0.722439
496 497 0.00147459 0 0 0 0 0 0 0.00147459
497 498 0.188399 0 0 0 0 0 0 0.188399
498 499 0.162641 0 0 0 0 0 0 0.162641
500 501 0.0110389 0 -1.24284 0 0 0 0 -1.2318
501 502 0.0448871 0 -1.01165 0 0 0 0 -0.966766
502 503 0.354913 0 0 0 0 0 0 0.354913
503 504 0.00402109 0 -1.27827 0 0 0 0 -1.27425
504 505 0.0549467 0 0 0 0 0 0 0.0549467
505 506 0.252247 0 0 0 0 0 0 0.252247
506 507 0.00169075 0 -0 0 0 0 0 0.00169075
507 508 0.174005 0 -1.24243 0 0 0 0 -1.06843
508 509 0.0426677 0 -1.4098 0 0 0 0 -1.36714
509 510 0.0590233 0 -1.16619 0 0 0 0 -1.10717
510 511 0.00166319 0 -1.09686 0 0 0 0 -1.09519
511 512 0.0190887 0 -1.10501 0 0 0 0 -1.08593
512 513 0.0365795 0 -1.21097 0 0 0 0 -1.17439
513 514 0.146775 0 0 0 0 0 0 0.146775
511 515 0 0 0 0 -0 -0.000566296 0 -0.000566296
510 515 0 0 0 0 -0.69306 0 -0 -0.69306
509 515 0 0 0 0 0 -0.107764 0 -0.107764
514 515 0.00726492 0 0 0 0 0 0 0.00726492
510 516 0 0 0 0 0 -0.126269 0 -0.126269
509 516 0 0 0 0 -0.779432 0 -0 -0.779432
508 516 0 0 0 0 -7.93146e-30 -0.0992798 -0 -0.0992798
515 516 0.0109084 0 -0.967842 0 0 0 0 -0.956933
509 517 0 0 0 0 -0 -0.178656 0 -0.178656
508 517 0 0 0 0 -0.599905 0 -0 -0.599905
507 517 0 0 0 0 0 -0.0778982 -0 -0.0778982
516 517 0.0135409 0 -1.37378 0 0 0 0 -1.36024
508 518 0 0 0 0 0 -0.187357 0 -0.187357
517 518 0.0169577 0 -1.26131 0 0 0 0 -1.24435
518 519 0.00513034 0 -0 0 0 0 0 0.00513034
520 521 0.0858195 0 0 0 0 0 0 0.0858195
521 522 0.143775 0 -1.00481 0 0 0 0 -0.861031
522 523 0.00285858 0 0 0 0 0 0 0.00285858
523 524 0.0285128 0 0 0 0 0 0 0.0285128
524 525 0.142461 0 0 0 0 0 0 0.142461
525 526 0.00274838 0 -1.20939 0 0 0 0 -1.20664
526 527 0.00747094 0 -1.35731 0 0 0 0 -1.34984
527 528 0.113592 0 0 0 0 0 0 0.113592
528 529 0.00866348 0 -1.02346 0 0 0 0 -1.0148
529 530 0.00325962 0 -0.000747606 0 0 0 0 0.00251202
530 531 0.00248851 0 -1.23571 0 0 0 0 -1.23323
531 532 0.463484 0 0 0 0 0 0 0.463484
532 533 0.116556 0 -1.03696 0 0 0 0 -0.920401
533 534 0.0667826 0 0 0 0 0 0 0.0667826
534 535 0.187055 0 0 0 0 0 0 0.187055
535 536 0.00525243 0 0 0 0 0 0 0.00525243
536 537 0.0493935 0 -1.34841 0 0 0 0 -1.29901
537 538 0.00939335 0 -1.0077 0 0 0 0 -0.99831
538 539 0.0291823 0 -0.81881 0 0 0 0 -0.789627
540 541 0.000529963 0 -0 0 0 0 0 0.000529963
541 542 0.000397925 0 -1.23754 0 0 0 0 -1.23715
542 543 0.0174206 0 0 0 0 0 0 0.0174206
543 544 0.121944 0 -1.00816 0 0 0 0 -0.886212
544 545 0.0135162 0 0 0 0 0 0 0.0135162
545 546 0.0267125 0 -1.38678 0 0 0 0 -1.36007
546 547 0.0146315 0 -1.29871 0 0 0 0 -1.28408
547 548 0.000612391 0 0 0 0 0 0 0.000612391
548 549 0.000199892 0 -0 0 0 0 0 0.000199892
549 550 0.000256753 0 -0 0 0 0 0 0.000256753
550 551 0.012192 0 -1.29391 0 0 0 0 -1.28172
551 552 0.0116135 0 -1.39632 0 0 0 0 -1.3847
552 553 0.0828675 0 -1.12456 0 0 0 0 -1.0417
553 554 0.0961651 0 0 0 0 0 0 0.0961651
554 555 0.0968842 0 -1.29415 0 0 0 0 -1.19727
555 556 7.06154e-05 0 0 0 0 0 0 7.06154e-05
556 557 0.203628 0 0 0 0 0 0 0.203628
557 558 0.0381854 0 -1.21322 0 0 0 0 -1.17503
558 559 0.0534577 0 -0 0 0 0 0 0.0534577
560 561 0.120822 0 -0 0 0 0 0 0.120822
561 562 0.00160477 0 0 0 0 0 0 0.00160477
562 563 0.175824 0 0 0 0 0 0 0.175824
563 564 0.0274029 0 -0.944589 0 0 0 0 -0.917186
564 565 0.00721693 0 -1.38781 0 0 0 0 -1.3806
565 566 0.00455322 0 -0.999296 0 0 0 0 -0.994743
566 567 0.00481471 0 0 0 0 0 0 0.00481471
567 568 0.0272075 0 0 0 0 0 0 0.0272075
568 569 0.0125228 0 -1.22945 0 0 0 0 -1.21693
569 570 0.00314571 0 -1.24087 0 0 0 0 -1.23772
570 571 0.16482 0 -1.35023 0 0 0 0 -1.18541
571 572 0.022829 0 0 0 0 0 0 0.022829
572 573 0.191042 0 -0.9742 0 0 0 0 -0.783157
573 574 0.00125847 0 0 0 0 0 0 0.00125847
574 575 0.00603666 0 -1.31072 0 0 0 0 -1.30468
575 576 0.0584353 0 -1.33385 0 0 0 0 -1.27541
576 577 0.0801465 0 0 0 0 0 0 0.0801465
577 578 0.125212 0 -1.22532 0 0 0 0 -1.1001
578 579 0.00894231 0 0 0 0 0 0 0.00894231
580 581 0.069081 0 0 0 0 0 0 0.069081
581 582 0.233469 0 0 0 0 0 0 0.233469
582 583 0.206605 0 -1.40379 0 0 0 0 -1.19719
583 584 0.0961618 0 -0.968868 0 0 0 0 -0.872706
584 585 0.00123132 0 -1.25393 0 0 0 0 -1.2527
585 586 0.00128638 0 -1.23816 0 0 0 0 -1.23688
586 587 0.00590227 0 -0.99302 0 0 0 0 -0.987117
587 588 0.0965917 0 -1.36475 0 0 0 0 -1.26816
588 589 0.203242 0 -1.35879 0 0 0 0 -1.15555
589 590 0.0616683 0 -1.07213 0 0 0 0 -1.01046
590 591 0.0368501 0 0 0 0 0 0 0.0368501
591 592 0.00117213 0 -0.871525 0 0 0 0 -0.870353
592 593 0.12137 0 -0.66682 0 0 0 0 -0.54545
592 594 0 0 0 0 0 -2.77323e-06 0 -2.77323e-06
593 594 0.00249649 0 -1.19934 0 0 0 0 -1.19685
594 595 0.0609184 0 0 0 0 0 0 0.0609184
595 596 0.000330103 0 -1.19347 0 0 0 0 -1.19314
596 597 0.0185191 0 -0.793788 0 0 0 0 -0.775269
597 598 0.00323904 0 -1.01732 0 0 0 0 -1.01408
598 599 0.0816127 0 -1.10968 0 0 0 0 -1.02807
#Total energy per particle is  -0.558704 and should be -0.55870410
