t = 200000
b = 100 100 100
E = -0.57860982988624 -0.57860982988624 0
278.228730057841 2.93982651984969 -193.916069960429 -0.360905641310162 0.153437741944878 0.919893459818776 0.23255155022798 0.970021087414837 -0.0705610831627542 0 0 0 0 0 0
277.880959209863 3.31658687416579 -193.845851473178 0.598820015721498 0.266631776189597 0.75519671920453 -0.227098199916943 0.960780991738556 -0.159142368677739 0 0 0 0 0 0
277.617624477288 3.76982368537909 -193.675845928577 0.901939843657196 0.144332714275154 0.407028974415336 -0.149559987938923 0.988567478873962 -0.0191350390772746 0 0 0 0 0 0
277.670934747177 4.18333856778779 -193.457905596207 0.838136422250972 0.146944732434019 -0.525294758498727 -0.215725131626801 0.973811555306289 -0.0717894305350461 0 0 0 0 0 0
278.179536068564 4.10978586974016 -192.666195186389 0.410605886021348 0.428820877149315 0.804683454338112 -0.137476479516286 -0.843305853492403 0.519553130146724 0 0 0 0 0 0
278.435151659697 3.67446345096678 -192.460418778867 -0.278260770760149 0.534401583166302 0.798113958883892 0.00116887176603379 -0.830742094525257 0.556656272867363 0 0 0 0 0 0
279.372821852386 3.62879247252432 -193.472387181704 0.484814539480097 0.436676331774998 -0.757805148818767 -0.874039371193377 0.210412916073815 -0.437928741181942 0 0 0 0 0 0
279.016254719692 3.98145352402381 -193.659192096931 0.491937605503303 -0.358295082086387 -0.793487256636416 -0.690957531060391 0.393824031482467 -0.606201552701596 0 0 0 0 0 0
278.965264965865 4.29289542960605 -193.912552879792 -0.296426709595968 -0.773913479628662 -0.559633033234426 -0.69488114937018 0.576755414073338 -0.429526926498293 0 0 0 0 0 0
278.865837286698 4.5311633429876 -194.314979672832 -0.761488906946504 -0.629904565530157 0.152823044471973 -0.601342973350772 0.598555013748499 -0.5292622449393 0 0 0 0 0 0
278.52345550814 4.50297088113861 -194.713336316831 -0.587697288886328 0.0691068120359552 0.80612414997064 -0.624939523261329 0.594034242566198 -0.506531253650461 0 0 0 0 0 0
278.089434184066 4.56496140897723 -194.892986487339 0.0624527830346041 0.671215223363886 0.738626951725837 -0.683216444923982 0.568237150758111 -0.458608580255254 0 0 0 0 0 0
276.997975702862 4.47285581380572 -195.00071028819 -0.828476655748451 0.490448241089077 0.270345988859634 -0.42905050217054 -0.866115530798251 0.256436256986549 0 0 0 0 0 0
277.015854178699 4.31917854609735 -194.153233162075 -0.119979930975418 0.669922584196251 0.732672196379084 -0.912754790473449 0.215844556419889 -0.346828228279752 0 0 0 0 0 0
276.305629909469 4.09396510638024 -194.62430723516 -0.255559897517143 0.827567674867393 -0.499820850200955 0.677436011505672 -0.21556219847568 -0.703287557762555 0 0 0 0 0 0
276.373769984001 3.30433660390631 -194.542407854301 0.697934607658997 -0.00868814703217056 0.716108790291692 0.387326127832068 0.845645252143794 -0.36723640645404 0 0 0 0 0 0
275.1924407183 2.81011163561296 -194.92099496962 -0.849325349239999 -0.163427113525858 0.501934288231995 -0.510239066157189 0.0104701495483428 -0.859968878120293 0 0 0 0 0 0
274.923840051794 2.59224056780252 -195.255704116322 -0.354416231346903 0.935082005840088 -0.00328288165131837 -0.383350297625342 -0.148498419365365 -0.911586950738409 0 0 0 0 0 0
274.496941443559 2.61986947181067 -195.497188193501 0.419981839653323 0.855797283767296 -0.302036857780517 -0.340854078154392 -0.159699428450073 -0.926452691700035 0 0 0 0 0 0
274.245307451435 3.05170873029988 -195.106071597071 0.853444701600572 0.515533793341973 -0.0765313611034541 -0.50135750500432 0.852195902600399 0.149675635181332 0 0 0 0 0 0
16.0988207301766 -87.0107919435093 105.351789990848 -0.219883998729312 0.128555265054846 -0.96701839223951 0.957612985181058 0.217536360673158 -0.188826116831596 0 0 0 0 0 0
16.5278184153603 -87.0058122681136 105.077097061559 -0.341031539508316 0.883085982063802 -0.322267958914626 0.937644463416825 0.344063877344058 -0.0494257881145789 0 0 0 0 0 0
16.8630940579115 -86.749067438073 104.883939503356 -0.439976252144662 0.762025850928549 0.475118406363464 0.87879634639671 0.47422120939046 0.0532092672759472 0 0 0 0 0 0
17.208786784263 -86.3642978649526 104.785390081621 -0.2174176117307 0.230134005024471 0.948560974234506 0.692417375852019 0.721313187061496 -0.0162930595466626 0 0 0 0 0 0
17.438922598337 -85.9014087266837 104.855197738348 0.0996926788021989 -0.427631147363919 0.898439186365699 0.813514805325583 0.554944564227747 0.173868318419876 0 0 0 0 0 0
17.6572978485149 -85.4861789820496 105.155337421191 0.340504774434632 -0.858965627550007 0.382406262075877 0.887105028304315 0.428280328150023 0.172106447516961 0 0 0 0 0 0
16.8490179781153 -84.2338795174836 104.897337792131 -0.960912183473987 0.274844469276283 -0.0332910402284658 0.252678943095764 0.919785067510455 0.300247866438375 0 0 0 0 0 0
17.6005541176656 -83.8499770232951 105.481963256164 -0.593366594778525 0.572565051633372 0.565760855705847 0.645693101909616 -0.081103278729184 0.759277733326689 0 0 0 0 0 0
17.6878458954231 -84.4365704026075 105.69094120152 0.503605633220853 -0.675047424502215 -0.5391589198568 -0.0577272556732137 -0.648973000846565 0.758618222905727 0 0 0 0 0 0
16.7006786540977 -84.5425466529222 106.311106266984 -0.981953192068307 0.078153060740322 0.172220868897418 -0.0111861815983692 -0.933030049637041 0.359624520598289 0 0 0 0 0 0
17.3725427920086 -83.8331597721479 106.502583893509 -0.398228591419356 0.765184095932314 -0.505872798545644 -0.799268865567316 -0.560058808995491 -0.21795277241019 0 0 0 0 0 0
17.1891630362048 -83.3537778753491 107.247089613396 0.138381345011938 0.891798074595919 0.430751433543405 0.698950753110592 0.220198910886293 -0.680426545903837 0 0 0 0 0 0
17.326110639514 -83.0364910005599 106.77085687274 -0.903954172159917 0.386771662663936 -0.182413090524921 0.333470045979156 0.904600832475051 0.265509062595055 0 0 0 0 0 0
18.4366608935706 -82.9667559108213 106.613689683876 0.65992494988118 -0.624684640595661 0.417454381134265 -0.749308718786492 -0.587952403142459 0.304710379852003 0 0 0 0 0 0
17.2648966340672 -82.1114280250939 106.602258118008 -0.906020959515828 0.402956203953067 -0.129430748331886 0.0676989771031851 0.439857943997458 0.895512053297727 0 0 0 0 0 0
17.8442098813572 -81.4581014401319 106.052394548505 0.811830902539864 0.535031170905494 -0.233820939697036 -0.118959534120353 -0.240495199142316 -0.963333113949358 0 0 0 0 0 0
17.8343150684896 -81.2282086008034 105.611455587313 0.869411475817674 -0.493514754141668 0.0238090982824539 -0.0657599438722067 -0.16333768743326 -0.984376162676585 0 0 0 0 0 0
18.0476634045521 -81.24245505126 105.17926251752 0.105248045106547 -0.960755613023769 0.256654438973051 0.029660225539404 -0.254940271116416 -0.966501799886601 0 0 0 0 0 0
18.0614288141539 -81.5270436376481 104.669040339438 0.047619634820867 -0.821422605182723 0.568328491344887 0.233575183523072 -0.544041898061348 -0.805891460927568 0 0 0 0 0 0
18.4646875823666 -81.333470901376 104.210110677715 -0.469768243314331 0.39887480527957 -0.78753837194549 -0.74126488201932 -0.662707091230763 0.106516129845882 0 0 0 0 0 0
177.025040758813 216.847063600973 248.93689685656 0.36415709125522 -0.397746267341347 -0.842132720955885 -0.88678456029814 -0.424403296807045 -0.183016352482901 0 0 0 0 0 0
176.571935909825 216.320651331108 248.84065104562 -0.693653835495929 0.0510832374128141 -0.718494856875964 -0.693943766120529 -0.314792627459518 0.647570576199683 0 0 0 0 0 0
176.081212938855 216.283120780449 248.999345044677 0.0289250300505412 -0.810541140775944 -0.584967009109238 -0.414864328709116 -0.542162758133149 0.730716862032204 0 0 0 0 0 0
175.637087680505 216.095570572603 249.354689635316 0.431353873763622 -0.577080824596037 -0.693477870932213 -0.526853417566362 0.462853062980279 -0.712876229431463 0 0 0 0 0 0
175.805533405223 215.594379297457 249.661756542959 0.874501378637173 0.000962095179240833 -0.485022074894071 0.420728353241917 -0.4990456276245 0.757589014127854 0 0 0 0 0 0
175.356296204571 214.789610580399 250.233304560731 -0.975628398115335 -0.218823455086789 0.016294916225183 -0.0795135018807106 0.421770827536706 0.903209262606218 0 0 0 0 0 0
175.206096709267 215.03400676143 250.626055032035 -0.606981275564186 -0.789934139876151 0.087050478301959 -0.2379153681916 0.285132343817608 0.928491154555246 0 0 0 0 0 0
174.889135948903 216.022723391532 251.077724922291 -0.21201167323847 0.0957686002035936 0.972563327308648 -0.925521262208646 0.299863122547373 -0.231284458915539 0 0 0 0 0 0
175.189629353518 216.738123479237 250.608177987408 -0.666483153844226 0.414216951156255 0.619858470149978 0.691063671572276 0.65518944870213 0.305217607851259 0 0 0 0 0 0
175.182209052753 217.268012937682 250.706503226939 -0.176350941596305 -0.281019962393512 0.943360019364 0.829967938046252 0.472799176670623 0.29599689247496 0 0 0 0 0 0
175.341668513089 217.648631966915 250.908434428591 0.280561440348777 -0.765047344812289 0.579644579363153 0.868597236090838 0.45934609021721 0.185849430608543 0 0 0 0 0 0
175.881104690592 217.668816139129 250.150088509814 0.203137898121994 -0.934476098455038 -0.292385731120429 -0.973834332919906 -0.161743549421094 -0.159642463796785 0 0 0 0 0 0
176.443420964954 217.77081102077 250.886059307764 0.968162467112555 -0.164766639211882 -0.188449971815737 0.141212216116448 0.981096645144464 -0.132319624038762 0 0 0 0 0 0
176.17396783161 218.550759805248 250.413613368705 -0.639473367579342 0.729159614768089 -0.243721292356634 0.105667208782737 0.397358555814797 0.911559443541036 0 0 0 0 0 0
176.252521621973 218.902370172596 250.816879098621 -0.950661384847398 0.197070944970036 -0.239595438204999 -0.117132425120693 0.487138288935432 0.865434158349672 0 0 0 0 0 0
176.157451339505 219.284083987617 251.140300647542 -0.931777320864283 -0.248176269690623 -0.264952002229512 -0.362906938952475 0.617741362239757 0.697634691682053 0 0 0 0 0 0
177.605220047538 219.614968043323 251.618905193118 0.873685198408454 -0.360661711109588 0.326492425978742 -0.404922414240171 -0.167123322458994 0.898948070544778 0 0 0 0 0 0
177.411659241061 219.298216038446 251.845304837383 0.728638768143559 0.496043395690542 0.472256810591475 -0.437256622194335 -0.19380679831346 0.878205882054252 0 0 0 0 0 0
177.511808111726 219.145247326666 252.327918954157 0.137061344030497 0.96952256705637 0.2030767833628 -0.373402569042587 -0.139318524802863 0.917148226885464 0 0 0 0 0 0
178.089108371059 218.689242529715 252.088309354454 -0.246099852018702 -0.968536397849575 -0.0370419880263355 -0.613180638533141 0.185175684334492 -0.767931943898248 0 0 0 0 0 0
126.349833392215 -21.5624745485044 77.278106359206 -0.902618464545696 -0.375591903436853 -0.210263238664901 0.424883906807055 -0.855674894700187 -0.295455817875022 0 0 0 0 0 0
126.379511129805 -22.0041267404461 77.2757263905329 -0.53992777571959 0.252039993641002 -0.803090180871327 0.32919917579956 -0.814883928562493 -0.477066122904832 0 0 0 0 0 0
126.391160043464 -22.4744009322103 77.058167605983 -0.00795727872432501 0.649421109668173 -0.760387338159087 0.286085518734849 -0.727148792071066 -0.624027010761395 0 0 0 0 0 0
126.581852138865 -23.371761034516 77.3555036213383 -0.882694078760177 -0.362321412875317 0.29928975440826 0.104817551234838 -0.772602510069874 -0.626177804131432 0 0 0 0 0 0
126.536263494792 -23.8577967693902 77.3241632839287 -0.962949551639287 0.0887476925794923 -0.254660574214997 0.0249469449889404 -0.910937925987172 -0.411788471103684 0 0 0 0 0 0
126.45277448272 -24.4540279787947 77.3063373629115 -0.65025543917204 0.479420970909029 -0.589341493940332 -0.12705991555643 -0.833442312130159 -0.537800790451193 0 0 0 0 0 0
126.791681094841 -25.5170449101371 77.4304680309464 -0.636491566294676 -0.736342301721018 0.229517974746956 -0.387061124225536 0.0475523144415833 -0.920827054068522 0 0 0 0 0 0
127.614229090663 -25.3459256945778 76.694723702183 0.985961507879643 0.160514828852359 -0.0459879842806736 0.102094443492612 -0.361605202224795 0.926724555804959 0 0 0 0 0 0
127.807857374541 -25.7215593774426 76.9606204390298 0.519560820574451 0.808110991715281 0.277512484030805 0.0382580869231298 -0.34646807357529 0.937281277300475 0 0 0 0 0 0
127.783951480144 -25.8934091945198 77.4793011033787 0.572078149103202 0.815207203684217 -0.0903537845361997 0.00902346813671497 0.103898679690407 0.994546952828963 0 0 0 0 0 0
128.069862073094 -25.8514317088329 77.907750502967 -0.248366074726527 0.957231539246872 -0.14839835981574 0.00843176754484562 0.155329230144625 0.987826774064536 0 0 0 0 0 0
127.949394344014 -26.0973210090209 78.7033718264464 0.644636511171979 0.703840805716972 0.298415630742935 -0.75603858847769 0.644814708130164 0.112337192913448 0 0 0 0 0 0
128.545150087211 -26.3058628983997 79.0001453496871 0.17874010731914 0.111107192963508 0.977602764780927 0.956395846426933 0.213654392726732 -0.199145136535848 0 0 0 0 0 0
128.918215969424 -25.9724867319387 79.0788264655309 0.255522255765962 -0.701838971379634 0.664928894740672 0.966192765293908 0.160940448409729 -0.201419245255727 0 0 0 0 0 0
129.447681230832 -25.8807533294831 79.2341036969803 0.079540805851716 -0.980475014161629 0.179838835653521 0.934977696075105 0.0108198146479573 -0.354541449555722 0 0 0 0 0 0
129.95734616911 -25.9890518016707 79.3171542964815 -0.319993021476686 -0.826744998229419 -0.462706358405478 0.901571689004552 -0.115632806481342 -0.416890325686179 0 0 0 0 0 0
130.254605832861 -26.2790943472633 80.0412040321451 0.485106234797797 0.206556886838766 0.849709475915022 0.491641196548282 -0.868005747538036 -0.0696775150067048 0 0 0 0 0 0
130.686217055767 -26.5959453291401 79.9790059949423 -0.0190075580012668 0.16544674085696 0.986035541285728 0.687158440726124 -0.714214190612632 0.133084060902818 0 0 0 0 0 0
131.243304901463 -26.7439329660061 80.0843657294076 -0.619294356046504 -0.343371963301022 0.706095032830389 0.496850835281168 -0.86772622959654 0.0137999257454085 0 0 0 0 0 0
131.496137075472 -27.1210938142116 80.2671161713158 -0.942476033088391 -0.330527006417407 0.0499081664932533 0.33398055810456 -0.937346636982476 0.0991880484020602 0 0 0 0 0 0
167.502222967907 -263.534711195775 -237.102010544362 0.819068598522839 0.548329416106447 0.16870531214575 -0.401621933113831 0.338056290742189 0.851127350712889 0 0 0 0 0 0
166.862240657318 -264.321645090293 -237.100544835444 0.720313585852142 -0.356161384946773 0.595228868511622 0.030446949635702 -0.841051680656211 -0.540097263206586 0 0 0 0 0 0
167.119066137843 -264.620492998911 -237.380573656484 0.0265565588250649 -0.444926611896499 0.895173200676648 -0.214500167039344 -0.877166959834454 -0.429613550664868 0 0 0 0 0 0
167.292025065198 -265.057291848214 -237.492678704821 -0.749935177528216 -0.272109199349423 0.602954238010763 -0.0668317507934365 -0.875650671911388 -0.478298461075319 0 0 0 0 0 0
167.331579195619 -265.568340885695 -237.596621251417 -0.837728638046526 0.0670336028153573 0.541956847996503 -0.19063749851261 -0.965898398503504 -0.17520738548709 0 0 0 0 0 0
167.295525307545 -265.98604921445 -237.300166086549 -0.886580035802105 0.149237531645099 -0.437840152642053 -0.120426784127639 -0.988353752062816 -0.0930282239324692 0 0 0 0 0 0
167.0663187365 -266.507575251111 -237.212517016143 -0.424073774356941 0.256970241387192 -0.868405279200942 -0.0508017259386042 -0.964138931245334 -0.260490510189458 0 0 0 0 0 0
166.878499912487 -266.73986059586 -235.711330492469 -0.371868489009914 -0.138576704097522 0.917883611338034 0.84915325132863 -0.450264258943694 0.276045019654229 0 0 0 0 0 0
166.885330520813 -267.68035900719 -236.565811895826 0.156400322035914 -0.981464691506714 -0.110751968798269 -0.651762008667719 -0.186807367695341 0.735057338873749 0 0 0 0 0 0
166.42196840463 -267.890528645254 -236.485191428463 0.655610631829492 -0.630980583425455 0.414774882041099 -0.622442735140717 -0.140627689637077 0.769927850111867 0 0 0 0 0 0
166.153654414866 -268.21659259693 -236.31462886098 0.604292262120897 0.183516619031048 0.775340255939431 -0.744925989206843 -0.215134156184594 0.631508167363613 0 0 0 0 0 0
165.944280929286 -268.595534039222 -236.032789204532 0.297266284749871 0.669821453013106 0.680420441370202 -0.764378862589899 -0.260087455548297 0.58998260134701 0 0 0 0 0 0
165.755293844715 -268.736863826526 -235.661368854853 -0.451033777794707 0.838781642260561 -0.304981782890244 -0.790289478449677 -0.216544583711711 0.573193670164683 0 0 0 0 0 0
165.573241465684 -268.672645688623 -235.062544488774 -0.573766885672479 0.344708324183709 -0.742945308985906 -0.814265096012662 -0.142494283042324 0.562732381079803 0 0 0 0 0 0
166.126832416352 -268.248183148076 -234.858039762048 -0.233943546440134 -0.12913393835502 -0.963636260756067 0.711650001735885 0.652565351480753 -0.260216711754098 0 0 0 0 0 0
166.667484624427 -268.249150622785 -234.958505825326 -0.560849040960161 0.350143762648288 -0.750231763345546 0.783163158638403 0.518272811729256 -0.343582245719668 0 0 0 0 0 0
167.624498098144 -269.068174192739 -234.283167848137 0.534366959444479 -0.624425257169023 0.569688556022905 0.272677707802747 0.765301298003589 0.58306156702484 0 0 0 0 0 0
167.735544346147 -268.750615214539 -233.787303446063 0.820257946529459 -0.560617330899967 -0.113512595996537 0.481632322762285 0.569887274283209 0.665776839699806 0 0 0 0 0 0
167.959287649567 -268.760951107677 -233.392774013 0.704486738741864 0.337651143867123 -0.624251663980222 0.365353421380465 0.581540494946092 0.726861424360547 0 0 0 0 0 0
167.322514599084 -269.559391047339 -233.163366048297 0.392075442867334 -0.542957147790979 -0.742613212084911 -0.475285510452037 0.571603474145119 -0.668859590571577 0 0 0 0 0 0
243.658275480132 254.308068054155 184.875887424026 0.518617148527401 -0.836476404044889 0.177040895641201 0.52098480797167 0.473346088709389 0.710294523536712 0 0 0 0 0 0
243.084148177605 254.025091428741 184.436492616314 0.0404905251749417 -0.873251773467913 0.485584037532333 -0.964340291919527 0.0930594447393614 0.247765496236588 0 0 0 0 0 0
242.564808786248 253.857201465567 184.330881140321 0.240115077631263 -0.4057365245213 0.881885832839778 -0.965949565449208 -0.00968153113037783 0.258549231218076 0 0 0 0 0 0
242.206165053819 253.519814358309 184.410078182659 0.254872378807201 0.496786392518536 0.82960433384209 -0.935905450757711 -0.0889963536554446 0.34082346790977 0 0 0 0 0 0
241.868795094627 252.699297849728 184.525444586346 -0.0144116850890275 0.0879336112006277 0.996022079752307 0.0603094419114266 -0.994235491262938 0.0886485145362042 0 0 0 0 0 0
241.914801041773 252.258486421066 184.698926300284 -0.745919322638085 0.285963222470922 0.601522567747201 -0.37073448631304 -0.928558701780889 -0.0182942068752892 0 0 0 0 0 0
241.854445006454 251.799589076556 184.988031549188 -0.881278570657032 0.286691695476553 -0.375707269886382 -0.320510138648278 -0.946790716391084 0.0293358207541585 0 0 0 0 0 0
241.54132687834 251.470179874768 185.246540013991 -0.268936971201872 -0.0832740921502698 -0.959551109163713 -0.298681880168419 -0.9399310156983 0.165284059084416 0 0 0 0 0 0
241.251392504528 251.107585327912 185.16524123279 0.603391080973675 -0.215209511559917 -0.767856802753979 -0.101754663577183 -0.975803086056532 0.193531200799362 0 0 0 0 0 0
241.147326983658 250.644341065567 185.032829557755 0.993936927391412 0.0303427087130181 0.10568209117763 -0.00920051326643755 -0.934845033939801 0.354936773346643 0 0 0 0 0 0
241.114066501691 250.187690807287 185.115891578675 0.531944365625056 0.401386865400453 0.745602961477324 -0.292421859016924 -0.739270664270304 0.606603941067341 0 0 0 0 0 0
241.282103301707 249.78076955899 185.407448803165 -0.0307375507533322 0.679517411615063 0.733015204675627 -0.26046946558361 -0.713468733256024 0.650475229478136 0 0 0 0 0 0
241.324827039524 249.56530075207 185.912104970966 -0.571360911458486 0.70319042499763 0.423166557101315 -0.239438042337181 -0.636011869924497 0.733592751597836 0 0 0 0 0 0
241.413424097198 249.492180128007 186.479138176163 -0.97770640286908 0.157383292819127 -0.138998881039427 -0.209669702847412 -0.695967056548476 0.686781240211996 0 0 0 0 0 0
240.967728819085 249.301525737696 186.973590491789 -0.517449201713953 0.602524942319475 0.607626544456796 -0.847835384016002 -0.264856970839825 -0.459375605151156 0 0 0 0 0 0
241.613157497917 248.207328850229 186.816173015439 -0.516782761883594 -0.851962316217621 0.0842365049433529 0.855960041834863 -0.516062513614698 0.0318101999952767 0 0 0 0 0 0
242.317571804081 249.295476433204 187.311072950352 -0.0362145888511865 0.974267140700323 0.222468069857129 -0.209678982122371 -0.225066627834278 0.95151444418434 0 0 0 0 0 0
242.522428600057 249.355736577438 187.667777864689 -0.897157792367671 0.390428161820879 0.2065762475483 -0.0559748769457912 -0.564394647731612 0.823605181359863 0 0 0 0 0 0
242.574451888059 249.41057187899 188.189493140106 -0.911657683096559 -0.332797306718509 -0.241093802267751 0.00683929656472769 -0.598879358153881 0.800810051385281 0 0 0 0 0 0
243.722183947749 249.992776789758 187.576930803427 0.217360710128342 0.648554187576436 -0.729473637268388 0.154811766803655 0.714975893051364 0.681793802563895 0 0 0 0 0 0
172.785253017509 -216.497259745774 20.2447717478059 0.187137744888907 -0.194962632708185 0.962792312124161 0.3021265423775 -0.921177028272364 -0.245259933487544 0 0 0 0 0 0
172.315821484101 -215.605768375568 20.1946243850983 -0.646883309320456 0.638143202487523 -0.41751076302484 0.151589280143725 0.644170034548666 0.749710381904291 0 0 0 0 0 0
172.420357503384 -215.115856880009 20.4717519549691 -0.950963582222194 0.140767831270656 -0.275413657915668 -0.121108839195903 0.649873799237793 0.750331056356364 0 0 0 0 0 0
172.2350037074 -214.631009181252 20.6559539381446 -0.894699969254173 -0.436901150604666 0.0928942927035953 -0.232700770904172 0.633440359334984 0.73797267048731 0 0 0 0 0 0
171.903045222046 -214.318644975073 20.8495921242263 -0.255552780048085 -0.814858340348685 0.520287095528883 -0.413060519742843 0.578591426296911 0.703287258839145 0 0 0 0 0 0
171.294437006486 -213.565564402059 20.7261487103488 -0.0174141071692962 0.910062184793698 -0.414105745770349 0.982143255574475 0.0931663342434982 0.163446198160742 0 0 0 0 0 0
171.174222500903 -214.005250429939 21.6712944603038 -0.290694973645454 -0.835242962841163 0.466760779545137 0.87497281452761 -0.429462158909231 -0.223572869334932 0 0 0 0 0 0
171.566522087398 -214.262846634829 21.861794176667 -0.436459770296994 -0.819212973826454 -0.372012059517853 0.897928897127671 -0.370506750719818 -0.237588811550814 0 0 0 0 0 0
171.638146759117 -214.607629273667 22.0857943050655 0.798220244464206 -0.198531426159249 -0.568708813150173 0.289185043611262 -0.701907913252286 0.650920342181265 0 0 0 0 0 0
171.66120748157 -215.062281776494 21.9772068319003 0.958147720914116 0.161238862675008 0.236548037553378 -0.0658194066943904 -0.680085202166393 0.73017252995213 0 0 0 0 0 0
170.38941960927 -215.379125656132 21.9585859208896 -0.799654255555063 0.589415633003267 -0.114639797383089 0.182347010729907 0.0564675017562822 -0.981611424609184 0 0 0 0 0 0
170.115919628576 -215.528021871164 21.5736271122427 0.0474719442438907 0.992164510347698 -0.115568157016615 0.137369131510407 -0.121083975154554 -0.983091243307989 0 0 0 0 0 0
169.872266766489 -215.428853039462 21.1417296424059 0.887300550850673 0.456797080898961 -0.0635150324118662 -0.0664253346626568 -0.00970347724953483 -0.99774421443786 0 0 0 0 0 0
169.254361064458 -215.187995436415 21.2077511212597 0.536234831596898 -0.0200156511621836 0.843831487378138 -0.755494598305305 0.434433239994755 0.490403580654918 0 0 0 0 0 0
168.914766535029 -215.144071818198 21.5763135805216 0.685731494148265 0.425820326473111 0.59029599989795 -0.727235549767483 0.367393939803345 0.579784570465758 0 0 0 0 0 0
168.735543975288 -215.163493980855 22.1058004812866 0.397345860305305 0.901404366483047 -0.172007079457601 -0.49634260969432 0.368760507095589 0.785913291787609 0 0 0 0 0 0
168.856597647828 -214.968882973211 22.5052049334871 -0.50971612575851 0.696197814086323 -0.505468173877604 -0.526672793016652 0.212070187088673 0.823190138937666 0 0 0 0 0 0
169.552555488011 -215.00550782579 22.632875449505 -0.465419464351618 0.770459585124215 0.435633733648894 0.825613906181897 0.200536370774905 0.527396285458573 0 0 0 0 0 0
169.425787290344 -214.893977798477 23.2271148020486 -0.902076240620749 0.428789846859637 0.0489665532545015 -0.429546244085079 -0.903027468952074 -0.00560486488805521 0 0 0 0 0 0
170.909794899952 -215.135226370261 23.7068351521234 0.95896189541795 -0.132947327141166 0.25043380630904 -0.136133498629211 0.558899490262479 0.817984737226381 0 0 0 0 0 0
-113.441862632707 8.37085649246234 -167.017863060617 0.730933431636946 0.421405064106346 0.536799860712504 -0.154875338264249 -0.663627795144139 0.731855026019268 0 0 0 0 0 0
-113.170036403081 7.76348758244897 -167.474386147524 -0.272013187680331 -0.887881194180514 0.37104691178956 -0.860726490644469 0.0520696264240672 -0.506397731340609 0 0 0 0 0 0
-112.345691930857 7.70906666183382 -167.393857293329 0.595626683660795 -0.530425677164731 -0.603222558195216 0.623861299991146 -0.16757552637269 0.763358055786584 0 0 0 0 0 0
-112.293603330959 7.83813621330596 -166.658122781163 -0.955082816759332 -0.238183734778975 0.17631029923915 0.284021544053224 -0.905494019564917 0.315297229683027 0 0 0 0 0 0
-111.534670927677 8.46997965011727 -166.453913791739 0.255803904985996 -0.367249442028992 0.894255114340035 0.936112095401859 0.325056827328941 -0.134284041677272 0 0 0 0 0 0
-111.171548800859 8.79429010648499 -166.223451029086 0.550879185272594 -0.831500534291695 0.0716867121998839 0.833817117986183 0.544654469502926 -0.0900029033070713 0 0 0 0 0 0
-110.450027093364 9.46905227775541 -166.613404187545 0.657257743554023 0.132572623692166 -0.741914252448118 0.428931926221487 0.743629169037974 0.512867489341855 0 0 0 0 0 0
-109.963785516653 9.58761201211863 -166.518094221566 -0.0502337951532988 0.766666887362419 -0.640076909165233 0.668044222934883 0.502203886343926 0.549097598560024 0 0 0 0 0 0
-109.484614390097 9.75439792722464 -166.499697281394 -0.413154292252452 0.90671452996322 -0.0846893850901759 0.786452630244528 0.402142741468389 0.468800038252721 0 0 0 0 0 0
-109.108855315123 10.0561685480257 -166.519152260017 -0.607363418008894 0.31632781090591 0.728729301258038 0.790289657997828 0.334048791488533 0.51366687781745 0 0 0 0 0 0
-109.04414755467 10.4942346111081 -166.4112527225 0.00213153224245683 -0.355847517878773 0.934541599175669 0.706435849999698 0.661982960843758 0.250453487473695 0 0 0 0 0 0
-108.815964127831 10.8599069801425 -166.086213495227 0.493311194368073 -0.730807762890145 0.471766975540517 0.614336261849228 0.676674392445498 0.405835833787053 0 0 0 0 0 0
-108.799534331625 11.1111927485543 -165.632116841787 0.802491660340699 -0.572846175164628 -0.166896359106138 0.591801204937091 0.728543577723562 0.344957373008261 0 0 0 0 0 0
-108.507771909904 11.1336052898193 -165.253711003945 0.820974739368347 0.088028297717197 -0.564137834327825 0.179278726221956 0.898330484806172 0.401075402377335 0 0 0 0 0 0
-108.214886384077 11.2579391262245 -164.951272288353 0.00201971444588228 0.646320087422606 -0.763063736097839 0.211316213683696 0.745557640578479 0.632051629544169 0 0 0 0 0 0
-108.172493018658 11.737744183998 -164.645112281402 -0.18650791541497 0.226652583432779 -0.955951569856345 0.112716951734139 0.971536165549216 0.208356348167484 0 0 0 0 0 0
-107.909106087778 12.1952231135969 -164.692224245874 -0.679348783619358 0.13428041694318 -0.721424978650216 0.275201048007631 0.957981961137585 -0.080839008594174 0 0 0 0 0 0
-107.7344679255 12.5584236698955 -164.979434099461 -0.950759259867272 0.255880886991086 0.174876532014142 0.289734520915652 0.934154201023853 0.208350272616248 0 0 0 0 0 0
-107.094657365729 11.8658459229377 -165.300659448897 -0.638266349817221 -0.725119938646983 0.258490118317116 0.562240221572987 -0.668457859760587 -0.486877831668124 0 0 0 0 0 0
-106.234110688965 11.534093525855 -165.441886652411 -0.441618030961582 -0.896163294316872 0.0431840786488014 0.102719257822405 -0.00268609686203667 0.994706760284689 0 0 0 0 0 0
-0.57257482491849 -16.023655267869 269.334290801367 0.396484903905683 -0.390238442709243 -0.830971527073441 -0.311565058064333 0.794237315734917 -0.521645761880188 0 0 0 0 0 0
-0.967469850599599 -16.0356359167745 270.635129670676 -0.313876488019153 0.424733892709099 0.849165867574137 -0.305690095777524 -0.891947849983805 0.333140508273606 0 0 0 0 0 0
-0.90545263001502 -16.3870894176131 270.97193219007 -0.976834145327308 0.188918275647829 0.100523318931074 -0.15924940858082 -0.955517542129541 0.248245548901448 0 0 0 0 0 0
0.0767461222321231 -16.9003228962005 270.701500870885 0.66897371039809 0.704334605592948 0.237459340015167 0.546199010638077 -0.682507351603192 0.48564426876633 0 0 0 0 0 0
-0.936254047296103 -17.2820668669416 269.76209419953 -0.899566954717009 0.112911960606309 -0.421936231121726 0.412299967441974 -0.0993657074952907 -0.905613158595494 0 0 0 0 0 0
-0.935667243688727 -17.6706189809769 269.495308676563 -0.439490908383552 0.756177878068647 -0.484812085418462 0.563092382823122 -0.188580911972761 -0.804589465532641 0 0 0 0 0 0
-1.29263638413562 -18.4593195227305 270.062675556419 -0.94504811875888 0.158652947873067 -0.285855374903969 -0.321226568293677 -0.287983701122649 0.902152359477028 0 0 0 0 0 0
-1.56743873414956 -18.3643839242263 270.460078874926 -0.530393870533698 -0.670233873666291 -0.519103936308098 -0.266238404809209 -0.44965818715688 0.852598748842289 0 0 0 0 0 0
-1.86556279795749 -18.5928702369284 270.737833766548 0.437483518222188 -0.891547775411805 -0.117263529889728 -0.295479754737332 -0.265690310541645 0.917660271246745 0 0 0 0 0 0
-2.87325803509853 -18.9905714290193 270.847619207835 -0.362752046818201 -0.907766668445299 -0.210643367303433 0.538460983291593 -0.388665834163352 0.747662115414949 0 0 0 0 0 0
-2.95399137803116 -19.2620913472336 271.292063728195 0.472313297599494 -0.684369841242663 -0.555480035022128 0.495373473761689 -0.315159835528535 0.809493298034582 0 0 0 0 0 0
-2.86043674939634 -19.6432462198971 271.698349136735 0.77424571489069 0.055137434675533 -0.630478735780046 0.530809445689356 -0.599075606144391 0.599457880496778 0 0 0 0 0 0
-2.58417792839688 -20.0284808378076 271.630811479328 0.588426068251015 0.710100710584529 0.386667483802296 0.531775881863924 -0.700119814687022 0.47649413065688 0 0 0 0 0 0
-3.68556449073736 -19.9733975742081 271.619023701986 -0.405182177926999 0.87682916863692 -0.258839741380303 0.696026253640066 0.479421031997115 0.534511859852142 0 0 0 0 0 0
-3.53366358504286 -20.7191873407287 272.6411433213 0.679334298989913 -0.336426823973077 0.652167081603535 -0.732037927631523 -0.372736807917192 0.570252351623952 0 0 0 0 0 0
-3.88154093358693 -21.0546786709637 272.904007529099 0.710422149021103 0.195408198926308 0.676103546783046 -0.58208283784804 -0.376829684046575 0.720540740766358 0 0 0 0 0 0
-5.22622865703457 -20.6518701211961 272.529865570489 -0.4863666326445 0.869618500804063 -0.0849185592750203 -0.540721374083689 -0.223219833729869 0.811044574261278 0 0 0 0 0 0
-5.39505063390595 -20.5803143501512 273.032785858419 -0.788437401406395 0.215004183451333 -0.57631559510563 -0.613626207988511 -0.340066498825981 0.712613256434288 0 0 0 0 0 0
-5.75841825783263 -20.4341686872516 273.39301766265 -0.403613853509504 -0.462704735689427 -0.789303607508408 -0.780034571578732 -0.276841509268471 0.561163831592824 0 0 0 0 0 0
-5.542581720057 -20.7167945376616 274.300300299823 0.991237392170325 -0.107491966722948 0.0767718011603608 0.115127885921455 0.418092299002346 -0.901079574398504 0 0 0 0 0 0
217.541723789179 -70.7284484785555 2.1497684049594 -0.697307595689855 -0.280007563018464 0.659816551509353 0.703873914772403 -0.0936550798514958 0.704123737791151 0 0 0 0 0 0
217.651360928466 -70.5697095576456 2.6386589860624 -0.334664163556522 -0.911996891869373 0.237195208323475 0.736202919134059 -0.0959178221144166 0.669929125549351 0 0 0 0 0 0
217.767153816133 -70.7890921114819 3.17350985463108 0.317253633860788 -0.893699357147185 -0.317256348773092 0.57567980637613 -0.0843593059085206 0.81331191312889 0 0 0 0 0 0
216.90239044714 -71.12104120317 3.78273041880483 -0.883028594483101 -0.382669992469238 0.271706051071361 -0.340310594798745 0.920752712631651 0.1907960724155 0 0 0 0 0 0
216.524454358881 -70.7620387838281 4.02553515924583 -0.652966832617909 -0.673243074974449 0.346955440222348 -0.529247876386769 0.733281587180606 0.426842827328734 0 0 0 0 0 0
216.03838805124 -70.5089681606442 4.1129889234996 -0.0912060861405185 -0.676997675619694 0.730311986110361 -0.617978695786735 0.613552567592543 0.491584762125846 0 0 0 0 0 0
215.574559088443 -70.3535137289996 4.27393121822777 0.522365547385898 -0.388148769391885 0.759259354716026 -0.651283079062678 0.393135031822292 0.649057160565017 0 0 0 0 0 0
214.538821992205 -70.3945537458358 4.04075757243881 -0.383101830503229 -0.550868600241301 -0.741469333643183 -0.834698005622505 -0.137340782999511 0.533307367973568 0 0 0 0 0 0
214.140046689148 -70.3483443817092 4.04974334481908 0.26536965717769 -0.957616764140358 0.112022667736249 -0.733625096822817 -0.125163559828189 0.667928364873695 0 0 0 0 0 0
213.703865451217 -70.6196238182048 4.13161144595519 0.651804980612707 -0.346442061171018 0.674631874061732 -0.723165296251826 -0.0159798788268602 0.690490114172308 0 0 0 0 0 0
213.500910551908 -70.8205421262801 4.53740457281326 0.626817461267527 0.477820910879204 0.615456779454659 -0.655548605275287 -0.103525325429412 0.748023083277756 0 0 0 0 0 0
213.412175395339 -71.1649336563022 4.98384613717133 0.169187405686863 0.940725088768171 0.293959060277219 -0.353419844568193 -0.220515759054969 0.909102421883148 0 0 0 0 0 0
213.626502591408 -72.4349527828888 4.32800702459933 0.678239796362152 -0.671905072739488 -0.297547226264286 -0.0383199628857174 0.37202377233914 -0.927431880657007 0 0 0 0 0 0
213.026943136221 -72.0148457969011 5.2219334719267 -0.336020072950314 0.935624043672699 0.108158030104163 0.57576668476314 0.113174648654588 0.80974330723926 0 0 0 0 0 0
212.344678107106 -72.4065307506231 5.45441537182843 -0.591527264004595 0.0965389081345434 -0.800484687645821 0.0312081998241912 -0.989320780274097 -0.142374302391921 0 0 0 0 0 0
212.79753529759 -73.123077120257 6.3262790456719 -0.0280853764680036 -0.0838088963878745 0.996085980483059 -0.972701133495666 0.231926503256546 -0.00791214152038131 0 0 0 0 0 0
212.274627858724 -73.8992553442685 5.96311517244635 -0.92955772032718 -0.367748785148414 0.0261395409677034 -0.186089943532318 0.406808184448467 -0.8943587837003 0 0 0 0 0 0
213.458096665717 -74.3460061612968 6.23356393178156 0.283733291839009 -0.765051027918431 0.578093715398422 0.060353031269172 -0.58742654087894 -0.807023897222149 0 0 0 0 0 0
213.795318521153 -74.537928222329 5.98442663436002 -0.531157029074248 -0.725343536879688 0.437891497944278 0.179654264024778 -0.601490222367984 -0.778417534369203 0 0 0 0 0 0
214.241193076956 -73.5620784629738 5.65909369258172 0.8615473939858 0.132333009097739 0.490126578160595 0.50456706683687 -0.329897689084154 -0.797859379715857 0 0 0 0 0 0
-26.3309963436978 96.1658030791352 -26.3262528419494 -0.717617118182849 0.673733892537824 -0.176375490748498 0.69545978049584 0.706664933967316 -0.130231965406527 0 0 0 0 0 0
-26.0559682683496 96.5233923990864 -26.6632606582259 -0.698711873011064 0.543258516909907 0.465480292083584 0.493272853919134 0.837096806681961 -0.236539273333915 0 0 0 0 0 0
-26.1403405085383 96.9102638502792 -26.9443913757629 -0.0244250576091745 0.523420630162906 0.851724286656577 0.314011202486368 0.812875264054801 -0.49054130284911 0 0 0 0 0 0
-26.1460221253711 97.3361578684441 -27.9165875438935 -0.743204155432158 0.667061638520015 -0.0517334878329865 -0.549382651564731 -0.564301062291031 0.616232921269968 0 0 0 0 0 0
-25.3313497702707 96.9904343648407 -28.3267771945934 0.746543223534018 -0.0568125939240995 0.662906889817154 0.566595411063016 0.576577251314409 -0.58866655538518 0 0 0 0 0 0
-26.2781703894607 96.9125217499019 -29.0165546668721 0.0738736760921655 -0.953586173631337 -0.291917949841689 -0.988829286271389 -0.10803865389078 0.102685402455676 0 0 0 0 0 0
-26.6611101567195 96.9284219081484 -29.3769398064794 -0.0896502605081513 -0.771100322198765 0.630370624232904 -0.995567671456184 0.0874424824267769 -0.0346240352696526 0 0 0 0 0 0
-27.1588837595052 96.8403036738478 -29.3059669649765 0.191125488771351 -0.725988459423751 0.660614717006396 -0.976975156411358 -0.0756861785438886 0.199477181984372 0 0 0 0 0 0
-27.7015637034517 96.6827214642288 -29.3231995541355 0.359323291027762 -0.235511538455797 0.903006693097655 -0.92781024214264 0.0138164789655261 0.372796538991728 0 0 0 0 0 0
-27.9696988284598 96.3652342171656 -29.1923268657172 0.00373972832638887 0.850976992383104 0.525189654188515 -0.997929057044391 0.0369015871813263 -0.0526865255069177 0 0 0 0 0 0
-27.814675147485 95.9379908220269 -30.0971231363891 -0.767351177193653 -0.0552239547110926 -0.638844649101472 0.581498382212107 0.359951988887739 -0.729584948570394 0 0 0 0 0 0
-28.2442510576933 95.1545054823245 -29.5856032410112 -0.55415835377432 -0.671709040509908 0.491645689332669 -0.371688801568765 -0.328805813424207 -0.868178652033567 0 0 0 0 0 0
-28.2664833274535 94.7481124748727 -29.9716905575151 -0.809756724524151 -0.157300624637384 0.565288033286224 -0.370633500962211 -0.609752939916069 -0.700594148011676 0 0 0 0 0 0
-28.4348885131374 94.2738177306512 -30.0611634321803 -0.860663033157593 0.508445816229823 -0.0272395909359855 -0.241962577203383 -0.455476963223518 -0.856734992401839 0 0 0 0 0 0
-28.4467559065379 94.0554040609486 -30.404664204479 -0.351349712717631 -0.738515553408321 0.575454739095299 -0.472070382614224 0.67053256975251 0.572307283510838 0 0 0 0 0 0
-27.7480035429316 93.4516720252025 -31.1696910213168 0.342071132735452 -0.801370287929201 -0.490706635142989 0.594182448306671 0.589021369270788 -0.547723511150157 0 0 0 0 0 0
-27.2683028903694 93.561944838022 -31.212334356446 -0.0938201805338034 -0.311847909227064 -0.945488580171814 0.73765531305261 0.616019739776588 -0.276377132431106 0 0 0 0 0 0
-26.7800406050205 93.6786221417841 -31.4697654269843 -0.474600768434031 0.195157280481108 -0.858293508350754 0.817264304260183 0.459800939600924 -0.34736458213846 0 0 0 0 0 0
-26.429988201417 93.7216091973553 -31.768662997461 -0.498370852305921 0.807905680988091 -0.314507399275501 0.843356555385402 0.367695473334896 -0.391854257827442 0 0 0 0 0 0
-25.7196514096095 92.8812660254285 -32.2620579630332 0.167661928289296 -0.93630588147605 -0.308578635222324 0.209798835187083 -0.271952006648466 0.939162688161117 0 0 0 0 0 0
64.1484041674533 -27.2682583394798 -127.518101764881 -0.133165299924616 -0.984680222503103 -0.112569366646642 -0.874317465798348 0.170202678080579 -0.454532746206644 0 0 0 0 0 0
63.9005455045251 -27.0753661940866 -127.145605954505 0.6744020414288 -0.722955150017825 0.150059113616508 -0.438665407539963 -0.555780746694428 -0.706173082063868 0 0 0 0 0 0
63.8790507464559 -25.7736351335633 -127.115852902656 0.238052145333423 0.971246216035387 0.0034588927559561 0.871994394749335 -0.215291210025972 0.439631061699801 0 0 0 0 0 0
63.4983410817547 -26.3129615984595 -127.563333133121 -0.895601646877676 -0.158504426655061 0.41566096381636 -0.443497020118724 0.391135246360271 -0.806426445623221 0 0 0 0 0 0
63.1572346021543 -26.2780133715219 -128.006338131075 -0.595252245030712 0.36877479673512 0.713918702709817 -0.666502757658472 0.269674162772771 -0.695017927802195 0 0 0 0 0 0
62.6526989291349 -26.3772192678255 -128.104264862586 0.0459560499413321 0.961323777337437 0.271559637279683 -0.661778224663549 0.232933716941397 -0.712594881312676 0 0 0 0 0 0
62.1708810337436 -26.2612860922562 -128.146403810102 0.549229473956054 0.702833318065881 -0.452075560005693 -0.710279136415152 0.107593721838713 -0.69564871838755 0 0 0 0 0 0
61.8665935969783 -25.9437538711349 -128.308232113515 0.627423900978714 -0.0909422118205119 -0.77334905611234 -0.760442040848618 0.142116522983164 -0.633664577205611 0 0 0 0 0 0
61.7145376238941 -25.6064891165147 -128.681896770899 0.233718773807296 -0.896832175564935 -0.375589647942378 -0.753429685152992 0.0771221289652059 -0.652989959152618 0 0 0 0 0 0
61.5983220835476 -25.5814155848371 -129.15271471832 -0.223271396917175 -0.909614282961982 0.35035944335812 -0.760756646106324 -0.0621114608985418 -0.646058427566816 0 0 0 0 0 0
61.2470738302594 -25.6996674494745 -129.57411482429 -0.187046822798345 -0.585069031993192 0.78911831424926 -0.871391582323086 -0.272046422495185 -0.408249255068568 0 0 0 0 0 0
60.5618428889411 -25.1322258169386 -130.39197702768 -0.340271945039093 0.928115625515447 -0.151050948667602 -0.938460747492396 -0.34530220526866 -0.0076034500467445 0 0 0 0 0 0
60.4667482778947 -26.003487940436 -130.471902783336 0.550722339432689 -0.0532838100960625 0.83298603855733 -0.400989891237607 -0.892146348648853 0.208043264052866 0 0 0 0 0 0
60.549998298601 -26.5464206832605 -130.554357204085 0.0215886337181779 0.199390410479052 0.979682292941532 -0.287658266497574 -0.93723434156054 0.197090108110963 0 0 0 0 0 0
60.6348731872234 -26.9520351219068 -130.374115802348 -0.71548091318852 0.403139586608483 0.570583505345242 -0.235246839720545 -0.908042297132933 0.346580598157258 0 0 0 0 0 0
60.1422377631344 -27.1891056062953 -130.79440808492 0.0677118058888978 0.494032582685462 -0.866802698766217 0.131287640593711 -0.865653879123151 -0.483122051852715 0 0 0 0 0 0
59.8249729824717 -27.4655659009177 -131.049714066408 0.819334467939152 0.216077067666185 -0.531038351228657 0.0815563764456734 -0.960765979782805 -0.26509864117539 0 0 0 0 0 0
59.0615449355163 -27.933527734263 -130.329519652225 0.0617228009133192 -0.935887604803663 -0.346849660548022 -0.722966857733947 0.197664635955507 -0.662002729836426 0 0 0 0 0 0
58.7195412697951 -27.9615338642115 -130.802691478138 0.104892109035418 -0.993981681640623 0.0315921196658479 -0.770009589776062 -0.101278683740756 -0.629942743328821 0 0 0 0 0 0
58.9442014346905 -27.9357575063089 -131.433544880191 0.979495192211324 0.178273593034061 -0.0938493178538198 -0.00494326957121247 0.48695461912961 0.873413283042045 0 0 0 0 0 0
-193.272848246217 2.63377801532452 13.3980590118879 -0.463422654835097 0.140447234322705 -0.874936579048273 -0.673292386950094 -0.697739525514564 0.244615854371208 0 0 0 0 0 0
-193.791802996062 2.5750152877992 13.5149624776573 0.0695793271020987 -0.156168264503428 -0.985276707530431 -0.638899535150152 -0.765505431961537 0.0762155995994351 0 0 0 0 0 0
-194.25939652663 2.4556922972433 13.4312978256748 0.61150472101988 -0.752984638360499 -0.243055776651179 -0.749875979966646 -0.649537528652127 0.125646382922669 0 0 0 0 0 0
-194.77620012522 3.65063964364958 13.5451861402484 -0.907657876475394 0.368143832883918 0.201562143225646 -0.149956618247508 0.16409294625908 -0.974980265252475 0 0 0 0 0 0
-193.587633269738 3.75500712209848 13.5407153003802 0.790695280717633 -0.370134185049372 0.487649113716719 0.570112439739833 0.735442667994889 -0.366191054159513 0 0 0 0 0 0
-194.632499624666 4.21194487806086 13.0591655431056 -0.148450394830721 -0.423500708814066 -0.893649612492831 0.891427991264269 0.33393867564285 -0.306334942996141 0 0 0 0 0 0
-193.875889384383 4.79752882064751 13.6445474198311 0.649186209975534 -0.339099428973613 0.680858900248335 0.672804654310313 -0.161550485093055 -0.721966299701432 0 0 0 0 0 0
-194.240375035517 5.87244459261866 13.96223881878 0.421989564790328 0.879802015930386 0.218799497195261 0.870973006491525 -0.460414396657201 0.171536017541214 0 0 0 0 0 0
-193.574913932249 5.75959453652818 13.0350591107607 0.657774209362313 -0.0901224587859612 -0.747804140079578 -0.564453436853133 -0.716349253711246 -0.410165898548413 0 0 0 0 0 0
-193.7608361527 5.68690303379191 12.4067796759337 0.662561204596805 -0.57785769870361 -0.476542894409517 0.124557666247914 0.71237821562383 -0.690653795822105 0 0 0 0 0 0
-194.80049711481 5.51311064256174 12.4847580145414 -0.232579531448249 -0.472896776247977 0.849867872416403 -0.945315165105866 0.315362424381592 -0.0832212707727715 0 0 0 0 0 0
-195.228593636277 5.27240617487483 12.4114080245562 -0.0815538951774934 0.165084675369076 0.982901832402232 -0.993000502217869 -0.0979940385988847 -0.0659330796652259 0 0 0 0 0 0
-195.60619345545 5.09846511101647 12.5000850883543 -0.0790883963539101 0.918844743364616 0.386612678469524 -0.93154605577502 0.0699580731819419 -0.356830231295882 0 0 0 0 0 0
-196.017287531886 5.21396121172583 12.6813013617534 0.110082448016476 0.776730204574027 -0.620138729592896 -0.844384640761634 -0.256046488898189 -0.470589814986211 0 0 0 0 0 0
-196.553465649368 5.28869930660976 12.5196969401042 0.537677232424616 0.38372903802496 -0.750769751061299 -0.809019730014011 -0.01598486434921 -0.587564090597609 0 0 0 0 0 0
-196.822991703131 5.64399244258598 12.2878930920273 0.330498112585163 -0.532914329633841 -0.778956555174009 -0.922222760846339 -0.00684831883221329 -0.386598344417211 0 0 0 0 0 0
-197.06599912037 6.27752193618566 13.2808132267156 0.822044882957242 0.542556926370396 0.172841522937411 0.157056181092023 0.0757279176714766 -0.984681998650291 0 0 0 0 0 0
-197.105015684971 6.52999577020785 12.8971786417327 0.968488201889419 -0.193049937035176 0.157360492537724 0.161383974838282 0.00519484401945271 -0.986878019950293 0 0 0 0 0 0
-196.892325892734 6.76692741599302 12.4648862927834 0.57033222185725 -0.71734443300439 0.400172614191656 0.329849601879227 -0.246162395266185 -0.911374410051615 0 0 0 0 0 0
-196.532226475422 6.60911481893791 12.130534688666 0.1112783758536 -0.886457521002914 0.449232886735547 0.524798267785747 -0.331453784468061 -0.784044110296659 0 0 0 0 0 0
-56.1359921748275 -226.581407397506 101.080223258687 -0.893934873310021 -0.420195512987653 -0.155936439440046 0.380272376504412 -0.895218986215093 0.232327110746265 0 0 0 0 0 0
-56.0918027054839 -227.01034585271 101.338621330695 -0.757130684020869 -0.266568382162795 -0.596401228155342 0.265791519988262 -0.959676815199113 0.0915165464362453 0 0 0 0 0 0
-55.3434043417866 -226.420826264835 102.326149716822 0.63620570853685 -0.350683598601237 0.687214166106324 0.674059971074635 0.68599171812805 -0.273968096782433 0 0 0 0 0 0
-55.7594234428878 -225.419543558179 101.603736700838 -0.617522160570356 0.291953163935204 -0.730362739515608 -0.108221939619671 0.888192209432351 0.446545194676458 0 0 0 0 0 0
-55.6473040906498 -224.953356990605 101.495494068808 -0.997383846608986 0.0721849413657481 -0.00384665614334543 0.0656680141666314 0.927014933567848 0.369230314109783 0 0 0 0 0 0
-55.7836044620887 -224.429748001555 101.356082077198 -0.506318742452311 -0.161615768089768 0.847066511288379 0.124193124771862 0.958374842750876 0.257087005781377 0 0 0 0 0 0
-56.0432349183012 -224.016360356258 101.505910011924 0.435016608664058 -0.295188758954496 0.850661005790983 0.131782004351279 0.955434822880106 0.264154883652036 0 0 0 0 0 0
-55.7997899325341 -223.323068875078 100.884563330513 0.988412088067266 -0.147144223575362 0.0372843349264854 0.151759089450626 0.963208044420264 -0.22180947214492 0 0 0 0 0 0
-57.0890768296021 -223.073568305918 100.919335269285 -0.667444957023486 -0.36009580303863 0.651803837038323 -0.527719186737927 0.846289929856667 -0.0728410225893328 0 0 0 0 0 0
-57.5501116023532 -222.907800719835 100.826935878953 -0.209977097145888 -0.156777486778458 0.965054629704255 -0.702357150012586 0.710844715996552 -0.0373393032337023 0 0 0 0 0 0
-57.8920550379761 -223.819162159709 100.577949101361 0.243221640403548 -0.872866639692712 0.423021350467043 0.327020604823348 0.484375949756157 0.811441595753381 0 0 0 0 0 0
-58.3078150045694 -223.62970554516 99.9936829926235 0.930092586081338 -0.158957545928541 -0.331149935692134 -0.150375958251704 -0.987283694106653 0.0515555868068878 0 0 0 0 0 0
-58.2418211992026 -224.155558316358 99.8732709386663 0.891571451263775 0.123285041505852 0.435776486093853 0.0974782316080376 -0.991920550077633 0.0811887719839105 0 0 0 0 0 0
-57.9529013090069 -224.513637303314 99.7322568157551 0.0910742551339124 -0.0866651710818339 0.992065838628243 0.260775981000702 -0.959367563068683 -0.107748627206001 0 0 0 0 0 0
-57.9217739521539 -224.968764794365 99.0741448521989 -0.974813003690866 0.202313523908022 -0.09385545204787 0.220252060914625 0.807160051892778 -0.547705833720355 0 0 0 0 0 0
-56.5658045215713 -225.563006588268 99.1488421336989 0.509420127755081 -0.856336319906784 -0.0847303997777911 -0.223496422333773 -0.0365798250106826 -0.974018103325699 0 0 0 0 0 0
-56.6457764689557 -225.662351338785 98.6061326908122 0.464770555044538 -0.85261359938713 0.238827094994925 0.123947509679705 -0.204424127908217 -0.9710034967873 0 0 0 0 0 0
-56.3168018772347 -225.785082261445 98.3136664121152 -0.459606556819483 -0.887171540703813 0.0410910001552975 0.0316385986171555 -0.062593442544952 -0.997537498056045 0 0 0 0 0 0
-56.095872434947 -226.110748593399 97.9337509503528 -0.930322596348604 -0.31165961163731 -0.193308440574312 0.275884664111061 -0.247442579745613 -0.928794822249329 0 0 0 0 0 0
-55.3038083316859 -226.132527652999 97.0910618524977 0.805122087466382 -0.0784538980500274 -0.587897448671562 0.559542921253657 -0.22825391615716 0.796750819914134 0 0 0 0 0 0
108.261852592311 -61.8373999879471 48.8967247797633 0.597153347403858 -0.460495067028151 -0.656774065358176 0.380343507214697 -0.558335996177004 0.737292161827764 0 0 0 0 0 0
109.123949400183 -61.8481636022787 49.0249446570372 0.965437739808162 0.137320516055512 -0.221524369820468 0.0884794509584142 0.62679063185566 0.774147848008428 0 0 0 0 0 0
109.314585645119 -61.8606036479268 49.5330522638943 0.435453359900984 0.613879957181541 -0.658431294458073 0.190889777305492 0.651817444398212 0.733958522055874 0 0 0 0 0 0
109.625980485155 -61.5409576828052 49.7512590226107 -0.58629274555192 0.715297283134872 -0.38027702172635 0.160297968150146 0.562574610053729 0.811057562402219 0 0 0 0 0 0
109.757908397075 -61.1180634216627 49.9112475737781 -0.997823305269121 -0.0241410189406184 0.0613666250197601 0.0356444306662455 0.58548113540382 0.809902040155927 0 0 0 0 0 0
109.550234984389 -60.7097113726661 50.1514242154573 -0.682359799901634 -0.66040776252497 0.313443281432169 -0.0249576421642084 0.449573596493927 0.892894561207044 0 0 0 0 0 0
109.481919277679 -60.4351205005124 49.5540904865002 -0.413262841455623 0.541003040239128 0.732481763816714 -0.589487534307413 0.454153338154918 -0.668018856274965 0 0 0 0 0 0
109.045720853258 -60.8850274605756 48.9837199784718 -0.18779560787145 -0.82996353199731 0.52525550470104 0.0623791242397434 -0.543768557102947 -0.836913735796744 0 0 0 0 0 0
109.032105673613 -60.7949897726472 48.1804256805557 -0.368406402866775 -0.899492444347159 0.234925658217949 0.660658427007454 -0.0755202883697961 0.746878255720824 0 0 0 0 0 0
109.091224237878 -59.7141997415022 48.0586488930482 0.291892401189057 0.109728217908814 0.950136066215067 0.602904207761211 -0.792289786500726 -0.0937198509946575 0 0 0 0 0 0
108.112515750126 -59.4516986357681 47.437373152014 -0.439105022567758 0.795678372345162 -0.417232197868192 -0.897934221941274 -0.404180660802668 0.174218616972579 0 0 0 0 0 0
107.716932441082 -59.484891720641 47.6920332233425 -0.336895298300335 0.376888182024189 -0.862819132978419 -0.881570987473524 -0.448089479781479 0.148487077397729 0 0 0 0 0 0
108.199329155201 -59.1316662480544 48.5429832907348 0.948904646709769 -0.280232111486417 -0.145085957778392 0.313234337232221 0.8921973924976 0.32537372788714 0 0 0 0 0 0
108.334575415943 -59.0312015548511 48.9544581871744 0.382360017469003 0.484831820148856 -0.786599595227617 0.100373124154346 0.824455068853248 0.556955182568295 0 0 0 0 0 0
108.640587066801 -58.6118422125844 49.0980579210682 -0.344527559538538 0.327575952585423 -0.879769717600107 0.211955258008034 0.940089905559966 0.267031717342721 0 0 0 0 0 0
108.944194576428 -58.1672948426464 49.0712450824554 -0.94200632784326 0.10739862679342 -0.317945928211299 0.0264697153491034 0.968235475391705 0.248635110880055 0 0 0 0 0 0
109.735450875241 -58.1897175979306 48.6649812434419 -0.77587127978946 0.348289204510795 -0.526040290490285 0.324691324994763 0.935342732888247 0.140390581971483 0 0 0 0 0 0
110.035756572634 -57.7866970995949 48.3842870084186 -0.829912491122006 0.429315865127195 0.356276781491236 0.498622662099789 0.857239469688409 0.128514327795989 0 0 0 0 0 0
109.996108000101 -57.3073366646015 48.1732940963112 -0.481822021172386 0.0362176795985731 0.875520313640896 0.337380627319542 0.92978730119106 0.14720695246257 0 0 0 0 0 0
109.37100317474 -57.3273694649824 47.4061739069567 -0.830503016010548 0.54990472628903 0.0887103849747613 -0.539361409917962 -0.754142262000072 -0.374644789309451 0 0 0 0 0 0
-58.5240789399488 -57.8070952446375 13.1055575977304 0.737606327272057 -0.367014587280642 -0.566777909494934 0.517586710605179 -0.231739736098299 0.8236508311888 0 0 0 0 0 0
-58.2029548036677 -58.0137272652333 13.5834796365203 0.691179660320213 0.133038287323261 -0.710331958499495 0.722369093697894 -0.156149542939248 0.673646949603386 0 0 0 0 0 0
-57.9613802157448 -58.6493925836643 14.0707216538145 0.2176972272149 0.0878892364415774 0.972051130023859 -0.392449942912324 -0.903996393155228 0.169627720230071 0 0 0 0 0 0
-58.0572873557474 -59.1033368028328 14.4740754093325 -0.0553423540022555 0.483987889342439 0.87332293387002 -0.339792373591992 -0.83158570529641 0.439324888431548 0 0 0 0 0 0
-58.141724006262 -59.8242655354004 13.4762140478651 -0.326647644022028 0.393494046407849 -0.859339136835066 -0.755479973610131 -0.655047105156236 -0.0127788692954761 0 0 0 0 0 0
-57.5681730077282 -60.093302717925 13.4339992404526 0.295729087774964 0.90084519620988 -0.317839958327098 0.0726112712640897 0.310561452611983 0.94777591625708 0 0 0 0 0 0
-57.368476374342 -61.1197781738109 13.5982321767936 0.944685992263384 0.291809517010597 -0.149718341573063 0.120208010095065 -0.732785632201693 -0.669757606562068 0 0 0 0 0 0
-58.065508500481 -62.1244198013682 13.5154865851891 0.402685951373732 -0.913870764507932 0.0518097514365745 -0.414597569407515 -0.131639397755413 0.900433187082736 0 0 0 0 0 0
-58.2482054234938 -62.4153092943643 13.7485206313048 0.893659388506143 0.193084831892404 0.405081652297296 -0.407219653888471 -0.0303171343106663 0.912826941349861 0 0 0 0 0 0
-58.1421616271595 -62.6366576679055 14.2042461169614 0.315999793682054 0.92948325398128 0.190276143962586 -0.547964013874084 0.0150793698527587 0.836365979762357 0 0 0 0 0 0
-59.0370013327259 -62.7066682260912 14.1455265729917 -0.245649190718428 0.950446364370914 0.190547063880535 -0.709978465117118 -0.310243587064295 0.632202100404151 0 0 0 0 0 0
-59.2249199524596 -62.2929732725907 13.7821967387542 0.180666990260925 0.922325951805506 0.341576166112519 0.462045396898825 -0.386173878088116 0.798363192467558 0 0 0 0 0 0
-59.2530545143105 -62.6096746286421 12.9308352012406 0.0908640557473553 0.980086746719804 -0.17656073254643 0.995682547094142 -0.0860305069874668 0.0348570979802133 0 0 0 0 0 0
-58.7215482710176 -62.5425931903698 12.7171549658982 -0.151227280551195 0.823248459561613 0.547167509494598 0.981377477970559 0.0587142169433911 0.182895835001425 0 0 0 0 0 0
-59.3674352790737 -63.4187337232922 12.4248442461819 -0.47817366834236 -0.265074947197615 0.837308315539857 0.119171267254721 0.924965983533796 0.360882443970694 0 0 0 0 0 0
-59.7051751699535 -62.4663644036546 11.6583556669139 -0.659376890166233 0.730511290340224 0.177694601494163 0.426607651462658 0.558173341620009 -0.711651903965884 0 0 0 0 0 0
-59.6166402662827 -62.1204665234422 11.1928555178314 -0.562150428284572 0.650448179441823 0.510787687635764 0.385651686013142 0.752518911695744 -0.533842733972726 0 0 0 0 0 0
-59.7834117396011 -61.8340207074893 10.8278874790256 0.0997784934309839 0.63649063704258 0.764803191158205 0.116944142065644 0.755810127440288 -0.644263237268142 0 0 0 0 0 0
-60.1288175918021 -61.8984374841052 10.0867819961087 0.842102750008411 0.537508280509017 -0.0441339643869989 -0.472421404036766 0.774650731140387 0.420397742324569 0 0 0 0 0 0
-60.2650666706815 -61.5399919290979 10.48254680947 0.586855789838878 0.525166028759957 -0.616279907322218 -0.545335452257354 0.818971385172712 0.178592034479582 0 0 0 0 0 0
-64.2794467887605 158.352741335327 -24.4773872923548 -0.804385677032905 -0.594096650649406 -0.00358500648143501 -0.253422358903063 0.348570096317716 -0.902372426418863 0 0 0 0 0 0
-64.2762898334534 158.247523310434 -24.9408077351156 -0.960894239413653 0.251695386620372 0.115462950835666 -0.0466844974624981 0.263751733194436 -0.963460212428933 0 0 0 0 0 0
-64.492141237902 158.137828540743 -25.4217503480043 -0.403300818436429 0.881850690394151 0.244310887395275 -0.312288426231016 0.118318137784075 -0.942590450361908 0 0 0 0 0 0
-64.7631303585731 158.169003260514 -25.8927339817686 0.165391372022523 0.904341546486142 0.393461638993638 -0.386608666496906 0.42647586166078 -0.817711488491007 0 0 0 0 0 0
-65.1766281265241 158.504561339148 -26.1118861950463 0.700505000350664 0.693096759491603 0.170028310777813 -0.400479515498626 0.57898547870751 -0.710205585103231 0 0 0 0 0 0
-65.6304843226147 158.669604646886 -25.2652986415415 -0.680820922683425 0.0145903260227559 0.732304577087321 -0.696859481437607 -0.320771657801518 -0.641476739002884 0 0 0 0 0 0
-66.0279939456357 158.28718571628 -25.4194002746814 -0.500402299230913 0.73687379322751 0.454548734217704 -0.822003815456573 -0.239497971199075 -0.516672477655201 0 0 0 0 0 0
-66.5232071545301 158.07746976681 -25.5219260648605 -0.195866714847688 0.970404164596739 0.141251503879005 -0.904212582960272 -0.122973452569755 -0.408995274764131 0 0 0 0 0 0
-67.0029704261304 158.06886215526 -25.4460084673834 0.229084953068127 0.679748178829071 -0.696751388700687 -0.926497738653413 -0.0672588014573459 -0.370240724254686 0 0 0 0 0 0
-67.5001950873208 158.286218598089 -25.5799021930464 0.643960161837565 0.352823359026099 -0.678845333851296 -0.763198034945955 0.234402021142441 -0.602149858373289 0 0 0 0 0 0
-67.8343882638573 157.588618355009 -24.9070432340504 0.868166871471743 0.0662877493983519 0.491825393365031 -0.472547850961446 -0.192336360112365 0.860061191503515 0 0 0 0 0 0
-67.9003052376194 157.33387473731 -24.5346550871868 0.396267251216276 0.862263106812109 0.315395942022446 -0.410597738766711 -0.140822848673351 0.900876474446517 0 0 0 0 0 0
-67.7227570827002 157.371569824701 -24.1387413019956 -0.697655826279764 0.699483315839201 0.154917522961403 -0.257903180212118 -0.446939937906206 0.856580785180751 0 0 0 0 0 0
-67.8036651291338 157.378992163817 -23.5909971336529 -0.911113145379128 0.312493762802797 -0.268738691904797 -0.383438095769407 -0.403537212926373 0.830742405620627 0 0 0 0 0 0
-67.4538021195383 156.292407987145 -23.8111500802505 0.735496735706835 -0.673823936950714 0.0707520583222149 0.597821859097629 0.694563733666757 0.40023773517742 0 0 0 0 0 0
-68.4731982908072 156.934865706371 -23.0788718414339 -0.783668114980673 0.363197280038127 0.503936525105637 -0.607552373391396 -0.279154668966881 -0.743607950724354 0 0 0 0 0 0
-68.7278401567711 155.777140767663 -23.3735305375545 -0.611553357779791 -0.725677551164796 0.315269063378771 0.695768609186979 -0.682968123789284 -0.222397356903724 0 0 0 0 0 0
-68.9182886294753 157.135011287795 -23.7432660843728 -0.631185143383142 0.738254530345164 0.237877201928316 -0.254694688164128 0.0924074146148836 -0.962596221447586 0 0 0 0 0 0
-69.2342447011623 156.961251466361 -23.9985946187371 0.220174383427193 0.952040896049951 -0.212464992718478 -0.172719398787646 -0.176319298812059 -0.969061150882058 0 0 0 0 0 0
-69.9728224190108 156.437889121887 -23.5321283895852 -0.0285829555354724 0.770297456024503 0.637043832004547 0.768076492614345 -0.390937959586398 0.507174539234443 0 0 0 0 0 0
134.955103960986 74.5101507209367 372.434906477553 -0.51916431856565 0.849104695955472 0.0974147095393211 -0.217387803389667 -0.0209595441488486 -0.975860256617969 0 0 0 0 0 0
135.122304249844 73.4319305686226 371.688153318358 0.498338893731696 -0.197632953886634 -0.844156124500861 -0.691284079194342 0.49705643985148 -0.52446278938987 0 0 0 0 0 0
134.067552501322 73.6214973239357 371.478619999653 -0.68764340378775 -0.18934508583239 -0.700924380870235 0.613269371284108 0.365294974742941 -0.700328679744268 0 0 0 0 0 0
134.344626678896 73.6247838242125 371.019170905388 -0.7683237604819 0.490427224676416 -0.411290331001279 0.629546638115134 0.463038051334601 -0.623912488618547 0 0 0 0 0 0
134.644552145774 73.7209281197359 370.543306256965 -0.764197077342861 0.635347214835382 0.111070894394312 0.527919674021033 0.715086166779261 -0.45820584005714 0 0 0 0 0 0
134.731364111997 73.9288102069367 370.13907858341 -0.058573091398282 0.610209939043651 0.790071530468218 0.710421417616076 0.581491499491945 -0.396445513798522 0 0 0 0 0 0
134.939113444081 74.4020904163651 369.975568173244 0.284944729852453 0.0720203467921314 0.955834489112657 0.781136185424532 0.560488958632945 -0.275097050276748 0 0 0 0 0 0
135.160309989492 74.780029427532 370.125802475429 0.741785002618312 -0.597925331344081 0.303710895470713 0.663533696215456 0.588610691393035 -0.461801351193853 0 0 0 0 0 0
135.570997903297 75.1235284292299 369.87245306901 0.533424493978611 -0.787685424156626 0.308236892332601 0.812514595662164 0.375876802904541 -0.445574528978274 0 0 0 0 0 0
135.93935061819 75.2632120584873 369.997185970247 0.205762039754311 -0.763583065760121 -0.612048106508402 0.66504075396569 0.567923933674338 -0.484956906461402 0 0 0 0 0 0
136.438395325152 75.214343188642 369.948629250641 -0.374035045458642 -0.0417354142492772 -0.926475007739655 0.852650263122134 0.377487015452245 -0.361235493774786 0 0 0 0 0 0
136.893707886411 75.0374706738829 369.577357843239 -0.712324296719486 0.380304776509709 -0.589883355644987 0.698559550401207 0.302875283732813 -0.648290920071407 0 0 0 0 0 0
137.074892435272 75.0673103704367 369.10213987982 -0.643864410354194 0.756481311473998 0.114780862820534 0.400293786241454 0.460880993051553 -0.792056560442684 0 0 0 0 0 0
137.654350625181 75.4481176302354 369.675054130754 -0.302532320585568 0.439521790816189 0.84575102151806 0.446636141596229 -0.718508673916001 0.533161741432657 0 0 0 0 0 0
138.033087826912 75.2831402305223 369.997643899792 -0.828221227258501 0.0812781614716703 0.554475841841831 0.265157525452524 -0.814826971874508 0.515507994702035 0 0 0 0 0 0
138.087776997071 74.4951661666405 369.354052907886 -0.623963937273497 0.0178066034564831 -0.781250235107484 0.780061054568975 0.0738397929325257 -0.621331180711559 0 0 0 0 0 0
139.368524245591 74.9170709557293 369.914284813849 0.788691077140978 0.179971357886151 0.587857716780872 -0.407897903547851 -0.562239518927037 0.719378915202525 0 0 0 0 0 0
139.155568890077 74.0524988488342 369.47605409591 0.142701554495937 -0.148333037443006 -0.978587541483834 -0.206161346788447 -0.971474969482816 0.117191649697131 0 0 0 0 0 0
138.921418736852 73.5086967361493 369.431434602243 0.338854265220608 0.125449936468116 -0.932437719304591 -0.216194775121082 -0.954167493743413 -0.20694011958477 0 0 0 0 0 0
138.635875146411 73.1980407651435 369.158985110948 0.910779939609384 -0.0632786740363779 -0.40801435148451 -0.0737089100286969 -0.997230906407411 -0.00987501332831616 0 0 0 0 0 0
97.9184821430954 -10.664947173435 -40.3021105928752 -0.920732160145799 0.325833581221209 -0.214673628147036 -0.146047245185326 0.222399584801714 0.963954680912854 0 0 0 0 0 0
98.5994779097344 -9.9059798018894 -40.8106006692889 0.144384605824214 0.560516998753931 -0.815459244664546 0.747412888749092 0.478292255107179 0.461097053163677 0 0 0 0 0 0
98.9162477412841 -10.3591087922817 -40.0195361498337 -0.857934105218699 -0.0250071274188557 0.513150771879813 -0.416938588023695 0.617488720194453 -0.666985677694374 0 0 0 0 0 0
99.2069025879453 -11.2939620633926 -40.822154616589 0.368393093377036 -0.896253580995904 -0.247014265385862 -0.869454635307208 -0.238078403193764 -0.432859458803336 0 0 0 0 0 0
98.7600815941541 -11.4057298451566 -41.0876488490678 0.430290530701284 -0.879112605090299 0.204966062459507 -0.831908944860913 -0.474331108786561 -0.287988726685116 0 0 0 0 0 0
98.6556812470922 -11.7007888718877 -41.4887313602416 0.0451007688365247 -0.549593477003819 0.834213959776032 -0.740119937942679 -0.57924852342986 -0.341604487037352 0 0 0 0 0 0
98.5868871756949 -12.0570836135596 -41.5687631507815 -0.737035780325765 0.282877636528428 0.613806566657348 -0.62874297400485 -0.620120230933396 -0.469183516149756 0 0 0 0 0 0
98.3508831826327 -12.5302131039651 -41.6163765865715 -0.620652257715381 0.758063128823039 -0.200327401300536 -0.633937605788285 -0.635500489641706 -0.440751902585309 0 0 0 0 0 0
97.8635863156933 -12.7476679183534 -41.5787468284266 0.0792223745867852 0.625378600521786 -0.776289521618219 -0.620842808799595 -0.578315718933267 -0.529249597067894 0 0 0 0 0 0
97.2099335808888 -13.6870900936261 -41.2728742990622 -0.751807105422448 -0.0631165917184357 -0.656355370272971 0.653438113974804 0.062050299695971 -0.754432496326008 0 0 0 0 0 0
97.6658178780653 -14.4340648749382 -41.6828318838301 -0.293969538502124 -0.8486731221636 -0.439699718159946 -0.30074247611455 0.518788830727776 -0.800257528657242 0 0 0 0 0 0
97.8021377148172 -14.3830720297767 -42.094283478907 -0.913527811734674 -0.383895614240197 -0.134503139570794 -0.190515559053815 0.695936942449746 -0.692369550090204 0 0 0 0 0 0
97.6690284131941 -14.2217311148509 -42.5237020202565 -0.706399368805261 0.158457793547729 0.689848577164232 -0.368343835827795 0.749955093672012 -0.549445334936124 0 0 0 0 0 0
98.1565868385112 -15.248228869301 -42.7623733913034 0.584959698864246 -0.563661128379246 0.583188034049813 0.191058100493815 -0.603043549101469 -0.774490335719433 0 0 0 0 0 0
98.4837477764993 -15.2391685802644 -43.0952688067016 -0.173647819742628 -0.936529517685918 0.304563453489769 0.180025317716629 -0.334237750292477 -0.925135671812762 0 0 0 0 0 0
98.9627994473187 -15.6816050918751 -43.123935330675 -0.312550058734622 -0.930048696202851 -0.193188725023905 0.749751378535095 -0.116661024806215 -0.651354800148037 0 0 0 0 0 0
99.3533383005693 -15.9641016809846 -43.1960043030311 -0.644974457734062 -0.202582682709112 -0.736863763213413 0.759597472427717 -0.064233169711848 -0.647213859392854 0 0 0 0 0 0
99.6001642853729 -16.3555816845456 -43.521221701525 -0.491956311160006 0.636139244768353 -0.594395364362298 0.560795703747433 -0.290686232498924 -0.775248149236103 0 0 0 0 0 0
99.4933106150592 -16.5678647978676 -43.960223426427 0.443112931502021 0.885061372765368 -0.142538753938596 0.579789403419069 -0.404207773694274 -0.707432204079005 0 0 0 0 0 0
99.7174562078495 -16.6597054245709 -44.3997712815587 0.695594505345153 0.51949150155815 0.496262898011216 0.7040779373387 -0.630326728167131 -0.32705117934507 0 0 0 0 0 0
348.454761473598 -226.702388242638 112.339478357417 -0.0501632162714745 -0.97478950729502 0.217414507797507 0.626881974232795 -0.200196676337545 -0.75295436858112 0 0 0 0 0 0
348.988016914333 -226.8566000435 112.07496315683 -0.540494032779618 -0.745138468753652 -0.390685119902317 0.587942386721032 -0.0023544624062763 -0.808899379653337 0 0 0 0 0 0
349.338428386851 -226.955825337812 111.739717668306 -0.871349417500514 -0.235583086160059 -0.430407716167842 0.462239662317435 -0.0999056337529137 -0.881109164022877 0 0 0 0 0 0
350.194090020414 -226.926182882473 111.62914745653 -0.662535939831634 0.373599404816238 -0.649206910893874 0.562914428679727 0.820133671501603 -0.102509057421655 0 0 0 0 0 0
350.445191241681 -226.746276390604 111.338051342958 -0.726065834928646 0.665557879800608 0.172803680472054 0.671069120345109 0.740657970565218 -0.0330455194762305 0 0 0 0 0 0
350.569324220895 -226.433940733162 111.031948514789 -0.244252630300885 0.496331621194415 0.833063967768156 0.73932208832755 0.651218702130631 -0.171222229007471 0 0 0 0 0 0
350.703358540291 -225.981675606325 110.830297285693 0.2797664587253 -0.138332621217955 0.950049901046926 0.792980202934053 0.591137680186144 -0.147440295777011 0 0 0 0 0 0
351.061743225885 -225.579062998022 110.907388331116 0.273893046638473 -0.700610261487503 0.65888379893689 0.92494715245061 0.379612540435021 0.0191594446155847 0 0 0 0 0 0
351.354048009149 -225.610216044396 109.981022017701 -0.477156820604605 -0.311308724176838 -0.82183224979426 0.867753827697139 -0.314822751443076 -0.384564597552576 0 0 0 0 0 0
351.677156719425 -225.99880640392 109.869559034905 -0.203195102299469 0.501524151208896 -0.840943087346406 0.930373748413582 -0.168770056503531 -0.325455613395523 0 0 0 0 0 0
351.913593322622 -226.325801334695 109.434993971413 0.0786754042666593 0.962267333250806 -0.26048370413878 0.814899889380935 -0.212588756114743 -0.539207002050721 0 0 0 0 0 0
352.193432700242 -226.370663700675 108.967343515904 0.293412641401882 0.865102104620504 0.40682597071321 0.923133342973374 -0.145790760183122 -0.35576661638781 0 0 0 0 0 0
352.476846933554 -227.002009672097 109.022124242569 0.311360169138656 0.658059429328551 -0.685574673209074 0.933088763033338 -0.0750563336099089 0.35172703490911 0 0 0 0 0 0
352.900710866128 -227.151996312195 108.945387818451 0.0952537162063297 0.965754222777575 0.24134106723922 0.965980354008565 -0.148233806662474 0.211916715319579 0 0 0 0 0 0
353.336403853454 -227.034993701633 108.852523568215 -0.201235450507524 0.45149188380703 0.869286703174168 0.951865973369029 -0.119332439616141 0.282331255084326 0 0 0 0 0 0
353.722693548269 -226.81082547751 108.9050882173 -0.0506298298429601 -0.541151619192835 0.839399514757452 0.980983372242653 -0.184630582331256 -0.0598595978223494 0 0 0 0 0 0
354.185465859068 -226.96183510636 109.01893217437 -0.425131919500474 -0.220068119712742 0.877970884316753 0.852650073248647 -0.42286375952391 0.30687797814503 0 0 0 0 0 0
354.560197886215 -226.549568672657 107.76231372615 0.538574593641552 -0.172502532767226 -0.824730430669761 0.195600503930692 0.977675002976198 -0.076759568898935 0 0 0 0 0 0
354.910417956684 -226.476404497284 108.632594414347 -0.368248241995263 0.694223004847247 0.61842352138988 0.332288011957404 0.719507179422832 -0.609831202767124 0 0 0 0 0 0
356.092693119127 -226.412983212083 108.079909889333 0.526057302398267 0.407536755936947 -0.746443237730671 0.46902723990652 -0.871183827119171 -0.145093720028354 0 0 0 0 0 0
