           0   0.000000
       10000  -2.370549
       20000  -2.228313
       30000  -2.396147
       40000   0.000000
       50000  -2.621043
       60000  -2.121046
       70000  -2.588191
       80000  -2.447555
       90000  -4.206866
      100000  -4.754018
      110000  -2.968313
      120000  -3.502963
      130000  -1.782310
      140000  -2.154865
      150000  -1.314502
      160000  -3.397293
      170000  -4.058084
      180000  -3.255357
      190000  -2.831017
      200000  -5.759294
