           0   0.000000
       10000  -0.102170
       20000   0.000000
       30000  -1.034145
       40000  -2.219738
       50000   0.000000
       60000   0.000000
       70000  -0.000000
       80000  -1.475553
       90000  -1.079804
      100000  -1.531821
      110000  -4.079013
      120000  -3.026050
      130000  -3.408949
      140000  -3.140241
      150000  -2.137800
      160000  -0.000838
      170000  -1.776646
      180000  -0.000000
      190000  -0.748370
      200000   0.000000
