           0   0.000000
       10000  -1.292839
       20000  -0.699705
       30000  -3.099838
       40000  -1.268047
       50000  -1.598355
       60000  -0.842527
       70000  -3.445149
       80000  -3.720055
       90000  -0.735180
      100000  -1.734639
      110000  -2.813316
      120000  -1.859603
      130000  -0.507278
      140000  -1.387758
      150000  -6.567190
      160000  -2.250515
      170000  -2.707076
      180000  -4.834656
      190000  -4.791059
      200000  -3.870593
