           0   0.000000
       10000  -1.303577
       20000  -1.889703
       30000  -1.871434
       40000  -1.459009
       50000  -0.000008
       60000   0.000000
       70000  -0.289667
       80000  -0.977018
       90000  -2.085113
      100000  -1.405182
      110000  -0.792300
      120000   0.000000
      130000  -0.583679
      140000  -3.135695
      150000  -1.455049
      160000  -2.138901
      170000  -1.412625
      180000  -1.821495
      190000  -6.518255
      200000  -2.404331
