           0   0.000000
       10000   0.000000
       20000  -2.173029
       30000  -1.672921
       40000   0.000000
       50000  -0.721690
       60000  -0.799604
       70000  -0.526775
       80000  -1.328622
       90000   0.000000
      100000  -2.624106
      110000  -1.748474
      120000  -2.410426
      130000  -1.990493
      140000  -1.951119
      150000  -3.248953
      160000  -1.572985
      170000  -2.026414
      180000  -1.434952
      190000  -1.485464
      200000  -1.594951
