           0   0.000000
       10000  -1.746371
       20000  -1.209919
       30000   0.000000
       40000  -2.098884
       50000  -0.000000
       60000  -1.524096
       70000  -1.736071
       80000   0.000000
       90000  -1.262458
      100000  -3.310455
      110000  -0.586736
      120000   0.000000
      130000  -0.000003
      140000  -1.588264
      150000  -0.780126
      160000  -2.687687
      170000  -4.226547
      180000  -2.598835
      190000  -4.400540
      200000  -5.065450
