           0   0.000000
       10000  -0.698748
       20000  -0.602589
       30000  -3.808581
       40000  -4.556443
       50000  -6.703109
       60000  -4.189279
       70000  -3.250068
       80000  -5.402604
       90000  -4.362205
      100000  -8.503360
      110000  -3.650997
      120000  -2.251093
      130000  -5.927394
      140000  -3.672330
      150000  -6.077382
      160000  -4.286898
      170000  -3.265317
      180000  -4.629892
      190000  -2.620040
      200000  -2.870759
