#id1 id2 FENE BEXC STCK NEXC HB CRSTCK CXSTCK total, t = 200000
0 1 0.0561147 0 -0.645552 0 0 0 0 -0.589437
1 2 0.0853657 0 -0.906675 0 0 0 0 -0.821309
2 3 0.0177841 0 -1.3267 0 0 0 0 -1.30892
3 4 0.205334 0 0 0 0 0 0 0.205334
4 5 0.227411 0 0 0 0 0 0 0.227411
5 6 0.062555 0 0 0 0 0 0 0.062555
6 7 0.0147723 0 -1.29301 0 0 0 0 -1.27823
7 8 0.0153309 0 0 0 0 0 0 0.0153309
8 9 0.162073 0 -1.28898 0 0 0 0 -1.12691
9 10 0.000272617 0 -0.994534 0 0 0 0 -0.994261
10 11 1.08133e-05 0 0 0 0 0 0 1.08133e-05
11 12 0.0736927 0 0 0 0 0 0 0.0736927
12 13 0.0698925 0 -1.14788 0 0 0 0 -1.07799
13 14 0.0140259 0 -1.1652 0 0 0 0 -1.15118
14 15 0.000243532 0 0 0 0 0 0 0.000243532
15 16 0.0826734 0 -1.27816 0 0 0 0 -1.19549
16 17 0.376428 0 0 0 0 0 0 0.376428
17 18 0.0231073 0 -0 0 0 0 0 0.0231073
18 19 0.00407429 0 -1.22851 0 0 0 0 -1.22443
20 21 0.0306384 0 0 0 0 0 0 0.0306384
21 22 0.111857 0 0 0 0 0 0 0.111857
22 23 0.181365 0 0 0 0 0 0 0.181365
23 24 0.0475946 0 -1.05578 0 0 0 0 -1.00818
24 25 0.00487115 0 0 0 0 0 0 0.00487115
25 26 0.0118616 0 -0.878168 0 0 0 0 -0.866306
26 27 0.0488592 0 -1.37733 0 0 0 0 -1.32847
27 28 0.000373159 0 0 0 0 0 0 0.000373159
28 29 0.0617132 0 0 0 0 0 0 0.0617132
29 30 0.0815639 0 -0 0 0 0 0 0.0815639
30 31 0.0478593 0 0 0 0 0 0 0.0478593
31 32 0.00433181 0 0 0 0 0 0 0.00433181
32 33 0.000673124 0 -0.572347 0 0 0 0 -0.571674
33 34 0.0108075 0 -1.38639 0 0 0 0 -1.37559
34 35 0.0062814 0 -1.33063 0 0 0 0 -1.32435
35 36 0.097145 0 0 0 0 0 0 0.097145
36 37 0.0961877 0 -1.40589 0 0 0 0 -1.3097
37 38 0.0636696 0 -1.22469 0 0 0 0 -1.16102
38 39 0.0900669 0 0 0 0 0 0 0.0900669
40 41 0.00686552 0 -1.4277 0 0 0 0 -1.42083
41 42 0.00349031 0 -1.25226 0 0 0 0 -1.24877
42 43 0.00863071 0 -1.29328 0 0 0 0 -1.28465
43 44 0.00902926 0 0 0 0 0 0 0.00902926
44 45 0.0560838 0 -1.25416 0 0 0 0 -1.19807
45 46 0.086487 0 -1.16703 0 0 0 0 -1.08055
46 47 0.0573408 0 -1.14086 0 0 0 0 -1.08352
47 48 0.0378958 0 -1.27535 0 0 0 0 -1.23746
48 49 0.000707482 0 -0.97002 0 0 0 0 -0.969312
49 50 0.0685307 0 0 0 0 0 0 0.0685307
50 51 0.000100031 0 -1.30651 0 0 0 0 -1.30641
51 52 0.00127727 0 0 0 0 0 0 0.00127727
52 53 0.00709508 0 -0.682807 0 0 0 0 -0.675712
53 54 0.0240384 0 -0 0 0 0 0 0.0240384
54 55 0.0584694 0 0 0 0 0 0 0.0584694
55 56 0.0140379 0 -0.806294 0 0 0 0 -0.792256
56 57 0.0056887 0 -1.19955 0 0 0 0 -1.19386
52 58 0 0 0 0 0 -0.00114212 0 -0.00114212
57 58 0.0276147 0 -1.16287 0 0 0 0 -1.13526
58 59 0.00141672 0 -1.21248 0 0 0 0 -1.21107
60 61 5.33146e-05 0 -1.13464 0 0 0 0 -1.13458
61 62 0.00073832 0 0 0 0 0 0 0.00073832
62 63 0.00539797 0 -1.16061 0 0 0 0 -1.15522
63 64 0.184768 0 -1.20463 0 0 0 0 -1.01986
64 65 0.292357 0 0 0 0 0 0 0.292357
65 66 8.38402e-05 0 -1.11332 0 0 0 0 -1.11323
66 67 0.00474792 0 -0.695009 0 0 0 0 -0.690261
67 68 0.0147413 0 0 0 0 0 0 0.0147413
68 69 0.00507415 0 0 0 0 0 0 0.00507415
69 70 0.000679787 0 -1.40904 0 0 0 0 -1.40837
70 71 0.110422 0 -1.24988 0 0 0 0 -1.13946
71 72 1.93332e-05 0 -0.787074 0 0 0 0 -0.787054
72 73 0.0878551 0 -1.43603 0 0 0 0 -1.34817
73 74 0.124924 0 -1.40335 0 0 0 0 -1.27843
74 75 0.0508758 0 0 0 0 0 0 0.0508758
75 76 0.0252395 0 -1.21371 0 0 0 0 -1.18847
76 77 0.00957426 0 0 0 0 0 0 0.00957426
77 78 0.108106 0 -1.20745 0 0 0 0 -1.09935
78 79 0.0390657 0 -1.25491 0 0 0 0 -1.21584
80 81 0.00913882 0 0 0 0 0 0 0.00913882
81 82 0.0444012 0 0 0 0 0 0 0.0444012
82 83 0.000129403 0 -1.39551 0 0 0 0 -1.39538
83 84 0.0388754 0 0 0 0 0 0 0.0388754
84 85 2.30028e-05 0 -1.3211 0 0 0 0 -1.32107
85 86 0.0399754 0 -1.29416 0 0 0 0 -1.25419
86 87 0.00639086 0 0 0 0 0 0 0.00639086
87 88 0.197924 0 -0 0 0 0 0 0.197924
88 89 0.000251424 0 -1.32674 0 0 0 0 -1.32649
89 90 0.205603 0 0 0 0 0 0 0.205603
90 91 0.02203 0 0 0 0 0 0 0.02203
91 92 0.067341 0 -1.15693 0 0 0 0 -1.08959
92 93 0.333521 0 -1.25517 0 0 0 0 -0.921649
93 94 0.00817253 0 -1.09729 0 0 0 0 -1.08912
94 95 0.000926318 0 0 0 0 0 0 0.000926318
95 96 0.0215332 0 -1.32534 0 0 0 0 -1.30381
96 97 0.000348935 0 -0.855381 0 0 0 0 -0.855032
97 98 0.00760035 0 -1.02523 0 0 0 0 -1.01763
98 99 0.32416 0 -0.997009 0 0 0 0 -0.672849
100 101 0.0300619 0 0 0 0 0 0 0.0300619
101 102 0.000618781 0 0 0 0 0 0 0.000618781
102 103 0.0164446 0 0 0 0 0 0 0.0164446
103 104 0.0224463 0 -1.23228 0 0 0 0 -1.20984
104 105 0.000103217 0 -1.09962 0 0 0 0 -1.09952
105 106 0.0494246 0 0 0 0 0 0 0.0494246
106 107 0.00124597 0 0 0 0 0 0 0.00124597
107 108 0.0366606 0 -1.19568 0 0 0 0 -1.15901
108 109 0.0166451 0 -1.20243 0 0 0 0 -1.18578
109 110 0.0217983 0 -0 0 0 0 0 0.0217983
110 111 0.165647 0 -1.42199 0 0 0 0 -1.25635
111 112 0.0466529 0 -1.36748 0 0 0 0 -1.32083
112 113 0.000782446 0 0 0 0 0 0 0.000782446
113 114 0.0114596 0 -1.24484 0 0 0 0 -1.23338
114 115 0.00746753 0 -1.04822 0 0 0 0 -1.04075
115 116 0.0212379 0 -1.3325 0 0 0 0 -1.31127
116 117 0.0884808 0 -1.39 0 0 0 0 -1.30152
117 118 0.401753 0 -1.39478 0 0 0 0 -0.993026
118 119 0.0168417 0 -0.841043 0 0 0 0 -0.824201
120 121 0.190073 0 -1.09326 0 0 0 0 -0.903191
121 122 0.0028862 0 0 0 0 0 0 0.0028862
122 123 0.0389815 0 0 0 0 0 0 0.0389815
123 124 0.05319 0 0 0 0 0 0 0.05319
124 125 0.0641548 0 0 0 0 0 0 0.0641548
125 126 0.0493568 0 -0.963796 0 0 0 0 -0.91444
126 127 0.0173037 0 -0.75196 0 0 0 0 -0.734656
127 128 0.0693068 0 -1.21229e-06 0 0 0 0 0.0693056
128 129 0.000467923 0 -0.824921 0 0 0 0 -0.824453
129 130 0.0022591 0 -1.38768 0 0 0 0 -1.38542
130 131 0.0439303 0 -1.17113 0 0 0 0 -1.1272
131 132 0.0684019 0 0 0 0 0 0 0.0684019
132 133 0.0105958 0 -0 0 0 0 0 0.0105958
133 134 0.0399134 0 0 0 0 0 0 0.0399134
134 135 0.0141948 0 0 0 0 0 0 0.0141948
135 136 0.16938 0 0 0 0 0 0 0.16938
136 137 0.0159676 0 -1.27138 0 0 0 0 -1.25542
137 138 0.0151693 0 -1.1643 0 0 0 0 -1.14913
138 139 0.183536 0 -1.37045 0 0 0 0 -1.18691
140 141 0.00712154 0 -1.25406 0 0 0 0 -1.24694
141 142 0.0146484 0 -1.20628 0 0 0 0 -1.19163
142 143 0.00516056 0 -1.25238 0 0 0 0 -1.24722
143 144 0.00431848 0 -1.21043 0 0 0 0 -1.20611
144 145 0.0779139 0 -1.3909 0 0 0 0 -1.31299
145 146 0.0002108 0 -0.989483 0 0 0 0 -0.989273
146 147 0.000220272 0 -0.654789 0 0 0 0 -0.654569
147 148 0.00547819 0 0 0 0 0 0 0.00547819
148 149 0.0279055 0 -0.189539 0 0 0 0 -0.161634
149 150 0.0443452 0 0 0 0 0 0 0.0443452
149 151 0 0 0 0.148359 0 0 0 0.148359
150 151 0.000241616 0 0 0 0 0 0 0.000241616
151 152 0.186259 0 0 0 0 0 0 0.186259
152 153 0.00539173 0 -1.21377 0 0 0 0 -1.20838
153 154 0.366169 0 -0 0 0 0 0 0.366169
154 155 0.129331 0 0 0 0 0 0 0.129331
155 156 0.0191294 0 -1.22517 0 0 0 0 -1.20604
156 157 0.00183416 0 -1.04283 0 0 0 0 -1.041
157 158 0.0450482 0 -1.26138 0 0 0 0 -1.21633
158 159 0.0112866 0 -0 0 0 0 0 0.0112866
160 161 0.0481818 0 0 0 0 0 0 0.0481818
161 162 0.00037656 0 -1.23308 0 0 0 0 -1.2327
162 163 0.0153656 0 -1.11032 0 0 0 0 -1.09496
163 164 0.00762763 0 -1.01202 0 0 0 0 -1.00439
164 165 0.0562607 0 -0.925625 0 0 0 0 -0.869365
165 166 0.0333725 0 0 0 0 0 0 0.0333725
166 167 0.00997053 0 -0.62187 0 0 0 0 -0.611899
167 168 0.0573959 0 -1.1823 0 0 0 0 -1.12491
168 169 5.13651e-06 0 0 0 0 0 0 5.13651e-06
169 170 0.11063 0 0 0 0 0 0 0.11063
170 171 0.0411959 0 -1.22964 0 0 0 0 -1.18844
171 172 0.272037 0 0 0 0 0 0 0.272037
172 173 0.135254 0 0 0 0 0 0 0.135254
173 174 0.156648 0 -1.28576 0 0 0 0 -1.12911
174 175 0.00772896 0 0 0 0 0 0 0.00772896
175 176 0.0705403 0 -1.19999 0 0 0 0 -1.12945
176 177 0.0115201 0 -1.06183 0 0 0 0 -1.05031
177 178 0.00409021 0 -1.29205 0 0 0 0 -1.28796
178 179 0.0404856 0 -1.11143 0 0 0 0 -1.07095
180 181 0.00841102 0 0 0 0 0 0 0.00841102
181 182 0.00152224 0 0 0 0 0 0 0.00152224
182 183 0.0235972 0 -1.36248 0 0 0 0 -1.33888
183 184 0.00070418 0 -1.26004 0 0 0 0 -1.25934
184 185 0.0031609 0 -1.33488 0 0 0 0 -1.33172
185 186 0.340761 0 -1.22279 0 0 0 0 -0.882033
186 187 0.0178353 0 -1.34052 0 0 0 0 -1.32268
187 188 0.000109409 0 -1.39718 0 0 0 0 -1.39707
188 189 0.0809102 0 0 0 0 0 0 0.0809102
189 190 0.0666078 0 0 0 0 0 0 0.0666078
190 191 0.123811 0.00270027 0 0 0 0 0 0.126511
191 192 0.0975957 0 0 0 0 0 0 0.0975957
192 193 0.0426949 0 0 0 0 0 0 0.0426949
193 194 0.0509973 0 0 0 0 0 0 0.0509973
194 195 0.106328 0 -1.06163 0 0 0 0 -0.955298
195 196 0.0302763 0 -0 0 0 0 0 0.0302763
196 197 0.11014 0 -1.18105 0 0 0 0 -1.07091
197 198 0.0502023 0 -0.992108 0 0 0 0 -0.941906
198 199 0.00485576 0 -0.863878 0 0 0 0 -0.859022
200 201 0.00112444 0 -1.16221 0 0 0 0 -1.16109
201 202 0.000114186 0 -1.32313 0 0 0 0 -1.32302
202 203 0.133278 0 0 0 0 0 0 0.133278
203 204 0.0075277 0 0 0 0 0 0 0.0075277
204 205 0.103949 0 0 0 0 0 0 0.103949
205 206 0.0368344 0 0 0 0 0 0 0.0368344
206 207 0.0192441 0 -0.815673 0 0 0 0 -0.796429
207 208 0.00349818 0 -1.28518 0 0 0 0 -1.28168
208 209 0.00382264 0 0 0 0 0 0 0.00382264
209 210 0.0448796 0 -1.26554 0 0 0 0 -1.22066
210 211 0.0190121 0 -1.44954 0 0 0 0 -1.43053
211 212 0.0307912 0 0 0 0 0 0 0.0307912
212 213 0.00133265 0 0 0 0 0 0 0.00133265
213 214 0.0873515 0 -1.42276 0 0 0 0 -1.33541
214 215 0.179977 0 0 0 0 0 0 0.179977
215 216 0.193191 0 -1.11501 0 0 0 0 -0.921819
216 217 0.067793 0 -0.902517 0 0 0 0 -0.834724
217 218 0.00308288 0 0 0 0 0 0 0.00308288
218 219 0.00734054 0 -1.23613 0 0 0 0 -1.22879
220 221 0.0706967 0 -1.38818 0 0 0 0 -1.31748
221 222 0.00201194 0 -0.230787 0 0 0 0 -0.228775
222 223 0.00982978 0 -1.20807 0 0 0 0 -1.19824
223 224 0.0200072 0 -1.09847 0 0 0 0 -1.07847
224 225 2.56414e-06 0 -1.09787 0 0 0 0 -1.09787
225 226 0.104764 0 -1.32351 0 0 0 0 -1.21875
226 227 0.000247422 0 -1.28249 0 0 0 0 -1.28225
227 228 0.00037251 0 -1.43393 0 0 0 0 -1.43356
228 229 0.00614834 0 -1.39922 0 0 0 0 -1.39307
229 230 0.0416627 0 -1.00758 0 0 0 0 -0.965917
230 231 0.0504515 0 0 0 0 0 0 0.0504515
231 232 0.0195728 0 0 0 0 0 0 0.0195728
232 233 0.0307123 0 -1.21318 0 0 0 0 -1.18246
233 234 0.019889 0 0 0 0 0 0 0.019889
234 235 0.0234512 0 0 0 0 0 0 0.0234512
235 236 0.00190927 0 -1.03017 0 0 0 0 -1.02826
236 237 0.0164723 0 0 0 0 0 0 0.0164723
237 238 0.223816 0 -1.2549 0 0 0 0 -1.03109
238 239 0.0323891 0 -2.19504e-05 0 0 0 0 0.0323672
240 241 0.00298061 0 -0 0 0 0 0 0.00298061
240 242 0 0 0 0.00755993 0 0 -0 0.00755993
241 242 0.0524682 0 -0.993646 0 0 0 0 -0.941178
242 243 0.0166529 0 0 0 0 0 0 0.0166529
243 244 0.165742 0 0 0 0 0 0 0.165742
244 245 0.024024 0 -1.02131 0 0 0 0 -0.997284
245 246 0.0223427 0 -0.853402 0 0 0 0 -0.831059
246 247 0.0047699 0 -1.28707 0 0 0 0 -1.2823
247 248 0.429109 0 -1.24164 0 0 0 0 -0.812533
248 249 0.103076 0 -1.38828 0 0 0 0 -1.2852
249 250 2.14625e-06 0 -0.973999 0 0 0 0 -0.973997
250 251 0.0920406 0 -1.23171 0 0 0 0 -1.13967
251 252 0.232409 0 -1.12318 0 0 0 0 -0.890773
252 253 0.163262 0 -1.09364 0 0 0 0 -0.930382
253 254 3.70008e-06 0 0 0 0 0 0 3.70008e-06
254 255 0.00333256 0 -1.21796 0 0 0 0 -1.21463
255 256 0.112342 0 -1.23884 0 0 0 0 -1.1265
256 257 0.00154264 0 0 0 0 0 0 0.00154264
257 258 0.00656833 0 0 0 0 0 0 0.00656833
258 259 0.0380008 0 0 0 0 0 0 0.0380008
260 261 0.0985581 0 0 0 0 0 0 0.0985581
261 262 0.0538887 0 0 0 0 0 0 0.0538887
262 263 0.297421 0 -1.14592 0 0 0 0 -0.848495
263 264 0.0186817 0 -1.13 0 0 0 0 -1.11132
264 265 0.0883064 0 -1.19023 0 0 0 0 -1.10193
265 266 0.113397 0 -1.22789 0 0 0 0 -1.11449
266 267 0.0380962 0 -0.496404 0 0 0 0 -0.458308
267 268 2.97837e-05 0 0 0 0 0 0 2.97837e-05
268 269 0.0163551 0 -1.13316 0 0 0 0 -1.11681
269 270 0.0956892 0 0 0 0 0 0 0.0956892
270 271 0.00926384 0 0 0 0 0 0 0.00926384
271 272 0.0131583 0 -1.19203 0 0 0 0 -1.17887
272 273 0.0800204 0 -1.4604 0 0 0 0 -1.38038
273 274 0.000237642 0 -1.19719 0 0 0 0 -1.19696
274 275 0.0638344 0 -1.25571 0 0 0 0 -1.19188
275 276 0.00105517 0 -0.271648 0 0 0 0 -0.270593
276 277 0.0216136 0 -1.08397 0 0 0 0 -1.06235
277 278 0.153599 0 -1.36661 0 0 0 0 -1.21301
278 279 5.16741e-06 0 -1.16139 0 0 0 0 -1.16138
280 281 0.000747396 0 0 0 0 0 0 0.000747396
281 282 0.0259656 0 -1.44669 0 0 0 0 -1.42072
282 283 0.0211185 0 0 0 0 0 0 0.0211185
283 284 0.0444446 0 0 0 0 0 0 0.0444446
283 285 0 0 0 0 0 -6.936e-08 0 -6.936e-08
284 285 0.201337 0 -0 0 0 0 0 0.201337
285 286 0.0030037 0 0 0 0 0 0 0.0030037
286 287 0.00859771 0 -0.939107 0 0 0 0 -0.93051
287 288 0.0843519 0 -1.36495 0 0 0 0 -1.28059
288 289 0.00754576 0 0 0 0 0 0 0.00754576
289 290 0.0852691 0 0 0 0 0 0 0.0852691
290 291 0.0754733 0 -1.20314 0 0 0 0 -1.12766
291 292 0.0828979 0 -0.967749 0 0 0 0 -0.884851
292 293 0.129531 0 -1.36955 0 0 0 0 -1.24002
293 294 0.0657752 0 0 0 0 0 0 0.0657752
294 295 0.0235847 0 -1.32621 0 0 0 0 -1.30262
295 296 0.00550739 0 -1.03851 0 0 0 0 -1.033
296 297 0.0172905 0 -1.41241 0 0 0 0 -1.39512
297 298 0.0292501 0 -1.32867 0 0 0 0 -1.29942
298 299 0.104726 0 0 0 0 0 0 0.104726
300 301 0.0391057 0 -0 0 0 0 0 0.0391057
301 302 0.0897456 0 -1.39308 0 0 0 0 -1.30333
302 303 0.0342817 0 -1.0612 0 0 0 0 -1.02691
303 304 0.13913 0 0 0 0 0 0 0.13913
304 305 0.00824774 0 -0 0 0 0 0 0.00824774
305 306 0.110235 0 0 0 0 0 0 0.110235
306 307 0.105258 0 -1.31587 0 0 0 0 -1.21061
307 308 0.0150339 0 -0.803612 0 0 0 0 -0.788578
308 309 0.00294454 0 -0.817719 0 0 0 0 -0.814775
309 310 0.00568504 0 -0 0 0 0 0 0.00568504
310 311 0.087818 0 -1.3452 0 0 0 0 -1.25738
311 312 0.0234576 0 -0.76713 0 0 0 0 -0.743673
312 313 0.0283749 0 -1.25104 0 0 0 0 -1.22267
313 314 0.0152801 0 -1.194 0 0 0 0 -1.17872
314 315 0.263056 0 -1.36928 0 0 0 0 -1.10622
315 316 0.0573627 0 0 0 0 0 0 0.0573627
316 317 0.0118642 0 -1.37461 0 0 0 0 -1.36274
317 318 0.00399189 0 -1.21374 0 0 0 0 -1.20974
318 319 0.104107 0 -1.21025 0 0 0 0 -1.10615
320 321 0.0820732 0 -1.21471 0 0 0 0 -1.13264
321 322 0.00531683 0 -1.33992 0 0 0 0 -1.3346
322 323 0.000693079 0 0 0 0 0 0 0.000693079
323 324 0.0600322 0 -0.983081 0 0 0 0 -0.923049
324 325 0.0516631 0 -1.35855 0 0 0 0 -1.30689
325 326 0.00259485 0 -0 0 0 0 0 0.00259485
326 327 0.0805613 0 -1.08289 0 0 0 0 -1.00233
327 328 1.7962e-05 0 0 0 0 0 0 1.7962e-05
328 329 0.0280417 0 -0 0 0 0 0 0.0280417
329 330 0.0610074 0 -1.07962 0 0 0 0 -1.01861
330 331 0.0998354 0 0 0 0 0 0 0.0998354
331 332 0.00566326 0 -1.29391 0 0 0 0 -1.28824
332 333 0.0037666 0 -1.1011 0 0 0 0 -1.09733
333 334 3.89709e-06 0 -1.18548 0 0 0 0 -1.18547
334 335 0.0760618 0 -1.25578 0 0 0 0 -1.17971
335 336 0.0290051 0 -1.13651 0 0 0 0 -1.1075
336 337 0.0684091 0 -1.24554 0 0 0 0 -1.17713
337 338 1.47463e-06 0 -1.25454 0 0 0 0 -1.25453
338 339 3.36204e-05 0 -1.00787 0 0 0 0 -1.00784
340 341 0.0111231 0 -1.09725 0 0 0 0 -1.08613
341 342 0.00573772 0 -1.30218 0 0 0 0 -1.29644
342 343 0.00137252 0 -0.880809 0 0 0 0 -0.879437
343 344 0.149505 0 -0.959228 0 0 0 0 -0.809723
344 345 0.0579466 0 -1.12449 0 0 0 0 -1.06655
345 346 0.00596221 0 0 0 0 0 0 0.00596221
346 347 0.00617657 0 -1.3777 0 0 0 0 -1.37153
347 348 0.0128578 0 -1.33489 0 0 0 0 -1.32203
348 349 0.0903091 0 -0.907262 0 0 0 0 -0.816953
349 350 0.0518194 0 -0 0 0 0 0 0.0518194
350 351 0.00157306 0 0 0 0 0 0 0.00157306
351 352 0.0136814 0 -1.22191 0 0 0 0 -1.20823
352 353 0.00969083 0 -1.38439 0 0 0 0 -1.3747
353 354 0.0296792 0 0 0 0 0 0 0.0296792
354 355 0.0167689 0 -1.12377 0 0 0 0 -1.107
355 356 0.0725145 0 0 0 0 0 0 0.0725145
356 357 0.00562533 0 0 0 0 0 0 0.00562533
357 358 0.0126644 0 -0.700872 0 0 0 0 -0.688208
358 359 0.0193455 0 -0.877314 0 0 0 0 -0.857969
360 361 0.0158108 0 0 0 0 0 0 0.0158108
361 362 0.119725 0 -1.17077 0 0 0 0 -1.05105
362 363 0.0258765 0 -1.26002 0 0 0 0 -1.23415
363 364 0.0616931 0 0 0 0 0 0 0.0616931
364 365 0.23139 0 -1.00853 0 0 0 0 -0.777138
365 366 0.000542134 0 0 0 0 0 0 0.000542134
366 367 0.037276 0 -1.34867 0 0 0 0 -1.31139
367 368 0.0171554 0 -1.23685 0 0 0 0 -1.21969
368 369 0.00612906 0 0 0 0 0 0 0.00612906
369 370 0.00238307 0 -1.10755 0 0 0 0 -1.10517
370 371 0.0905598 0 -0.605499 0 0 0 0 -0.514939
371 372 0.0192731 0 -1.18098 0 0 0 0 -1.16171
372 373 0.0325034 0 -1.18392 0 0 0 0 -1.15142
373 374 0.128601 0 -1.24598 0 0 0 0 -1.11738
374 375 0.0420429 0 -0 0 0 0 0 0.0420429
375 376 0.0881093 0 -0 0 0 0 0 0.0881093
376 377 0.0626314 0 0 0 0 0 0 0.0626314
377 378 0.00259288 0 -1.31804 0 0 0 0 -1.31545
378 379 0.0393869 0 -0 0 0 0 0 0.0393869
380 381 0.0607123 0 -0.73888 0 0 0 0 -0.678168
381 382 0.212341 0 -1.29646 0 0 0 0 -1.08412
382 383 0.070813 0 -1.20437 0 0 0 0 -1.13355
383 384 0.0363132 0 -0.89964 0 0 0 0 -0.863326
384 385 0.00068998 0 -0 0 0 0 0 0.00068998
385 386 0.00191523 0 0 0 0 0 0 0.00191523
386 387 0.0201387 0 -0.74973 0 0 0 0 -0.729591
387 388 0.00732969 0 -1.18863 0 0 0 0 -1.1813
388 389 8.62751e-05 0 0 0 0 0 0 8.62751e-05
389 390 0.0118681 0 0 0 0 0 0 0.0118681
390 391 0.0369509 0 0 0 0 0 0 0.0369509
391 392 0.0337214 0 -1.28416 0 0 0 0 -1.25044
392 393 0.000838758 0 -1.44218 0 0 0 0 -1.44135
393 394 0.00047387 0 -1.39291 0 0 0 0 -1.39244
394 395 0.0528911 0 -0.940881 0 0 0 0 -0.88799
395 396 0.000178805 0 -1.3226 0 0 0 0 -1.32242
396 397 0.0235708 0 -1.03498 0 0 0 0 -1.01141
397 398 0.0111183 0 0 0 0 0 0 0.0111183
398 399 0.0488629 0 -0.960398 0 0 0 0 -0.911536
400 401 0.0373727 0 -0.689913 0 0 0 0 -0.652541
401 402 0.00348293 0 0 0 0 0 0 0.00348293
402 403 0.572166 0 -1.11048 0 0 0 0 -0.538319
403 404 0.083655 0 -1.0631 0 0 0 0 -0.979445
404 405 0.00556595 0 -1.11998 0 0 0 0 -1.11442
405 406 0.0161274 0 0 0 0 0 0 0.0161274
406 407 0.000804005 0 0 0 0 0 0 0.000804005
407 408 0.00564322 0 0 0 0 0 0 0.00564322
408 409 0.0043388 0 0 0 0 0 0 0.0043388
409 410 0.016884 0 -1.31531 0 0 0 0 -1.29842
410 411 0.0145879 0 -1.40113 0 0 0 0 -1.38654
411 412 0.0460481 0 -1.35028 0 0 0 0 -1.30423
412 413 0.00210064 0 -1.34215 0 0 0 0 -1.34005
413 414 0.000145935 0 0 0 0 0 0 0.000145935
414 415 0.0416714 0 0 0 0 0 0 0.0416714
415 416 0.0137344 0 0 0 0 0 0 0.0137344
416 417 0.0612732 0 0 0 0 0 0 0.0612732
417 418 1.5997e-05 0 0 0 0 0 0 1.5997e-05
418 419 0.0828072 0 0 0 0 0 0 0.0828072
420 421 0.0427744 0 -1.32883 0 0 0 0 -1.28606
421 422 0.00151723 0 -1.28224 0 0 0 0 -1.28073
422 423 0.0240626 0 0 0 0 0 0 0.0240626
423 424 0.00158538 0 -1.11496 0 0 0 0 -1.11338
424 425 0.0305369 0 0 0 0 0 0 0.0305369
425 426 0.0301509 0 -1.08756 0 0 0 0 -1.05741
426 427 0.00218274 0 -1.20675 0 0 0 0 -1.20456
427 428 0.0583082 0 0 0 0 0 0 0.0583082
428 429 0.00486163 0 0 0 0 0 0 0.00486163
429 430 0.237592 0 -0.710037 0 0 0 0 -0.472446
430 431 0.00275267 0 -0.978303 0 0 0 0 -0.97555
431 432 0.0572935 0 0 0 0 0 0 0.0572935
432 433 0.152596 0 -0.970753 0 0 0 0 -0.818157
433 434 0.0347508 0 0 0 0 0 0 0.0347508
434 435 0.104464 0 0 0 0 0 0 0.104464
435 436 0.0300241 0 -1.03813 0 0 0 0 -1.00811
436 437 0.191153 0 0 0 0 0 0 0.191153
437 438 0.0110559 0 -1.12353 0 0 0 0 -1.11247
438 439 0.00208331 0 -1.44119 0 0 0 0 -1.4391
440 441 0.0392207 0 -0.696528 0 0 0 0 -0.657307
441 442 0.00870767 0 -1.26531 0 0 0 0 -1.2566
442 443 0.313508 0 -0.674608 0 0 0 0 -0.361101
443 444 0.0553907 0 -1.3695 0 0 0 0 -1.31411
444 445 0.00760012 0 0 0 0 0 0 0.00760012
445 446 0.119092 0 0 0 0 0 0 0.119092
446 447 0.000652679 0 -1.15808 0 0 0 0 -1.15743
447 448 0.000584794 0 -0.982409 0 0 0 0 -0.981824
448 449 0.0105438 0 0 0 0 0 0 0.0105438
449 450 0.00351862 0 0 0 0 0 0 0.00351862
450 451 0.0031774 0 0 0 0 0 0 0.0031774
451 452 0.0217008 0 -1.1664 0 0 0 0 -1.1447
452 453 0.176988 0 -0.978596 0 0 0 0 -0.801608
453 454 0.0133159 0 0 0 0 0 0 0.0133159
454 455 0.0474879 0 -1.13296 0 0 0 0 -1.08547
455 456 0.0234283 0 -1.14818 0 0 0 0 -1.12475
456 457 0.0613044 0 -0 0 0 0 0 0.0613044
457 458 0.0160847 0 -1.24997 0 0 0 0 -1.23389
458 459 0.0336785 0 -1.06101 0 0 0 0 -1.02733
460 461 0.0815146 0 -1.07673 0 0 0 0 -0.995219
461 462 0.0171934 0 -1.24206 0 0 0 0 -1.22487
462 463 0.0740004 0 -0.892916 0 0 0 0 -0.818916
463 464 0.000176972 0 0 0 0 0 0 0.000176972
464 465 0.064817 0 -1.17212 0 0 0 0 -1.1073
465 466 0.0215811 0 -0.000744241 0 0 0 0 0.0208369
466 467 0.0750067 0 0 0 0 0 0 0.0750067
467 468 0.0504175 0 0 0 0 0 0 0.0504175
468 469 0.0143394 0 0 0 0 0 0 0.0143394
469 470 0.000467132 0 -1.24521 0 0 0 0 -1.24475
470 471 0.00010646 0 -1.02515 0 0 0 0 -1.02504
471 472 0.000590831 0 -1.22897 0 0 0 0 -1.22838
472 473 0.000865936 0 0 0 0 0 0 0.000865936
473 474 0.00376157 0 -1.08626 0 0 0 0 -1.0825
474 475 0.0135369 0 -0.955195 0 0 0 0 -0.941658
475 476 0.0822028 0 0 0 0 0 0 0.0822028
476 477 0.00659285 0 0 0 0 0 0 0.00659285
477 478 0.0386813 0 -1.33393 0 0 0 0 -1.29525
478 479 0.0575206 0 -0.785819 0 0 0 0 -0.728298
480 481 0.00775449 0 -1.27593 0 0 0 0 -1.26817
481 482 0.0879597 0 0 0 0 0 0 0.0879597
482 483 0.299671 0 0 0 0 0 0 0.299671
483 484 0.00401861 0 -0 0 0 0 0 0.00401861
484 485 0.028833 0 0 0 0 0 0 0.028833
485 486 0.00703628 0 -0.958519 0 0 0 0 -0.951483
486 487 0.0121091 0 0 0 0 0 0 0.0121091
487 488 0.0826315 0 -1.18778 0 0 0 0 -1.10515
488 489 0.00598625 0 0 0 0 0 0 0.00598625
489 490 0.189377 0 0 0 0 0 0 0.189377
490 491 0.121769 0 -0.561972 0 0 0 0 -0.440203
491 492 0.00470466 0 -1.04197 0 0 0 0 -1.03727
492 493 0.02875 0 0 0 0 0 0 0.02875
493 494 0.0110448 0 -1.2788 0 0 0 0 -1.26776
494 495 0.00126485 0 -1.28723 0 0 0 0 -1.28597
495 496 0.0690722 0 0 0 0 0 0 0.0690722
496 497 0.0794289 0 -1.13798 0 0 0 0 -1.05855
497 498 0.100808 0 -1.22947 0 0 0 0 -1.12866
498 499 0.000766599 0 -0.728566 0 0 0 0 -0.7278
500 501 0.00924184 0 -1.06541 0 0 0 0 -1.05617
501 502 0.0115964 0 -0 0 0 0 0 0.0115964
502 503 0.000624067 0 0 0 0 0 0 0.000624067
503 504 0.0258253 0 -1.12859 0 0 0 0 -1.10276
504 505 0.00536806 0 0 0 0 0 0 0.00536806
505 506 0.000153231 0 0 0 0 0 0 0.000153231
506 507 0.0465997 0 0 0 0 0 0 0.0465997
507 508 0.135676 0 0 0 0 0 0 0.135676
508 509 0.00117221 0 0 0 0 0 0 0.00117221
509 510 0.0168938 0 0 0 0 0 0 0.0168938
510 511 0.00238408 0 -0.956621 0 0 0 0 -0.954237
511 512 0.0775127 0 0 0 0 0 0 0.0775127
512 513 0.00740902 0 -0.528266 0 0 0 0 -0.520857
513 514 0.07534 0 0 0 0 0 0 0.07534
514 515 0.0580867 0 -1.18648 0 0 0 0 -1.1284
515 516 0.000540647 0 -1.08311 0 0 0 0 -1.08257
516 517 0.0153374 0 0 0 0 0 0 0.0153374
517 518 0.0140401 0 0 0 0 0 0 0.0140401
518 519 0.03252 0 0 0 0 0 0 0.03252
520 521 0.152402 0 0 0 0 0 0 0.152402
521 522 0.000213857 0 -0 0 0 0 0 0.000213857
522 523 3.60513e-05 0 0 0 0 0 0 3.60513e-05
523 524 0.0200475 0 0 0 0 0 0 0.0200475
524 525 0.0283125 0 0 0 0 0 0 0.0283125
525 526 0.00288672 0 -1.04834 0 0 0 0 -1.04546
526 527 0.00178225 0 -1.28793 0 0 0 0 -1.28615
527 528 0.0164465 0 0 0 0 0 0 0.0164465
528 529 0.0427105 0 -1.46235 0 0 0 0 -1.41964
529 530 0.000274273 0 -0.553467 0 0 0 0 -0.553193
530 531 0.0110737 0 -1.41268 0 0 0 0 -1.4016
531 532 0.0305122 0 -1.28038 0 0 0 0 -1.24987
532 533 0.119249 0 -1.2814 0 0 0 0 -1.16215
533 534 0.00873675 0 0 0 0 0 0 0.00873675
534 535 0.0748167 0 0 0 0 0 0 0.0748167
535 536 0.00398411 0 -1.07274 0 0 0 0 -1.06875
536 537 0.000401595 0 0 0 0 0 0 0.000401595
537 538 0.0176311 0 -1.08248 0 0 0 0 -1.06484
538 539 0.0590047 0 -0.697026 0 0 0 0 -0.638021
540 541 0.0718674 0 -1.31387 0 0 0 0 -1.242
541 542 0.214295 0 0 0 0 0 0 0.214295
542 543 7.89407e-05 0 -1.2385 0 0 0 0 -1.23842
543 544 0.103916 0 -0.887257 0 0 0 0 -0.783342
544 545 0.0381005 0 -1.39784 0 0 0 0 -1.35974
545 546 0.000452608 0 0 0 0 0 0 0.000452608
546 547 1.21541e-05 0 0 0 0 0 0 1.21541e-05
547 548 0.0375293 0 0 0 0 0 0 0.0375293
548 549 0.00856524 0 -1.34088 0 0 0 0 -1.33232
549 550 0.102081 0 -1.30179 0 0 0 0 -1.19971
550 551 0.0281557 0 -1.25923 0 0 0 0 -1.23108
551 552 0.00230036 0 -1.43356 0 0 0 0 -1.43126
552 553 0.0117934 0 -1.1281 0 0 0 0 -1.11631
553 554 0.0396384 0 -1.27721 0 0 0 0 -1.23757
554 555 0.00198508 0 -0.0127684 0 0 0 0 -0.0107833
555 556 0.00765533 0 0 0 0 0 0 0.00765533
556 557 0.0247114 0 -1.35483 0 0 0 0 -1.33012
557 558 0.0133207 0 -0.578775 0 0 0 0 -0.565454
558 559 0.00672365 0 0 0 0 0 0 0.00672365
560 561 0.0375236 0 -1.12012 0 0 0 0 -1.0826
561 562 0.022017 0 -1.05614 0 0 0 0 -1.03412
562 563 0.0260471 0 -1.38882 0 0 0 0 -1.36277
563 564 0.0656793 0 -1.06283 0 0 0 0 -0.997151
564 565 0.0220686 0 0 0 0 0 0 0.0220686
565 566 0.00809869 0 -1.11329 0 0 0 0 -1.10519
566 567 0.132311 0 0 0 0 0 0 0.132311
567 568 0.0104696 0 -1.16082 0 0 0 0 -1.15035
568 569 0.0534524 0 -0 0 0 0 0 0.0534524
569 570 0.199876 0 -1.30064 0 0 0 0 -1.10076
570 571 0.143727 0 -0.926415 0 0 0 0 -0.782688
571 572 0.0023073 0 0 0 0 0 0 0.0023073
572 573 0.0279099 0 -1.06047 0 0 0 0 -1.03256
573 574 0.0376939 0 0 0 0 0 0 0.0376939
574 575 0.107106 0 -1.0443 0 0 0 0 -0.937189
575 576 5.13008e-05 0 0 0 0 0 0 5.13008e-05
576 577 0.0136419 0 -0.978204 0 0 0 0 -0.964562
577 578 0.0148569 0 -1.39125 0 0 0 0 -1.37639
578 579 0.072486 0 -1.4097 0 0 0 0 -1.33721
580 581 0.0539888 0 0 0 0 0 0 0.0539888
581 582 0.0128704 0 -0.982095 0 0 0 0 -0.969225
582 583 0.00180028 0 -1.31544 0 0 0 0 -1.31364
583 584 0.0133913 0 0 0 0 0 0 0.0133913
584 585 0.0753805 0 0 0 0 0 0 0.0753805
585 586 0.111145 0 -1.27826 0 0 0 0 -1.16712
586 587 0.0721009 0 -1.27558 0 0 0 0 -1.20348
587 588 0.000736398 0 0 0 0 0 0 0.000736398
588 589 0.486611 0 0 0 0 0 0 0.486611
589 590 0.000585597 0 -1.06711 0 0 0 0 -1.06653
590 591 0.00575317 0 -0.92817 0 0 0 0 -0.922417
591 592 0.00246577 0 0 0 0 0 0 0.00246577
592 593 0.00308452 0 0 0 0 0 0 0.00308452
593 594 0.0074719 0 -0.74314 0 0 0 0 -0.735668
594 595 0.00533496 0 -1.25325 0 0 0 0 -1.24792
595 596 0.00374891 0 -1.3389 0 0 0 0 -1.33515
596 597 0.382776 0 -1.11043 0 0 0 0 -0.727652
597 598 0.000844446 0 0 0 0 0 0 0.000844446
598 599 0.00283439 0 -1.34779 0 0 0 0 -1.34495
#Total energy per particle is  -0.595149 and should be -0.59514910
