           0   0.000000
       10000  -1.606213
       20000  -1.635799
       30000  -1.846771
       40000  -2.563204
       50000   0.000000
       60000  -2.494183
       70000  -2.664567
       80000  -3.865256
       90000  -3.839278
      100000  -2.645486
      110000  -0.384652
      120000  -2.045273
      130000  -1.855821
      140000  -0.000000
      150000  -1.594286
      160000  -1.680206
      170000  -2.459757
      180000  -5.556125
      190000  -3.226264
      200000  -1.107817
