#id1 id2 FENE BEXC STCK NEXC HB CRSTCK CXSTCK total, t = 200000
0 1 0.00743342 0 -0.872393 0 0 0 0 -0.864959
1 2 0.0319896 0 -1.16895 0 0 0 0 -1.13696
2 3 0.00568184 0 0 0 0 0 0 0.00568184
3 4 0.0265985 0 0 0 0 0 0 0.0265985
4 5 0.0139922 0 0 0 0 0 0 0.0139922
5 6 0.00221969 0 -0.720644 0 0 0 0 -0.718425
6 7 0.026887 0 -1.16936 0 0 0 0 -1.14247
7 8 0.000274457 0 -0.100126 0 0 0 0 -0.0998513
8 9 0.01283 0 0 0 0 0 0 0.01283
9 10 0.0969339 0 -1.0969 0 0 0 0 -0.999963
10 11 0.000285915 0 0 0 0 0 0 0.000285915
11 12 0.00181474 0 -1.2458 0 0 0 0 -1.24398
12 13 0.0146276 0 -1.32964 0 0 0 0 -1.31501
13 14 0.0635408 0 -1.25537 0 0 0 0 -1.19183
14 15 0.0210737 0 0 0 0 0 0 0.0210737
15 16 0.0382809 0 -1.15394 0 0 0 0 -1.11566
16 17 0.050941 0 0 0 0 0 0 0.050941
17 18 0.0223246 0 -1.20581 0 0 0 0 -1.18348
18 19 0.202893 0 -0.947683 0 0 0 0 -0.74479
20 21 0.00600593 0 -0 0 0 0 0 0.00600593
21 22 0.00766649 0 -0 0 0 0 0 0.00766649
22 23 0.0553392 0 0 0 0 0 0 0.0553392
23 24 0.0331305 0 -0.970128 0 0 0 0 -0.936997
24 25 0.000187236 0 0 0 0 0 0 0.000187236
25 26 0.0970873 0 -1.38682 0 0 0 0 -1.28973
26 27 0.160957 0 -1.31483 0 0 0 0 -1.15387
27 28 0.00390732 0 -0.737266 0 0 0 0 -0.733359
28 29 0.0768079 0 -1.26668 0 0 0 0 -1.18987
29 30 0.0795497 0 -1.22502 0 0 0 0 -1.14547
30 31 0.243285 0 -0 0 0 0 0 0.243285
31 32 0.0304097 0 0 0 0 0 0 0.0304097
32 33 0.310296 0 -1.36411 0 0 0 0 -1.05382
30 34 0 0 0 0 0 -0.0170665 0 -0.0170665
29 34 0 0 0 0 0 -0.0146238 -0 -0.0146238
28 34 0 0 0 0 0 -0.0447566 0 -0.0447566
33 34 0.0138266 0 -1.17951 0 0 0 0 -1.16568
29 35 0 0 0 0 0 -0.0853247 0 -0.0853247
28 35 0 0 0 0 -0.761637 0 -0 -0.761637
27 35 0 0 0 0 -0 -0.0438737 -0 -0.0438737
34 35 0.00215372 0 -1.12927 0 0 0 0 -1.12712
26 36 0 0 0 0 -9.22528e-31 -0.118475 -0 -0.118475
28 36 0 0 0 0 -0 -0.132052 -0 -0.132052
27 36 0 0 0 0 -0.605146 0 -0 -0.605146
35 36 0.0219146 0 -1.23987 0 0 0 0 -1.21795
26 37 0 0 0 0 -0.808827 0 -0 -0.808827
25 37 0 0 0 0 -1.3591e-31 -0.129294 0 -0.129294
27 37 0 0 0 0 -0 -0.130464 0 -0.130464
36 37 0.000407928 0 -1.33195 0 0 0 0 -1.33154
26 38 0 0 0 0 -0 -0.101501 -0 -0.101501
25 38 0 0 0 0 -0.783239 0 -0 -0.783239
37 38 0.0731814 0 -0.991646 0 0 0 0 -0.918464
25 39 0 0 0 0 0 -0.134269 -0 -0.134269
38 39 0.0567998 0 -1.1023 0 0 0 0 -1.0455
40 41 0.192143 0 -1.17846 0 0 0 0 -0.986313
41 42 0.00711373 0 -1.38569 0 0 0 0 -1.37858
42 43 0.0878544 0 -0.60683 0 0 0 0 -0.518976
43 44 0.014085 0 -1.34304 0 0 0 0 -1.32895
44 45 0.0381947 0 -1.44506 0 0 0 0 -1.40686
45 46 0.0836435 0 -1.03122 0 0 0 0 -0.947575
46 47 0.0313171 0 -1.19415 0 0 0 0 -1.16283
47 48 0.000537029 0 -1.33844 0 0 0 0 -1.3379
48 49 0.00593938 0 0 0 0 0 0 0.00593938
49 50 0.0129039 0 -1.20258 0 0 0 0 -1.18968
45 51 0 0 0 0 -0 -0.137539 -0 -0.137539
44 51 0 0 0 0 -0.633987 0 -0 -0.633987
43 51 0 0 0 0 -0 -0.138648 0 -0.138648
50 51 0.00859672 0 0 0 0 0 0 0.00859672
44 52 0 0 0 0 -0 -0.152987 0 -0.152987
43 52 0 0 0 0 -0.340498 0 -0 -0.340498
42 52 0 0 0 0 -0 -0.0969846 0 -0.0969846
51 52 0.00245569 0 -0.86461 0 0 0 0 -0.862154
43 53 0 0 0 0 -0 -0.0435722 0 -0.0435722
42 53 0 0 0 0 -0 -0.000681316 -0 -0.000681316
52 53 0.00179495 0 -1.26172 0 0 0 0 -1.25992
53 54 0.156351 0 -1.10905 0 0 0 0 -0.952704
54 55 0.0124042 0 -0 0 0 0 0 0.0124042
55 56 0.133278 0 -1.29403 0 0 0 0 -1.16075
56 57 0.0953538 0 0 0 0 0 0 0.0953538
57 58 0.00868416 0 -0.947302 0 0 0 0 -0.938617
58 59 0.352609 0 -1.24287 0 0 0 0 -0.890258
60 61 0.0915085 0 0 0 0 0 0 0.0915085
61 62 0.0192388 0 -0 0 0 0 0 0.0192388
62 63 0.0102866 0 0 0 0 0 0 0.0102866
60 64 0 0 0 0.0267067 0 0 0 0.0267067
63 64 0.0892636 0 -1.37759 0 0 0 0 -1.28833
64 65 0.0299115 0 -1.25683 0 0 0 0 -1.22692
65 66 0.0257556 0 -1.18857 0 0 0 0 -1.16281
66 67 0.000186624 0 -0.688168 0 0 0 0 -0.687981
67 68 0.00365264 0 -0.990812 0 0 0 0 -0.98716
66 69 0 0 0 0 -0 -0.0154567 0 -0.0154567
68 69 0.028113 0 -0 0 0 0 0 0.028113
67 70 0 0 0 0 0 -0.00201772 -0 -0.00201772
69 70 0.0525221 0 -1.45338 0 0 0 0 -1.40086
68 71 0 0 0 0 -0 -0.000121449 -0 -0.000121449
70 71 0.00540613 0 -1.3274 0 0 0 0 -1.322
71 72 0.353753 0 -1.22519 0 0 0 0 -0.871435
72 73 0.00216902 0 0 0 0 0 0 0.00216902
68 74 0 0 0 0 0 -4.49172e-05 -0 -4.49172e-05
73 74 0.152246 0 0 0 0 0 0 0.152246
74 75 0.0813298 0 0 0 0 0 0 0.0813298
75 76 0.13077 0 -1.26057 0 0 0 0 -1.1298
76 77 0.000826307 0 0 0 0 0 0 0.000826307
77 78 0.108369 0 -1.24956 0 0 0 0 -1.14119
78 79 0.0120721 0 -1.34167 0 0 0 0 -1.32959
80 81 0.000717026 0 -1.20707 0 0 0 0 -1.20635
81 82 0.0298019 0 0 0 0 0 0 0.0298019
82 83 0.0075997 0 -0.949478 0 0 0 0 -0.941878
83 84 0.107873 0 0 0 0 0 0 0.107873
84 85 0.00226947 0 -0 0 0 0 0 0.00226947
85 86 0.0913302 0 -0 0 0 0 0 0.0913302
86 87 0.000877408 0 -0.745844 0 0 0 0 -0.744967
87 88 0.0103799 0 0 0 0 0 0 0.0103799
88 89 0.0119827 0 -1.3659 0 0 0 0 -1.35392
89 90 0.0316441 0 -1.4059 0 0 0 0 -1.37425
90 91 0.000270031 0 -1.09621 0 0 0 0 -1.09594
91 92 0.0462491 0 -1.39853 0 0 0 0 -1.35228
92 93 0.137253 0 -0.764243 0 0 0 0 -0.62699
93 94 0.00309577 0 -1.32013 0 0 0 0 -1.31703
94 95 4.89823e-05 0 -0 0 0 0 0 4.89823e-05
95 96 0.0587538 0 0 0 0 0 0 0.0587538
96 97 0.00753266 0 0 0 0 0 0 0.00753266
97 98 0.133715 0 0 0 0 0 0 0.133715
98 99 0.182726 0 0 0 0 0 0 0.182726
100 101 0.00114707 0 0 0 0 0 0 0.00114707
101 102 0.0587032 0 -0 0 0 0 0 0.0587032
102 103 0.106724 0 0 0 0 0 0 0.106724
103 104 0.00279455 0 -0.902459 0 0 0 0 -0.899664
104 105 5.86041e-05 0 -0.846015 0 0 0 0 -0.845956
105 106 0.0041202 0 -1.24678 0 0 0 0 -1.24266
106 107 0.0571455 0 -1.25705 0 0 0 0 -1.19991
107 108 0.000192919 0 -1.31224 0 0 0 0 -1.31204
108 109 0.00275143 0 0 0 0 0 0 0.00275143
109 110 0.00809832 0 0 0 0 0 0 0.00809832
110 111 0.136164 0 0 0 0 0 0 0.136164
111 112 0.0130036 0 -1.37009 0 0 0 0 -1.35708
108 113 0 0 0 0 -0 -0.00354115 0 -0.00354115
112 113 0.239545 0 -1.29869 0 0 0 0 -1.05914
107 114 0 0 0 0 0 -0.149605 -0 -0.149605
113 114 0.116184 0 -1.10165 0 0 0 0 -0.985467
108 115 0 0 0 0 -0 -0.105161 0 -0.105161
107 115 0 0 0 0 -0.876512 0 -0 -0.876512
106 115 0 0 0 0 -2.67586e-19 -0.100411 -0 -0.100411
114 115 0.00241404 0 -1.2671 0 0 0 0 -1.26469
107 116 0 0 0 0 -0 -0.116642 0 -0.116642
106 116 0 0 0 0 -0.676805 0 -0 -0.676805
105 116 0 0 0 0 -0 -0.0889337 -0 -0.0889337
115 116 0.0208072 0 -1.20035 0 0 0 0 -1.17954
106 117 0 0 0 0 -0 -0.131583 0 -0.131583
105 117 0 0 0 0.00729669 -0.380324 0 -0 -0.373028
104 117 0 0 0 0 -0 -0.109464 0 -0.109464
116 117 0.0512252 0 -0.949253 0 0 0 0 -0.898028
105 118 0 0 0 0 -0 -0.131025 0 -0.131025
104 118 0 0 0 0 -0.546437 -3.53265e-17 -0 -0.546437
117 118 0.0137361 0 -0.980809 0 0 0 0 -0.967073
104 119 0 0 0 0 0 -0.0347737 0 -0.0347737
103 119 0 0 0 0 0 -0.0010854 0 -0.0010854
118 119 0.00197317 0 -1.41236 0 0 0 0 -1.41039
120 121 0.131974 0 -1.12041 0 0 0 0 -0.988439
121 122 0.0500734 0 0 0 0 0 0 0.0500734
122 123 0.0544844 0 -1.31842 0 0 0 0 -1.26394
123 124 0.159331 0 0 0 0 0 0 0.159331
124 125 0.353111 0 -1.19077 0 0 0 0 -0.83766
125 126 3.91972e-05 0 -1.23276 0 0 0 0 -1.23273
126 127 0.0582481 0 0 0 0 0 0 0.0582481
127 128 0.0456507 0 -1.02885 0 0 0 0 -0.983196
128 129 0.00874884 0 -0.989147 0 0 0 0 -0.980398
129 130 0.00779157 0 -1.23616 0 0 0 0 -1.22837
130 131 0.0139534 0 -1.15417 0 0 0 0 -1.14022
131 132 0.0559622 0 -1.30873 0 0 0 0 -1.25277
132 133 0.0160973 0 0 0 0 0 0 0.0160973
133 134 0.0425758 0 -1.21141 0 0 0 0 -1.16884
133 135 0 0 0 0.00285465 0 0 0 0.00285465
134 135 0.0343146 0 0 0 0 0 0 0.0343146
135 136 0.0044336 0 -1.27442 0 0 0 0 -1.26999
136 137 0.0698498 0 -1.41213 0 0 0 0 -1.34228
137 138 0.0333657 0 -1.31343 0 0 0 0 -1.28007
138 139 0.0944648 0 0 0 0 0 0 0.0944648
140 141 0.0407229 0 -1.0759 0 0 0 0 -1.03518
141 142 8.75754e-05 0 0 0 0 0 0 8.75754e-05
142 143 0.119205 0 -0 0 0 0 0 0.119205
143 144 0.000250063 0 -1.33914 0 0 0 0 -1.33889
144 145 0.0238573 0 -1.33679 0 0 0 0 -1.31293
145 146 0.0937925 0 -1.11896 0 0 0 0 -1.02517
146 147 0.00523064 0 -1.15557 0 0 0 0 -1.15034
147 148 0.0165269 0 -1.28744 0 0 0 0 -1.27091
148 149 0.000252204 0 0 0 0 0 0 0.000252204
149 150 0.106475 0 0 0 0 0 0 0.106475
150 151 0.0234415 0 -1.33264 0 0 0 0 -1.3092
151 152 0.113663 0 -0.9363 0 0 0 0 -0.822637
152 153 3.11029e-06 0 -0.931244 0 0 0 0 -0.931241
153 154 0.00427728 0 0 0 0 0 0 0.00427728
154 155 0.257297 0 -0 0 0 0 0 0.257297
155 156 0.0171583 0 -1.44162 0 0 0 0 -1.42446
156 157 0.0190145 0 0 0 0 0 0 0.0190145
157 158 0.129666 0 0 0 0 0 0 0.129666
158 159 0.0895598 0 0 0 0 0 0 0.0895598
160 161 0.00192826 0 -0.674345 0 0 0 0 -0.672417
161 162 0.0109888 0 0 0 0 0 0 0.0109888
162 163 0.0543791 0 -1.0926 0 0 0 0 -1.03822
163 164 0.0732625 0 -1.15543 0 0 0 0 -1.08217
164 165 0.0134594 0 -1.39824 0 0 0 0 -1.38478
165 166 0.00191814 0 -0.4271 0 0 0 0 -0.425182
166 167 0.144136 0 0 0 0 0 0 0.144136
167 168 0.00552594 0 -1.23394 0 0 0 0 -1.22841
168 169 0.0131453 0 -1.34912 0 0 0 0 -1.33597
169 170 0.00976411 0 -1.12379 0 0 0 0 -1.11403
170 171 0.00794138 0 -1.29397 0 0 0 0 -1.28603
171 172 0.000316818 0 -1.30152 0 0 0 0 -1.3012
172 173 0.0445161 0 0 0 0 0 0 0.0445161
173 174 0.00157809 0 -0 0 0 0 0 0.00157809
174 175 0.12322 0 -1.25709 0 0 0 0 -1.13387
175 176 0.0255863 0 -1.03008 0 0 0 0 -1.00449
176 177 0.183567 0 0 0 0 0 0 0.183567
177 178 0.000255677 0 -1.28291 0 0 0 0 -1.28266
178 179 0.0427881 0 -0.000238521 0 0 0 0 0.0425495
180 181 0.227434 0 -1.04587 0 0 0 0 -0.818436
181 182 0.0110523 0 -0.525262 0 0 0 0 -0.514209
182 183 0.300019 0 0 0 0 0 0 0.300019
183 184 0.033236 0 -0 0 0 0 0 0.033236
184 185 0.110802 0 0 0 0 0 0 0.110802
185 186 0.148352 0 -1.09336 0 0 0 0 -0.945008
186 187 0.195911 0 -0.781911 0 0 0 0 -0.586001
187 188 0.00341017 0 -1.43519 0 0 0 0 -1.43178
188 189 0.000629734 0 -1.4146 0 0 0 0 -1.41397
189 190 0.0157038 0 -1.2439 0 0 0 0 -1.22819
190 191 0.0166145 0 -1.19052 0 0 0 0 -1.17391
191 192 0.00197193 0 -1.32832 0 0 0 0 -1.32635
192 193 0.00636623 0 -0.835956 0 0 0 0 -0.82959
193 194 0.0137343 0 -1.29028 0 0 0 0 -1.27655
194 195 0.00930838 0 -0.863579 0 0 0 0 -0.854271
195 196 0.135935 0 0 0 0 0 0 0.135935
196 197 0.000441416 0 -1.24709 0 0 0 0 -1.24665
197 198 5.47196e-06 0 0 0 0 0 0 5.47196e-06
198 199 0.0187594 0 -1.28586 0 0 0 0 -1.2671
200 201 0.0142266 0 -0 0 0 0 0 0.0142266
201 202 0.0236402 0 0 0 0 0 0 0.0236402
202 203 0.0157197 0 -0.939375 0 0 0 0 -0.923655
203 204 0.020284 0 0 0 0 0 0 0.020284
204 205 0.0141841 0 0 0 0 0 0 0.0141841
205 206 0.0576169 0 -0.676971 0 0 0 0 -0.619354
206 207 0.0209809 0 0 0 0 0 0 0.0209809
207 208 0.0305957 0 0 0 0 0 0 0.0305957
208 209 0.0140713 0 -0.752429 0 0 0 0 -0.738358
209 210 0.0656588 0 -0 0 0 0 0 0.0656588
210 211 0.00672938 0 0 0 0 0 0 0.00672938
211 212 0.048651 0 0 0 0 0 0 0.048651
212 213 0.0298724 0 0 0 0 0 0 0.0298724
213 214 0.23528 0 -1.16671 0 0 0 0 -0.931433
214 215 0.0313223 0 -1.04463 0 0 0 0 -1.0133
215 216 0.141529 0 -1.27124 0 0 0 0 -1.12971
216 217 0.483084 0 0 0 0 0 0 0.483084
217 218 0.0534538 0 -1.23217 0 0 0 0 -1.17872
218 219 0.105462 0 0 0 0 0 0 0.105462
220 221 0.000362563 0 0 0 0 0 0 0.000362563
221 222 0.0363398 0 0 0 0 0 0 0.0363398
222 223 0.0261259 0 -1.10842 0 0 0 0 -1.0823
223 224 0.0353818 0 -1.0607 0 0 0 0 -1.02532
224 225 0.0107189 0 -1.31736 0 0 0 0 -1.30664
225 226 0.0129874 0 -1.21673 0 0 0 0 -1.20374
226 227 0.0207858 0 0 0 0 0 0 0.0207858
227 228 0.0413778 0 -0.780794 0 0 0 0 -0.739416
228 229 0.12479 0 0 0 0 0 0 0.12479
229 230 0.180131 0 -1.06013 0 0 0 0 -0.879999
230 231 0.123396 0 0 0 0 0 0 0.123396
231 232 0.0406587 0 0 0 0 0 0 0.0406587
232 233 0.00533239 0 -1.35774 0 0 0 0 -1.35241
233 234 0.0624501 0 -0 0 0 0 0 0.0624501
234 235 0.00406624 0 -1.37577 0 0 0 0 -1.3717
235 236 0.106018 0 0 0 0 0 0 0.106018
236 237 0.0896604 0 -0.923521 0 0 0 0 -0.833861
237 238 0.0119093 0 -1.0959 0 0 0 0 -1.08399
238 239 0.213376 0 -1.28077 0 0 0 0 -1.06739
240 241 0.247378 0 0 0 0 0 0 0.247378
241 242 0.0356156 0 -1.24315 0 0 0 0 -1.20754
242 243 0.0100619 0 -1.00282 0 0 0 0 -0.992758
243 244 0.000621561 0 -1.3321 0 0 0 0 -1.33147
244 245 0.109108 0 -1.01441 0 0 0 0 -0.905304
245 246 0.0181681 0 -1.33621 0 0 0 0 -1.31804
246 247 0.000242748 0 -0.880966 0 0 0 0 -0.880724
247 248 0.0042218 0 -1.41584 0 0 0 0 -1.41162
248 249 0.00127656 0 -1.04459 0 0 0 0 -1.04331
249 250 0.0138805 0 0 0 0 0 0 0.0138805
250 251 0.013534 0 -1.32846 0 0 0 0 -1.31492
251 252 0.000286839 0 -1.086 0 0 0 0 -1.08571
252 253 0.0401774 0 -0.954332 0 0 0 0 -0.914155
253 254 0.109524 0 -1.44405 0 0 0 0 -1.33453
254 255 0.070409 0 0 0 0 0 0 0.070409
255 256 0.049932 0 -0.443268 0 0 0 0 -0.393336
256 257 0.0229481 0 -1.33726 0 0 0 0 -1.31431
257 258 0.0615172 0 -0.826172 0 0 0 0 -0.764655
258 259 0.00749393 0 0 0 0 0 0 0.00749393
260 261 0.0118081 0 -0.962739 0 0 0 0 -0.950931
261 262 0.0173231 0 0 0 0 0 0 0.0173231
262 263 7.32402e-07 0 -1.28308 0 0 0 0 -1.28308
263 264 0.000883544 0 0 0 0 0 0 0.000883544
264 265 0.110242 0 -0 0 0 0 0 0.110242
265 266 0.0111677 0 0 0 0 0 0 0.0111677
266 267 0.00198189 0 -1.17985 0 0 0 0 -1.17787
267 268 0.00888906 0 -1.29681 0 0 0 0 -1.28792
268 269 0.0110839 0 -1.14385 0 0 0 0 -1.13277
269 270 0.0205941 0 -1.07559 0 0 0 0 -1.05499
270 271 0.0123836 0 -1.17027 0 0 0 0 -1.15789
271 272 0.00678294 0 -1.40392 0 0 0 0 -1.39714
272 273 0.205121 0 0 0 0 0 0 0.205121
273 274 0.0011658 0 0 0 0 0 0 0.0011658
274 275 0.0389695 0 -1.27214 0 0 0 0 -1.23317
275 276 0.0343382 0 -0.952527 0 0 0 0 -0.918189
276 277 0.127886 0 0 0 0 0 0 0.127886
277 278 0.100269 0 -1.44824 0 0 0 0 -1.34797
278 279 0.0127877 0 -0.760862 0 0 0 0 -0.748074
280 281 0.0910407 0 -1.02899 0 0 0 0 -0.937949
281 282 0.0257377 0 -0.81918 0 0 0 0 -0.793442
282 283 0.0657683 0 0 0 0 0 0 0.0657683
283 284 0.00438213 0 -1.27811 0 0 0 0 -1.27372
284 285 0.0252945 0 -1.06159 0 0 0 0 -1.0363
285 286 0.0597605 0 -1.25668 0 0 0 0 -1.19692
286 287 0.0743503 0 0 0 0 0 0 0.0743503
287 288 0.0246032 0 0 0 0 0 0 0.0246032
288 289 0.0394298 0 -0 0 0 0 0 0.0394298
289 290 0.112777 0 -1.08521 0 0 0 0 -0.972434
290 291 0.00308602 0 -0 0 0 0 0 0.00308602
291 292 0.233417 0 0 0 0 0 0 0.233417
292 293 9.87068e-06 0 0 0 0 0 0 9.87068e-06
293 294 0.00722312 0 -1.39486 0 0 0 0 -1.38764
294 295 0.126727 0 -1.26843 0 0 0 0 -1.1417
295 296 0.0241843 0 0 0 0 0 0 0.0241843
296 297 0.000616106 0 -1.19582 0 0 0 0 -1.1952
297 298 0.0012118 0 -0.977535 0 0 0 0 -0.976323
298 299 0.244361 0 0 0 0 0 0 0.244361
300 301 0.0600645 0 -0 0 0 0 0 0.0600645
301 302 0.0281673 0 -1.21937 0 0 0 0 -1.1912
302 303 6.64954e-05 0 -0.985813 0 0 0 0 -0.985747
303 304 0.0231637 0 0 0 0 0 0 0.0231637
304 305 0.050876 0 -1.43579 0 0 0 0 -1.38491
305 306 0.00890619 0 -1.38401 0 0 0 0 -1.3751
306 307 0.173102 0 -1.23103 0 0 0 0 -1.05793
307 308 0.00458455 0 0 0 0 0 0 0.00458455
308 309 0.00290851 0 0 0 0 0 0 0.00290851
309 310 0.1323 0 0 0 0 0 0 0.1323
310 311 0.095368 0 0 0 0 0 0 0.095368
311 312 0.00655668 0 -1.37 0 0 0 0 -1.36344
312 313 0.0628415 0 -1.45656 0 0 0 0 -1.39372
313 314 0.202661 0 -1.19386 0 0 0 0 -0.991204
314 315 0.0211633 0 -1.19486 0 0 0 0 -1.1737
315 316 0.0628259 0 -0.834372 0 0 0 0 -0.771546
316 317 0.0253401 0 -0.869223 0 0 0 0 -0.843883
317 318 0.000846942 0 -1.27877 0 0 0 0 -1.27792
318 319 0.285792 0 -1.23215 0 0 0 0 -0.946358
320 321 0.0311737 0 -1.17364 0 0 0 0 -1.14247
321 322 0.00183249 0 0 0 0 0 0 0.00183249
322 323 0.0431732 0 0 0 0 0 0 0.0431732
323 324 0.00624739 0 -0.86721 0 0 0 0 -0.860962
324 325 0.0791896 0 -1.175 0 0 0 0 -1.09581
325 326 0.00927069 0 -1.02995 0 0 0 0 -1.02068
326 327 0.0434956 0 -0.798106 0 0 0 0 -0.75461
327 328 0.0465576 0 0 0 0 0 0 0.0465576
328 329 0.000242141 0 -1.33236 0 0 0 0 -1.33212
329 330 0.00011367 0 -0.784614 0 0 0 0 -0.7845
330 331 0.385761 0 0 0 0 0 0 0.385761
331 332 0.0190425 0 0 0 0 0 0 0.0190425
332 333 0.0820016 0 -0.926729 0 0 0 0 -0.844727
333 334 0.00389773 0 0 0 0 0 0 0.00389773
334 335 0.0501608 0 0 0 0 0 0 0.0501608
335 336 0.0431956 0 -1.40387 0 0 0 0 -1.36067
336 337 0.0861092 0 -1.05009 0 0 0 0 -0.96398
337 338 0.0514532 0 -1.39137 0 0 0 0 -1.33992
338 339 0.0567657 0 -1.28351 0 0 0 0 -1.22675
340 341 0.0235491 0 -0.925805 0 0 0 0 -0.902256
341 342 1.96903e-05 0 0 0 0 0 0 1.96903e-05
342 343 0.0406734 0 -1.41398 0 0 0 0 -1.3733
343 344 0.229413 0 -1.20672 0 0 0 0 -0.977307
344 345 0.138082 0 -1.27916 0 0 0 0 -1.14108
345 346 0.0570251 0 -0.932188 0 0 0 0 -0.875163
346 347 0.0541764 0 -1.11595 0 0 0 0 -1.06177
347 348 0.00025982 0 -1.35075 0 0 0 0 -1.35049
348 349 0.0314115 0 -1.19343 0 0 0 0 -1.16202
349 350 0.00728757 0 0 0 0 0 0 0.00728757
350 351 0.000318652 0 -1.23242 0 0 0 0 -1.2321
351 352 0.0457133 0 -0.826555 0 0 0 0 -0.780842
352 353 0.000169391 0 0 0 0 0 0 0.000169391
353 354 0.0125171 0 0 0 0 0 0 0.0125171
354 355 0.0291366 0 -1.25155 0 0 0 0 -1.22242
355 356 3.32109e-05 0 0 0 0 0 0 3.32109e-05
356 357 0.0260685 0 0 0 0 0 0 0.0260685
357 358 0.000833967 0 -1.4034 0 0 0 0 -1.40256
358 359 0.012754 0 -1.1726 0 0 0 0 -1.15985
360 361 0.049778 0 -1.34071 0 0 0 0 -1.29093
361 362 0.00113435 0 -0.71559 0 0 0 0 -0.714456
360 363 0 0 0 0 0 0 -9.3946e-17 -9.3946e-17
362 363 0.0113977 0 -0 0 0 0 0 0.0113977
363 364 0.00274219 0 0 0 0 0 0 0.00274219
364 365 0.00212013 0 -1.26567 0 0 0 0 -1.26355
365 366 0.0125124 0 -1.28881 0 0 0 0 -1.27629
366 367 0.0962006 0 0 0 0 0 0 0.0962006
367 368 0.00496953 0 -1.09732 0 0 0 0 -1.09235
368 369 0.0463067 0 -1.45498 0 0 0 0 -1.40868
369 370 0.000109863 0 -1.09376 0 0 0 0 -1.09365
370 371 0.000679414 0 -1.30657 0 0 0 0 -1.30589
371 372 0.00279713 0 -1.26391 0 0 0 0 -1.26112
372 373 0.0182066 0 -1.23739 0 0 0 0 -1.21918
373 374 0.0610876 0 -1.16795 0 0 0 0 -1.10686
374 375 2.89732e-05 0 0 0 0 0 0 2.89732e-05
375 376 0.0616475 0 -1.22985 0 0 0 0 -1.1682
376 377 0.00352863 0 -1.28912 0 0 0 0 -1.28559
377 378 0.143468 0 0 0 0 0 0 0.143468
378 379 0.00197817 0 0 0 0 0 0 0.00197817
380 381 0.0261739 0 0 0 0 0 0 0.0261739
381 382 0.00307625 0 -0.784153 0 0 0 0 -0.781076
382 383 0.0252497 0 0 0 0 0 0 0.0252497
383 384 0.0317812 0 -1.29238 0 0 0 0 -1.2606
384 385 0.00983984 0 -1.31124 0 0 0 0 -1.3014
385 386 0.0441253 0 -1.21608 0 0 0 0 -1.17196
386 387 0.000391022 0 -1.07421 0 0 0 0 -1.07382
387 388 0.173904 0 0 0 0 0 0 0.173904
388 389 0.00919007 0 -1.31606 0 0 0 0 -1.30687
389 390 0.0159178 0 -0.910273 0 0 0 0 -0.894355
390 391 0.0202347 0 0 0 0 0 0 0.0202347
391 392 0.000508261 0 -0.56608 0 0 0 0 -0.565571
392 393 0.250679 0 -1.08653 0 0 0 0 -0.835853
393 394 0.0643568 0 -1.38276 0 0 0 0 -1.31841
394 395 0.0139542 0 0 0 0 0 0 0.0139542
395 396 0.00211193 0 0 0 0 0 0 0.00211193
396 397 0.0765396 0 -1.45018 0 0 0 0 -1.37365
397 398 0.06022 0 0 0 0 0 0 0.06022
398 399 0.0105454 0 0 0 0 0 0 0.0105454
400 401 0.00110586 0 0 0 0 0 0 0.00110586
401 402 0.210362 0 -1.29017 0 0 0 0 -1.07981
402 403 1.27815e-05 0 0 0 0 0 0 1.27815e-05
403 404 5.27445e-05 0 -1.03621 0 0 0 0 -1.03615
404 405 0.0343994 0 -1.22513 0 0 0 0 -1.19073
405 406 0.138996 0 -1.26787 0 0 0 0 -1.12888
406 407 0.14317 0 -1.3913 0 0 0 0 -1.24813
407 408 0.0574249 0 0 0 0 0 0 0.0574249
408 409 0.0441866 0 -1.08839 0 0 0 0 -1.0442
409 410 0.0116293 0 0 0 0 0 0 0.0116293
410 411 0.0892386 0 -0.977092 0 0 0 0 -0.887853
411 412 0.24824 0 -1.24421 0 0 0 0 -0.99597
412 413 0.0284016 0 0 0 0 0 0 0.0284016
413 414 0.0516398 0 -1.41887 0 0 0 0 -1.36723
414 415 0.0447369 0 -1.12052 0 0 0 0 -1.07578
415 416 0.0575433 0 -1.06175 0 0 0 0 -1.0042
416 417 0.0176649 0 -0.859685 0 0 0 0 -0.84202
417 418 0.00380435 0 -1.28869 0 0 0 0 -1.28489
418 419 0.019145 0 -1.19161 0 0 0 0 -1.17246
420 421 0.0205718 0 0 0 0 0 0 0.0205718
421 422 0.0111535 0 -1.37309 0 0 0 0 -1.36193
422 423 0.0223513 0 0 0 0 0 0 0.0223513
423 424 0.0623836 0 -1.38503 0 0 0 0 -1.32265
424 425 0.045861 0 -1.23697 0 0 0 0 -1.19111
425 426 0.0282599 0 -0.000534017 0 0 0 0 0.0277259
426 427 0.103526 0 -1.27028 0 0 0 0 -1.16675
427 428 0.0358091 0 0 0 0 0 0 0.0358091
428 429 0.0682927 0 -0 0 0 0 0 0.0682927
429 430 0.0006476 0 -0.939845 0 0 0 0 -0.939197
430 431 0.0248944 0 -1.3365 0 0 0 0 -1.31161
431 432 0.0677866 0 0 0 0 0 0 0.0677866
432 433 0.0208107 0 -1.2313 0 0 0 0 -1.21049
433 434 9.62026e-05 0 -1.12607 0 0 0 0 -1.12598
434 435 0.00358017 0 0 0 0 0 0 0.00358017
435 436 0.0087908 0 -1.22662 0 0 0 0 -1.21783
436 437 0.0188694 0 -1.17104 0 0 0 0 -1.15217
437 438 0.0321203 0 -0.995194 0 0 0 0 -0.963074
438 439 0.0135532 0 0 0 0 0 0 0.0135532
440 441 0.0927222 0 0 0 0 0 0 0.0927222
441 442 0.0380135 0 -1.39638 0 0 0 0 -1.35836
442 443 2.50795e-05 0 -0.9606 0 0 0 0 -0.960575
443 444 0.0173382 0 -1.13788 0 0 0 0 -1.12054
444 445 0.00256804 0 0 0 0 0 0 0.00256804
445 446 0.0458669 0 0 0 0 0 0 0.0458669
446 447 0.0139208 0 -1.38311 0 0 0 0 -1.36919
445 448 0 0 0 0 0 -0 -3.41932e-16 -3.41932e-16
447 448 0.12458 0 0 0 0 0 0 0.12458
448 449 0.131478 0 0 0 0 0 0 0.131478
449 450 0.0289461 0 -0.990228 0 0 0 0 -0.961281
450 451 0.00606692 0 -0.987439 0 0 0 0 -0.981372
451 452 0.0198539 0 0 0 0 0 0 0.0198539
452 453 0.0981796 0 -1.06838 0 0 0 0 -0.970197
453 454 0.0277936 0 -1.22475 0 0 0 0 -1.19695
454 455 0.22801 0 -0.462922 0 0 0 0 -0.234912
455 456 0.0753285 0 -1.39531 0 0 0 0 -1.31998
456 457 0.126861 0 -0.790351 0 0 0 0 -0.663489
457 458 0.00869777 0 -1.39522 0 0 0 0 -1.38652
458 459 0.0179595 0 -1.28563 0 0 0 0 -1.26767
460 461 0.0158215 0 -1.19544 0 0 0 0 -1.17962
461 462 0.00520313 0 -1.45976 0 0 0 0 -1.45456
462 463 0.0448223 0 0 0 0 0 0 0.0448223
463 464 0.0138356 0 0 0 0 0 0 0.0138356
464 465 0.0234319 0 0 0 0 0 0 0.0234319
465 466 0.06777 0 -1.32538 0 0 0 0 -1.25761
466 467 2.82854e-06 0 -1.04694 0 0 0 0 -1.04694
467 468 0.00217746 0 0 0 0 0 0 0.00217746
468 469 0.000112058 0 -1.29973 0 0 0 0 -1.29962
469 470 0.392712 0 0 0 0 0 0 0.392712
470 471 0.0153996 0 -1.3814 0 0 0 0 -1.366
471 472 0.0176134 0 0 0 0 0 0 0.0176134
472 473 0.192874 0 -1.11475 0 0 0 0 -0.921876
473 474 0.191783 0 -1.20976 0 0 0 0 -1.01797
474 475 0.129599 0 -0.000112579 0 0 0 0 0.129486
475 476 0.0173408 0 0 0 0 0 0 0.0173408
476 477 0.0348082 0 -1.45707 0 0 0 0 -1.42226
477 478 0.0285958 0 0 0 0 0 0 0.0285958
478 479 0.00749568 0 -0.912905 0 0 0 0 -0.905409
480 481 0.00835628 0 0 0 0 0 0 0.00835628
481 482 0.0367325 0 0 0 0 0 0 0.0367325
482 483 0.00939441 0 -1.32633 0 0 0 0 -1.31694
483 484 0.0113511 0 -1.41126 0 0 0 0 -1.39991
484 485 0.026775 0 -1.37223 0 0 0 0 -1.34546
485 486 0.0382693 0 -0 0 0 0 0 0.0382693
486 487 0.00133524 0 0 0 0 0 0 0.00133524
487 488 0.0328956 0 0 0 0 0 0 0.0328956
488 489 0.000270653 0 -1.19845 0 0 0 0 -1.19818
489 490 0.0578547 0 -1.30579 0 0 0 0 -1.24794
490 491 0.000271118 0 0 0 0 0 0 0.000271118
491 492 0.230897 0 -1.24615 0 0 0 0 -1.01526
492 493 0.0646427 0 -1.10476 0 0 0 0 -1.04012
493 494 0.109866 0 -1.3458 0 0 0 0 -1.23594
494 495 0.00345073 0 -0.75664 0 0 0 0 -0.753189
495 496 0.0449258 0 0 0 0 0 0 0.0449258
496 497 0.026584 0 0 0 0 0 0 0.026584
497 498 0.0138016 0 0 0 0 0 0 0.0138016
498 499 0.0147983 0 0 0 0 0 0 0.0147983
500 501 0.109385 0 -1.32186 0 0 0 0 -1.21248
501 502 0.0853737 0 -1.3733 0 0 0 0 -1.28792
502 503 0.00048938 0 0 0 0 0 0 0.00048938
503 504 0.00249771 0 -0.0332956 0 0 0 0 -0.0307979
504 505 0.0285505 0 0 0 0 0 0 0.0285505
505 506 1.11126e-05 0 -1.09587 0 0 0 0 -1.09586
506 507 0.00859886 0 -1.32287 0 0 0 0 -1.31427
507 508 0.0399852 0 -1.07962 0 0 0 0 -1.03963
508 509 0.0289815 0 -1.04587 0 0 0 0 -1.01689
509 510 0.00287334 0 0 0 0 0 0 0.00287334
510 511 0.0552594 0 -0 0 0 0 0 0.0552594
511 512 0.171667 0 0 0 0 0 0 0.171667
512 513 0.0330422 0 0 0 0 0 0 0.0330422
513 514 0.00171974 0 -0.745903 0 0 0 0 -0.744183
514 515 0.0318833 0 0 0 0 0 0 0.0318833
515 516 0.0209637 0 -1.24954 0 0 0 0 -1.22858
516 517 0.0206533 0 0 0 0 0 0 0.0206533
517 518 0.00040489 0 0 0 0 0 0 0.00040489
518 519 0.0357931 0 -0.859044 0 0 0 0 -0.823251
520 521 0.0341956 0 -1.15602 0 0 0 0 -1.12182
521 522 0.0499061 0 -1.16875 0 0 0 0 -1.11884
522 523 0.0264976 0 -0 0 0 0 0 0.0264976
523 524 0.0866278 0 0 0 0 0 0 0.0866278
524 525 0.0509484 0 -0 0 0 0 0 0.0509484
525 526 0.0962412 0 -1.33651 0 0 0 0 -1.24027
526 527 0.020431 0 -0.737597 0 0 0 0 -0.717166
527 528 0.0886738 0 -0.560503 0 0 0 0 -0.471829
528 529 0.050324 0 -1.21776 0 0 0 0 -1.16743
529 530 0.184489 0 0 0 0 0 0 0.184489
530 531 0.000117571 0 0 0 0 0 0 0.000117571
531 532 0.0415284 0 -0.896012 0 0 0 0 -0.854483
532 533 4.12402e-07 0 0 0 0 0 0 4.12402e-07
533 534 0.00503349 0 -0.553607 0 0 0 0 -0.548574
534 535 0.000954644 0 -1.28885 0 0 0 0 -1.2879
535 536 0.000880287 0 -1.37753 0 0 0 0 -1.37665
536 537 0.0261716 0 -1.03356 0 0 0 0 -1.00739
537 538 0.0522194 0 -1.09113 0 0 0 0 -1.03891
538 539 0.00018914 0 -1.40784 0 0 0 0 -1.40765
540 541 0.00769988 0 -1.41591 0 0 0 0 -1.40821
541 542 0.0287954 0 -1.29124 0 0 0 0 -1.26244
542 543 0.0457867 0 0 0 0 0 0 0.0457867
543 544 0.0347148 0 0 0 0 0 0 0.0347148
544 545 0.0259025 0 -0 0 0 0 0 0.0259025
545 546 0.044742 0 0 0 0 0 0 0.044742
546 547 0.0470329 0 0 0 0 0 0 0.0470329
547 548 0.0251547 0 0 0 0 0 0 0.0251547
548 549 0.241884 0 -0.937867 0 0 0 0 -0.695984
549 550 0.0169387 0 0 0 0 0 0 0.0169387
550 551 0.000423227 0 -0 0 0 0 0 0.000423227
551 552 0.0655168 0 0 0 0 0 0 0.0655168
552 553 0.0301549 0 0 0 0 0 0 0.0301549
553 554 0.00616723 0 -1.43465 0 0 0 0 -1.42849
554 555 0.18312 0 -0.937529 0 0 0 0 -0.754409
555 556 0.222711 0 -1.03883 0 0 0 0 -0.816115
556 557 0.00831691 0 0 0 0 0 0 0.00831691
557 558 0.233349 0 -0.762299 0 0 0 0 -0.528951
557 559 0 0 0 0.00263566 0 0 0 0.00263566
558 559 0.0271895 0 0 0 0 0 0 0.0271895
560 561 0.0365907 0 -1.19484 0 0 0 0 -1.15825
561 562 0.0390204 0 -1.32075 0 0 0 0 -1.28173
562 563 0.0161604 0 -1.40341 0 0 0 0 -1.38725
563 564 0.114479 0 -0.995158 0 0 0 0 -0.880679
564 565 0.0176793 0 -1.094 0 0 0 0 -1.07632
565 566 1.14648e-06 0 0 0 0 0 0 1.14648e-06
566 567 0.0217979 0 0 0 0 0 0 0.0217979
567 568 0.00909691 0 0 0 0 0 0 0.00909691
568 569 0.0439624 0 -0 0 0 0 0 0.0439624
569 570 0.0131353 0 0 0 0 0 0 0.0131353
570 571 0.0536313 0 0 0 0 0 0 0.0536313
571 572 0.0840608 0 -1.12867 0 0 0 0 -1.04461
572 573 0.00678386 0 -1.25988 0 0 0 0 -1.2531
573 574 0.0462534 0 0 0 0 0 0 0.0462534
574 575 1.08276e-05 0 0 0 0 0 0 1.08276e-05
575 576 0.0189607 0 0 0 0 0 0 0.0189607
576 577 0.0560179 0 -1.16335 0 0 0 0 -1.10734
573 578 0 0 0 0 0 -0.0927848 0 -0.0927848
577 578 0.101869 0 -1.141 0 0 0 0 -1.03913
573 579 0 0 0 0 -0.528117 0 -0 -0.528117
572 579 0 0 0 0 -0 -0.0218116 -0 -0.0218116
578 579 0.00160039 0 -0.839622 0 0 0 0 -0.838021
580 581 0.020335 0 0 0 0 0 0 0.020335
581 582 0.191596 0 -1.01798 0 0 0 0 -0.826381
582 583 0.0144048 0 -1.15248 0 0 0 0 -1.13808
583 584 0.239447 0 -1.22674 0 0 0 0 -0.987294
584 585 0.225559 0 0 0 0 0 0 0.225559
585 586 0.138715 0 -1.30651 0 0 0 0 -1.1678
586 587 0.140743 0 0 0 0 0 0 0.140743
587 588 0.00397123 0 0 0 0 0 0 0.00397123
588 589 0.000620718 0 -0.931213 0 0 0 0 -0.930592
589 590 0.00506115 0 -0.944014 0 0 0 0 -0.938953
590 591 0.0605821 0 -1.1079 0 0 0 0 -1.04732
591 592 0.00814922 0 0 0 0 0 0 0.00814922
592 593 0.181229 0 -1.35588 0 0 0 0 -1.17465
593 594 0.0799889 0 -1.38144 0 0 0 0 -1.30145
594 595 0.0459981 0 -1.34842 0 0 0 0 -1.30242
595 596 0.0392297 0 0 0 0 0 0 0.0392297
596 597 0.0861842 0 0 0 0 0 0 0.0861842
597 598 0.00171418 0 0 0 0 0 0 0.00171418
598 599 0.00111547 0 0 0 0 0 0 0.00111547
600 601 0.0891007 0 0 0 0 0 0 0.0891007
601 602 0.115935 0 -0.737175 0 0 0 0 -0.62124
602 603 0.0292767 0 0 0 0 0 0 0.0292767
603 604 0.00462014 0 -0 0 0 0 0 0.00462014
604 605 0.0501474 0 -0 0 0 0 0 0.0501474
605 606 0.12763 0 0 0 0 0 0 0.12763
606 607 0.0116584 0 -0.437623 0 0 0 0 -0.425964
607 608 4.49375e-05 0 0 0 0 0 0 4.49375e-05
608 609 0.00404847 0 -0.95221 0 0 0 0 -0.948162
609 610 0.0102862 0 -1.18209 0 0 0 0 -1.17181
610 611 0.000307622 0 -1.30557 0 0 0 0 -1.30526
611 612 0.0321599 0 -0.769602 0 0 0 0 -0.737443
612 613 0.0517877 0 0 0 0 0 0 0.0517877
613 614 0.00106463 0 -1.01458 0 0 0 0 -1.01351
614 615 0.00293296 0 -1.11629 0 0 0 0 -1.11336
615 616 0.00166574 0 0 0 0 0 0 0.00166574
616 617 0.0106378 0 -0 0 0 0 0 0.0106378
617 618 0.000751172 0 -0 0 0 0 0 0.000751172
618 619 0.0298107 0 0 0 0 0 0 0.0298107
620 621 0.172962 0 -0.445684 0 0 0 0 -0.272722
621 622 0.308563 0 -1.13587 0 0 0 0 -0.827308
622 623 0.00254315 0 -1.39201 0 0 0 0 -1.38947
623 624 0.0406608 0 0 0 0 0 0 0.0406608
624 625 0.0230289 0 -0 0 0 0 0 0.0230289
625 626 0.00429858 0 0 0 0 0 0 0.00429858
626 627 0.0687379 0 -0.927347 0 0 0 0 -0.858609
627 628 0.00181235 0 0 0 0 0 0 0.00181235
628 629 0.0572373 0 -1.23423 0 0 0 0 -1.17699
629 630 0.000864521 0 -1.13385 0 0 0 0 -1.13298
630 631 0.0279306 0 -1.31672 0 0 0 0 -1.28879
631 632 0.117187 0 0 0 0 0 0 0.117187
632 633 0.0390121 0 -1.4149 0 0 0 0 -1.37589
633 634 0.0598981 0 0 0 0 0 0 0.0598981
634 635 0.109183 0 -1.29545 0 0 0 0 -1.18626
635 636 0.00563683 0 -1.1522 0 0 0 0 -1.14657
636 637 0.0870834 0 -1.19589 0 0 0 0 -1.10881
637 638 0.000231936 0 0 0 0 0 0 0.000231936
638 639 0.0548136 0 -1.3186 0 0 0 0 -1.26379
640 641 0.072548 0 0 0 0 0 0 0.072548
641 642 0.0464006 0 -1.27497 0 0 0 0 -1.22857
642 643 0.0084188 0 0 0 0 0 0 0.0084188
643 644 0.046992 0 -1.37304 0 0 0 0 -1.32605
644 645 0.00237773 0 0 0 0 0 0 0.00237773
642 646 0 0 0 0 0 -0 -0.0416611 -0.0416611
645 646 0.0254027 0 0 0 0 0 0 0.0254027
646 647 0.125931 0 0 0 0 0 0 0.125931
647 648 0.0212911 0 0 0 0 0 0 0.0212911
648 649 0.0529445 0 -0 0 0 0 0 0.0529445
649 650 0.034967 0 -1.30067 0 0 0 0 -1.2657
650 651 0.0687122 0 -1.09302 0 0 0 0 -1.02431
651 652 0.0021459 0 -1.12887 0 0 0 0 -1.12672
652 653 0.00225889 0 0 0 0 0 0 0.00225889
653 654 0.0534619 0 0 0 0 0 0 0.0534619
654 655 0.00503914 0 -1.28875 0 0 0 0 -1.28371
655 656 0.148313 0 0 0 0 0 0 0.148313
656 657 0.0483858 0 0 0 0 0 0 0.0483858
657 658 0.0833697 0 -0.801546 0 0 0 0 -0.718176
658 659 0.0382873 0 0 0 0 0 0 0.0382873
660 661 0.0104001 0 -1.16195 0 0 0 0 -1.15155
661 662 0.0389131 0 -0.962361 0 0 0 0 -0.923448
662 663 0.000176594 0 0 0 0 0 0 0.000176594
663 664 0.00320445 0 -1.248 0 0 0 0 -1.24479
664 665 0.0419636 0 -1.26583 0 0 0 0 -1.22387
665 666 0.0019473 0 -0.0664928 0 0 0 0 -0.0645455
666 667 0.0209783 0 -1.31018 0 0 0 0 -1.28921
667 668 0.0257589 0 0 0 0 0 0 0.0257589
668 669 0.00209524 0 -1.02534 0 0 0 0 -1.02325
669 670 0.180753 0 -1.194 0 0 0 0 -1.01324
670 671 0.000142353 0 -0 0 0 0 0 0.000142353
671 672 0.00360733 0 0 0 0 0 0 0.00360733
672 673 0.130681 0 -1.16169 0 0 0 0 -1.031
673 674 0.000149741 0 -1.20597 0 0 0 0 -1.20582
674 675 0.0258031 0 -1.11047 0 0 0 0 -1.08467
675 676 0.176352 0 -1.19283 0 0 0 0 -1.01648
676 677 0.0582386 0 0 0 0 0 0 0.0582386
677 678 0.0299432 0 -1.00909 0 0 0 0 -0.979147
678 679 0.0112097 0 0 0 0 0 0 0.0112097
680 681 0.00395145 0 -1.18875 0 0 0 0 -1.1848
681 682 0.0439473 0 -0 0 0 0 0 0.0439473
682 683 0.167884 0 -1.14428 0 0 0 0 -0.976394
683 684 0.0805416 0 0 0 0 0 0 0.0805416
684 685 0.0216834 0 0 0 0 0 0 0.0216834
685 686 0.229649 0 0 0 0 0 0 0.229649
686 687 0.000644912 0 0 0 0 0 0 0.000644912
687 688 0.125278 0 0 0 0 0 0 0.125278
688 689 0.00281672 0 0 0 0 0 0 0.00281672
689 690 0.000494122 0 0 0 0 0 0 0.000494122
690 691 0.0950851 0 -1.08633 0 0 0 0 -0.991244
691 692 0.0307509 0 -0.862424 0 0 0 0 -0.831673
692 693 0.00156366 0 -1.16242 0 0 0 0 -1.16086
693 694 0.00200172 0 0 0 0 0 0 0.00200172
694 695 0.0503406 0 -1.34543 0 0 0 0 -1.29509
695 696 0.112845 0 0 0 0 0 0 0.112845
696 697 0.00538906 0 -1.2279 0 0 0 0 -1.22251
697 698 0.00564148 0 -1.13579 0 0 0 0 -1.13015
698 699 0.0932889 0 -1.01396 0 0 0 0 -0.920673
700 701 0.142384 0 0 0 0 0 0 0.142384
701 702 0.0221819 0 -1.33634 0 0 0 0 -1.31416
702 703 0.159239 0 -1.32335 0 0 0 0 -1.16411
703 704 0.0121834 0 0 0 0 0 0 0.0121834
704 705 0.0220252 0 -1.14453 0 0 0 0 -1.12251
705 706 0.0184304 0 0 0 0 0 0 0.0184304
706 707 9.21343e-05 0 -1.11567 0 0 0 0 -1.11557
707 708 0.0125346 0 -0.960167 0 0 0 0 -0.947632
708 709 0.00227961 0 -0.774986 0 0 0 0 -0.772706
709 710 0.0163456 0 -1.33579 0 0 0 0 -1.31944
708 711 0 0 0 0 -0 -1.43393e-08 0 -1.43393e-08
710 711 0.0382245 0 -0 0 0 0 0 0.0382245
711 712 0.00254122 0 0 0 0 0 0 0.00254122
712 713 0.0188681 0 -1.42768 0 0 0 0 -1.40882
713 714 0.0945441 0 -0.93112 0 0 0 0 -0.836576
714 715 0.0317037 0 0 0 0 0 0 0.0317037
715 716 0.339949 0 0 0 0 0 0 0.339949
716 717 0.0258238 0 -1.31536 0 0 0 0 -1.28954
717 718 0.00224262 0 -1.23896 0 0 0 0 -1.23672
718 719 0.0761583 0 -0.759926 0 0 0 0 -0.683768
720 721 0.0665032 0 -1.41453 0 0 0 0 -1.34803
721 722 0.11367 0 0 0 0 0 0 0.11367
722 723 0.225364 0 0 0 0 0 0 0.225364
723 724 0.163013 0 -1.39092 0 0 0 0 -1.22791
724 725 0.00329707 0 -1.10942 0 0 0 0 -1.10613
725 726 0.00541022 0 -0.934592 0 0 0 0 -0.929182
726 727 0.00053879 0 -0.901065 0 0 0 0 -0.900526
727 728 0.0525571 0 0 0 0 0 0 0.0525571
728 729 0.265576 0 -1.26122 0 0 0 0 -0.995646
729 730 0.0178861 0 -0 0 0 0 0 0.0178861
730 731 0.263668 0 0 0 0 0 0 0.263668
731 732 0.000635401 0 -1.27038 0 0 0 0 -1.26975
732 733 0.0402255 0 -1.33072 0 0 0 0 -1.29049
733 734 0.0635647 0 -1.15331 0 0 0 0 -1.08975
734 735 0.00272271 0 0 0 0 0 0 0.00272271
735 736 0.0506578 0 -1.17933 0 0 0 0 -1.12867
736 737 0.0192366 0 -1.43646 0 0 0 0 -1.41723
737 738 0.000257974 0 0 0 0 0 0 0.000257974
738 739 0.0339952 0 -1.05712 0 0 0 0 -1.02313
740 741 0.0929695 0 0 0 0 0 0 0.0929695
741 742 0.0834711 0 0 0 0 0 0 0.0834711
742 743 0.0831358 0 -0.904096 0 0 0 0 -0.82096
743 744 0.0092216 0 -1.16647 0 0 0 0 -1.15724
744 745 0.0362676 0 -1.28675 0 0 0 0 -1.25049
745 746 0.163052 0 0 0 0 0 0 0.163052
746 747 0.000317736 0 0 0 0 0 0 0.000317736
747 748 0.00631566 0 0 0 0 0 0 0.00631566
748 749 0.108114 0 -1.20991 0 0 0 0 -1.10179
749 750 0.0178379 0 -1.13877 0 0 0 0 -1.12093
750 751 0.0755137 0 0 0 0 0 0 0.0755137
751 752 0.0794254 0 -1.0072 0 0 0 0 -0.927775
752 753 0.0393621 0 -0.677975 0 0 0 0 -0.638612
753 754 0.00343151 0 -1.01532 0 0 0 0 -1.01189
754 755 0.0305974 0 -0.405611 0 0 0 0 -0.375013
755 756 0.000842227 0 -1.16732 0 0 0 0 -1.16647
756 757 0.0866651 0 -1.0868 0 0 0 0 -1.00014
757 758 0.0375033 0 -1.35866 0 0 0 0 -1.32115
758 759 0.000230415 0 0 0 0 0 0 0.000230415
760 761 0.00665719 0 0 0 0 0 0 0.00665719
761 762 0.0793705 0 -0.845554 0 0 0 0 -0.766183
762 763 0.00182157 0 0 0 0 0 0 0.00182157
763 764 0.00289377 0 0 0 0 0 0 0.00289377
764 765 0.130672 0 -1.39043 0 0 0 0 -1.25976
765 766 3.08221e-07 0 0 0 0 0 0 3.08221e-07
766 767 0.00203226 0 -0.0902654 0 0 0 0 -0.0882332
767 768 0.127848 0 -1.32844 0 0 0 0 -1.2006
768 769 0.178261 0 0 0 0 0 0 0.178261
769 770 0.287922 0 0 0 0 0 0 0.287922
770 771 9.06737e-05 0 -1.15217 0 0 0 0 -1.15208
771 772 0.0664069 0 -0.90694 0 0 0 0 -0.840533
772 773 0.000140037 0 0 0 0 0 0 0.000140037
773 774 0.0285912 0 0 0 0 0 0 0.0285912
774 775 0.010871 0 -1.18097 0 0 0 0 -1.1701
775 776 0.0118687 0 -1.17135 0 0 0 0 -1.15948
776 777 0.0137019 0 -1.22173 0 0 0 0 -1.20803
777 778 0.0365812 0 -1.42158 0 0 0 0 -1.38499
778 779 0.0503725 0 0 0 0 0 0 0.0503725
780 781 0.32305 0 0 0 0 0 0 0.32305
781 782 0.058875 0 -1.0573 0 0 0 0 -0.998425
782 783 0.000623853 0 0 0 0 0 0 0.000623853
783 784 0.0191258 0 -0 0 0 0 0 0.0191258
784 785 0.0512502 0 0 0 0 0 0 0.0512502
785 786 0.0217531 0 -1.00376 0 0 0 0 -0.982009
786 787 0.0701449 0 -0.304325 0 0 0 0 -0.23418
787 788 0.0122178 0 -0 0 0 0 0 0.0122178
788 789 0.280678 0 -0.647419 0 0 0 0 -0.366741
789 790 0.000220353 0 -0.195455 0 0 0 0 -0.195234
790 791 0.00953999 0 -0 0 0 0 0 0.00953999
791 792 0.000214266 0 0 0 0 0 0 0.000214266
792 793 3.90027e-05 0 -1.27486 0 0 0 0 -1.27482
793 794 0.162288 0 -1.13998 0 0 0 0 -0.977695
794 795 0.0133341 0 -1.16202 0 0 0 0 -1.14869
795 796 0.110997 0 -0.783468 0 0 0 0 -0.672471
796 797 0.00396636 0 0 0 0 0 0 0.00396636
797 798 0.0136934 0 0 0 0 0 0 0.0136934
798 799 7.05686e-06 0 -1.15888 0 0 0 0 -1.15888
800 801 0.0375771 0 -1.35659 0 0 0 0 -1.31901
801 802 0.00170393 0 -1.37478 0 0 0 0 -1.37307
802 803 0.118964 0 0 0 0 0 0 0.118964
803 804 0.00418233 0 -1.10418 0 0 0 0 -1.1
804 805 0.00971248 0 0 0 0 0 0 0.00971248
805 806 0.0353799 0 0 0 0 0 0 0.0353799
806 807 0.0123155 0 -1.15271 0 0 0 0 -1.1404
807 808 0.0201618 0 -0.952744 0 0 0 0 -0.932582
807 809 0 0 0 0 0 -0 -0.355569 -0.355569
808 809 0.0281874 0 -0 0 0 0 0 0.0281874
809 810 0.00197451 0 0 0 0 0 0 0.00197451
810 811 0.0387982 0 0 0 0 0 0 0.0387982
811 812 0.0664493 0 0 0 0 0 0 0.0664493
812 813 0.161263 0 0 0 0 0 0 0.161263
813 814 0.00308799 0 -1.19852 0 0 0 0 -1.19543
814 815 0.164181 0 -0.9105 0 0 0 0 -0.746319
815 816 0.045699 0 -1.28816 0 0 0 0 -1.24246
816 817 0.0398076 0 -1.30363 0 0 0 0 -1.26382
817 818 0.00559267 0 0 0 0 0 0 0.00559267
818 819 0.0245698 0 -1.26368 0 0 0 0 -1.23911
820 821 0.0315118 0 -1.09562 0 0 0 0 -1.06411
821 822 0.156816 0 0 0 0 0 0 0.156816
822 823 0.0394246 0 -0.888309 0 0 0 0 -0.848885
823 824 0.00292613 0 -1.37896 0 0 0 0 -1.37603
824 825 0.0370249 0 -1.33175 0 0 0 0 -1.29472
825 826 0.112753 0 0 0 0 0 0 0.112753
826 827 0.0341896 0 0 0 0 0 0 0.0341896
827 828 0.000270773 0 0 0 0 0 0 0.000270773
828 829 0.000260954 0 -1.12577 0 0 0 0 -1.12551
829 830 0.00203694 0 -0.966544 0 0 0 0 -0.964507
830 831 0.0353097 0 0 0 0 0 0 0.0353097
831 832 0.00306435 0 -1.16068 0 0 0 0 -1.15762
832 833 0.0193185 0 -1.33431 0 0 0 0 -1.31499
833 834 0.0792378 0 -1.36141 0 0 0 0 -1.28218
834 835 0.00460786 0 -1.01051 0 0 0 0 -1.0059
835 836 0.00427303 0 -1.3681 0 0 0 0 -1.36382
836 837 0.000190881 0 0 0 0 0 0 0.000190881
837 838 0.151241 0 0 0 0 0 0 0.151241
838 839 0.0119653 0 -1.28016 0 0 0 0 -1.2682
840 841 0.0127616 0 0 0 0 0 0 0.0127616
841 842 0.0294929 0 0 0 0 0 0 0.0294929
842 843 5.78448e-06 0 0 0 0 0 0 5.78448e-06
843 844 0.0938547 0 -1.29431 0 0 0 0 -1.20046
844 845 0.00704618 0 0 0 0 0 0 0.00704618
845 846 0.0189117 0 -1.23068 0 0 0 0 -1.21176
846 847 0.0039441 0 -1.2163 0 0 0 0 -1.21236
847 848 0.00831037 0 -1.16182 0 0 0 0 -1.15351
848 849 0.00851794 0 0 0 0 0 0 0.00851794
849 850 0.0160722 0 -1.28416 0 0 0 0 -1.26808
850 851 0.101301 0 -0.264667 0 0 0 0 -0.163365
851 852 0.116357 0 -1.04865 0 0 0 0 -0.932297
852 853 0.0418251 0 0 0 0 0 0 0.0418251
853 854 0.180772 0 -0 0 0 0 0 0.180772
854 855 0.0125532 0 0 0 0 0 0 0.0125532
855 856 0.0213281 0 -1.17458 0 0 0 0 -1.15325
856 857 0.000395743 0 -1.2497 0 0 0 0 -1.24931
857 858 0.0193442 0 -1.06117 0 0 0 0 -1.04183
858 859 0.00352948 0 -0.581441 0 0 0 0 -0.577912
860 861 0.0808461 0 0 0 0 0 0 0.0808461
861 862 0.270896 0 -1.37744 0 0 0 0 -1.10654
862 863 0.10304 0 0 0 0 0 0 0.10304
863 864 0.0092847 0 0 0 0 0 0 0.0092847
864 865 0.00252235 0 0 0 0 0 0 0.00252235
865 866 0.0456393 0 0 0 0 0 0 0.0456393
866 867 5.41914e-05 0 -1.15752 0 0 0 0 -1.15746
867 868 0.0217476 0 -1.02767 0 0 0 0 -1.00592
868 869 0.00788455 0 -1.00094 0 0 0 0 -0.99306
869 870 0.0685304 0 -1.23293 0 0 0 0 -1.1644
870 871 0.0340063 0 -0.783551 0 0 0 0 -0.749545
871 872 0.00456099 0 -1.20023 0 0 0 0 -1.19566
872 873 0.0143248 0 0 0 0 0 0 0.0143248
873 874 0.154519 0 -1.34046 0 0 0 0 -1.18594
874 875 0.00882238 0 0 0 0 0 0 0.00882238
875 876 0.205915 0 -1.2889 0 0 0 0 -1.08299
876 877 0.0135943 0 -1.33685 0 0 0 0 -1.32326
877 878 0.120109 0 -1.38863 0 0 0 0 -1.26852
878 879 0.010979 0 0 0 0 0 0 0.010979
880 881 0.190746 0 0 0 0 0 0 0.190746
881 882 0.0150297 0 -1.2579 0 0 0 0 -1.24287
882 883 0.0523234 0 0 0 0 0 0 0.0523234
883 884 0.0539334 0 0 0 0 0 0 0.0539334
884 885 0.000918003 0 -1.35372 0 0 0 0 -1.3528
885 886 0.0659679 0 -1.19684 0 0 0 0 -1.13087
886 887 0.161902 0 -1.26357 0 0 0 0 -1.10167
887 888 0.00119541 0 -1.13781 0 0 0 0 -1.13662
888 889 0.0297931 0 -1.19739 0 0 0 0 -1.1676
889 890 0.0782086 0 0 0 0 0 0 0.0782086
890 891 0.137045 0 0 0 0 0 0 0.137045
891 892 0.0877815 0 0 0 0 0 0 0.0877815
892 893 0.0223486 0 -1.33226 0 0 0 0 -1.30992
893 894 0.000252383 0 0 0 0 0 0 0.000252383
894 895 0.000185227 0 -1.19844 0 0 0 0 -1.19826
895 896 0.00108706 0 0 0 0 0 0 0.00108706
896 897 0.000626285 0 -1.21393 0 0 0 0 -1.21331
897 898 0.165862 0 -1.42149 0 0 0 0 -1.25563
898 899 0.0499576 0 0 0 0 0 0 0.0499576
900 901 0.0117737 0 0 0 0 0 0 0.0117737
901 902 0.0255911 0 -1.21458 0 0 0 0 -1.18899
902 903 0.00784049 0 -0.919857 0 0 0 0 -0.912016
903 904 0.000704822 0 0 0 0 0 0 0.000704822
904 905 0.0709759 0 -0.999362 0 0 0 0 -0.928386
905 906 0.0283048 0 -1.3406 0 0 0 0 -1.3123
906 907 0.061067 0 0 0 0 0 0 0.061067
907 908 0.0829047 0 0 0 0 0 0 0.0829047
908 909 0.00969765 0 -1.3122 0 0 0 0 -1.3025
909 910 0.0141656 0 0 0 0 0 0 0.0141656
910 911 0.00507378 0 -1.20811 0 0 0 0 -1.20303
911 912 0.0495198 0 -1.11731 0 0 0 0 -1.06779
912 913 0.0218839 0 -1.17401 0 0 0 0 -1.15213
913 914 0.0283946 0 -0.811754 0 0 0 0 -0.78336
914 915 0.0173084 0 -1.33727 0 0 0 0 -1.31996
915 916 0.0196628 0 -1.01073 0 0 0 0 -0.991068
916 917 0.000515533 0 0 0 0 0 0 0.000515533
917 918 0.00327344 0 -0 0 0 0 0 0.00327344
918 919 0.0204112 0 -1.11128 0 0 0 0 -1.09087
920 921 0.0354402 0 -1.24454 0 0 0 0 -1.2091
921 922 0.0761606 0 -1.23904 0 0 0 0 -1.16288
922 923 0.0157947 0 -1.20605 0 0 0 0 -1.19025
923 924 2.72982e-06 0 -1.34031 0 0 0 0 -1.3403
924 925 0.0695916 0 -0.505226 0 0 0 0 -0.435634
925 926 0.119727 0 0 0 0 0 0 0.119727
926 927 0.144664 0 -1.06007 0 0 0 0 -0.915409
927 928 0.180118 0 -1.06368 0 0 0 0 -0.88356
928 929 0.025686 0 -0.954813 0 0 0 0 -0.929127
929 930 0.00202925 0 -1.18471 0 0 0 0 -1.18268
930 931 0.0938327 0 -1.34753 0 0 0 0 -1.2537
931 932 0.0619064 0 -1.30159 0 0 0 0 -1.23968
932 933 0.00016206 0 0 0 0 0 0 0.00016206
933 934 0.00594404 0 -1.39841 0 0 0 0 -1.39247
934 935 0.0768939 0 -0.358933 0 0 0 0 -0.282039
935 936 0.0214438 0 0 0 0 0 0 0.0214438
936 937 0.0358943 0 -1.26679 0 0 0 0 -1.2309
937 938 0.014613 0 -1.06702 0 0 0 0 -1.0524
938 939 0.0225969 0 0 0 0 0 0 0.0225969
940 941 0.014936 0 0 0 0 0 0 0.014936
941 942 0.0673805 0 0 0 0 0 0 0.0673805
942 943 0.000622889 0 0 0 0 0 0 0.000622889
943 944 0.0151382 0 -1.12697 0 0 0 0 -1.11183
944 945 0.17574 0 0 0 0 0 0 0.17574
945 946 0.0190388 0 -1.32393 0 0 0 0 -1.30489
946 947 0.18028 0 -1.23599 0 0 0 0 -1.05571
947 948 0.0462802 0 -0.907916 0 0 0 0 -0.861636
948 949 0.00259434 0 0 0 0 0 0 0.00259434
949 950 0.229744 0 -1.33899 0 0 0 0 -1.10925
950 951 0.0122042 0 0 0 0 0 0 0.0122042
951 952 0.00195851 0 -1.06534 0 0 0 0 -1.06338
952 953 0.0383181 0 -0.804632 0 0 0 0 -0.766314
953 954 0.0387638 0 -0 0 0 0 0 0.0387638
954 955 0.00149763 0 0 0 0 0 0 0.00149763
955 956 0.00970407 0 -0.996872 0 0 0 0 -0.987168
956 957 0.113607 0 -1.15833 0 0 0 0 -1.04473
957 958 0.0082241 0 -1.06287 0 0 0 0 -1.05464
958 959 0.00208528 0 -0.301328 0 0 0 0 -0.299243
960 961 6.47519e-05 0 0 0 0 0 0 6.47519e-05
961 962 0.000288303 0 -1.14527 0 0 0 0 -1.14498
962 963 0.0509387 0 -1.36046 0 0 0 0 -1.30952
963 964 0.00306629 0 -1.2421 0 0 0 0 -1.23903
964 965 0.115691 0 -0.8803 0 0 0 0 -0.764609
965 966 0.0211364 0 0 0 0 0 0 0.0211364
966 967 0.0180929 0 -1.36538 0 0 0 0 -1.34729
967 968 0.0551568 0 -1.32515 0 0 0 0 -1.26999
968 969 0.121996 0 -1.08169 0 0 0 0 -0.959696
969 970 0.0117526 0 -0.8184 0 0 0 0 -0.806648
970 971 0.00152794 0 -1.10756 0 0 0 0 -1.10603
971 972 0.109364 0 -1.43259 0 0 0 0 -1.32323
972 973 0.189572 0 0 0 0 0 0 0.189572
971 974 0 0 0 0.00724089 0 0 0 0.00724089
973 974 0.00795097 0 0 0 0 0 0 0.00795097
974 975 0.0446978 0 0 0 0 0 0 0.0446978
975 976 0.0108925 0 -1.26051 0 0 0 0 -1.24962
976 977 0.101827 0 -1.31665 0 0 0 0 -1.21483
977 978 8.97223e-05 0 -1.00198 0 0 0 0 -1.00189
978 979 0.0215172 0 -1.16383 0 0 0 0 -1.14231
980 981 0.0940854 0 0 0 0 0 0 0.0940854
981 982 0.00322991 0 -1.1569 0 0 0 0 -1.15367
982 983 7.81432e-05 0 -0 0 0 0 0 7.81432e-05
983 984 0.0137339 0 -1.32301 0 0 0 0 -1.30927
984 985 0.0136919 0 0 0 0 0 0 0.0136919
985 986 0.00412553 0 0 0 0 0 0 0.00412553
986 987 0.000540652 0 -1.27494 0 0 0 0 -1.2744
987 988 0.0531741 0 0 0 0 0 0 0.0531741
988 989 0.173283 0 0 0 0 0 0 0.173283
989 990 0.0496832 0 0 0 0 0 0 0.0496832
988 991 0 0 0 0.00226197 0 0 0 0.00226197
990 991 0.00311591 0 -0 0 0 0 0 0.00311591
991 992 0.262296 0 0 0 0 0 0 0.262296
992 993 0.00196213 0 -1.11578 0 0 0 0 -1.11382
993 994 0.000612591 0 0 0 0 0 0 0.000612591
994 995 0.0752099 0 0 0 0 0 0 0.0752099
995 996 0.0676003 0 -1.27675 0 0 0 0 -1.20915
996 997 0.0134185 0 -0.880913 0 0 0 0 -0.867494
997 998 0.181609 0 -1.40678 0 0 0 0 -1.22517
998 999 0.136242 0 0 0 0 0 0 0.136242
1000 1001 0.0978755 0 -1.18741 0 0 0 0 -1.08953
1001 1002 0.0250917 0 -1.28602 0 0 0 0 -1.26093
1002 1003 0.0479747 0 -1.18811 0 0 0 0 -1.14014
1003 1004 0.0047662 0 0 0 0 0 0 0.0047662
1004 1005 0.0961412 0 0 0 0 0 0 0.0961412
1005 1006 0.000341543 0 -1.05413 0 0 0 0 -1.05379
1006 1007 0.0229889 0 -0.936227 0 0 0 0 -0.913238
1007 1008 0.0203792 0 0 0 0 0 0 0.0203792
1008 1009 0.0046762 0 -0 0 0 0 0 0.0046762
1009 1010 0.0238529 0 0 0 0 0 0 0.0238529
1010 1011 0.0424481 0 0 0 0 0 0 0.0424481
1011 1012 0.0403644 0 -1.36412 0 0 0 0 -1.32375
1012 1013 0.0376597 0 -1.27375 0 0 0 0 -1.23609
1013 1014 0.0302007 0 -1.16669 0 0 0 0 -1.13649
1014 1015 0.0635336 0 0 0 0 0 0 0.0635336
1015 1016 0.0153193 0 -1.22349 0 0 0 0 -1.20817
1016 1017 0.0602038 0 -0.978192 0 0 0 0 -0.917988
1017 1018 0.0138812 0 -1.03741 0 0 0 0 -1.02353
1018 1019 0.104632 0 0 0 0 0 0 0.104632
1020 1021 0.0275174 0 -0.949698 0 0 0 0 -0.92218
1021 1022 0.0136537 0 -1.19325 0 0 0 0 -1.1796
1022 1023 0.00512345 0 -1.22397 0 0 0 0 -1.21884
1023 1024 0.0134569 0 -1.43147 0 0 0 0 -1.41801
1024 1025 0.0151941 0 0 0 0 0 0 0.0151941
1025 1026 0.00630729 0 0 0 0 0 0 0.00630729
1026 1027 0.0670478 0 0 0 0 0 0 0.0670478
1027 1028 0.0778301 0 -0.918161 0 0 0 0 -0.840331
1028 1029 0.00317561 0 0 0 0 0 0 0.00317561
1029 1030 0.0295706 0 -1.1187 0 0 0 0 -1.08913
1030 1031 0.00693019 0 -1.24591 0 0 0 0 -1.23898
1031 1032 0.0211572 0 -0.963348 0 0 0 0 -0.94219
1032 1033 0.136906 0 -1.4518 0 0 0 0 -1.31489
1033 1034 0.00532267 0 -1.4255 0 0 0 0 -1.42018
1034 1035 0.0524774 0 -0.86334 0 0 0 0 -0.810862
1035 1036 0.0203841 0 -0.666711 0 0 0 0 -0.646327
1036 1037 7.27575e-08 0 -1.18399 0 0 0 0 -1.18399
1037 1038 0.0138231 0 -1.26148 0 0 0 0 -1.24766
1038 1039 0.0271928 0 -1.1544 0 0 0 0 -1.12721
1040 1041 0.0110718 0 -1.29373 0 0 0 0 -1.28266
1041 1042 0.0174847 0 -0 0 0 0 0 0.0174847
1042 1043 0.015766 0 0 0 0 0 0 0.015766
1043 1044 0.0658512 0 0 0 0 0 0 0.0658512
1044 1045 0.0219887 0 0 0 0 0 0 0.0219887
1045 1046 0.0330361 0 -1.31829 0 0 0 0 -1.28526
1046 1047 0.0229508 0 0 0 0 0 0 0.0229508
1047 1048 0.0051007 0 -0.0018764 0 0 0 0 0.00322429
1048 1049 0.0609454 0 -0 0 0 0 0 0.0609454
1049 1050 0.0211223 0 -1.03381 0 0 0 0 -1.01269
1050 1051 0.0528577 0 -1.38009 0 0 0 0 -1.32723
1051 1052 0.0577579 0 0 0 0 0 0 0.0577579
1052 1053 0.0605489 0 0 0 0 0 0 0.0605489
1053 1054 0.0149851 0 -1.00463 0 0 0 0 -0.989648
1054 1055 0.0162408 0 -0.971616 0 0 0 0 -0.955375
1055 1056 0.00729802 0 -1.16894 0 0 0 0 -1.16164
1056 1057 0.290926 0 0 0 0 0 0 0.290926
1057 1058 0.101292 0 0 0 0 0 0 0.101292
1058 1059 0.116087 0 0 0 0 0 0 0.116087
1060 1061 0.0661269 0 0 0 0 0 0 0.0661269
1061 1062 0.0127696 0 -1.04292 0 0 0 0 -1.03015
1062 1063 0.0296394 0 -1.0363 0 0 0 0 -1.00666
1063 1064 0.0117864 0 -1.13386 0 0 0 0 -1.12208
1064 1065 0.00608765 0 -1.39871 0 0 0 0 -1.39262
1065 1066 0.0053061 0 0 0 0 0 0 0.0053061
1066 1067 0.159235 0 -1.42069 0 0 0 0 -1.26146
1067 1068 0.00892526 0 -1.21661 0 0 0 0 -1.20768
1068 1069 0.113486 0 -1.61343e-07 0 0 0 0 0.113485
1069 1070 0.117012 0 -1.19076 0 0 0 0 -1.07375
1070 1071 0.12115 0 0 0 0 0 0 0.12115
1071 1072 0.0176173 0 -0 0 0 0 0 0.0176173
1071 1073 0 0 0 0 -0 0 -3.53948e-15 -3.53948e-15
1072 1073 0.0461098 0 -1.38617 0 0 0 0 -1.34006
1073 1074 0.00182289 0 -1.01184 0 0 0 0 -1.01002
1074 1075 0.000599671 0 -1.2579 0 0 0 0 -1.2573
1075 1076 0.0486572 0 0 0 0 0 0 0.0486572
1076 1077 0.00318242 0 0 0 0 0 0 0.00318242
1077 1078 0.00982006 0 -0.9475 0 0 0 0 -0.93768
1078 1079 0.0555504 0 -1.37117 0 0 0 0 -1.31562
1080 1081 0.157719 0 -1.14024 0 0 0 0 -0.982519
1081 1082 0.0787583 0 -1.35757 0 0 0 0 -1.27882
1082 1083 0.00365735 0 0 0 0 0 0 0.00365735
1083 1084 0.00075986 0 0 0 0 0 0 0.00075986
1084 1085 0.103685 0 -1.00579 0 0 0 0 -0.902108
1085 1086 0.0120901 0 -0.946975 0 0 0 0 -0.934885
1086 1087 0.000918975 0 -1.2687 0 0 0 0 -1.26778
1087 1088 0.017692 0 -0.0508773 0 0 0 0 -0.0331853
1088 1089 0.0680114 0 0 0 0 0 0 0.0680114
1089 1090 0.000482198 0 -0.91819 0 0 0 0 -0.917708
1090 1091 0.105294 0 -0.692532 0 0 0 0 -0.587237
1091 1092 0.000292342 0 -1.342 0 0 0 0 -1.34171
1092 1093 0.131875 0 -0.966913 0 0 0 0 -0.835039
1093 1094 0.0353499 0 -1.21276 0 0 0 0 -1.17741
1094 1095 0.00200329 0 -1.00795 0 0 0 0 -1.00595
1095 1096 0.00275704 0 -0.950149 0 0 0 0 -0.947392
1096 1097 0.0918131 0 -0.913081 0 0 0 0 -0.821268
1097 1098 0.160359 0 0 0 0 0 0 0.160359
1098 1099 0.00640277 0 -0.72488 0 0 0 0 -0.718477
1100 1101 0.00450402 0 -1.13875 0 0 0 0 -1.13424
1101 1102 0.000120786 0 -1.43217 0 0 0 0 -1.43204
1102 1103 0.135481 0 0 0 0 0 0 0.135481
1103 1104 0.00102137 0 -0.968821 0 0 0 0 -0.9678
1104 1105 1.56766e-05 0 -1.07461 0 0 0 0 -1.0746
1105 1106 0.0185326 0 -1.31961 0 0 0 0 -1.30108
1106 1107 0.00168236 0 0 0 0 0 0 0.00168236
1107 1108 0.026581 0 0 0 0 0 0 0.026581
1108 1109 0.00216649 0 0 0 0 0 0 0.00216649
1109 1110 0.169155 0 -1.36655 0 0 0 0 -1.19739
1110 1111 0.396885 0 0 0 0 0 0 0.396885
1111 1112 0.00518295 0 -0.888297 0 0 0 0 -0.883114
1112 1113 0.00393321 0 0 0 0 0 0 0.00393321
1113 1114 0.00553775 0 -0.965393 0 0 0 0 -0.959855
1114 1115 0.101632 0 0 0 0 0 0 0.101632
1115 1116 0.0299429 0 -1.30434 0 0 0 0 -1.2744
1116 1117 0.0583505 0 -1.32183 0 0 0 0 -1.26348
1117 1118 0.000775871 0 0 0 0 0 0 0.000775871
1118 1119 0.0966409 0 -0 0 0 0 0 0.0966409
1120 1121 0.0284761 0 0 0 0 0 0 0.0284761
1121 1122 0.154833 0 -1.24791 0 0 0 0 -1.09308
1120 1123 0 0 0 0 0 -0.000240189 0 -0.000240189
1122 1123 0.0156703 0 -1.13533 0 0 0 0 -1.11966
1120 1124 0 0 0 0 0 -0.0102449 0 -0.0102449
1123 1124 9.73755e-05 0 -1.33192 0 0 0 0 -1.33182
1124 1125 0.0106991 0 -1.3942 0 0 0 0 -1.3835
1125 1126 0.00559767 0 -0.0756289 0 0 0 0 -0.0700312
1126 1127 0.0263099 0 0 0 0 0 0 0.0263099
1127 1128 0.0285977 0 -0.936018 0 0 0 0 -0.90742
1128 1129 0.00400328 0 -1.34281 0 0 0 0 -1.33881
1129 1130 0.00885167 0 -1.34032 0 0 0 0 -1.33147
1130 1131 0.0468831 0 0 0 0 0 0 0.0468831
1131 1132 0.000610499 0 -1.28721 0 0 0 0 -1.2866
1132 1133 0.0210941 0 -1.12334 0 0 0 0 -1.10224
1133 1134 0.00738468 0 0 0 0 0 0 0.00738468
1134 1135 0.00393591 0 -1.31136 0 0 0 0 -1.30742
1135 1136 0.000914921 0 -1.25327 0 0 0 0 -1.25236
1136 1137 0.0138443 0 -0.970046 0 0 0 0 -0.956202
1137 1138 0.0454676 0 0 0 0 0 0 0.0454676
1138 1139 0.00026676 0 -1.27729 0 0 0 0 -1.27702
1140 1141 0.272244 0 0 0 0 0 0 0.272244
1141 1142 0.0380417 0 -1.28087 0 0 0 0 -1.24283
1142 1143 0.0343094 0 0 0 0 0 0 0.0343094
1143 1144 0.0173661 0 -1.40022 0 0 0 0 -1.38286
1144 1145 0.0649303 0 -0.808426 0 0 0 0 -0.743496
1145 1146 0.0591951 0 -1.02309 0 0 0 0 -0.963898
1146 1147 0.0869746 0 -0.970168 0 0 0 0 -0.883194
1147 1148 0.0676098 0 0 0 0 0 0 0.0676098
1148 1149 0.0166635 0 -1.13403 0 0 0 0 -1.11737
1149 1150 0.307291 0 -1.03437 0 0 0 0 -0.727075
1150 1151 0.0181361 0 -1.28269 0 0 0 0 -1.26455
1149 1152 0 0 0 0 -0 -1.96755e-06 0 -1.96755e-06
1148 1152 0 0 0 0 0 -0.000321827 0 -0.000321827
1151 1152 0.0610392 0 0 0 0 0 0 0.0610392
1152 1153 0.00725841 0 0 0 0 0 0 0.00725841
1153 1154 0.0332398 0 0 0 0 0 0 0.0332398
1154 1155 0.00339855 0 0 0 0 0 0 0.00339855
1155 1156 0.00435602 0 0 0 0 0 0 0.00435602
1156 1157 0.0360993 0 -0.951298 0 0 0 0 -0.915198
1157 1158 0.0359902 0 0 0 0 0 0 0.0359902
1158 1159 0.051217 0 -1.30656 0 0 0 0 -1.25534
1160 1161 0.00251265 0 -1.0469 0 0 0 0 -1.04439
1161 1162 0.0737241 0 -1.24526 0 0 0 0 -1.17154
1162 1163 0.150044 0 -1.19443 0 0 0 0 -1.04439
1163 1164 0.0514648 0 -1.32539 0 0 0 0 -1.27393
1164 1165 0.0325207 0 -0.5808 0 0 0 0 -0.54828
1165 1166 0.00332103 0 0 0 0 0 0 0.00332103
1166 1167 1.05669e-05 0 0 0 0 0 0 1.05669e-05
1167 1168 0.0300523 0 0 0 0 0 0 0.0300523
1168 1169 4.98842e-05 0 -1.19024 0 0 0 0 -1.19019
1169 1170 0.0637574 0 0 0 0 0 0 0.0637574
1170 1171 0.00330903 0 0 0 0 0 0 0.00330903
1171 1172 0.00991218 0 -0.0734244 0 0 0 0 -0.0635123
1172 1173 0.000657921 0 0 0 0 0 0 0.000657921
1173 1174 0.0486971 0 -1.35995 0 0 0 0 -1.31125
1174 1175 0.038231 0 -1.41763 0 0 0 0 -1.3794
1175 1176 0.0148419 0 0 0 0 0 0 0.0148419
1176 1177 0.00695462 0 0 0 0 0 0 0.00695462
1177 1178 0.000409061 0 0 0 0 0 0 0.000409061
1178 1179 0.046792 0 -1.4304 0 0 0 0 -1.38361
1180 1181 0.000209204 0 0 0 0 0 0 0.000209204
1181 1182 0.155751 0 -1.37342 0 0 0 0 -1.21767
1182 1183 0.254518 0 -1.22031 0 0 0 0 -0.965791
1183 1184 0.00374554 0 -1.33398 0 0 0 0 -1.33024
1184 1185 0.0123898 0 -0.970635 0 0 0 0 -0.958245
1185 1186 0.0029325 0 0 0 0 0 0 0.0029325
1186 1187 0.00722943 0 0 0 0 0 0 0.00722943
1187 1188 0.0237015 0 -0 0 0 0 0 0.0237015
1188 1189 0.0211667 0 -1.15057 0 0 0 0 -1.12941
1189 1190 0.00283921 0 -1.39481 0 0 0 0 -1.39197
1190 1191 0.014774 0 -1.27528 0 0 0 0 -1.26051
1191 1192 0.011995 0 0 0 0 0 0 0.011995
1192 1193 0.103172 0 0 0 0 0 0 0.103172
1193 1194 0.0671621 0 -1.281 0 0 0 0 -1.21383
1194 1195 0.0158897 0 -0.788526 0 0 0 0 -0.772637
1195 1196 0.0168751 0 -0.883884 0 0 0 0 -0.867009
1196 1197 0.163498 0 -0.000576009 0 0 0 0 0.162922
1197 1198 9.09281e-05 0 -1.29841 0 0 0 0 -1.29832
1198 1199 0.00196541 0 -0.404405 0 0 0 0 -0.402439
#Total energy per particle is  -0.604149 and should be -0.60414910
