           0   0.000000
       10000  -0.002952
       20000  -1.535917
       30000  -0.900766
       40000  -0.108658
       50000  -0.908717
       60000  -1.937516
       70000  -1.094410
       80000  -0.463712
       90000  -0.620019
      100000  -0.517406
      110000  -0.002106
      120000  -0.156671
      130000  -2.519236
      140000  -0.005663
      150000   0.000000
      160000  -0.378633
      170000  -1.391034
      180000  -0.935383
      190000   0.000000
      200000  -0.027131
