#id1 id2 FENE BEXC STCK NEXC HB CRSTCK CXSTCK total, t = 200000
0 1 0.000492504 0 -1.36138 0 0 0 0 -1.36089
1 2 0.0300995 0 0 0 0 0 0 0.0300995
2 3 0.0973853 0 -0 0 0 0 0 0.0973853
3 4 0.0248089 0 0 0 0 0 0 0.0248089
4 5 0.0114594 0 0 0 0 0 0 0.0114594
5 6 0.252382 0 -1.3624 0 0 0 0 -1.11002
6 7 2.16187e-05 0 -1.25065 0 0 0 0 -1.25063
7 8 0.0124035 0 -1.12126 0 0 0 0 -1.10885
8 9 0.0225621 0 0 0 0 0 0 0.0225621
9 10 0.000218345 0 -1.25481 0 0 0 0 -1.25459
10 11 0.313248 0 -1.24248 0 0 0 0 -0.929228
11 12 0.000278481 0 0 0 0 0 0 0.000278481
12 13 0.139202 0 -0 0 0 0 0 0.139202
13 14 0.046548 0 -1.21329 0 0 0 0 -1.16674
14 15 0.0528062 0 -1.38314 0 0 0 0 -1.33033
15 16 0.00278519 0 0 0 0 0 0 0.00278519
16 17 0.0492083 0 -1.40372 0 0 0 0 -1.35451
17 18 0.0135818 0 -1.14217 0 0 0 0 -1.12859
18 19 0.0541152 0 -1.39965 0 0 0 0 -1.34553
20 21 0.151826 0 0 0 0 0 0 0.151826
21 22 0.0292038 0 -1.30469 0 0 0 0 -1.27549
22 23 0.00385816 0 0 0 0 0 0 0.00385816
23 24 0.0178072 0 -1.09596 0 0 0 0 -1.07815
24 25 0.00698751 0 -1.03116 0 0 0 0 -1.02417
25 26 0.0121587 0 -1.22496 0 0 0 0 -1.2128
26 27 0.00490612 0 -1.03008 0 0 0 0 -1.02518
27 28 0.0646789 0 -0 0 0 0 0 0.0646789
28 29 0.00732793 0 -0 0 0 0 0 0.00732793
29 30 0.0167572 0 0 0 0 0 0 0.0167572
30 31 0.0138063 0 -0.661155 0 0 0 0 -0.647349
31 32 0.0146147 0 0 0 0 0 0 0.0146147
32 33 0.018991 0 0 0 0 0 0 0.018991
33 34 0.539948 0 0 0 0 0 0 0.539948
34 35 0.0209018 0 -1.18099 0 0 0 0 -1.16008
35 36 0.00660604 0 -1.31453 0 0 0 0 -1.30793
36 37 0.0319217 0 -1.13985 0 0 0 0 -1.10793
37 38 0.0133576 0 0 0 0 0 0 0.0133576
38 39 0.000487883 0 0 0 0 0 0 0.000487883
40 41 0.0336948 0 0 0 0 0 0 0.0336948
41 42 0.0871951 0 -1.29039 0 0 0 0 -1.20319
42 43 0.0369158 0 -1.32255 0 0 0 0 -1.28564
43 44 0.0141086 0 -0.827377 0 0 0 0 -0.813268
44 45 0.00828153 0 0 0 0 0 0 0.00828153
45 46 0.0285363 0 -1.15264 0 0 0 0 -1.12411
46 47 0.047095 0 -1.11324 0 0 0 0 -1.06615
47 48 0.00164958 0 0 0 0 0 0 0.00164958
48 49 0.141736 0 -1.2577 0 0 0 0 -1.11597
49 50 0.0789127 0 -1.14328 0 0 0 0 -1.06437
50 51 0.00528497 0 0 0 0 0 0 0.00528497
51 52 0.000941171 0 -1.15636 0 0 0 0 -1.15542
52 53 0.191743 0 -1.31177 0 0 0 0 -1.12003
53 54 0.0325167 0 -1.32094 0 0 0 0 -1.28843
54 55 0.0381278 0 -1.18335 0 0 0 0 -1.14523
55 56 0.00184666 0 0 0 0 0 0 0.00184666
56 57 0.00186748 0 0 0 0 0 0 0.00186748
57 58 0.02031 0 0 0 0 0 0 0.02031
58 59 0.0427966 0 0 0 0 0 0 0.0427966
60 61 0.0168331 0 -1.34072 0 0 0 0 -1.32388
61 62 0.00209627 0 0 0 0 0 0 0.00209627
62 63 0.153417 0 0 0 0 0 0 0.153417
63 64 0.0477446 0 -0.36091 0 0 0 0 -0.313166
64 65 0.290622 0 -1.2555 0 0 0 0 -0.964882
65 66 0.157341 0 -1.22863 0 0 0 0 -1.07129
66 67 0.0204595 0 -1.22106 0 0 0 0 -1.2006
67 68 0.0507294 0 -0.930777 0 0 0 0 -0.880048
68 69 0.0665143 0 0 0 0 0 0 0.0665143
69 70 1.04106e-05 0 -1.13788 0 0 0 0 -1.13787
70 71 0.0190643 0 -0.365571 0 0 0 0 -0.346507
71 72 0.00396859 0 -1.17497 0 0 0 0 -1.171
72 73 0.113244 0 0 0 0 0 0 0.113244
73 74 0.0468183 0 -1.05702 0 0 0 0 -1.0102
74 75 0.0117369 0 -1.23104 0 0 0 0 -1.2193
75 76 0.00261664 0 0 0 0 0 0 0.00261664
76 77 0.0507508 0 0 0 0 0 0 0.0507508
77 78 0.208492 0 -0 0 0 0 0 0.208492
78 79 0.118381 0 -1.12889 0 0 0 0 -1.01051
80 81 0.153655 0 -1.45047 0 0 0 0 -1.29681
81 82 0.0103211 0 0 0 0 0 0 0.0103211
82 83 0.0040457 0 -1.42442 0 0 0 0 -1.42038
83 84 0.170692 0 -1.12843 0 0 0 0 -0.957736
84 85 0.0016046 0 -1.26933 0 0 0 0 -1.26772
85 86 0.000503425 0 -1.18883 0 0 0 0 -1.18832
86 87 0.209014 0 -1.13198 0 0 0 0 -0.922967
87 88 0.0149754 0 -1.08246 0 0 0 0 -1.06748
88 89 0.0401243 0 0 0 0 0 0 0.0401243
89 90 0.0547403 0 -0 0 0 0 0 0.0547403
90 91 0.044969 0 -1.3178 0 0 0 0 -1.27283
91 92 0.0128867 0 -1.18322 0 0 0 0 -1.17033
92 93 0.213019 0 0 0 0 0 0 0.213019
93 94 0.116747 0 0 0 0 0 0 0.116747
94 95 0.0418186 0 -0.85908 0 0 0 0 -0.817262
95 96 0.00567125 0 -1.06169 0 0 0 0 -1.05602
96 97 0.0521317 0 0 0 0 0 0 0.0521317
97 98 0.16366 0 -1.35231 0 0 0 0 -1.18865
98 99 0.00518035 0 -1.0979 0 0 0 0 -1.09272
100 101 0.00981307 0 0 0 0 0 0 0.00981307
101 102 0.0228266 0 -0.997283 0 0 0 0 -0.974456
102 103 0.0230457 0 -1.09957 0 0 0 0 -1.07652
103 104 0.0287132 0 0 0 0 0 0 0.0287132
104 105 0.0754502 0 0 0 0 0 0 0.0754502
105 106 0.0748936 0 0 0 0 0 0 0.0748936
106 107 0.0197094 0 -0.936715 0 0 0 0 -0.917005
107 108 0.0015734 0 -1.13063 0 0 0 0 -1.12906
108 109 0.0212123 0 -1.15636 0 0 0 0 -1.13515
109 110 0.00190327 0 -0.950784 0 0 0 0 -0.94888
110 111 0.00732976 0 -1.33019 0 0 0 0 -1.32286
111 112 0.0504959 0 0 0 0 0 0 0.0504959
112 113 0.0618816 0 0 0 0 0 0 0.0618816
113 114 0.00193212 0 -1.09024 0 0 0 0 -1.0883
114 115 0.00113149 0 -0.962171 0 0 0 0 -0.961039
115 116 0.0345392 0 -0.997438 0 0 0 0 -0.962899
116 117 0.205027 0 -1.40695 0 0 0 0 -1.20192
117 118 0.026331 0 0 0 0 0 0 0.026331
118 119 0.0031207 0 -1.24149 0 0 0 0 -1.23837
120 121 0.012087 0 -0.884051 0 0 0 0 -0.871964
121 122 0.351699 0 -1.22851 0 0 0 0 -0.876811
122 123 0.136781 0 0 0 0 0 0 0.136781
123 124 0.0121233 0 -0.30394 0 0 0 0 -0.291816
124 125 0.00495396 0 0 0 0 0 0 0.00495396
125 126 0.014704 0 0 0 0 0 0 0.014704
126 127 0.00354961 0 0 0 0 0 0 0.00354961
127 128 0.0958763 0 -0 0 0 0 0 0.0958763
128 129 0.00506339 0 0 0 0 0 0 0.00506339
129 130 0.0640325 0 0 0 0 0 0 0.0640325
130 131 0.037183 0 -1.24017 0 0 0 0 -1.20299
131 132 0.0843667 0 0 0 0 0 0 0.0843667
132 133 0.0280914 0 -0.8811 0 0 0 0 -0.853009
133 134 0.00730791 0 -0.938235 0 0 0 0 -0.930927
134 135 0.000161568 0 -1.18664 0 0 0 0 -1.18648
135 136 0.000240867 0 -1.30859 0 0 0 0 -1.30835
136 137 0.0467827 0 -1.0811 0 0 0 0 -1.03432
137 138 0.00150949 0 0 0 0 0 0 0.00150949
138 139 0.00066299 0 -0 0 0 0 0 0.00066299
140 141 9.74923e-05 0 -1.29478 0 0 0 0 -1.29468
141 142 0.00354935 0 -0.910585 0 0 0 0 -0.907036
142 143 0.000937692 0 -1.11184 0 0 0 0 -1.11091
143 144 5.05103e-05 0 -0.566714 0 0 0 0 -0.566664
144 145 0.0755122 0 0 0 0 0 0 0.0755122
145 146 0.086696 0 0 0 0 0 0 0.086696
146 147 0.0423119 0 -0.864218 0 0 0 0 -0.821906
147 148 0.0549629 0 0 0 0 0 0 0.0549629
148 149 0.119927 0 0 0 0 0 0 0.119927
149 150 0.00243885 0 -1.44045 0 0 0 0 -1.43801
150 151 0.00965551 0 -1.04277 0 0 0 0 -1.03311
151 152 0.191441 0 -1.2301 0 0 0 0 -1.03866
152 153 0.0356904 0 -1.30899e-05 0 0 0 0 0.0356773
153 154 0.195491 0 -1.31341 0 0 0 0 -1.11792
154 155 0.228642 0 -0.50865 0 0 0 0 -0.280008
155 156 0.0429927 0 -1.19346 0 0 0 0 -1.15047
156 157 0.0140159 0 -1.22614 0 0 0 0 -1.21212
157 158 0.0418823 0 0 0 0 0 0 0.0418823
158 159 0.00448187 0 -1.30759 0 0 0 0 -1.3031
160 161 0.0585731 0 0 0 0 0 0 0.0585731
161 162 0.154148 0 0 0 0 0 0 0.154148
162 163 3.05168e-05 0 0 0 0 0 0 3.05168e-05
163 164 0.0109482 0 -1.34883 0 0 0 0 -1.33788
164 165 0.103859 0 -1.4028 0 0 0 0 -1.29894
165 166 0.0322741 0 -0.983431 0 0 0 0 -0.951157
166 167 0.0226258 0 -1.29232 0 0 0 0 -1.2697
167 168 0.00414804 0 -0.658994 0 0 0 0 -0.654846
168 169 0.039392 0 -0 0 0 0 0 0.039392
169 170 0.145312 0 0 0 0 0 0 0.145312
170 171 0.19311 0 -1.2322 0 0 0 0 -1.03909
171 172 0.0425564 0 -0.812553 0 0 0 0 -0.769997
172 173 0.153671 0 -0 0 0 0 0 0.153671
173 174 0.221418 0 0 0 0 0 0 0.221418
174 175 0.0241825 0 -1.19573 0 0 0 0 -1.17155
175 176 0.00408532 0 -0.735677 0 0 0 0 -0.731591
176 177 0.209918 0 0 0 0 0 0 0.209918
177 178 0.0473488 0 0 0 0 0 0 0.0473488
178 179 0.0121979 0 0 0 0 0 0 0.0121979
180 181 0.00562173 0 0 0 0 0 0 0.00562173
181 182 0.0293492 0 -0.565454 0 0 0 0 -0.536104
182 183 0.0650074 0 -0.929204 0 0 0 0 -0.864197
183 184 0.0137377 0 0 0 0 0 0 0.0137377
184 185 0.00333909 0 -0 0 0 0 0 0.00333909
185 186 0.0204629 0 -1.45737 0 0 0 0 -1.4369
186 187 0.105177 0 0 0 0 0 0 0.105177
187 188 0.01636 0 -1.23195 0 0 0 0 -1.21559
188 189 0.105448 0 -0.961976 0 0 0 0 -0.856528
187 190 0 0 0 0 -0 -0.0117332 -0 -0.0117332
189 190 0.000962715 0 0 0 0 0 0 0.000962715
188 191 0 0 0 0 -0 -0.00157901 0 -0.00157901
190 191 0.00170244 0 -1.30951 0 0 0 0 -1.30781
191 192 0.112948 0 0 0 0 0 0 0.112948
192 193 0.00354313 0 -0.651934 0 0 0 0 -0.64839
193 194 0.0437514 0 0 0 0 0 0 0.0437514
194 195 0.022665 0 0 0 0 0 0 0.022665
195 196 0.0744756 0 -1.31085 0 0 0 0 -1.23638
196 197 0.114436 0 0 0 0 0 0 0.114436
197 198 0.0740054 0 0 0 0 0 0 0.0740054
198 199 0.0142539 0 0 0 0 0 0 0.0142539
200 201 0.0191699 0 -0.0855064 0 0 0 0 -0.0663365
201 202 0.0835328 0 -1.33123 0 0 0 0 -1.2477
202 203 0.0305404 0 -0 0 0 0 0 0.0305404
203 204 0.0377899 0 -0.966521 0 0 0 0 -0.928731
204 205 0.123903 0 -1.31405 0 0 0 0 -1.19015
205 206 0.394803 0 -1.09176 0 0 0 0 -0.69696
206 207 0.0266421 0 -1.37584 0 0 0 0 -1.3492
207 208 0.0269204 0 -1.19037 0 0 0 0 -1.16345
208 209 0.00214633 0 0 0 0 0 0 0.00214633
209 210 0.00116185 0 0 0 0 0 0 0.00116185
210 211 0.0272882 0 0 0 0 0 0 0.0272882
211 212 0.00688209 0 -1.33539 0 0 0 0 -1.32851
212 213 0.314252 0 0 0 0 0 0 0.314252
213 214 0.0138187 0 0 0 0 0 0 0.0138187
214 215 0.0220035 0 0 0 0 0 0 0.0220035
215 216 0.011874 0 0 0 0 0 0 0.011874
216 217 0.0627605 0 -1.3557 0 0 0 0 -1.29294
217 218 0.2068 0 -1.27669 0 0 0 0 -1.06989
218 219 0.0203502 0 -1.08631 0 0 0 0 -1.06596
220 221 0.00342152 0 0 0 0 0 0 0.00342152
221 222 0.220673 0 -0 0 0 0 0 0.220673
222 223 0.0398582 0 0 0 0 0 0 0.0398582
223 224 0.0343483 0 0 0 0 0 0 0.0343483
224 225 0.0286666 0 -0.974702 0 0 0 0 -0.946035
225 226 0.00583797 0 -1.34218 0 0 0 0 -1.33634
226 227 0.0708246 0 -1.20783 0 0 0 0 -1.137
227 228 0.0123799 0 -1.14516 0 0 0 0 -1.13278
228 229 0.0101668 0 0 0 0 0 0 0.0101668
229 230 0.269457 0 -1.33871 0 0 0 0 -1.06926
230 231 0.122785 0 -1.10045 0 0 0 0 -0.977666
231 232 0.070996 0 -0 0 0 0 0 0.070996
232 233 0.00307691 0 -1.19806 0 0 0 0 -1.19499
233 234 0.0176606 0 0 0 0 0 0 0.0176606
234 235 0.104694 0 -0.559272 0 0 0 0 -0.454578
235 236 0.00840997 0 0 0 0 0 0 0.00840997
236 237 0.0985756 0 0 0 0 0 0 0.0985756
237 238 0.126588 0 -0 0 0 0 0 0.126588
238 239 0.0527852 0 0 0 0 0 0 0.0527852
240 241 0.00576389 0 -0 0 0 0 0 0.00576389
241 242 0.0951994 0 -1.31981 0 0 0 0 -1.22461
242 243 0.0134312 0 -1.29732 0 0 0 0 -1.28389
243 244 0.00708742 0 -0.543664 0 0 0 0 -0.536576
244 245 0.0737865 0 0 0 0 0 0 0.0737865
245 246 0.000658465 0 0 0 0 0 0 0.000658465
246 247 0.0343932 0 -1.26094 0 0 0 0 -1.22654
247 248 0.0183421 0 -1.21268 0 0 0 0 -1.19433
248 249 4.83506e-06 0 -1.24653 0 0 0 0 -1.24652
249 250 0.0171993 0 -1.27826 0 0 0 0 -1.26106
250 251 0.0336365 0 -1.07477 0 0 0 0 -1.04114
251 252 0.00451758 0 -1.15722 0 0 0 0 -1.15271
252 253 0.00201854 0 -1.16482 0 0 0 0 -1.1628
253 254 0.0429204 0 -0 0 0 0 0 0.0429204
254 255 0.000933756 0 0 0 0 0 0 0.000933756
255 256 0.00011525 0 -1.16463 0 0 0 0 -1.16451
256 257 0.0675865 0 -1.25859 0 0 0 0 -1.19101
257 258 0.0578719 0 -1.24216 0 0 0 0 -1.18428
258 259 0.0121639 0 -0 0 0 0 0 0.0121639
260 261 0.00355973 0 0 0 0 0 0 0.00355973
261 262 0.00297072 0 0 0 0 0 0 0.00297072
262 263 0.0823692 0 -1.10308 0 0 0 0 -1.02071
263 264 0.0573728 0 0 0 0 0 0 0.0573728
264 265 0.0383634 0 -1.46169 0 0 0 0 -1.42332
265 266 0.123898 0 0 0 0 0 0 0.123898
266 267 0.0847841 0 -0 0 0 0 0 0.0847841
267 268 0.0489225 0 -0.955549 0 0 0 0 -0.906627
268 269 0.0538832 0 -1.07727 0 0 0 0 -1.02339
269 270 0.0110373 0 -1.36599 0 0 0 0 -1.35496
270 271 0.00989703 0 -1.11011 0 0 0 0 -1.10021
271 272 0.122646 0 -1.16498 0 0 0 0 -1.04234
272 273 0.00207678 0 -1.14196 0 0 0 0 -1.13989
273 274 0.121818 0 -0 0 0 0 0 0.121818
274 275 0.082588 0 0 0 0 0 0 0.082588
275 276 0.00343994 0 -0 0 0 0 0 0.00343994
276 277 0.0518152 0 0 0 0 0 0 0.0518152
277 278 0.261202 0 -1.16555 0 0 0 0 -0.904349
278 279 0.145036 0 0 0 0 0 0 0.145036
280 281 1.7949e-05 0 -1.16052 0 0 0 0 -1.1605
281 282 0.0733889 0 -1.00786 0 0 0 0 -0.93447
282 283 0.169535 0 -1.19783 0 0 0 0 -1.02829
283 284 0.0798816 0 -1.31212 0 0 0 0 -1.23224
284 285 0.0664523 0 0 0 0 0 0 0.0664523
285 286 7.42064e-06 0 -1.18293 0 0 0 0 -1.18293
286 287 0.228241 0 -1.05497 0 0 0 0 -0.826729
287 288 0.0159061 0 -0.733328 0 0 0 0 -0.717422
288 289 0.0121015 0 0 0 0 0 0 0.0121015
289 290 0.00340897 0 -0.740001 0 0 0 0 -0.736592
290 291 0.0355701 0 0 0 0 0 0 0.0355701
291 292 0.0253698 0 -1.32422 0 0 0 0 -1.29885
292 293 0.0256825 0 0 0 0 0 0 0.0256825
293 294 0.0317508 0 0 0 0 0 0 0.0317508
294 295 0.0559439 0 0 0 0 0 0 0.0559439
295 296 0.0300518 0 -1.21055 0 0 0 0 -1.1805
296 297 0.0199163 0 -1.47218 0 0 0 0 -1.45226
297 298 0.0136997 0 0 0 0 0 0 0.0136997
298 299 0.0270509 0 -0.994515 0 0 0 0 -0.967464
300 301 0.13486 0 0 0 0 0 0 0.13486
301 302 0.0275877 0 0 0 0 0 0 0.0275877
302 303 0.0670718 0 -1.28421 0 0 0 0 -1.21714
303 304 0.0183838 0 -1.3195 0 0 0 0 -1.30112
304 305 0.00232289 0 0 0 0 0 0 0.00232289
305 306 0.013817 0 -1.19625 0 0 0 0 -1.18243
306 307 0.11339 0 -1.19175 0 0 0 0 -1.07836
307 308 0.00918501 0 -0.665711 0 0 0 0 -0.656526
308 309 0.000840321 0 -1.03393 0 0 0 0 -1.03309
309 310 0.0521652 0 0 0 0 0 0 0.0521652
310 311 0.0752244 0 -1.33492 0 0 0 0 -1.2597
311 312 0.00253534 0 0 0 0 0 0 0.00253534
312 313 0.125657 0 0 0 0 0 0 0.125657
313 314 0.0167993 0 0 0 0 0 0 0.0167993
314 315 0.00612052 0 0 0 0 0 0 0.00612052
315 316 0.00171545 0 0 0 0 0 0 0.00171545
316 317 0.0530426 0 -1.24202 0 0 0 0 -1.18898
317 318 0.00450756 0 -1.06127 0 0 0 0 -1.05676
318 319 0.026982 0 -0.965428 0 0 0 0 -0.938446
320 321 0.108825 0 0 0 0 0 0 0.108825
321 322 0.00090121 0 -1.12681 0 0 0 0 -1.12591
322 323 0.0957473 0 -1.37093 0 0 0 0 -1.27518
323 324 1.6378e-05 0.00227703 0 0 0 0 0 0.00229341
324 325 0.0209878 0 0 0 0 0 0 0.0209878
325 326 0.11481 0 -0.674691 0 0 0 0 -0.559881
326 327 0.00338124 0 -1.38368 0 0 0 0 -1.3803
327 328 0.0875612 0 -1.25715 0 0 0 0 -1.16959
328 329 0.00326884 0 -1.08104 0 0 0 0 -1.07777
329 330 0.000163925 0 -1.15696 0 0 0 0 -1.1568
330 331 0.0738898 0 -1.15823 0 0 0 0 -1.08434
331 332 7.34447e-07 0 -1.17754 0 0 0 0 -1.17754
332 333 0.0332435 0 -1.33788 0 0 0 0 -1.30464
333 334 0.0701636 0 0 0 0 0 0 0.0701636
334 335 0.0238914 0 0 0 0 0 0 0.0238914
335 336 0.0308964 0 0 0 0 0 0 0.0308964
336 337 0.0855966 0 0 0 0 0 0 0.0855966
337 338 0.0418244 0 -0.809168 0 0 0 0 -0.767343
338 339 0.189764 0 0 0 0 0 0 0.189764
340 341 0.0527401 0 -1.01227 0 0 0 0 -0.959532
341 342 0.215913 0 -1.01298 0 0 0 0 -0.797066
342 343 0.227642 0 0 0 0 0 0 0.227642
343 344 0.309032 0 -0.949359 0 0 0 0 -0.640326
344 345 0.00860415 0 -1.36003 0 0 0 0 -1.35143
345 346 0.0836616 0 0 0 0 0 0 0.0836616
346 347 0.00246596 0 -1.32611 0 0 0 0 -1.32364
347 348 0.0404892 0 -1.26477 0 0 0 0 -1.22428
348 349 0.00214724 0 -0.563178 0 0 0 0 -0.561031
349 350 0.011631 0 0 0 0 0 0 0.011631
350 351 0.00415604 0 -1.28087 0 0 0 0 -1.27671
351 352 0.0194878 0.0884174 -0.969904 0 0 0 0 -0.861999
352 353 0.000726401 0 -0.981347 0 0 0 0 -0.98062
353 354 1.36939e-06 0 -1.16169 0 0 0 0 -1.16169
354 355 0.144692 0 -1.04805 0 0 0 0 -0.903359
355 356 0.0514049 0 -1.00737 0 0 0 0 -0.955961
356 357 0.0504221 0 0 0 0 0 0 0.0504221
357 358 0.0049403 0 -1.26451 0 0 0 0 -1.25957
358 359 0.0181449 0 0 0 0 0 0 0.0181449
360 361 0.00588339 0 -0 0 0 0 0 0.00588339
361 362 0.413301 0 -1.03026 0 0 0 0 -0.616959
362 363 0.00154718 0 -1.23988 0 0 0 0 -1.23833
363 364 0.0113073 0 -1.00147 0 0 0 0 -0.990165
364 365 0.178313 0 -1.39165 0 0 0 0 -1.21333
365 366 0.029661 0 -1.32089 0 0 0 0 -1.29123
366 367 0.0194203 0 0 0 0 0 0 0.0194203
367 368 0.00237335 0 -1.23809 0 0 0 0 -1.23572
368 369 0.0204966 0 -1.19154 0 0 0 0 -1.17104
369 370 0.158769 0 -0.649622 0 0 0 0 -0.490853
370 371 0.006127 0 0 0 0 0 0 0.006127
371 372 0.0776452 0 0 0 0 0 0 0.0776452
372 373 0.0532449 0 -1.33144 0 0 0 0 -1.27819
373 374 0.275639 0 -1.39404 0 0 0 0 -1.1184
374 375 0.00932425 0 0 0 0 0 0 0.00932425
375 376 0.0629759 0 -1.4192 0 0 0 0 -1.35622
376 377 0.0699716 0 -1.34848 0 0 0 0 -1.2785
377 378 8.37921e-05 0 -1.34344 0 0 0 0 -1.34335
378 379 0.091914 0 -1.32094 0 0 0 0 -1.22902
380 381 0.00142107 0 0 0 0 0 0 0.00142107
381 382 0.0221164 0 0 0 0 0 0 0.0221164
382 383 0.0114032 0 0 0 0 0 0 0.0114032
383 384 0.00714479 0 -1.02501 0 0 0 0 -1.01787
384 385 0.0323991 0 0 0 0 0 0 0.0323991
385 386 0.00131678 0 0 0 0 0 0 0.00131678
386 387 0.00207181 0 -1.19395 0 0 0 0 -1.19188
387 388 0.0228955 0 -1.26984 0 0 0 0 -1.24694
388 389 0.00104077 0 -1.17018 0 0 0 0 -1.16914
389 390 0.00633951 0 0 0 0 0 0 0.00633951
390 391 0.00267164 0 -1.15372 0 0 0 0 -1.15104
391 392 0.0111789 0 -1.36487 0 0 0 0 -1.35369
392 393 0.00504841 0 -1.07311 0 0 0 0 -1.06807
393 394 0.0224299 0 -6.58592e-05 0 0 0 0 0.0223641
394 395 0.0525785 0 0 0 0 0 0 0.0525785
395 396 0.173593 0 -0.918817 0 0 0 0 -0.745223
396 397 0.258062 0 0 0 0 0 0 0.258062
397 398 0.00143243 0 -1.10566 0 0 0 0 -1.10423
398 399 0.0148495 0 -0.792014 0 0 0 0 -0.777164
400 401 0.0187929 0 0 0 0 0 0 0.0187929
401 402 0.160507 0 0 0 0 0 0 0.160507
402 403 0.0262126 0 -1.3526 0 0 0 0 -1.32639
403 404 0.038115 0 -0.944904 0 0 0 0 -0.906789
404 405 0.00449734 0 -1.42962 0 0 0 0 -1.42512
405 406 0.00968535 0 -0.997443 0 0 0 0 -0.987758
406 407 0.204666 0 0 0 0 0 0 0.204666
407 408 0.196907 0 -1.1086 0 0 0 0 -0.91169
408 409 0.0239825 0 -1.33268 0 0 0 0 -1.3087
409 410 0.0118502 0 -1.33885 0 0 0 0 -1.327
410 411 0.00693587 0 -1.28795 0 0 0 0 -1.28102
411 412 0.0154191 0 -1.16066 0 0 0 0 -1.14524
412 413 0.0271097 0 0 0 0 0 0 0.0271097
413 414 0.0166716 0 0 0 0 0 0 0.0166716
414 415 0.0171802 0 0 0 0 0 0 0.0171802
414 416 0 0 0 0.0276397 0 0 0 0.0276397
415 416 0.00612369 0 -0 0 0 0 0 0.00612369
416 417 0.0102098 0 -1.18281 0 0 0 0 -1.1726
417 418 0.0688383 0 0 0 0 0 0 0.0688383
418 419 0.00195211 0 -0 0 0 0 0 0.00195211
420 421 0.00971353 0 -1.28708 0 0 0 0 -1.27737
421 422 0.0166174 0 0 0 0 0 0 0.0166174
422 423 1.96918e-06 0 -1.36671 0 0 0 0 -1.3667
423 424 0.0144608 0 0 0 0 0 0 0.0144608
424 425 0.0552599 0 -1.03369 0 0 0 0 -0.97843
425 426 0.136091 0 -1.25164 0 0 0 0 -1.11555
426 427 0.111959 0 0 0 0 0 0 0.111959
427 428 0.0123067 0 0 0 0 0 0 0.0123067
428 429 0.000970773 0 -1.3204 0 0 0 0 -1.31943
429 430 0.0520886 0 -1.42331 0 0 0 0 -1.37122
430 431 0.0311992 0 0 0 0 0 0 0.0311992
431 432 0.036963 0 0 0 0 0 0 0.036963
432 433 0.0209337 0 -0 0 0 0 0 0.0209337
433 434 0.00161991 0 0 0 0 0 0 0.00161991
434 435 0.0712195 0 -1.09944 0 0 0 0 -1.02822
435 436 0.0261263 0 0 0 0 0 0 0.0261263
436 437 0.0021546 0 -1.08113 0 0 0 0 -1.07898
437 438 0.0100954 0 0 0 0 0 0 0.0100954
438 439 0.00468043 0 0 0 0 0 0 0.00468043
440 441 0.115028 0 -1.20965 0 0 0 0 -1.09462
441 442 0.0370844 0 0 0 0 0 0 0.0370844
442 443 0.00515497 0 -0 0 0 0 0 0.00515497
443 444 0.0182009 0 -0.886038 0 0 0 0 -0.867837
444 445 0.00566259 0 0 0 0 0 0 0.00566259
445 446 0.000244265 0 0 0 0 0 0 0.000244265
446 447 0.0363901 0 -1.33222 0 0 0 0 -1.29583
447 448 0.0672324 0 0 0 0 0 0 0.0672324
448 449 0.0752538 0 -1.02531 0 0 0 0 -0.95006
449 450 0.103786 0 0 0 0 0 0 0.103786
450 451 0.677138 0 0 0 0 0 0 0.677138
451 452 0.00590199 0 -1.34221 0 0 0 0 -1.33631
452 453 0.00355962 0 -1.32437 0 0 0 0 -1.32081
453 454 0.0358911 0 -1.22985 0 0 0 0 -1.19395
454 455 0.014747 0 -1.10478 0 0 0 0 -1.09004
455 456 0.0698422 0 0 0 0 0 0 0.0698422
456 457 0.222117 0 0 0 0 0 0 0.222117
457 458 0.0269576 0 0 0 0 0 0 0.0269576
458 459 0.00807745 0 -1.21318 0 0 0 0 -1.20511
460 461 0.000644615 0 -0 0 0 0 0 0.000644615
461 462 0.119701 0 0 0 0 0 0 0.119701
462 463 0.00327284 0 -0 0 0 0 0 0.00327284
463 464 0.0282051 0 -1.38183 0 0 0 0 -1.35363
464 465 0.0324426 0 -0.790162 0 0 0 0 -0.757719
465 466 0.0277668 0 -1.26237 0 0 0 0 -1.2346
466 467 0.140416 0 0 0 0 0 0 0.140416
467 468 0.076925 0 -1.22035 0 0 0 0 -1.14342
468 469 0.204071 0 -1.14657 0 0 0 0 -0.9425
469 470 0.000960544 0 -0.620032 0 0 0 0 -0.619071
470 471 0.0549984 0 -1.22045 0 0 0 0 -1.16546
471 472 0.00239109 0 -0.847872 0 0 0 0 -0.845481
472 473 0.0229722 0 -1.28476 0 0 0 0 -1.26179
473 474 0.0514717 0 -1.08026 0 0 0 0 -1.02879
474 475 0.0169091 0 -1.43029 0 0 0 0 -1.41338
475 476 0.0627505 0 -1.26895 0 0 0 0 -1.2062
476 477 0.00813101 0 0 0 0 0 0 0.00813101
477 478 0.00289879 0 -1.43308 0 0 0 0 -1.43018
478 479 0.102521 0 0 0 0 0 0 0.102521
480 481 0.0468946 0 -0.933228 0 0 0 0 -0.886333
481 482 0.00632915 0 -0 0 0 0 0 0.00632915
482 483 0.0511349 0 -1.09972 0 0 0 0 -1.04858
483 484 0.142954 0 -0.867629 0 0 0 0 -0.724675
484 485 0.029944 0 0 0 0 0 0 0.029944
485 486 0.0102868 0 0 0 0 0 0 0.0102868
486 487 0.000933451 0 0 0 0 0 0 0.000933451
487 488 0.000816574 0 -1.12567 0 0 0 0 -1.12485
488 489 0.0642569 0 0 0 0 0 0 0.0642569
489 490 0.00312259 0 -1.31483 0 0 0 0 -1.31171
490 491 0.00278135 0 -0.870881 0 0 0 0 -0.8681
491 492 0.0260506 0 -1.33053 0 0 0 0 -1.30448
492 493 0.00238187 0 -1.07186 0 0 0 0 -1.06947
493 494 0.272962 0 0 0 0 0 0 0.272962
494 495 0.00253249 0 -0.799523 0 0 0 0 -0.79699
495 496 0.0852286 0 -1.39081 0 0 0 0 -1.30558
496 497 0.0189448 0 -1.02702 0 0 0 0 -1.00808
497 498 0.0434262 0 -1.01999 0 0 0 0 -0.976559
498 499 0.0279765 0 -1.10509 0 0 0 0 -1.07711
500 501 0.37902 0 -1.06014 0 0 0 0 -0.681117
501 502 0.00775377 0 0 0 0 0 0 0.00775377
502 503 0.124773 0 0 0 0 0 0 0.124773
503 504 0.148342 0 0 0 0 0 0 0.148342
504 505 0.0325992 0 -0 0 0 0 0 0.0325992
505 506 0.102266 0 0 0 0 0 0 0.102266
506 507 0.078047 0 0 0 0 0 0 0.078047
507 508 0.0386148 0 -1.06795 0 0 0 0 -1.02934
508 509 0.00014741 0 -0.818877 0 0 0 0 -0.818729
509 510 0.103339 0 -1.00284 0 0 0 0 -0.899501
510 511 0.0174899 0 -0.987937 0 0 0 0 -0.970447
511 512 0.038584 0 0 0 0 0 0 0.038584
512 513 1.13491 0 -1.4349 0 0 0 0 -0.299993
513 514 0.103286 0 -1.21333 0 0 0 0 -1.11004
514 515 0.0853042 0 -1.29376 0 0 0 0 -1.20845
515 516 0.138071 0 0 0 0 0 0 0.138071
516 517 0.00489894 0 0 0 0 0 0 0.00489894
517 518 0.00403487 0 0 0 0 0 0 0.00403487
518 519 0.0411249 0 -1.32519 0 0 0 0 -1.28406
520 521 0.0255623 0 -1.37907 0 0 0 0 -1.35351
521 522 0.0891062 0 0 0 0 0 0 0.0891062
522 523 0.103789 0 -0.928856 0 0 0 0 -0.825067
523 524 0.147319 0 0 0 0 0 0 0.147319
524 525 0.0480356 0 -1.36541 0 0 0 0 -1.31738
525 526 0.00483873 0 -0.782621 0 0 0 0 -0.777782
526 527 6.79293e-05 0 0 0 0 0 0 6.79293e-05
527 528 0.015461 0 0 0 0 0 0 0.015461
528 529 0.0964366 0 0 0 0 0 0 0.0964366
529 530 0.0149166 0 0 0 0 0 0 0.0149166
530 531 0.184563 0 -0.871935 0 0 0 0 -0.687372
531 532 0.0207037 0 0 0 0 0 0 0.0207037
532 533 0.0019935 0 -0.792515 0 0 0 0 -0.790521
533 534 0.0138426 0 -0 0 0 0 0 0.0138426
534 535 0.00714094 0 0 0 0 0 0 0.00714094
535 536 0.0132341 0 -1.31791 0 0 0 0 -1.30468
536 537 0.180472 0 -1.05634 0 0 0 0 -0.875863
537 538 0.0187389 0 -1.04843 0 0 0 0 -1.02969
538 539 0.00716617 0 -1.21043 0 0 0 0 -1.20326
540 541 0.019693 0 0 0 0 0 0 0.019693
541 542 9.07588e-06 0 -1.19109 0 0 0 0 -1.19108
542 543 0.0183926 0 0 0 0 0 0 0.0183926
543 544 0.00167112 0 -1.08535 0 0 0 0 -1.08368
544 545 3.06682e-07 0 0 0 0 0 0 3.06682e-07
545 546 0.000214229 0 -0.744498 0 0 0 0 -0.744284
546 547 0.0586606 0 -0.871789 0 0 0 0 -0.813128
547 548 0.019418 0 0 0 0 0 0 0.019418
548 549 0.00633939 0 0 0 0 0 0 0.00633939
549 550 0.00559283 0 -1.28358 0 0 0 0 -1.27799
550 551 0.0477085 0 -0.706936 0 0 0 0 -0.659228
551 552 0.0226117 0 -1.38098 0 0 0 0 -1.35837
552 553 0.238399 0 -1.2609 0 0 0 0 -1.0225
553 554 0.00885938 0 -1.03804 0 0 0 0 -1.02918
554 555 0.0116626 0 -1.14715 0 0 0 0 -1.13549
555 556 0.0830946 0 0 0 0 0 0 0.0830946
556 557 0.106065 0 -1.14965 0 0 0 0 -1.04359
557 558 0.071193 0 -1.38639 0 0 0 0 -1.3152
558 559 0.0549686 0 0 0 0 0 0 0.0549686
560 561 0.0593934 0 -0.945724 0 0 0 0 -0.88633
561 562 0.0021404 0 0 0 0 0 0 0.0021404
562 563 0.0524766 0 0 0 0 0 0 0.0524766
563 564 0.0710925 0 0 0 0 0 0 0.0710925
564 565 0.00634195 0 -1.1639 0 0 0 0 -1.15756
565 566 0.104993 0 -1.36688 0 0 0 0 -1.26189
566 567 2.49361e-07 0 -0 0 0 0 0 2.49361e-07
567 568 0.181216 0 -1.12125 0 0 0 0 -0.94003
568 569 0.0384479 0 -1.00607 0 0 0 0 -0.967626
569 570 0.00774572 0 -1.40422 0 0 0 0 -1.39647
570 571 9.04385e-06 0 0 0 0 0 0 9.04385e-06
571 572 0.109752 0 -1.00948 0 0 0 0 -0.899728
572 573 0.022241 0 -1.09664 0 0 0 0 -1.0744
573 574 0.0119036 0 0 0 0 0 0 0.0119036
574 575 0.021045 0 -1.21499 0 0 0 0 -1.19395
575 576 0.0478992 0 0 0 0 0 0 0.0478992
576 577 0.272553 0 -1.01943 0 0 0 0 -0.746879
577 578 0.000427215 0 -1.27184 0 0 0 0 -1.27141
578 579 0.338185 0 -1.36055 0 0 0 0 -1.02236
580 581 0.103479 0 0 0 0 0 0 0.103479
581 582 0.0187104 0 -1.01863 0 0 0 0 -0.999923
582 583 0.0246845 0 0 0 0 0 0 0.0246845
583 584 0.0435083 0 -1.38456 0 0 0 0 -1.34105
584 585 0.00064639 0 -0.927044 0 0 0 0 -0.926397
585 586 0.0284393 0 -1.28933 0 0 0 0 -1.26089
586 587 0.0168472 0 -0.456856 0 0 0 0 -0.440009
587 588 0.0362669 0 -1.18834 0 0 0 0 -1.15207
588 589 0.0279389 0 -1.2024 0 0 0 0 -1.17446
589 590 0.328187 0 -1.1907 0 0 0 0 -0.862509
590 591 2.6832e-05 0 -1.39384 0 0 0 0 -1.39381
591 592 0.0491447 0 0 0 0 0 0 0.0491447
592 593 0.181457 0 -1.25735 0 0 0 0 -1.07589
593 594 0.00457599 0 -1.22048 0 0 0 0 -1.2159
594 595 0.0594487 0 -1.06072 0 0 0 0 -1.00127
595 596 0.0387057 0 0 0 0 0 0 0.0387057
596 597 0.00296395 0 0 0 0 0 0 0.00296395
597 598 0.00799821 0 -1.25656 0 0 0 0 -1.24856
598 599 0.00215389 0 0 0 0 0 0 0.00215389
600 601 0.0828846 0 -1.21254 0 0 0 0 -1.12966
601 602 0.0073196 0 -1.14266 0 0 0 0 -1.13534
602 603 0.173956 0 0 0 0 0 0 0.173956
603 604 0.321711 0 -1.12917 0 0 0 0 -0.807463
604 605 0.0124465 0 0 0 0 0 0 0.0124465
605 606 0.2856 0 -1.05238 0 0 0 0 -0.766778
606 607 0.0808954 0 0 0 0 0 0 0.0808954
607 608 0.000151663 0 -0 0 0 0 0 0.000151663
608 609 0.00197013 0 -1.35979 0 0 0 0 -1.35782
609 610 0.00556721 0 0 0 0 0 0 0.00556721
610 611 0.0120573 0 0 0 0 0 0 0.0120573
611 612 0.00277683 0 -1.38936 0 0 0 0 -1.38658
612 613 0.0355306 0 -0.664843 0 0 0 0 -0.629312
613 614 0.0257603 0 0 0 0 0 0 0.0257603
614 615 0.390168 0 0 0 0 0 0 0.390168
615 616 0.00147011 0 -0.97282 0 0 0 0 -0.97135
616 617 0.154744 0 -1.34703 0 0 0 0 -1.19229
617 618 0.0790115 0 0 0 0 0 0 0.0790115
618 619 0.0236893 0 -1.03815 0 0 0 0 -1.01446
620 621 0.0690543 0 -1.03801 0 0 0 0 -0.968958
621 622 0.0637234 0 -1.0702 0 0 0 0 -1.00648
622 623 0.00412312 0 -1.42657 0 0 0 0 -1.42245
623 624 0.266983 0 -1.35981 0 0 0 0 -1.09282
624 625 0.0290421 0 -1.1882 0 0 0 0 -1.15915
625 626 0.00854598 0 -1.30597 0 0 0 0 -1.29743
626 627 0.0789745 0 0 0 0 0 0 0.0789745
627 628 0.000361678 0 -1.36267 0 0 0 0 -1.36231
628 629 0.00158554 0 0 0 0 0 0 0.00158554
629 630 0.0278601 0 -1.23087 0 0 0 0 -1.20301
630 631 0.0246798 0 -0.847904 0 0 0 0 -0.823224
631 632 0.000877098 0 0 0 0 0 0 0.000877098
632 633 0.0621072 0 -1.24298 0 0 0 0 -1.18087
633 634 0.0982651 0 -1.35791 0 0 0 0 -1.25965
634 635 0.673493 0 -0.869132 0 0 0 0 -0.195639
635 636 0.0133192 0 -1.18459 0 0 0 0 -1.17127
636 637 0.0149953 0 -1.22134 0 0 0 0 -1.20634
637 638 0.147852 0 -1.3223 0 0 0 0 -1.17444
638 639 0.00116121 0 -0.80601 0 0 0 0 -0.804848
640 641 0.0139386 0 -1.28235 0 0 0 0 -1.26841
641 642 0.0123014 0 -1.43124 0 0 0 0 -1.41894
642 643 0.00381327 0 -0 0 0 0 0 0.00381327
643 644 0.00774434 0 0 0 0 0 0 0.00774434
644 645 0.27273 0 -1.16342 0 0 0 0 -0.890693
645 646 0.00358916 0 -1.05586 0 0 0 0 -1.05227
646 647 0.013533 0 0 0 0 0 0 0.013533
647 648 0.0058041 0 -0.957646 0 0 0 0 -0.951842
648 649 0.00293859 0 0 0 0 0 0 0.00293859
649 650 0.0994389 0 0 0 0 0 0 0.0994389
650 651 0.215339 0 -1.14778 0 0 0 0 -0.932437
651 652 0.0755189 0 -0.958685 0 0 0 0 -0.883166
652 653 0.000171781 0 0 0 0 0 0 0.000171781
653 654 0.00802833 0 0 0 0 0 0 0.00802833
654 655 0.0115862 0 -1.35883 0 0 0 0 -1.34725
655 656 0.000549 0 0 0 0 0 0 0.000549
656 657 0.0212108 0 -1.08571 0 0 0 0 -1.0645
657 658 4.30274e-05 0 -1.26034 0 0 0 0 -1.26029
658 659 0.0369048 0 0 0 0 0 0 0.0369048
660 661 0.0471662 0 -0 0 0 0 0 0.0471662
661 662 0.0042062 0 -0.894973 0 0 0 0 -0.890766
662 663 0.0236432 0 -1.00598 0 0 0 0 -0.982335
663 664 0.0231905 0 0 0 0 0 0 0.0231905
664 665 0.000731387 0 -1.20712 0 0 0 0 -1.20639
665 666 0.000227524 0 -1.35045 0 0 0 0 -1.35022
666 667 0.132265 0 -1.11134 0 0 0 0 -0.979077
667 668 0.0775738 0 -1.33252 0 0 0 0 -1.25495
668 669 0.0527871 0 0 0 0 0 0 0.0527871
669 670 0.0320129 0 0 0 0 0 0 0.0320129
670 671 0.025252 0 -1.39573 0 0 0 0 -1.37048
671 672 0.0671417 0 -1.11353 0 0 0 0 -1.04639
672 673 0.0594731 0 -1.45167 0 0 0 0 -1.3922
673 674 0.018122 0 -1.30722 0 0 0 0 -1.28909
674 675 0.149764 0 0 0 0 0 0 0.149764
675 676 0.00610686 0 -1.22369 0 0 0 0 -1.21758
676 677 0.0269778 0 0 0 0 0 0 0.0269778
677 678 0.0591043 0 0 0 0 0 0 0.0591043
678 679 0.0290898 0 0 0 0 0 0 0.0290898
680 681 0.00287091 0 -1.06883 0 0 0 0 -1.06596
681 682 0.00704445 0 0 0 0 0 0 0.00704445
682 683 0.00347021 0 0 0 0 0 0 0.00347021
683 684 0.0977193 0 -0.850048 0 0 0 0 -0.752329
684 685 0.0373079 0 -1.31757 0 0 0 0 -1.28026
685 686 0.0144295 0 -1.1003 0 0 0 0 -1.08587
686 687 0.0198474 0 -0.60856 0 0 0 0 -0.588712
687 688 0.467472 0 0 0 0 0 0 0.467472
688 689 0.00299773 0 -0.954056 0 0 0 0 -0.951058
689 690 0.111557 0 -0.890624 0 0 0 0 -0.779067
690 691 0.0153797 0 -1.28832 0 0 0 0 -1.27294
691 692 0.0481603 0 -1.34013 0 0 0 0 -1.29197
692 693 0.124061 0 -1.27782 0 0 0 0 -1.15376
693 694 0.0283114 0 -1.33769 0 0 0 0 -1.30938
694 695 0.141095 0 -1.37194 0 0 0 0 -1.23084
695 696 0.00019942 0 0 0 0 0 0 0.00019942
696 697 0.00552208 0 0 0 0 0 0 0.00552208
697 698 0.041901 0 -1.24605 0 0 0 0 -1.20415
698 699 0.0134761 0 0 0 0 0 0 0.0134761
700 701 0.0222953 0 0 0 0 0 0 0.0222953
701 702 0.000532877 0 -1.11094 0 0 0 0 -1.11041
702 703 0.000212438 0 -1.35306 0 0 0 0 -1.35285
703 704 0.110281 0 -1.11897 0 0 0 0 -1.00869
704 705 0.15166 0 -0.963197 0 0 0 0 -0.811537
705 706 0.00204673 0 -1.36324 0 0 0 0 -1.3612
706 707 0.0174161 0 0 0 0 0 0 0.0174161
707 708 4.77783e-05 0 0 0 0 0 0 4.77783e-05
708 709 0.0122218 0 0 0 0 0 0 0.0122218
709 710 0.0821817 0 0 0 0 0 0 0.0821817
710 711 0.0119055 0 0 0 0 0 0 0.0119055
711 712 0.0812351 0 0 0 0 0 0 0.0812351
712 713 0.00130905 0 -1.28188 0 0 0 0 -1.28057
713 714 0.0190839 0 -1.4039 0 0 0 0 -1.38481
714 715 0.0164365 0 -1.20777 0 0 0 0 -1.19133
715 716 4.65935e-05 0 -1.38317 0 0 0 0 -1.38313
716 717 0.0995218 0 0 0 0 0 0 0.0995218
717 718 0.0609714 0 0 0 0 0 0 0.0609714
718 719 0.0252141 0 0 0 0 0 0 0.0252141
720 721 0.000666384 0 0 0 0 0 0 0.000666384
721 722 0.209273 0 -1.33932 0 0 0 0 -1.13004
722 723 0.00401652 0 0 0 0 0 0 0.00401652
723 724 0.000428181 0 0 0 0 0 0 0.000428181
724 725 0.00833621 0 -1.36238 0 0 0 0 -1.35405
725 726 0.107093 0 -1.33066 0 0 0 0 -1.22357
726 727 0.035938 0 -1.38429 0 0 0 0 -1.34835
727 728 0.00401729 0 0 0 0 0 0 0.00401729
728 729 0.0790788 0 -1.0477 0 0 0 0 -0.968622
729 730 0.000428169 0 -1.24617 0 0 0 0 -1.24575
730 731 0.0001143 0 -1.29979 0 0 0 0 -1.29968
731 732 0.000112477 0 -0.889186 0 0 0 0 -0.889073
732 733 0.0649149 0 -0.935066 0 0 0 0 -0.870151
733 734 0.0211427 0 0 0 0 0 0 0.0211427
734 735 0.0171699 0 -1.39113 0 0 0 0 -1.37396
735 736 0.0127389 0 -1.21663 0 0 0 0 -1.20389
736 737 0.146871 0 0 0 0 0 0 0.146871
737 738 0.166995 0 0 0 0 0 0 0.166995
738 739 0.0438269 0 -1.2661 0 0 0 0 -1.22228
740 741 0.0822757 0 -1.37729 0 0 0 0 -1.29501
741 742 0.000746214 0 0 0 0 0 0 0.000746214
742 743 0.00169231 0 0 0 0 0 0 0.00169231
743 744 0.386305 0 -0 0 0 0 0 0.386305
744 745 0.112194 0 0 0 0 0 0 0.112194
745 746 0.0131858 0 -1.21934 0 0 0 0 -1.20615
746 747 0.0343429 0 -1.38298 0 0 0 0 -1.34864
747 748 0.0394381 0 0 0 0 0 0 0.0394381
748 749 7.6067e-05 0 -0 0 0 0 0 7.6067e-05
749 750 0.0002783 0 0 0 0 0 0 0.0002783
750 751 2.87296e-07 0 -0 0 0 0 0 2.87296e-07
751 752 3.9961e-05 0 -0.755526 0 0 0 0 -0.755486
752 753 0.000700755 0 -1.13383 0 0 0 0 -1.13313
753 754 0.074802 0 0 0 0 0 0 0.074802
754 755 0.0337969 0 -0 0 0 0 0 0.0337969
755 756 0.0407242 0 -1.10443 0 0 0 0 -1.06371
756 757 0.0062285 0 -1.26775 0 0 0 0 -1.26152
757 758 0.00279464 0 -1.43743 0 0 0 0 -1.43464
758 759 0.00503867 0 0 0 0 0 0 0.00503867
760 761 0.131538 0 -1.32329 0 0 0 0 -1.19175
761 762 0.0281238 0 -0.819644 0 0 0 0 -0.79152
762 763 0.0390963 0 -1.19334 0 0 0 0 -1.15425
763 764 2.43739e-06 0 -1.40739 0 0 0 0 -1.40739
764 765 0.0451535 0 0 0 0 0 0 0.0451535
765 766 0.0340922 0 -1.04287 0 0 0 0 -1.00878
766 767 0.164698 0 -1.10629 0 0 0 0 -0.941593
767 768 0.0584917 0 -0.889821 0 0 0 0 -0.83133
768 769 0.0163104 0 -1.04489 0 0 0 0 -1.02858
769 770 0.0322338 0 0 0 0 0 0 0.0322338
770 771 0.0845694 0 -0 0 0 0 0 0.0845694
771 772 0.00515852 0 0 0 0 0 0 0.00515852
772 773 0.108591 0 -1.37118 0 0 0 0 -1.26259
773 774 0.00804873 0 0 0 0 0 0 0.00804873
774 775 0.0217587 0 -1.17516 0 0 0 0 -1.1534
775 776 0.0239235 0 -0 0 0 0 0 0.0239235
776 777 0.0301852 0 0 0 0 0 0 0.0301852
777 778 0.00616907 0 -1.15342 0 0 0 0 -1.14725
778 779 0.0674814 0 0 0 0 0 0 0.0674814
780 781 0.0657499 0 -1.09059 0 0 0 0 -1.02484
781 782 0.0153065 0 -1.03005 0 0 0 0 -1.01474
782 783 0.0176525 0 -1.24946 0 0 0 0 -1.23181
783 784 0.0038804 0 -1.21829 0 0 0 0 -1.21441
784 785 0.00580928 0 -0 0 0 0 0 0.00580928
785 786 0.00160766 0 0 0 0 0 0 0.00160766
786 787 0.00548096 0 -0 0 0 0 0 0.00548096
787 788 0.106996 0 0 0 0 0 0 0.106996
788 789 0.108292 0 -1.00988 0 0 0 0 -0.901588
789 790 0.00703256 0 -1.00331 0 0 0 0 -0.996279
790 791 0.144921 0 0 0 0 0 0 0.144921
791 792 0.0594496 0 -0.881413 0 0 0 0 -0.821964
792 793 0.0732472 0 0 0 0 0 0 0.0732472
793 794 0.00769855 0 -1.22586 0 0 0 0 -1.21816
794 795 0.00826784 0 0 0 0 0 0 0.00826784
795 796 0.100582 0 0 0 0 0 0 0.100582
796 797 0.123167 0 -0 0 0 0 0 0.123167
797 798 0.00575605 0 -1.39257 0 0 0 0 -1.38682
798 799 0.120019 0 -1.13797 0 0 0 0 -1.01795
#Total energy per particle is  -0.572483 and should be -0.57248310
