#id1 id2 FENE BEXC STCK NEXC HB CRSTCK CXSTCK total, t = 200000
0 1 0.0771676 0 0 0 0 0 0 0.0771676
1 2 0.00730845 0 0 0 0 0 0 0.00730845
2 3 0.0041927 0 -0 0 0 0 0 0.0041927
3 4 0.0122927 0 -0.379407 0 0 0 0 -0.367115
4 5 0.0304925 0 0 0 0 0 0 0.0304925
5 6 0.00331194 0 0 0 0 0 0 0.00331194
6 7 0.000475632 0 0 0 0 0 0 0.000475632
7 8 0.000807404 0 -0.873516 0 0 0 0 -0.872709
8 9 0.0167132 0 -1.41451 0 0 0 0 -1.3978
9 10 0.00421282 0 0 0 0 0 0 0.00421282
10 11 0.036697 0 -1.28196 0 0 0 0 -1.24526
11 12 0.00208885 0 -1.2077 0 0 0 0 -1.20561
12 13 0.00428201 0 -1.03759 0 0 0 0 -1.03331
13 14 0.0335379 0 -1.19138 0 0 0 0 -1.15785
14 15 0.0866341 0 -1.24842 0 0 0 0 -1.16179
15 16 0.0110127 0 -0 0 0 0 0 0.0110127
16 17 0.0141415 0 -0 0 0 0 0 0.0141415
17 18 0.124238 0 0 0 0 0 0 0.124238
18 19 0.0199386 0 -1.19362 0 0 0 0 -1.17369
20 21 0.054309 0 -1.34442 0 0 0 0 -1.29011
21 22 0.0417814 0 0 0 0 0 0 0.0417814
22 23 0.0116717 0 0 0 0 0 0 0.0116717
23 24 0.0102428 0 -0 0 0 0 0 0.0102428
24 25 0.080952 0 0 0 0 0 0 0.080952
25 26 0.0149443 0 -1.34103 0 0 0 0 -1.32608
26 27 0.00594658 0 -1.37123 0 0 0 0 -1.36528
27 28 0.000295159 0 0 0 0 0 0 0.000295159
28 29 1.11635e-05 0 -0.000155304 0 0 0 0 -0.00014414
29 30 0.0144916 0 -0.990786 0 0 0 0 -0.976295
30 31 0.0113293 0 0 0 0 0 0 0.0113293
31 32 0.00258909 0 -1.36219 0 0 0 0 -1.3596
32 33 0.0829321 0 -1.01702 0 0 0 0 -0.934085
33 34 0.00170829 0 -1.20988 0 0 0 0 -1.20817
34 35 0.00163807 0 -0 0 0 0 0 0.00163807
35 36 0.238539 0 -1.4362 0 0 0 0 -1.19766
36 37 0.0907742 0 -0.973392 0 0 0 0 -0.882618
37 38 0.0757256 0 -1.33964 0 0 0 0 -1.26392
38 39 0.0695598 0 0 0 0 0 0 0.0695598
40 41 3.69111e-06 0 -0 0 0 0 0 3.69111e-06
41 42 0.035731 0 -1.35894 0 0 0 0 -1.32321
42 43 0.0716325 0 -1.036 0 0 0 0 -0.964366
43 44 0.212784 0 0 0 0 0 0 0.212784
44 45 0.0439247 0 -1.20744 0 0 0 0 -1.16352
45 46 0.0997517 0 -1.45088 0 0 0 0 -1.35113
46 47 0.0360699 0 -1.05027 0 0 0 0 -1.0142
47 48 0.00187538 0 0 0 0 0 0 0.00187538
48 49 0.329903 0 -1.19818 0 0 0 0 -0.868275
49 50 0.00387768 0 -1.17245 0 0 0 0 -1.16857
50 51 0.00023035 0 -1.37772 0 0 0 0 -1.37749
51 52 0.1483 0 0 0 0 0 0 0.1483
52 53 0.084778 0 0 0 0 0 0 0.084778
53 54 0.0440388 0 -0.499521 0 0 0 0 -0.455483
54 55 0.0186582 0 -0.923625 0 0 0 0 -0.904967
51 56 0 0 0 0 0 -5.97983e-08 -0 -5.97983e-08
55 56 0.0335436 0 -1.33903 0 0 0 0 -1.30548
56 57 0.000157632 0 0 0 0 0 0 0.000157632
57 58 0.104943 0 0 0 0 0 0 0.104943
58 59 0.0348747 0 -1.18832 0 0 0 0 -1.15344
60 61 0.014749 0 -1.29459 0 0 0 0 -1.27984
61 62 0.00240538 0 -1.26369 0 0 0 0 -1.26128
62 63 0.0478565 0 -1.43978 0 0 0 0 -1.39192
63 64 0.114962 0 0 0 0 0 0 0.114962
64 65 0.0254787 0 0 0 0 0 0 0.0254787
65 66 0.00103698 0 -1.22453 0 0 0 0 -1.22349
66 67 0.240949 0 -1.09515 0 0 0 0 -0.854205
67 68 0.0761393 0 -1.12902 0 0 0 0 -1.05288
68 69 0.000175856 0 -1.23095 0 0 0 0 -1.23078
69 70 0.00017429 0 0 0 0 0 0 0.00017429
70 71 0.0298205 0 -0 0 0 0 0 0.0298205
71 72 0.0614456 0 0 0 0 0 0 0.0614456
72 73 0.345898 0 -1.3199 0 0 0 0 -0.974004
73 74 0.00102549 0.124787 0 0 0 0 0 0.125813
74 75 0.0521605 0 -1.1778 0 0 0 0 -1.12564
75 76 0.00493202 0 -1.17368 0 0 0 0 -1.16875
76 77 0.0113244 0 0 0 0 0 0 0.0113244
77 78 0.000176356 0 -1.24027 0 0 0 0 -1.24009
78 79 0.056634 0 -1.40732 0 0 0 0 -1.35069
80 81 0.0124909 0 0 0 0 0 0 0.0124909
81 82 0.0139059 0 -0.973498 0 0 0 0 -0.959592
82 83 0.19433 0 -0.703913 0 0 0 0 -0.509584
83 84 0.014872 0 0 0 0 0 0 0.014872
84 85 0.236921 0 0 0 0 0 0 0.236921
85 86 0.00909012 0 -0.69256 0 0 0 0 -0.683469
86 87 0.146914 0 -1.24004 0 0 0 0 -1.09312
87 88 0.0011276 0 0 0 0 0 0 0.0011276
88 89 0.0233025 0 0 0 0 0 0 0.0233025
89 90 0.0599132 0 0 0 0 0 0 0.0599132
90 91 0.104554 0 -1.10531 0 0 0 0 -1.00075
91 92 0.09993 0 -1.23414 0 0 0 0 -1.13421
92 93 0.00688268 0 -1.24007 0 0 0 0 -1.23319
93 94 0.0349989 0 -0.728347 0 0 0 0 -0.693348
94 95 0.0637489 0 0 0 0 0 0 0.0637489
95 96 0.143286 0 0 0 0 0 0 0.143286
96 97 0.00080099 0 -1.06407 0 0 0 0 -1.06327
97 98 0.114056 0 0 0 0 0 0 0.114056
98 99 0.00899524 0 -1.17544 0 0 0 0 -1.16644
100 101 0.00104447 0 -0 0 0 0 0 0.00104447
101 102 0.014539 0 0 0 0 0 0 0.014539
102 103 0.00528238 0 -0.559664 0 0 0 0 -0.554382
103 104 0.221385 0 -0.904982 0 0 0 0 -0.683596
104 105 0.0626362 0 -1.12942 0 0 0 0 -1.06679
105 106 0.0532004 0 -0.896317 0 0 0 0 -0.843117
106 107 0.00598237 0 0 0 0 0 0 0.00598237
107 108 0.0295844 0 -0.955092 0 0 0 0 -0.925507
108 109 0.000965549 0 0 0 0 0 0 0.000965549
109 110 0.0281967 0 -1.15521 0 0 0 0 -1.12701
110 111 0.00657869 0 -1.04327 0 0 0 0 -1.03669
111 112 0.0205475 0 -0 0 0 0 0 0.0205475
112 113 0.00360915 0 0 0 0 0 0 0.00360915
113 114 0.0247652 0 -1.25203 0 0 0 0 -1.22727
114 115 0.0074035 0 -1.13628 0 0 0 0 -1.12887
115 116 0.00240323 0 0 0 0 0 0 0.00240323
116 117 0.0271607 0 -1.26512 0 0 0 0 -1.23796
117 118 0.00413184 0 -1.00615 0 0 0 0 -1.00202
118 119 0.00324312 0 -1.28169 0 0 0 0 -1.27845
120 121 3.81731e-05 0 0 0 0 0 0 3.81731e-05
121 122 0.00498967 0 0 0 0 0 0 0.00498967
122 123 0.000435063 0 0 0 0 0 0 0.000435063
123 124 0.000206646 0 -1.29483 0 0 0 0 -1.29462
124 125 0.0092387 0 0 0 0 0 0 0.0092387
125 126 0.00901769 0 -1.17553 0 0 0 0 -1.16651
126 127 0.0130509 0 -1.11519 0 0 0 0 -1.10214
127 128 0.00353288 0 -1.31156 0 0 0 0 -1.30802
128 129 0.0273672 0 0 0 0 0 0 0.0273672
129 130 4.88638e-05 0 0 0 0 0 0 4.88638e-05
130 131 0.157032 0 -0.996461 0 0 0 0 -0.839429
131 132 0.00997553 0 -1.35035 0 0 0 0 -1.34037
132 133 0.0575579 0 -1.25833 0 0 0 0 -1.20077
133 134 0.0844806 0 -1.26683 0 0 0 0 -1.18235
134 135 0.0178711 0 -1.24575 0 0 0 0 -1.22788
135 136 0.190114 0 -1.03627 0 0 0 0 -0.846157
136 137 0.225523 0 -1.08567 0 0 0 0 -0.860146
137 138 0.00745664 0 -1.42026 0 0 0 0 -1.41281
138 139 0.00867998 0 -1.29187 0 0 0 0 -1.28319
140 141 0.000831949 0 -1.32848 0 0 0 0 -1.32765
141 142 0.073395 0 -0.955778 0 0 0 0 -0.882383
142 143 0.00640752 0 0 0 0 0 0 0.00640752
143 144 0.0496353 0 -1.13072 0 0 0 0 -1.08109
144 145 0.00704594 0 -1.29426 0 0 0 0 -1.28721
145 146 0.0979367 0 0 0 0 0 0 0.0979367
146 147 0.0582986 0 0 0 0 0 0 0.0582986
147 148 0.0041686 0 -1.33671 0 0 0 0 -1.33255
148 149 0.100983 0 0 0 0 0 0 0.100983
149 150 0.178597 0 -0 0 0 0 0 0.178597
150 151 0.0525781 0 0 0 0 0 0 0.0525781
146 152 0 0 0 0 -0 -0.0961597 0 -0.0961597
151 152 0.240297 0 -0 0 0 0 0 0.240297
152 153 0.0188313 0 0 0 0 0 0 0.0188313
153 154 0.0631124 0 -0 0 0 0 0 0.0631124
154 155 0.0115477 0 0 0 0 0 0 0.0115477
155 156 0.0382439 0 -0.690027 0 0 0 0 -0.651783
156 157 0.0119883 0 0 0 0 0 0 0.0119883
157 158 0.0577035 0 -1.16184 0 0 0 0 -1.10414
158 159 0.00790012 0 -0.870371 0 0 0 0 -0.86247
160 161 0.00226699 0 -1.08328 0 0 0 0 -1.08101
161 162 0.12636 0 -0.751036 0 0 0 0 -0.624676
162 163 0.139469 0 0 0 0 0 0 0.139469
163 164 0.000107939 0 -0.772654 0 0 0 0 -0.772546
164 165 0.0335807 0 0 0 0 0 0 0.0335807
165 166 7.14516e-06 0 0 0 0 0 0 7.14516e-06
166 167 0.220269 0 0 0 0 0 0 0.220269
167 168 0.0145566 0 -1.1926 0 0 0 0 -1.17804
168 169 0.000846214 0 0 0 0 0 0 0.000846214
169 170 0.0252069 0 0 0 0 0 0 0.0252069
170 171 0.000308608 0 0 0 0 0 0 0.000308608
171 172 0.0674788 0 -0 0 0 0 0 0.0674788
172 173 0.0250449 0 -0.66696 0 0 0 0 -0.641915
173 174 0.0001226 0 -0.0138558 0 0 0 0 -0.0137332
174 175 0.071523 0 0 0 0 0 0 0.071523
175 176 0.0634946 0 0 0 0 0 0 0.0634946
176 177 0.168426 0 0 0 0 0 0 0.168426
177 178 0.0441393 0 -1.35469 0 0 0 0 -1.31055
178 179 0.00126446 0 -1.11352 0 0 0 0 -1.11225
180 181 0.00255189 0 -1.35116 0 0 0 0 -1.34861
181 182 0.111077 0 -0.90145 0 0 0 0 -0.790373
182 183 0.00627887 0 0 0 0 0 0 0.00627887
183 184 0.0343958 0 -0.771187 0 0 0 0 -0.736791
184 185 0.00223797 0 0 0 0 0 0 0.00223797
185 186 0.200014 0 0 0 0 0 0 0.200014
186 187 0.00880739 0 -0.512075 0 0 0 0 -0.503268
187 188 0.00241423 0 0 0 0 0 0 0.00241423
188 189 0.010336 0 0 0 0 0 0 0.010336
189 190 0.0931314 0 -1.26422 0 0 0 0 -1.17108
190 191 0.0115286 0 -1.30567 0 0 0 0 -1.29414
191 192 0.0116018 0 0 0 0 0 0 0.0116018
192 193 0.0155343 0 -1.3282 0 0 0 0 -1.31266
193 194 0.000744688 0 -1.30771 0 0 0 0 -1.30696
194 195 0.0534819 0 -0.618297 0 0 0 0 -0.564815
195 196 6.03433e-07 0 -0.677324 0 0 0 0 -0.677324
196 197 0.00389736 0 -1.21642 0 0 0 0 -1.21252
197 198 0.0737118 0 -0.901088 0 0 0 0 -0.827376
198 199 0.0121752 0 -1.10331 0 0 0 0 -1.09114
200 201 0.0605174 0 -0.456273 0 0 0 0 -0.395755
201 202 0.00205404 0 -1.4047 0 0 0 0 -1.40264
202 203 0.111804 0 -1.10061 0 0 0 0 -0.988808
203 204 0.0394876 0 -1.32239 0 0 0 0 -1.2829
204 205 0.151602 0 -0.892751 0 0 0 0 -0.741149
205 206 0.00035479 0 0 0 0 0 0 0.00035479
206 207 0.110265 0 -1.29645 0 0 0 0 -1.18618
207 208 0.0886105 0 -1.45739 0 0 0 0 -1.36878
208 209 0.0566379 0 -0.542888 0 0 0 0 -0.48625
209 210 0.0357793 0 -1.08511 0 0 0 0 -1.04933
210 211 0.00882047 0 0 0 0 0 0 0.00882047
211 212 0.131328 0 -1.31978 0 0 0 0 -1.18846
212 213 0.0146613 0 -0.967271 0 0 0 0 -0.95261
213 214 0.0186977 0 0 0 0 0 0 0.0186977
214 215 0.11875 0 -1.17582 0 0 0 0 -1.05707
215 216 0.00483154 0 -0.903934 0 0 0 0 -0.899103
216 217 0.00113203 0 -1.26745 0 0 0 0 -1.26632
217 218 0.00994099 0 -1.2382 0 0 0 0 -1.22826
218 219 0.0202116 0 -1.26746 0 0 0 0 -1.24725
220 221 0.00497011 0 0 0 0 0 0 0.00497011
221 222 0.0377351 0 -0 0 0 0 0 0.0377351
222 223 0.00561949 0 -1.34872 0 0 0 0 -1.3431
223 224 0.162657 0 -1.39347 0 0 0 0 -1.23082
224 225 0.00211318 0 -1.01518 0 0 0 0 -1.01307
225 226 0.00626038 0 0 0 0 0 0 0.00626038
226 227 0.104323 0 -0.511929 0 0 0 0 -0.407605
227 228 0.00992385 0 0 0 0 0 0 0.00992385
228 229 0.00831415 0 -1.14111 0 0 0 0 -1.1328
229 230 0.00529024 0 -0.877308 0 0 0 0 -0.872018
230 231 0.0693059 0 -1.13122 0 0 0 0 -1.06192
231 232 0.00336175 0 0 0 0 0 0 0.00336175
232 233 0.0496325 0 -1.23956 0 0 0 0 -1.18993
233 234 0.166324 0 -1.05651 0 0 0 0 -0.890184
234 235 0.137453 0 0 0 0 0 0 0.137453
235 236 0.0163534 0 -0.931374 0 0 0 0 -0.915021
236 237 0.00334808 0 -0.544632 0 0 0 0 -0.541284
237 238 4.91084e-06 0 -0.797517 0 0 0 0 -0.797512
238 239 4.22324e-05 0 0 0 0 0 0 4.22324e-05
240 241 0.00128244 0 0 0 0 0 0 0.00128244
241 242 0.0378202 0 -1.21367 0 0 0 0 -1.17585
242 243 0.0123456 0 -1.17833 0 0 0 0 -1.16599
243 244 0.0919969 0 -1.29929 0 0 0 0 -1.20729
244 245 0.00356045 0 -0.949532 0 0 0 0 -0.945971
245 246 0.0257937 0 0 0 0 0 0 0.0257937
246 247 0.0183663 0 -1.37678 0 0 0 0 -1.35841
247 248 7.58815e-05 0 -1.36556 0 0 0 0 -1.36548
248 249 0.0198413 0 -0.778726 0 0 0 0 -0.758885
249 250 0.00420164 0 0 0 0 0 0 0.00420164
250 251 0.118795 0 -0 0 0 0 0 0.118795
251 252 0.000286925 0 -0.609213 0 0 0 0 -0.608926
252 253 0.0362151 0 -0 0 0 0 0 0.0362151
253 254 0.00711628 0 0 0 0 0 0 0.00711628
254 255 0.164449 0 0 0 0 0 0 0.164449
255 256 0.00287019 0 -0.646472 0 0 0 0 -0.643602
256 257 0.0975907 0 -0.862938 0 0 0 0 -0.765347
257 258 0.00127975 0 -1.3722 0 0 0 0 -1.37092
258 259 0.148109 0 -1.01081 0 0 0 0 -0.862705
260 261 0.0178965 0 -1.22537 0 0 0 0 -1.20747
261 262 0.00405231 0 0 0 0 0 0 0.00405231
262 263 0.0120493 0 -0.668048 0 0 0 0 -0.655998
263 264 0.00587991 0 -1.1946 0 0 0 0 -1.18872
264 265 0.0288139 0 -1.29501 0 0 0 0 -1.2662
265 266 0.0764434 0 -1.16958 0 0 0 0 -1.09314
266 267 0.233453 0 -1.37361 0 0 0 0 -1.14015
267 268 0.263053 0 0 0 0 0 0 0.263053
268 269 0.00249667 0 -1.27796 0 0 0 0 -1.27547
269 270 0.0599761 0 -1.06227 0 0 0 0 -1.0023
270 271 0.11592 0 -1.2499 0 0 0 0 -1.13398
271 272 0.0767698 0 -0.0999269 0 0 0 0 -0.0231571
272 273 0.0188633 0 -0 0 0 0 0 0.0188633
273 274 0.167926 0 0 0 0 0 0 0.167926
274 275 0.000192306 0 0 0 0 0 0 0.000192306
275 276 0.0220409 0 -0.63632 0 0 0 0 -0.614279
276 277 0.000236309 0 -1.37078 0 0 0 0 -1.37055
277 278 0.0616858 0 0 0 0 0 0 0.0616858
273 279 0 0 0 0 0 -0 -0.201107 -0.201107
278 279 0.00235794 0 -1.4202 0 0 0 0 -1.41784
280 281 0.117104 0 -1.07993 0 0 0 0 -0.962827
281 282 0.0197545 0 0 0 0 0 0 0.0197545
282 283 0.0324819 0 -0 0 0 0 0 0.0324819
283 284 0.151456 0 -1.31263 0 0 0 0 -1.16117
284 285 0.00458559 0 -1.37758 0 0 0 0 -1.373
285 286 0.0584028 0 0 0 0 0 0 0.0584028
286 287 0.0179833 0 0 0 0 0 0 0.0179833
287 288 3.59344e-06 0 -1.00487 0 0 0 0 -1.00486
288 289 0.00376618 0 -0.828012 0 0 0 0 -0.824246
289 290 0.00203352 0 0 0 0 0 0 0.00203352
287 291 0 0 0 0 0 -0.00748437 0 -0.00748437
290 291 0.0163091 0 -1.02737 0 0 0 0 -1.01106
291 292 0.00144413 0 -1.26359 0 0 0 0 -1.26215
292 293 0.00448848 0 0 0 0 0 0 0.00448848
293 294 0.0955879 0 0 0 0 0 0 0.0955879
294 295 0.0441466 0 -1.29187 0 0 0 0 -1.24772
295 296 0.0623548 0 0 0 0 0 0 0.0623548
296 297 0.181849 0 0 0 0 0 0 0.181849
297 298 0.000194937 0 -1.38069 0 0 0 0 -1.3805
298 299 0.022557 0 -1.1871 0 0 0 0 -1.16454
300 301 0.00358412 0 -1.13407 0 0 0 0 -1.13048
301 302 0.0021965 0 -0.997407 0 0 0 0 -0.995211
302 303 0.00875934 0 -1.08697 0 0 0 0 -1.07821
303 304 0.00638986 0 -1.30836 0 0 0 0 -1.30197
304 305 0.00604158 0 0 0 0 0 0 0.00604158
305 306 0.0465756 0 -1.41279 0 0 0 0 -1.36622
306 307 0.000840243 0 0 0 0 0 0 0.000840243
307 308 0.121008 0 0 0 0 0 0 0.121008
308 309 0.148596 0 0 0 0 0 0 0.148596
309 310 0.128333 0 -0 0 0 0 0 0.128333
310 311 0.188688 0 -0 0 0 0 0 0.188688
311 312 0.00376484 0 -1.36628 0 0 0 0 -1.36252
312 313 0.00183023 0 -1.26024 0 0 0 0 -1.25841
313 314 0.109966 0 -1.04755 0 0 0 0 -0.937582
314 315 0.0891837 0 -1.12025 0 0 0 0 -1.03107
315 316 0.0184815 0 -1.29209 0 0 0 0 -1.27361
316 317 0.0850925 0 -1.26958 0 0 0 0 -1.18449
317 318 0.0191789 0 0 0 0 0 0 0.0191789
318 319 0.0505407 0 0 0 0 0 0 0.0505407
320 321 0.065527 0 0 0 0 0 0 0.065527
321 322 0.103103 0 -1.35902 0 0 0 0 -1.25591
322 323 0.0491843 0 -0.979494 0 0 0 0 -0.93031
323 324 0.0574965 0 0 0 0 0 0 0.0574965
324 325 0.221006 0 -1.27688 0 0 0 0 -1.05588
325 326 0.0138832 0 -1.23654 0 0 0 0 -1.22266
326 327 0.0654824 0 0 0 0 0 0 0.0654824
327 328 0.00139482 0 -1.40118 0 0 0 0 -1.39978
328 329 0.0936746 0 -1.3216 0 0 0 0 -1.22793
329 330 0.0911771 0 -1.03248 0 0 0 0 -0.941303
330 331 0.012164 0 -1.18651 0 0 0 0 -1.17434
331 332 0.0101563 0 -1.19122 0 0 0 0 -1.18106
332 333 0.0510281 0 -1.10292 0 0 0 0 -1.05189
333 334 0.00434427 0 -1.02999 0 0 0 0 -1.02565
334 335 0.000473078 0 -1.18604 0 0 0 0 -1.18557
335 336 0.000954089 0 -1.28115 0 0 0 0 -1.2802
336 337 0.202849 0 -0.796638 0 0 0 0 -0.593789
337 338 0.0321191 0 0 0 0 0 0 0.0321191
338 339 0.0304178 0 -1.31024 0 0 0 0 -1.27982
340 341 0.0528201 0 -1.26202 0 0 0 0 -1.2092
341 342 0.245355 0 0 0 0 0 0 0.245355
342 343 0.057021 0 0 0 0 0 0 0.057021
343 344 0.0837232 0 0 0 0 0 0 0.0837232
344 345 0.0125677 0 -1.04153 0 0 0 0 -1.02896
345 346 0.0118794 0 -1.31432 0 0 0 0 -1.30244
346 347 0.00669974 0 -1.33953 0 0 0 0 -1.33283
347 348 0.00120283 0 -1.30763 0 0 0 0 -1.30643
348 349 0.00535605 0 0 0 0 0 0 0.00535605
349 350 0.0243146 0 -1.33439 0 0 0 0 -1.31007
350 351 0.0593407 0 -1.27512 0 0 0 0 -1.21578
351 352 0.056028 0 -1.03648 0 0 0 0 -0.980452
352 353 0.0824782 0 0 0 0 0 0 0.0824782
353 354 0.0143212 0 -0.799503 0 0 0 0 -0.785181
354 355 0.290988 0 -1.42608 0 0 0 0 -1.13509
355 356 0.261485 0 -1.24125 0 0 0 0 -0.97977
356 357 0.257814 0 -1.266 0 0 0 0 -1.00818
357 358 0.0154801 0 -0.682788 0 0 0 0 -0.667308
358 359 0.0561201 0 -0 0 0 0 0 0.0561201
360 361 0.0356936 0 -1.29062 0 0 0 0 -1.25493
361 362 0.0880703 0 -1.20214 0 0 0 0 -1.11407
362 363 0.000769552 0 -0.933065 0 0 0 0 -0.932296
363 364 0.00864318 0 0 0 0 0 0 0.00864318
364 365 0.0271454 0 0 0 0 0 0 0.0271454
365 366 0.00318042 0 0 0 0 0 0 0.00318042
366 367 0.0284391 0 0 0 0 0 0 0.0284391
367 368 0.000863456 0 -1.34979 0 0 0 0 -1.34893
368 369 0.0059046 0 0 0 0 0 0 0.0059046
369 370 0.261741 0 -1.11262 0 0 0 0 -0.850877
370 371 0.0131639 0 -0.982715 0 0 0 0 -0.969551
371 372 0.0315085 0 -0 0 0 0 0 0.0315085
372 373 0.272054 0 0 0 0 0 0 0.272054
371 374 0 0 0 0 0 -0.000467498 0 -0.000467498
373 374 0.00423696 0 -1.23178 0 0 0 0 -1.22755
370 375 0 0 0 0 -0 -0.180074 0 -0.180074
371 375 0 0 0 0 0 -0.000113346 -0 -0.000113346
374 375 0.0496886 0 -1.38103 0 0 0 0 -1.33135
370 376 0 0 0 0 -0.758206 0 -0 -0.758206
371 376 0 0 0 0 0 -0.103756 0 -0.103756
375 376 0.0653081 0 -1.38366 0 0 0 0 -1.31835
370 377 0 0 0 0 -0 -0.199794 0 -0.199794
369 377 0 0 0 0 -0 -0.0240751 0 -0.0240751
376 377 0.0150278 0 -1.30772 0 0 0 0 -1.29269
377 378 0.00696837 0 0 0 0 0 0 0.00696837
378 379 0.113145 0 -0.881456 0 0 0 0 -0.768312
380 381 0.0596323 0 -1.26226 0 0 0 0 -1.20262
381 382 0.0219068 0 -1.38538 0 0 0 0 -1.36347
382 383 0.0552518 0 -1.24692 0 0 0 0 -1.19167
383 384 0.0152342 0 0 0 0 0 0 0.0152342
384 385 0.0108611 0 -0 0 0 0 0 0.0108611
385 386 0.14217 0 -1.11472 0 0 0 0 -0.972549
386 387 0.0256765 0 0 0 0 0 0 0.0256765
387 388 0.129508 0 -1.2744 0 0 0 0 -1.14489
388 389 0.0699446 0 -1.19551 0 0 0 0 -1.12557
389 390 0.0401649 0 0 0 0 0 0 0.0401649
390 391 0.0794454 0 -1.0541 0 0 0 0 -0.974655
391 392 0.00796261 0 0 0 0 0 0 0.00796261
392 393 0.0552055 0 0 0 0 0 0 0.0552055
393 394 0.0667776 0 -1.30199 0 0 0 0 -1.23521
394 395 0.0220555 0 -1.13507 0 0 0 0 -1.11302
395 396 0.0309045 0 -1.32185 0 0 0 0 -1.29094
396 397 0.191355 0 -1.23159 0 0 0 0 -1.04024
397 398 0.304518 0 -0.612111 0 0 0 0 -0.307593
398 399 0.022431 0 0 0 0 0 0 0.022431
400 401 0.225514 0 -0 0 0 0 0 0.225514
401 402 0.0300523 0 -0 0 0 0 0 0.0300523
402 403 0.00104707 0 0 0 0 0 0 0.00104707
403 404 0.130066 0 0 0 0 0 0 0.130066
404 405 0.0813076 0 0 0 0 0 0 0.0813076
405 406 0.000612692 0 -1.37324 0 0 0 0 -1.37263
406 407 0.0271446 0 -1.23474 0 0 0 0 -1.20759
407 408 0.266243 0 -1.30949 0 0 0 0 -1.04325
408 409 0.00640101 0 -1.2532 0 0 0 0 -1.2468
409 410 0.0286704 0 -1.1046 0 0 0 0 -1.07592
410 411 0.0674989 0 -1.29361 0 0 0 0 -1.22612
411 412 0.0882454 0 0 0 0 0 0 0.0882454
412 413 0.00960335 0 0 0 0 0 0 0.00960335
413 414 0.037849 0 -1.34218 0 0 0 0 -1.30433
414 415 1.8156e-06 0 0 0 0 0 0 1.8156e-06
415 416 0.0146802 0 -1.31102 0 0 0 0 -1.29634
416 417 0.000809489 0 -1.18851 0 0 0 0 -1.1877
417 418 0.129292 0 -1.12882 0 0 0 0 -0.999526
418 419 0.00052643 0 -0.62711 0 0 0 0 -0.626583
420 421 0.00832626 0 0 0 0 0 0 0.00832626
421 422 0.110288 0 -0.951385 0 0 0 0 -0.841096
422 423 0.0762192 0 -0.988972 0 0 0 0 -0.912753
423 424 0.00113369 0 0 0 0 0 0 0.00113369
424 425 0.0933797 0 -1.20338 0 0 0 0 -1.11
425 426 0.159866 0 0 0 0 0 0 0.159866
426 427 0.0137993 0 0 0 0 0 0 0.0137993
427 428 0.0954467 0 0 0 0 0 0 0.0954467
428 429 0.0302946 0 -1.39201 0 0 0 0 -1.36171
429 430 0.0540283 0 -1.22994 0 0 0 0 -1.17591
430 431 0.000296791 0 -1.1415 0 0 0 0 -1.14121
431 432 0.0259053 0 -1.12038 0 0 0 0 -1.09448
432 433 0.0307769 0 -0 0 0 0 0 0.0307769
433 434 0.27728 0 -1.40454 0 0 0 0 -1.12726
434 435 0.00211574 0 -1.32985 0 0 0 0 -1.32773
435 436 0.00254132 0 -1.17473 0 0 0 0 -1.17219
436 437 0.145385 0 0 0 0 0 0 0.145385
437 438 0.219545 0 -0 0 0 0 0 0.219545
438 439 0.0039063 0 -0 0 0 0 0 0.0039063
440 441 0.0419802 0 -0.0720898 0 0 0 0 -0.0301097
441 442 0.0615135 0 -1.07154 0 0 0 0 -1.01002
442 443 0.00541015 0 0 0 0 0 0 0.00541015
443 444 0.0474383 0 0 0 0 0 0 0.0474383
444 445 0.0171034 0 -0.933438 0 0 0 0 -0.916335
445 446 0.110496 0 -1.2011 0 0 0 0 -1.09061
446 447 0.0540646 0 -1.31893 0 0 0 0 -1.26486
447 448 0.00282267 0 -1.45071 0 0 0 0 -1.44789
448 449 0.0462543 0 -1.27924 0 0 0 0 -1.23299
449 450 0.162247 0 -1.06648 0 0 0 0 -0.904236
450 451 4.50136e-05 0 0 0 0 0 0 4.50136e-05
451 452 0.0134168 0 -1.23154 0 0 0 0 -1.21812
452 453 0.00350697 0 -1.27635 0 0 0 0 -1.27284
453 454 0.075062 0 -1.37765 0 0 0 0 -1.30259
454 455 0.0408267 0 -1.44287 0 0 0 0 -1.40204
455 456 0.242197 0 -1.23349 0 0 0 0 -0.991289
456 457 0.000365667 0 0 0 0 0 0 0.000365667
457 458 0.0288303 0 -1.01879 0 0 0 0 -0.989961
458 459 0.0104977 0 0 0 0 0 0 0.0104977
460 461 0.00776621 0 0 0 0 0 0 0.00776621
461 462 0.0204545 0 -1.27778 0 0 0 0 -1.25732
462 463 0.00147817 0 -1.10283 0 0 0 0 -1.10136
463 464 0.00684436 0 -0.976909 0 0 0 0 -0.970065
464 465 0.00121585 0 -0.908222 0 0 0 0 -0.907006
465 466 0.000884587 0 -0 0 0 0 0 0.000884587
466 467 0.0251368 0 -0 0 0 0 0 0.0251368
467 468 0.0424288 0 0 0 0 0 0 0.0424288
468 469 0.0569939 0 -0.822266 0 0 0 0 -0.765272
469 470 0.0763576 0 -0.406302 0 0 0 0 -0.329944
470 471 0.229375 0 -1.24701 0 0 0 0 -1.01763
471 472 0.00248498 0 -1.41638 0 0 0 0 -1.41389
472 473 0.121033 0 0 0 0 0 0 0.121033
473 474 0.081988 0 0 0 0 0 0 0.081988
474 475 0.034946 0 -0.810373 0 0 0 0 -0.775427
475 476 0.0165454 0 -1.40393 0 0 0 0 -1.38738
476 477 0.0309628 0 -1.15385 0 0 0 0 -1.12289
477 478 0.00532934 0 -0.432134 0 0 0 0 -0.426804
478 479 0.138297 0 0 0 0 0 0 0.138297
480 481 0.0165553 0 -1.41009 0 0 0 0 -1.39353
481 482 0.000174137 0 -0.988472 0 0 0 0 -0.988298
482 483 0.021439 0 0 0 0 0 0 0.021439
483 484 0.0385539 0 -1.12834 0 0 0 0 -1.08979
484 485 0.019944 0 -0.956951 0 0 0 0 -0.937007
485 486 0.0488404 0 -1.10453 0 0 0 0 -1.05569
486 487 0.0101088 0 0 0 0 0 0 0.0101088
487 488 0.0014331 0 -1.20316 0 0 0 0 -1.20173
488 489 0.094589 0 -1.14576 0 0 0 0 -1.05117
489 490 0.419192 0 -1.44687 0 0 0 0 -1.02768
490 491 0.127567 0 -1.21487 0 0 0 0 -1.08731
491 492 0.0121124 0 0 0 0 0 0 0.0121124
492 493 0.00719828 0 -1.21481 0 0 0 0 -1.20761
493 494 0.0451829 0 0 0 0 0 0 0.0451829
494 495 0.148522 0 -1.40714 0 0 0 0 -1.25862
495 496 0.0217467 0 -0.889493 0 0 0 0 -0.867746
496 497 0.000413343 0 -1.21759 0 0 0 0 -1.21717
497 498 0.0395776 0 0 0 0 0 0 0.0395776
498 499 0.222383 0 0 0 0 0 0 0.222383
500 501 0.103367 0 0 0 0 0 0 0.103367
501 502 0.0611223 0 0 0 0 0 0 0.0611223
502 503 0.00918736 0 -1.27547 0 0 0 0 -1.26629
503 504 0.00115905 0 -1.06836 0 0 0 0 -1.0672
504 505 0.060916 0 -1.19426 0 0 0 0 -1.13334
505 506 0.0769125 0 -1.36124 0 0 0 0 -1.28432
506 507 0.0353861 0 -0 0 0 0 0 0.0353861
507 508 6.70429e-05 0 -1.20814 0 0 0 0 -1.20807
508 509 0.0481155 0 0 0 0 0 0 0.0481155
509 510 0.0166198 0 0 0 0 0 0 0.0166198
506 511 0 0 0 0 0 -0.000596269 0 -0.000596269
510 511 0.0668464 0 -1.17994 0 0 0 0 -1.11309
506 512 0 0 0 0 0 -0.177798 0 -0.177798
505 512 0 0 0 0 -0.810409 0 -0 -0.810409
504 512 0 0 0 0 0 -0.000173686 -0 -0.000173686
511 512 0.00134526 0 -0.597434 0 0 0 0 -0.596088
505 513 0 0 0 0 0 -0.165212 0 -0.165212
504 513 0 0 0 0 -0.801023 0 -0 -0.801023
503 513 0 0 0 0 0 -0.0988252 0 -0.0988252
512 513 0.000191952 0 -0.909039 0 0 0 0 -0.908847
504 514 0 0 0 0 0 -0.107349 0 -0.107349
503 514 0 0 0 0 -0.453267 -3.25643e-26 0 -0.453267
513 514 0.0133488 0 -1.17006 0 0 0 0 -1.15671
503 515 0 0 0 0 -0 -0.127722 0 -0.127722
502 515 0 0 0 0 0 -0.00224998 -0 -0.00224998
514 515 0.0487641 0 -1.10617 0 0 0 0 -1.05741
502 516 0 0 0 0 0 -8.7416e-05 0 -8.7416e-05
515 516 0.0302694 0 -0.11297 0 0 0 0 -0.0827003
516 517 0.0394315 0 0 0 0 0 0 0.0394315
517 518 0.00832853 0 -0.988487 0 0 0 0 -0.980159
518 519 0.00539642 0 -1.34334 0 0 0 0 -1.33795
520 521 0.0338901 0 0 0 0 0 0 0.0338901
521 522 0.110986 0 -1.35934 0 0 0 0 -1.24836
522 523 0.0288916 0 0 0 0 0 0 0.0288916
523 524 0.0962205 0 0 0 0 0 0 0.0962205
524 525 0.0103784 0 -1.24936 0 0 0 0 -1.23898
525 526 0.0366158 0 -1.01085 0 0 0 0 -0.974234
526 527 0.00436788 0 0 0 0 0 0 0.00436788
527 528 0.0603327 0 -0.959616 0 0 0 0 -0.899284
528 529 1.34331e-05 0 -1.28833 0 0 0 0 -1.28832
529 530 0.00546216 0 0 0 0 0 0 0.00546216
530 531 0.00225226 0 0 0 0 0 0 0.00225226
531 532 0.0276832 0 -1.01438 0 0 0 0 -0.986701
532 533 0.0117756 0 -1.30967 0 0 0 0 -1.2979
533 534 0.117728 0 0 0 0 0 0 0.117728
534 535 0.00145553 0 -1.20887 0 0 0 0 -1.20742
535 536 0.076066 0 -1.38885 0 0 0 0 -1.31278
536 537 0.07664 0 0 0 0 0 0 0.07664
537 538 0.137656 0 -1.00804 0 0 0 0 -0.87038
538 539 0.0050928 0 -1.40989 0 0 0 0 -1.4048
540 541 0.0241241 0 0 0 0 0 0 0.0241241
541 542 0.000611494 0 -0 0 0 0 0 0.000611494
542 543 0.00515712 0 0 0 0 0 0 0.00515712
543 544 0.00101014 0 -1.11439 0 0 0 0 -1.11338
544 545 0.001594 0 -1.08694 0 0 0 0 -1.08534
545 546 0.0678982 0 -0 0 0 0 0 0.0678982
546 547 0.0221419 0 -1.36722 0 0 0 0 -1.34507
547 548 0.0473886 0 -1.17409 0 0 0 0 -1.1267
548 549 0.00916656 0 -0.75805 0 0 0 0 -0.748884
549 550 2.27373e-05 0 -1.18859 0 0 0 0 -1.18857
550 551 0.160886 0 -1.26165 0 0 0 0 -1.10076
551 552 2.25242e-06 0 -1.2853 0 0 0 0 -1.28529
552 553 0.0730364 0 -0 0 0 0 0 0.0730364
553 554 0.075339 0 -1.06634 0 0 0 0 -0.990998
554 555 0.0390934 0 0 0 0 0 0 0.0390934
555 556 0.0260926 0 -0.859773 0 0 0 0 -0.83368
556 557 0.12668 0 -1.41442 0 0 0 0 -1.28774
557 558 0.105928 0 0 0 0 0 0 0.105928
558 559 0.0128876 0 -0.885202 0 0 0 0 -0.872314
560 561 0.0118385 0 0 0 0 0 0 0.0118385
561 562 0.0282877 0 -1.41682 0 0 0 0 -1.38853
562 563 0.0237469 0 0 0 0 0 0 0.0237469
563 564 0.0308503 0 -1.03984 0 0 0 0 -1.00899
564 565 0.00393851 0 -0.0536106 0 0 0 0 -0.049672
565 566 0.0468286 0 -1.32131 0 0 0 0 -1.27448
566 567 0.0329841 0 -1.27807 0 0 0 0 -1.24508
567 568 0.24271 0 -1.08268 0 0 0 0 -0.839967
568 569 0.125906 0 0 0 0 0 0 0.125906
569 570 0.052094 0 -0.175112 0 0 0 0 -0.123018
570 571 0.0552485 0 -0.863632 0 0 0 0 -0.808383
571 572 0.0508 0 0 0 0 0 0 0.0508
572 573 0.0613051 0 0 0 0 0 0 0.0613051
573 574 0.0091642 0 -1.0607 0 0 0 0 -1.05153
574 575 0.00364103 0 -0.769923 0 0 0 0 -0.766282
575 576 0.41637 0 0 0 0 0 0 0.41637
576 577 0.105757 0 -0.793881 0 0 0 0 -0.688124
577 578 0.15308 0 -1.15395 0 0 0 0 -1.00087
578 579 0.00136392 0 -1.17959 0 0 0 0 -1.17823
580 581 0.018826 0 0 0 0 0 0 0.018826
581 582 0.0485367 0 -1.20252 0 0 0 0 -1.15398
582 583 0.00967611 0 -1.36947 0 0 0 0 -1.3598
583 584 0.0227275 0 0 0 0 0 0 0.0227275
584 585 0.055973 0 -1.37687 0 0 0 0 -1.3209
585 586 0.0150398 0 -1.07938 0 0 0 0 -1.06434
586 587 0.0884165 0 0 0 0 0 0 0.0884165
587 588 0.0659771 0 -0 0 0 0 0 0.0659771
588 589 0.189531 0 -1.20711 0 0 0 0 -1.01758
589 590 0.129289 0 -1.15952 0 0 0 0 -1.03023
590 591 0.169933 0 -0.845008 0 0 0 0 -0.675075
591 592 0.0185457 0 -0.743053 0 0 0 0 -0.724508
592 593 0.0267928 0 -1.30432 0 0 0 0 -1.27752
593 594 0.0533564 0 -1.35069 0 0 0 0 -1.29733
594 595 0.0587197 0 -1.385 0 0 0 0 -1.32628
595 596 0.000335059 0 -1.3586 0 0 0 0 -1.35826
596 597 0.00515066 0 0 0 0 0 0 0.00515066
597 598 0.00595229 0 -1.11462 0 0 0 0 -1.10866
598 599 0.0215722 0 -0.881402 0 0 0 0 -0.859829
600 601 0.000331375 0 -0.981019 0 0 0 0 -0.980688
601 602 0.0246271 0 -1.1115 0 0 0 0 -1.08688
602 603 0.00709439 0 -0 0 0 0 0 0.00709439
603 604 0.0321298 0 -1.25665 0 0 0 0 -1.22452
604 605 0.00256719 0 -1.04803 0 0 0 0 -1.04547
605 606 0.000985861 0 -1.3055 0 0 0 0 -1.30452
606 607 0.00569709 0 0 0 0 0 0 0.00569709
607 608 0.0422869 0 -0 0 0 0 0 0.0422869
608 609 0.00108152 0 -1.29217 0 0 0 0 -1.29109
609 610 0.133537 0 0 0 0 0 0 0.133537
610 611 0.0859295 0 -0 0 0 0 0 0.0859295
611 612 0.0312205 0 -0.963869 0 0 0 0 -0.932649
612 613 0.0106751 0 -1.36808 0 0 0 0 -1.3574
613 614 0.0801186 0 -1.41842 0 0 0 0 -1.3383
614 615 0.00386068 0 -1.28293 0 0 0 0 -1.27907
615 616 0.190451 0 0 0 0 0 0 0.190451
616 617 0.219717 0 -1.36892 0 0 0 0 -1.14921
617 618 9.51899e-05 0 -1.27243 0 0 0 0 -1.27234
618 619 0.0591245 0 0 0 0 0 0 0.0591245
620 621 0.0545626 0 -0.890184 0 0 0 0 -0.835621
621 622 0.0217482 0 -0.850472 0 0 0 0 -0.828724
622 623 3.53081e-06 0 -1.16503 0 0 0 0 -1.16503
623 624 0.0162281 0 -1.11109 0 0 0 0 -1.09486
624 625 0.10295 0 -1.43695 0 0 0 0 -1.334
625 626 0.0556772 0 -1.18154 0 0 0 0 -1.12586
626 627 0.00803446 0 0 0 0 0 0 0.00803446
627 628 0.00118895 0 0 0 0 0 0 0.00118895
628 629 0.0890555 0 -0.69923 0 0 0 0 -0.610175
629 630 0.15854 0 -0.83364 0 0 0 0 -0.6751
630 631 0.475864 0 -1.10588 0 0 0 0 -0.630016
631 632 0.0233677 0 0 0 0 0 0 0.0233677
632 633 0.0693562 0 0 0 0 0 0 0.0693562
633 634 0.00381818 0 -0.960479 0 0 0 0 -0.956661
634 635 0.031344 0 0 0 0 0 0 0.031344
635 636 0.0174306 0 0 0 0 0 0 0.0174306
636 637 0.0657895 0 -1.22421 0 0 0 0 -1.15842
637 638 0.0707259 0 0 0 0 0 0 0.0707259
638 639 0.0550819 0 0 0 0 0 0 0.0550819
640 641 0.0375454 0 -1.25804 0 0 0 0 -1.2205
641 642 0.121825 0 -1.28102 0 0 0 0 -1.15919
642 643 0.055798 0 -1.04121 0 0 0 0 -0.985414
643 644 0.016461 0 0 0 0 0 0 0.016461
644 645 0.0257399 0 0 0 0 0 0 0.0257399
645 646 0.140013 0 -1.45767 0 0 0 0 -1.31766
646 647 0.182459 0 -1.24593 0 0 0 0 -1.06347
647 648 0.00275226 0 -1.21879 0 0 0 0 -1.21604
648 649 0.00629868 0 -0.967945 0 0 0 0 -0.961646
649 650 1.48014e-05 0 -1.1466 0 0 0 0 -1.14658
650 651 0.26556 0 0 0 0 0 0 0.26556
651 652 0.500815 0 -0.92556 0 0 0 0 -0.424744
652 653 0.0597475 0 0 0 0 0 0 0.0597475
653 654 0.034849 0 -1.24402 0 0 0 0 -1.20917
654 655 0.00050619 0 -0 0 0 0 0 0.00050619
655 656 0.000271026 0 0 0 0 0 0 0.000271026
656 657 0.0126778 0 0 0 0 0 0 0.0126778
657 658 0.175392 0.231868 -0 0 0 0 0 0.40726
658 659 0.0794343 0 -1.24193 0 0 0 0 -1.1625
660 661 0.0430053 0 0 0 0 0 0 0.0430053
661 662 0.138063 0 -0.957184 0 0 0 0 -0.819121
662 663 0.0427945 0 -1.19607 0 0 0 0 -1.15327
663 664 0.0317189 0 -1.2965 0 0 0 0 -1.26479
662 665 0 0 0 0 0 -7.67566e-05 0 -7.67566e-05
664 665 0.0115709 0 0 0 0 0 0 0.0115709
665 666 0.0351337 0 0 0 0 0 0 0.0351337
666 667 0.0723157 0 -0.574686 0 0 0 0 -0.50237
667 668 0.247108 0 -1.13363 0 0 0 0 -0.886519
668 669 0.185812 0 -1.11689 0 0 0 0 -0.931075
669 670 0.00225499 0 0 0 0 0 0 0.00225499
670 671 0.117895 0 0 0 0 0 0 0.117895
671 672 0.0765069 0 -1.07322 0 0 0 0 -0.996718
672 673 0.0635996 0 0 0 0 0 0 0.0635996
673 674 0.0142372 0 0 0 0 0 0 0.0142372
674 675 0.130325 0 0 0 0 0 0 0.130325
675 676 0.150406 0 -1.2802 0 0 0 0 -1.12979
676 677 0.0144699 0 -1.1485 0 0 0 0 -1.13403
677 678 0.0136096 0 -1.18824 0 0 0 0 -1.17463
678 679 0.207942 0 0 0 0 0 0 0.207942
680 681 0.257908 0 0 0 0 0 0 0.257908
681 682 0.107494 0 0 0 0 0 0 0.107494
682 683 0.0051107 0 -0.967492 0 0 0 0 -0.962381
683 684 0.0528012 0 -1.07265 0 0 0 0 -1.01985
684 685 0.0290712 0 0 0 0 0 0 0.0290712
685 686 0.0160895 0 0 0 0 0 0 0.0160895
686 687 0.0182046 0 0 0 0 0 0 0.0182046
687 688 0.00679433 0 -0 0 0 0 0 0.00679433
688 689 0.0248744 0 0 0 0 0 0 0.0248744
689 690 0.122077 0 -1.44889 0 0 0 0 -1.32682
690 691 0.00408905 0 -1.38243 0 0 0 0 -1.37834
691 692 0.00123566 0 -0.829623 0 0 0 0 -0.828387
692 693 0.00187616 0 -1.36866 0 0 0 0 -1.36679
693 694 0.000723996 0 -1.30561 0 0 0 0 -1.30489
694 695 0.0172472 0 -1.07641 0 0 0 0 -1.05917
695 696 0.0237423 0 0 0 0 0 0 0.0237423
696 697 0.0612064 0 -1.02984 0 0 0 0 -0.968631
697 698 0.095657 0 -1.29536 0 0 0 0 -1.1997
698 699 0.000141161 0 0 0 0 0 0 0.000141161
700 701 9.30459e-05 0 -1.38058 0 0 0 0 -1.38049
701 702 0.0215958 0 0 0 0 0 0 0.0215958
702 703 0.221806 0 -1.36683 0 0 0 0 -1.14503
703 704 0.00828798 0 -1.38916 0 0 0 0 -1.38087
704 705 0.0309326 0 -1.10472 0 0 0 0 -1.07379
705 706 0.00973448 0 0 0 0 0 0 0.00973448
706 707 0.00082281 0 0 0 0 0 0 0.00082281
707 708 0.0496022 0 0 0 0 0 0 0.0496022
708 709 0.0453176 0 0 0 0 0 0 0.0453176
707 710 0 0 0 0 0 0 -4.15048e-16 -4.15048e-16
709 710 0.000249568 0 0 0 0 0 0 0.000249568
710 711 0.00610243 0 -1.15649 0 0 0 0 -1.15038
711 712 0.0147485 0 -0.98399 0 0 0 0 -0.969242
712 713 0.000312363 0 -1.19926 0 0 0 0 -1.19895
713 714 0.0533589 0 -1.00013 0 0 0 0 -0.946773
714 715 0.00982067 0 -0 0 0 0 0 0.00982067
715 716 0.20258 0 -0.703821 0 0 0 0 -0.50124
716 717 0.000758714 0 0 0 0 0 0 0.000758714
717 718 0.0200748 0 0 0 0 0 0 0.0200748
718 719 0.0055825 0 -0.974562 0 0 0 0 -0.96898
720 721 0.186895 0 0 0 0 0 0 0.186895
721 722 0.0201381 0 -1.23268 0 0 0 0 -1.21254
722 723 0.0429904 0 0 0 0 0 0 0.0429904
723 724 0.0276779 0 -1.19049 0 0 0 0 -1.16281
724 725 0.109481 0 -1.42298 0 0 0 0 -1.3135
725 726 0.0822581 0 -0.719765 0 0 0 0 -0.637507
725 727 0 0 0 0.17493 0 0 0 0.17493
726 727 0.207895 0 0 0 0 0 0 0.207895
727 728 0.0149455 0 0 0 0 0 0 0.0149455
728 729 0.00604016 0 -1.43258 0 0 0 0 -1.42654
729 730 0.0115015 0 -1.32848 0 0 0 0 -1.31697
730 731 0.00274703 0 -1.18391 0 0 0 0 -1.18116
731 732 0.0201054 0 -0 0 0 0 0 0.0201054
732 733 0.0117324 0 0 0 0 0 0 0.0117324
733 734 0.0397388 0 -1.2988 0 0 0 0 -1.25906
734 735 0.0134289 0 -0.631054 0 0 0 0 -0.617625
735 736 0.277212 0 -0.853153 0 0 0 0 -0.575941
736 737 0.032665 0 -1.31537 0 0 0 0 -1.2827
737 738 6.3825e-05 0 -0.666874 0 0 0 0 -0.66681
738 739 0.0769364 0 0 0 0 0 0 0.0769364
740 741 0.0592793 0 0 0 0 0 0 0.0592793
741 742 0.0485229 0 -0.861197 0 0 0 0 -0.812674
742 743 0.0965014 0 -0 0 0 0 0 0.0965014
743 744 0.000580766 0 -0.0154891 0 0 0 0 -0.0149083
744 745 0.0513013 0 -0 0 0 0 0 0.0513013
745 746 0.248267 0 -0.945278 0 0 0 0 -0.697011
746 747 0.0094896 0 0 0 0 0 0 0.0094896
747 748 0.0538956 0 -1.36615 0 0 0 0 -1.31225
748 749 0.086739 0 -0.794461 0 0 0 0 -0.707722
749 750 0.142656 0 -1.00089 0 0 0 0 -0.858233
750 751 0.0363645 0 -1.28392 0 0 0 0 -1.24756
751 752 0.0878544 0 -1.07862 0 0 0 0 -0.99077
752 753 0.434502 0 -1.16845 0 0 0 0 -0.733948
753 754 0.0941202 0 0 0 0 0 0 0.0941202
754 755 0.000552105 0 -1.26575 0 0 0 0 -1.2652
755 756 0.00240154 0 0 0 0 0 0 0.00240154
756 757 0.00159518 0 0 0 0 0 0 0.00159518
757 758 0.00140874 0 -1.1938 0 0 0 0 -1.1924
757 759 0 0 0 0 -0 -4.31401e-06 0 -4.31401e-06
758 759 0.0302708 0 -0.830136 0 0 0 0 -0.799865
760 761 0.00604501 0 -1.3099 0 0 0 0 -1.30385
761 762 0.0586079 0 -0.86818 0 0 0 0 -0.809573
762 763 0.00012243 0 0 0 0 0 0 0.00012243
763 764 0.0433126 0 0 0 0 0 0 0.0433126
764 765 0.0295125 0 -0.926484 0 0 0 0 -0.896972
765 766 0.0109292 0 -0 0 0 0 0 0.0109292
766 767 0.0781649 0 -1.26035 0 0 0 0 -1.18219
767 768 0.00655771 0 -0.968748 0 0 0 0 -0.96219
768 769 0.0401673 0 0 0 0 0 0 0.0401673
769 770 0.0230941 0 0 0 0 0 0 0.0230941
770 771 0.279377 0 0 0 0 0 0 0.279377
771 772 0.00958347 0 -0.871095 0 0 0 0 -0.861512
772 773 0.0831286 0 -1.35814 0 0 0 0 -1.27502
773 774 0.0298307 0 -1.28269 0 0 0 0 -1.25286
774 775 0.016219 0 0 0 0 0 0 0.016219
775 776 0.00684792 0 -0 0 0 0 0 0.00684792
776 777 0.0481018 0 -1.29741 0 0 0 0 -1.2493
777 778 0.036753 0 -0.943017 0 0 0 0 -0.906264
778 779 0.0206892 0 0 0 0 0 0 0.0206892
780 781 0.0489991 0 -1.08218 0 0 0 0 -1.03318
781 782 0.000493782 0 -1.40226 0 0 0 0 -1.40176
782 783 0.0542896 0 -1.39906 0 0 0 0 -1.34478
783 784 0.00121684 0 0 0 0 0 0 0.00121684
784 785 0.0077139 0 -1.31105 0 0 0 0 -1.30333
785 786 0.0218596 0 -1.32644 0 0 0 0 -1.30458
786 787 1.16605e-05 0 0 0 0 0 0 1.16605e-05
787 788 0.0370213 0 0 0 0 0 0 0.0370213
788 789 0.0156006 0 0 0 0 0 0 0.0156006
789 790 0.0170352 0 0 0 0 0 0 0.0170352
790 791 0.152995 0 -1.02236 0 0 0 0 -0.869366
791 792 0.0339069 0 0 0 0 0 0 0.0339069
792 793 0.00317345 0 -0 0 0 0 0 0.00317345
793 794 0.181471 0 0 0 0 0 0 0.181471
794 795 6.066e-05 0 -0.98121 0 0 0 0 -0.981149
795 796 0.0113323 0 0 0 0 0 0 0.0113323
796 797 0.0486191 0 -0.588886 0 0 0 0 -0.540267
797 798 0.0562612 0 0 0 0 0 0 0.0562612
798 799 0.052758 0 -1.20532 0 0 0 0 -1.15257
800 801 0.00578524 0 0 0 0 0 0 0.00578524
801 802 2.59605e-05 0 -1.16814 0 0 0 0 -1.16811
802 803 0.0411349 0 -1.3054 0 0 0 0 -1.26427
803 804 0.000739656 0 0 0 0 0 0 0.000739656
804 805 0.000870407 0 0 0 0 0 0 0.000870407
805 806 0.00865971 0 -1.23299 0 0 0 0 -1.22433
806 807 0.396535 0 -1.30394 0 0 0 0 -0.907407
807 808 0.117276 0 -1.0499 0 0 0 0 -0.93262
808 809 0.0760899 0 -0.930912 0 0 0 0 -0.854822
809 810 0.0060976 0 -1.10064 0 0 0 0 -1.09454
810 811 0.0215587 0 -0.770371 0 0 0 0 -0.748812
811 812 0.000190861 0 0 0 0 0 0 0.000190861
812 813 0.117275 0 -1.18515 0 0 0 0 -1.06788
813 814 0.00842024 0 0 0 0 0 0 0.00842024
814 815 0.19427 0 -1.30852 0 0 0 0 -1.11425
815 816 0.000462241 0 -1.16644 0 0 0 0 -1.16597
816 817 0.00337501 0 -1.1465 0 0 0 0 -1.14313
817 818 0.0903708 0 -0.903006 0 0 0 0 -0.812635
818 819 0.0308361 0 -1.25248 0 0 0 0 -1.22165
820 821 0.0532551 0 -1.16782 0 0 0 0 -1.11456
821 822 0.0714223 0 -1.08844 0 0 0 0 -1.01702
822 823 0.000833246 0 -1.22851 0 0 0 0 -1.22768
823 824 0.0102296 0 0 0 0 0 0 0.0102296
824 825 0.0278248 0 -1.10655 0 0 0 0 -1.07873
825 826 0.104564 0 -1.08704 0 0 0 0 -0.982479
826 827 0.000754809 0 -1.34429 0 0 0 0 -1.34354
827 828 0.0314058 0 0 0 0 0 0 0.0314058
828 829 0.0201062 0 0 0 0 0 0 0.0201062
829 830 0.00186054 0 0 0 0 0 0 0.00186054
830 831 0.25367 0 0 0 0 0 0 0.25367
831 832 0.0108028 0 0 0 0 0 0 0.0108028
832 833 0.00656511 0 -0.738786 0 0 0 0 -0.732221
833 834 0.0615887 0 0 0 0 0 0 0.0615887
834 835 9.5753e-07 0 -0.81438 0 0 0 0 -0.814379
835 836 0.014282 0 -1.21889 0 0 0 0 -1.2046
836 837 0.00800509 0 -1.02061 0 0 0 0 -1.0126
837 838 0.0178456 0 0 0 0 0 0 0.0178456
838 839 0.0168885 0 -0.921355 0 0 0 0 -0.904466
840 841 0.0879987 0 0 0 0 0 0 0.0879987
841 842 0.00655605 0 -1.08896 0 0 0 0 -1.08241
842 843 0.176461 0 -1.40288 0 0 0 0 -1.22641
843 844 0.0784327 0 -1.25715 0 0 0 0 -1.17872
844 845 0.0101445 0 0 0 0 0 0 0.0101445
845 846 0.00369224 0 -1.16131 0 0 0 0 -1.15762
846 847 0.203409 0 -1.06999 0 0 0 0 -0.866582
847 848 0.0157853 0 0 0 0 0 0 0.0157853
848 849 0.0206851 0 -1.00856 0 0 0 0 -0.987872
849 850 0.000146579 0 -1.40633 0 0 0 0 -1.40619
850 851 0.116684 0 -1.29404 0 0 0 0 -1.17736
851 852 0.00297077 0 0 0 0 0 0 0.00297077
852 853 0.0116408 0 -1.29344 0 0 0 0 -1.2818
853 854 0.00683219 0 -1.3301 0 0 0 0 -1.32327
854 855 0.185454 0 0 0 0 0 0 0.185454
855 856 0.0593776 0 0 0 0 0 0 0.0593776
856 857 0.06648 0 -1.11479 0 0 0 0 -1.04831
857 858 0.0846044 0 -1.22248 0 0 0 0 -1.13788
858 859 0.00337998 0 0 0 0 0 0 0.00337998
860 861 0.164236 0 -0.84628 0 0 0 0 -0.682044
861 862 0.00428296 0 0 0 0 0 0 0.00428296
862 863 0.0353613 0 -0.592644 0 0 0 0 -0.557282
863 864 0.000735045 0 -1.15353 0 0 0 0 -1.15279
864 865 0.130404 0 0 0 0 0 0 0.130404
865 866 0.000824591 0 -1.02802 0 0 0 0 -1.0272
866 867 0.024272 0 0 0 0 0 0 0.024272
867 868 0.0431759 0 -0.340359 0 0 0 0 -0.297183
868 869 0.00333217 0 0 0 0 0 0 0.00333217
869 870 0.100574 0 0 0 0 0 0 0.100574
870 871 6.17357e-05 0 0 0 0 0 0 6.17357e-05
871 872 0.000504036 0 -1.00121 0 0 0 0 -1.00071
872 873 0.277638 0 0 0 0 0 0 0.277638
873 874 2.87695e-06 0 -1.37937 0 0 0 0 -1.37937
874 875 0.112033 0 -1.14857 0 0 0 0 -1.03653
875 876 0.0211893 0 0 0 0 0 0 0.0211893
876 877 0.117605 0 -1.253 0 0 0 0 -1.13539
877 878 0.0709228 0 -1.21517 0 0 0 0 -1.14425
878 879 0.0386313 0 -1.30799 0 0 0 0 -1.26936
880 881 0.00925752 0 0 0 0 0 0 0.00925752
881 882 0.0960341 0 0 0 0 0 0 0.0960341
882 883 0.00257108 0 0 0 0 0 0 0.00257108
883 884 0.00173403 0 0 0 0 0 0 0.00173403
884 885 0.0761025 0 0 0 0 0 0 0.0761025
885 886 0.00591993 0 -0 0 0 0 0 0.00591993
886 887 0.0212304 0 -1.32325 0 0 0 0 -1.30202
887 888 0.24871 0 0 0 0 0 0 0.24871
888 889 0.0451201 0 0 0 0 0 0 0.0451201
889 890 0.00479829 0 0 0 0 0 0 0.00479829
890 891 0.0945242 0 -0.853368 0 0 0 0 -0.758843
891 892 0.000738453 0 0 0 0 0 0 0.000738453
892 893 0.101634 0 0 0 0 0 0 0.101634
893 894 0.00127705 0 0 0 0 0 0 0.00127705
894 895 0.000331185 0 0 0 0 0 0 0.000331185
895 896 0.0152273 0 -1.09347 0 0 0 0 -1.07824
896 897 0.0259173 0 -1.23662 0 0 0 0 -1.2107
897 898 0.109109 0 -1.13889 0 0 0 0 -1.02978
898 899 0.109777 0 -1.0618 0 0 0 0 -0.952027
900 901 0.0125107 0 0 0 0 0 0 0.0125107
901 902 0.0551152 0 -0.961389 0 0 0 0 -0.906274
902 903 0.00280746 0 -1.24811 0 0 0 0 -1.24531
903 904 0.0568428 0 0 0 0 0 0 0.0568428
904 905 0.0491506 0 -1.34543 0 0 0 0 -1.29628
905 906 0.117482 0 -1.40344 0 0 0 0 -1.28596
906 907 0.000545411 0 0 0 0 0 0 0.000545411
907 908 0.00225888 0 0 0 0 0 0 0.00225888
908 909 0.00815789 0 0 0 0 0 0 0.00815789
909 910 0.0363679 0 -1.40243 0 0 0 0 -1.36606
910 911 0.074383 0 -1.33128 0 0 0 0 -1.2569
911 912 0.0277798 0 -1.1266 0 0 0 0 -1.09882
912 913 0.000678816 0 0 0 0 0 0 0.000678816
913 914 0.000926193 0 0 0 0 0 0 0.000926193
914 915 0.143662 0 -1.29501 0 0 0 0 -1.15135
915 916 0.0731514 0 -1.2813 0 0 0 0 -1.20815
916 917 0.0372676 0 -0.831762 0 0 0 0 -0.794495
917 918 0.000820343 0 0 0 0 0 0 0.000820343
918 919 0.00179155 0 -1.18528 0 0 0 0 -1.18349
920 921 0.0349977 0 -1.2493 0 0 0 0 -1.2143
921 922 0.0547814 0 0 0 0 0 0 0.0547814
922 923 0.0403956 0 0 0 0 0 0 0.0403956
923 924 0.0201939 0 0 0 0 0 0 0.0201939
924 925 0.000129283 0 0 0 0 0 0 0.000129283
925 926 0.0564829 0 0 0 0 0 0 0.0564829
926 927 0.0539083 0 -1.21072 0 0 0 0 -1.15681
927 928 0.0324378 0 -0 0 0 0 0 0.0324378
928 929 0.0246014 0 -0 0 0 0 0 0.0246014
929 930 0.0815799 0 -1.02432 0 0 0 0 -0.942745
930 931 0.146897 0 0 0 0 0 0 0.146897
931 932 0.00893307 0 0 0 0 0 0 0.00893307
932 933 0.0202176 0 -0.854844 0 0 0 0 -0.834626
933 934 0.0278213 0 -1.3488 0 0 0 0 -1.32098
934 935 6.23748e-06 0 0 0 0 0 0 6.23748e-06
935 936 0.00170636 0 0 0 0 0 0 0.00170636
936 937 0.134867 0 0 0 0 0 0 0.134867
937 938 0.0294015 0 0 0 0 0 0 0.0294015
938 939 0.0981459 0 -1.00959 0 0 0 0 -0.91144
940 941 0.00814716 0 0 0 0 0 0 0.00814716
941 942 0.0532747 0 -1.40763 0 0 0 0 -1.35436
942 943 0.106916 0 0 0 0 0 0 0.106916
943 944 0.155496 0 -1.0067 0 0 0 0 -0.851201
944 945 0.000676708 0 0 0 0 0 0 0.000676708
945 946 0.00783872 0 -1.29225 0 0 0 0 -1.28441
946 947 0.0677002 0 -1.11681 0 0 0 0 -1.04911
947 948 0.0491815 0 0 0 0 0 0 0.0491815
948 949 0.0281376 0 -0.97858 0 0 0 0 -0.950443
949 950 0.000540368 0 -0.92378 0 0 0 0 -0.92324
950 951 0.00218289 0 -1.07121 0 0 0 0 -1.06903
951 952 0.00315615 0 0 0 0 0 0 0.00315615
952 953 0.000129331 0 -1.15236 0 0 0 0 -1.15223
953 954 0.000291029 0 0 0 0 0 0 0.000291029
954 955 0.0425047 0 0 0 0 0 0 0.0425047
955 956 0.0259598 0 -0.534305 0 0 0 0 -0.508345
956 957 0.577367 0 -1.36851 0 0 0 0 -0.791146
957 958 0.000142801 0 -1.09238 0 0 0 0 -1.09223
958 959 0.0020306 0 -0 0 0 0 0 0.0020306
960 961 0.0266624 0 -1.19637 0 0 0 0 -1.16971
961 962 0.0254807 0 -0.921988 0 0 0 0 -0.896508
962 963 0.0386554 0 0 0 0 0 0 0.0386554
963 964 0.0825245 0 0 0 0 0 0 0.0825245
964 965 0.0154111 0 -1.30882 0 0 0 0 -1.29341
965 966 0.000275186 0 -1.21162 0 0 0 0 -1.21134
966 967 0.0311017 0 -0.997997 0 0 0 0 -0.966895
967 968 0.039091 0 -1.2479 0 0 0 0 -1.2088
968 969 0.0498208 0 -1.42378 0 0 0 0 -1.37396
969 970 0.0730087 0 -0.587448 0 0 0 0 -0.514439
970 971 0.0526831 0 -1.0291 0 0 0 0 -0.976419
971 972 0.0102655 0 -1.2937 0 0 0 0 -1.28343
972 973 0.132754 0 -0.978137 0 0 0 0 -0.845384
973 974 4.93083e-06 0 0 0 0 0 0 4.93083e-06
974 975 0.0547844 0 -1.18658 0 0 0 0 -1.13179
975 976 0.203663 0 0 0 0 0 0 0.203663
976 977 0.175095 0 -1.02182 0 0 0 0 -0.846724
977 978 0.00172259 0 -1.14255 0 0 0 0 -1.14083
978 979 0.0109702 0 0 0 0 0 0 0.0109702
980 981 0.0400643 0 -1.36763 0 0 0 0 -1.32757
981 982 0.121391 0 -1.22383 0 0 0 0 -1.10244
982 983 5.23694e-06 0 0 0 0 0 0 5.23694e-06
983 984 0.00010835 0 -1.18484 0 0 0 0 -1.18473
984 985 0.340102 0 0 0 0 0 0 0.340102
985 986 0.000164599 0 -1.134 0 0 0 0 -1.13383
986 987 0.0209193 0 -1.19045 0 0 0 0 -1.16953
987 988 0.00880954 0 -1.18993 0 0 0 0 -1.18112
988 989 0.0509567 0 -0.782082 0 0 0 0 -0.731126
989 990 0.10162 0 -1.25767 0 0 0 0 -1.15605
990 991 1.96606e-05 0 -0 0 0 0 0 1.96606e-05
991 992 0.00172101 0 0 0 0 0 0 0.00172101
992 993 0.00492068 0 -1.14986 0 0 0 0 -1.14494
993 994 0.014486 0 -1.34311 0 0 0 0 -1.32863
994 995 0.206766 0 -0.803472 0 0 0 0 -0.596705
995 996 0.0938732 0 0 0 0 0 0 0.0938732
996 997 0.00571337 0 -1.43046 0 0 0 0 -1.42475
997 998 0.385615 0 0 0 0 0 0 0.385615
998 999 0.0477751 0 -0.979616 0 0 0 0 -0.931841
#Total energy per particle is  -0.591827 and should be -0.59182710
