#id1 id2 FENE BEXC STCK NEXC HB CRSTCK CXSTCK total, t = 200000
0 1 0.000974657 0 -1.44921 0 0 0 0 -1.44824
1 2 0.0228146 0 -1.03962 0 0 0 0 -1.0168
2 3 0.0387392 0 -0.666443 0 0 0 0 -0.627704
3 4 0.177507 0 -1.1478 0 0 0 0 -0.97029
4 5 0.0017099 0 0 0 0 0 0 0.0017099
5 6 0.00800658 0 -1.14239 0 0 0 0 -1.13438
6 7 0.00922719 0 -1.12853 0 0 0 0 -1.11931
7 8 0.1323 0 0 0 0 0 0 0.1323
8 9 0.0106415 0 -1.12668 0 0 0 0 -1.11604
9 10 0.00471311 0 0 0 0 0 0 0.00471311
10 11 0.00904166 0 0 0 0 0 0 0.00904166
11 12 0.0676301 0 -1.23718 0 0 0 0 -1.16955
12 13 0.00237958 0 -1.38704 0 0 0 0 -1.38467
13 14 0.0672658 0 -1.39097 0 0 0 0 -1.32371
14 15 0.0714851 0 -1.42085 0 0 0 0 -1.34936
15 16 0.0767929 0 0 0 0 0 0 0.0767929
16 17 0.0651248 0 -0 0 0 0 0 0.0651248
17 18 0.0434757 0 -1.32518 0 0 0 0 -1.28171
18 19 0.0420133 0 0 0 0 0 0 0.0420133
20 21 0.0760777 0 -0.974168 0 0 0 0 -0.89809
21 22 0.0648001 0 -0.581135 0 0 0 0 -0.516335
22 23 0.0205184 0 -1.25012 0 0 0 0 -1.2296
23 24 0.161615 0 0 0 0 0 0 0.161615
24 25 0.00442692 0 -1.39353 0 0 0 0 -1.3891
25 26 0.032713 0 0 0 0 0 0 0.032713
26 27 0.0724908 0 0 0 0 0 0 0.0724908
27 28 0.00339526 0 -1.13718 0 0 0 0 -1.13379
28 29 3.02699e-05 0 -1.2706 0 0 0 0 -1.27057
29 30 0.167419 0 -1.31395 0 0 0 0 -1.14653
30 31 0.00169004 0 -0.982556 0 0 0 0 -0.980866
31 32 0.372074 0 -1.25877 0 0 0 0 -0.886696
32 33 0.012502 0 0 0 0 0 0 0.012502
33 34 0.000899513 0 -1.35045 0 0 0 0 -1.34955
34 35 0.080247 0 -1.19031 0 0 0 0 -1.11007
35 36 0.00347926 0 -1.12209 0 0 0 0 -1.11861
36 37 0.114876 0 0 0 0 0 0 0.114876
37 38 0.011834 0 0 0 0 0 0 0.011834
38 39 3.95605e-05 0 -0.565977 0 0 0 0 -0.565937
40 41 0.00658347 0 -1.42405 0 0 0 0 -1.41747
41 42 0.00142994 0 0 0 0 0 0 0.00142994
42 43 0.252854 0 -0.85498 0 0 0 0 -0.602126
43 44 2.98784e-05 0 -1.20381 0 0 0 0 -1.20378
44 45 0.00444632 0 0 0 0 0 0 0.00444632
45 46 0.00104067 0 -0.866517 0 0 0 0 -0.865476
46 47 0.109339 0 -1.32898 0 0 0 0 -1.21964
47 48 0.0739083 0 -1.1152 0 0 0 0 -1.04129
48 49 0.0159186 0 -1.18604 0 0 0 0 -1.17012
49 50 0.000220189 0 0 0 0 0 0 0.000220189
50 51 0.00924558 0 0 0 0 0 0 0.00924558
51 52 0.0178797 0 -1.19164 0 0 0 0 -1.17376
52 53 0.0828439 0 -0.906524 0 0 0 0 -0.82368
53 54 0.00059872 0 0 0 0 0 0 0.00059872
54 55 0.0234162 0 0 0 0 0 0 0.0234162
55 56 0.0681037 0 -0.989892 0 0 0 0 -0.921789
56 57 0.020808 0 -0 0 0 0 0 0.020808
57 58 0.00115995 0 -0 0 0 0 0 0.00115995
58 59 0.0343938 0 0 0 0 0 0 0.0343938
60 61 0.00418743 0 -1.16576 0 0 0 0 -1.16157
61 62 1.07497e-05 0 -0 0 0 0 0 1.07497e-05
62 63 0.00102446 0 -1.45149 0 0 0 0 -1.45047
63 64 0.00334537 0 -0 0 0 0 0 0.00334537
64 65 0.0730798 0 0 0 0 0 0 0.0730798
65 66 0.00717028 0 0 0 0 0 0 0.00717028
66 67 0.218512 0 -1.33288 0 0 0 0 -1.11437
67 68 0.000179932 0 0 0 0 0 0 0.000179932
68 69 0.158938 0 -1.29406 0 0 0 0 -1.13512
69 70 0.100245 0 0 0 0 0 0 0.100245
70 71 0.00148453 0 -0.683861 0 0 0 0 -0.682376
71 72 0.0812106 0 -1.29161 0 0 0 0 -1.2104
72 73 0.0443074 0 -1.15791 0 0 0 0 -1.11361
73 74 0.00815518 0 0 0 0 0 0 0.00815518
74 75 0.0445871 0 0 0 0 0 0 0.0445871
75 76 0.000376923 0 0 0 0 0 0 0.000376923
76 77 0.0579761 0 0 0 0 0 0 0.0579761
77 78 0.388421 0 -1.25315 0 0 0 0 -0.864733
78 79 0.00286197 0 0 0 0 0 0 0.00286197
80 81 0.0549952 0 -0.767476 0 0 0 0 -0.712481
81 82 0.0196377 0 -1.23181 0 0 0 0 -1.21217
82 83 0.000531124 0 -1.29238 0 0 0 0 -1.29185
83 84 0.0460059 0 -1.17194 0 0 0 0 -1.12593
84 85 0.00327302 0 -1.25299 0 0 0 0 -1.24972
85 86 0.0785875 0 0 0 0 0 0 0.0785875
86 87 0.0212186 0 -0 0 0 0 0 0.0212186
87 88 0.0154564 0 -1.31068 0 0 0 0 -1.29523
88 89 0.0929187 0 -1.26679 0 0 0 0 -1.17387
89 90 0.140154 0 -1.1557 0 0 0 0 -1.01555
90 91 0.063171 0 0 0 0 0 0 0.063171
91 92 0.084148 0 -1.09592 0 0 0 0 -1.01177
92 93 0.031803 0 -1.04442 0 0 0 0 -1.01262
93 94 0.073436 0 0 0 0 0 0 0.073436
94 95 0.193507 0 -1.16594 0 0 0 0 -0.972429
95 96 0.0355042 0 -1.26593 0 0 0 0 -1.23043
96 97 0.234194 0 -1.27641 0 0 0 0 -1.04222
97 98 0.000259994 0 0 0 0 0 0 0.000259994
98 99 0.00623972 0 0 0 0 0 0 0.00623972
100 101 0.04062 0 -1.12398 0 0 0 0 -1.08336
101 102 0.0220387 0 0 0 0 0 0 0.0220387
102 103 0.00425453 0 0 0 0 0 0 0.00425453
103 104 0.0767164 0 -1.314 0 0 0 0 -1.23729
104 105 0.000139274 0 0 0 0 0 0 0.000139274
105 106 0.164185 0 -1.42953 0 0 0 0 -1.26534
106 107 0.213384 0 -1.02168 0 0 0 0 -0.808297
107 108 0.171922 0 -1.26471 0 0 0 0 -1.09279
108 109 0.00268673 0 -1.13743 0 0 0 0 -1.13475
109 110 0.0337349 0 -1.03766 0 0 0 0 -1.00393
110 111 0.0237931 0 0 0 0 0 0 0.0237931
111 112 0.0102042 0 0 0 0 0 0 0.0102042
112 113 0.0504766 0 -0 0 0 0 0 0.0504766
113 114 0.0168696 0 0 0 0 0 0 0.0168696
114 115 0.0625482 0 -1.10157 0 0 0 0 -1.03902
115 116 0.0743318 0 -0.896732 0 0 0 0 -0.8224
116 117 0.201446 0 -1.10582 0 0 0 0 -0.904378
117 118 4.87396e-05 0 0 0 0 0 0 4.87396e-05
118 119 0.010899 0 -1.38188 0 0 0 0 -1.37099
120 121 0.199864 0 -1.26605 0 0 0 0 -1.06619
121 122 0.0526246 0 -1.16745 0 0 0 0 -1.11483
122 123 0.0380376 0 -1.27273 0 0 0 0 -1.23469
123 124 0.0284619 0 -1.33791 0 0 0 0 -1.30944
124 125 0.106525 0 -1.35915 0 0 0 0 -1.25263
125 126 0.000497557 0 0 0 0 0 0 0.000497557
126 127 0.0075335 0 -1.18127 0 0 0 0 -1.17373
127 128 0.290474 0 0 0 0 0 0 0.290474
128 129 0.0241304 0 -1.3336 0 0 0 0 -1.30947
129 130 0.00992729 0 0 0 0 0 0 0.00992729
130 131 0.0464668 0 -1.00892 0 0 0 0 -0.962453
131 132 0.100436 0 0 0 0 0 0 0.100436
132 133 0.0145373 0 0 0 0 0 0 0.0145373
133 134 0.00560839 0 0 0 0 0 0 0.00560839
134 135 0.0769779 0 -1.20839 0 0 0 0 -1.13141
135 136 3.09666e-05 0 0 0 0 0 0 3.09666e-05
136 137 0.00903963 0 0 0 0 0 0 0.00903963
137 138 0.0313492 0 0 0 0 0 0 0.0313492
138 139 0.0122762 0 -0.877142 0 0 0 0 -0.864866
140 141 0.0272234 0 -1.43177 0 0 0 0 -1.40455
141 142 0.105478 0 0 0 0 0 0 0.105478
142 143 0.0222552 0 -1.23376 0 0 0 0 -1.2115
143 144 0.00642838 0 -1.16777 0 0 0 0 -1.16134
144 145 0.00103941 0 -1.2199 0 0 0 0 -1.21886
145 146 0.313794 0 -1.21912 0 0 0 0 -0.905328
146 147 0.0189583 0 -1.06871 0 0 0 0 -1.04975
147 148 0.049015 0 -1.13308 0 0 0 0 -1.08406
148 149 0.0536425 0 0 0 0 0 0 0.0536425
149 150 0.189195 0 0 0 0 0 0 0.189195
150 151 0.237329 0 -0 0 0 0 0 0.237329
151 152 0.0568538 0 0 0 0 0 0 0.0568538
152 153 0.00155313 0 -0.513283 0 0 0 0 -0.51173
153 154 0.00173035 0.0473394 -0 0 0 0 0 0.0490697
154 155 0.000279536 0 0 0 0 0 0 0.000279536
155 156 0.0212288 0 -0 0 0 0 0 0.0212288
156 157 0.0227626 0 -1.1321 0 0 0 0 -1.10934
157 158 0.0458496 0 0 0 0 0 0 0.0458496
158 159 0.0106332 0 0 0 0 0 0 0.0106332
160 161 0.0243233 0 -1.08056 0 0 0 0 -1.05623
161 162 2.01632e-05 0 0 0 0 0 0 2.01632e-05
162 163 0.350515 0 -1.31244 0 0 0 0 -0.961922
163 164 0.00264167 0 0 0 0 0 0 0.00264167
164 165 0.00687905 0 -0.888919 0 0 0 0 -0.88204
165 166 0.407295 0 -1.35997 0 0 0 0 -0.952671
166 167 0.139753 0 0 0 0 0 0 0.139753
167 168 0.0182499 0 0 0 0 0 0 0.0182499
168 169 0.0132925 0 -1.14366 0 0 0 0 -1.13037
169 170 0.05755 0 -1.33442 0 0 0 0 -1.27687
170 171 0.0154172 0 -1.22403 0 0 0 0 -1.20861
171 172 0.116221 0 0 0 0 0 0 0.116221
172 173 0.0281109 0 -1.34733 0 0 0 0 -1.31922
173 174 0.178688 0 -1.01216 0 0 0 0 -0.833469
174 175 0.0597998 0 -1.44137 0 0 0 0 -1.38157
175 176 0.0080811 0 -1.42206 0 0 0 0 -1.41398
176 177 0.00609397 0 0 0 0 0 0 0.00609397
177 178 0.335896 0 -1.01521 0 0 0 0 -0.679318
178 179 0.00245395 0 -1.2409 0 0 0 0 -1.23844
180 181 0.0680967 0 -0.909856 0 0 0 0 -0.841759
181 182 0.00484731 0 -1.35526 0 0 0 0 -1.35041
182 183 0.00532834 0 0 0 0 0 0 0.00532834
183 184 0.00601199 0 -0 0 0 0 0 0.00601199
184 185 0.077532 0 -1.07679 0 0 0 0 -0.999261
185 186 0.0307855 0 0 0 0 0 0 0.0307855
186 187 1.77557e-05 0 -1.27382 0 0 0 0 -1.2738
187 188 0.034196 0 -0.856499 0 0 0 0 -0.822303
188 189 0.113563 0 -0.846948 0 0 0 0 -0.733385
189 190 0.0255768 0 -1.34627 0 0 0 0 -1.3207
190 191 0.0976546 0 -1.44607 0 0 0 0 -1.34841
191 192 0.0937747 0 -0.883164 0 0 0 0 -0.789389
192 193 0.00610491 0 -1.20861 0 0 0 0 -1.2025
193 194 0.00331866 0 -0.993932 0 0 0 0 -0.990613
194 195 0.119521 0 -1.09816 0 0 0 0 -0.978639
195 196 0.0103871 0 -1.10439 0 0 0 0 -1.094
196 197 0.00191097 0 -0.989964 0 0 0 0 -0.988053
195 198 0 0 0 0 0 -0.0218197 -3.10442e-20 -0.0218197
197 198 0.107811 0 -0 0 0 0 0 0.107811
196 199 0 0 0 0 0 -0.04059 0 -0.04059
198 199 0.0864625 0 -0.955414 0 0 0 0 -0.868952
200 201 0.197522 0 0 0 0 0 0 0.197522
201 202 0.00109565 0 -0 0 0 0 0 0.00109565
202 203 0.000438481 0 0 0 0 0 0 0.000438481
203 204 0.0135861 0 -1.23652 0 0 0 0 -1.22293
204 205 0.00400744 0 -0 0 0 0 0 0.00400744
205 206 0.177885 0 -1.26977 0 0 0 0 -1.09188
206 207 0.046784 0 0 0 0 0 0 0.046784
207 208 0.109364 0 -1.179 0 0 0 0 -1.06963
208 209 0.108877 0 -1.18265 0 0 0 0 -1.07377
209 210 0.0599891 0 -1.15779 0 0 0 0 -1.0978
210 211 0.000422739 0 -1.31444 0 0 0 0 -1.31402
211 212 0.0144052 0 -1.38698 0 0 0 0 -1.37257
212 213 0.0039213 0 -1.31715 0 0 0 0 -1.31323
213 214 0.0107553 0 0 0 0 0 0 0.0107553
214 215 0.0386027 0 -1.04783 0 0 0 0 -1.00923
215 216 0.000860433 0 -1.12493 0 0 0 0 -1.12407
216 217 0.265981 0 -0.715744 0 0 0 0 -0.449763
217 218 2.81759e-06 0 0 0 0 0 0 2.81759e-06
218 219 0.0100973 0 -0.741473 0 0 0 0 -0.731375
220 221 0.0607791 0 0 0 0 0 0 0.0607791
221 222 0.00161912 0 0 0 0 0 0 0.00161912
222 223 0.0023706 0 0 0 0 0 0 0.0023706
223 224 0.0534343 0 -1.14563 0 0 0 0 -1.09219
224 225 0.0087148 0 -1.26798 0 0 0 0 -1.25927
225 226 0.00564924 0 0 0 0 0 0 0.00564924
226 227 0.187212 0 0 0 0 0 0 0.187212
227 228 0.436722 0 -0.940145 0 0 0 0 -0.503423
228 229 0.179183 0 -0 0 0 0 0 0.179183
229 230 0.0128744 0.00250524 0 0 0 0 0 0.0153797
230 231 0.000856399 0 0 0 0 0 0 0.000856399
231 232 0.40988 0 -0.687049 0 0 0 0 -0.277169
232 233 0.0390665 0 0 0 0 0 0 0.0390665
233 234 0.127148 0 -1.18641 0 0 0 0 -1.05927
234 235 0.0196003 0 0 0 0 0 0 0.0196003
235 236 0.0205248 0 0 0 0 0 0 0.0205248
236 237 0.0437778 0 0 0 0 0 0 0.0437778
237 238 0.00713774 0 -1.42378 0 0 0 0 -1.41665
238 239 0.000400379 0 -0.952928 0 0 0 0 -0.952528
240 241 0.183908 0 -1.3663 0 0 0 0 -1.18239
241 242 0.00400631 0 0 0 0 0 0 0.00400631
242 243 0.120926 0 0 0 0 0 0 0.120926
243 244 0.0130702 0 0 0 0 0 0 0.0130702
244 245 0.0255396 0 -0.892552 0 0 0 0 -0.867012
245 246 0.00208245 0 -1.16317 0 0 0 0 -1.16109
246 247 0.0117786 0 0 0 0 0 0 0.0117786
247 248 0.00133131 0 -1.28414 0 0 0 0 -1.28281
248 249 0.00975426 0 0 0 0 0 0 0.00975426
249 250 0.00818729 0 0 0 0 0 0 0.00818729
250 251 0.136346 0 0 0 0 0 0 0.136346
251 252 0.00929006 0 0 0 0 0 0 0.00929006
252 253 1.01136e-06 0 -0.893447 0 0 0 0 -0.893446
253 254 0.00205973 0 0 0 0 0 0 0.00205973
254 255 0.00241773 0 -1.31406 0 0 0 0 -1.31164
255 256 0.0106645 0 -1.39004 0 0 0 0 -1.37938
256 257 0.00964261 0 -1.13678 0 0 0 0 -1.12714
257 258 0.061913 0 -0.923347 0 0 0 0 -0.861434
258 259 0.134491 0 -1.04091 0 0 0 0 -0.90642
260 261 0.0281229 0 -1.36857 0 0 0 0 -1.34044
261 262 0.0440261 0 -1.39044 0 0 0 0 -1.34641
262 263 0.0137038 0 -1.17293 0 0 0 0 -1.15922
260 264 0 0 0 0 0 -7.41504e-16 -0 -7.41504e-16
261 264 0 0 0 0 -0 -3.21693e-06 0 -3.21693e-06
263 264 0.00790276 0 0 0 0 0 0 0.00790276
264 265 1.21411e-05 0 0 0 0 0 0 1.21411e-05
265 266 0.0277703 0 0 0 0 0 0 0.0277703
266 267 0.0334911 0 -0 0 0 0 0 0.0334911
267 268 0.0620054 0 0 0 0 0 0 0.0620054
268 269 0.0620499 0 -0 0 0 0 0 0.0620499
269 270 0.134999 0 0 0 0 0 0 0.134999
270 271 0.0322027 0 0 0 0 0 0 0.0322027
271 272 0.137431 0 0 0 0 0 0 0.137431
272 273 0.032033 0 -0.0594116 0 0 0 0 -0.0273786
273 274 0.0489628 0 0 0 0 0 0 0.0489628
274 275 0.0254582 0 -1.2716 0 0 0 0 -1.24614
275 276 0.0228577 0 -1.39802 0 0 0 0 -1.37516
276 277 7.42707e-05 0 0 0 0 0 0 7.42707e-05
277 278 0.0268635 0 0 0 0 0 0 0.0268635
278 279 0.00155256 0 0 0 0 0 0 0.00155256
280 281 0.01119 0 -1.17122 0 0 0 0 -1.16003
281 282 0.348907 0 0 0 0 0 0 0.348907
282 283 0.000686504 0 -1.35428 0 0 0 0 -1.3536
283 284 6.98358e-05 0 -1.04834 0 0 0 0 -1.04827
284 285 0.0466763 0 -1.38942 0 0 0 0 -1.34275
285 286 0.00475358 0 -1.22985 0 0 0 0 -1.2251
286 287 0.00232538 0 -1.07491 0 0 0 0 -1.07258
287 288 0.512754 0 0 0 0 0 0 0.512754
288 289 0.0221413 0 -1.26787 0 0 0 0 -1.24573
289 290 0.11915 0 0 0 0 0 0 0.11915
290 291 0.00118408 0 0 0 0 0 0 0.00118408
291 292 0.0413756 0 0 0 0 0 0 0.0413756
292 293 0.0315529 0 -1.13868 0 0 0 0 -1.10713
293 294 0.181639 0 -1.11484 0 0 0 0 -0.933196
294 295 0.0559239 0 -1.2117 0 0 0 0 -1.15577
295 296 1.0552e-07 0 -1.33209 0 0 0 0 -1.33209
296 297 0.0115876 0 -1.24891 0 0 0 0 -1.23733
297 298 0.0217108 0 -0.940971 0 0 0 0 -0.91926
298 299 0.000824968 0 0 0 0 0 0 0.000824968
300 301 0.0691122 0 -1.33954 0 0 0 0 -1.27043
301 302 6.07504e-05 0 -1.22035 0 0 0 0 -1.22028
302 303 0.00670112 0 -1.29392 0 0 0 0 -1.28722
303 304 0.0574736 0 0 0 0 0 0 0.0574736
304 305 0.0146312 0 -1.19016 0 0 0 0 -1.17553
305 306 0.0170258 0 -1.1544 0 0 0 0 -1.13737
306 307 0.334642 0 -1.40039 0 0 0 0 -1.06575
307 308 0.0866518 0 0 0 0 0 0 0.0866518
308 309 8.49521e-05 0 -1.34685 0 0 0 0 -1.34676
309 310 4.6966e-05 0 -1.20294 0 0 0 0 -1.20289
310 311 0.0301665 0 -1.11346 0 0 0 0 -1.0833
311 312 0.0152255 0 -1.09976 0 0 0 0 -1.08453
312 313 0.0154608 0 0 0 0 0 0 0.0154608
313 314 0.227024 0 -1.35716 0 0 0 0 -1.13014
314 315 0.00231175 0 -1.04671 0 0 0 0 -1.0444
315 316 0.0122571 0 -1.10359 0 0 0 0 -1.09134
316 317 0.00866891 0 -1.26682 0 0 0 0 -1.25815
317 318 0.0858537 0 -1.16048 0 0 0 0 -1.07463
318 319 0.205053 0 -1.18976 0 0 0 0 -0.984707
320 321 0.0403762 0 0 0 0 0 0 0.0403762
321 322 0.169647 0 0 0 0 0 0 0.169647
322 323 9.25923e-05 0 -1.08831 0 0 0 0 -1.08822
323 324 0.0591748 0 0 0 0 0 0 0.0591748
324 325 0.0688371 0 0 0 0 0 0 0.0688371
325 326 0.0107575 0 -1.44225 0 0 0 0 -1.4315
326 327 0.0490528 0 0 0 0 0 0 0.0490528
327 328 0.0063099 0 -1.12078 0 0 0 0 -1.11447
328 329 0.00934631 0 -1.07113 0 0 0 0 -1.06179
329 330 0.373553 0 -0.871321 0 0 0 0 -0.497767
330 331 0.00383159 0 0 0 0 0 0 0.00383159
331 332 0.0200433 0 -1.27952 0 0 0 0 -1.25948
332 333 0.0095726 0 -0.966361 0 0 0 0 -0.956788
333 334 0.025333 0 0 0 0 0 0 0.025333
334 335 0.209459 0 -1.19069 0 0 0 0 -0.98123
335 336 0.192614 0 0 0 0 0 0 0.192614
336 337 0.00626302 0 0 0 0 0 0 0.00626302
337 338 0.0177675 0 -1.13924 0 0 0 0 -1.12147
338 339 0.000479011 0 0 0 0 0 0 0.000479011
340 341 0.0863097 0 0 0 0 0 0 0.0863097
341 342 0.0130692 0 0 0 0 0 0 0.0130692
342 343 0.0483655 0 0 0 0 0 0 0.0483655
343 344 0.0120997 0 -0 0 0 0 0 0.0120997
344 345 0.0616484 0 -0 0 0 0 0 0.0616484
345 346 0.00130102 0 -1.29644 0 0 0 0 -1.29514
346 347 0.0180247 0 -1.28336 0 0 0 0 -1.26534
347 348 0.0189998 0 0 0 0 0 0 0.0189998
348 349 0.00535515 0 -1.29373 0 0 0 0 -1.28837
349 350 0.033473 0 0 0 0 0 0 0.033473
350 351 0.00352847 0 0 0 0 0 0 0.00352847
351 352 0.0732054 0 0 0 0 0 0 0.0732054
352 353 0.133023 0 0 0 0 0 0 0.133023
353 354 0.00613565 0 -1.28857 0 0 0 0 -1.28244
351 355 0 0 0 0 -3.14871e-16 -0.0472911 0 -0.0472911
354 355 0.0151765 0 0 0 0 0 0 0.0151765
355 356 0.0389 0 0 0 0 0 0 0.0389
356 357 0.00994508 0 -1.35766 0 0 0 0 -1.34771
357 358 0.00140144 0 -1.34619 0 0 0 0 -1.34479
358 359 0.00835595 0 0 0 0 0 0 0.00835595
360 361 0.0593167 0 -0 0 0 0 0 0.0593167
361 362 0.0117731 0 -0.779636 0 0 0 0 -0.767863
362 363 0.00894188 0 0 0 0 0 0 0.00894188
363 364 0.0823293 0 -1.31994 0 0 0 0 -1.23761
364 365 0.00903774 0 -1.39527 0 0 0 0 -1.38623
365 366 0.0793207 0 -0 0 0 0 0 0.0793207
366 367 0.0131201 0 -1.12544 0 0 0 0 -1.11232
367 368 0.000270667 0 -1.17713 0 0 0 0 -1.17686
368 369 0.0509827 0 -1.2023 0 0 0 0 -1.15132
369 370 0.00118218 0 -1.33327 0 0 0 0 -1.33209
370 371 0.128854 0 -1.09091 0 0 0 0 -0.962057
371 372 0.00312184 0 0 0 0 0 0 0.00312184
372 373 0.305391 0 -1.2361 0 0 0 0 -0.930705
373 374 0.177548 0 -0.893029 0 0 0 0 -0.715481
374 375 0.0360098 0 -0.355486 0 0 0 0 -0.319476
375 376 0.00242204 0 -0.906254 0 0 0 0 -0.903832
376 377 4.39051e-05 0 -1.25514 0 0 0 0 -1.2551
377 378 0.00156839 0 -1.1979 0 0 0 0 -1.19633
378 379 0.055501 0 -1.1705 0 0 0 0 -1.115
380 381 0.004875 0 -0 0 0 0 0 0.004875
381 382 0.0565674 0 -1.18472 0 0 0 0 -1.12815
382 383 0.00337949 0 -1.23316 0 0 0 0 -1.22978
383 384 0.00197076 0 0 0 0 0 0 0.00197076
384 385 0.0897698 0 0 0 0 0 0 0.0897698
385 386 0.00231652 0 0 0 0 0 0 0.00231652
386 387 0.035954 0 0 0 0 0 0 0.035954
387 388 0.741933 0 -1.32526 0 0 0 0 -0.583332
388 389 0.146384 0 -1.26806 0 0 0 0 -1.12168
389 390 0.0493868 0 -1.23614 0 0 0 0 -1.18676
389 391 0 0 0 0 0 -0 -0.0723981 -0.0723981
390 391 0.193199 0 -0 0 0 0 0 0.193199
390 392 0 0 0 0 -0 -0 -3.52102e-05 -3.52102e-05
391 392 0.0277981 0 -1.21515 0 0 0 0 -1.18736
392 393 0.152801 0 -1.03109 0 0 0 0 -0.878293
393 394 0.0646122 0 -1.35006 0 0 0 0 -1.28544
394 395 0.0521842 0 -0.821053 0 0 0 0 -0.768869
395 396 0.0195589 0 -0.821082 0 0 0 0 -0.801523
396 397 0.0603202 0 -1.14252 0 0 0 0 -1.0822
397 398 0.0166931 0 0 0 0 0 0 0.0166931
398 399 0.0235579 0 -0.931886 0 0 0 0 -0.908328
400 401 0.0251459 0 -1.37677 0 0 0 0 -1.35162
401 402 0.0357742 0 -1.2738 0 0 0 0 -1.23803
402 403 0.0699155 0 0 0 0 0 0 0.0699155
403 404 0.0539145 0 -1.31273 0 0 0 0 -1.25882
404 405 0.0164344 0 0 0 0 0 0 0.0164344
405 406 0.0195161 0 -1.23969 0 0 0 0 -1.22017
406 407 0.029341 0 -0.848108 0 0 0 0 -0.818767
407 408 0.00647532 0 -1.33227 0 0 0 0 -1.32579
408 409 0.166668 0 -0 0 0 0 0 0.166668
409 410 0.0776892 0 0 0 0 0 0 0.0776892
410 411 0.320549 0 0 0 0 0 0 0.320549
411 412 0.011073 0 0 0 0 0 0 0.011073
412 413 0.0347546 0 -1.31605 0 0 0 0 -1.28129
413 414 0.00559884 0 0 0 0 0 0 0.00559884
414 415 0.00339684 0 -0.485054 0 0 0 0 -0.481657
415 416 0.088042 0 -1.2246 0 0 0 0 -1.13656
411 417 0 0 0 0 -7.9773e-06 -0.00959016 0 -0.00959814
416 417 0.0141358 0 -1.18765 0 0 0 0 -1.17351
417 418 0.0585106 0 0 0 0 0 0 0.0585106
418 419 0.102395 0 -0.134632 0 0 0 0 -0.0322375
420 421 0.104317 0 0 0 0 0 0 0.104317
421 422 0.00783061 0 -0.808957 0 0 0 0 -0.801127
422 423 0.0430798 0 -1.11135 0 0 0 0 -1.06827
423 424 0.0502344 0 -1.39883 0 0 0 0 -1.34859
424 425 0.018564 0 -0.977748 0 0 0 0 -0.959184
425 426 0.000600953 0 -1.22537 0 0 0 0 -1.22477
426 427 0.0689218 0 0 0 0 0 0 0.0689218
427 428 0.000699014 0 -1.19835 0 0 0 0 -1.19765
428 429 0.00044926 0 0 0 0 0 0 0.00044926
428 430 0 0 0 0.000234733 0 0 0 0.000234733
429 430 0.207212 0 0 0 0 0 0 0.207212
430 431 0.0110725 0 -1.27329 0 0 0 0 -1.26222
431 432 0.0790966 0 -0.221635 0 0 0 0 -0.142538
432 433 0.0841993 0 -1.42197 0 0 0 0 -1.33777
433 434 0.131456 0 -1.18622 0 0 0 0 -1.05476
434 435 0.0123123 0 0 0 0 0 0 0.0123123
435 436 0.197495 0 -0.989268 0 0 0 0 -0.791773
436 437 0.00741808 0 0 0 0 0 0 0.00741808
437 438 0.0172962 0.0742294 0 0 0 0 0 0.0915255
438 439 0.247568 0 -1.29672 0 0 0 0 -1.04915
440 441 0.00727031 0 -1.09215 0 0 0 0 -1.08488
441 442 0.0186118 0 -1.20076 0 0 0 0 -1.18214
442 443 5.385e-06 0 -1.10868 0 0 0 0 -1.10867
443 444 0.000196248 0 0 0 0 0 0 0.000196248
444 445 0.193441 0 -0.94199 0 0 0 0 -0.748548
445 446 0.0008126 0 -1.37269 0 0 0 0 -1.37188
446 447 0.0145182 0 -1.33679 0 0 0 0 -1.32228
447 448 0.0684408 0 -0.744315 0 0 0 0 -0.675875
448 449 0.294176 0 -1.13184 0 0 0 0 -0.837661
449 450 0.000966221 0 -1.1048 0 0 0 0 -1.10383
450 451 0.0591261 0 0 0 0 0 0 0.0591261
451 452 0.000292648 0 0 0 0 0 0 0.000292648
452 453 0.00747887 0 -1.38803 0 0 0 0 -1.38055
453 454 0.0141769 0 0 0 0 0 0 0.0141769
454 455 0.0345299 0 -0.647891 0 0 0 0 -0.613361
455 456 0.103512 0 -1.24269 0 0 0 0 -1.13918
456 457 0.00292905 0 -1.02252 0 0 0 0 -1.01959
457 458 0.0116402 0 -1.22894 0 0 0 0 -1.2173
458 459 0.114523 0 -1.19559 0 0 0 0 -1.08106
460 461 0.136465 0 0 0 0 0 0 0.136465
461 462 0.000346346 0 -1.29202 0 0 0 0 -1.29167
462 463 0.000323891 0 -0.654727 0 0 0 0 -0.654403
463 464 0.038041 0 0 0 0 0 0 0.038041
464 465 0.00199246 0 -0.887522 0 0 0 0 -0.88553
465 466 0.0724519 0 -1.1262 0 0 0 0 -1.05374
466 467 0.0120308 0 0 0 0 0 0 0.0120308
467 468 0.0250931 0 -1.38117 0 0 0 0 -1.35607
468 469 0.0641393 0 -1.10589 0 0 0 0 -1.04176
469 470 0.000500738 0 -0.941187 0 0 0 0 -0.940686
470 471 0.294004 0 -1.26222 0 0 0 0 -0.968213
471 472 0.0550837 0 0 0 0 0 0 0.0550837
472 473 0.00312411 0 -0.845318 0 0 0 0 -0.842194
473 474 0.0139721 0 -1.2813 0 0 0 0 -1.26733
474 475 0.0549365 0 0 0 0 0 0 0.0549365
475 476 0.190365 0 -1.34798 0 0 0 0 -1.15762
476 477 0.00624983 0 0 0 0 0 0 0.00624983
477 478 0.00602029 0 -1.39529 0 0 0 0 -1.38927
478 479 0.0363876 0 0 0 0 0 0 0.0363876
480 481 0.00693878 0 -1.13939 0 0 0 0 -1.13245
481 482 0.00456703 0 0 0 0 0 0 0.00456703
482 483 0.169037 0 -1.03939 0 0 0 0 -0.870349
483 484 0.00369778 0 0 0 0 0 0 0.00369778
484 485 0.00881593 0 -1.04309 0 0 0 0 -1.03427
485 486 0.00140393 0 -1.33873 0 0 0 0 -1.33733
486 487 0.0556177 0 0 0 0 0 0 0.0556177
487 488 0.0317114 0 -0 0 0 0 0 0.0317114
488 489 0.00284374 0 -1.2916 0 0 0 0 -1.28876
489 490 0.320307 0 -1.33137 0 0 0 0 -1.01106
490 491 9.37224e-06 0 -1.25561 0 0 0 0 -1.2556
491 492 0.0412697 0 -1.00246 0 0 0 0 -0.96119
492 493 0.00126439 0 0 0 0 0 0 0.00126439
493 494 1.65649e-08 0 -0.83723 0 0 0 0 -0.83723
494 495 0.085574 0 -1.20929 0 0 0 0 -1.12371
495 496 6.30328e-05 0 0 0 0 0 0 6.30328e-05
496 497 1.47822e-05 0 0 0 0 0 0 1.47822e-05
497 498 0.00155146 0 0 0 0 0 0 0.00155146
498 499 0.0326513 0 -0.803177 0 0 0 0 -0.770526
500 501 0.12801 0 -0 0 0 0 0 0.12801
501 502 0.100317 0 -0.257996 0 0 0 0 -0.157679
502 503 0.0189079 0 0 0 0 0 0 0.0189079
503 504 0.0395874 0 -1.31553 0 0 0 0 -1.27594
504 505 0.0882941 0 0 0 0 0 0 0.0882941
505 506 0.077355 0 0 0 0 0 0 0.077355
506 507 0.0342757 0 0 0 0 0 0 0.0342757
507 508 0.00134136 0 -1.1536 0 0 0 0 -1.15226
508 509 0.0120792 0 0 0 0 0 0 0.0120792
509 510 0.207872 0 -0.934033 0 0 0 0 -0.72616
510 511 0.0022966 0 -1.41297 0 0 0 0 -1.41068
511 512 0.0310312 0 -1.33849 0 0 0 0 -1.30746
512 513 0.00208836 0 0 0 0 0 0 0.00208836
513 514 0.0111555 0 -1.3121 0 0 0 0 -1.30095
514 515 0.022367 0 0 0 0 0 0 0.022367
512 516 0 0 0 0.000316764 0 0 0 0.000316764
515 516 0.0560579 0 0 0 0 0 0 0.0560579
516 517 0.073086 0 -0 0 0 0 0 0.073086
517 518 0.00519186 0 -1.27108 0 0 0 0 -1.26589
518 519 0.0848834 0 -1.22517 0 0 0 0 -1.14029
520 521 0.0316909 0 -1.04194 0 0 0 0 -1.01025
521 522 0.0357112 0 -1.06473 0 0 0 0 -1.02901
522 523 0.00447032 0 0 0 0 0 0 0.00447032
523 524 0.0477417 0 -1.37309 0 0 0 0 -1.32535
524 525 0.00108032 0 -1.32689 0 0 0 0 -1.32581
525 526 0.0878838 0 -1.43111 0 0 0 0 -1.34323
526 527 0.467216 0 -1.06301 0 0 0 0 -0.595795
527 528 0.114814 0 0 0 0 0 0 0.114814
528 529 0.0736957 0 -0.872672 0 0 0 0 -0.798977
529 530 0.00891843 0 -0.858689 0 0 0 0 -0.849771
530 531 0.0246909 0 -1.26073 0 0 0 0 -1.23604
531 532 0.0384452 0 -1.38861 0 0 0 0 -1.35017
532 533 0.0523751 0 -1.11567 0 0 0 0 -1.06329
533 534 0.0188401 0 0 0 0 0 0 0.0188401
534 535 0.0775335 0 -1.3643 0 0 0 0 -1.28676
535 536 0.000578357 0 -1.1725 0 0 0 0 -1.17192
536 537 0.0233477 0 0 0 0 0 0 0.0233477
537 538 0.0468203 0 -0.849207 0 0 0 0 -0.802386
538 539 0.00482643 0 0 0 0 0 0 0.00482643
540 541 0.000352079 0 0 0 0 0 0 0.000352079
541 542 0.22182 0 0 0 0 0 0 0.22182
542 543 0.0429366 0 -1.40426 0 0 0 0 -1.36133
543 544 0.0249148 0 -0.993796 0 0 0 0 -0.968881
544 545 0.0137423 0 0 0 0 0 0 0.0137423
545 546 0.0199461 0 0 0 0 0 0 0.0199461
546 547 0.00729333 0 0 0 0 0 0 0.00729333
547 548 0.0366497 0 -1.24842 0 0 0 0 -1.21177
548 549 0.150117 0 -0.943007 0 0 0 0 -0.79289
549 550 0.0457081 0 0 0 0 0 0 0.0457081
550 551 0.179907 0 -0.831315 0 0 0 0 -0.651408
551 552 0.0141014 0 -1.29343 0 0 0 0 -1.27933
552 553 0.000136297 0 0 0 0 0 0 0.000136297
553 554 0.00330632 0 -1.19289 0 0 0 0 -1.18959
554 555 0.0862876 0 -0.943892 0 0 0 0 -0.857604
555 556 0.151783 0 -1.37288 0 0 0 0 -1.2211
556 557 7.7567e-05 0 -1.44266 0 0 0 0 -1.44258
557 558 0.00206558 0 -1.10372 0 0 0 0 -1.10165
558 559 0.00540733 0 -1.39443 0 0 0 0 -1.38902
560 561 0.0447572 0 -1.24453 0 0 0 0 -1.19977
561 562 0.0155156 0 0 0 0 0 0 0.0155156
562 563 0.0145592 0 -1.22018 0 0 0 0 -1.20562
563 564 0.0627171 0 -1.20959 0 0 0 0 -1.14687
564 565 0.2592 0 -1.36956 0 0 0 0 -1.11036
565 566 0.0626368 0 -0.868614 0 0 0 0 -0.805977
566 567 0.0062979 0 0 0 0 0 0 0.0062979
567 568 0.0332998 0 -1.43107 0 0 0 0 -1.39777
568 569 0.00998534 0 -1.11442 0 0 0 0 -1.10443
569 570 0.00286328 0 -1.03588 0 0 0 0 -1.03301
570 571 0.0758569 0 -1.20604 0 0 0 0 -1.13019
571 572 0.00595676 0 -0.847415 0 0 0 0 -0.841458
572 573 0.0395354 0 0 0 0 0 0 0.0395354
573 574 0.0825649 0 -1.12867 0 0 0 0 -1.04611
574 575 0.000294778 0 -1.27875 0 0 0 0 -1.27846
575 576 0.204647 0 -0.883112 0 0 0 0 -0.678465
576 577 0.00158541 0 -0.899845 0 0 0 0 -0.89826
577 578 0.103572 0 0 0 0 0 0 0.103572
578 579 0.0226048 0 0 0 0 0 0 0.0226048
580 581 0.000153209 0 -0.921925 0 0 0 0 -0.921772
581 582 0.0167083 0 0 0 0 0 0 0.0167083
582 583 0.0630969 0 0 0 0 0 0 0.0630969
583 584 0.00713293 0 -1.17013 0 0 0 0 -1.163
584 585 0.00159911 0 0 0 0 0 0 0.00159911
585 586 0.0195388 0 0 0 0 0 0 0.0195388
586 587 0.00377429 0 0 0 0 0 0 0.00377429
587 588 0.00292684 0 -0.754569 0 0 0 0 -0.751642
588 589 0.0126673 0 0 0 0 0 0 0.0126673
589 590 0.074862 0 0 0 0 0 0 0.074862
590 591 0.0329164 0 -1.21855 0 0 0 0 -1.18564
591 592 0.00341039 0 -0 0 0 0 0 0.00341039
592 593 0.000437645 0 0 0 0 0 0 0.000437645
593 594 0.0355241 0 0 0 0 0 0 0.0355241
594 595 0.158137 0 -1.33397 0 0 0 0 -1.17583
595 596 0.00243932 0 -0.110678 0 0 0 0 -0.108239
596 597 0.00191157 0 -1.32912 0 0 0 0 -1.32721
597 598 0.0174462 0 -1.19924 0 0 0 0 -1.18179
598 599 0.00422271 0 -1.18268 0 0 0 0 -1.17845
#Total energy per particle is  -0.591462 and should be -0.59146210
