           0   0.000000
       10000  -0.933024
       20000  -0.001396
       30000  -0.000000
       40000  -0.274075
       50000  -0.520272
       60000  -1.699850
       70000  -1.652941
       80000  -0.967960
       90000  -1.716286
      100000  -2.805206
      110000   0.000000
      120000  -1.785397
      130000  -0.006568
      140000  -0.321334
      150000  -0.000025
      160000   0.000000
      170000   0.000000
      180000  -0.321810
      190000  -0.701494
      200000   0.000000
