           0   0.000000
       10000  -0.620463
       20000  -0.307383
       30000  -1.094319
       40000  -0.621037
       50000  -2.761199
       60000  -0.773265
       70000   0.000000
       80000  -0.001868
       90000  -3.617944
      100000  -2.670447
      110000  -2.755478
      120000  -2.193387
      130000  -2.716049
      140000  -2.131911
      150000  -2.018002
      160000  -1.822778
      170000  -2.593750
      180000  -1.772755
      190000  -1.568685
      200000  -2.240465
