           0   0.000000
       10000  -0.000008
       20000  -1.533441
       30000  -0.000211
       40000  -1.421346
       50000  -2.120233
       60000  -1.193446
       70000  -1.883325
       80000   0.000000
       90000  -0.554960
      100000  -1.496200
      110000  -4.643806
      120000  -4.874328
      130000  -1.662403
      140000  -1.899923
      150000  -5.019302
      160000  -5.381413
      170000  -4.110095
      180000  -3.678924
      190000  -5.184941
      200000  -3.618079
