           0   0.000000
       10000  -0.598525
       20000  -0.885443
       30000  -0.000089
       40000  -1.589997
       50000  -3.078524
       60000  -2.501154
       70000  -2.786652
       80000  -3.422256
       90000  -4.074230
      100000  -4.661289
      110000  -4.141310
      120000  -6.051509
      130000  -3.938516
      140000  -2.119373
      150000  -3.355719
      160000  -3.729368
      170000  -3.254068
      180000  -2.651648
      190000  -1.358959
      200000  -4.678068
