           0   0.000000
       10000  -1.197156
       20000  -3.848466
       30000  -3.187865
       40000  -3.539414
       50000  -3.587571
       60000  -2.910434
       70000  -3.197977
       80000  -2.638414
       90000  -2.154117
      100000  -5.265221
      110000  -4.604975
      120000  -3.398356
      130000  -8.051123
      140000 -10.964179
      150000 -12.352630
      160000 -18.018580
      170000 -13.223491
      180000 -11.600840
      190000 -12.182138
      200000  -8.690139
