#id1 id2 FENE BEXC STCK NEXC HB CRSTCK CXSTCK total, t = 200000
0 1 0.0310306 0 0 0 0 0 0 0.0310306
1 2 0.0585381 0 -1.20909 0 0 0 0 -1.15055
2 3 0.0215069 0 0 0 0 0 0 0.0215069
3 4 0.00558637 0 0 0 0 0 0 0.00558637
4 5 0.04126 0 -1.33042 0 0 0 0 -1.28916
5 6 0.101218 0 -1.37164 0 0 0 0 -1.27042
6 7 0.0118511 0 -1.4117 0 0 0 0 -1.39985
7 8 0.0131639 0 0 0 0 0 0 0.0131639
8 9 0.000312544 0 0 0 0 0 0 0.000312544
9 10 0.0475035 0 -1.05462 0 0 0 0 -1.00712
10 11 0.0395702 0 0 0 0 0 0 0.0395702
11 12 0.0201414 0 -1.23591 0 0 0 0 -1.21577
12 13 0.0465947 0 0 0 0 0 0 0.0465947
13 14 0.0283744 0 -1.10687 0 0 0 0 -1.07849
14 15 0.264501 0 -0.976514 0 0 0 0 -0.712014
15 16 0.00466343 0 -1.01992 0 0 0 0 -1.01525
16 17 0.0271688 0 -1.24664 0 0 0 0 -1.21947
17 18 0.130311 0 -0 0 0 0 0 0.130311
18 19 0.0956681 0 -1.29136 0 0 0 0 -1.19569
20 21 0.0114948 0 0 0 0 0 0 0.0114948
21 22 0.0281652 0 0 0 0 0 0 0.0281652
22 23 0.00056924 0 0 0 0 0 0 0.00056924
21 24 0 0 0 0.0629925 0 0 0 0.0629925
23 24 0.00953845 0 -1.24304 0 0 0 0 -1.2335
24 25 0.0152549 0 0 0 0 0 0 0.0152549
25 26 0.206355 0 0 0 0 0 0 0.206355
26 27 0.0889943 0 -0.929461 0 0 0 0 -0.840466
27 28 0.000516918 0 0 0 0 0 0 0.000516918
28 29 0.0876005 0 -1.18602 0 0 0 0 -1.09842
29 30 0.0161816 0 -1.11055 0 0 0 0 -1.09437
30 31 0.000163937 0 0 0 0 0 0 0.000163937
31 32 0.0288674 0 0 0 0 0 0 0.0288674
32 33 0.287344 0 0 0 0 0 0 0.287344
33 34 0.00403024 0 -1.34169 0 0 0 0 -1.33766
34 35 9.0002e-05 0 -1.40317 0 0 0 0 -1.40308
35 36 0.00161006 0 -1.4025 0 0 0 0 -1.40089
36 37 0.113753 0 -0.885631 0 0 0 0 -0.771878
37 38 0.0387497 0 -1.11877 0 0 0 0 -1.08002
38 39 0.0579497 0 -1.29675 0 0 0 0 -1.2388
40 41 0.0192227 0 -1.27341 0 0 0 0 -1.25419
41 42 0.0408654 0 -1.08098 0 0 0 0 -1.04011
42 43 0.137882 0 -0.902734 0 0 0 0 -0.764852
43 44 0.056122 0 -0.868261 0 0 0 0 -0.812139
42 45 0 0 0 0 0 -0.0933017 0 -0.0933017
41 45 0 0 0 0 -0.525662 0 -0 -0.525662
40 45 0 0 0 0 -0 -0.192031 0 -0.192031
44 45 0.0401687 0 0 0 0 0 0 0.0401687
41 46 0 0 0 0 -0 -0.19895 0 -0.19895
40 46 0 0 0 0 -0.750448 0 -0 -0.750448
45 46 0.0241718 0 -1.3439 0 0 0 0 -1.31972
40 47 0 0 0 0 0 -0.122673 -0 -0.122673
46 47 0.0701416 0 -1.40399 0 0 0 0 -1.33385
47 48 4.73166e-06 0 0 0 0 0 0 4.73166e-06
48 49 0.00844436 0 0 0 0 0 0 0.00844436
49 50 0.0217544 0 -1.33413 0 0 0 0 -1.31237
50 51 0.000549477 0 -1.2769 0 0 0 0 -1.27636
51 52 0.0475712 0 -1.14509 0 0 0 0 -1.09752
52 53 0.0907958 0 0 0 0 0 0 0.0907958
53 54 0.0293912 0 -1.18996 0 0 0 0 -1.16056
54 55 0.00613437 0 0 0 0 0 0 0.00613437
55 56 0.000513111 0 0 0 0 0 0 0.000513111
56 57 0.000692105 0 -1.23577 0 0 0 0 -1.23508
57 58 0.0140731 0 0 0 0 0 0 0.0140731
58 59 6.73819e-05 0 0 0 0 0 0 6.73819e-05
60 61 0.000532255 0 -0.944286 0 0 0 0 -0.943754
61 62 0.0434252 0 0 0 0 0 0 0.0434252
62 63 9.89398e-06 0 -1.42932 0 0 0 0 -1.42931
63 64 0.0212203 0 -1.26309 0 0 0 0 -1.24187
64 65 0.0447893 0 -0.778339 0 0 0 0 -0.73355
65 66 0.0212391 0 0 0 0 0 0 0.0212391
66 67 0.0510785 0 0 0 0 0 0 0.0510785
67 68 0.00671157 0 0 0 0 0 0 0.00671157
68 69 0.161159 0 -1.38374 0 0 0 0 -1.22258
69 70 0.0194979 0 0 0 0 0 0 0.0194979
70 71 0.251971 0 -1.10604 0 0 0 0 -0.854065
71 72 0.0226959 0 -1.37919 0 0 0 0 -1.35649
72 73 0.00279742 0 0 0 0 0 0 0.00279742
73 74 0.146401 0 -1.17922 0 0 0 0 -1.03282
74 75 0.00165582 0 -1.26138 0 0 0 0 -1.25973
75 76 2.94591e-07 0 0 0 0 0 0 2.94591e-07
76 77 0.0545963 0 -0.839173 0 0 0 0 -0.784577
77 78 3.80765e-05 0 -1.12671 0 0 0 0 -1.12667
78 79 0.0160431 0 -1.15006 0 0 0 0 -1.13401
80 81 0.0108469 0 0 0 0 0 0 0.0108469
81 82 0.0817062 0 0 0 0 0 0 0.0817062
82 83 0.00077385 0 -1.28956 0 0 0 0 -1.28878
83 84 0.00884045 0 -1.18512 0 0 0 0 -1.17628
84 85 0.0590046 0 0 0 0 0 0 0.0590046
85 86 0.00208285 0 -0.9352 0 0 0 0 -0.933117
86 87 8.0096e-05 0 -1.33872 0 0 0 0 -1.33864
87 88 0.0292958 0 0 0 0 0 0 0.0292958
88 89 0.223077 0 -0.689237 0 0 0 0 -0.46616
89 90 0.0438991 0 -0.197982 0 0 0 0 -0.154083
90 91 1.74896e-07 0 -1.41835 0 0 0 0 -1.41835
91 92 0.186435 0 -1.18444 0 0 0 0 -0.998004
92 93 0.0597619 0 0 0 0 0 0 0.0597619
93 94 0.103836 0 0 0 0 0 0 0.103836
94 95 0.0017731 0 -1.2971 0 0 0 0 -1.29533
95 96 0.03419 0 -0.987973 0 0 0 0 -0.953783
96 97 0.0236523 0 -0 0 0 0 0 0.0236523
97 98 0.0483052 0 0 0 0 0 0 0.0483052
98 99 0.0530298 0 0 0 0 0 0 0.0530298
100 101 0.000348115 0 -1.15379 0 0 0 0 -1.15344
101 102 0.0578931 0 -1.31307 0 0 0 0 -1.25518
102 103 0.00355248 0 0 0 0 0 0 0.00355248
101 104 0 0 0 0.00016959 0 0 0 0.00016959
103 104 0.057039 0 0 0 0 0 0 0.057039
104 105 0.0223732 0 0 0 0 0 0 0.0223732
105 106 0.0210295 0 -0.865413 0 0 0 0 -0.844383
106 107 0.0512476 0 0 0 0 0 0 0.0512476
107 108 0.0266821 0 -1.02367 0 0 0 0 -0.99699
108 109 0.0199807 0 0 0 0 0 0 0.0199807
109 110 0.0140837 0 0 0 0 0 0 0.0140837
110 111 0.103945 0 0 0 0 0 0 0.103945
111 112 0.096284 0 -0.980515 0 0 0 0 -0.884231
112 113 0.074708 0 0 0 0 0 0 0.074708
113 114 0.000350317 0 -1.08543 0 0 0 0 -1.08508
114 115 0.155249 0 -1.06797 0 0 0 0 -0.912717
115 116 0.00388984 0 -1.22396 0 0 0 0 -1.22007
116 117 0.0861683 0 -1.30456 0 0 0 0 -1.21839
117 118 0.00930422 0 0 0 0 0 0 0.00930422
118 119 0.000455938 0 -1.33264 0 0 0 0 -1.33218
120 121 0.023204 0 0 0 0 0 0 0.023204
121 122 0.000345247 0 -1.14517 0 0 0 0 -1.14483
122 123 0.0250407 0 -1.27957 0 0 0 0 -1.25453
123 124 0.0210734 0 0 0 0 0 0 0.0210734
124 125 0.0422885 0 -0.851277 0 0 0 0 -0.808988
125 126 0.00712127 0 -1.44838 0 0 0 0 -1.44126
126 127 0.036946 0 -0.238813 0 0 0 0 -0.201867
127 128 0.000667815 0 -1.41951 0 0 0 0 -1.41884
128 129 0.00315618 0 -1.07125 0 0 0 0 -1.06809
129 130 0.00396205 0 -1.40099 0 0 0 0 -1.39703
130 131 0.10078 0 -1.23836 0 0 0 0 -1.13758
131 132 0.079189 0 -1.17839 0 0 0 0 -1.09921
132 133 0.0598652 0 -1.22161 0 0 0 0 -1.16174
133 134 0.000597229 0 0 0 0 0 0 0.000597229
134 135 0.0166966 0 -1.29669 0 0 0 0 -1.27999
135 136 0.0321274 0 -0.690651 0 0 0 0 -0.658524
136 137 0.041039 0 -1.35507 0 0 0 0 -1.31403
137 138 5.27346e-05 0 -1.20375 0 0 0 0 -1.2037
138 139 0.000115341 0 -1.3139 0 0 0 0 -1.31378
140 141 0.0677268 0 -0.659843 0 0 0 0 -0.592116
141 142 0.0338784 0 0 0 0 0 0 0.0338784
142 143 0.00408148 0 -1.31917 0 0 0 0 -1.31508
143 144 0.000599033 0 -1.15861 0 0 0 0 -1.15801
144 145 0.109171 0 0 0 0 0 0 0.109171
145 146 0.00303735 0 -1.2185 0 0 0 0 -1.21546
146 147 0.0698281 0 -0.809885 0 0 0 0 -0.740057
147 148 0.0883812 0 0 0 0 0 0 0.0883812
148 149 0.00180942 0 -0 0 0 0 0 0.00180942
149 150 0.00244958 0 -0.960942 0 0 0 0 -0.958492
150 151 0.00267293 0 -1.28622 0 0 0 0 -1.28355
151 152 0.173473 0 -1.07648 0 0 0 0 -0.903007
152 153 0.0148636 0 -1.1705 0 0 0 0 -1.15563
153 154 0.0598741 0 -1.25283 0 0 0 0 -1.19295
154 155 0.00758599 0 -1.31936 0 0 0 0 -1.31177
155 156 0.131037 0 0 0 0 0 0 0.131037
156 157 0.0636352 0 -1.41876 0 0 0 0 -1.35512
157 158 0.0768367 0 -0.926935 0 0 0 0 -0.850098
158 159 0.00193436 0 0 0 0 0 0 0.00193436
160 161 0.0564214 0 -0.936128 0 0 0 0 -0.879707
161 162 0.0646442 0 -1.18508 0 0 0 0 -1.12044
162 163 0.0552669 0 -1.09757 0 0 0 0 -1.0423
163 164 0.0940334 0 -1.12736 0 0 0 0 -1.03333
164 165 0.0410217 0 -1.07589 0 0 0 0 -1.03486
165 166 0.008947 0 0 0 0 0 0 0.008947
166 167 0.00230311 0 -1.36043 0 0 0 0 -1.35813
167 168 0.0341183 0 -1.19752 0 0 0 0 -1.16341
168 169 0.000477181 0 -1.07863 0 0 0 0 -1.07816
169 170 0.0107389 0 0 0 0 0 0 0.0107389
170 171 0.178305 0 -1.2568 0 0 0 0 -1.0785
171 172 0.0365524 0 -1.06477 0 0 0 0 -1.02822
172 173 2.3337e-05 0 -0 0 0 0 0 2.3337e-05
173 174 0.0911522 0 -1.24553 0 0 0 0 -1.15438
174 175 0.0451365 0 0 0 0 0 0 0.0451365
175 176 0.0835819 0 0 0 0 0 0 0.0835819
176 177 0.156086 0 -0 0 0 0 0 0.156086
177 178 0.0348457 0 0 0 0 0 0 0.0348457
178 179 0.000689642 0 0 0 0 0 0 0.000689642
180 181 0.0274759 0 -0.778347 0 0 0 0 -0.750871
181 182 0.0058652 0 -1.23538e-05 0 0 0 0 0.00585285
182 183 0.00014795 0 -0 0 0 0 0 0.00014795
183 184 0.0726833 0 -0.990009 0 0 0 0 -0.917326
184 185 0.0292991 0 -1.25906 0 0 0 0 -1.22976
185 186 0.00538911 0 -0.963953 0 0 0 0 -0.958564
186 187 0.0875781 0 -1.36997 0 0 0 0 -1.28239
187 188 0.00345732 0 -0.00507822 0 0 0 0 -0.00162089
188 189 0.0911906 0 -1.07425 0 0 0 0 -0.983062
189 190 0.149442 0 -1.1953 0 0 0 0 -1.04585
189 191 0 0 0 0 0 -1.99198e-06 0 -1.99198e-06
188 191 0 0 0 0 -0 -0.000409674 -0 -0.000409674
190 191 0.00978325 0 -0 0 0 0 0 0.00978325
190 192 0 0 0 0 0 -0 -1.63301e-17 -1.63301e-17
191 192 0.0629315 0 -1.29333 0 0 0 0 -1.2304
192 193 0.0120097 0 0 0 0 0 0 0.0120097
193 194 0.0146917 0 0 0 0 0 0 0.0146917
194 195 0.0168998 0 -1.24055 0 0 0 0 -1.22365
195 196 0.000439494 0 -0.928918 0 0 0 0 -0.928479
196 197 0.00252404 0 -1.24261 0 0 0 0 -1.24008
197 198 0.0709867 0 -1.23327 0 0 0 0 -1.16228
198 199 0.0124027 0 0 0 0 0 0 0.0124027
200 201 0.273312 0 -1.46741 0 0 0 0 -1.19409
201 202 0.132373 0 -1.3698 0 0 0 0 -1.23743
202 203 0.000268645 0 -1.36181 0 0 0 0 -1.36154
203 204 0.00205849 0 0 0 0 0 0 0.00205849
204 205 0.134104 0 -1.40193 0 0 0 0 -1.26782
205 206 0.0239762 0 -0.518679 0 0 0 0 -0.494703
203 207 0 0 0 0 0 -0.180152 0 -0.180152
202 207 0 0 0 0 -0.812894 0 -0 -0.812894
201 207 0 0 0 0 0 -0.136213 0 -0.136213
206 207 0.0384494 0 0 0 0 0 0 0.0384494
202 208 0 0 0 0 0 -0.153211 -0 -0.153211
201 208 0 0 0 0 -0.824293 0 -0 -0.824293
200 208 0 0 0 0 -0 -0.136757 0 -0.136757
207 208 0.00181457 0 -1.32137 0 0 0 0 -1.31956
208 209 0.00470909 0 -0 0 0 0 0 0.00470909
209 210 0.110885 0 0 0 0 0 0 0.110885
210 211 0.0105687 0 -0.8785 0 0 0 0 -0.867932
211 212 0.00821296 0 0 0 0 0 0 0.00821296
212 213 0.000699323 0 0 0 0 0 0 0.000699323
213 214 0.0872407 0 -1.13961 0 0 0 0 -1.05237
214 215 0.293713 0 -1.11424 0 0 0 0 -0.820529
215 216 0.0332222 0 -1.38193 0 0 0 0 -1.34871
216 217 0.107452 0 0 0 0 0 0 0.107452
217 218 0.0718158 0 -1.23471 0 0 0 0 -1.1629
218 219 0.0150063 0 -0.56862 0 0 0 0 -0.553614
220 221 0.0308742 0 -0 0 0 0 0 0.0308742
221 222 0.0398719 0 0 0 0 0 0 0.0398719
222 223 0.05192 0 -1.04986 0 0 0 0 -0.997944
223 224 0.00906462 0 -0.652741 0 0 0 0 -0.643676
224 225 0.00354586 0 -1.15374 0 0 0 0 -1.1502
225 226 0.0107144 0 -0 0 0 0 0 0.0107144
226 227 0.00297875 0 0 0 0 0 0 0.00297875
227 228 0.0182153 0 -1.08698 0 0 0 0 -1.06876
228 229 0.00296071 0 0 0 0 0 0 0.00296071
229 230 0.11214 0 0 0 0 0 0 0.11214
230 231 0.0401864 0 0 0 0 0 0 0.0401864
231 232 1.01899e-06 0 -1.24348 0 0 0 0 -1.24348
232 233 0.13073 0 -1.44929 0 0 0 0 -1.31856
233 234 0.00507846 0 -0.925145 0 0 0 0 -0.920067
234 235 0.216704 0 0 0 0 0 0 0.216704
235 236 0.0150572 0 0 0 0 0 0 0.0150572
236 237 0.00534428 0 -1.32265 0 0 0 0 -1.31731
237 238 0.119823 0 -0.952867 0 0 0 0 -0.833044
238 239 0.000255866 0 -0 0 0 0 0 0.000255866
240 241 0.00218616 0 0 0 0 0 0 0.00218616
241 242 0.00862526 0 -0 0 0 0 0 0.00862526
242 243 0.010977 0 -0.914796 0 0 0 0 -0.903819
241 244 0 0 0 0 0 -0.0738192 0 -0.0738192
243 244 0.00120807 0 -1.1834 0 0 0 0 -1.1822
244 245 0.0150508 0 -0 0 0 0 0 0.0150508
241 246 0 0 0 0 0 -6.79987e-05 0 -6.79987e-05
245 246 0.00724805 0 -1.32412 0 0 0 0 -1.31687
246 247 0.00220866 0 -1.20888 0 0 0 0 -1.20667
247 248 0.0968852 0 0 0 0 0 0 0.0968852
248 249 2.3245e-05 0 0 0 0 0 0 2.3245e-05
249 250 0.00663136 0 -1.27197 0 0 0 0 -1.26534
250 251 0.119153 0 -0.822942 0 0 0 0 -0.703789
251 252 0.000151154 0 -0.992483 0 0 0 0 -0.992332
252 253 0.221067 0 -1.07052 0 0 0 0 -0.849451
253 254 6.22387e-05 0 0 0 0 0 0 6.22387e-05
254 255 0.00201379 0 -0.466272 0 0 0 0 -0.464259
255 256 0.0642081 0 0 0 0 0 0 0.0642081
256 257 0.0454664 0 0 0 0 0 0 0.0454664
257 258 0.190307 0 0 0 0 0 0 0.190307
258 259 0.0293445 0 -0.946932 0 0 0 0 -0.917588
260 261 0.0654915 0 -1.26265 0 0 0 0 -1.19716
261 262 0.00557293 0 0 0 0 0 0 0.00557293
262 263 0.000743303 0 -1.21499 0 0 0 0 -1.21424
263 264 0.0485563 0 0 0 0 0 0 0.0485563
264 265 0.000789844 0 -0.358856 0 0 0 0 -0.358067
265 266 0.226591 0 -1.06469 0 0 0 0 -0.8381
266 267 0.145796 0 0 0 0 0 0 0.145796
267 268 0.0440508 0 -1.12839 0 0 0 0 -1.08434
268 269 0.00238988 0 -0 0 0 0 0 0.00238988
269 270 0.00203365 0 -1.31624 0 0 0 0 -1.3142
270 271 0.0138244 0 -1.37447 0 0 0 0 -1.36065
271 272 0.00868742 0 0 0 0 0 0 0.00868742
272 273 0.0623715 0 0 0 0 0 0 0.0623715
273 274 0.00649315 0 0 0 0 0 0 0.00649315
274 275 0.146987 0 0 0 0 0 0 0.146987
275 276 0.00159771 0 0 0 0 0 0 0.00159771
276 277 0.0478181 0 -1.13135 0 0 0 0 -1.08353
277 278 0.133967 0 0 0 0 0 0 0.133967
278 279 0.0632172 0 -1.05504 0 0 0 0 -0.991819
280 281 0.083481 0 -1.37889 0 0 0 0 -1.29541
281 282 0.00163227 0 -1.15792 0 0 0 0 -1.15629
282 283 0.00779242 0 -1.15966 0 0 0 0 -1.15187
283 284 0.00930205 0 0 0 0 0 0 0.00930205
284 285 0.0593543 0 0 0 0 0 0 0.0593543
285 286 0.00498522 0 -0 0 0 0 0 0.00498522
286 287 0.000211237 0 0 0 0 0 0 0.000211237
287 288 0.0618053 0 -0.000952322 0 0 0 0 0.060853
288 289 0.000164103 0 -1.35824 0 0 0 0 -1.35807
289 290 0.00683087 0 0 0 0 0 0 0.00683087
290 291 0.0588787 0 -1.19429 0 0 0 0 -1.13541
291 292 0.216765 0 -1.27419 0 0 0 0 -1.05742
292 293 0.0590169 0 -1.36267 0 0 0 0 -1.30365
293 294 0.0316305 0 -1.40252 0 0 0 0 -1.37089
294 295 0.0231898 0 -1.1799 0 0 0 0 -1.15671
295 296 0.00588075 0 0 0 0 0 0 0.00588075
296 297 0.000687387 0 0 0 0 0 0 0.000687387
297 298 0.0349971 0 0 0 0 0 0 0.0349971
298 299 0.000200987 0 -1.117 0 0 0 0 -1.1168
300 301 0.181926 0 -1.02286 0 0 0 0 -0.840934
301 302 0.0154021 0 -1.05042 0 0 0 0 -1.03502
302 303 0.0279943 0 -0.966365 0 0 0 0 -0.938371
303 304 2.46111e-06 0 0 0 0 0 0 2.46111e-06
304 305 0.000896417 0 -0 0 0 0 0 0.000896417
305 306 0.032475 0 0 0 0 0 0 0.032475
306 307 0.146534 0 0 0 0 0 0 0.146534
307 308 0.167056 0 0 0 0 0 0 0.167056
308 309 0.0636015 0 -1.37855 0 0 0 0 -1.31495
309 310 0.0224717 0 -0.966295 0 0 0 0 -0.943824
308 311 0 0 0 0 -0 -0.000333183 0 -0.000333183
310 311 0.00864034 0 -0 0 0 0 0 0.00864034
311 312 0.0239205 0 0 0 0 0 0 0.0239205
312 313 0.000121562 0 -1.13103 0 0 0 0 -1.13091
313 314 0.0011424 0 0 0 0 0 0 0.0011424
314 315 0.0687641 0 -1.19741 0 0 0 0 -1.12865
315 316 0.0116599 0 0 0 0 0 0 0.0116599
316 317 0.00117249 0 -1.32867 0 0 0 0 -1.32749
317 318 0.0640815 0 -1.06626 0 0 0 0 -1.00218
318 319 0.13156 0 0 0 0 0 0 0.13156
320 321 0.000775499 0 -1.13897 0 0 0 0 -1.13819
321 322 0.00124096 0 -1.21845 0 0 0 0 -1.21721
322 323 0.00169955 0 -1.08028 0 0 0 0 -1.07858
323 324 0.0097823 0 -0.999765 0 0 0 0 -0.989982
324 325 0.151048 0 -0 0 0 0 0 0.151048
325 326 0.170793 0 0 0 0 0 0 0.170793
326 327 0.104478 0 -1.14997 0 0 0 0 -1.04549
327 328 0.00441525 0 -1.34518 0 0 0 0 -1.34076
328 329 0.154906 0 -1.11285 0 0 0 0 -0.95794
329 330 0.0202754 0 -0.716399 0 0 0 0 -0.696124
330 331 0.00193089 0 -1.32462 0 0 0 0 -1.32269
331 332 0.00544291 0 0 0 0 0 0 0.00544291
332 333 0.0300421 0 0 0 0 0 0 0.0300421
333 334 4.20606e-06 0 -1.03845 0 0 0 0 -1.03844
334 335 0.114632 0 -1.32281 0 0 0 0 -1.20818
335 336 0.026501 0 -1.14949 0 0 0 0 -1.12299
336 337 0.0315055 0 -0.933307 0 0 0 0 -0.901801
337 338 0.00291631 0 -1.35812 0 0 0 0 -1.3552
338 339 0.00188433 0 0 0 0 0 0 0.00188433
340 341 0.00187389 0 -1.19902 0 0 0 0 -1.19714
341 342 0.0314425 0 -1.26557 0 0 0 0 -1.23413
342 343 0.0710699 0 -1.16588 0 0 0 0 -1.09481
343 344 0.311484 0 -1.12977 0 0 0 0 -0.818285
344 345 0.12781 0 -1.43255 0 0 0 0 -1.30474
345 346 0.00259068 0 0 0 0 0 0 0.00259068
346 347 0.0299814 0 0 0 0 0 0 0.0299814
347 348 0.0201155 0 0 0 0 0 0 0.0201155
348 349 0.0726461 0 -1.03965 0 0 0 0 -0.967005
349 350 0.0166062 0 -1.27264 0 0 0 0 -1.25603
350 351 0.00252536 0 0 0 0 0 0 0.00252536
351 352 0.0200306 0 -1.24664 0 0 0 0 -1.22661
352 353 0.00618796 0 -1.09007 0 0 0 0 -1.08388
353 354 0.00105886 0 -1.10931 0 0 0 0 -1.10825
354 355 0.4398 0 0 0 0 0 0 0.4398
355 356 0.0308251 0 0 0 0 0 0 0.0308251
356 357 0.164477 0 0 0 0 0 0 0.164477
357 358 0.359787 0 -1.33359 0 0 0 0 -0.973798
358 359 0.0817687 0 -1.3937 0 0 0 0 -1.31193
360 361 0.0240245 0 0 0 0 0 0 0.0240245
361 362 0.0747135 0 -1.06392 0 0 0 0 -0.98921
362 363 0.00933533 0 -1.33173 0 0 0 0 -1.3224
363 364 0.0131425 0 -1.37477 0 0 0 0 -1.36162
364 365 0.0275514 0 -1.31654 0 0 0 0 -1.28898
365 366 0.269397 0 -1.35346 0 0 0 0 -1.08406
366 367 0.058362 0 -0.607191 0 0 0 0 -0.548829
367 368 0.098669 0 0 0 0 0 0 0.098669
368 369 0.0669509 0 -1.23109 0 0 0 0 -1.16414
369 370 0.309009 0 -0.959145 0 0 0 0 -0.650135
370 371 9.37489e-05 0 0 0 0 0 0 9.37489e-05
371 372 0.00115928 0 -0.730423 0 0 0 0 -0.729264
372 373 0.240504 0 -1.03006 0 0 0 0 -0.789555
373 374 0.0627833 0 0 0 0 0 0 0.0627833
374 375 0.0163794 0 -1.28245 0 0 0 0 -1.26607
375 376 0.0634768 0 -0.668803 0 0 0 0 -0.605327
376 377 0.0539788 0 -0.894285 0 0 0 0 -0.840306
377 378 0.0363182 0 0 0 0 0 0 0.0363182
378 379 0.17985 0 -1.18178 0 0 0 0 -1.00193
380 381 0.0207961 0 0 0 0 0 0 0.0207961
381 382 0.0838747 0 0 0 0 0 0 0.0838747
382 383 0.19851 0 0 0 0 0 0 0.19851
383 384 0.0330687 0 0 0 0 0 0 0.0330687
384 385 0.0120079 0 -1.28125 0 0 0 0 -1.26924
385 386 0.0488112 0 0 0 0 0 0 0.0488112
386 387 0.00107489 0 -1.24609 0 0 0 0 -1.24501
387 388 0.0571273 0 0 0 0 0 0 0.0571273
388 389 0.00399591 0 -1.16142 0 0 0 0 -1.15742
389 390 0.010065 0 -0.93997 0 0 0 0 -0.929905
390 391 0.00438688 0 0 0 0 0 0 0.00438688
391 392 0.0578612 0 -0.98063 0 0 0 0 -0.922768
392 393 0.00223864 0 0 0 0 0 0 0.00223864
393 394 0.0121899 0 0 0 0 0 0 0.0121899
394 395 0.0646958 0 0 0 0 0 0 0.0646958
395 396 0.0662834 0 -1.29974 0 0 0 0 -1.23346
396 397 0.062547 0 -1.23445 0 0 0 0 -1.17191
397 398 0.00157906 0 -0 0 0 0 0 0.00157906
398 399 0.008661 0 0 0 0 0 0 0.008661
400 401 0.0706719 0 -0.987932 0 0 0 0 -0.91726
401 402 0.0978752 0 -0 0 0 0 0 0.0978752
402 403 0.0190725 0 0 0 0 0 0 0.0190725
403 404 5.61164e-06 0 -1.13988 0 0 0 0 -1.13988
404 405 0.0841515 0 -1.23299 0 0 0 0 -1.14884
405 406 0.00588078 0 0 0 0 0 0 0.00588078
406 407 0.000340016 0 -1.33635 0 0 0 0 -1.33601
407 408 0.0187599 0 -1.30482 0 0 0 0 -1.28606
408 409 0.00884494 0 -1.00309 0 0 0 0 -0.99425
409 410 0.0260535 0 -1.23784 0 0 0 0 -1.21179
410 411 0.011031 0 -0.964378 0 0 0 0 -0.953347
411 412 0.000231994 0 0 0 0 0 0 0.000231994
412 413 0.00486554 0 0 0 0 0 0 0.00486554
413 414 0.00027245 0 -1.40258 0 0 0 0 -1.40231
414 415 0.0367839 0 -0.81597 0 0 0 0 -0.779187
415 416 0.000579263 0 -1.16969 0 0 0 0 -1.16911
416 417 0.0192196 0 -0 0 0 0 0 0.0192196
417 418 0.20687 0 0 0 0 0 0 0.20687
418 419 0.0142506 0 -1.06146 0 0 0 0 -1.04721
420 421 0.0416812 0 -1.32103 0 0 0 0 -1.27935
421 422 0.00335487 0 -0 0 0 0 0 0.00335487
422 423 0.00971436 0 0 0 0 0 0 0.00971436
423 424 0.0983445 0 0 0 0 0 0 0.0983445
424 425 0.018331 0 -1.20906 0 0 0 0 -1.19073
425 426 0.0106277 0 -1.23345 0 0 0 0 -1.22283
426 427 0.0369133 0 0 0 0 0 0 0.0369133
427 428 0.00964668 0 -1.126 0 0 0 0 -1.11635
428 429 0.00820632 0 -0.478624 0 0 0 0 -0.470417
429 430 0.0315775 0 -0.598471 0 0 0 0 -0.566893
430 431 0.000119499 0 0 0 0 0 0 0.000119499
431 432 0.0354209 0 -1.00655 0 0 0 0 -0.971127
432 433 0.0209968 0 -0 0 0 0 0 0.0209968
433 434 0.00345231 0 -1.39362 0 0 0 0 -1.39017
434 435 0.00165907 0 -1.34358 0 0 0 0 -1.34192
435 436 0.134513 0 0 0 0 0 0 0.134513
436 437 0.117223 0 -1.23375 0 0 0 0 -1.11653
437 438 0.0252176 0 0 0 0 0 0 0.0252176
438 439 0.000426662 0 -1.28518 0 0 0 0 -1.28476
440 441 0.0404639 0 -1.25865 0 0 0 0 -1.21819
441 442 0.00926007 0 -1.27665 0 0 0 0 -1.26739
442 443 0.00409992 0 -1.29717 0 0 0 0 -1.29307
443 444 0.0226815 0 0 0 0 0 0 0.0226815
444 445 0.0561638 0 -1.36061 0 0 0 0 -1.30444
445 446 0.0188759 0 0 0 0 0 0 0.0188759
446 447 0.00559104 0 -1.23671 0 0 0 0 -1.23112
447 448 0.0434728 0 -1.34201 0 0 0 0 -1.29854
448 449 0.029158 0 0 0 0 0 0 0.029158
449 450 0.16256 0 0 0 0 0 0 0.16256
450 451 0.0146591 0 0 0 0 0 0 0.0146591
451 452 0.00274227 0 -1.43306 0 0 0 0 -1.43032
452 453 0.0293606 0 -1.20482 0 0 0 0 -1.17546
448 454 0 0 0 0 0 -0.000909245 -0 -0.000909245
453 454 0.00822479 0 -1.39939 0 0 0 0 -1.39116
448 455 0 0 0 0 0 -0.00142189 -0 -0.00142189
447 455 0 0 0 0 -0 -0.0789179 -0 -0.0789179
454 455 0.0576359 0 -1.00731 0 0 0 0 -0.949679
448 456 0 0 0 0 0 -0.0576065 0 -0.0576065
447 456 0 0 0 0 -0.302531 0 -0 -0.302531
446 456 0 0 0 0 0 -0.208119 0 -0.208119
455 456 0.0287742 0 -1.33458 0 0 0 0 -1.3058
447 457 0 0 0 0 0 -0.158019 0 -0.158019
446 457 0 0 0 0 -0.759226 0 -0 -0.759226
456 457 0.0145512 0 -1.18697 0 0 0 0 -1.17242
457 458 0.196482 0 0 0 0 0 0 0.196482
457 459 0 0 0 0.0131395 0 0 0 0.0131395
458 459 0.0273822 0 0 0 0 0 0 0.0273822
460 461 0.0818574 0 -1.16681 0 0 0 0 -1.08495
461 462 0.00374502 0 0 0 0 0 0 0.00374502
462 463 0.112133 0 -1.11595 0 0 0 0 -1.00382
463 464 0.00014332 0 0 0 0 0 0 0.00014332
464 465 0.0557011 0 0 0 0 0 0 0.0557011
465 466 0.0173816 0 0 0 0 0 0 0.0173816
466 467 0.0122144 0 0 0 0 0 0 0.0122144
467 468 0.0332688 0 -1.22667 0 0 0 0 -1.1934
468 469 0.0266526 0 0 0 0 0 0 0.0266526
469 470 0.00654417 0 -1.01339 0 0 0 0 -1.00685
470 471 0.0032268 0 -1.07997 0 0 0 0 -1.07674
471 472 0.0700951 0 -1.29967 0 0 0 0 -1.22958
472 473 0.231728 0 -1.07162 0 0 0 0 -0.839894
473 474 0.0201659 0 0 0 0 0 0 0.0201659
474 475 0.0828023 0 0 0 0 0 0 0.0828023
475 476 0.0109957 0 0 0 0 0 0 0.0109957
476 477 0.00824597 0 -1.09335 0 0 0 0 -1.08511
477 478 0.00715398 0 0 0 0 0 0 0.00715398
478 479 0.00519343 0 -1.11933 0 0 0 0 -1.11414
480 481 0.11177 0 -1.02322 0 0 0 0 -0.911452
481 482 0.00103348 0 0 0 0 0 0 0.00103348
482 483 0.00444649 0 0 0 0 0 0 0.00444649
483 484 0.00105452 0 -1.30103 0 0 0 0 -1.29998
484 485 0.00859142 0 0 0 0 0 0 0.00859142
485 486 0.00122806 0 0 0 0 0 0 0.00122806
486 487 0.0144086 0 -1.26557 0 0 0 0 -1.25116
487 488 0.0184962 0 -1.08507 0 0 0 0 -1.06658
488 489 0.228061 0 -0 0 0 0 0 0.228061
489 490 0.0186409 0 0 0 0 0 0 0.0186409
490 491 0.00260415 0 -1.10872 0 0 0 0 -1.10611
491 492 0.0311898 0 0 0 0 0 0 0.0311898
492 493 0.0138705 0 -1.26766 0 0 0 0 -1.25379
493 494 0.0199904 0 -1.3819 0 0 0 0 -1.36191
494 495 0.0216204 0 0 0 0 0 0 0.0216204
495 496 4.70869e-05 0 0 0 0 0 0 4.70869e-05
496 497 0.00420086 0 -1.10579 0 0 0 0 -1.10159
497 498 0.105694 0 -1.11044 0 0 0 0 -1.00475
498 499 0.101972 0 -1.28246 0 0 0 0 -1.18049
500 501 0.130483 0 0 0 0 0 0 0.130483
501 502 0.00591176 0 0 0 0 0 0 0.00591176
502 503 0.0220245 0 0 0 0 0 0 0.0220245
503 504 0.138266 0 -0.875283 0 0 0 0 -0.737017
504 505 0.0432431 0 -1.40424 0 0 0 0 -1.361
505 506 0.00225857 0 -1.22163 0 0 0 0 -1.21937
506 507 0.0811282 0 -1.35985 0 0 0 0 -1.27872
507 508 0.0571022 0 -1.29028 0 0 0 0 -1.23318
508 509 0.00453372 0 -0.136365 0 0 0 0 -0.131831
509 510 0.0602158 0 -0.807569 0 0 0 0 -0.747353
510 511 4.64169e-06 0 0 0 0 0 0 4.64169e-06
511 512 0.0114426 0 -1.09479 0 0 0 0 -1.08335
512 513 0.0201564 0 -1.10542 0 0 0 0 -1.08526
513 514 0.00156892 0 -1.25761 0 0 0 0 -1.25604
514 515 3.56735e-05 0 0 0 0 0 0 3.56735e-05
515 516 0.0131139 0 -1.37603 0 0 0 0 -1.36291
516 517 0.105453 0 -1.03603 0 0 0 0 -0.930574
517 518 0.0204198 0 0 0 0 0 0 0.0204198
518 519 0.0320445 0 -1.23692 0 0 0 0 -1.20487
520 521 0.0147788 0 0 0 0 0 0 0.0147788
521 522 0.130866 0 0 0 0 0 0 0.130866
522 523 0.00363151 0 0 0 0 0 0 0.00363151
523 524 0.0181777 0 -0.675063 0 0 0 0 -0.656886
524 525 0.00709291 0 0 0 0 0 0 0.00709291
525 526 0.102496 0 -1.11554 0 0 0 0 -1.01305
526 527 0.00951296 0 0 0 0 0 0 0.00951296
527 528 0.00401844 0 -0 0 0 0 0 0.00401844
528 529 0.152322 0 -1.29563 0 0 0 0 -1.14331
529 530 0.00657798 0 -1.2131 0 0 0 0 -1.20652
530 531 0.0603737 0 -1.27123 0 0 0 0 -1.21085
531 532 0.027471 0 -0.831678 0 0 0 0 -0.804207
532 533 0.0151571 0 0 0 0 0 0 0.0151571
533 534 0.000206331 0 -1.22316 0 0 0 0 -1.22295
534 535 0.130631 0 -1.29484 0 0 0 0 -1.16421
535 536 0.038573 0 -0.845131 0 0 0 0 -0.806558
536 537 0.140286 0 -0.0827575 0 0 0 0 0.0575287
537 538 0.238952 0 -0 0 0 0 0 0.238952
538 539 0.0118153 0 -1.30119 0 0 0 0 -1.28938
540 541 0.139883 0 -1.37057 0 0 0 0 -1.23069
541 542 0.0101331 0 -0.918608 0 0 0 0 -0.908475
542 543 0.0467725 0 -0.405847 0 0 0 0 -0.359074
543 544 0.058218 0 -1.20776 0 0 0 0 -1.14954
544 545 0.000737241 0 -1.37441 0 0 0 0 -1.37367
545 546 0.188085 0 -1.43572 0 0 0 0 -1.24764
546 547 0.349129 0 -0.407786 0 0 0 0 -0.0586566
547 548 0.00989055 0 -1.12607 0 0 0 0 -1.11618
548 549 0.000991781 0 -1.26847 0 0 0 0 -1.26748
549 550 0.0372172 0 -1.30684 0 0 0 0 -1.26963
550 551 0.071013 0 -1.11818 0 0 0 0 -1.04716
551 552 0.00132462 0 -0.9931 0 0 0 0 -0.991776
552 553 0.0068298 0 -1.34203 0 0 0 0 -1.3352
553 554 0.0591133 0 -0.985075 0 0 0 0 -0.925962
554 555 0.0548415 0 -1.31715 0 0 0 0 -1.26231
555 556 0.0206147 0 -1.33755 0 0 0 0 -1.31693
556 557 0.223976 0 -1.35957 0 0 0 0 -1.1356
557 558 0.0436387 0 0 0 0 0 0 0.0436387
556 559 0 0 0 0 0 -0.0212992 -0 -0.0212992
558 559 0.0884731 0 0 0 0 0 0 0.0884731
560 561 0.0360111 0 -1.39941 0 0 0 0 -1.3634
561 562 0.0603808 0 -0 0 0 0 0 0.0603808
562 563 0.0854474 0 0 0 0 0 0 0.0854474
563 564 0.0385915 0 0 0 0 0 0 0.0385915
564 565 8.73223e-05 0 -1.15608 0 0 0 0 -1.15599
565 566 0.0194943 0 0 0 0 0 0 0.0194943
566 567 0.0360324 0 -0.895005 0 0 0 0 -0.858973
567 568 0.0295503 0 -1.13709 0 0 0 0 -1.10753
568 569 0.0587875 0 0 0 0 0 0 0.0587875
569 570 0.00652874 0 0 0 0 0 0 0.00652874
570 571 0.0213738 0 0 0 0 0 0 0.0213738
571 572 0.00375746 0 -1.19125 0 0 0 0 -1.18749
572 573 6.76005e-05 0 -0.735857 0 0 0 0 -0.73579
573 574 0.179657 0 -1.07285 0 0 0 0 -0.893195
574 575 0.299091 0 -1.29367 0 0 0 0 -0.994574
575 576 0.0320388 0 -1.3436 0 0 0 0 -1.31156
576 577 0.0636183 0 0 0 0 0 0 0.0636183
577 578 0.0908394 0 -0.588651 0 0 0 0 -0.497811
578 579 0.00932064 0 -1.35988 0 0 0 0 -1.35056
580 581 0.0166518 0 -1.34648 0 0 0 0 -1.32983
581 582 0.0190169 0 -1.22633 0 0 0 0 -1.20732
582 583 0.0873722 0 -1.42496 0 0 0 0 -1.33759
583 584 0.00582146 0 -1.40951 0 0 0 0 -1.40369
584 585 0.139209 0 0 0 0 0 0 0.139209
585 586 0.00226671 0 0 0 0 0 0 0.00226671
586 587 0.0277704 0 -1.19051 0 0 0 0 -1.16274
587 588 0.00230742 0 -0.469995 0 0 0 0 -0.467688
588 589 0.020723 0 0 0 0 0 0 0.020723
589 590 0.00159441 0 -0.838724 0 0 0 0 -0.837129
590 591 0.0754389 0 0 0 0 0 0 0.0754389
591 592 9.22073e-08 0 -1.37218 0 0 0 0 -1.37218
592 593 0.072899 0 -0.586445 0 0 0 0 -0.513547
593 594 0.0359613 0 -1.45745 0 0 0 0 -1.42149
594 595 0.0120307 0 -0 0 0 0 0 0.0120307
595 596 0.0112895 0 0 0 0 0 0 0.0112895
596 597 0.00792714 0 0 0 0 0 0 0.00792714
597 598 0.0937701 0 0 0 0 0 0 0.0937701
598 599 0.0426778 0 -1.15264 0 0 0 0 -1.10996
600 601 0.00153588 0 -0.843744 0 0 0 0 -0.842208
601 602 0.000925304 0 -1.17058 0 0 0 0 -1.16966
602 603 0.0543212 0 -1.37574 0 0 0 0 -1.32142
603 604 0.0560652 0 0 0 0 0 0 0.0560652
604 605 0.00583624 0 -0 0 0 0 0 0.00583624
605 606 0.0600219 0 0 0 0 0 0 0.0600219
606 607 0.0297981 0 -0 0 0 0 0 0.0297981
607 608 0.029818 0 0 0 0 0 0 0.029818
608 609 0.386836 0 -0.866861 0 0 0 0 -0.480025
609 610 0.0297596 0 0 0 0 0 0 0.0297596
610 611 0.0267425 0 0 0 0 0 0 0.0267425
611 612 0.043453 0 -1.1988 0 0 0 0 -1.15534
612 613 0.0110991 0 0 0 0 0 0 0.0110991
613 614 0.0762488 0 -1.28524 0 0 0 0 -1.20899
614 615 0.017601 0 -1.18739 0 0 0 0 -1.16978
615 616 0.0142358 0 0 0 0 0 0 0.0142358
616 617 0.0190936 0 -0 0 0 0 0 0.0190936
617 618 0.00551474 0 0 0 0 0 0 0.00551474
618 619 0.0188361 0 -0.443603 0 0 0 0 -0.424767
620 621 0.075756 0 -0.828534 0 0 0 0 -0.752778
621 622 0.0050284 0 0 0 0 0 0 0.0050284
622 623 0.0316783 0 0 0 0 0 0 0.0316783
623 624 0.000391987 0 -0 0 0 0 0 0.000391987
624 625 0.0177518 0 -0 0 0 0 0 0.0177518
625 626 0.00157416 0 -0.944709 0 0 0 0 -0.943134
626 627 0.379099 0 -0.98135 0 0 0 0 -0.602251
627 628 0.117815 0 -0.991639 0 0 0 0 -0.873824
628 629 0.0475233 0 -1.10836 0 0 0 0 -1.06083
629 630 0.160601 0 -0 0 0 0 0 0.160601
630 631 0.121476 0 0 0 0 0 0 0.121476
631 632 0.148191 0 0 0 0 0 0 0.148191
632 633 0.0775641 0 -1.28569 0 0 0 0 -1.20813
633 634 0.0507849 0 0 0 0 0 0 0.0507849
634 635 0.0463803 0 -0.944771 0 0 0 0 -0.89839
635 636 0.0213538 0 -1.33584 0 0 0 0 -1.31449
636 637 0.0783033 0 0 0 0 0 0 0.0783033
637 638 0.269712 0 0 0 0 0 0 0.269712
638 639 0.081087 0 -1.13128 0 0 0 0 -1.05019
640 641 0.183806 0 0 0 0 0 0 0.183806
641 642 0.138944 0 0 0 0 0 0 0.138944
642 643 0.215407 0 0 0 0 0 0 0.215407
643 644 0.000985577 0 -1.38829 0 0 0 0 -1.3873
644 645 0.000125031 0 -1.15616 0 0 0 0 -1.15604
645 646 0.00322257 0 -1.27245 0 0 0 0 -1.26922
646 647 8.15465e-05 0 -1.13453 0 0 0 0 -1.13445
647 648 0.0143796 0 -1.38113 0 0 0 0 -1.36675
648 649 0.00150704 0 0 0 0 0 0 0.00150704
649 650 0.0643421 0 -1.37434 0 0 0 0 -1.31
650 651 0.0322237 0 0 0 0 0 0 0.0322237
651 652 0.129549 0 -0 0 0 0 0 0.129549
652 653 0.00377639 0 0 0 0 0 0 0.00377639
653 654 0.000173407 0 0 0 0 0 0 0.000173407
654 655 9.1103e-05 0 -1.15882 0 0 0 0 -1.15873
655 656 0.0612118 0 -1.3094 0 0 0 0 -1.24818
656 657 0.11339 0 -1.0065 0 0 0 0 -0.893113
657 658 0.0111561 0 -1.12606 0 0 0 0 -1.1149
658 659 0.0815801 0 -0.915953 0 0 0 0 -0.834373
660 661 0.00174036 0 0 0 0 0 0 0.00174036
661 662 0.0123321 0 0 0 0 0 0 0.0123321
662 663 0.0148742 0 -0.000786652 0 0 0 0 0.0140875
663 664 0.0191455 0 -1.37311 0 0 0 0 -1.35397
664 665 0.000958059 0 0 0 0 0 0 0.000958059
665 666 0.232544 0 0 0 0 0 0 0.232544
666 667 0.184362 0 0 0 0 0 0 0.184362
667 668 0.422709 0 0 0 0 0 0 0.422709
668 669 0.205905 0 -1.10611 0 0 0 0 -0.900201
669 670 0.0551587 0 0 0 0 0 0 0.0551587
670 671 0.172964 0 0 0 0 0 0 0.172964
671 672 0.13799 0 -0 0 0 0 0 0.13799
672 673 0.022278 0 -0.97609 0 0 0 0 -0.953812
673 674 0.0893718 0 0 0 0 0 0 0.0893718
674 675 0.0130634 0 -1.21762 0 0 0 0 -1.20456
675 676 0.00404386 0 -1.21919 0 0 0 0 -1.21515
676 677 0.201462 0 0 0 0 0 0 0.201462
677 678 0.0596185 0 -1.09047 0 0 0 0 -1.03086
678 679 0.125041 0 -1.29782 0 0 0 0 -1.17278
680 681 0.0152003 0 -0.473011 0 0 0 0 -0.45781
681 682 0.00806879 0 -1.3372 0 0 0 0 -1.32913
682 683 0.000429175 0 -1.21006 0 0 0 0 -1.20963
683 684 0.0682939 0 -1.20772 0 0 0 0 -1.13942
684 685 0.0136413 0 -1.24324 0 0 0 0 -1.2296
685 686 0.00804715 0 0 0 0 0 0 0.00804715
686 687 0.00083409 0 -1.31794 0 0 0 0 -1.3171
687 688 0.00375304 0 -1.31707 0 0 0 0 -1.31332
688 689 0.00352009 0 -0.666399 0 0 0 0 -0.662879
689 690 0.0522563 0 -1.19463 0 0 0 0 -1.14237
690 691 0.0345825 0 0 0 0 0 0 0.0345825
691 692 5.10721e-06 0 0 0 0 0 0 5.10721e-06
692 693 0.0730338 0 0 0 0 0 0 0.0730338
693 694 0.00225014 0 -1.29653 0 0 0 0 -1.29428
694 695 0.000139698 0 -1.38983 0 0 0 0 -1.3897
695 696 0.123196 0 -1.34365 0 0 0 0 -1.22046
696 697 0.16037 0 0 0 0 0 0 0.16037
697 698 0.0774227 0 -1.11252 0 0 0 0 -1.0351
698 699 0.19179 0 0 0 0 0 0 0.19179
700 701 0.260816 0 0 0 0 0 0 0.260816
701 702 0.132312 0 -1.25678 0 0 0 0 -1.12447
702 703 0.208569 0 -1.14102 0 0 0 0 -0.932453
703 704 0.0642742 0 0 0 0 0 0 0.0642742
704 705 0.0500052 0 -1.28056 0 0 0 0 -1.23055
705 706 0.19773 0 -0.985811 0 0 0 0 -0.788082
706 707 8.16115e-05 0 0 0 0 0 0 8.16115e-05
707 708 0.00373097 0 0 0 0 0 0 0.00373097
708 709 0.00876795 0 0 0 0 0 0 0.00876795
709 710 0.124711 0 -1.02093 0 0 0 0 -0.896218
710 711 0.0748556 0 0 0 0 0 0 0.0748556
711 712 0.131148 0 -0 0 0 0 0 0.131148
712 713 0.0424702 0 -0.970483 0 0 0 0 -0.928013
713 714 0.0647424 0 0 0 0 0 0 0.0647424
714 715 0.0387376 0 -1.12719 0 0 0 0 -1.08846
715 716 0.0620098 0 -0.851535 0 0 0 0 -0.789525
716 717 0.173889 0 -1.17314 0 0 0 0 -0.999253
717 718 0.0498994 0 0 0 0 0 0 0.0498994
718 719 0.0190917 0 -1.124 0 0 0 0 -1.10491
720 721 0.0528624 0 -1.32923 0 0 0 0 -1.27637
721 722 0.0046564 0 0 0 0 0 0 0.0046564
722 723 0.0084026 0 -0.966325 0 0 0 0 -0.957923
723 724 0.207648 0 0 0 0 0 0 0.207648
724 725 0.00327155 0 -1.38384 0 0 0 0 -1.38057
725 726 0.00238277 0 0 0 0 0 0 0.00238277
726 727 0.0142231 0 -1.05204 0 0 0 0 -1.03782
727 728 0.135322 0 0 0 0 0 0 0.135322
728 729 0.0141938 0 0 0 0 0 0 0.0141938
729 730 0.0119414 0 -1.24126 0 0 0 0 -1.22932
730 731 0.0765454 0 -1.28163 0 0 0 0 -1.20508
731 732 0.0438502 0 -1.12705 0 0 0 0 -1.0832
732 733 0.00528242 0 0 0 0 0 0 0.00528242
733 734 0.199919 0 -0 0 0 0 0 0.199919
734 735 0.132245 0 -1.30642 0 0 0 0 -1.17418
735 736 0.00284704 0 -0 0 0 0 0 0.00284704
736 737 0.000937203 0 0 0 0 0 0 0.000937203
737 738 0.0947109 0 -1.14119 0 0 0 0 -1.04648
738 739 0.00666337 0 -1.23346 0 0 0 0 -1.22679
740 741 0.0675638 0 -1.38312 0 0 0 0 -1.31555
741 742 0.0734859 0 0 0 0 0 0 0.0734859
742 743 0.0746249 0 -1.22292 0 0 0 0 -1.14829
743 744 0.0385218 0 0 0 0 0 0 0.0385218
744 745 0.0139043 0 -1.19707 0 0 0 0 -1.18317
745 746 0.0329257 0 0 0 0 0 0 0.0329257
746 747 0.0249312 0 -0 0 0 0 0 0.0249312
747 748 0.0657144 0 0 0 0 0 0 0.0657144
748 749 0.058717 0 -1.27145 0 0 0 0 -1.21274
749 750 0.0895249 0 -0.912375 0 0 0 0 -0.82285
750 751 0.0049541 0 -1.27479 0 0 0 0 -1.26983
751 752 0.031583 0 0 0 0 0 0 0.031583
752 753 0.00184054 0 -0.93298 0 0 0 0 -0.931139
753 754 0.110558 0 -1.11867 0 0 0 0 -1.00811
754 755 0.00015426 0 -0.0423422 0 0 0 0 -0.0421879
755 756 0.00496175 0 0 0 0 0 0 0.00496175
756 757 0.00605877 0 -0.977891 0 0 0 0 -0.971832
757 758 0.0255143 0 -1.22539 0 0 0 0 -1.19987
758 759 0.0149265 0 -1.41788 0 0 0 0 -1.40295
760 761 0.00812242 0 -1.22731 0 0 0 0 -1.21919
761 762 0.00514739 0 0 0 0 0 0 0.00514739
762 763 0.0964755 0 -0.88863 0 0 0 0 -0.792154
763 764 0.122151 0 -1.41637 0 0 0 0 -1.29422
764 765 0.00381745 0 -0.742131 0 0 0 0 -0.738313
765 766 0.0371194 0 -1.01479 0 0 0 0 -0.977676
766 767 0.0553792 0 0 0 0 0 0 0.0553792
767 768 0.0606324 0 -1.39381 0 0 0 0 -1.33318
768 769 0.0477959 0 0 0 0 0 0 0.0477959
769 770 0.016791 0 -1.28342 0 0 0 0 -1.26663
770 771 0.0292314 0 -0 0 0 0 0 0.0292314
771 772 0.00278273 0 0 0 0 0 0 0.00278273
772 773 0.00104732 0 -0.708953 0 0 0 0 -0.707906
773 774 1.54056e-06 0 -1.17307 0 0 0 0 -1.17307
774 775 0.0362652 0 -1.15617 0 0 0 0 -1.1199
775 776 0.000183504 0 -1.05953 0 0 0 0 -1.05934
776 777 0.000460976 0 0 0 0 0 0 0.000460976
777 778 0.0372046 0 -0.997088 0 0 0 0 -0.959884
778 779 0.00926137 0 -1.29854 0 0 0 0 -1.28928
780 781 0.0678906 0 -1.2465 0 0 0 0 -1.17861
781 782 0.160524 0 0 0 0 0 0 0.160524
782 783 0.0271614 0 0 0 0 0 0 0.0271614
783 784 0.185975 0 -1.17378 0 0 0 0 -0.987807
784 785 0.0545692 0 -0.927814 0 0 0 0 -0.873245
785 786 0.336269 0 0 0 0 0 0 0.336269
786 787 0.0486697 0 -1.01976 0 0 0 0 -0.971091
787 788 0.0769457 0 -0.927095 0 0 0 0 -0.850149
788 789 0.0012427 0 0 0 0 0 0 0.0012427
789 790 0.000266165 0 -1.03599 0 0 0 0 -1.03573
790 791 0.0056859 0 -1.2901 0 0 0 0 -1.28442
791 792 2.59928e-05 0 -1.35731 0 0 0 0 -1.35728
792 793 0.156912 0 0 0 0 0 0 0.156912
793 794 0.151728 0 0 0 0 0 0 0.151728
794 795 1.88069e-05 0 0 0 0 0 0 1.88069e-05
795 796 0.215832 0 -1.33564 0 0 0 0 -1.1198
786 797 0 0 0 0 0 -0.00277792 0 -0.00277792
796 797 0.184414 0 0 0 0 0 0 0.184414
797 798 0.140111 0 0 0 0 0 0 0.140111
798 799 0.299217 0 -0.00114296 0 0 0 0 0.298074
#Total energy per particle is  -0.583277 and should be -0.58327710
