           0   0.000000
       10000  -2.772821
       20000   0.000000
       30000  -0.965594
       40000   0.000000
       50000  -1.749838
       60000  -3.311335
       70000  -1.850234
       80000  -2.158407
       90000  -2.622572
      100000  -0.342274
      110000  -1.077041
      120000   0.000000
      130000  -2.253551
      140000  -0.872045
      150000  -1.835400
      160000  -0.662506
      170000  -4.531466
      180000  -6.041811
      190000  -5.864925
      200000  -5.418223
