t = 200000
b = 100 100 100
E = -0.547833256087274 -0.547833256087274 0
29.9200741399971 47.0000467415737 -249.301312835658 0.366087643520066 -0.0515045364111415 0.929153980775522 -0.490499334356144 -0.85918681460284 0.145631111404137 0 0 0 0 0 0
29.3247928827004 47.100899216975 -249.025064242273 0.439509851688557 -0.654135320167555 0.61557946130292 -0.774372768386486 0.0713417450556847 0.628694815466025 0 0 0 0 0 0
28.9589504335094 46.8871083303229 -248.85797533254 0.551014731436343 0.237515222000202 0.799980802931127 -0.832832707029854 0.0960308786272906 0.545130949819763 0 0 0 0 0 0
28.7148074148628 45.9042690177883 -248.888325547008 -0.457780899634474 -0.781205278251424 -0.424446652904658 -0.716103358627983 0.606927917878619 -0.344723776756474 0 0 0 0 0 0
28.5069597551558 46.0013742460298 -249.268187129257 -0.626395133556863 -0.32491616834061 0.708560950241499 -0.686249923888161 0.660989049405712 -0.303569627152038 0 0 0 0 0 0
28.0975528497852 46.1032433534473 -249.513738958246 -0.0541254410298534 0.236395984664476 0.970148120169202 -0.517395695215134 0.824333216036726 -0.229731241914103 0 0 0 0 0 0
27.6269599559458 46.4015661842258 -249.521523578223 0.561419783205258 0.396920566335991 0.726128012849854 -0.49427014971587 0.864589667456123 -0.0904528939722878 0 0 0 0 0 0
26.538265510583 46.5187643118553 -250.275899775422 -0.881079087225128 -0.351604728422591 -0.316344364586144 -0.465450809989641 0.525800330500417 0.711961765775128 0 0 0 0 0 0
26.1185125516772 46.8869040317315 -250.126301439702 -0.512064882944718 -0.858929890607948 0.0053850417854938 -0.563445518024225 0.340625927245279 0.752664019272017 0 0 0 0 0 0
26.5326251637825 47.4698613348188 -249.620545811512 -0.953756407226295 0.300244688220887 0.0142071415116604 -0.139624241121627 -0.400682272765396 -0.905515757777172 0 0 0 0 0 0
26.9180948443032 46.989048775214 -248.555179108162 -0.337334907114057 -0.493905793028105 0.801412645305544 -0.937059993594363 0.257680551120841 -0.235625342395491 0 0 0 0 0 0
27.3861219357249 46.6193977620076 -248.217201434851 -0.385634030930176 -0.189450766167101 0.902992138053949 0.552156343462836 -0.831479745301791 0.0613580111038356 0 0 0 0 0 0
27.8015728487841 46.3440855267074 -248.183798401674 -0.815851747321325 -0.514443690309345 0.2640712326128 0.422981887652148 -0.842298735303466 -0.334094542344539 0 0 0 0 0 0
28.0156055185443 45.9058180638523 -248.084561607422 -0.83692469795523 -0.117998837694176 -0.534446745948902 0.403514165054708 -0.792751884703987 -0.456859680753815 0 0 0 0 0 0
27.935204858175 45.4530715790158 -248.141212302886 -0.135164958827409 0.339402581891843 -0.930879326932517 0.476522392428587 -0.801445498501264 -0.36140216165125 0 0 0 0 0 0
28.031304043228 45.0833107746066 -248.471909294112 0.549243248975137 0.772896178112799 -0.317747307327482 0.630771680587005 -0.632848216326199 -0.449032540092802 0 0 0 0 0 0
28.1651423115772 44.9810867224845 -249.035164466841 0.831020206452174 0.53397123865157 0.155820835452433 0.511698176055742 -0.624022317889733 -0.590560008294459 0 0 0 0 0 0
27.5217982148023 45.0101679244622 -249.590150041736 0.264809569652921 0.962550436447943 0.058073652495003 0.631711008860843 -0.127659623273384 -0.764620312226738 0 0 0 0 0 0
26.9546620604362 44.4087004526226 -248.799922202922 0.283447361342824 -0.591779513675113 0.754622157468383 -0.957356987502382 -0.128743043646292 0.258636476918963 0 0 0 0 0 0
26.1326991306493 44.6720354092773 -248.979947062473 -0.164964785605005 -0.547852047294841 -0.820149226534504 0.451526872625391 0.697338111996069 -0.556635464963285 0 0 0 0 0 0
67.0009133522829 -44.2626712684603 -91.696902376893 0.641035223024574 0.710697936192559 -0.289796974334571 0.732826051569875 -0.678984204663446 -0.0441183403819225 0 0 0 0 0 0
66.5795068093436 -45.1226654318792 -92.0824678795529 0.617667876676729 -0.761680133352351 0.195779898299102 0.621663954296224 0.625358246252972 0.471657706151601 0 0 0 0 0 0
66.0857942567213 -44.9862672946879 -92.6136938853121 -0.414113259071534 -0.733597309755303 0.538836891629493 -0.790848488106311 -0.0030937639007541 -0.612004164597667 0 0 0 0 0 0
65.5380165089496 -43.9699335443102 -93.211379230136 -0.635523055348553 0.338907927878085 -0.693723188701245 -0.72444522507916 0.0489692050628058 0.687590817867373 0 0 0 0 0 0
65.2195850085179 -43.677934028607 -92.9662962927317 -0.589365495762544 -0.411313516362635 -0.695319713270072 -0.783346703856105 0.0805195544093364 0.616347745120802 0 0 0 0 0 0
64.776890522868 -43.4344852840138 -92.8696097514918 -0.18085731905335 -0.943785709967712 -0.276693266643005 -0.85450290163376 0.0114972411826518 0.519319366618147 0 0 0 0 0 0
64.2303087565123 -43.5278524786485 -92.7744239383198 0.287898118096354 -0.956415723516773 0.0488225092192833 -0.839654145076075 -0.227577179770282 0.49314251885674 0 0 0 0 0 0
63.7907464044366 -43.8219092123766 -92.7009012124683 0.579952503336278 -0.502107004857629 0.641516679087057 -0.796811344255911 -0.18573155936615 0.574974320748767 0 0 0 0 0 0
63.579237124063 -44.1460689821686 -92.6158550994532 0.234953372242697 0.27145246909921 0.933332989822886 -0.921564600182447 -0.24309560510546 0.30269326796111 0 0 0 0 0 0
63.7495746562608 -44.4202810305491 -93.9822744125971 0.83049843386056 0.0241386047518825 -0.556497690126194 0.102146660592038 -0.988718390201141 0.109553660860598 0 0 0 0 0 0
62.561962370047 -43.7875362524604 -93.3458368789098 -0.905566683585565 0.358524607068711 0.226735722165846 0.41528833019853 0.640265403114346 0.646216539850027 0 0 0 0 0 0
62.6265088658738 -43.3082113259663 -93.1898661068128 -0.620919404384439 -0.307833392539663 0.720900614298805 0.448679982559578 0.614537711287284 0.648867994784859 0 0 0 0 0 0
61.913515074648 -42.6492990530655 -93.8122175669008 -0.712096091429141 0.667333029332113 -0.218141661618696 0.4593300277803 0.207839636743171 -0.863607903494297 0 0 0 0 0 0
62.6300076289606 -42.4061949640875 -93.8643706147668 0.305424837742513 -0.027292460052432 0.951824978719431 0.678138111021015 -0.695486041764422 -0.237545507412172 0 0 0 0 0 0
62.7464930703706 -41.5176677287086 -93.830740119432 -0.133561921715517 0.20771251352351 0.969028753336765 -0.0826848155553967 0.972044624484127 -0.219755476127632 0 0 0 0 0 0
63.392171931948 -41.0095341980289 -94.4521385583164 -0.194214350688662 0.907572720026603 0.372280195350351 -0.491468727209995 -0.418464577817898 0.763770834273132 0 0 0 0 0 0
63.3555318174767 -41.1996962548075 -93.8908790785394 -0.480745314340993 0.869241637127875 -0.115338280819647 -0.702938746601986 -0.303412660695859 0.643286775750201 0 0 0 0 0 0
64.1762993455987 -41.5919235506674 -93.8912841797471 0.118385574028033 -0.517344102127416 0.847549370748413 -0.425170642448224 0.744938307238601 0.514098087147436 0 0 0 0 0 0
64.5179899656499 -42.230723130393 -94.6592926515267 0.675218959432251 -0.608646261145837 -0.416688235514781 -0.401351406686975 -0.777125233444196 0.484761198833704 0 0 0 0 0 0
64.3498669603296 -42.7124440356552 -94.4695448012839 0.965325806357412 -0.232113987090445 -0.119453692188183 -0.128015574209392 -0.819710888204109 0.558288520855901 0 0 0 0 0 0
117.733102119716 116.816043100536 145.83355808514 0.468320069690437 -0.563139986401139 0.680844819354064 0.161952489113293 0.8122269571665 0.560409458630078 0 0 0 0 0 0
116.602528493841 116.747002787548 145.548177780593 -0.507478468768389 -0.8378271319099 0.201274193010732 0.732314423524388 -0.296272243270081 0.613138110841152 0 0 0 0 0 0
116.678493935114 116.654998077632 146.005297838878 0.299832166615943 -0.819180505258382 -0.488921232579453 0.745525533138162 -0.118563213703013 0.655846356851567 0 0 0 0 0 0
116.623289939771 117.616151088049 147.052278472846 -0.0436967078387826 0.793031506525331 0.607611411497691 0.383657620746104 0.574878197557499 -0.722718401603612 0 0 0 0 0 0
116.417213803741 117.411229801787 147.809047430725 -0.658485845402555 0.449793148572374 0.603392504843931 -0.74437574207047 -0.271097112881538 -0.610254954919936 0 0 0 0 0 0
117.567032124999 117.099315357915 147.060384358357 0.839515643685163 0.532824732758942 0.106354539951282 0.442386420851277 -0.783959196120581 0.43554819878444 0 0 0 0 0 0
117.150789880906 116.307354756163 146.944850249318 0.892418523934072 -0.0822557222863713 -0.443647578930033 0.0344445715253701 -0.96795424645439 0.248753187443593 0 0 0 0 0 0
117.120783566531 115.855939120838 146.727107338504 0.906259687747987 0.142595709549654 0.397944521234999 0.0532317452050237 -0.972389914224741 0.227209674125969 0 0 0 0 0 0
117.379001917412 115.359774159641 146.642515169699 0.0591116869060345 0.270996637187053 0.960763566703292 -0.0570370124838338 -0.959957341568855 0.274278474501691 0 0 0 0 0 0
117.225218039276 114.386693775742 146.92282110494 0.176784775987357 -0.418179765112281 0.890995413585131 0.964314830008845 0.254860141602357 -0.0717162244365906 0 0 0 0 0 0
117.209729238031 113.713275025674 145.935127888526 -0.194850835104799 -0.941404741419724 -0.275300317637712 -0.762626680947092 0.321916776104515 -0.56104379042112 0 0 0 0 0 0
117.545041541076 114.492855450643 145.241942008319 -0.293069853103656 -0.263516158233537 -0.919058918433219 0.845800032812823 0.376750082867214 -0.377732285558667 0 0 0 0 0 0
117.191326761819 114.048016161782 145.297630867531 0.584810843133722 -0.808290702855011 0.0682818968056509 -0.739155822884688 -0.496327458138888 0.455310579487287 0 0 0 0 0 0
117.586086421724 115.298898843058 144.890426297519 0.499853725198058 0.863286338244786 -0.0698781196479484 0.455035883689282 -0.193108086922723 0.869282239160654 0 0 0 0 0 0
117.965107782334 115.231040828473 145.123189887879 -0.415431235551858 0.832231275617068 0.367162079213859 0.203671564066763 -0.308289212067283 0.929233907965875 0 0 0 0 0 0
118.547376308496 114.398215531096 145.676972762136 -0.0527534909081528 -0.594272303399213 0.802531929962663 -0.570817959307459 -0.641468835752073 -0.512527648123444 0 0 0 0 0 0
118.536642386317 113.91114705992 145.491737802314 -0.480226740456936 -0.154209979827144 0.863482229042277 -0.494331177088136 -0.765621412387312 -0.411655851716839 0 0 0 0 0 0
118.559969645372 113.394835152301 145.399920378874 -0.718508783733078 0.344553023243853 0.604175754124521 -0.549071090048712 -0.814207600880286 -0.188644959491337 0 0 0 0 0 0
118.575748323639 112.858287114174 144.925862862718 -0.128598425428164 -0.152956635014069 0.979829940746133 -0.901490914959405 0.429755336587684 -0.0512296878778364 0 0 0 0 0 0
118.106247986255 113.380529366292 143.846877787203 -0.131040698641726 0.0995572378052779 -0.986365394618076 0.814819108900264 0.577558893814647 -0.049955419591682 0 0 0 0 0 0
-30.8883343775383 -265.225649889716 60.0072037702713 0.826765803625882 0.337382634996582 0.450145824769721 -0.548287886948509 0.304260489450614 0.778977501334161 0 0 0 0 0 0
-31.1416639138381 -265.057091762314 60.5401477531257 0.914981710923933 0.399886929947062 0.0538415446679035 -0.037969355035259 -0.0475149259577937 0.998148616133606 0 0 0 0 0 0
-31.3179123557903 -266.000647125532 61.1810976172283 -0.185818096613749 -0.165290005829017 0.968581875188612 0.982351066424972 -0.00978056609224831 0.186790585471099 0 0 0 0 0 0
-30.9280070112769 -265.807799878718 61.426353805595 -0.218811255928685 -0.882457322498364 0.416402099235739 0.975291012933377 -0.211120855160525 0.0650801398867311 0 0 0 0 0 0
-30.6301464104214 -265.902829445171 61.8229523357082 -0.0128479828686947 -0.738693835383337 -0.673918650063093 0.98187281931001 -0.136782641874506 0.131210805889011 0 0 0 0 0 0
-30.3854391569206 -266.166617007349 62.1620460228706 0.111831200297001 -0.104393985669866 -0.988228555748159 0.99224697150611 -0.0425289234389105 0.116778586256557 0 0 0 0 0 0
-30.5330551331429 -267.084826107309 62.6946213405828 -0.457478997299978 -0.757021509988194 -0.466509807447392 0.0587707100238152 -0.549221528082213 0.833607651556975 0 0 0 0 0 0
-30.8420519148276 -267.299211410336 63.05344432264 0.218606725619999 -0.772913967059962 -0.595663578739991 -0.145185011841833 -0.629395987274438 0.763401600430155 0 0 0 0 0 0
-31.1383111013869 -267.738552963036 63.1470854247253 0.812974077498887 -0.483610514440481 -0.324336275549694 -0.152828392895143 -0.714673725992105 0.682557651558936 0 0 0 0 0 0
-31.2532969449849 -268.273124929614 63.3716131063057 0.973215998217212 -0.137706955435102 -0.184085347702825 0.0468316522646818 -0.66519841575488 0.745196527114396 0 0 0 0 0 0
-31.2099078040476 -268.71742404121 63.5053826843011 0.812211732132219 0.480417148705085 0.330925165886274 -0.108734380956952 -0.43265606440869 0.894977968627324 0 0 0 0 0 0
-31.7630891718106 -269.021900101909 63.8409235173701 -0.17236069591708 -0.753467913372762 -0.634490263140953 -0.794787430751825 -0.274134709739642 0.541445381211138 0 0 0 0 0 0
-30.8843821363638 -268.734212491849 64.7337682751438 0.986143465856926 -0.144363923608248 0.0817320151967527 0.069443340596746 -0.0882093000734292 -0.993678389534219 0 0 0 0 0 0
-30.7899891180499 -268.479295973757 64.2923756774022 0.47331464755971 -0.880890574211888 -0.00224514366543357 0.320759006310771 0.174720854783132 -0.930906162174458 0 0 0 0 0 0
-30.3829461909223 -268.514592941233 64.0400645815907 -0.399821445177891 -0.82989034990854 -0.389133420698537 0.302112912839709 0.281502289466786 -0.910760258751152 0 0 0 0 0 0
-30.0884365859955 -268.461257579798 63.6870110452851 -0.907509417828668 -0.353156284067552 -0.227392382405106 0.0999491669126661 0.344253783100967 -0.933541373938047 0 0 0 0 0 0
-30.0838128658138 -268.420367531832 63.1495901420849 -0.994409094756693 0.0511246103320894 0.0923949483660548 -0.0559356110910233 0.487113867984483 -0.871545344218572 0 0 0 0 0 0
-30.3379016236886 -268.443642002099 62.6458478340679 -0.617120967032303 0.620110993829187 0.484380085657218 -0.0668377828515724 0.572044642104687 -0.817494732841018 0 0 0 0 0 0
-30.6625563851889 -268.206004640893 62.2704939237589 -0.0656025860154383 0.725970255928653 0.684590014691256 -0.147639911565443 0.671454928500862 -0.726189187130221 0 0 0 0 0 0
-31.0675261587542 -267.930053395763 62.029137363992 0.484228059172204 0.70354051732409 0.520147985859478 -0.0966248138260458 0.633858101397762 -0.767390091573709 0 0 0 0 0 0
-31.1752128320943 234.518665284934 -93.9554491867 -0.510169060104971 0.459505762980153 0.727036439182823 -0.839326816044306 -0.081439719548323 -0.537492388735709 0 0 0 0 0 0
-31.4018898089985 234.061466693092 -94.2439892306434 -0.108571072653715 0.814245424542374 0.570277748815988 -0.382593202052746 -0.56370605918652 0.732023169428011 0 0 0 0 0 0
-31.9210213243079 233.492224278334 -94.5952435065171 0.489093657390176 -0.0518081652855102 -0.870691281861976 0.83149866738847 -0.273795440825465 0.483369447435798 0 0 0 0 0 0
-31.4533545019663 233.229065520848 -94.4370297029004 0.252447592470229 0.265883720236186 -0.930363402316187 0.946144797390331 -0.269233517990311 0.179786915991603 0 0 0 0 0 0
-30.9679702581958 233.016230640943 -94.5170370857812 0.128876702184851 0.819534864061233 -0.558348817695618 0.991523340227892 -0.115860961754272 0.0588022391129816 0 0 0 0 0 0
-30.393454525113 232.915380877262 -94.5287846832667 0.110835368879368 0.841080457962657 0.529432889268037 0.866926404609455 -0.342302735607072 0.362308495880016 0 0 0 0 0 0
-30.7875956367701 232.055253949178 -94.3459499893881 -0.903603916965915 0.0585526579031626 -0.424348379867688 0.405069999399584 0.439042624115681 -0.801972486932088 0 0 0 0 0 0
-30.709268198199 232.04055764662 -94.8972110300317 -0.900618143183675 0.433752606934117 0.02730633893892 0.213087896885876 0.495455802060574 -0.842090907447211 0 0 0 0 0 0
-29.2598973957531 231.706378615919 -94.8311650467892 0.96232531949849 -0.162804571306887 0.217772016140069 0.271886934945504 0.568124417511187 -0.776731704537361 0 0 0 0 0 0
-28.6897464701987 232.097366504119 -95.3101988348135 0.78871359566346 -0.420345618800113 -0.448598288863395 0.280247680923952 0.895321143414269 -0.346209889362093 0 0 0 0 0 0
-28.413983042924 232.524781010934 -95.1703514953746 0.271731990384836 -0.31964894551597 -0.907736898573603 0.257022746366524 0.933071072015087 -0.251630050707039 0 0 0 0 0 0
-28.0118681022662 232.57443886395 -94.5505710357894 -0.157420423174159 -0.986371888696156 -0.0478467089531463 0.938296072701223 -0.16450391375547 0.304202140545715 0 0 0 0 0 0
-27.5314195836477 232.458654711005 -94.2457973718968 -0.211037767748668 -0.844415127272756 -0.492367904535414 0.976156248175732 -0.208248255752777 -0.0612506581467092 0 0 0 0 0 0
-27.2162665549079 232.096014808377 -94.1187090757493 -0.114448040567602 -0.166354757069947 -0.979401725958473 0.874926778567688 -0.483839660974081 -0.0200577818727268 0 0 0 0 0 0
-27.2555829157306 233.010878174148 -93.117932773683 0.22784576959101 0.967916050153784 0.105947275256033 -0.970054303417817 0.216242119227522 0.11060738805597 0 0 0 0 0 0
-27.4924881365844 233.187485167254 -92.7862704973585 -0.0700602558938779 0.714931658931362 -0.695675415407024 -0.964849768507947 0.128511645049395 0.229237172589566 0 0 0 0 0 0
-28.0563279311945 233.368993937071 -92.799638486023 0.309041964636225 0.483999557943798 -0.818680335664654 -0.899552960200797 0.42817438075863 -0.0864359384512394 0 0 0 0 0 0
-28.170615341464 233.836558858829 -92.8687918895588 -0.359080376246926 -0.38413248694659 -0.850590098617774 -0.665779665528115 0.744119467959784 -0.0549877656621946 0 0 0 0 0 0
-28.2994742109815 234.213896029342 -93.1490210131146 -0.704173341886995 -0.607426517892689 -0.367658713940611 -0.606264511238754 0.783901320718319 -0.133947981651496 0 0 0 0 0 0
-27.4350465267048 233.950111761323 -93.7090458545155 0.153633766802605 -0.843837090914112 -0.514135808610578 0.792784567013661 -0.205316384517521 0.573879615035781 0 0 0 0 0 0
-14.7272481692508 -74.1629420023207 140.04060236753 -0.408954193127891 0.584179471697434 0.701064057537129 0.888377818808223 0.079192277078286 0.452231615768623 0 0 0 0 0 0
-14.3587218939115 -73.7333730843531 140.153290635935 -0.405317607390242 -0.317228787542518 0.857370126312874 0.872337420675457 0.146266284671501 0.466512163247312 0 0 0 0 0 0
-14.4346691687788 -73.2769668497447 140.570187250154 -0.907716268188829 0.350597070824652 0.230505684082888 0.417970200687573 0.70740841879331 0.569977403374501 0 0 0 0 0 0
-14.381536283742 -72.7724352298418 140.688719328643 -0.597283448319336 -0.377567890428423 0.707598028884475 0.465640196744633 0.555092973325402 0.689239434551147 0 0 0 0 0 0
-14.4263790784377 -72.3848277967394 140.975247583955 0.101524962616176 -0.739484452779354 0.665473835746683 0.354381572553883 0.651931927724936 0.670371883842906 0 0 0 0 0 0
-14.5117734392401 -72.183298842661 141.474385039467 0.719891540963877 -0.637163928115979 0.275278582451433 0.268125727764941 0.621105746208295 0.736434821377668 0 0 0 0 0 0
-14.3121285527466 -72.0595691784906 141.954127854415 0.857709746280514 -0.200974453340644 -0.473226436539472 0.495808386809633 0.566881550833666 0.657890075083708 0 0 0 0 0 0
-13.925763164071 -72.0314972669878 142.333828396019 0.182826455835834 0.533664575445134 -0.825697649240612 0.419366453761872 0.717282905673465 0.556450366778407 0 0 0 0 0 0
-13.4996596738243 -71.9174454201128 142.506357595151 -0.482362640269506 0.711125264262261 -0.5114950066229 0.271522278933111 0.676537283936577 0.684523889639134 0 0 0 0 0 0
-13.2828506613963 -71.4724013710423 142.674043701597 -0.965064771694105 0.260411200475683 -0.0289135453000552 0.136819886704117 0.594981419557227 0.792008477848526 0 0 0 0 0 0
-13.740029335935 -71.0579300600928 142.969686808341 -0.99772896013011 0.067159940983199 0.00514436048718274 0.0376746710462691 0.493120067278497 0.869145107797775 0 0 0 0 0 0
-13.8459260488983 -70.5787122800966 143.058357719731 -0.659343174425691 -0.50302367333006 0.558778813492232 -0.00971488018528289 0.748851038528592 0.662667143592946 0 0 0 0 0 0
-14.1862211639802 -70.2593006726785 143.297053982427 -0.1310897483725 -0.69803014959388 0.70396689419999 -0.254207369245666 0.710020798996143 0.65669557514428 0 0 0 0 0 0
-13.9606359733756 -70.0226578776105 143.968133938013 0.805223450469988 0.0198444242342979 0.592639345335775 0.506991685538878 0.495294254921887 -0.705438184276851 0 0 0 0 0 0
-15.0865463108581 -70.3474883113411 144.486320939867 -0.676599236205818 -0.611677453224232 0.409956298625624 -0.548345579746753 0.046960148046314 -0.834932254537855 0 0 0 0 0 0
-15.3741801641851 -70.5893564737533 144.125941637026 -0.623393735637299 -0.231213374380943 0.746940844964011 -0.769247299783029 0.0101437529969598 -0.638870641093842 0 0 0 0 0 0
-15.6507270608543 -71.0229177614953 143.823485034632 -0.5339924996151 0.45593433795929 0.712022394187459 -0.783886389910756 0.0485873429475891 -0.619000321339154 0 0 0 0 0 0
-16.1000070653231 -71.0441095104122 143.868418913253 0.0834662518432236 0.981825273144489 -0.170447991534058 -0.735337115679072 -0.0547545391534661 -0.675485948593214 0 0 0 0 0 0
-15.9331338483204 -72.3168895581441 143.60041049205 0.273717999231185 -0.567702494114492 -0.77639702155087 -0.356650311987769 -0.809584822230238 0.466232742922954 0 0 0 0 0 0
-16.3595040075893 -72.6294943190398 143.551372654462 0.817143311673966 -0.571667560128172 -0.0739797869935201 -0.495818945585745 -0.762510804186447 0.415621037361174 0 0 0 0 0 0
100.325398381202 133.896198017165 158.762678273162 -0.357748065563887 -0.885815001878842 0.295547126583365 0.846607581560458 -0.441216284120913 -0.297630296628027 0 0 0 0 0 0
100.706597347551 134.520841753513 159.345107128017 0.819958150760485 -0.376782042340923 0.430933780958107 -0.548848413059834 -0.73131151459814 0.404906023785614 0 0 0 0 0 0
100.837796930702 135.486476111806 159.480208725926 0.245105160133672 0.264811703528955 0.932629734755407 -0.109505188071795 -0.948255328114544 0.298027593500567 0 0 0 0 0 0
101.374342358652 135.463724132095 158.83389393519 -0.341256993312879 -0.10999579995516 -0.9335119648442 -0.243201760354158 0.969644466018924 -0.025347845658235 0 0 0 0 0 0
101.568652982437 135.846644072931 158.572201877652 -0.87885020242853 -0.220603959288338 -0.423032167615704 -0.255460374616936 0.966449878315269 0.0267325588931463 0 0 0 0 0 0
101.381657019312 136.414034126448 158.477133847641 -0.86601419430306 -0.478388962621908 -0.145476512561842 -0.451520808398522 0.873183421358266 -0.183520222995226 0 0 0 0 0 0
101.076667225021 136.666197178634 158.112788794145 -0.714990155956686 -0.111548677217448 0.690178215750158 -0.449937791580191 0.829004022316614 -0.332126955682335 0 0 0 0 0 0
100.733428593225 137.121458374302 157.982657966334 -0.445606409577384 -0.0951147803374103 0.890161842759461 -0.685042005956886 0.67636011880264 -0.270655574056483 0 0 0 0 0 0
100.651367227591 137.894122946781 157.438108998499 0.716424889410563 0.674990437052075 0.176417934806278 -0.665977862948812 0.737002277339059 -0.115330521802229 0 0 0 0 0 0
100.375771936781 138.316195716585 157.633201032318 0.73468814345867 0.55440336080057 -0.390986247065401 -0.631359894615695 0.769644124699396 -0.0950400167643054 0 0 0 0 0 0
100.092658862563 138.889409978173 157.58606164133 0.647492224682537 0.0997104695812157 -0.755520774851065 -0.546568910570881 0.751623604845307 -0.369221319314996 0 0 0 0 0 0
100.136388391989 139.387032658768 157.423202673494 -0.234021271906238 -0.607527162551297 -0.759042021931432 -0.453850544892655 0.758700120914051 -0.467326234471858 0 0 0 0 0 0
100.086024695921 139.721655412426 156.999576265752 -0.62629376110402 -0.720892420219243 -0.296766310878818 -0.574704468610264 0.684150607995589 -0.449057590224973 0 0 0 0 0 0
101.159555648121 139.660285005078 156.534022090772 0.311325768634279 -0.849152942848842 -0.426632799296335 -0.910615872298581 -0.138183690581595 -0.389466302489888 0 0 0 0 0 0
100.841523587565 140.125165292831 155.979170286965 -0.906402567276234 -0.260120964283928 -0.332823481706221 0.408297883418341 -0.337513017024142 -0.848161424338176 0 0 0 0 0 0
101.763634584185 140.716943807601 156.196114055698 0.414018878435611 0.180551944902964 -0.892182359997482 0.575088092417181 0.707865421388533 0.410122214909657 0 0 0 0 0 0
102.14058863905 140.97846505556 156.196987813555 -0.185264527582455 0.806261647339855 -0.561799974055245 0.735900595947722 0.492706426769446 0.464425117649629 0 0 0 0 0 0
102.56603450683 141.224942615995 156.20357189142 -0.687707563942192 0.723978172417193 -0.0539806665405113 0.628721942503588 0.63109948593338 0.454337053154527 0 0 0 0 0 0
103.139691572107 142.001484619866 156.173413220177 -0.244713450772461 0.965249039754728 -0.0917039708170298 0.70391888063986 0.241906365752185 0.667816980682055 0 0 0 0 0 0
103.608621065379 142.232236563083 156.251182874332 -0.59406582115536 0.41592581663398 0.688543038010235 0.794697113199036 0.170796160630331 0.582481905115565 0 0 0 0 0 0
108.864596361285 211.512854100854 -12.7296569213145 0.57337842627665 0.271548069249276 -0.772980482526889 0.170478695637274 0.883280000750022 0.436753310930616 0 0 0 0 0 0
107.699411227966 210.991374300693 -12.8881393518654 -0.88011771937719 -0.0882652533501136 -0.46647834364452 0.416061530107405 -0.616640798175187 -0.668316488791466 0 0 0 0 0 0
107.748298816448 210.486731034411 -13.0579063118813 -0.553285360185625 0.580531414129088 -0.597376420202158 0.395550888959094 -0.448030664176246 -0.801753090546873 0 0 0 0 0 0
107.863384945447 209.612403327521 -13.1435450039532 -0.970838435754748 -0.205902636354078 -0.122787768135571 0.207350536858904 -0.978266190601534 0.00100756651733569 0 0 0 0 0 0
107.753259160879 209.263566254351 -12.792177162121 -0.159572864140141 -0.398131085745905 -0.903342758643085 0.471092008164131 -0.834864698083772 0.284733657542235 0 0 0 0 0 0
107.789323883989 208.751165806521 -12.7212816712391 0.570759583225395 0.111626940518921 -0.813494268146222 0.607470253518817 -0.723973613093324 0.326867096285911 0 0 0 0 0 0
107.832726662722 207.730729949677 -12.3304187920456 0.299936128476071 -0.797656048003645 0.523242914828278 -0.278036142817153 -0.597777589449316 -0.75190282406673 0 0 0 0 0 0
108.462662057401 208.638711143136 -13.0483741825667 0.532717139304546 0.829388294234837 -0.168307774263128 -0.475265727064663 0.457744141869791 0.751393897540821 0 0 0 0 0 0
108.918443204178 207.646022754244 -13.3552453994104 -0.0656919727441068 -0.866798205684678 -0.494313094444008 0.831552374807128 0.226263840266692 -0.50727243424061 0 0 0 0 0 0
109.349258444777 207.520602354192 -13.5131680390374 -0.508507828115642 -0.456730058030973 -0.72994345180715 0.647783646826493 0.355570915794753 -0.673754904060112 0 0 0 0 0 0
109.666445546863 207.455299982539 -13.8791973817866 -0.691388979228252 0.405304472615572 -0.598088257600439 0.690063465171146 0.615653017527349 -0.380504633408663 0 0 0 0 0 0
109.958268303524 207.583395121454 -14.2686019109556 -0.617385613395905 0.786592534026562 0.0103532499938377 0.629184602842141 0.501652580394657 -0.593693038640137 0 0 0 0 0 0
109.460398798134 207.672948001193 -14.4639887965473 -0.700795192914534 0.486697412882408 0.521547433970729 -0.592413079787076 0.0102371163835927 -0.805569329322647 0 0 0 0 0 0
109.532606885693 208.550294268648 -14.5263319453803 -0.616192172147718 0.602656049868937 0.507063006479713 0.318053001223633 -0.398576036239746 0.86022057156758 0 0 0 0 0 0
109.79453794519 208.678638017397 -14.1127411889594 -0.902992136484147 -0.296257397492278 0.311186047050472 0.395587991070471 -0.290611647850312 0.871237632023867 0 0 0 0 0 0
109.858514223455 208.764651284922 -13.6615913436535 -0.408456227633479 -0.903829395809243 -0.127498758341117 0.461764405131625 -0.325097399368041 0.82527893168163 0 0 0 0 0 0
109.749962450417 208.55769996775 -13.2095130405487 0.132571808240822 -0.833138378450504 -0.536940553518379 0.479001876682018 -0.420410403765889 0.770592171346495 0 0 0 0 0 0
109.571766688021 209.046624327204 -11.9388162936465 -0.570452503462538 -0.00941377747143831 0.821276641629994 0.817986976655766 0.0836232481133096 0.569126047898477 0 0 0 0 0 0
109.718793062961 209.734867798253 -12.549904048479 0.780557165138153 0.133130276527297 -0.610742860312959 -0.572270756730898 0.545263041385301 -0.61253113936346 0 0 0 0 0 0
109.689125097829 210.147184744579 -12.8125172204218 0.123263737289821 -0.680578509944267 -0.722231917649302 -0.553500882672975 0.556913558145586 -0.619260899487333 0 0 0 0 0 0
-38.0838186613044 187.403060216701 246.265059165264 0.108659791506067 -0.992526613080403 0.0555335217413957 0.98131540656301 0.0981738087439267 -0.165475001492024 0 0 0 0 0 0
-38.286998678542 188.417026142674 245.605783835 -0.529184802374703 0.798358714927384 0.287379204597589 -0.833975778542695 -0.42697090634659 -0.349542910009169 0 0 0 0 0 0
-37.4824852860952 187.771946450072 244.774010413894 0.845741970898162 0.35294983208704 -0.400183626215544 0.512374672265345 -0.327794804122573 0.793739731657188 0 0 0 0 0 0
-37.2739927023823 187.016401825692 244.664016280504 -0.139385100839983 -0.644692683065564 -0.75162699397078 -0.0863702410404539 -0.748228721631648 0.657794771633284 0 0 0 0 0 0
-36.5026971703326 186.405705309629 244.971896485826 0.884327769763774 -0.464053231194436 0.0511761100771886 -0.417040844604933 -0.735915471810846 0.533390431373328 0 0 0 0 0 0
-36.742641321476 185.945701678066 245.113562455536 0.943776652723438 0.0356150495389615 0.328659699416403 -0.127413937514183 -0.878181944761647 0.461044640378547 0 0 0 0 0 0
-36.6372636484537 185.479081445078 245.090545034048 0.333590016599299 0.355544532398748 0.873101246309175 0.0404684542772141 -0.930699992656881 0.363537931826784 0 0 0 0 0 0
-36.7988123575418 185.00165746938 244.285754666217 -0.134326854408528 0.80467922521371 -0.578314482521554 0.0436605354440635 0.587842880709267 0.807796078997768 0 0 0 0 0 0
-36.5032005729258 184.84122617235 245.088345421992 0.94524637913344 0.168641687224346 -0.279408775927397 -0.168356230174857 0.985403960352883 0.0252034656776589 0 0 0 0 0 0
-37.8300445448424 184.76723052741 245.405351254115 -0.688038677229967 -0.348079394520618 0.636744465029573 -0.48082276954181 0.875870000885604 -0.0407578929631636 0 0 0 0 0 0
-37.2847628396907 184.714892273247 246.142225746336 0.0310097383286855 -0.50281553794288 0.863837328975774 0.438405314201996 -0.769839790881956 -0.463839925894996 0 0 0 0 0 0
-37.5707770611103 185.932053745521 245.40109454276 -0.212157729422821 0.663665979643032 -0.717312041799528 0.575840512514176 0.677951817042246 0.456934391260418 0 0 0 0 0 0
-38.1049129847803 185.571780615852 246.113050849331 -0.559757994481974 -0.786553702515607 -0.260776265546748 -0.539012770607849 0.106580151660148 0.835527321153384 0 0 0 0 0 0
-38.4625302379865 185.764920222453 246.43264958625 0.228911493101018 -0.973437003363494 -0.00446416945951574 -0.222527073239825 -0.056792428070762 0.973270939558531 0 0 0 0 0 0
-38.8670054212787 185.583665234299 246.826898900152 0.804916580457767 -0.578179931663005 0.133481328755514 -0.30238826747446 -0.206121621360091 0.930631620407174 0 0 0 0 0 0
-39.4064145776494 184.959651117949 246.745397580464 0.0699671038285289 -0.636873351429242 -0.767787039888753 0.969033796679173 0.226105436969395 -0.0992463211732608 0 0 0 0 0 0
-40.4942786691031 184.967158019034 247.264906411825 -0.775084634037726 -0.62207750984538 0.110740154520281 -0.319146162211276 0.536691576660132 0.781094026790549 0 0 0 0 0 0
-40.6936027592096 185.37590481583 247.609630027449 -0.771083820914735 -0.606945676098619 -0.192475160446026 -0.527074289256796 0.438827094615344 0.727752344301205 0 0 0 0 0 0
-40.900811985518 186.297311482381 247.709222462822 -0.656292350794019 0.209233286528435 0.724915017155645 -0.751716183206776 -0.263879972662523 -0.604392372497091 0 0 0 0 0 0
-39.6244353310192 186.545518961168 246.869950272008 0.76622930701466 0.0529012899160374 -0.640385901310337 0.110374739592219 -0.992628275469665 0.0500651934787918 0 0 0 0 0 0
-50.9924331251424 117.525038467668 -39.684181941539 -0.931029883360374 -0.166041705117178 0.324982320214114 -0.318574954051998 0.804183272222746 -0.501796037576908 0 0 0 0 0 0
-50.2029584222608 117.197269121147 -39.4630317082049 -0.127458765509147 0.341708546037202 0.931122726959248 -0.950407835402699 -0.310588445606862 -0.0161171914634519 0 0 0 0 0 0
-50.7370353456914 116.968873636078 -39.3432630531813 0.0305826829222252 0.786618561339603 0.616681391369394 -0.947912719267695 -0.172882007760471 0.267531844914269 0 0 0 0 0 0
-51.1032361057604 116.761040330689 -39.0299925667842 -0.0361623012425861 0.967034253420893 -0.252065548378863 -0.98353679921363 -0.0791268195527116 -0.162463260523975 0 0 0 0 0 0
-51.5788189981884 116.805953203541 -38.9745242704329 0.0351371081946516 0.513785970783261 -0.857198553343401 -0.983773812564532 -0.133218955975137 -0.120174021656678 0 0 0 0 0 0
-51.7403975164826 116.193436207766 -37.8217522204992 0.730981159852585 -0.367063582385114 0.575265912797878 0.679219447031542 0.472632001876633 -0.561497937285839 0 0 0 0 0 0
-51.4499996523171 116.669971932057 -37.7371198590512 0.518693647296316 -0.854109361665555 0.038132644410056 0.774439814523227 0.45047930154333 -0.444197447721464 0 0 0 0 0 0
-50.9599361153818 116.792736041443 -37.7897430149026 -0.0462028122408376 -0.912601251848537 -0.406231775302624 0.772816253314978 0.225017425889977 -0.593398851244294 0 0 0 0 0 0
-50.4938061065786 116.705014512945 -38.0545641899833 -0.410909533646335 -0.567306520350473 -0.71366425378212 0.686587240658888 0.322442468521604 -0.651635492785736 0 0 0 0 0 0
-49.9570783584641 116.086725621925 -37.0751576767954 0.714521767592077 -0.545320376083783 0.438274264661907 -0.490054400118962 0.0569732722581864 0.869827989416436 0 0 0 0 0 0
-50.2999979544589 115.957271707216 -36.642954056883 0.995990896098538 0.0649047137915946 0.061559020593752 -0.0457218577186516 -0.222120218508804 0.973946672183009 0 0 0 0 0 0
-50.1609823332539 115.64807709844 -36.2911673916185 0.609940264894226 0.790264823321065 0.058773993246053 0.21496837170351 -0.236390298602359 0.947580194967069 0 0 0 0 0 0
-50.5933630877701 114.937527622116 -35.4343535080491 -0.763372649400865 0.0847712964020439 0.640371786896503 -0.558807191293701 -0.583955404951886 -0.588838354717085 0 0 0 0 0 0
-50.8731378162777 114.396037336997 -35.535331519563 -0.631926800131758 0.746607156917633 0.207957381486223 -0.727004870758614 -0.478049956566752 -0.492881483644677 0 0 0 0 0 0
-50.5086249903726 114.552832984067 -36.301973239784 -0.901794739610243 0.340467596497523 -0.26617299514882 -0.391406736832455 -0.382338829693786 0.83702914266503 0 0 0 0 0 0
-50.4506303247723 114.620976054622 -36.9452523734145 -0.242958720262496 0.945527461043042 -0.21667690384974 0.430734909272005 -0.0949833830077191 -0.897466208214464 0 0 0 0 0 0
-49.9067933495305 113.91613534849 -36.0888169053945 0.284088335989844 0.512472371160205 0.810349237151463 -0.593207455272923 -0.570045280660361 0.568465735999518 0 0 0 0 0 0
-49.8840189250064 113.642556398828 -35.6968018751772 -0.591440715477691 0.703428153093308 0.39419121440105 -0.47567461712053 -0.699103768241605 0.533842279945703 0 0 0 0 0 0
-49.9867196786313 113.483867792135 -35.2750441927206 -0.829047639788151 0.482859551572061 -0.282004724104622 -0.559117138054008 -0.708379395456544 0.430797699653697 0 0 0 0 0 0
-50.3009830009514 113.339178368832 -34.925481450682 -0.444413933360361 0.0324114231883193 -0.895235028069211 -0.626654063084188 -0.72538322198986 0.28482251750114 0 0 0 0 0 0
84.1903083935327 41.3669208579322 261.076689826235 -0.883096322348411 0.394360609421789 0.254205812662076 0.307807111640965 0.078036189389427 0.948243183560432 0 0 0 0 0 0
84.3924614715554 41.3512689766388 260.41699591173 0.491921821334296 0.870544863107747 -0.0128282115613922 -0.576046444017202 0.336486010141787 0.744948091690957 0 0 0 0 0 0
83.9414881032748 40.3512663513878 259.717023508427 -0.681616446770225 -0.725528689168015 -0.0949059570652767 -0.670010225576661 0.670998613068694 -0.317564416902463 0 0 0 0 0 0
83.7446433127494 40.4891418016925 259.327043902353 -0.648856053329637 -0.259864389518178 0.715161744724809 -0.612048125176552 0.736660130808856 -0.287626396814596 0 0 0 0 0 0
83.2889108865554 40.55397066136 259.217880181859 -0.231264208763488 0.296077622607977 0.92674425120192 -0.612283614717443 0.695971977854336 -0.375142347902854 0 0 0 0 0 0
82.8120413138681 40.8141202417816 257.915923033679 -0.538714378833693 0.762494261937554 -0.358314552523525 -0.83550561695755 -0.538167100243443 0.110934828831829 0 0 0 0 0 0
82.4395631789648 40.8607416482646 258.265157198428 -0.383546208036684 0.239376371767126 -0.891959224931435 -0.806024814242921 -0.558210686068911 0.196786251509449 0 0 0 0 0 0
81.9438814907215 40.8939682805167 258.316398423926 0.0664824171365762 -0.461299566356703 -0.884750133252771 -0.881432293974142 -0.442704956142782 0.164588678061704 0 0 0 0 0 0
81.3599062953134 41.9107886173634 258.378242227924 -0.461480737370062 0.868102006147662 0.18285085714535 -0.886047921609263 -0.46128255137559 -0.0462329796609686 0 0 0 0 0 0
81.9539163222631 41.6257705268366 257.944870462941 0.321089143985519 0.447643142207493 0.834576167194612 0.316835659937804 -0.881234410339268 0.350772117799832 0 0 0 0 0 0
82.3460387696438 41.8598923227083 257.043049318856 0.665658820311505 -0.423343944174469 -0.614555318805638 -0.587238207227366 0.211008642350244 -0.781426030297108 0 0 0 0 0 0
81.5614189275346 42.193038334747 256.471168283954 0.120715748440166 -0.0927686779202963 -0.988342896203261 0.959933538603828 -0.242733086929676 0.140029461089883 0 0 0 0 0 0
81.8831345272242 41.7875381026408 256.411697226852 0.369597204565942 0.718460621488666 -0.589247182214019 0.925882463418306 -0.231282799722302 0.298747268585109 0 0 0 0 0 0
82.3035872002676 41.6864967571211 256.204384952972 0.246449021872461 0.950711539288892 0.188176642230255 0.950933275063676 -0.274688260523541 0.142380707637034 0 0 0 0 0 0
82.9384023890306 41.7902916951229 256.238938629695 0.00255620592850795 0.745652426620614 0.666330191786355 0.96533074277526 -0.175764805915426 0.192985206828082 0 0 0 0 0 0
83.3670885573113 41.9488943157735 256.236961665181 -0.103155190553681 0.136034044770052 0.985319108373187 0.89575213060358 -0.417949419167825 0.151480703511781 0 0 0 0 0 0
83.9317825013298 41.9741889937356 256.311449317792 -0.369206480930652 -0.592849518678621 0.715692687290664 0.927145010933084 -0.287952393115804 0.239761439770396 0 0 0 0 0 0
83.9433410351123 42.8271082395615 256.873542275236 0.360982020894353 0.673263811264035 0.645296692253459 -0.67824242706001 -0.285379645013695 0.677160002028771 0 0 0 0 0 0
83.3174341204689 42.4127590808236 256.90414208904 -0.231918904372811 0.639040972793592 -0.733375931487757 0.0595977326906778 -0.743180597662545 -0.666431323930735 0 0 0 0 0 0
83.1243372174641 41.8163373050852 257.428781861355 0.291475062818906 -0.471493494670602 -0.832307738903116 0.437056433976474 0.839602024791991 -0.322567998234414 0 0 0 0 0 0
-342.16870347775 313.103320773609 -39.1098629950592 -0.390550223236716 -0.430053221862879 -0.813956233156986 -0.538167211034392 -0.610696937063522 0.580883210317441 0 0 0 0 0 0
-341.253591501227 313.724704963193 -39.0673503216668 0.881544445839117 -0.134984761083705 0.452391980792519 -0.384221318317083 -0.761946545186788 0.521355388222468 0 0 0 0 0 0
-341.316773259136 314.628613500134 -38.7908992867674 0.0254858132027482 0.999360640309713 0.0250755643038233 -0.340623018504311 0.0322638418345856 -0.939646212026146 0 0 0 0 0 0
-341.715106960106 314.756138808878 -39.1435354017906 0.538041623562377 0.839870368828896 0.0716168616847769 -0.150880436387819 0.179550776299303 -0.972109362492584 0 0 0 0 0 0
-342.558845600105 314.484550270508 -38.6422578895799 -0.725428140856932 -0.684669644742657 0.070579671441703 0.686718823971279 -0.713006669234797 0.141558279271135 0 0 0 0 0 0
-342.477558640799 314.083231180137 -38.3252004244864 -0.237382983772962 -0.379051781039999 -0.894409898371799 0.556993297570999 -0.807452280827454 0.194368929223595 0 0 0 0 0 0
-343.153447035668 313.537882391787 -37.6700932298366 -0.38226144780055 -0.90736798469318 -0.174812830991506 0.915551503599087 -0.397509523636521 0.0612504928610097 0 0 0 0 0 0
-342.598974230655 313.736209661072 -36.5911941102542 0.58146153912153 0.162661874465653 0.797147159010017 -0.375146196034545 -0.815821340402635 0.440114612509582 0 0 0 0 0 0
-342.658680032186 314.662842904986 -36.9521137338654 -0.419736324252738 0.74811789197966 -0.513946532046583 -0.541468683094789 0.248056576194996 0.803292972852378 0 0 0 0 0 0
-342.677277826411 315.004869045802 -36.6001791474406 -0.878992777331114 -0.157907191967137 -0.449930012473927 -0.475125908123221 0.210221125165267 0.854436919827516 0 0 0 0 0 0
-342.9119858666 315.265346740837 -36.191063541692 -0.623758666171956 -0.706284691711267 -0.334794057040599 -0.530847163019109 0.0684135253286521 0.84470165091982 0 0 0 0 0 0
-343.342467192999 315.396287495983 -35.9310439339879 0.0799050226254967 -0.996164940011286 0.0356454716833606 -0.48418786347727 -0.0075305707939267 0.874931656396563 0 0 0 0 0 0
-343.636542118681 315.287161577968 -35.5094646620515 0.476607300103854 -0.874403760760818 -0.0909040409170737 -0.44685510026419 -0.33001034300465 0.831512893993734 0 0 0 0 0 0
-343.921706005444 314.901687418606 -35.4193734194103 0.796596900089395 -0.0973425663805737 0.596621993844016 -0.576440426224178 -0.4195738844721 0.701194830616628 0 0 0 0 0 0
-344.11820922555 314.546775515386 -35.0663311327001 0.63243918430634 0.574566812003684 0.519512903302559 -0.406442047650355 -0.324790886010826 0.853999849101912 0 0 0 0 0 0
-343.986322334571 314.328396920646 -34.6442988257301 -0.203798442372379 0.92244877073272 0.327954966817527 -0.455076790775971 -0.385854400350103 0.802509499150948 0 0 0 0 0 0
-343.970242165205 314.08009635221 -34.1782517558712 -0.753584445614118 0.644926371152096 -0.127202433628653 -0.372353708162637 -0.259326972220686 0.891124142584177 0 0 0 0 0 0
-344.132816234706 314.201636598093 -33.6958375693761 -0.884507563843004 0.0806848720055357 -0.459495724609017 -0.45450426335519 -0.371183025746577 0.809721579303388 0 0 0 0 0 0
-343.280577350539 313.107238817544 -33.5041142421225 0.240239996934045 -0.965913938658103 0.0964106165270201 -0.487712025365755 -0.205979577723897 -0.848356878839512 0 0 0 0 0 0
-342.788152641351 313.601652172564 -33.5770326620745 -0.050094969603228 0.969903300588797 -0.238281517385232 0.723192741219179 -0.129321330107803 -0.6784307279502 0 0 0 0 0 0
-64.0180851314587 3.52364992195108 209.983236750622 -0.0408171908934325 0.822871361363627 0.566759807656771 0.550300237394674 -0.454934719570606 0.700145734581437 0 0 0 0 0 0
-62.9622639610155 3.07298755270652 209.868540513566 0.803381435620011 -0.154395259432005 -0.575100315393805 0.402895113793744 0.852103115992664 0.334059585997348 0 0 0 0 0 0
-62.5914602384222 3.31544423769166 210.231918874513 0.238789268934666 0.161765070724718 -0.957502870457877 0.315200543600173 0.919726732609871 0.233990073799993 0 0 0 0 0 0
-62.1167703197594 3.47201353370569 210.26706438238 -0.588634077677514 0.535855399955003 -0.60528415883435 0.471223007935696 0.835822848212694 0.281689622097896 0 0 0 0 0 0
-61.4649284847796 3.70853860300694 209.541850101638 0.385696760360433 0.640053922416237 -0.664506572914863 0.74007848522576 0.215444604874655 0.637077277837115 0 0 0 0 0 0
-60.8855803672149 2.83911358268288 210.08748443023 0.0126710899135011 -0.987565832939733 0.156694508807601 0.780153893557494 -0.0882577259699958 -0.619330667877579 0 0 0 0 0 0
-60.3774378557789 2.78705539690799 210.059201568981 -0.390755815885471 -0.840417859694508 -0.375509937895366 0.856080666066096 -0.181877343277792 -0.483783552004449 0 0 0 0 0 0
-60.0081707863919 2.48190464307295 209.976819301257 -0.502009414026634 -0.134437236597377 -0.854349564080591 0.862858374265766 -0.0106479942053633 -0.505333598901599 0 0 0 0 0 0
-59.7195589011811 2.14102320210178 209.696459199336 -0.36366671010695 0.744340017158821 -0.560093262605428 0.876634137671871 0.0701101852738138 -0.476022216486969 0 0 0 0 0 0
-59.4598464207734 2.06919023122471 209.318002063184 -0.0432305046833094 0.967453496373498 0.249328810648751 0.836081982942099 0.171646231812319 -0.521060926288125 0 0 0 0 0 0
-59.2785708389044 2.31486090554897 208.875167044465 0.385843124568903 0.615750245434549 0.687005617495373 0.681128039185442 0.312130186236662 -0.662298528667595 0 0 0 0 0 0
-59.1899784055284 2.77828009107199 208.665948480161 0.808130678925704 -0.211676493023675 0.549652497565762 0.587997338446596 0.344445832311449 -0.731858045376966 0 0 0 0 0 0
-58.8003669278015 3.10240859626582 208.554365922698 0.601302762513764 -0.749996461741731 0.275572667672614 0.695283684722626 0.321186969248665 -0.642977082440257 0 0 0 0 0 0
-58.2966726265246 3.31339175606705 208.533275665498 -0.0201816488423381 -0.87458325821165 -0.484455184207889 0.682426760385909 0.342073575623557 -0.645971660035724 0 0 0 0 0 0
-57.9058659585266 3.40242621080235 208.246540586284 -0.463849089861476 -0.740422758836695 -0.486434127124463 0.594891284427211 0.146545880270944 -0.790334527075818 0 0 0 0 0 0
-57.4793495720064 3.17261554154683 207.995746325638 -0.740604651779206 0.0224494080445535 -0.671565911762539 0.660226073562172 -0.161500920521771 -0.733497773997507 0 0 0 0 0 0
-56.8667199926435 3.5776048178173 207.126703774641 0.491924387318719 0.398979365266704 -0.773838396083111 -0.858739450587748 0.0759069300904708 -0.506759009755616 0 0 0 0 0 0
-56.1019661570041 3.33067887701216 207.178342487379 0.999879175952221 0.00512095810889236 -0.0146768281707637 -0.00450471772544831 -0.808204688670517 -0.588884444292092 0 0 0 0 0 0
-55.9209533301897 3.02892697836222 206.798593026746 0.721109355147342 -0.294325653690162 0.627195111188571 0.0810662064132241 -0.863213637289445 -0.49828755410435 0 0 0 0 0 0
-57.133603784669 2.46732506890591 207.030912049454 -0.923039025494381 -0.261417605590581 0.28224066486187 0.177631881265776 0.36115078868369 0.915432696920495 0 0 0 0 0 0
150.649214819934 374.270982236014 -35.0715351773305 0.451742324643682 -0.443583561835654 -0.77405587381966 0.00799692090019343 -0.865583054798331 0.500701532354461 0 0 0 0 0 0
149.799108295533 374.963268108475 -34.6686868877368 -0.494722290738696 0.598029097590641 -0.630564075634809 -0.365529345843806 -0.801465956237609 -0.473329291634413 0 0 0 0 0 0
149.407740085209 374.739300471 -34.6306343468845 0.398915364625905 0.133087698316806 -0.907278455834876 -0.194739700325138 -0.954547339855166 -0.225645352473084 0 0 0 0 0 0
149.156888849004 374.507158035704 -34.9553091572757 0.94349995896288 -0.154453923665419 -0.29317539613924 -0.281037339363347 -0.841729223665766 -0.46098799106983 0 0 0 0 0 0
149.05466921011 374.323807360268 -35.3826372254097 0.660480348812037 -0.598717717307306 0.453103524390904 -0.317328474022682 -0.769500094361673 -0.554231219214339 0 0 0 0 0 0
148.997340937701 373.873193408287 -35.5481190678547 0.676283812924558 -0.322411283753592 0.662337654436604 -0.126145942819496 -0.936537964042364 -0.32708384707528 0 0 0 0 0 0
148.742890379855 373.351797248316 -36.7388900177173 0.499902100437614 -0.333834437304936 -0.799157342735057 -0.444622651938391 -0.890774272358523 0.0939781521813243 0 0 0 0 0 0
148.460017546082 372.785362811332 -36.6350723743879 0.520563829423872 -0.0522815172893415 -0.85222059494328 -0.103416425438123 -0.994635819205076 -0.0021517676102996 0 0 0 0 0 0
148.292203136828 372.378816197844 -36.8042997027126 0.977040725550605 -0.00531429097197529 -0.212986335071086 0.0339275958184142 -0.983050959429516 0.180165838622895 0 0 0 0 0 0
148.236620526166 371.923714667683 -36.896244311913 0.766887906812936 0.296172838372161 0.569354536466209 -0.0859392520724997 -0.831766923464505 0.548432520902629 0 0 0 0 0 0
147.743819583002 372.288707231882 -37.5631497725997 -0.870742570545629 -0.489666410469437 0.0451019101321373 0.154273581937028 -0.359115529220944 -0.920454071960508 0 0 0 0 0 0
148.573075188891 372.007187743554 -37.9205674702876 0.34752976143001 0.626620746146093 -0.697545342913071 0.438108438282993 -0.76623308224243 -0.470050912117509 0 0 0 0 0 0
148.526679794457 371.077536088062 -37.4323240990167 -0.115358328903421 -0.354273308494233 -0.927999395927153 -0.979153827457771 -0.116682279327667 0.166261925484152 0 0 0 0 0 0
148.856982562937 370.23201161742 -37.2152739060569 0.050934474019866 -0.977397384669949 0.205182922770547 0.717401866950711 0.178738371607405 0.673340297183205 0 0 0 0 0 0
148.958414907093 370.21181503312 -36.8003167246456 0.660033293202857 -0.604042079480447 -0.446642158870754 0.720157955627121 0.339514780031045 0.605063825631178 0 0 0 0 0 0
147.982791139901 370.292200985264 -36.3437534335747 -0.0591404880815854 0.0114890612176708 0.998183552329835 0.949410916473096 0.309585110138621 0.052687486770333 0 0 0 0 0 0
147.316945468218 370.655259181548 -37.3082857656639 0.198336085190764 0.353671848894136 -0.914100115201287 0.116505717514052 -0.934522499063858 -0.336294687037988 0 0 0 0 0 0
146.86035944588 369.511149892121 -37.1647154585802 -0.514592090229276 -0.616228100549898 0.596202909055407 0.844038047305407 -0.486488535104032 0.225673835242831 0 0 0 0 0 0
146.252057705282 369.76025706671 -37.6457448312651 -0.722921870393923 -0.244471456039054 0.64623345355088 0.437097826898715 0.562540961671675 0.701778566331238 0 0 0 0 0 0
146.132928559399 370.164721997465 -37.3363785510886 0.169892512379885 -0.748070730115627 0.641503481659705 0.461907771042704 0.635478252294502 0.618715283398662 0 0 0 0 0 0
-57.8057767029167 218.389872386399 40.7910438066088 0.73091305343108 -0.677037611240654 -0.0859428955155976 -0.261873912080183 -0.161939870710331 -0.951418694606187 0 0 0 0 0 0
-58.0218984319483 219.337572122048 40.9114712273132 0.672361122433576 0.12823236915602 -0.729031536039763 0.380531027084574 -0.904653692183792 0.191827617000767 0 0 0 0 0 0
-59.21364349944 219.566463557157 41.5385714142122 -0.465290513512192 0.026363311627191 0.884765343939063 -0.866026379408915 -0.220252927854912 -0.4488729864218 0 0 0 0 0 0
-59.6093251057242 219.279110634385 41.5698388178113 -0.351959938785347 0.81546967851609 0.459492551529489 -0.933803515062997 -0.272182337207121 -0.23222353577633 0 0 0 0 0 0
-60.0357890402127 219.108467048918 41.7063253828631 -0.199113162794041 0.957819333616974 -0.207210213434788 -0.912384085098542 -0.258355064508014 -0.31750266440135 0 0 0 0 0 0
-60.4595459031194 219.2259596664 41.8071798251681 0.0501145666972593 0.543958036281949 -0.837614580203229 -0.807938235437309 -0.470948773678842 -0.354179418217439 0 0 0 0 0 0
-60.9636734312873 219.167952861245 41.5585966352739 0.447551547018299 0.042759759370251 -0.893235252181711 -0.864496706199929 -0.234858427523241 -0.444395053967507 0 0 0 0 0 0
-61.3044280605037 219.36114899445 41.3229011597579 0.42827356561126 -0.716473002635553 -0.550679752209043 -0.903246190832651 -0.32121584857209 -0.284546476647346 0 0 0 0 0 0
-61.4922402125826 219.349755256473 40.9183314064765 -0.107026383982631 -0.937858457653032 0.330101297392602 -0.922865566026026 -0.029830152645752 -0.383965244568559 0 0 0 0 0 0
-61.8383618263311 219.122604864828 40.6351699638888 -0.327576013259453 -0.238098251319436 0.914332094075052 -0.944786847633957 0.0912236156974192 -0.314731734143508 0 0 0 0 0 0
-62.3220567953544 218.928351912757 40.5431196993682 -0.085491185629923 0.367661494499477 0.926021750631162 -0.939078268081143 0.2808092542802 -0.198187207277157 0 0 0 0 0 0
-62.5809371171721 219.852032788983 40.0063618489069 -0.553587056609532 0.771256814939188 0.314172398794443 0.55117624991837 0.622119658384244 -0.556032258216908 0 0 0 0 0 0
-62.5595158744251 220.237271037629 39.6896798142352 0.306057020368048 0.328279924116422 0.893622622646466 0.606310916250292 0.656469335897937 -0.448815200123005 0 0 0 0 0 0
-62.3267538404951 220.69746469396 39.628695099819 0.524035231223957 -0.28916973117526 0.801104202340796 0.794736956755746 0.504223479964675 -0.337863658624199 0 0 0 0 0 0
-61.5616939130006 220.899355326362 38.8573247420919 0.621867163614154 -0.270750086920438 -0.734830335010105 0.532990934059017 -0.541149978670497 0.650443975139917 0 0 0 0 0 0
-61.7038250998606 221.822147343977 39.7303381189793 -0.402111800658098 0.455444028756743 0.794277556299641 -0.594271771045558 0.530116192209834 -0.604828806271099 0 0 0 0 0 0
-62.1775260869629 221.999076576386 39.510780333129 0.300693155002793 0.618691424163832 0.725813025648201 -0.399975262229201 0.772679055251012 -0.492936980942885 0 0 0 0 0 0
-62.5825019875093 222.508677914495 39.5575640090178 0.687047642985991 0.51482395589508 0.512759037661878 -0.437525680256645 0.856528070674243 -0.273735169941713 0 0 0 0 0 0
-63.2309325639264 222.339612777536 38.449813758186 0.0155780698665428 -0.620696192312768 -0.78389639659056 -0.459045938831141 0.692045624117005 -0.55709036985317 0 0 0 0 0 0
-63.0808203096712 222.421419463472 38.140084821969 -0.938713438863315 0.177534031697695 -0.295463614149984 -0.330568831893744 -0.22075679392249 0.917600504205108 0 0 0 0 0 0
158.992246921382 232.394726278085 146.329850759375 0.491994479831343 0.838155961280641 -0.235448542966846 -0.427628014305255 -0.0029148652855537 -0.903950100913602 0 0 0 0 0 0
158.600273671267 232.629224277992 146.179589990049 0.867777812437551 -0.245063876652147 -0.43232553082292 -0.469385323419802 -0.118471844243526 -0.875009622964014 0 0 0 0 0 0
158.551973386686 232.86726662521 145.733399199344 0.448587257501893 -0.884622245512779 -0.127330103081943 -0.469083577812022 -0.111773254676312 -0.876052131192052 0 0 0 0 0 0
158.487528659338 232.784663827855 145.214052044918 -0.178460655629594 -0.907131004030666 0.381136636809649 -0.529273972408373 -0.238039959916236 -0.81437463099862 0 0 0 0 0 0
157.670169162834 233.306003895345 145.619569730471 -0.481488289238551 0.0239314224126514 0.876125741173857 -0.581264838658037 -0.756880723499046 -0.298768736208138 0 0 0 0 0 0
157.410781081194 232.765310797667 145.535625720289 -0.554795721924335 0.542833637859289 0.630502457206082 -0.696158451158149 -0.717867225034098 0.00548252705709993 0 0 0 0 0 0
157.129279701776 232.461942344785 145.77424483476 -0.648154569356494 0.614756294653477 -0.449411117359401 -0.724265443705007 -0.679959677987378 0.114430779801984 0 0 0 0 0 0
156.721520047207 232.453645534141 146.058053219365 -0.404555116111383 -0.0870142915298407 -0.910364581416514 -0.798834840732987 -0.450977776147173 0.398097905862934 0 0 0 0 0 0
156.239463883761 232.346468594541 146.228962653758 -0.234507234671771 -9.65739424714696e-05 -0.972114369588308 -0.907539740817381 -0.358365523090082 0.218965227142333 0 0 0 0 0 0
155.51299905363 232.834845999869 147.178923028793 -0.632752261080567 0.673189676970723 0.382675103602892 -0.470196808074681 -0.726669908694366 0.500865057150629 0 0 0 0 0 0
155.157420363487 232.52419153373 147.531169042917 -0.490785724623841 0.851476164184821 0.184709811137782 -0.647153488938349 -0.498195501954665 0.577055979595621 0 0 0 0 0 0
155.053008397845 232.531469192614 148.012477651271 -0.916465612435516 0.223502025132469 -0.331869893158266 -0.381709057101233 -0.737052689488051 0.557719937464422 0 0 0 0 0 0
154.748793760254 232.370946295103 148.382227045839 -0.429973511891885 -0.248115975173496 -0.868079052814353 -0.377653782910415 -0.823910987184556 0.422549766832291 0 0 0 0 0 0
154.290455251347 232.10350378233 148.386855933353 0.396438925684132 -0.687799368567667 -0.608085690343335 -0.577832230537003 -0.70164155335482 0.41690411842349 0 0 0 0 0 0
153.703231903925 232.327071957215 149.49880014665 -0.964320986947669 -0.10800821928541 0.241700762719253 0.0539689189526647 -0.974020167439158 -0.219936511768456 0 0 0 0 0 0
153.644172219018 231.833192867468 149.603510197702 -0.816425983973677 0.0392726146553284 -0.576113074344566 -0.11989344337886 -0.987471937119717 0.102590134203022 0 0 0 0 0 0
153.318830918859 231.641511044326 149.843113741555 0.00367411018463543 -0.34366589976217 -0.93908479396432 0.160268641707135 -0.926749374644616 0.339778691328876 0 0 0 0 0 0
153.050204629955 231.246182398345 149.928229313456 0.682770789885273 -0.243876836537506 -0.688729364177178 -0.042917511109843 -0.954407251048242 0.295406307289935 0 0 0 0 0 0
152.947881019406 230.771310395866 149.76803673459 0.998244991985019 -0.0313123664876949 -0.050264019753401 -0.0143643322063184 -0.95145828749384 0.3074423411301 0 0 0 0 0 0
152.093320450782 230.876901829176 149.431997447201 0.445927319409434 0.885832760481249 -0.128254225125282 0.889842352264177 -0.423285833217611 0.17032231654786 0 0 0 0 0 0
-27.1054916204588 -407.633529562376 -153.457222437874 0.227191094094148 -0.59304608445298 0.772451000697968 -0.12997352713471 0.767631667558801 0.627573505818288 0 0 0 0 0 0
-27.3947127227271 -407.404126139392 -153.135597020993 0.822922678204386 -0.358898078632673 0.440443452500654 -0.10668595077636 0.663816807273802 0.740246819843057 0 0 0 0 0 0
-27.48027110164 -407.365244650497 -152.663868282548 0.96499355914861 0.260965908885252 -0.0261576987021658 -0.163143461349939 0.675358299890853 0.719218588321588 0 0 0 0 0 0
-27.3683723523148 -407.252999398666 -152.195862099619 0.665643924853051 0.620521303511314 -0.41457385010978 -0.0768119094050557 0.60954646331511 0.789020303689069 0 0 0 0 0 0
-28.0722526817053 -408.037366664277 -152.204091683061 -0.0916025140863439 -0.0968937094914851 -0.991070425587426 0.757710793531182 -0.652560709728577 -0.00623486045419456 0 0 0 0 0 0
-27.996740265243 -408.465403908625 -152.283722874421 0.715875980096644 0.463378259798049 -0.522304671113711 0.622983061526051 -0.761687553535858 0.178112817731313 0 0 0 0 0 0
-27.5343935003212 -408.708526738576 -152.717610533669 0.593207574685982 0.682821143905555 -0.426450534963534 0.5620962924101 0.0279200584601135 0.826600404303315 0 0 0 0 0 0
-27.758949991414 -408.757755179962 -151.64243436446 -0.842793395268189 0.457381841239005 0.283727235557562 0.108838601915498 -0.371429353485003 0.922059864706621 0 0 0 0 0 0
-27.614566883582 -408.741232957898 -151.138460977071 -0.999393750787753 -0.0347607717065676 0.00195438909907997 0.0150769414593506 -0.3815067917712 0.924243070663058 0 0 0 0 0 0
-27.8417951154465 -408.84502459828 -150.635062062756 -0.800604746976667 -0.396970484521723 -0.448827888546396 -0.194749137881006 -0.535993470242101 0.821452234248854 0 0 0 0 0 0
-27.6321106281827 -407.654747796948 -150.525619293712 -0.590904291102337 0.756681187832685 -0.27976007352187 -0.447934160411973 -0.0193218911385606 0.893857736140853 0 0 0 0 0 0
-26.7925817211738 -407.938424762864 -150.093902078454 0.123301536079945 0.977090281237488 0.173468479879121 -0.145002003011345 -0.15518719541323 0.977185424319496 0 0 0 0 0 0
-26.6001745398356 -407.903232206634 -149.637658765628 -0.682307995406796 0.71793525923635 0.137930282930164 0.0293965128935183 -0.161574554817374 0.986422580978998 0 0 0 0 0 0
-26.4221039852857 -407.660701717802 -149.192368179642 -0.987609074438784 -0.142380741155072 0.0660003078348959 0.0530197328480374 0.0931134577305142 0.994242823417997 0 0 0 0 0 0
-25.5140939511018 -407.602559585646 -150.097187062305 0.701393685262834 -0.633630132919181 -0.326434913773392 0.592962763024971 0.772843995831043 -0.226069280915604 0 0 0 0 0 0
-25.2110498424025 -407.336483344972 -149.78452157527 0.41827215077535 0.0541825686968933 -0.906704283179014 0.237021461858248 0.957124120278601 0.166536017123903 0 0 0 0 0 0
-24.885132428558 -407.034394554989 -149.752751413277 -0.56619350278494 0.345331491720426 -0.748445775076769 0.240192604180617 0.937724079563917 0.250960282720073 0 0 0 0 0 0
-24.6492096666776 -406.556792131904 -149.807503241557 -0.907830867369495 0.161547915044702 -0.386969491556971 0.191538059680901 0.980671875386469 -0.0399480227253141 0 0 0 0 0 0
-23.5211477836726 -407.182620449818 -150.211632356551 0.994563412569687 0.0369909468727961 -0.0973410921820434 -0.0651413747509391 -0.508282218726701 -0.858723347430253 0 0 0 0 0 0
-23.7563696794247 -408.002210864312 -149.274137462276 0.427925483028019 -0.613105497600546 0.664064326543162 -0.126091680368419 0.687052475353696 0.715583527096752 0 0 0 0 0 0
-20.8773795951531 -167.940637681206 -223.965843193273 -0.181118343167104 0.791338173181415 -0.583934963360052 0.0348598533558986 -0.588215994967626 -0.807952185397286 0 0 0 0 0 0
-20.5098446660176 -168.459274442272 -222.723936253961 -0.21369233892946 -0.279907966344948 0.935941832946627 -0.613993262154522 0.783671949659959 0.0941835938208326 0 0 0 0 0 0
-19.5903115670678 -168.910980351543 -222.910896481588 0.455218268450439 -0.381541598375992 0.804488866782927 -0.854311452463574 0.0673951560509833 0.515373490907752 0 0 0 0 0 0
-19.8507660818621 -169.047797679961 -222.630899783438 0.324975275349525 0.566101663037448 0.757575063949267 -0.945178626774968 0.167252092789092 0.280471212329279 0 0 0 0 0 0
-20.2873412265105 -169.590189430601 -222.494613143341 -0.182884039600612 0.882393773360953 0.433514309790554 0.36140470052762 -0.349736626746785 0.864332652598709 0 0 0 0 0 0
-19.373109831799 -170.58036158742 -222.262023623412 0.68896937969021 -0.192663155183424 0.698714607321226 -0.71097519111532 0.00767481351660921 0.703175209216039 0 0 0 0 0 0
-20.4360766352196 -170.6399962125 -222.548635057416 -0.409680370823831 0.343991397206884 -0.844885739262597 -0.338113580532151 -0.917469106435534 -0.209594001336182 0 0 0 0 0 0
-20.8843860948279 -170.772816682767 -222.574739253663 0.566688386276081 -0.195014959019895 -0.800520729661813 -0.422389314386881 -0.902961884894423 -0.0790386077793127 0 0 0 0 0 0
-21.1855037197841 -171.106243511852 -222.75178850112 0.950984081587917 -0.268731026950416 -0.153012782866536 -0.280863383837991 -0.957629323402001 -0.0637325551009757 0 0 0 0 0 0
-21.1953104676277 -171.632329267547 -222.834054624553 0.985710777064488 -0.0317747545446742 0.165422576913034 -0.0633392435199643 -0.979893199511055 0.189202161145971 0 0 0 0 0 0
-22.1233719924013 -171.863476219242 -223.847943156443 -0.585674156387366 -0.604259331689431 -0.540237394675887 0.118408079712819 0.595576785810345 -0.79452364273352 0 0 0 0 0 0
-22.6000532887242 -172.23786436122 -223.620642760883 0.131531718951358 -0.937333008706281 -0.322654982449261 -0.136324142598468 -0.339493588234322 0.930677082393554 0 0 0 0 0 0
-22.7853465148921 -172.553231064715 -223.271712895341 0.711756216357165 -0.643048270798478 -0.282651746677813 -0.0403308707799669 -0.439141447636332 0.897512233805198 0 0 0 0 0 0
-22.9737910932694 -172.891272607373 -222.948886517764 0.988832453571135 0.141656278130266 0.0463020262058876 0.0555201316020917 -0.638471021105694 0.767640716868992 0 0 0 0 0 0
-23.0587361789136 -172.692612416659 -221.869075338833 -0.180151465133263 -0.249523685801046 0.95146380899885 0.326610424759246 -0.927584120420879 -0.181420313034704 0 0 0 0 0 0
-22.6317610465651 -173.073127677003 -221.851981438839 -0.826116127052594 -0.190254625650368 0.530410522182828 0.143121582107327 -0.981254560563116 -0.129056964589988 0 0 0 0 0 0
-21.6252664063337 -173.101773959285 -221.630179699245 0.512266595306878 0.835311804911255 0.199592394415722 -0.360938647094401 -0.00148535663564831 0.932588380127765 0 0 0 0 0 0
-21.4319027786146 -173.032753065349 -221.162809623195 -0.474762188234832 0.877772553839506 0.0641576834724143 -0.0904871321140051 -0.121192540453538 0.988496053133345 0 0 0 0 0 0
-20.6471203818829 -173.282796202206 -220.756322498504 0.501123436830234 -0.583750456025061 -0.638835429629562 0.119841458614619 0.777917609279574 -0.616832406711802 0 0 0 0 0 0
-20.2166006480062 -173.049518782873 -220.939977775696 -0.307540938039659 -0.445389091695279 -0.840860944763485 0.0982560094321782 0.864100601805976 -0.493635398415686 0 0 0 0 0 0
-61.3577583968066 154.671461128692 94.221549371809 0.83913645005873 -0.487200640001661 0.241837868343246 0.311235192248866 0.794724872232315 0.521099829745839 0 0 0 0 0 0
-61.2745362893521 154.876775477842 94.6276180165598 0.889159632004457 0.0530960910613706 -0.45450627490465 0.27069446509889 0.739786104216766 0.615987846124099 0 0 0 0 0 0
-60.8888751942706 155.052994155027 94.9870796173954 0.225358956148782 0.578835125116525 -0.783685676030172 0.379029714103942 0.688922182325348 0.617837116501076 0 0 0 0 0 0
-60.4267991230888 154.436175730976 95.6677133951461 0.123745280727885 0.574704360124965 0.808951175257773 0.11951202007561 0.800651359928948 -0.587089666832396 0 0 0 0 0 0
-60.5274801031819 153.644621381751 95.3581450411889 -0.963682322416581 0.257784306148123 0.0697397516880791 -0.266434381635948 -0.945832757131393 -0.185507724420032 0 0 0 0 0 0
-60.7664704534873 153.29929311593 95.5414589147923 -0.778829948685114 0.251171566964063 -0.574749297502798 -0.193171921724939 -0.967833749619367 -0.161190699963771 0 0 0 0 0 0
-61.0404868280775 152.917680839616 95.496900347415 -0.183057301370886 0.44079892229821 -0.878741335385758 -0.152422461594441 -0.895762409513348 -0.417584840367 0 0 0 0 0 0
-61.3914771287552 152.710324328201 95.3775439482821 0.769966592617745 -0.0778514935428153 -0.633317133200873 -0.223337878939039 -0.962627460665387 -0.153194529288482 0 0 0 0 0 0
-61.6148487469354 152.41914089881 95.064627238193 0.924204241235385 -0.324047784149857 0.202087985961792 -0.338422949237101 -0.940135181554372 0.0401963659226837 0 0 0 0 0 0
-61.5225804424735 152.040258135189 94.8810622427685 0.152110913070755 -0.0774765928902085 0.985322103516868 -0.664742795658066 -0.745776629431768 0.0439799342210696 0 0 0 0 0 0
-61.5974916643261 151.550277103709 95.0126030357708 -0.355430810744542 0.350569056153935 0.866470008506248 -0.571039342122629 -0.815332979214591 0.0956357817619277 0 0 0 0 0 0
-61.7542547132079 151.182275160266 95.2307937840044 -0.807588084839786 0.542794108868754 0.230599307462493 -0.536184420552614 -0.83860583582493 0.0961588231886616 0 0 0 0 0 0
-62.0653868680258 150.927742893796 95.5179078066801 -0.662095707470301 0.359360395268243 -0.657639247963542 -0.526019859910507 -0.847886807894232 0.0662651339594192 0 0 0 0 0 0
-62.4677275310636 150.672126903185 95.7504629430398 0.0809966347835377 -0.113453218340792 -0.990236291196126 -0.434192891278769 -0.898294597841496 0.0674043667114302 0 0 0 0 0 0
-62.4362186111974 150.084578580046 96.7386845753974 -0.637857843493099 -0.768932943999148 0.0433531905070055 0.418752448179138 -0.393513103233594 -0.818409325904492 0 0 0 0 0 0
-61.8492658530479 150.679998571421 97.6460458756216 -0.328620842604358 0.469076683727595 0.819741060694854 -0.940314088198389 -0.0812413432391746 -0.330468243079918 0 0 0 0 0 0
-61.2630186510778 150.805216535018 97.1280432035955 -0.590572140962712 0.00602388726160878 -0.806962365356017 0.801065464030318 0.125271733804676 -0.585321377575996 0 0 0 0 0 0
-60.8993875058109 150.746973056198 96.8359288539982 -0.717973495917213 0.563956670208504 -0.408003594699548 0.607977863748723 0.222670785098926 -0.762089652636071 0 0 0 0 0 0
-60.7220123151069 150.668252725692 96.4779056982147 -0.196472555780631 0.979805048219063 0.0371564571705537 0.695551422686761 0.165982655269367 -0.699040754568825 0 0 0 0 0 0
-60.9618824168913 149.564823312479 96.9157156779727 -0.456291341076535 -0.274906329442144 0.846300609766544 -0.667210362307682 -0.523577578161504 -0.529808316352042 0 0 0 0 0 0
52.6225953428264 56.8316106650083 143.162321900208 0.833888381391347 -0.524727373153815 0.171147162534517 0.518870617089882 0.851005176515966 0.0810152594502685 0 0 0 0 0 0
52.5046741503976 56.4179877790257 142.560280131134 0.932500788768131 -0.344948536440082 0.107017690849031 0.0872384625835186 0.502662286617426 0.860069808944951 0 0 0 0 0 0
52.2117424156526 55.8249193982244 142.42768000107 0.188734529283979 -0.148752384436075 -0.970696659920357 0.868972344711578 -0.435155798520629 0.23564060588179 0 0 0 0 0 0
52.4443984263494 55.4121096970397 142.396652137473 0.502896311715127 0.674213567529636 -0.540861687515656 0.853574938437801 -0.288902066029812 0.433526724337278 0 0 0 0 0 0
51.8084362485764 54.9801042294505 143.275957072803 -0.257424577375152 -0.948660230900079 -0.18378344123406 -0.719900070660349 0.0614132364964518 0.691355409790258 0 0 0 0 0 0
52.6212374997746 54.8902515107238 143.740701104803 0.924490261366679 0.312988717401221 -0.217613922848948 0.142949829863431 -0.813840030359831 -0.563231525330326 0 0 0 0 0 0
51.9438141738443 53.5966793547273 143.74514870659 -0.101413980634821 -0.99445465122358 0.0278415371628112 -0.964585071181124 0.0914410710768629 -0.247414977264559 0 0 0 0 0 0
52.2948622818303 54.4853720703489 144.535964486568 0.432952301001631 0.854341689657356 0.287493621443688 -0.253405500115822 -0.190718547594021 0.94837339066144 0 0 0 0 0 0
52.5010208858349 54.4606496335252 145.017157836692 -0.122522347127446 0.9875654225618 0.0985028457188701 -0.218306845237442 -0.123637224368115 0.968016507128378 0 0 0 0 0 0
51.7193050512193 53.3855582647311 145.345867703729 -0.852495577226642 -0.392362153731305 0.345402998146146 -0.109195570595997 0.779850835415015 0.616367586643489 0 0 0 0 0 0
51.2231938925925 53.1832532182187 144.7547894477 -0.976637679598262 0.0971077547411695 0.191700095873872 -0.128080799795784 0.453262663357296 -0.882127126172823 0 0 0 0 0 0
51.0398972154975 53.0642600538103 144.401817612241 -0.235638609449962 0.954824216167856 0.181066733432532 -0.0893221968529751 0.164246157991132 -0.982366909425654 0 0 0 0 0 0
51.0427523420112 52.0613576436744 144.042770033556 0.964297205877426 -0.190132844226504 -0.184337734290431 -0.231593446169368 -0.943046411182771 -0.238805238733768 0 0 0 0 0 0
50.9590218141309 51.7641326626827 143.542889474344 0.470437798233097 -0.560432032430945 0.681618819443034 -0.366621822572465 -0.826740600966316 -0.426718194980598 0 0 0 0 0 0
50.4943440926296 51.3713159943866 143.626729176966 -0.51876253505631 0.0241141997467353 0.854578222044375 -0.656383062947291 0.629232889633594 -0.416205772760651 0 0 0 0 0 0
50.7180378637819 50.3787215089633 143.695756608172 -0.514680567337229 -0.853003773497929 0.086535980977406 -0.538437606859029 0.243024600920046 -0.806860574614706 0 0 0 0 0 0
51.3482587519586 50.3820807815461 142.921210881856 0.451612417796757 -0.776975938112768 -0.438582507272636 0.0266547676924487 -0.479597709291599 0.877083553945411 0 0 0 0 0 0
51.5433545377239 50.5995241749118 143.753680137691 -0.564366710153929 0.555876119873599 0.610321190705602 -0.340420869104385 0.516817258771498 -0.785502102425022 0 0 0 0 0 0
52.4385734797028 49.9733060275672 143.454807520448 0.796969377766685 0.402934398132781 0.449981868194215 0.603542371408532 -0.501617141915323 -0.619771610233373 0 0 0 0 0 0
52.1031670507422 49.9536547181807 144.031216754954 0.178995506112421 0.970839768553806 0.159470224762966 0.937286517051249 -0.217543715544465 0.272339341229002 0 0 0 0 0 0
