           0   0.000000
       10000  -0.764881
       20000  -0.000001
       30000  -1.742724
       40000  -2.005228
       50000  -0.833156
       60000  -0.574199
       70000  -0.809681
       80000  -1.729199
       90000  -0.000012
      100000  -2.734360
      110000  -0.185753
      120000   0.000000
      130000   0.000000
      140000  -4.882979
      150000  -3.136886
      160000  -2.100325
      170000  -7.635810
      180000  -7.380955
      190000  -6.883777
      200000  -9.699782
