#id1 id2 FENE BEXC STCK NEXC HB CRSTCK CXSTCK total, t = 200000
0 1 0.237641 0 -1.22544 0 0 0 0 -0.987798
1 2 0.0306485 0 0 0 0 0 0 0.0306485
2 3 0.225497 0 -1.30769 0 0 0 0 -1.08219
3 4 0.0519659 0 0 0 0 0 0 0.0519659
4 5 0.135653 0 -1.34963 0 0 0 0 -1.21398
5 6 0.0190173 0 -1.21413 0 0 0 0 -1.19511
6 7 0.00823179 0 -0.000244088 0 0 0 0 0.0079877
7 8 0.000912534 0 0 0 0 0 0 0.000912534
8 9 0.0342559 0 0 0 0 0 0 0.0342559
9 10 0.0347595 0 -1.14365 0 0 0 0 -1.10889
10 11 0.164877 0 0 0 0 0 0 0.164877
11 12 0.0458835 0 0 0 0 0 0 0.0458835
12 13 0.366555 0 0 0 0 0 0 0.366555
13 14 0.172099 0 -1.42379 0 0 0 0 -1.25169
14 15 0.024773 0 0 0 0 0 0 0.024773
15 16 0.0170206 0 0 0 0 0 0 0.0170206
16 17 0.0102367 0 -0.955576 0 0 0 0 -0.945339
17 18 0.0341784 0 -1.00335 0 0 0 0 -0.969172
18 19 0.00248451 0 -1.45217 0 0 0 0 -1.44968
20 21 0.438275 0 0 0 0 0 0 0.438275
21 22 0.000161851 0 0 0 0 0 0 0.000161851
22 23 0.00356939 0 -1.29368 0 0 0 0 -1.29011
23 24 0.233024 0 -1.21293 0 0 0 0 -0.979906
24 25 0.123115 0 -1.24065 0 0 0 0 -1.11754
25 26 0.213469 0 -0.222703 0 0 0 0 -0.00923302
26 27 6.90933e-05 0 0 0 0 0 0 6.90933e-05
27 28 0.0443581 0 -0.790487 0 0 0 0 -0.746129
28 29 0.112498 0 -1.121 0 0 0 0 -1.0085
29 30 0.007564 0 -1.39359 0 0 0 0 -1.38603
30 31 0.0542987 0 -1.26692 0 0 0 0 -1.21262
31 32 0.000490706 0 -1.30852 0 0 0 0 -1.30803
32 33 0.0501169 0 0 0 0 0 0 0.0501169
33 34 0.0010695 0 0 0 0 0 0 0.0010695
34 35 0.133559 0 -0.187148 0 0 0 0 -0.0535891
35 36 0.071695 0 -0 0 0 0 0 0.071695
36 37 0.0134239 0 0 0 0 0 0 0.0134239
37 38 0.00436036 0 -0.944605 0 0 0 0 -0.940245
38 39 0.00770827 0 -0.794759 0 0 0 0 -0.787051
40 41 0.000352327 0 0 0 0 0 0 0.000352327
41 42 0.168087 0 -0.977186 0 0 0 0 -0.809099
42 43 0.083488 0 -1.0133 0 0 0 0 -0.92981
43 44 0.007232 0 0 0 0 0 0 0.007232
44 45 0.0360066 0 0 0 0 0 0 0.0360066
45 46 0.0653189 0 0 0 0 0 0 0.0653189
46 47 0.192442 0 0 0 0 0 0 0.192442
47 48 0.0415384 0 -1.33359 0 0 0 0 -1.29205
48 49 2.88298e-06 0 0 0 0 0 0 2.88298e-06
49 50 0.0190494 0 -1.39997 0 0 0 0 -1.38092
50 51 0.114652 0 -0 0 0 0 0 0.114652
51 52 0.0126408 0 -0.814534 0 0 0 0 -0.801893
52 53 0.0246689 0 -0.990968 0 0 0 0 -0.966299
53 54 0.00281469 0 0 0 0 0 0 0.00281469
54 55 0.117061 0 -1.33028 0 0 0 0 -1.21322
55 56 0.0161334 0 -0 0 0 0 0 0.0161334
56 57 0.0057011 0 -1.19478 0 0 0 0 -1.18908
57 58 0.214183 0 0 0 0 0 0 0.214183
58 59 0.00671263 0 0 0 0 0 0 0.00671263
60 61 0.01718 0 0 0 0 0 0 0.01718
61 62 0.0494087 0 0 0 0 0 0 0.0494087
62 63 0.0478866 0 0 0 0 0 0 0.0478866
63 64 0.000729414 0 0 0 0 0 0 0.000729414
64 65 0.163805 0 -0 0 0 0 0 0.163805
65 66 0.0347919 0 -1.39432 0 0 0 0 -1.35953
66 67 8.32866e-05 0 -0.99681 0 0 0 0 -0.996727
67 68 0.117716 0 0 0 0 0 0 0.117716
68 69 0.0350449 0 -1.24579 0 0 0 0 -1.21074
69 70 0.0818852 0 0 0 0 0 0 0.0818852
70 71 0.0469564 0 0 0 0 0 0 0.0469564
71 72 0.0151773 0 0 0 0 0 0 0.0151773
72 73 0.126026 0 0 0 0 0 0 0.126026
73 74 0.0272215 0 0 0 0 0 0 0.0272215
74 75 0.118672 0 -0 0 0 0 0 0.118672
75 76 0.0164723 0 0 0 0 0 0 0.0164723
76 77 0.132847 0 0 0 0 0 0 0.132847
77 78 0.0524896 0 -0.745659 0 0 0 0 -0.69317
78 79 0.0219132 0 0 0 0 0 0 0.0219132
80 81 0.0495437 0 0 0 0 0 0 0.0495437
81 82 0.0445667 0 -1.2923 0 0 0 0 -1.24773
82 83 0.0136195 0 -1.19103 0 0 0 0 -1.17741
83 84 0.00810512 0 -1.14238 0 0 0 0 -1.13427
84 85 0.0153806 0 0 0 0 0 0 0.0153806
85 86 0.0769587 0 0 0 0 0 0 0.0769587
86 87 0.21944 0 -1.25902 0 0 0 0 -1.03958
87 88 0.0211195 0 -1.251 0 0 0 0 -1.22988
88 89 0.00311625 0 -1.12637 0 0 0 0 -1.12326
89 90 0.11276 0 -1.24579 0 0 0 0 -1.13303
90 91 0.100584 0 -1.18459 0 0 0 0 -1.08401
91 92 0.0364428 0 -0.877501 0 0 0 0 -0.841058
92 93 0.224889 0 -0 0 0 0 0 0.224889
93 94 0.0851162 0 0 0 0 0 0 0.0851162
94 95 0.167892 0 -0.748737 0 0 0 0 -0.580845
95 96 0.0202441 0 -1.28473 0 0 0 0 -1.26448
96 97 0.146377 0 -1.35746 0 0 0 0 -1.21108
97 98 0.0149097 0 -0.78172 0 0 0 0 -0.76681
98 99 0.00545799 0 0 0 0 0 0 0.00545799
100 101 0.0249472 0 -0.938185 0 0 0 0 -0.913238
101 102 0.000740925 0 -0 0 0 0 0 0.000740925
102 103 0.0146018 0 -1.41923 0 0 0 0 -1.40463
103 104 0.0288573 0 -1.02908 0 0 0 0 -1.00022
104 105 0.368851 0 -0.0970662 0 0 0 0 0.271785
105 106 0.00111156 0 -0.827285 0 0 0 0 -0.826173
106 107 0.07725 0 -1.0546 0 0 0 0 -0.977353
107 108 0.247568 0 -0.772607 0 0 0 0 -0.525039
108 109 0.000262168 0 -1.40402 0 0 0 0 -1.40376
109 110 0.15864 0 -0.592124 0 0 0 0 -0.433484
110 111 0.0998738 0 -1.26477 0 0 0 0 -1.16489
111 112 0.000861087 0 -1.29734 0 0 0 0 -1.29648
112 113 0.0375169 0 0 0 0 0 0 0.0375169
113 114 0.13124 0 0 0 0 0 0 0.13124
114 115 0.0139801 0 -1.39713 0 0 0 0 -1.38315
115 116 0.0379567 0 -1.31834 0 0 0 0 -1.28038
116 117 0.134986 0 -0.838459 0 0 0 0 -0.703473
117 118 0.0276979 0 -1.36674 0 0 0 0 -1.33904
118 119 0.253792 0 0 0 0 0 0 0.253792
120 121 0.160621 0 0 0 0 0 0 0.160621
121 122 0.00290103 0 -1.37829 0 0 0 0 -1.37539
122 123 0.0096668 0 -1.11669 0 0 0 0 -1.10703
123 124 0.108966 0 -1.21671 0 0 0 0 -1.10774
124 125 0.00363519 0 -0 0 0 0 0 0.00363519
125 126 0.00240166 0 0 0 0 0 0 0.00240166
121 127 0 0 0 0 -0 -0.0693712 -1.10949e-15 -0.0693712
126 127 0.205419 0 0 0 0 0 0 0.205419
127 128 0.0117595 0 0 0 0 0 0 0.0117595
128 129 0.069951 0 0 0 0 0 0 0.069951
129 130 0.0824747 0 -1.21686 0 0 0 0 -1.13439
130 131 0.0551613 0 -0 0 0 0 0 0.0551613
131 132 0.000102036 0 -0 0 0 0 0 0.000102036
132 133 0.082082 0 -1.09425 0 0 0 0 -1.01217
133 134 0.0055263 0 -1.25845 0 0 0 0 -1.25292
134 135 0.00168879 0 -1.21793 0 0 0 0 -1.21624
135 136 0.0932705 0 0 0 0 0 0 0.0932705
136 137 0.0507127 0 0 0 0 0 0 0.0507127
137 138 0.000233612 0 -1.29688 0 0 0 0 -1.29665
138 139 0.156457 0 -1.15071 0 0 0 0 -0.994257
140 141 0.0118987 0 -0 0 0 0 0 0.0118987
141 142 0.0656286 0 0 0 0 0 0 0.0656286
142 143 0.00093485 0 0 0 0 0 0 0.00093485
143 144 8.73138e-06 0 0 0 0 0 0 8.73138e-06
144 145 0.00128918 0 -0.836921 0 0 0 0 -0.835632
145 146 0.00607845 0 -1.20303 0 0 0 0 -1.19695
146 147 0.00262475 0 0 0 0 0 0 0.00262475
147 148 0.00652174 0 0 0 0 0 0 0.00652174
148 149 0.00136272 0 0 0 0 0 0 0.00136272
149 150 0.00178617 0 -1.13936 0 0 0 0 -1.13758
150 151 0.092351 0 -0.856102 0 0 0 0 -0.763751
151 152 0.0496865 0 -1.19525 0 0 0 0 -1.14556
152 153 0.109651 0 0 0 0 0 0 0.109651
153 154 0.0290472 0 -0.697807 0 0 0 0 -0.66876
154 155 0.141714 0 -1.25351 0 0 0 0 -1.1118
155 156 0.0990022 0 -1.24159 0 0 0 0 -1.14259
156 157 0.001912 0 -1.022 0 0 0 0 -1.02008
157 158 0.00288447 0 -1.15332 0 0 0 0 -1.15043
158 159 0.0335212 0 -1.12492 0 0 0 0 -1.09139
160 161 0.029116 0 -0 0 0 0 0 0.029116
161 162 0.0162936 0 0 0 0 0 0 0.0162936
162 163 1.15823e-05 0 -1.12211 0 0 0 0 -1.1221
163 164 4.94668e-05 0 -1.32562 0 0 0 0 -1.32557
164 165 0.0696455 0 -1.07316 0 0 0 0 -1.00351
165 166 0.00361923 0 -1.37228 0 0 0 0 -1.36866
166 167 0.167558 0 -1.12362 0 0 0 0 -0.956066
167 168 0.00825084 0 0 0 0 0 0 0.00825084
168 169 0.196075 0 -1.37719 0 0 0 0 -1.18111
169 170 0.00025426 0 0 0 0 0 0 0.00025426
170 171 0.25729 0 0 0 0 0 0 0.25729
171 172 0.00074326 0 -1.22738 0 0 0 0 -1.22664
172 173 0.113946 0 -1.15686 0 0 0 0 -1.04291
173 174 0.0411556 0 -1.0405 0 0 0 0 -0.999346
174 175 0.0188403 0 -1.32175 0 0 0 0 -1.30291
175 176 0.126506 0 -1.24742 0 0 0 0 -1.12091
176 177 0.0180745 0 -1.25123 0 0 0 0 -1.23316
177 178 0.00703844 0 -1.18709 0 0 0 0 -1.18005
178 179 3.45352e-05 0 -1.33807 0 0 0 0 -1.33803
180 181 0.0198815 0 -1.27098 0 0 0 0 -1.25109
181 182 0.0442871 0 -1.20157 0 0 0 0 -1.15728
182 183 0.191422 0 -0.55432 0 0 0 0 -0.362898
183 184 0.271103 0 -1.31611 0 0 0 0 -1.045
184 185 0.00521454 0 -1.22058 0 0 0 0 -1.21536
185 186 0.000515488 0 0 0 0 0 0 0.000515488
186 187 0.00674821 0 -0.861793 0 0 0 0 -0.855045
187 188 0.0511104 0 -0 0 0 0 0 0.0511104
188 189 0.00230859 0 0 0 0 0 0 0.00230859
189 190 0.0309791 0 0 0 0 0 0 0.0309791
190 191 1.79921e-05 0 -1.21877 0 0 0 0 -1.21875
191 192 0.00165109 0 -1.10256 0 0 0 0 -1.10091
192 193 0.0206405 0 0 0 0 0 0 0.0206405
193 194 0.00252442 0 0 0 0 0 0 0.00252442
194 195 0.0110738 0 -1.10787 0 0 0 0 -1.0968
195 196 0.0678351 0 -1.26917 0 0 0 0 -1.20133
196 197 0.000233819 0 -0.941685 0 0 0 0 -0.941451
197 198 0.289817 0 0 0 0 0 0 0.289817
198 199 0.00513919 0 0 0 0 0 0 0.00513919
200 201 0.0244578 0 -1.02412 0 0 0 0 -0.999665
201 202 0.10183 0 -1.19217 0 0 0 0 -1.09034
202 203 0.0335213 0 -0.989393 0 0 0 0 -0.955872
203 204 0.0404087 0 -0.958311 0 0 0 0 -0.917902
204 205 0.000540838 0 -1.40226 0 0 0 0 -1.40172
205 206 0.00207509 0 -1.36194 0 0 0 0 -1.35987
206 207 0.0241271 0 -1.2028 0 0 0 0 -1.17867
207 208 0.0322597 0 -0.203649 0 0 0 0 -0.17139
208 209 0.174476 0 -1.35274 0 0 0 0 -1.17826
209 210 0.0119706 0 0 0 0 0 0 0.0119706
210 211 0.0877388 0 0 0 0 0 0 0.0877388
211 212 0.00251086 0 -0.989263 0 0 0 0 -0.986752
212 213 0.0461347 0 -1.39491 0 0 0 0 -1.34877
213 214 0.0479666 0 -1.31822 0 0 0 0 -1.27026
214 215 0.000421933 0 -1.02371 0 0 0 0 -1.02329
215 216 0.0772681 0 0 0 0 0 0 0.0772681
216 217 0.000227012 0 -1.05504 0 0 0 0 -1.05481
217 218 0.0112714 0 -0.92347 0 0 0 0 -0.912199
218 219 0.0703532 0 -1.38093 0 0 0 0 -1.31058
220 221 0.0462918 0 -1.2963 0 0 0 0 -1.25001
221 222 0.00859063 0 -1.31332 0 0 0 0 -1.30473
222 223 0.00323851 0 -1.30781 0 0 0 0 -1.30457
223 224 1.39551e-07 0 -0.903517 0 0 0 0 -0.903517
224 225 0.00138168 0 -1.19352 0 0 0 0 -1.19214
225 226 0.274997 0 -1.14068 0 0 0 0 -0.865682
226 227 0.118541 0 -1.18173 0 0 0 0 -1.06319
227 228 0.118921 0 -1.36009 0 0 0 0 -1.24117
228 229 0.00426489 0 -0 0 0 0 0 0.00426489
226 230 0 0 0 0 -0.282587 0 -0 -0.282587
225 230 0 0 0 0 0 -0.17089 0 -0.17089
227 230 0 0 0 0 0 -0.130621 -0 -0.130621
229 230 0.381982 0 0 0 0 0 0 0.381982
226 231 0 0 0 0 0 -0.169617 0 -0.169617
225 231 0 0 0 0 -0.770419 -5.02317e-29 -0 -0.770419
224 231 0 0 0 0 0 -0.157593 0 -0.157593
230 231 0.0235187 0 -1.25983 0 0 0 0 -1.23631
225 232 0 0 0 0 0 -0.147442 0 -0.147442
224 232 0 0 0 0 -0.660479 0 -0 -0.660479
231 232 0.0269097 0 -0.933828 0 0 0 0 -0.906918
224 233 0 0 0 0 0 -0.0467637 0 -0.0467637
223 233 0 0 0 0 0 -0.000489052 -0 -0.000489052
222 233 0 0 0 0 0 -0.0980941 0 -0.0980941
232 233 0.0944184 0 -0.675309 0 0 0 0 -0.580891
223 234 0 0 0 0 0 -0.0296174 0 -0.0296174
222 234 0 0 0 0 -0.752942 0 -0 -0.752942
221 234 0 0 0 0 0 -0.141029 0 -0.141029
233 234 0.0205728 0 -1.34658 0 0 0 0 -1.32601
222 235 0 0 0 0 0 -0.0856317 -0 -0.0856317
221 235 0 0 0 0 -0.653131 0 -0 -0.653131
220 235 0 0 0 0 0 -0.109811 0 -0.109811
234 235 0.00941709 0 -1.05254 0 0 0 0 -1.04313
221 236 0 0 0 0 0 -0.100955 -0 -0.100955
220 236 0 0 0 0 -0.524195 -3.1151e-16 -0 -0.524195
235 236 0.0731226 0 -1.31435 0 0 0 0 -1.24123
236 237 0.00622706 0 -1.00341 0 0 0 0 -0.997184
237 238 0.0361726 0 -1.3127 0 0 0 0 -1.27653
238 239 0.00351454 0 0 0 0 0 0 0.00351454
240 241 0.028743 0 -0 0 0 0 0 0.028743
241 242 0.0411698 0 0 0 0 0 0 0.0411698
242 243 0.00516004 0 -0.773906 0 0 0 0 -0.768746
243 244 0.00509043 0 0 0 0 0 0 0.00509043
244 245 0.168976 0 0 0 0 0 0 0.168976
245 246 0.077515 0 -1.28346 0 0 0 0 -1.20595
246 247 0.0460888 0 -1.16794 0 0 0 0 -1.12185
247 248 0.0748651 0 -1.28462 0 0 0 0 -1.20975
248 249 0.0592382 0 -1.24818 0 0 0 0 -1.18894
249 250 0.244345 0 -0 0 0 0 0 0.244345
250 251 0.117698 0 0 0 0 0 0 0.117698
251 252 0.0290594 0 0 0 0 0 0 0.0290594
252 253 0.103257 0 -0 0 0 0 0 0.103257
253 254 0.0123015 0 0 0 0 0 0 0.0123015
254 255 0.0273209 0 0 0 0 0 0 0.0273209
255 256 0.0382223 0 -1.01409 0 0 0 0 -0.975871
256 257 0.000131844 0 -0.686641 0 0 0 0 -0.686509
257 258 0.0783382 0 -1.35749 0 0 0 0 -1.27915
258 259 0.131605 0 0 0 0 0 0 0.131605
260 261 0.0169678 0 -1.0893 0 0 0 0 -1.07233
261 262 0.0300389 0 -1.05425 0 0 0 0 -1.02422
262 263 0.0331367 0 -1.1859 0 0 0 0 -1.15277
263 264 0.0163691 0 -1.37882 0 0 0 0 -1.36245
264 265 0.0581878 0 0 0 0 0 0 0.0581878
265 266 0.0134386 0 0 0 0 0 0 0.0134386
266 267 0.261035 0 0 0 0 0 0 0.261035
267 268 0.0530711 0 -1.32551 0 0 0 0 -1.27244
268 269 0.0121022 0 -1.01279 0 0 0 0 -1.00069
269 270 0.00411952 0 -1.30724 0 0 0 0 -1.30312
270 271 0.0974253 0 -1.38678 0 0 0 0 -1.28935
271 272 0.0907544 0 -1.15503 0 0 0 0 -1.06428
272 273 9.66061e-05 0 -1.10484 0 0 0 0 -1.10475
273 274 0.0213478 0 0 0 0 0 0 0.0213478
274 275 0.0574596 0 0 0 0 0 0 0.0574596
275 276 0.107498 0 0 0 0 0 0 0.107498
276 277 0.0772919 0 0 0 0 0 0 0.0772919
277 278 0.00685619 0 0 0 0 0 0 0.00685619
278 279 0.165922 0 0 0 0 0 0 0.165922
280 281 0.0190069 0 -0.872566 0 0 0 0 -0.853559
281 282 0.0118471 0 -1.05885 0 0 0 0 -1.047
282 283 0.0300851 0 0 0 0 0 0 0.0300851
283 284 0.0251768 0 -1.20149 0 0 0 0 -1.17632
284 285 0.172706 0 -1.2196 0 0 0 0 -1.0469
285 286 0.213159 0 -1.13903 0 0 0 0 -0.925871
286 287 0.076642 0 -1.44577 0 0 0 0 -1.36913
287 288 0.0519289 0 -1.43392 0 0 0 0 -1.38199
288 289 0.241969 0 -0.987594 0 0 0 0 -0.745625
289 290 0.00929764 0 -1.15893 0 0 0 0 -1.14964
290 291 0.00282624 0 -1.35996 0 0 0 0 -1.35714
291 292 0.0138801 0 0 0 0 0 0 0.0138801
292 293 0.135425 0 0 0 0 0 0 0.135425
293 294 0.00743537 0 0 0 0 0 0 0.00743537
294 295 0.00323691 0 0 0 0 0 0 0.00323691
295 296 0.0171221 0 -1.12281 0 0 0 0 -1.10569
296 297 0.0172 0 -1.24846 0 0 0 0 -1.23126
297 298 0.111693 0 -1.26011 0 0 0 0 -1.14841
298 299 0.0347376 0 -1.3114 0 0 0 0 -1.27667
300 301 6.32652e-08 0 0 0 0 0 0 6.32652e-08
301 302 0.000502186 0 0 0 0 0 0 0.000502186
302 303 0.0310632 0 -1.24929 0 0 0 0 -1.21823
303 304 0.00253924 0 -1.08463 0 0 0 0 -1.08209
304 305 0.0156783 0 0 0 0 0 0 0.0156783
305 306 0.000433234 0 -1.29737 0 0 0 0 -1.29694
306 307 0.13161 0 -1.33059 0 0 0 0 -1.19898
307 308 0.0469062 0 0 0 0 0 0 0.0469062
308 309 0.0448771 0 -0.880048 0 0 0 0 -0.835171
309 310 0.00830347 0 -0.821979 0 0 0 0 -0.813676
310 311 0.00864818 0 0 0 0 0 0 0.00864818
311 312 0.00147068 0 -0 0 0 0 0 0.00147068
312 313 0.0587807 0 -1.20904 0 0 0 0 -1.15026
313 314 0.144243 0 0 0 0 0 0 0.144243
314 315 0.0061714 0 -0.6466 0 0 0 0 -0.640428
315 316 0.0157078 0 -0 0 0 0 0 0.0157078
316 317 0.0600479 0 -1.34005 0 0 0 0 -1.28
317 318 0.164956 0 -1.29133 0 0 0 0 -1.12638
318 319 0.000868537 0 -1.18225 0 0 0 0 -1.18138
320 321 0.0026321 0 -1.03912 0 0 0 0 -1.03648
321 322 0.00834898 0 -1.04195 0 0 0 0 -1.0336
322 323 0.00312688 0 -1.18615 0 0 0 0 -1.18302
323 324 0.0998959 0 0 0 0 0 0 0.0998959
324 325 0.220181 0 -1.3523 0 0 0 0 -1.13212
325 326 0.0135042 0 -0.706016 0 0 0 0 -0.692512
326 327 0.0690715 0 -1.11468 0 0 0 0 -1.04561
327 328 0.0079122 0 -1.27265 0 0 0 0 -1.26474
328 329 0.00375943 0 0 0 0 0 0 0.00375943
329 330 0.0579458 0 -0 0 0 0 0 0.0579458
330 331 0.0799097 0 0 0 0 0 0 0.0799097
331 332 0.0012301 0 -1.41676 0 0 0 0 -1.41553
332 333 0.0178256 0 -1.28493 0 0 0 0 -1.2671
333 334 0.00379048 0 -1.15181 0 0 0 0 -1.14802
334 335 0.000767945 0 -1.11251 0 0 0 0 -1.11174
335 336 0.085885 0 0 0 0 0 0 0.085885
336 337 0.0014235 0 -1.29717 0 0 0 0 -1.29575
337 338 0.0175365 0 -1.07422 0 0 0 0 -1.05669
338 339 0.110136 0 -0.862978 0 0 0 0 -0.752842
340 341 0.142905 0 0 0 0 0 0 0.142905
341 342 0.00697523 0 -0.979908 0 0 0 0 -0.972933
342 343 0.0982012 0 0 0 0 0 0 0.0982012
343 344 0.0314716 0 -0.863254 0 0 0 0 -0.831782
344 345 0.388478 0 0 0 0 0 0 0.388478
345 346 0.0576018 0 -1.02849 0 0 0 0 -0.970887
346 347 0.000634508 0 -0 0 0 0 0 0.000634508
347 348 0.00206185 0 0 0 0 0 0 0.00206185
348 349 0.0684617 0 0 0 0 0 0 0.0684617
349 350 0.0622233 0 -0.961287 0 0 0 0 -0.899064
350 351 0.010241 0 -1.31265 0 0 0 0 -1.30241
351 352 0.119259 0 -1.13178 0 0 0 0 -1.01253
352 353 0.0538201 0 0 0 0 0 0 0.0538201
353 354 0.00482853 0 0 0 0 0 0 0.00482853
354 355 0.0188096 0 -1.23005 0 0 0 0 -1.21124
355 356 0.00344861 0 0 0 0 0 0 0.00344861
356 357 0.0214948 0 -1.46133 0 0 0 0 -1.43984
357 358 0.0497238 0 -1.33829 0 0 0 0 -1.28856
358 359 0.0115491 0 -1.24031 0 0 0 0 -1.22876
360 361 0.141974 0 -1.13698 0 0 0 0 -0.99501
361 362 0.00828888 0 -1.20633 0 0 0 0 -1.19804
362 363 0.0659082 0 -0.790495 0 0 0 0 -0.724587
363 364 0.000237275 0 -1.1473 0 0 0 0 -1.14706
364 365 0.00542467 0 -0.947072 0 0 0 0 -0.941648
365 366 0.00116066 0 -1.34737 0 0 0 0 -1.34621
366 367 0.00182582 0 0 0 0 0 0 0.00182582
367 368 0.076443 0 -1.29394 0 0 0 0 -1.2175
368 369 0.0192869 0 0 0 0 0 0 0.0192869
369 370 0.00490023 0 0 0 0 0 0 0.00490023
370 371 0.00883011 0 -1.20781 0 0 0 0 -1.19898
371 372 0.000826187 0 0 0 0 0 0 0.000826187
372 373 0.00107617 0 -1.26504 0 0 0 0 -1.26397
373 374 0.0114342 0 0 0 0 0 0 0.0114342
374 375 0.00510897 0 -0 0 0 0 0 0.00510897
375 376 0.0162198 0 0 0 0 0 0 0.0162198
376 377 0.00274613 0 -1.40522 0 0 0 0 -1.40247
377 378 0.0298589 0 -0.668696 0 0 0 0 -0.638837
378 379 0.00248826 0 -1.34786 0 0 0 0 -1.34538
380 381 0.0435449 0 -1.36541 0 0 0 0 -1.32187
381 382 5.01014e-06 0 -0 0 0 0 0 5.01014e-06
382 383 0.0692145 0 -0 0 0 0 0 0.0692145
383 384 0.0826763 0 0 0 0 0 0 0.0826763
384 385 1.71244e-06 0 -1.24439 0 0 0 0 -1.24439
385 386 0.0613908 0 -1.27151 0 0 0 0 -1.21012
386 387 0.0586981 0 -0.986077 0 0 0 0 -0.927379
387 388 0.0544397 0 -1.25772 0 0 0 0 -1.20328
388 389 0.017547 0 -0.179423 0 0 0 0 -0.161876
389 390 0.153365 0 0 0 0 0 0 0.153365
390 391 0.0330258 0 0 0 0 0 0 0.0330258
391 392 0.00664489 0 -0.860817 0 0 0 0 -0.854172
392 393 0.00302428 0 -1.23511 0 0 0 0 -1.23208
393 394 1.80285e-06 0 -1.08314 0 0 0 0 -1.08314
394 395 0.0235195 0 0 0 0 0 0 0.0235195
395 396 0.261495 0 -1.26585 0 0 0 0 -1.00435
396 397 0.0969849 0 -0 0 0 0 0 0.0969849
397 398 0.229878 0 0 0 0 0 0 0.229878
398 399 0.104296 0 -0 0 0 0 0 0.104296
400 401 0.00289984 0 -1.34706 0 0 0 0 -1.34416
401 402 0.0815852 0 -1.32903 0 0 0 0 -1.24744
402 403 0.0560634 0 -0.66149 0 0 0 0 -0.605427
403 404 0.0756716 0 -1.37177 0 0 0 0 -1.2961
404 405 0.0166964 0 0 0 0 0 0 0.0166964
405 406 0.0228897 0 0 0 0 0 0 0.0228897
406 407 0.00233482 0 -1.07185 0 0 0 0 -1.06952
407 408 0.0370582 0 0 0 0 0 0 0.0370582
408 409 0.175627 0 -1.15706 0 0 0 0 -0.981433
409 410 0.00600529 0 0 0 0 0 0 0.00600529
410 411 0.00988742 0 -1.33046 0 0 0 0 -1.32057
411 412 0.00137914 0 0 0 0 0 0 0.00137914
412 413 0.0418387 0 0 0 0 0 0 0.0418387
413 414 0.0273053 0 0 0 0 0 0 0.0273053
414 415 0.0158597 0 0 0 0 0 0 0.0158597
415 416 0.000196576 0 0 0 0 0 0 0.000196576
416 417 0.168122 0 0 0 0 0 0 0.168122
417 418 0.00868678 0 0 0 0 0 0 0.00868678
418 419 0.0181604 0 0 0 0 0 0 0.0181604
420 421 0.185546 0 -0 0 0 0 0 0.185546
421 422 0.205033 0 -1.12434 0 0 0 0 -0.919305
422 423 0.0501336 0 -1.25498 0 0 0 0 -1.20485
423 424 0.025108 0 -1.21341 0 0 0 0 -1.1883
424 425 0.00225534 0 -1.20406 0 0 0 0 -1.20181
425 426 0.0135774 0 -0.8519 0 0 0 0 -0.838323
426 427 2.27767e-05 0 -0.539322 0 0 0 0 -0.539299
427 428 0.175463 0 -1.34091 0 0 0 0 -1.16545
428 429 0.0439415 0 -1.18175 0 0 0 0 -1.13781
429 430 0.0141402 0 0 0 0 0 0 0.0141402
430 431 0.00195751 0 -0 0 0 0 0 0.00195751
431 432 0.00414082 0 -1.14273 0 0 0 0 -1.13859
432 433 0.0114123 0 -1.22244 0 0 0 0 -1.21103
433 434 0.00941831 0 -1.18111 0 0 0 0 -1.17169
434 435 3.18799e-05 0 -1.16574 0 0 0 0 -1.16571
435 436 0.00905161 0 -1.32407 0 0 0 0 -1.31502
436 437 0.0115578 0 -1.06781 0 0 0 0 -1.05625
437 438 0.00247428 0.0570347 0 0 0 0 0 0.059509
438 439 0.00102891 0 -1.3154 0 0 0 0 -1.31437
440 441 0.0775211 0 -1.06297 0 0 0 0 -0.985444
441 442 0.036286 0 -0.981254 0 0 0 0 -0.944968
442 443 0.0530684 0 0 0 0 0 0 0.0530684
443 444 0.00819068 0 -1.25032 0 0 0 0 -1.24213
444 445 0.0918908 0 -1.39648 0 0 0 0 -1.30459
445 446 0.0374653 0 -1.34872 0 0 0 0 -1.31126
446 447 0.000166642 0 -1.14033 0 0 0 0 -1.14017
447 448 0.00706207 0 -1.43937 0 0 0 0 -1.43231
448 449 0.0338457 0 0 0 0 0 0 0.0338457
449 450 0.0618665 0 -1.37387 0 0 0 0 -1.312
450 451 0.00144393 0 0 0 0 0 0 0.00144393
451 452 0.150175 0 0 0 0 0 0 0.150175
452 453 0.11503 0 -1.13192 0 0 0 0 -1.01689
453 454 0.0949387 0 -1.32857 0 0 0 0 -1.23364
454 455 0.0227817 0 -0.976889 0 0 0 0 -0.954108
455 456 0.194742 0 0 0 0 0 0 0.194742
456 457 0.000238332 0 -1.02167 0 0 0 0 -1.02143
457 458 0.0152028 0 -1.26652 0 0 0 0 -1.25132
458 459 0.11538 0.0833973 0 0 0 0 0 0.198778
460 461 0.00489128 0 0 0 0 0 0 0.00489128
461 462 0.0186303 0 -0 0 0 0 0 0.0186303
462 463 0.174561 0 0 0 0 0 0 0.174561
463 464 0.0192748 0 0 0 0 0 0 0.0192748
464 465 0.0239567 0 -1.16071 0 0 0 0 -1.13676
465 466 0.050372 0 -1.07181 0 0 0 0 -1.02143
466 467 0.00532728 0 -1.17631 0 0 0 0 -1.17099
467 468 0.0463102 0 -1.32004 0 0 0 0 -1.27373
468 469 0.00346738 0 0 0 0 0 0 0.00346738
469 470 0.155153 0 0 0 0 0 0 0.155153
470 471 0.0731654 0 -1.2234 0 0 0 0 -1.15024
471 472 0.00228983 0 0 0 0 0 0 0.00228983
472 473 0.0323519 0 -0.718205 0 0 0 0 -0.685853
473 474 0.021506 0 -0 0 0 0 0 0.021506
474 475 0.00954214 0 -1.15698 0 0 0 0 -1.14743
475 476 0.000908358 0 0 0 0 0 0 0.000908358
476 477 0.0366258 0.00603736 -0 0 0 0 0 0.0426632
477 478 0.000522057 0 0 0 0 0 0 0.000522057
478 479 0.0122108 0 -0.646999 0 0 0 0 -0.634788
480 481 0.071216 0 -1.33392 0 0 0 0 -1.2627
481 482 0.0255347 0 0 0 0 0 0 0.0255347
482 483 0.00121979 0 -0.970219 0 0 0 0 -0.968999
483 484 0.0545143 0 -1.00675 0 0 0 0 -0.952235
484 485 0.00251999 0 -1.20898 0 0 0 0 -1.20646
485 486 0.0426239 0 -1.35808 0 0 0 0 -1.31545
486 487 0.0161311 0 -1.25009 0 0 0 0 -1.23396
487 488 0.127073 0 -1.11193 0 0 0 0 -0.984861
488 489 0.0164863 0 -0.940601 0 0 0 0 -0.924114
489 490 0.000367119 0 -0.909181 0 0 0 0 -0.908814
490 491 0.0903157 0 -0.993982 0 0 0 0 -0.903666
491 492 0.0567104 0 -0 0 0 0 0 0.0567104
492 493 0.0483956 0 0 0 0 0 0 0.0483956
493 494 0.0127476 0 0 0 0 0 0 0.0127476
494 495 0.00487446 0 -1.06864 0 0 0 0 -1.06377
495 496 0.0194771 0 -1.23217 0 0 0 0 -1.2127
496 497 0.0655852 0 -1.03143 0 0 0 0 -0.965843
497 498 0.0870627 0 -0 0 0 0 0 0.0870627
498 499 0.221427 0 0 0 0 0 0 0.221427
500 501 0.0100972 0 -0.890967 0 0 0 0 -0.88087
501 502 0.0304679 0 -1.41975 0 0 0 0 -1.38929
502 503 0.0509473 0 -1.30871 0 0 0 0 -1.25777
503 504 0.0314482 0 0 0 0 0 0 0.0314482
504 505 0.16708 0 -0.019941 0 0 0 0 0.147139
505 506 9.65955e-05 0 -1.25254 0 0 0 0 -1.25244
506 507 0.00792304 0 -1.13175 0 0 0 0 -1.12383
507 508 0.0289884 0 -1.25654 0 0 0 0 -1.22755
508 509 0.00231143 0 -1.24747 0 0 0 0 -1.24516
509 510 0.035731 0 -0.909099 0 0 0 0 -0.873368
510 511 0.0393472 0 -1.39904 0 0 0 0 -1.35969
511 512 0.1913 0 0 0 0 0 0 0.1913
512 513 0.000125241 0 0 0 0 0 0 0.000125241
513 514 0.000171404 0 -1.26329 0 0 0 0 -1.26312
514 515 0.0148848 0 0 0 0 0 0 0.0148848
515 516 0.000982508 0 -0.748852 0 0 0 0 -0.747869
516 517 0.00910231 0 0 0 0 0 0 0.00910231
517 518 0.0107944 0 -1.21831 0 0 0 0 -1.20752
518 519 0.141136 0 0 0 0 0 0 0.141136
520 521 0.00398436 0 -0.36488 0 0 0 0 -0.360896
521 522 0.0199244 0 0 0 0 0 0 0.0199244
522 523 0.429389 0 -1.12482 0 0 0 0 -0.695431
523 524 0.000189265 0 -1.15183 0 0 0 0 -1.15164
524 525 0.000384067 0 0 0 0 0 0 0.000384067
525 526 0.0776528 0 -1.41818 0 0 0 0 -1.34053
526 527 0.0459323 0 -1.31024 0 0 0 0 -1.26431
527 528 0.000251581 0 -0.860353 0 0 0 0 -0.860101
528 529 0.0799694 0 0 0 0 0 0 0.0799694
529 530 0.00812717 0 0 0 0 0 0 0.00812717
530 531 0.18896 0 -0.730752 0 0 0 0 -0.541792
531 532 0.0684886 0 -1.33934 0 0 0 0 -1.27085
532 533 0.0588955 0 0 0 0 0 0 0.0588955
533 534 0.0509408 0 -0.7362 0 0 0 0 -0.68526
534 535 0.00800833 0 0 0 0 0 0 0.00800833
535 536 0.00198936 0 -1.04172 0 0 0 0 -1.03973
536 537 0.0783338 0 -1.32255 0 0 0 0 -1.24422
537 538 0.00311501 0 -1.18786 0 0 0 0 -1.18474
538 539 0.00300035 0 -0 0 0 0 0 0.00300035
540 541 0.00148908 0 -1.2633 0 0 0 0 -1.26181
541 542 0.122053 0 0 0 0 0 0 0.122053
542 543 0.00512608 0 -1.16084 0 0 0 0 -1.15572
543 544 0.00121208 0 0 0 0 0 0 0.00121208
544 545 0.0489476 0 0 0 0 0 0 0.0489476
545 546 0.0922771 0 -0 0 0 0 0 0.0922771
546 547 0.00563527 0 0 0 0 0 0 0.00563527
547 548 0.0292373 0 -0 0 0 0 0 0.0292373
548 549 0.0210176 0 0 0 0 0 0 0.0210176
549 550 0.0691838 0 -0.991393 0 0 0 0 -0.92221
550 551 0.000674439 0 0 0 0 0 0 0.000674439
551 552 0.0179895 0 -0 0 0 0 0 0.0179895
552 553 0.0039145 0 -0 0 0 0 0 0.0039145
553 554 0.125017 0 -0 0 0 0 0 0.125017
554 555 0.010505 0 -0.466497 0 0 0 0 -0.455992
555 556 0.0563974 0 -0 0 0 0 0 0.0563974
556 557 0.00830869 0 0 0 0 0 0 0.00830869
557 558 2.68494e-05 0 -1.44536 0 0 0 0 -1.44533
558 559 8.41809e-06 0 0 0 0 0 0 8.41809e-06
560 561 0.01806 0 -1.30124 0 0 0 0 -1.28318
561 562 0.182411 0 -1.28939 0 0 0 0 -1.10698
562 563 0.00492123 0 -0 0 0 0 0 0.00492123
563 564 0.0178471 0 0 0 0 0 0 0.0178471
564 565 0.0446618 0 -1.08148 0 0 0 0 -1.03682
565 566 0.0629972 0 -1.12042 0 0 0 0 -1.05742
566 567 0.0420801 0 -0.980227 0 0 0 0 -0.938147
567 568 0.000724613 0 -1.03305 0 0 0 0 -1.03233
568 569 0.0173385 0 0 0 0 0 0 0.0173385
569 570 0.0139526 0 0 0 0 0 0 0.0139526
570 571 0.0227195 0 -1.26664 0 0 0 0 -1.24393
571 572 0.0417221 0 -1.32819 0 0 0 0 -1.28646
572 573 0.0157576 0 -1.07132 0 0 0 0 -1.05556
573 574 0.0452786 0 0 0 0 0 0 0.0452786
574 575 0.00111306 0 -1.20841 0 0 0 0 -1.2073
575 576 0.0398979 0 -0.9473 0 0 0 0 -0.907402
576 577 0.0269515 0 -1.31339 0 0 0 0 -1.28644
577 578 0.0895934 0 -1.07297 0 0 0 0 -0.983375
578 579 0.0105084 0 -0.0939489 0 0 0 0 -0.0834405
580 581 0.00581313 0 -1.37637 0 0 0 0 -1.37056
581 582 0.00510703 0 -1.06285 0 0 0 0 -1.05774
582 583 0.0295429 0 -1.19571 0 0 0 0 -1.16617
583 584 0.00257364 0 -1.09754 0 0 0 0 -1.09496
584 585 0.200621 0 -1.18956 0 0 0 0 -0.988941
585 586 0.0954033 0 -0 0 0 0 0 0.0954033
586 587 0.182371 0 0 0 0 0 0 0.182371
587 588 0.0885256 0 -1.01863 0 0 0 0 -0.930102
585 589 0 0 0 0 0 -0.0183909 -0 -0.0183909
588 589 0.0701434 0 -0.844342 0 0 0 0 -0.774198
585 590 0 0 0 0 -0.62615 0 -0 -0.62615
584 590 0 0 0 0 0 -0.12679 0 -0.12679
589 590 0.0318544 0 -1.1712 0 0 0 0 -1.13935
585 591 0 0 0 0 0 -0.0437444 -0 -0.0437444
584 591 0 0 0 0 -0.611604 0 -0 -0.611604
583 591 0 0 0 0 0 -0.138218 -0 -0.138218
590 591 0.0133093 0 -1.33638 0 0 0 0 -1.32307
584 592 0 0 0 0 0 -0.10278 0 -0.10278
583 592 0 0 0 0 -0.596238 0 -0 -0.596238
582 592 0 0 0 0 -0 -0.107317 0 -0.107317
591 592 0.0311323 0 -0.762095 0 0 0 0 -0.730962
583 593 0 0 0 0 0 -0.156807 0 -0.156807
582 593 0 0 0 0 0 -0.00597967 0 -0.00597967
592 593 0.0108598 0 -1.18567 0 0 0 0 -1.17481
581 594 0 0 0 0 -0 -0.0241208 0 -0.0241208
593 594 0.141697 0 -1.15791 0 0 0 0 -1.01622
594 595 0.0269395 0 -1.22958 0 0 0 0 -1.20264
595 596 0.0869195 0 -1.3582 0 0 0 0 -1.27128
596 597 0.00184391 0 -0.979838 0 0 0 0 -0.977994
597 598 0.166991 0 0 0 0 0 0 0.166991
598 599 0.00559265 0 -0.687558 0 0 0 0 -0.681966
600 601 0.015666 0 -1.3829 0 0 0 0 -1.36723
601 602 0.0137611 0 0 0 0 0 0 0.0137611
602 603 0.00124804 0 -1.3782 0 0 0 0 -1.37695
603 604 0.072974 0 0 0 0 0 0 0.072974
604 605 0.407537 0 -1.33711 0 0 0 0 -0.929578
605 606 0.0210931 0 0 0 0 0 0 0.0210931
606 607 0.00477027 0 -1.15199 0 0 0 0 -1.14722
607 608 0.040317 0 -0.330504 0 0 0 0 -0.290187
608 609 5.48914e-05 0 -1.27591 0 0 0 0 -1.27585
609 610 0.0207672 0 0 0 0 0 0 0.0207672
610 611 0.0127397 0 -1.3045 0 0 0 0 -1.29176
611 612 0.000418625 0 0 0 0 0 0 0.000418625
612 613 0.00374037 0 0 0 0 0 0 0.00374037
613 614 0.00442929 0 -1.16739 0 0 0 0 -1.16296
614 615 0.185561 0 0 0 0 0 0 0.185561
615 616 0.0380779 0 0 0 0 0 0 0.0380779
616 617 0.00339155 0 0 0 0 0 0 0.00339155
617 618 0.0628466 0 0 0 0 0 0 0.0628466
618 619 0.00484605 0 0 0 0 0 0 0.00484605
620 621 0.00838494 0 -1.21721 0 0 0 0 -1.20883
621 622 0.168767 0 -1.13051 0 0 0 0 -0.961742
622 623 0.00890618 0 -1.13989 0 0 0 0 -1.13098
623 624 0.0884443 0 0 0 0 0 0 0.0884443
624 625 0.0559791 0 0 0 0 0 0 0.0559791
625 626 0.110783 0 0 0 0 0 0 0.110783
626 627 0.000120222 0 -1.00589 0 0 0 0 -1.00577
627 628 0.00274845 0 -1.16363 0 0 0 0 -1.16088
628 629 0.0674486 0 -1.03993 0 0 0 0 -0.972481
629 630 0.00124806 0 -1.32546 0 0 0 0 -1.32421
630 631 0.00300298 0 -1.08726 0 0 0 0 -1.08425
631 632 0.122902 0 -1.26714 0 0 0 0 -1.14424
632 633 0.00231939 0 0 0 0 0 0 0.00231939
633 634 0.112445 0 -1.29754 0 0 0 0 -1.18509
634 635 0.0300319 0 0 0 0 0 0 0.0300319
635 636 0.00864565 0 0 0 0 0 0 0.00864565
636 637 0.0378577 0 -1.32816 0 0 0 0 -1.29031
637 638 0.000100397 0 0 0 0 0 0 0.000100397
638 639 0.103282 0 -1.21809 0 0 0 0 -1.11481
640 641 0.0650876 0 0 0 0 0 0 0.0650876
641 642 0.000614984 0 -1.28763 0 0 0 0 -1.28701
642 643 0.0189109 0 -1.16653 0 0 0 0 -1.14762
642 644 0 0 0 0 -0 -1.30174e-07 0 -1.30174e-07
643 644 0.0054091 0 -0.909388 0 0 0 0 -0.903979
644 645 0.00086582 0 -1.11981 0 0 0 0 -1.11895
645 646 0.0165449 0 0 0 0 0 0 0.0165449
646 647 0.0649962 0 -1.42215 0 0 0 0 -1.35715
647 648 0.000481566 0 -1.40093 0 0 0 0 -1.40045
648 649 0.201326 0 -1.284 0 0 0 0 -1.08268
649 650 0.0283419 0 0 0 0 0 0 0.0283419
650 651 0.00237811 0 0 0 0 0 0 0.00237811
651 652 0.081921 0 -0.926701 0 0 0 0 -0.84478
652 653 0.00837223 0 0 0 0 0 0 0.00837223
653 654 0.036912 0 -1.32137 0 0 0 0 -1.28446
654 655 0.00514869 0 -0.513151 0 0 0 0 -0.508002
655 656 0.0193042 0 -1.2983 0 0 0 0 -1.279
656 657 3.13538e-06 0 -0.954066 0 0 0 0 -0.954063
657 658 0.0209226 0 -1.06374 0 0 0 0 -1.04282
658 659 0.0637013 0 -1.22652 0 0 0 0 -1.16282
660 661 0.00323044 0 -0.919947 0 0 0 0 -0.916717
661 662 0.0725327 0 0 0 0 0 0 0.0725327
662 663 0.000483905 0 -1.2972 0 0 0 0 -1.29672
663 664 0.077913 0 0 0 0 0 0 0.077913
664 665 0.0163599 0 -1.39647 0 0 0 0 -1.38011
665 666 0.0296037 0 0 0 0 0 0 0.0296037
666 667 0.231522 0 -0.915683 0 0 0 0 -0.684161
667 668 0.0697443 0 -1.3279 0 0 0 0 -1.25816
668 669 0.0853894 0 -1.31187 0 0 0 0 -1.22648
669 670 0.00260449 0 -1.36106 0 0 0 0 -1.35846
670 671 2.94489e-06 0 -1.39481 0 0 0 0 -1.39481
671 672 0.0848807 0 -1.3152 0 0 0 0 -1.23031
672 673 0.00684627 0 0 0 0 0 0 0.00684627
673 674 0.0451659 0 -1.4224 0 0 0 0 -1.37723
674 675 0.0616879 0 -0.775505 0 0 0 0 -0.713817
675 676 0.00272823 0 0 0 0 0 0 0.00272823
676 677 0.174125 0 0 0 0 0 0 0.174125
677 678 0.00647535 0.0205516 0 0 0 0 0 0.027027
678 679 0.000255172 0 -1.05975 0 0 0 0 -1.0595
680 681 0.0576931 0 -1.39439 0 0 0 0 -1.3367
681 682 0.0902597 0 -0 0 0 0 0 0.0902597
682 683 0.0252259 0 -1.01157 0 0 0 0 -0.986343
683 684 0.00494441 0 -1.05879 0 0 0 0 -1.05385
684 685 0.0959318 0 -1.24636 0 0 0 0 -1.15043
685 686 0.0609636 0 -1.32188 0 0 0 0 -1.26092
686 687 0.0148583 0 -1.16895 0 0 0 0 -1.15409
687 688 0.0302377 0 -1.31718 0 0 0 0 -1.28694
688 689 0.0153779 0 -0.149159 0 0 0 0 -0.133781
689 690 0.00111376 0 -1.34317 0 0 0 0 -1.34205
690 691 0.00422723 0 -1.133 0 0 0 0 -1.12877
691 692 0.00062347 0 -1.10106 0 0 0 0 -1.10044
692 693 0.00608833 0 -1.26279 0 0 0 0 -1.2567
693 694 0.170789 0 -1.30462 0 0 0 0 -1.13383
694 695 0.0808316 0 -1.28698 0 0 0 0 -1.20615
695 696 0.166787 0 0 0 0 0 0 0.166787
696 697 0.000402603 0 0 0 0 0 0 0.000402603
697 698 0.00476767 0 -1.30199 0 0 0 0 -1.29723
697 699 0 0 0 0 0 -0 -1.18235e-05 -1.18235e-05
698 699 0.0132923 0 -0 0 0 0 0 0.0132923
700 701 0.000130569 0 -1.22259 0 0 0 0 -1.22246
701 702 0.085223 0 0 0 0 0 0 0.085223
702 703 0.116026 0 -0 0 0 0 0 0.116026
703 704 0.0113841 0 -0.81299 0 0 0 0 -0.801606
704 705 0.00192386 0 -1.29717 0 0 0 0 -1.29524
705 706 0.106636 0 -1.33664 0 0 0 0 -1.23
706 707 0.110993 0 -0.460726 0 0 0 0 -0.349733
707 708 9.71614e-06 0 -0.517321 0 0 0 0 -0.517311
708 709 0.0183614 0 0 0 0 0 0 0.0183614
709 710 0.0311728 0 -1.28141 0 0 0 0 -1.25023
710 711 0.00985155 0 -1.1806 0 0 0 0 -1.17075
711 712 0.0101279 0 0 0 0 0 0 0.0101279
712 713 0.316109 0 -0.617541 0 0 0 0 -0.301433
713 714 0.00232952 0 -1.25202 0 0 0 0 -1.24969
714 715 0.0471898 0 0 0 0 0 0 0.0471898
715 716 0.000501564 0 -0.865942 0 0 0 0 -0.865441
716 717 0.000660581 0 -1.03072 0 0 0 0 -1.03006
717 718 0.010572 0 0 0 0 0 0 0.010572
718 719 0.0880578 0 -1.30398 0 0 0 0 -1.21592
720 721 0.00312543 0 -0.913673 0 0 0 0 -0.910547
721 722 0.0185432 0 -1.11279 0 0 0 0 -1.09424
722 723 0.0321086 0 0 0 0 0 0 0.0321086
723 724 0.0174692 0 -0.724928 0 0 0 0 -0.707459
724 725 0.0954652 0 0 0 0 0 0 0.0954652
725 726 0.00635889 0 -0.712867 0 0 0 0 -0.706508
726 727 0.0384576 0 -1.28955 0 0 0 0 -1.25109
727 728 0.0264799 0 -0.256442 0 0 0 0 -0.229963
728 729 0.0313754 0 0 0 0 0 0 0.0313754
729 730 0.00107422 0 0 0 0 0 0 0.00107422
730 731 0.0021006 0 0 0 0 0 0 0.0021006
731 732 1.79956e-06 0 -1.30162 0 0 0 0 -1.30162
732 733 0.120337 0 -1.01721 0 0 0 0 -0.896872
733 734 0.211067 0 -1.43997 0 0 0 0 -1.22891
734 735 0.00205099 0 -1.21123 0 0 0 0 -1.20918
735 736 0.00766468 0 0 0 0 0 0 0.00766468
736 737 0.0114604 0 -1.33182 0 0 0 0 -1.32036
737 738 0.0306105 0 -1.18263 0 0 0 0 -1.15202
738 739 0.0696601 0 -1.25575 0 0 0 0 -1.18609
740 741 0.0023397 0 0 0 0 0 0 0.0023397
741 742 0.0141938 0 0 0 0 0 0 0.0141938
742 743 0.0876615 0 -1.284 0 0 0 0 -1.19634
743 744 0.075358 0 -1.13708 0 0 0 0 -1.06173
744 745 0.127287 0 -1.34287 0 0 0 0 -1.21558
745 746 0.0014891 0 0 0 0 0 0 0.0014891
744 747 0 0 0 0 -0 -0.000428577 0 -0.000428577
746 747 0.256788 0 -1.17017 0 0 0 0 -0.913384
745 748 0 0 0 0 0 -0.0064447 0 -0.0064447
747 748 0.0111544 0 -0.700137 0 0 0 0 -0.688983
748 749 0.0389658 0 -1.17362 0 0 0 0 -1.13465
749 750 0.0183498 0 -0.927103 0 0 0 0 -0.908753
750 751 0.0347942 0 0 0 0 0 0 0.0347942
751 752 0.00325417 0 -1.25814 0 0 0 0 -1.25488
752 753 0.117968 0 -1.0379 0 0 0 0 -0.919931
753 754 0.014441 0 -1.3343 0 0 0 0 -1.31986
754 755 0.000512066 0 -0 0 0 0 0 0.000512066
755 756 0.00609591 0 0 0 0 0 0 0.00609591
756 757 0.0248164 0 -1.2733 0 0 0 0 -1.24848
757 758 0.0271566 0 -1.1874 0 0 0 0 -1.16025
758 759 0.00984682 0 -0.976123 0 0 0 0 -0.966276
760 761 0.0389612 0 0 0 0 0 0 0.0389612
761 762 0.00488769 0 -1.26125 0 0 0 0 -1.25637
762 763 1.65137e-06 0 -0 0 0 0 0 1.65137e-06
763 764 0.0859258 0 -1.19103 0 0 0 0 -1.10511
764 765 0.0615731 0 -0.825015 0 0 0 0 -0.763442
765 766 0.013521 0 -1.32047 0 0 0 0 -1.30695
766 767 0.254124 0 0 0 0 0 0 0.254124
767 768 0.0729532 0 -1.23887 0 0 0 0 -1.16591
768 769 0.0444226 0 0 0 0 0 0 0.0444226
769 770 0.0956379 0 -1.3107 0 0 0 0 -1.21506
770 771 0.0243891 0 0 0 0 0 0 0.0243891
770 772 0 0 0 0.00669198 0 0 0 0.00669198
771 772 0.0132568 0 0 0 0 0 0 0.0132568
772 773 0.000250432 0 0 0 0 0 0 0.000250432
773 774 0.0132117 0 -1.42671 0 0 0 0 -1.4135
774 775 0.195081 0 -1.30962 0 0 0 0 -1.11454
775 776 0.0749763 0 -1.23942 0 0 0 0 -1.16445
776 777 0.0604358 0 -1.3208 0 0 0 0 -1.26036
777 778 0.062501 0 -1.32035 0 0 0 0 -1.25785
778 779 0.00970874 0 -0.897037 0 0 0 0 -0.887328
780 781 0.0388576 0 0 0 0 0 0 0.0388576
781 782 0.0099578 0 -1.17748 0 0 0 0 -1.16752
782 783 0.00667518 0 -1.26025 0 0 0 0 -1.25357
783 784 0.000215969 0 -1.39911 0 0 0 0 -1.3989
784 785 0.0783175 0 -1.45175 0 0 0 0 -1.37343
785 786 0.0947051 0 0 0 0 0 0 0.0947051
785 787 0 0 0 0.023349 0 0 0 0.023349
786 787 0.0052781 0 0 0 0 0 0 0.0052781
787 788 0.00593606 0 -0.59726 0 0 0 0 -0.591324
788 789 0.000856156 0 0 0 0 0 0 0.000856156
789 790 0.0589797 0 -1.2453 0 0 0 0 -1.18632
790 791 0.0058058 0 -0 0 0 0 0 0.0058058
791 792 0.0565301 0 -1.35039 0 0 0 0 -1.29386
792 793 0.0297666 0 -1.00603 0 0 0 0 -0.976265
793 794 0.00229084 0 0 0 0 0 0 0.00229084
794 795 0.0756557 0 -1.46626 0 0 0 0 -1.3906
795 796 0.00631807 0 -1.1482 0 0 0 0 -1.14188
796 797 0.0472478 0 0 0 0 0 0 0.0472478
797 798 0.112906 0 0 0 0 0 0 0.112906
798 799 0.0101121 0 -0.650451 0 0 0 0 -0.640339
800 801 0.0115708 0 -1.18655 0 0 0 0 -1.17498
801 802 0.0865507 0 -1.14893 0 0 0 0 -1.06238
802 803 0.00086138 0 -1.31904 0 0 0 0 -1.31818
803 804 0.0256853 0 -1.26463 0 0 0 0 -1.23894
804 805 0.0195299 0 -0.885876 0 0 0 0 -0.866346
805 806 0.198072 0 0 0 0 0 0 0.198072
806 807 0.00289888 0 -0.932621 0 0 0 0 -0.929722
807 808 0.0101021 0 -0 0 0 0 0 0.0101021
808 809 0.0212054 0 -0.765243 0 0 0 0 -0.744038
809 810 0.0287303 0 -0 0 0 0 0 0.0287303
810 811 0.0606306 0 0 0 0 0 0 0.0606306
811 812 0.0100813 0 -1.13773 0 0 0 0 -1.12765
812 813 0.0153275 0 -1.08414 0 0 0 0 -1.06881
813 814 0.0714785 0 -1.1966 0 0 0 0 -1.12512
814 815 0.0139796 0 0 0 0 0 0 0.0139796
815 816 0.0154638 0 0 0 0 0 0 0.0154638
816 817 0.00795942 0.00333541 -0 0 0 0 0 0.0112948
817 818 0.0939808 0 -0 0 0 0 0 0.0939808
818 819 0.00361911 0 -1.39441 0 0 0 0 -1.39079
820 821 0.00395018 0 -0 0 0 0 0 0.00395018
821 822 0.00634784 0 0 0 0 0 0 0.00634784
822 823 0.0527188 0 0 0 0 0 0 0.0527188
823 824 0.00869577 0 -1.16346 0 0 0 0 -1.15476
824 825 0.352764 0 -1.28035 0 0 0 0 -0.927586
825 826 0.199072 0 0 0 0 0 0 0.199072
826 827 0.0138573 0 -0 0 0 0 0 0.0138573
827 828 0.0211548 0 -1.1904 0 0 0 0 -1.16924
828 829 0.000668551 0 -0.93921 0 0 0 0 -0.938542
829 830 0.000128914 0 -0.830825 0 0 0 0 -0.830696
830 831 0.0103849 0 -1.34534 0 0 0 0 -1.33495
831 832 0.0097905 0 -0.958421 0 0 0 0 -0.94863
832 833 0.0655382 0 -0.604351 0 0 0 0 -0.538812
833 834 0.0569293 0 -1.33022 0 0 0 0 -1.2733
834 835 0.00406286 0 0 0 0 0 0 0.00406286
835 836 0.00586602 0 -1.07762 0 0 0 0 -1.07175
836 837 0.0667432 0 -1.23578 0 0 0 0 -1.16903
837 838 0.00159839 0 0 0 0 0 0 0.00159839
838 839 0.0568549 0 0 0 0 0 0 0.0568549
840 841 0.123653 0 0 0 0 0 0 0.123653
841 842 0.19808 0 0 0 0 0 0 0.19808
842 843 0.00630283 0 0 0 0 0 0 0.00630283
843 844 2.57345e-05 0 -1.33191 0 0 0 0 -1.33189
844 845 0.00143008 0 -1.05732 0 0 0 0 -1.05589
845 846 0.0129923 0 -1.16496 0 0 0 0 -1.15196
846 847 0.0166811 0 0 0 0 0 0 0.0166811
847 848 0.0898622 0 -1.26652 0 0 0 0 -1.17666
848 849 0.00697367 0 -1.04061 0 0 0 0 -1.03364
849 850 0.0557144 0 -0.958109 0 0 0 0 -0.902395
850 851 0.092725 0 -1.2188 0 0 0 0 -1.12608
851 852 0.216397 0 -1.0904 0 0 0 0 -0.874004
852 853 0.12769 0 -1.18623 0 0 0 0 -1.05854
853 854 0.0217588 0 -1.44224 0 0 0 0 -1.42048
854 855 0.00132112 0 0 0 0 0 0 0.00132112
855 856 0.0292344 0 -1.37978 0 0 0 0 -1.35055
856 857 0.165509 0 0 0 0 0 0 0.165509
857 858 0.0122665 0 0 0 0 0 0 0.0122665
858 859 0.0494297 0 -1.11915 0 0 0 0 -1.06972
860 861 0.0574889 0 -1.2092 0 0 0 0 -1.15171
861 862 0.0116331 0 -0.854529 0 0 0 0 -0.842896
862 863 0.00255969 0 -1.39834 0 0 0 0 -1.39578
863 864 0.0344441 0 0 0 0 0 0 0.0344441
864 865 0.02297 0 -1.30577 0 0 0 0 -1.2828
865 866 0.0292656 0 -1.16653 0 0 0 0 -1.13726
866 867 0.245255 0 -1.2181 0 0 0 0 -0.972847
867 868 0.0173113 0 -1.06691 0 0 0 0 -1.0496
868 869 3.27451e-05 0 -0.816925 0 0 0 0 -0.816892
869 870 0.0531969 0 -1.0531 0 0 0 0 -0.999901
870 871 0.204045 0 0 0 0 0 0 0.204045
871 872 0.00413846 0 -1.12002 0 0 0 0 -1.11588
872 873 0.00957839 0 0 0 0 0 0 0.00957839
873 874 0.00284546 0 -0.314312 0 0 0 0 -0.311467
874 875 0.0524561 0 0 0 0 0 0 0.0524561
875 876 0.0332061 0 0 0 0 0 0 0.0332061
876 877 0.00297449 0 -0 0 0 0 0 0.00297449
877 878 0.00651035 0 0 0 0 0 0 0.00651035
878 879 1.8896e-06 0 -0.481279 0 0 0 0 -0.481277
880 881 0.0479036 0 -0.00274535 0 0 0 0 0.0451582
881 882 0.0284257 0 -1.13528 0 0 0 0 -1.10685
882 883 0.0171329 0 -1.29766 0 0 0 0 -1.28053
883 884 0.00314081 0 -1.39484 0 0 0 0 -1.39169
884 885 0.0770737 0 0 0 0 0 0 0.0770737
885 886 0.0423563 0 0 0 0 0 0 0.0423563
886 887 0.266442 0 0 0 0 0 0 0.266442
887 888 0.0238565 0 -1.15869 0 0 0 0 -1.13484
888 889 0.0446466 0 0 0 0 0 0 0.0446466
889 890 0.0395342 0 -1.33115 0 0 0 0 -1.29161
890 891 0.056968 0 -0.0158706 0 0 0 0 0.0410974
891 892 0.0128943 0 0 0 0 0 0 0.0128943
892 893 0.0248002 0 -1.35213 0 0 0 0 -1.32733
893 894 0.0232934 0 -0.773749 0 0 0 0 -0.750455
894 895 0.00624467 0 0 0 0 0 0 0.00624467
895 896 0.00174993 0 -1.3957 0 0 0 0 -1.39395
896 897 0.000823287 0 -0.972558 0 0 0 0 -0.971735
897 898 0.431092 0 -1.31317 0 0 0 0 -0.882074
898 899 0.0610814 0 -1.38512 0 0 0 0 -1.32404
900 901 0.00248065 0 -0 0 0 0 0 0.00248065
901 902 0.0773994 0 0 0 0 0 0 0.0773994
902 903 0.0161855 0 -0.654938 0 0 0 0 -0.638753
903 904 0.00432121 0 -1.32742 0 0 0 0 -1.3231
904 905 0.0272597 0 -1.33919 0 0 0 0 -1.31193
905 906 0.0011107 0 0 0 0 0 0 0.0011107
906 907 0.0389754 0 -1.29534 0 0 0 0 -1.25636
907 908 0.0108805 0 -1.24867 0 0 0 0 -1.23779
908 909 0.0823468 0 0 0 0 0 0 0.0823468
909 910 0.103785 0 -1.05086 0 0 0 0 -0.947073
910 911 0.0352211 0 -1.38452 0 0 0 0 -1.3493
911 912 0.0625956 0 -1.33645 0 0 0 0 -1.27386
912 913 0.155823 0 0 0 0 0 0 0.155823
913 914 0.120014 0 -1.04349 0 0 0 0 -0.923475
914 915 0.0371676 0 -1.38093 0 0 0 0 -1.34376
915 916 0.121399 0 -0.849369 0 0 0 0 -0.72797
916 917 0.0831041 0 -1.31726 0 0 0 0 -1.23416
917 918 5.64418e-06 0 0 0 0 0 0 5.64418e-06
918 919 0.0781676 0 -0.602259 0 0 0 0 -0.524091
920 921 0.0624908 0 -0.796879 0 0 0 0 -0.734388
921 922 0.000250056 0 0 0 0 0 0 0.000250056
922 923 7.44817e-06 0 -1.25406 0 0 0 0 -1.25406
923 924 0.0568211 0 0 0 0 0 0 0.0568211
924 925 0.078769 0 -0.956131 0 0 0 0 -0.877362
925 926 0.00645695 0 -0.600182 0 0 0 0 -0.593725
926 927 0.0307309 0 -0.824402 0 0 0 0 -0.793671
927 928 0.0307407 0 0 0 0 0 0 0.0307407
928 929 0.0501982 0 0 0 0 0 0 0.0501982
929 930 0.0184099 0 -1.42649 0 0 0 0 -1.40808
930 931 0.136893 0 0 0 0 0 0 0.136893
931 932 0.0232786 0 -1.45687 0 0 0 0 -1.4336
932 933 0.00191052 0 -1.38369 0 0 0 0 -1.38178
933 934 0.150488 0 -1.09 0 0 0 0 -0.939508
934 935 0.0190922 0 -0 0 0 0 0 0.0190922
935 936 0.0243516 0 0 0 0 0 0 0.0243516
936 937 0.00246327 0 0 0 0 0 0 0.00246327
937 938 0.0241648 0 0 0 0 0 0 0.0241648
938 939 0.0480687 0 -0.966322 0 0 0 0 -0.918253
940 941 0.0687449 0 -1.19152 0 0 0 0 -1.12278
941 942 0.103098 0 -1.30677 0 0 0 0 -1.20367
942 943 0.0388933 0 -0.941299 0 0 0 0 -0.902406
943 944 0.00767577 0 0 0 0 0 0 0.00767577
944 945 0.000113752 0 0 0 0 0 0 0.000113752
945 946 0.00310243 0 0 0 0 0 0 0.00310243
946 947 0.00130046 0 -1.4143 0 0 0 0 -1.413
947 948 0.0583307 0 0 0 0 0 0 0.0583307
948 949 0.00804971 0 0 0 0 0 0 0.00804971
949 950 0.280893 0 -0 0 0 0 0 0.280893
950 951 0.0823316 0 -1.1309 0 0 0 0 -1.04857
951 952 0.0224228 0 -1.28948 0 0 0 0 -1.26706
952 953 0.0979695 0 -1.14226 0 0 0 0 -1.04429
953 954 0.144507 0 0 0 0 0 0 0.144507
954 955 0.000422069 0 -1.25581 0 0 0 0 -1.25539
955 956 0.0122219 0 0 0 0 0 0 0.0122219
956 957 0.148846 0 0 0 0 0 0 0.148846
957 958 0.00225796 0 -1.09638 0 0 0 0 -1.09412
958 959 0.00738101 0 -1.04932 0 0 0 0 -1.04193
960 961 0.00140756 0 -1.30543 0 0 0 0 -1.30402
961 962 0.0840681 0 0 0 0 0 0 0.0840681
962 963 0.02037 0 0 0 0 0 0 0.02037
963 964 0.116032 0 -1.21444 0 0 0 0 -1.09841
964 965 4.03359e-05 0 -0.992926 0 0 0 0 -0.992886
965 966 0.240213 0 0 0 0 0 0 0.240213
966 967 0.000401894 0 -1.40143 0 0 0 0 -1.40103
967 968 0.0767874 0 -1.15243 0 0 0 0 -1.07565
968 969 0.0356839 0 -1.07344 0 0 0 0 -1.03776
969 970 0.00322106 0 -1.00219 0 0 0 0 -0.998973
970 971 0.00558929 0 -1.23203 0 0 0 0 -1.22644
971 972 0.0345432 0 -1.16514 0 0 0 0 -1.1306
972 973 0.0122399 0 -0 0 0 0 0 0.0122399
973 974 0.0196929 0 -1.0366 0 0 0 0 -1.01691
974 975 0.0019902 0 -0.964242 0 0 0 0 -0.962252
975 976 0.13649 0 -1.1908 0 0 0 0 -1.05431
961 977 0 0 0 0 0 -1.20163e-05 0 -1.20163e-05
976 977 0.00633454 0 -0 0 0 0 0 0.00633454
977 978 0.00217193 0 0 0 0 0 0 0.00217193
978 979 0.0109853 0 0 0 0 0 0 0.0109853
980 981 0.0585755 0 -1.24873 0 0 0 0 -1.19016
981 982 0.0152595 0 -1.35637 0 0 0 0 -1.34111
982 983 0.017862 0 -1.36555 0 0 0 0 -1.34769
983 984 0.00605596 0 -0 0 0 0 0 0.00605596
984 985 0.00055048 0 -0 0 0 0 0 0.00055048
985 986 0.0713858 0 -1.3012 0 0 0 0 -1.22981
983 987 0 0 0 0 0 -0.0946124 -0 -0.0946124
984 987 0 0 0 0 0 -0.0184089 0 -0.0184089
986 987 0.0591746 0 -1.38132 0 0 0 0 -1.32214
983 988 0 0 0 0 -0.732345 0 -0 -0.732345
982 988 0 0 0 0 -5.44319e-29 -0.192049 0 -0.192049
987 988 0.0227934 0 -1.25735 0 0 0 0 -1.23456
983 989 0 0 0 0 -0 -0.196407 0 -0.196407
982 989 0 0 0 0 -0.641922 0 -0 -0.641922
981 989 0 0 0 0 0 -0.146359 -0 -0.146359
988 989 0.000818507 0 -1.28004 0 0 0 0 -1.27923
989 990 0.0136139 0 0 0 0 0 0 0.0136139
990 991 0.0953328 0 0 0 0 0 0 0.0953328
991 992 0.00337399 0 0 0 0 0 0 0.00337399
992 993 0.175088 0 -1.2509 0 0 0 0 -1.07581
993 994 0.121623 0 -0.621442 0 0 0 0 -0.499819
994 995 0.0199904 0 -1.01817 0 0 0 0 -0.998177
995 996 8.45379e-06 0 -1.12389 0 0 0 0 -1.12388
996 997 1.25937e-05 0 -1.27592 0 0 0 0 -1.27591
997 998 0.0235228 0 -1.12948 0 0 0 0 -1.10596
998 999 5.91433e-05 0 0 0 0 0 0 5.91433e-05
#Total energy per particle is  -0.617444 and should be -0.61744410
