t = 200000
b = 100 100 100
E = -0.556537558082345 -0.556537558082345 0
237.787735852646 68.73000014452 -72.5227707427603 0.59645332837343 -0.80204797671613 0.0310237025162898 -0.709159400543917 -0.508483829389763 0.488402641136711 0 0 0 0 0 0
237.556685512894 68.307418389895 -72.5046209738305 0.675499544383981 -0.198761346255697 0.710066400255397 -0.584913446293276 -0.730793862872798 0.351875816635325 0 0 0 0 0 0
237.613277402644 67.8478286314212 -72.529201497149 -0.0135201439137353 0.204488820352275 0.9787755248572 -0.723949379344826 -0.677206944929414 0.131484029013454 0 0 0 0 0 0
236.979507844024 67.4860304243716 -72.9294044385014 0.147751478097851 -0.51542932911429 0.844098399126958 -0.794997429454419 -0.569598170780675 -0.208655244372566 0 0 0 0 0 0
236.849437572047 67.6584783830036 -74.0495111927829 0.812361200127329 -0.427960159232592 -0.396130512126117 0.519992358574363 0.224116838346403 0.824244860338166 0 0 0 0 0 0
236.460520766877 67.4714300783964 -74.8830221227257 -0.483826842678249 -0.178818558731957 -0.856700361478284 -0.570123460730974 -0.678286257773443 0.463559049140276 0 0 0 0 0 0
235.956447552879 67.263593654217 -74.7302331478427 -0.0361174563658171 -0.318215245962922 -0.947330241564377 -0.772250453028107 -0.592780511680399 0.228561813892453 0 0 0 0 0 0
235.523291361104 66.8771043830375 -74.6486943173437 0.118436497740773 0.0168916846648622 -0.992817942521227 -0.650206234968392 -0.754360473249761 -0.0903998252577136 0 0 0 0 0 0
235.317625226869 66.3200164451061 -74.1437199909159 -0.907286314223243 0.317890361789157 -0.275276700620961 -0.343935548307694 -0.93761721588789 0.0508162875555379 0 0 0 0 0 0
235.018156624091 65.9905768353215 -74.1440627994551 -0.37136375422492 0.341562330015453 -0.863379485951796 -0.222572159578339 -0.935513539676102 -0.274364813457056 0 0 0 0 0 0
234.645311447921 65.7216499287331 -74.2622255354426 0.495066760951438 -0.0106229985895111 -0.868789994246031 -0.130223452863836 -0.989537590718906 -0.062106431860513 0 0 0 0 0 0
234.750973062316 65.118407324388 -73.137340473684 0.809228487853262 0.11121281746603 0.576871704695239 -0.586042461462018 0.0838257664908016 0.805932673512974 0 0 0 0 0 0
234.500831875861 64.8672884258949 -72.8451670476697 0.513141999570812 0.794926442195029 0.32369312593199 -0.403773050596396 -0.109221118707207 0.908316063295385 0 0 0 0 0 0
234.48846603632 64.9415962807119 -72.3734847308675 0.217669235087302 0.974138259497352 -0.0606197614642141 -0.369182413582669 0.139669293389925 0.918801846964423 0 0 0 0 0 0
234.519064647997 65.1536230765116 -71.9178742853892 -0.399947842138891 0.732752913782223 -0.550558707961382 -0.641566162886986 0.205166548417435 0.739120792596816 0 0 0 0 0 0
234.85784761686 65.6686439502761 -71.1786312169539 0.238782487081816 -0.0425113568655665 0.97014210732267 0.962081731044659 0.145993267444892 -0.230401190645526 0 0 0 0 0 0
235.307280552481 66.0211747824769 -71.0900671839051 0.100749958465249 -0.660062273487765 0.744424100219367 0.994669956019703 0.0503290525791526 -0.0899925833513375 0 0 0 0 0 0
235.751667027365 66.085561988396 -70.8674880983457 -0.00641766224029975 -0.992577191936843 -0.121446826463854 0.999504365342165 -0.00262405405304689 -0.0313709738816546 0 0 0 0 0 0
236.190029877955 65.935083200104 -70.6130122602055 0.0147311714811559 -0.497724295935351 -0.867210192411535 0.99906607769743 -0.0279067123103056 0.0329876916789146 0 0 0 0 0 0
236.536352224356 65.6129882954757 -70.5036346934331 0.247527436858805 0.425274067835272 -0.870558519129502 0.962509271761488 -0.00505686689687802 0.271201640611478 0 0 0 0 0 0
-345.104603653522 217.93383916505 284.751137974825 -0.479089388008942 -0.820440010347583 0.312012095467589 -0.103479130159578 -0.300191985295898 -0.948249356227319 0 0 0 0 0 0
-345.250940155329 217.654374408456 284.229131313236 -0.718937670522199 -0.518009495557281 0.463459586605569 -0.240794988710848 -0.439871850771389 -0.865176587934911 0 0 0 0 0 0
-344.737364627594 218.088086132912 283.365189445441 -0.533313320382861 -0.601371104448361 -0.594919908085757 0.245623964200905 0.562895466855512 -0.789187912732923 0 0 0 0 0 0
-344.208720703194 218.920939143127 283.607822279015 -0.21372655679077 0.239200618530208 0.94715575435993 0.917349763098877 -0.284178256153564 0.278768956076449 0 0 0 0 0 0
-343.880183825287 219.231420289197 282.972022431105 -0.891041584960089 0.0437086949367403 -0.451812398965255 -0.306919351460675 -0.791353368626994 0.528734676053753 0 0 0 0 0 0
-343.55396190728 219.916671358066 282.30961836431 0.389588156091307 0.715431010991384 -0.57998235933968 -0.499562641941748 0.693203270699859 0.51952516037936 0 0 0 0 0 0
-343.516474869059 220.294116104843 282.573996961942 -0.470503443135209 0.269560455574308 -0.840216442822018 -0.457782612670255 0.739464862991117 0.493585652079073 0 0 0 0 0 0
-343.508331508095 220.784206680498 282.563574991765 -0.900338804240996 -0.388464442395997 -0.196176998070265 -0.434330664850741 0.773776327139638 0.46111502808801 0 0 0 0 0 0
-342.341963468298 220.492158526253 282.150789648454 0.846866383213902 -0.51452472407452 0.134467978709596 -0.413851042629919 -0.796411105324076 -0.440972409375704 0 0 0 0 0 0
-342.21205305204 220.214286328508 281.821252913544 0.0232754404292979 -0.633532607840433 0.773365818145412 -0.513336272836013 -0.671382018574872 -0.534539106263669 0 0 0 0 0 0
-341.668532471379 221.281087473931 281.264461626943 -0.00428296638109525 0.976681087459218 0.214652532243293 -0.73238117612356 -0.149219270085966 0.664342849961435 0 0 0 0 0 0
-342.628318045989 221.435020865331 281.098404881193 -0.949854198752803 0.145834076901277 0.276603367886263 0.311965065863912 0.381632695749142 0.870077170839327 0 0 0 0 0 0
-342.595583927811 221.893712787539 281.371629100705 -0.539975733310399 -0.598890763211714 0.591401776439324 0.403603231407579 0.432352435275458 0.806334796042401 0 0 0 0 0 0
-343.232253964698 221.746619155587 280.69566617508 -0.609933352124583 -0.780686566473294 0.13605069236946 0.699597984231074 -0.449830610706098 0.555171218752916 0 0 0 0 0 0
-343.719059162561 222.54453360503 280.643040240796 -0.559620343334899 -0.00567552424677513 0.828729666266542 -0.781911042735642 0.335027783876215 -0.52571047666853 0 0 0 0 0 0
-344.204968275982 222.493428616167 280.4699272909 -0.0792147522785315 0.700973463538102 0.708774453854573 -0.623460237958162 0.51995085919066 -0.583907900025378 0 0 0 0 0 0
-343.627603816143 221.346337335682 279.850158578418 0.317981485751585 -0.744833157564152 -0.586610042628175 -0.246464559601648 -0.662391717916472 0.707454898135585 0 0 0 0 0 0
-344.673246250699 221.655168798295 279.38886024719 -0.760257362378102 0.381203256353178 -0.526015988631168 -0.639141615532468 -0.583789013599921 0.500687909674857 0 0 0 0 0 0
-345.071656620298 221.622142727614 279.731048188545 -0.459030016099551 0.105097695958427 -0.882182474675096 -0.78241742795222 -0.518201906851737 0.345383485667534 0 0 0 0 0 0
-345.480361608037 221.659086979729 280.015120336599 0.00414934710932843 -0.558066546641389 -0.829785823232911 -0.48530650087458 -0.726646458755092 0.486274124530142 0 0 0 0 0 0
-263.425969861207 -8.02479014532898 43.7487930969313 0.122698504712589 0.423035177374826 0.897767406205385 -0.404278821789164 -0.804840426320351 0.434500313478876 0 0 0 0 0 0
-262.688973024328 -8.46265903754697 43.3337835879893 0.476883238881823 0.413197668389805 -0.775789960821104 0.640648411815822 -0.767686448998452 -0.0150707817319647 0 0 0 0 0 0
-262.977762243882 -8.51035302065925 44.5703333909228 0.814776280300446 0.00312946158550428 0.579767039016496 -0.498971830649837 -0.50543939646133 0.703958897040699 0 0 0 0 0 0
-262.947032901406 -8.91065145508711 44.7025507273181 0.07234288688053 0.535805683307617 0.84123645692103 -0.264203973809432 -0.803020633190136 0.534185476116881 0 0 0 0 0 0
-262.723917638604 -9.24257292007817 44.9988401950368 -0.799481043142867 0.485170571339878 0.354174502697369 -0.261214219200896 -0.811744903778983 0.522338341380484 0 0 0 0 0 0
-261.673034551586 -9.73184121277482 45.3008520768765 0.909144333476181 -0.164426770757707 -0.382649210068889 0.0432820765518915 0.951093448760251 -0.305856034066173 0 0 0 0 0 0
-262.275588322499 -9.98534742311372 45.8830316584429 0.682655548938172 0.483287205661895 0.548101157038954 -0.195548220166519 0.843526360666778 -0.500224122219198 0 0 0 0 0 0
-262.731124079143 -9.84378019113321 46.1003511416533 0.807906792138403 -0.415200951619087 0.418204238370728 0.46670836291672 0.0174968296774131 -0.884238183373029 0 0 0 0 0 0
-263.418594977031 -8.78327479705686 46.0550559191727 -0.171267255577204 0.902299928491123 -0.395629076550205 -0.350974551399855 -0.43109455965661 -0.831248666106686 0 0 0 0 0 0
-263.874879759374 -8.83975106296062 45.905655502664 0.522313872201086 0.506300705809222 -0.686183513503051 -0.491780662367562 -0.478539981966482 -0.727427842318976 0 0 0 0 0 0
-264.282312509288 -8.71092332945553 45.5694756246867 0.807128455203888 -0.336925707745482 -0.484793486198393 -0.590142877022932 -0.437376571440742 -0.678552223085178 0 0 0 0 0 0
-264.907517123011 -9.29266758557395 45.3101630147816 0.346139185716784 -0.428110967965888 -0.834810555287026 0.524205146405832 -0.649705971406034 0.550537115189323 0 0 0 0 0 0
-264.92093693803 -9.78501129863488 45.476944502265 0.78565481464567 0.224812006798016 -0.576373207065984 0.594476875286807 -0.532289904585168 0.602714445011854 0 0 0 0 0 0
-265.165372222289 -9.61348945274091 46.3824020622203 -0.849873767574215 0.469119641997349 0.240086110971646 -0.449689192228886 -0.883116262967575 0.133735920659771 0 0 0 0 0 0
-265.35417516137 -9.83735811907316 46.752915134302 -0.645037589368628 -0.00793682255331684 -0.764109622468705 -0.201030958667127 -0.962960109932778 0.179706372551526 0 0 0 0 0 0
-265.661067226248 -10.2848393016942 46.7748721543956 -0.159935988468309 0.266897507418416 -0.950361089337364 -0.370506886885924 -0.908596014228326 -0.192815792139804 0 0 0 0 0 0
-265.071768158317 -10.0283654550002 48.0935545960543 0.529486373756389 -0.127608685423221 0.838665728053118 -0.172999181871366 -0.984088368595927 -0.0405137737818293 0 0 0 0 0 0
-264.999336707142 -9.48309145399566 48.0277347377597 0.0282407685765061 -0.276269551124395 0.960665183147455 0.175916431895633 0.94742259548652 0.267289795073991 0 0 0 0 0 0
-265.216234439918 -9.18575626585705 48.2482922177569 0.842411691390705 -0.0777920595500726 0.533189401319278 0.0367528418451068 0.99551459856498 0.0871774779419297 0 0 0 0 0 0
-266.102498555544 -8.88776411135372 48.0758190970011 -0.380245041995831 -0.892674986662838 -0.241960898130445 -0.489385201749396 0.416180183454849 -0.766352516279676 0 0 0 0 0 0
-218.182155029595 -115.434301941595 -263.460029306257 -0.1597916177833 0.533197743469513 -0.83076278518312 0.654575692714466 0.687180385993051 0.315140888514676 0 0 0 0 0 0
-217.73998199993 -115.260178780874 -263.527638442574 -0.662658218019296 0.747061051161507 -0.0527624101890419 0.675823745119901 0.626851933278029 0.387709839026183 0 0 0 0 0 0
-217.024725126922 -115.973526692619 -263.186116575313 0.000373806089998292 0.242326643287007 0.970194649656583 -0.922854821296502 0.373751996380835 -0.092996903234147 0 0 0 0 0 0
-217.20132090986 -116.983732705422 -263.464275668855 -0.746157309359371 -0.655541431154572 0.116252749341252 0.386896850895503 -0.569053832349374 -0.725595316037551 0 0 0 0 0 0
-216.990088393802 -117.401795146044 -263.633801060229 -0.956419984106024 -0.252282557090227 -0.147018112457783 0.263981541571936 -0.531874133693095 -0.804626404996458 0 0 0 0 0 0
-217.054413739949 -117.869771593174 -263.930094475393 -0.879494583187575 0.358376730997773 -0.313137983679822 -0.09358372304009 -0.775366403308443 -0.6245390519435 0 0 0 0 0 0
-217.347518523885 -118.266452781354 -263.949743888096 -0.115964719658135 0.509126400655338 -0.85284376760949 -0.0351584523861682 -0.86020268817359 -0.50873885096849 0 0 0 0 0 0
-217.577303803819 -118.538381579202 -264.293972108727 0.552828406019433 0.517819800378598 -0.652873194298772 0.03311779590441 -0.79651790045404 -0.60370725177914 0 0 0 0 0 0
-217.605119244233 -118.714828161435 -264.775864041685 0.972295656885231 0.203667344281841 -0.114720392586926 0.109448537003594 -0.830305049013853 -0.546456350800205 0 0 0 0 0 0
-217.493449193246 -118.956580202779 -265.192355857669 0.6554875928188 -0.216842195263057 0.723405472756541 0.110428908651233 -0.920075077201145 -0.375855435569855 0 0 0 0 0 0
-217.074213128435 -119.554223774991 -265.549418648354 0.26352146798308 -0.758864016392283 0.595551711052043 0.877110579794998 -0.068491553626677 -0.475379782798434 0 0 0 0 0 0
-216.636813048672 -119.701845940638 -266.420534823385 0.752006253648132 0.583562850544418 -0.306497950953307 0.516978042393755 -0.233694746826944 0.823480703470465 0 0 0 0 0 0
-218.021377634154 -119.894097330508 -266.570626092285 -0.916543163279203 -0.376363201454199 0.135275165633967 -0.251242106094427 0.278672813097676 -0.926940595381098 0 0 0 0 0 0
-218.092744228394 -119.86819602283 -267.085101869166 -0.913398643332869 -0.209000580490193 0.349316011245456 -0.384547502578675 0.161564274239848 -0.908856536286038 0 0 0 0 0 0
-218.301345341313 -120.003460564695 -267.546351248029 -0.808804372975685 0.437625283921387 0.392835330804314 -0.272395421054958 0.313228555699036 -0.909773931525293 0 0 0 0 0 0
-218.64817856896 -120.054572897635 -267.945695922279 0.0893789332134837 0.967708676586848 0.235693282798113 -0.15045318393758 0.247042832944739 -0.957253194371104 0 0 0 0 0 0
-218.965956862276 -119.932335366987 -268.256256419877 0.882647981603894 0.434225388152376 -0.17994680562458 -0.223122241292559 0.0501120010963273 -0.97350154226211 0 0 0 0 0 0
-219.230641826775 -119.912264069515 -268.605436695801 0.903421132544675 -0.217318597559539 0.369598274382406 -0.406727407470199 -0.16163793327955 0.899136249151199 0 0 0 0 0 0
-220.28347624658 -119.80842324215 -269.094711694118 -0.753205775354556 -0.397458212758991 0.524125966808525 -0.298557373636778 0.916570543806317 0.266011151784472 0 0 0 0 0 0
-220.085110431668 -119.166885221 -269.146984144295 0.0745964257660013 -0.466496624861939 0.881371812718876 -0.613036831817762 -0.718552295843552 -0.328433312824387 0 0 0 0 0 0
110.074807345317 101.755976698843 84.3305334310272 0.459030759134037 -0.599494654048543 0.655665251432503 0.817407261706927 0.574111883658178 -0.047338288427481 0 0 0 0 0 0
110.036199996386 102.079953225573 83.1050092523782 0.0566356852686858 -0.694959760792561 -0.716814711088781 -0.083027581632355 -0.718758601580742 0.690284356871846 0 0 0 0 0 0
109.860701627379 101.702322726917 83.1820936502397 0.836258750809512 -0.388457346633933 -0.387004123415552 -0.0353071146161406 -0.74246226491027 0.668956794450729 0 0 0 0 0 0
109.287180917898 101.325411439972 82.8371711724686 -0.850618996406424 0.127266993684137 -0.510147464240616 -0.213231337620827 -0.970391624789885 0.113457001520748 0 0 0 0 0 0
108.905167229649 101.054436426994 83.0654680414881 0.116989120821043 -0.352177228707831 -0.928592884524317 -0.20213269487316 -0.923885956051895 0.324926320684229 0 0 0 0 0 0
108.167719380506 100.547892923919 83.1169771704281 0.0271330829037691 -0.745038946520216 -0.666468876977901 -0.834525950468339 -0.383910658634822 0.395194944529269 0 0 0 0 0 0
107.731363469956 100.432826356954 83.0436389806999 0.353423452700178 -0.932467690409426 0.0748055440725913 -0.856973670819614 -0.29066938280416 0.425567194955397 0 0 0 0 0 0
107.013185318726 100.995128822817 82.3096886128943 -0.732528029644909 0.663953287189699 -0.150228886085666 -0.629661421790307 -0.744730516255062 -0.221140118629521 0 0 0 0 0 0
108.086176634676 101.340040702375 81.9548628376418 0.73781595976548 0.636596117547627 0.224439284971753 -0.218865160932188 0.540158351227832 -0.812605068239768 0 0 0 0 0 0
107.931874864492 101.712200406366 81.7584847068267 0.977915170864023 -0.0408434437825967 -0.204972514484179 -0.179431773525234 0.338832635087735 -0.923578195958031 0 0 0 0 0 0
107.948071409772 102.091102096262 81.4307199412864 0.487335033980804 -0.818134365921037 -0.305222417187717 -0.0836381177309121 0.304198110457144 -0.94893001578448 0 0 0 0 0 0
108.211799172979 102.279353965559 80.9775533499238 -0.213894752859103 -0.951432402889521 -0.221416840893405 -0.117582885110383 0.250090681425618 -0.961056146223096 0 0 0 0 0 0
108.206872335504 102.304073357249 80.4034749202939 -0.442123711484339 -0.896186430126514 0.037101296478798 -0.315605424127995 0.116715565567107 -0.941685028560686 0 0 0 0 0 0
109.017137069797 102.92776239092 80.4156770609237 0.491151453746541 -0.54531959991989 -0.679261940215901 0.417576841838776 0.831754278960207 -0.365806507037998 0 0 0 0 0 0
108.761558566886 103.945428487022 81.0651607559082 -0.209510912286135 0.812004994184127 -0.544750463104959 -0.697144841216524 -0.51469290244595 -0.49907943910459 0 0 0 0 0 0
108.294197927307 103.809467078455 80.7810133166574 0.377305362901061 0.827204848442273 -0.416380597338174 -0.640584006278296 -0.0915805697373627 -0.762407456775593 0 0 0 0 0 0
107.421870022317 104.036942412849 80.7865636648738 -0.414627793935268 0.754133133498481 0.509280874818735 0.164440369948833 0.612534042849329 -0.773150315968213 0 0 0 0 0 0
107.153443805855 104.263974958593 80.4839420092847 0.506005666687642 0.805413525521232 0.308654042882083 0.14342951240716 0.274293591250487 -0.950889583900021 0 0 0 0 0 0
107.132820130685 104.613649700818 80.051574084471 0.755919106842745 0.449794661277529 0.475679583959938 0.197283721216216 0.536312615798001 -0.820638721654656 0 0 0 0 0 0
106.229988948121 104.246701605216 78.9304487345894 -0.608131562210043 -0.58800977069486 -0.53331089676787 0.278509914348696 0.4710732209187 -0.836972071303914 0 0 0 0 0 0
212.140398864843 260.560220061411 -30.0695662935685 -0.806404357779373 0.59106398603207 0.0188514235620881 0.0475837178746591 0.0330792887982817 0.99831936295247 0 0 0 0 0 0
212.143929959173 260.807743905724 -29.7199215991442 -0.966349584231187 -0.257184159953216 0.00497884779559326 0.00391586355182621 0.00464516473826598 0.999981544058288 0 0 0 0 0 0
211.996804328837 260.942370470601 -29.2617920039751 -0.731542378405816 -0.649939965255482 -0.205970362334156 -0.290521657035976 0.0238539262495538 0.956571041269571 0 0 0 0 0 0
211.652541783502 260.975765061348 -28.8875412103552 -0.106927538935429 -0.968691919535438 -0.224059069095542 -0.264046096343827 -0.189592957519263 0.945692428575319 0 0 0 0 0 0
211.152119792903 261.038167703514 -28.0517399545661 -0.627832559254694 -0.778318415265049 -0.00683534922324852 -0.5051764127785 0.400789563422634 0.764306560107749 0 0 0 0 0 0
210.746915628641 261.180351178939 -27.920704203221 0.097248872222839 -0.758616320544806 0.644239035649382 -0.611310883353608 0.46528174681705 0.64016552544815 0 0 0 0 0 0
210.276655105554 261.197137946435 -27.6723817701452 0.77634348570932 0.0437810022447751 0.628787735280473 -0.568977578217069 0.47791963240218 0.669221443507905 0 0 0 0 0 0
210.106060079286 261.089453476334 -27.2776609151912 0.480154714622312 0.863178494955193 0.1561228230364 -0.835147190069715 0.39540889150485 0.382336212563715 0 0 0 0 0 0
209.32388389685 259.965927133986 -27.3043532239184 -0.365782483327146 -0.775195490203014 0.515048664555045 0.62836672265904 0.202532460703445 0.751089784390751 0 0 0 0 0 0
209.213554035185 259.823453161274 -28.277097251558 -0.850008605640247 -0.525164533990709 -0.0410801968817593 -0.505974134460662 0.835662503685389 -0.213678157964381 0 0 0 0 0 0
208.815042709404 260.062558851324 -28.626810597691 -0.642582735624471 -0.490341999566343 0.588771731096741 -0.721946597866341 0.644871594995631 -0.250865971779766 0 0 0 0 0 0
208.401373360504 260.086235393955 -28.8921968478366 -0.258324442858078 0.249201953353806 0.933363202974443 -0.694318496889542 0.623882510507284 -0.358737282645916 0 0 0 0 0 0
207.498910388849 260.354537103855 -28.841431381192 -0.649692986622869 0.634815341437731 0.418220642016094 0.735451367116848 0.664101301916283 0.134464669705676 0 0 0 0 0 0
207.539299761758 259.551839450505 -28.7219536379587 0.859778523083277 -0.018042221232507 0.510348282546083 -0.375299185480919 -0.700055355644668 0.607513802650258 0 0 0 0 0 0
207.742308715661 258.99910938667 -28.8715280601461 0.352547954829067 0.0698975436735497 0.933179657372709 -0.842244743584717 0.458305965576339 0.283865168382903 0 0 0 0 0 0
207.344673146758 259.086134222303 -28.5501893722576 0.646412953094385 0.654086895805145 0.392836641376269 -0.761811650799266 0.524720435253105 0.379883499950035 0 0 0 0 0 0
206.61994942179 259.127623514892 -28.4058223930695 0.71071809649948 0.435712799191954 0.552298962454637 -0.684874931881809 0.249206540929098 0.684720693157467 0 0 0 0 0 0
205.219608514228 258.630635401943 -28.6174340324088 -0.939358218904601 0.115345876054608 0.322957374050463 -0.333606767400767 -0.525536792173725 -0.782635039348585 0 0 0 0 0 0
205.004829588872 258.258240047649 -28.6843641533803 -0.462007542253125 0.735600249540134 -0.495420330404113 -0.0513631347617384 -0.579868275062 -0.813089547321861 0 0 0 0 0 0
204.614841650303 258.052853929765 -29.0548919098526 0.401682002412631 0.663636855030713 -0.631060768534001 -0.0131550708706401 -0.684844536805113 -0.728570452680164 0 0 0 0 0 0
61.9260205167396 215.252959582151 -268.359748349499 0.889058793313384 0.374367111049453 -0.263483829098935 -0.268862627594436 -0.0388411585329113 -0.962395060194532 0 0 0 0 0 0
60.9044458163111 215.364513973557 -268.444335560936 0.117860678583924 0.26605384807693 -0.956725775950034 -0.831357787447414 0.553349568293466 0.0514634289566527 0 0 0 0 0 0
60.7067517926592 215.826276147668 -268.426277669905 -0.251106467777216 -0.426856233077625 -0.868757329824175 -0.849258951939432 0.527794682447291 -0.0138566132622987 0 0 0 0 0 0
60.5389173384928 216.170415588473 -268.711104957127 -0.695793532316261 -0.718139185450295 0.0121437517945248 -0.706502792265513 0.687367900733031 0.168461193047242 0 0 0 0 0 0
60.0735576688263 216.259982904286 -268.853602217677 -0.631941064730403 -0.542199391656001 0.553778214085086 -0.741885278555931 0.629890765183302 -0.229877918467136 0 0 0 0 0 0
59.5966973550867 216.311130146991 -269.042731406428 -0.284329093860373 0.140735128504839 0.948340967157523 -0.730235317681274 0.609153000612534 -0.309336390771721 0 0 0 0 0 0
59.0739337695885 216.225044222519 -268.962647114531 0.168422939164905 0.890935056730766 0.421744517748841 -0.819413352098152 0.36436611343755 -0.442491913803727 0 0 0 0 0 0
58.4930706155569 216.345724911245 -269.769145931753 -0.0614086127891071 0.988621754166137 -0.13731718561341 0.915363446854875 0.110629782690241 0.387131516856834 0 0 0 0 0 0
58.9805792855637 216.497188553466 -269.836223179215 -0.331789027696696 0.859440286029853 0.388945286446572 0.935861940284341 0.248016977430403 0.250299835464422 0 0 0 0 0 0
59.5126514659405 215.828413541408 -270.673934923476 0.130092412965904 0.819383142754855 -0.558289557002355 -0.309614893878129 -0.501345712442079 -0.807954883706249 0 0 0 0 0 0
60.0416607893475 216.564750269332 -270.446429204697 0.571304358458949 0.820737465501364 0.0011587614973687 -0.698619445586588 0.487039650052416 -0.52414048643957 0 0 0 0 0 0
59.7120500725294 216.861563122678 -270.437738675082 0.499737557595185 0.208839244600712 -0.840623901303908 -0.850848865975061 0.300125832745208 -0.431254787553655 0 0 0 0 0 0
59.5104042588673 217.308074544405 -270.672559213646 0.101397406401752 -0.44294919740136 -0.890794350283212 -0.946669680023664 0.232305953266648 -0.223272167994062 0 0 0 0 0 0
59.3398560531891 217.668560877897 -270.929330011559 -0.254301656774853 -0.925696022349096 -0.280031322477731 -0.955796441236668 0.284745330894105 -0.0733025201021551 0 0 0 0 0 0
58.9463845229435 217.68128755321 -271.260989379748 -0.233983156884743 -0.708330463120139 0.665972850280144 -0.970891826331852 0.206302332331981 -0.121689807446585 0 0 0 0 0 0
58.9728404451162 217.099159504973 -272.02479264894 -0.42194681071655 -0.334066043713786 -0.842829026175268 0.00358338379814818 -0.930245337953997 0.366920659782752 0 0 0 0 0 0
58.7340244686269 216.605553218003 -271.799749954644 0.207424955924005 -0.276533465651751 -0.938351815703767 0.0217607698319927 -0.957672157863934 0.287037466106005 0 0 0 0 0 0
58.0374110864384 216.257366103663 -271.071106988126 -0.930869777033635 0.129383965189286 -0.341674183627104 -0.268779321933057 0.39092220031213 0.880305350094119 0 0 0 0 0 0
57.8008804965776 216.630608583769 -270.861394492606 -0.565450996431912 -0.821363831471702 0.0750108457776825 -0.230154860843049 0.244468431529003 0.941946880676435 0 0 0 0 0 0
57.4739085790142 216.78455680878 -270.363807211461 -0.00323515788785352 -0.970372678140478 -0.241591389068229 -0.197284857575399 -0.23622504651036 0.9514601475483 0 0 0 0 0 0
-58.9537518857729 -136.551055089602 -102.881890164403 0.663488844107919 -0.623307158815646 0.413848691569159 -0.707456681103038 -0.342643233907403 0.618142911162258 0 0 0 0 0 0
-58.9324731614636 -136.491009329996 -103.505859055475 0.676994357339032 0.723154723591299 0.136842558726093 0.154966215874362 0.0417029876803606 -0.987039174884215 0 0 0 0 0 0
-59.0691572697198 -136.654102640975 -103.964263842084 0.892399924989812 -0.236411546769649 0.384359147714947 -0.344390189027737 0.193561464478514 0.918656278033505 0 0 0 0 0 0
-60.2560257079412 -136.981624071862 -104.557095575014 -0.484407849100692 -0.705433659215747 -0.517409304298949 -0.790458252551295 0.606354510494149 -0.0866600171760533 0 0 0 0 0 0
-60.7039732218304 -136.60294039299 -104.674208408464 -0.319415192164444 -0.806949581672685 -0.496796042307937 -0.917804149101834 0.393907400631103 -0.0497242759575863 0 0 0 0 0 0
-61.5110484972099 -136.383829956591 -104.415406463397 -0.600251606019824 -0.643746376310696 0.474645775771227 0.585544218686823 0.0505544822513606 0.809062551529074 0 0 0 0 0 0
-61.1883997678058 -135.465110318793 -103.913081173919 -0.0168484377770375 0.99977062947096 0.0132218981887298 0.989227816566493 0.0185910117369495 -0.145198833375772 0 0 0 0 0 0
-60.8819311432576 -135.344420399639 -103.033000659879 -0.00781792086211941 0.528254971651469 0.849049801271339 -0.991389964885914 -0.115079700154747 0.0624707942626054 0 0 0 0 0 0
-61.2898175530983 -135.551553830874 -102.79613812588 -0.140619219490745 0.989206566938775 -0.0411898414055744 -0.984834305395767 -0.135485019412946 0.108375275918036 0 0 0 0 0 0
-61.5322413905096 -135.789703574904 -102.303590584221 -0.713729175440059 0.0734357023406525 -0.696561455829555 0.46437268436252 0.794114336164517 -0.392097476548799 0 0 0 0 0 0
-61.4048857609883 -136.624337406278 -101.376232166373 0.429695785539266 -0.698090045079645 0.572740622664825 -0.623968149474829 0.228931405679315 0.747164078321924 0 0 0 0 0 0
-61.7575733457168 -136.878680440251 -101.044685936324 0.739026503428086 0.273932788248152 0.615467834052642 -0.660541247860389 0.115118285026851 0.741911746993884 0 0 0 0 0 0
-61.848461359385 -137.009232317639 -100.549696595327 0.55720356678134 0.768945643334628 0.313443428329336 -0.700209852471289 0.232196650907841 0.675122861269945 0 0 0 0 0 0
-61.8814572349643 -136.97296012657 -100.056490841651 -0.12043906586406 0.943518947893172 -0.308652598207686 -0.76019656636327 0.1122965596877 0.639914574901839 0 0 0 0 0 0
-61.8952754609731 -136.693887087188 -99.6461861833862 -0.87476583037522 0.136723164799785 -0.464856449041081 -0.465315054560505 0.0305609448642889 0.884617391106661 0 0 0 0 0 0
-62.091215490335 -136.409546665749 -99.3625907189632 -0.628835539618242 -0.754317395737927 -0.188603103368386 -0.382159016493629 0.08859739756035 0.919839653014674 0 0 0 0 0 0
-62.7426413773579 -135.601187693599 -99.1778744445738 -0.975538764433983 -0.0351131120687913 0.21700504244709 0.21827216940701 -0.0375010297189999 0.975167130717793 0 0 0 0 0 0
-62.7643539845815 -135.300530402854 -98.7389665203877 -0.625519759817988 -0.772703523057232 0.107955062559331 0.345742882174923 -0.150488314227192 0.926183095670848 0 0 0 0 0 0
-61.686177696171 -134.901022951197 -97.8738398401626 0.662829815645679 -0.0686807500127333 0.745613566178087 -0.498220665195471 0.702899051066068 0.507650561688455 0 0 0 0 0 0
-62.1885728502159 -134.077403140706 -98.7033344635057 -0.569628848848179 0.0294409683060605 -0.821374581993563 0.806681991407664 0.211458470397105 -0.551860018515459 0 0 0 0 0 0
-333.895909927325 275.476469963955 -31.2999995972738 -0.576672589157538 0.761266737347142 0.296515900961785 0.63113011276474 0.64557927255121 -0.430002539078338 0 0 0 0 0 0
-333.088412505973 275.542897552611 -31.6902623101582 0.450828121600744 -0.702365210728373 -0.550851264437537 -0.156608552671692 0.545311713399441 -0.823473676846712 0 0 0 0 0 0
-332.847272380235 275.859726631776 -32.0755978608653 -0.376173983516862 -0.740457358042382 -0.55697040769322 -0.15006503205661 0.641876012397898 -0.751981163901079 0 0 0 0 0 0
-332.678757560796 275.938367309404 -32.5065382563967 -0.952127944116408 -0.228902748004672 -0.202622580154762 -0.0177803577549707 0.70315984932086 -0.710809457717869 0 0 0 0 0 0
-332.626408851872 275.94350468914 -32.9448336853108 -0.741838696091066 0.600458743857908 0.298537511724221 0.34567092780264 0.72390491619098 -0.597053835082392 0 0 0 0 0 0
-331.726057071358 275.415854041957 -33.2469183665806 -0.608127989467802 -0.793822801021683 0.00507040471149154 -0.478826517748768 0.361707705354757 -0.799932935806237 0 0 0 0 0 0
-331.890860920157 275.326253772134 -33.7692511322773 -0.751012873761492 -0.00142146693428741 0.660286031107928 -0.647714278432686 0.195806193014186 -0.736292162318543 0 0 0 0 0 0
-332.237280566335 275.269106431274 -34.0748716423068 -0.468334090788519 0.620472631018829 0.629028531596035 -0.733207856525504 0.124333174641456 -0.668541323190163 0 0 0 0 0 0
-332.939239653788 274.634741144962 -34.4877105507949 -0.636450778620192 -0.256704690144037 -0.72734662194294 0.731237632009034 -0.500834270562363 -0.463094546463341 0 0 0 0 0 0
-332.935398049359 274.641666834035 -33.2778714144061 0.505318177701929 0.0466628130205409 0.861670540963895 -0.319877461463916 -0.917270300757391 0.237262734106827 0 0 0 0 0 0
-333.803906751472 274.157194897093 -33.8220522700865 0.306767316970703 -0.854252185905659 -0.419698720648514 -0.494516264636837 0.233715539412116 -0.8371563239007 0 0 0 0 0 0
-333.680148183367 274.218012830795 -34.3255522801423 -0.523453312486509 -0.849675422391067 -0.063626301412728 -0.342537197370094 0.278221700165217 -0.897363334427598 0 0 0 0 0 0
-334.280118136379 274.013966081818 -34.7665661875212 -0.528163136782359 -0.845184789055471 -0.0818924495510919 -0.389261484755696 0.326701303981824 -0.861244305909982 0 0 0 0 0 0
-334.191445947078 275.25856160607 -34.1889591972666 -0.338841783929648 0.652406175072046 0.677902963698521 0.51258721882275 0.732212790159802 -0.448462677405776 0 0 0 0 0 0
-334.254816745558 275.698444774571 -34.4497062742504 0.382179955696244 0.211037341026175 0.899667562023117 0.436913016533379 0.816614876111609 -0.37715667844667 0 0 0 0 0 0
-334.042352553397 276.134332606082 -34.4793840724973 0.543006753916307 -0.327240192841088 0.7733417882092 0.625698943977019 0.771877946448972 -0.112717644101365 0 0 0 0 0 0
-333.94889920743 276.425515648 -34.203204290459 0.928286126479199 -0.250164277652912 -0.275141239316539 0.252223290668584 0.967249869141508 -0.0284798576198409 0 0 0 0 0 0
-333.64988225677 276.849294595016 -34.0756346404679 0.419902678732296 -0.198742995724003 -0.885541056103042 0.347331945339845 0.936637071121618 -0.0455139181696804 0 0 0 0 0 0
-333.312868429617 277.183829110395 -34.151806908485 -0.320428043504101 0.0102757393600757 -0.947217123006514 0.197882965920505 0.978606102557004 -0.056324309464868 0 0 0 0 0 0
-333.036056936162 277.612723175194 -34.3379773215176 -0.905752058444677 0.0543478704215497 -0.420308835981202 0.0708913675763901 0.997199443034906 -0.0238261372031179 0 0 0 0 0 0
17.9507307115918 -9.07460463902363 -96.9238338701514 0.692999223928837 -0.015372072920013 -0.720774427271231 0.106507876628072 0.99098510339689 0.0812686720799207 0 0 0 0 0 0
17.7610888005417 -8.37527490153153 -97.2210741908122 0.866600386060894 0.4900761667609 -0.0939634059198151 -0.496207826218422 0.826428771117564 -0.266070064961659 0 0 0 0 0 0
16.8610557024245 -8.19489448200191 -97.0772855676881 0.174188330899363 0.282967351547431 0.943179677122407 -0.555530382779236 0.819082967256855 -0.143140094169526 0 0 0 0 0 0
16.3171421353147 -8.0414028018958 -96.9373154822358 0.678554498989201 0.404446111405717 0.613177898223924 -0.688579481524416 0.640906496146826 0.339259724724827 0 0 0 0 0 0
16.123111486574 -7.96438380359552 -96.5457403219699 0.369554735778009 0.918377608073579 -0.141463303556426 -0.864593040305107 0.395627656640544 0.309770289016045 0 0 0 0 0 0
16.0054040528863 -7.68605766518669 -96.1112517558406 -0.393547298089752 0.543871200973766 -0.741164381846301 -0.748690420575852 0.278226678665423 0.601708043337266 0 0 0 0 0 0
16.9069219765421 -7.80366739393949 -95.4800233559545 0.612146953549939 -0.321644882523493 -0.722371564228533 -0.0302820044313189 -0.922399437574666 0.385048409644245 0 0 0 0 0 0
16.4257812220602 -6.79644934477207 -95.0372964253268 0.463152987507579 0.871606899830956 0.160594901319667 0.884279361403274 -0.442295312389724 -0.149749349361841 0 0 0 0 0 0
15.6013649912472 -6.86769958904702 -94.7892866808217 -0.641552296298526 0.4644190613325 -0.610512560546569 0.657488739931678 0.742888392550406 -0.125799018584916 0 0 0 0 0 0
15.7507017167462 -7.10992821971898 -93.4169650675861 -0.174107326928666 -0.363359039642074 0.915235951555742 0.0789783152794881 -0.931589951749511 -0.354827546161454 0 0 0 0 0 0
15.9522201949222 -7.6404231784262 -93.3677518918969 -0.72627787178339 -0.126362341521721 0.675687066327999 -0.0307853584506604 -0.975993293278268 -0.215613898394572 0 0 0 0 0 0
16.0551541559131 -8.07190295651083 -93.2092321752992 -0.993822478695531 0.0707934771755775 -0.0854702546437119 -0.06440819206793 -0.995079589246851 -0.0752874216510284 0 0 0 0 0 0
15.8377637990053 -8.60854201264388 -93.0867636762437 -0.687425687837689 0.332626984667391 -0.645604532800042 -0.257671500800619 -0.942823866761815 -0.211396674381261 0 0 0 0 0 0
15.4545607787196 -8.91845766483333 -93.1046724496017 0.0679483646417731 0.262159093894149 -0.962629538935466 -0.146815606180012 -0.951727988187598 -0.269553360732866 0 0 0 0 0 0
15.5052900746124 -9.45069483059706 -93.4931302767907 0.904687765244499 -0.145356251354917 -0.4005141790361 -0.318222572161514 0.39456719844254 -0.862004130198989 0 0 0 0 0 0
15.1745805639388 -9.45606414957197 -93.9852094668012 0.0667254358975706 -0.997699026960049 -0.0120153155285724 0.866444671057719 0.0639105269551817 -0.495165706142896 0 0 0 0 0 0
15.8078425746271 -9.62065963187879 -94.2029154398858 0.609638773042235 -0.587030582508551 0.532668434960465 -0.26898823863134 -0.78531607631463 -0.557605584405146 0 0 0 0 0 0
16.0160914145592 -9.90272779400574 -94.5057358510745 -0.592791145622459 -0.601189642620447 0.535882143085129 -0.116279377770918 -0.594534553343505 -0.795617854994373 0 0 0 0 0 0
15.2908135207965 -9.18677854767023 -95.0278779933081 -0.852628363427553 0.470080143784775 0.2281436659172 -0.475730225969897 -0.517788663782797 -0.711038431982869 0 0 0 0 0 0
14.9287475252592 -9.52712429169459 -95.0020440467039 -0.498623837392879 0.694891319601573 -0.518170167730626 -0.397373725158049 -0.714514761597607 -0.57581488172253 0 0 0 0 0 0
-103.360231424894 -303.825837249764 -167.484164564826 -0.470330874234622 -0.846250578968243 -0.250297475691645 -0.857486201296235 0.371201122126235 0.356268356044678 0 0 0 0 0 0
-102.74808252658 -304.532905049454 -167.439728625973 0.24169407119071 -0.893730606445822 -0.377928007765029 0.137725789814016 0.417127745271567 -0.898351852530379 0 0 0 0 0 0
-102.408677218756 -304.494539001108 -167.773515855199 -0.636824610446308 -0.6220255699207 -0.455564052461052 0.183966980554284 0.451212895773587 -0.87324857443534 0 0 0 0 0 0
-101.495105801729 -303.703136488547 -167.226302633811 0.04771488953788 0.989630394763388 -0.1354805191784 -0.778966055194783 0.121769027601743 0.615129408150191 0 0 0 0 0 0
-101.636289317201 -303.564804270604 -166.822035999887 -0.326309580298241 0.736580935683983 -0.592427702755784 -0.789100076443135 0.132791156071667 0.599739592011891 0 0 0 0 0 0
-101.975069627971 -303.260702266552 -166.601592918049 -0.474081361193521 -0.0865233717642953 -0.876219475421219 -0.880481039942503 0.0465468784255649 0.471790765499499 0 0 0 0 0 0
-102.386915111602 -302.958949863448 -166.627816963857 -0.52895090664784 -0.846021719726885 -0.0667696645700195 -0.707512993533028 0.396165896579468 0.585216153544415 0 0 0 0 0 0
-102.874951256285 -302.84374304809 -166.679624222139 0.0686017532434035 -0.828838534608617 0.55526613709083 -0.827713333148237 0.263427201968316 0.495476283379719 0 0 0 0 0 0
-103.408634149459 -302.85445169167 -166.418234433538 0.420898881147705 -0.622032098896261 0.660242531037892 -0.859417718318954 -0.040555330026835 0.509663075615507 0 0 0 0 0 0
-104.04542583546 -302.913439765846 -166.6710498959 -0.114309472038381 0.373125509471948 0.920712060735389 -0.420328193203831 0.821580144098571 -0.385136698875832 0 0 0 0 0 0
-104.82974600544 -303.117397737662 -166.802486631175 -0.0939554557784699 -0.558044136521568 0.824475053608875 -0.307349773720054 -0.77142926602682 -0.557165149764012 0 0 0 0 0 0
-104.574916947661 -301.991705024665 -166.977950031661 0.188643581195982 0.453884212311682 0.87086320457794 -0.873607926966924 0.48262590162464 -0.0623011157328345 0 0 0 0 0 0
-105.070352050258 -302.017919120253 -166.896800624198 0.424152667652748 0.81673270522714 0.391206087293405 -0.897170861571325 0.437748427768476 0.0588282171546472 0 0 0 0 0 0
-106.290392579915 -302.045618742278 -167.28731759336 -0.660591697485706 0.424244553156791 -0.619382893152329 0.651440652349809 -0.086152574691725 -0.75379228593827 0 0 0 0 0 0
-106.184475936382 -302.411760803881 -167.614751017121 0.00670696018475866 0.959471806537019 -0.281724811022511 0.763344183526931 -0.186902797130667 -0.618363163440656 0 0 0 0 0 0
-106.013624700633 -302.562135765133 -168.052840817248 0.381623994253972 0.858410725589791 0.342774201482627 0.891146881348929 -0.243239301466369 -0.383003757271689 0 0 0 0 0 0
-105.734885550612 -302.391258541815 -168.417831662202 0.548825102982871 0.214015703151229 0.808076905461681 0.83360877021772 -0.21221839285939 -0.509960559208531 0 0 0 0 0 0
-105.280755873674 -302.224674236588 -168.618208928191 0.224609673311346 -0.650031906889831 0.72595386539376 0.771841511886186 -0.336075398116496 -0.53973512699294 0 0 0 0 0 0
-104.823094956918 -302.29950668212 -168.694658057791 -0.266605673644378 -0.909948990737111 0.317670031695059 0.77120716369368 -0.399094465243844 -0.495946689150437 0 0 0 0 0 0
-105.023032999365 -301.598695306211 -169.599699212501 -0.57539933374516 0.817857753635017 0.00492965969509342 -0.778246702430588 -0.5493646990284 0.304188260157014 0 0 0 0 0 0
199.406196578611 -23.6462386371816 44.668900635765 -0.00399528110050103 0.999505926168612 -0.0311759728437377 -0.753165764157726 0.0175007933372974 0.657597942464295 0 0 0 0 0 0
199.865145037539 -23.4512719255159 44.0409945315027 0.947325285768616 -0.084552987258019 -0.308910335355027 0.140164971190668 -0.757796325837744 0.63725858911272 0 0 0 0 0 0
200.010429707608 -23.9006771898759 44.0730481888048 0.822268661092665 0.500568078331881 0.270750527127842 0.270350711283219 -0.762222715072628 0.588155613367729 0 0 0 0 0 0
200.390857927811 -24.2404780739424 44.1799702035675 0.111932815597802 0.671243794887564 0.732736523326967 0.255338814883819 -0.732040285770257 0.631600435103656 0 0 0 0 0 0
200.731406766098 -24.3231291046951 44.4035730242687 -0.586103720797012 0.0932856829932313 0.804847942046437 0.446150847151052 -0.79203212617674 0.416694771613889 0 0 0 0 0 0
200.970827133449 -24.5279677582175 44.7599000384586 -0.923272507184481 -0.310241338873059 0.226535182988284 0.363429750713472 -0.89647647409816 0.253473366815679 0 0 0 0 0 0
201.062311277349 -24.5152937965834 45.3205118376359 0.330003835093548 -0.937284604863399 0.112227618301438 0.851569098151341 0.346888818588392 0.393062614111367 0 0 0 0 0 0
200.283470720747 -24.4314819526147 45.6857995767706 0.272700742956292 -0.586114488854718 0.76295747636789 0.448692129834841 0.778970396085488 0.438041658574493 0 0 0 0 0 0
200.371113655799 -24.0872144805827 46.1574136832775 0.751768500500644 -0.65935374271632 -0.00983685015614199 0.633647857379334 0.71816873815351 0.287617899960304 0 0 0 0 0 0
200.621605498671 -23.8720191835314 46.5154020916339 0.674196215171914 -0.29421865751637 -0.677417777311115 0.597498643299007 0.756420886039555 0.266125561378422 0 0 0 0 0 0
200.955871989465 -23.6853625302846 46.7568953967656 0.0498996364317294 0.0916510687545383 -0.99454014895334 0.520682151121581 0.847366375937357 0.104212870770327 0 0 0 0 0 0
201.101703106361 -23.9584115159389 47.8106364805144 -0.946295864427287 -0.241832371256536 0.214572228352726 0.323172809993281 -0.688798590121188 0.648934385841983 0 0 0 0 0 0
201.62453715704 -24.9204981201156 48.142721848974 0.540764266837201 -0.810796808256819 0.224014605400138 0.130776815052752 -0.18203746307006 -0.974556199859031 0 0 0 0 0 0
201.250036565398 -25.3371131343939 48.3667162769849 0.264411005096743 -0.293706310999251 0.918598619236357 0.358060303255629 0.914313465733435 0.189271512941069 0 0 0 0 0 0
200.752011559426 -25.7085208895767 47.1023722013844 -0.313801364157786 -0.735281298535655 -0.600741305285756 0.70950956796432 -0.602041090720056 0.366254963176869 0 0 0 0 0 0
200.796338706303 -26.2079414976033 47.2836359414651 0.236979129651012 -0.334062940815371 -0.912273447867269 0.696381689073522 -0.596350075860632 0.399273252477707 0 0 0 0 0 0
200.928974569919 -26.7309680227787 47.5339178233599 0.694996040721541 0.192655923028349 -0.692722309950731 0.669136793152927 -0.525878482251336 0.525078826419471 0 0 0 0 0 0
201.134533304559 -27.1402633205881 47.5471616610341 0.640626890330549 0.712666021390028 0.285839691683152 0.291217432887992 -0.569950384282526 0.768341698880341 0 0 0 0 0 0
201.331994901711 -27.3236672266203 48.1022451058708 0.547255525420554 0.836223491910677 -0.0352372171629404 0.361469980356489 -0.198167688691655 0.911081237025375 0 0 0 0 0 0
201.690287366684 -27.4563427041272 48.4937195116564 -0.24217080872793 0.970222528689664 -0.00464157549709253 0.28694879115961 0.0761917092321105 0.954911103033328 0 0 0 0 0 0
375.463621369844 141.075657884775 -103.348078773248 -0.206371292637266 0.956453228018745 0.206417325309059 -0.805363381635437 -0.0462293278485798 -0.590976034004258 0 0 0 0 0 0
376.107061211971 140.385361075976 -103.985792390692 0.331270383990246 -0.936259302433387 0.116954911388545 0.598190455217005 0.112542942061607 -0.793411788089508 0 0 0 0 0 0
376.580661967618 140.353111846587 -104.072570964402 -0.270491169435918 -0.811488545223342 -0.517996977045711 0.600058175334058 0.278641572483147 -0.749859360346246 0 0 0 0 0 0
376.9289887787 140.279813902996 -104.64835852398 -0.237593725243837 -0.97130393903659 -0.0108572435157378 0.455576746404504 -0.101554406265625 -0.884384831791864 0 0 0 0 0 0
377.361133993232 140.1432070836 -105.034608881177 -0.552106221800203 -0.833761269071118 0.00456793677966637 0.54686929044881 -0.366254641187369 -0.752855575109016 0 0 0 0 0 0
377.69152860421 139.819003918351 -105.22325673979 -0.80240564070435 -0.286000081127786 -0.52378348710201 0.591718094137119 -0.267222084092722 -0.760566929891037 0 0 0 0 0 0
377.913589295345 139.39627789545 -105.48531292521 -0.467833284843094 0.53557071063328 -0.703061897349504 0.738834023962985 -0.199565595971133 -0.643659737702577 0 0 0 0 0 0
378.513220822674 139.461260642868 -104.123370957972 0.384730926118772 0.296246722911885 0.874196770556699 -0.911387257769704 -0.0280228408303411 0.41059467454756 0 0 0 0 0 0
378.195094161525 139.213301688375 -103.824420973891 0.193624667931416 0.876932513895066 0.439885046395225 -0.933374465345 0.0265474094568529 0.357920860656467 0 0 0 0 0 0
377.484980629102 138.893290393555 -103.284128701564 -0.0783416190956654 -0.508522295000837 0.857477501864948 -0.887671303999857 -0.355913804819599 -0.292172927551527 0 0 0 0 0 0
377.127588981366 138.475738861001 -103.340729621163 -0.138191195040322 -0.0135644426529721 0.990312677647238 -0.908527487882473 -0.396357104426924 -0.132207600130507 0 0 0 0 0 0
377.529925127578 137.787994842953 -104.531862821917 0.4925728646836 -0.418343133756838 -0.763125805759378 0.184367230340274 -0.806817049595593 0.561297579594388 0 0 0 0 0 0
377.89659042594 138.469906994309 -104.744990140982 0.500592032433673 0.763570569969637 0.407881847769877 0.429428009858563 0.190079195359148 -0.882871159252885 0 0 0 0 0 0
377.012264589973 138.798451093013 -105.487275968343 -0.630950323406097 0.732144539940914 -0.256643842763565 -0.713738939864105 -0.418113752284499 0.561923140538135 0 0 0 0 0 0
377.012311822941 138.014778127463 -106.200867931259 -0.938931422984725 -0.299343022281057 -0.169710158633839 0.0452099775391443 -0.596232827120198 0.801537568548828 0 0 0 0 0 0
377.713910885505 138.541545285745 -106.908019622264 -0.499552073086205 0.472101517993901 -0.726338683386153 -0.29159913740999 -0.881164351419534 -0.372181849166698 0 0 0 0 0 0
377.616615631034 138.067170151181 -107.222797400366 -0.447754250060947 0.656059246641651 -0.607537979428734 -0.317208269425982 -0.751807701185478 -0.578069281527726 0 0 0 0 0 0
377.212894002537 137.893579203931 -107.355931364721 0.310050598800313 0.397875784365259 -0.863460182289431 -0.519837093314898 -0.689478849884711 -0.504369221875774 0 0 0 0 0 0
376.914168914418 137.862849684264 -107.715408943598 0.760773493795036 -0.321288719434409 -0.563912448792445 -0.63458008729563 -0.55048041113701 -0.542475280323722 0 0 0 0 0 0
377.149383495125 138.059850195046 -108.450359866972 0.610564344002753 -0.314660806750862 -0.726773526297831 0.596307404369232 0.786565779239168 0.16041120417324 0 0 0 0 0 0
141.723921876026 282.794006342672 314.162274065176 0.155173348883421 -0.736104320120992 0.658841150578435 -0.855163282993283 -0.433984517007321 -0.283466397334981 0 0 0 0 0 0
141.481964736354 282.336295531766 313.986987313678 0.0326763672080802 -0.264913845751151 0.963718272813906 -0.707331891942267 -0.687363367944044 -0.164964223545574 0 0 0 0 0 0
140.593065200751 281.760743624087 313.124372854974 -0.809683207585534 -0.547841941794535 0.210433624130732 0.274481673189847 -0.670447136292517 -0.689318829367126 0 0 0 0 0 0
140.751226575825 281.273827546713 313.019097265109 -0.916258744810005 0.126297189171574 -0.380156458009795 0.195290995646283 -0.68775435979219 -0.699181927402531 0 0 0 0 0 0
141.694667387107 280.330667855061 313.261932766513 0.105019069008197 -0.990309406043899 -0.0908750540337189 -0.475021504224025 -0.13023543138308 0.870283461256853 0 0 0 0 0 0
141.355061321662 280.000380901006 313.475487163714 0.645836305903328 -0.72990135823679 0.223918452167818 -0.503050259161214 -0.186203042277007 0.84396022643524 0 0 0 0 0 0
141.072810905639 279.646276525438 313.754276278315 0.912539117551104 -0.195587167027883 0.359190783613751 -0.407644680982256 -0.363800052085139 0.837541244458877 0 0 0 0 0 0
141.048805737477 279.223560520297 314.024879521682 0.59684146135806 0.612815004924418 0.517917020133014 -0.316986352455995 -0.41289243906755 0.853838091278137 0 0 0 0 0 0
141.210764309116 278.803807334718 312.746751325582 0.0882679033350687 0.0424371012062593 -0.995192378227466 0.62262544719078 0.777513251898421 0.0883781400167714 0 0 0 0 0 0
141.648186678209 278.971484785844 312.743059450645 -0.440203337745785 0.396568730009402 -0.805576975723736 0.686079337777177 0.727331473503911 -0.0168543740868715 0 0 0 0 0 0
142.051423181365 279.181503106703 312.49539426238 -0.774654971133427 0.490739547169061 -0.398853823527586 0.599061572078439 0.771503385902765 -0.214260958645011 0 0 0 0 0 0
143.15679787443 278.457578899862 312.493203994378 0.921001665841205 0.24695999262829 -0.301275112743751 -0.0477684478782337 0.839134166120747 0.541822873858369 0 0 0 0 0 0
142.706185098519 278.027347277964 312.084404112856 0.950793521389883 -0.292724814248442 0.10150794454742 -0.024554727226321 -0.397793756314592 -0.917146222152154 0 0 0 0 0 0
142.892919466961 277.914331593773 311.62879792702 0.347775037201562 -0.739116857225277 0.576852489692886 0.0758239976542719 -0.591070912624151 -0.803047880035417 0 0 0 0 0 0
143.733846721041 278.541378087643 310.997043285536 0.696504971709837 0.58962899967095 -0.408923546803696 -0.547901868866199 0.805007449694681 0.227522631905034 0 0 0 0 0 0
143.91292791245 278.163821239549 310.799095723325 0.283803466597876 0.669102614672767 0.686845894932113 0.809556666886936 0.21667966949297 -0.545589519627469 0 0 0 0 0 0
144.37827537969 277.347014103093 311.224939851855 0.82592843638651 -0.550272733008846 0.122646391202962 0.5283447151129 0.67958147292049 -0.508940943210001 0 0 0 0 0 0
144.747331833574 277.573309113418 311.42840635356 0.582502857138173 -0.537069603237074 -0.610120203488327 0.611067629355035 0.784313433423169 -0.106999021053363 0 0 0 0 0 0
145.169224285399 277.793498881453 311.565258621324 0.177869564956542 -0.339372322111313 -0.92368222070523 0.651312738345831 0.744232412735589 -0.148019703763451 0 0 0 0 0 0
145.507439056563 277.825531510547 311.509369553119 -0.481720006326532 0.645763370934973 -0.592398096100474 0.738607514901343 0.662986511337597 0.12209760323473 0 0 0 0 0 0
150.321909453568 252.06680373682 107.230628917809 0.66584462355184 0.635427006359844 0.391003141772129 0.746068950796886 -0.56309019103074 -0.355401965979085 0 0 0 0 0 0
150.118602323444 252.19143447801 106.347318868531 0.248678051071419 -0.606048156289071 -0.755555993407463 0.938001467376105 -0.0437926280424331 0.343853824945152 0 0 0 0 0 0
150.833325696341 252.523195806762 106.449676571706 0.531108205241077 0.846097105785422 0.0452079849930876 -0.00801778796008954 -0.0483341437212017 0.998799041663019 0 0 0 0 0 0
151.059064807565 252.557377853073 106.952549275172 0.0352413426722254 0.965354242907434 -0.258552187125298 0.111991569784639 0.253268605654703 0.960891722145058 0 0 0 0 0 0
151.309073127584 252.85739723017 107.379140288498 -0.57977027402982 0.739838664916515 -0.341328550294194 -0.084209396971838 0.362268464299062 0.928261998164332 0 0 0 0 0 0
151.328359768065 253.25970136253 107.601899801509 -0.954255843507919 -0.141319923231031 0.263485226206261 0.20831386395249 0.317909072188264 0.924953596622869 0 0 0 0 0 0
151.304252144231 253.60858069151 107.974344583259 -0.724400942885492 -0.646820774378826 0.238466265493856 0.166375225124672 0.171654900076612 0.971006632183531 0 0 0 0 0 0
152.390002333888 253.792671672384 108.417607484908 0.46826553903816 0.558427339899815 0.684752722522312 0.405888430238971 0.552418418919033 -0.728071749649126 0 0 0 0 0 0
152.472856400016 254.299628358185 108.233606225713 0.918361900090048 -0.209722907727338 0.335600539983753 0.395246871508301 0.443685853883815 -0.804315095983092 0 0 0 0 0 0
152.74469051995 254.611689313542 108.086094069775 0.411247311972593 -0.863961564781042 -0.290596047764608 0.330487454845572 0.438434731909042 -0.835794848061139 0 0 0 0 0 0
153.062526652589 254.694713304649 107.75625985587 -0.481403973140068 -0.729797653593499 -0.485433414027485 0.184848871665083 0.456843009181735 -0.870129507375726 0 0 0 0 0 0
154.235956631263 254.499780952817 108.029977029199 0.508917441938758 -0.761272675852121 0.401829504008184 0.59589716774175 0.648429778292536 0.473756676048848 0 0 0 0 0 0
154.34403275951 254.423346774276 107.576629117699 0.833857754391837 0.228893873410223 0.50228362521176 0.551568820392764 -0.380616183556052 -0.742228507392273 0 0 0 0 0 0
154.982384759574 253.876463647717 107.627177107203 0.684874934538968 -0.172976296501036 0.707831565338133 0.529299711043578 -0.549525598443781 -0.646423570535751 0 0 0 0 0 0
154.408974329945 253.677496480024 106.669749776226 0.550711329024581 0.543536956813653 -0.633470290275506 0.200728811317217 -0.822891528897944 -0.531561356736154 0 0 0 0 0 0
154.382186994706 253.518794576468 106.230802917607 0.982041358283013 0.146955475233723 -0.118316773622703 0.046261048757025 -0.795541015207292 -0.6041311186248 0 0 0 0 0 0
154.485188344477 253.1728972665 105.831762792515 0.895291850766719 0.213578051769695 0.390943624775959 0.38733967958522 -0.806695920908754 -0.446329098096904 0 0 0 0 0 0
154.844953084152 253.074356967741 105.61840434465 0.23710491037009 -0.52562251083995 0.817008101291963 0.361942364917312 -0.732648089214162 -0.576389193036182 0 0 0 0 0 0
155.293377623978 252.813671335519 105.612347358725 -0.501927213030019 -0.782820741136831 0.367778139733591 0.47065182790958 -0.603959240426375 -0.643210768557995 0 0 0 0 0 0
155.671380823033 253.695305357705 105.986780446713 -0.235201466608026 0.856699689875139 -0.459070704220248 0.214862130698216 0.506464722206865 0.835061524650577 0 0 0 0 0 0
117.994120197282 -180.455727336807 -116.372250173895 0.0745019010681914 0.605992853204163 -0.791973565595913 -0.71954393311806 -0.517194435664182 -0.463429006462697 0 0 0 0 0 0
117.863986243339 -180.321680339583 -115.147517056147 0.0429096547709834 -0.0381498431284731 0.998350314767671 0.999075492682117 -0.000992869594621915 -0.0429787637322545 0 0 0 0 0 0
118.431035443273 -180.070467437182 -115.160922957344 0.0130826307673159 -0.641498560342622 0.767012673852623 0.997386318692203 0.0628844408347329 0.0355819952576863 0 0 0 0 0 0
118.982261876235 -180.074244315198 -115.055980103079 -0.375539879589411 -0.821638732162078 0.42881183827999 0.912507886613308 -0.408747999662099 0.015950850784421 0 0 0 0 0 0
119.377497775928 -180.195560682802 -114.709877281177 -0.236018573134414 -0.770514212534937 -0.592117455761322 0.946182409918007 -0.321070127156378 0.0406548965014172 0 0 0 0 0 0
120.292707175932 -179.383308760439 -114.867771666363 0.957810074592457 -0.172812346890476 -0.229642665398652 -0.242269674143905 -0.0556297769262266 -0.968612787913387 0 0 0 0 0 0
120.268559281382 -179.116293359071 -115.323484463907 0.526134209151033 -0.848410093431828 -0.0581644850747664 -0.191171740614038 -0.0513530507572705 -0.980212339122764 0 0 0 0 0 0
120.607019613674 -178.090085529997 -115.777660421726 0.0237154191402322 0.395989328620726 -0.917948816935623 -0.880586334580146 0.442976573613122 0.16834328789911 0 0 0 0 0 0
120.737463819315 -179.025046563317 -114.613929630831 0.513905352833844 -0.802685257785607 0.30265106188873 0.828916859391269 0.373793618039161 -0.416143210121358 0 0 0 0 0 0
121.118574192302 -178.842373285891 -114.456605305845 0.337408078261059 -0.699985828521047 -0.629424839511346 0.833920188064505 0.532462329542754 -0.145124041965363 0 0 0 0 0 0
121.666233397152 -178.812115170477 -114.404587608871 -0.162911209598853 0.000799937028148178 -0.986640409616285 0.768732051561662 0.626951660467952 -0.126422499335661 0 0 0 0 0 0
122.08237994207 -178.755515260669 -114.581742945635 -0.547616183103834 0.751044860856447 -0.368847031957569 0.776885546999333 0.62009669923104 0.10921964322555 0 0 0 0 0 0
122.500396485124 -178.502648704276 -114.880270358802 -0.532247460446473 0.714124904168609 0.45468479421953 0.782704484655807 0.619762122913095 -0.0571716774455806 0 0 0 0 0 0
123.007819523723 -178.077224325615 -115.124587829812 -0.396587222310828 0.633496341289598 0.664380132659365 0.825390595405015 0.562846189754939 -0.0439833115545187 0 0 0 0 0 0
123.717051993842 -178.263216073504 -115.267774602317 -0.32319024962702 -0.685837865242595 0.65205405078529 -0.461530975674612 -0.487297777403795 -0.741302930407106 0 0 0 0 0 0
123.643933691049 -178.762480662886 -115.443895298389 -0.761645306864265 -0.064174572300264 0.644808538096169 -0.381987441544534 -0.759337572740521 -0.526775137157018 0 0 0 0 0 0
124.885899454006 -178.645117253924 -115.652286734649 0.708919621490681 -0.495150270005546 0.502254099414773 0.0688175889557933 -0.660164660243562 -0.747961737534625 0 0 0 0 0 0
124.559016244614 -179.540568623034 -115.704854848511 -0.455185023063534 -0.847769452106178 -0.272201305754108 0.183477729234149 -0.388453214961714 0.903017177389771 0 0 0 0 0 0
124.394404926268 -179.736431948575 -115.252047249158 0.51437662827495 -0.699892726479643 -0.495547026734482 0.414446051147236 -0.303006848268907 0.85814994062262 0 0 0 0 0 0
123.836239931551 -179.35766042297 -114.075183403396 0.236562471389846 -0.250852832348374 0.938675158738489 -0.722637880012096 -0.691221892276045 -0.00260576475290517 0 0 0 0 0 0
138.458252688897 -198.300762563063 -292.32458964329 -0.379221726663334 0.106744905170272 0.919128069012512 0.472908933985232 0.876150935589406 0.093363152382295 0 0 0 0 0 0
138.733041104186 -197.193497155563 -292.833668545754 -0.104632367665434 0.990491746097843 0.089320594202973 0.0255033968290362 -0.0871116820778391 0.995872045794915 0 0 0 0 0 0
139.10682739373 -197.17454083341 -292.518480307657 -0.853955420387989 0.499902663124615 0.144421145927079 0.102304710352671 -0.110832060709742 0.988559558427558 0 0 0 0 0 0
139.288801202714 -196.886328888712 -292.186873040741 -0.939310588577077 -0.275276625417752 0.204739829260452 0.246603940592573 -0.126887061487519 0.960773735127724 0 0 0 0 0 0
139.152876518281 -196.680156857744 -291.78795276169 -0.321639836474697 -0.942536466112142 0.0904036815697545 0.506141542756284 -0.0904544330449305 0.857693846450357 0 0 0 0 0 0
139.124578469442 -196.830455962012 -291.376620192935 0.611696936427351 -0.5659985533799 -0.552695662672735 0.627087204204494 -0.0790011512795558 0.774932549593509 0 0 0 0 0 0
139.29271082909 -197.171657075941 -291.103178538835 0.678584490684492 0.588202902435073 -0.439932306803473 0.598155341886987 -0.0949115501283712 0.795739897594868 0 0 0 0 0 0
139.778207776799 -197.294692793677 -290.773920661105 0.106466968912663 0.910219831271631 -0.400205751196048 0.840803497236118 0.132436573453613 0.524890496244101 0 0 0 0 0 0
140.564211245069 -197.306669878637 -290.184354789319 0.0949819404637121 0.340250344323536 0.935525592473805 -0.157800311652766 -0.922745887998598 0.351623502945933 0 0 0 0 0 0
140.496824757187 -196.908461201178 -290.219282573248 -0.878049481102439 -0.217003620715082 0.426542538713645 -0.0472987963744835 0.926272139088267 0.37387531104684 0 0 0 0 0 0
140.274886590147 -196.028046437015 -290.601646601508 -0.964325502379102 0.251814861397226 -0.0816431322328437 0.163624174801263 0.809440496440484 0.563944334258966 0 0 0 0 0 0
140.214158499357 -196.273631618984 -291.366891079747 -0.243445811766085 -0.840241714580206 -0.48448735567904 -0.439539109319525 0.540852843866581 -0.717135672421914 0 0 0 0 0 0
139.929154935449 -195.275513697391 -290.956246147627 -0.737021524837802 -0.0704685414683198 0.672185581955675 0.253344964909291 -0.950839969471153 0.178100199919054 0 0 0 0 0 0
139.449866948199 -195.071000188438 -290.97383918259 -0.536336196940143 -0.749844289721616 -0.387397760736519 -0.819089921151918 0.573135792066769 0.0246386874517087 0 0 0 0 0 0
139.017362814104 -194.884689320015 -291.211769440041 -0.271252802140442 -0.919486383356104 0.28454649559197 -0.934730006279701 0.322160978103872 0.149973729524564 0 0 0 0 0 0
138.787640422595 -195.369036590391 -292.010121184036 -0.0598493512259295 -0.878264310972256 -0.474415277188946 0.0477267101241318 0.472205979990896 -0.880195247431821 0 0 0 0 0 0
139.06545199536 -195.265583096901 -292.486165245176 -0.670222281420156 -0.615829980628074 -0.414192622396376 0.289966862200759 0.296444421255411 -0.90996699057273 0 0 0 0 0 0
140.354778396091 -194.879709854481 -292.019770869562 0.750186442794029 0.196329878015898 0.631407063665195 0.595089540922657 -0.616739438478041 -0.515267797664721 0 0 0 0 0 0
140.731955777959 -194.796396326575 -292.239845497974 0.298971941677019 -0.65120562804434 0.697529216659238 0.657623376296827 -0.389071565794935 -0.645100621328052 0 0 0 0 0 0
141.146534960451 -194.553539821939 -292.225198173285 -0.00844101696992325 -0.747736347626363 -0.663942093612764 0.829683177737387 0.365382408641626 -0.422044452676297 0 0 0 0 0 0
234.615981565302 193.364736257726 142.632078251075 -0.231676941464886 0.177761129667979 -0.956413496126357 -0.963005001450071 0.0972069890442362 0.251340741749328 0 0 0 0 0 0
234.274741626856 193.699539843495 142.675953398373 -0.294059240813096 -0.573307241887038 -0.76475353499824 -0.955255880138143 0.149611335514176 0.255152212898824 0 0 0 0 0 0
234.432947907762 193.780718026408 143.666258704559 -0.612996930521956 -0.758725653112365 -0.220386357290727 0.324445734227197 0.0126022679831848 -0.945820357353052 0 0 0 0 0 0
235.289454068135 195.003210274764 143.749784932227 0.579312586170501 0.737150335849936 0.347859612287448 0.437512060056488 0.0788685939148588 -0.895747141887163 0 0 0 0 0 0
234.000022377518 194.945897937597 143.155186364933 -0.786859866031801 0.570535113937877 -0.23524717850021 0.524765850114602 0.417967804075451 -0.741568417146958 0 0 0 0 0 0
233.933421637688 194.961119192329 142.672904962838 -0.00153418472473648 0.927070327577813 0.374884320827101 0.463248214225798 0.332892360785331 -0.821330486556647 0 0 0 0 0 0
234.244390938203 195.284824225213 142.315191106769 -0.13782214668626 0.710581005243515 0.689985283082115 0.416316214716501 0.673666745114967 -0.610617659333834 0 0 0 0 0 0
234.425396216011 195.776110243559 142.078603750722 0.159959652502917 0.315539502436059 0.935332952468558 0.371725145445872 0.858527566037529 -0.353200841727369 0 0 0 0 0 0
234.417803340592 196.424693392316 141.984765641686 0.750042783066176 0.0307626409979979 0.660673507482458 0.321053186219299 0.856399049821006 -0.404358156940249 0 0 0 0 0 0
234.878595506897 196.547234908182 141.263674048068 0.177662548996117 0.638565597193036 -0.748779003956243 -0.956947289724295 0.289578731608001 0.0199008263554245 0 0 0 0 0 0
235.195152710521 195.601219153673 140.769504581876 -0.0820658726736843 -0.633423905850828 -0.769440932131238 0.450074659716333 -0.712389923947993 0.538454637772394 0 0 0 0 0 0
235.10314213992 195.144075154231 140.853985758101 0.582098586386758 -0.266318989767218 -0.768267812299791 0.260915835542234 -0.833699648897954 0.486690684306497 0 0 0 0 0 0
234.641442662036 194.683480554201 141.376697639767 0.602291345381362 -0.108999056675608 0.790799810901936 0.123670795645328 -0.965933277713957 -0.22732891877019 0 0 0 0 0 0
233.790547096107 194.345760367844 140.966431393459 -0.47291743220519 0.758944564197914 -0.447607250601337 0.711263104832359 0.628665863650169 0.314458308182849 0 0 0 0 0 0
233.041629844701 193.749866189367 141.078982544386 -0.749057704091982 0.310596355379246 -0.585185833702062 -0.429055417690294 0.445602778339153 0.785715987165232 0 0 0 0 0 0
232.907222587405 193.811255720265 141.622572127744 0.495138422064223 -0.622647303511824 0.605927618140324 0.276986533412367 -0.547897998310918 -0.789358121358797 0 0 0 0 0 0
231.67964536785 193.944801193276 141.607630278615 -0.947830772545474 -0.260871651423286 0.183201550483444 0.141618817918215 -0.859476556509875 -0.491166121817635 0 0 0 0 0 0
232.305229850609 194.27127803672 140.52398613343 0.674243773369393 -0.170831272285174 -0.718478956185935 -0.478424879824252 -0.842165897997541 -0.248729239566132 0 0 0 0 0 0
232.020894326495 194.021041394351 140.182059807634 0.864092132887488 -0.50166662834835 -0.0409314046124825 -0.499006958590472 -0.843187270281968 -0.200068194655548 0 0 0 0 0 0
231.883021821261 193.564557044071 139.954409292679 0.67259682062139 -0.246604713859364 0.697710277975278 -0.38302104201187 -0.922733792584766 0.0430955844405799 0 0 0 0 0 0
-51.8812084866037 258.417943083948 76.8109219683188 0.337821529494444 0.783734933738596 -0.521187267541902 -0.927997521344774 0.369809248940504 -0.0454061645155898 0 0 0 0 0 0
-52.2463143694093 257.550550192228 77.8115989501899 -0.564603631594142 -0.749613980385573 0.345400665316679 -0.760551531902462 0.3099669580187 -0.570510168408462 0 0 0 0 0 0
-51.435177388952 257.270759359472 76.9938900538252 0.741652310998141 -0.126552151816349 -0.658738493229118 -0.28369294694257 0.830713812578244 -0.478991517092692 0 0 0 0 0 0
-51.6362267029023 256.224084109587 77.2538836398664 0.408442523567399 -0.90647634894697 0.107122984189512 0.443277545816397 0.299572733690664 0.844843887711863 0 0 0 0 0 0
-51.1599211085034 256.206669794301 76.4393190630178 0.575403761367786 -0.68009836980591 -0.454287044489657 -0.757902554430158 -0.652162469897035 0.0163655383669467 0 0 0 0 0 0
-51.4423314257388 256.03878455611 76.1294193080113 0.416196876820121 -0.741576785877334 0.526159700445616 -0.872306083126877 -0.488959472392342 0.000855393271716056 0 0 0 0 0 0
-51.2639349169948 255.347382082883 75.3571142718092 0.249129436648284 -0.771729312745948 -0.585122544125566 0.967262199408585 0.168105298152822 0.190116928042238 0 0 0 0 0 0
-50.8000055761231 255.140225332465 75.5593289753596 0.121003606697592 0.14977972069017 -0.981286992900726 0.976448710958343 0.159924608452676 0.144817245102399 0 0 0 0 0 0
-50.2709024045707 254.957165017698 75.5784500544462 -0.215577148154976 0.782829243081005 -0.583699297044796 0.972503870527223 0.226052885058896 -0.056002812126896 0 0 0 0 0 0
-49.897488791829 254.932030692269 75.236036562351 -0.0950860478208696 0.915361239833428 0.391244736859702 0.994338822904943 0.106058286921584 -0.00647649899804852 0 0 0 0 0 0
-49.8236611773709 253.751552125687 74.8035899684947 0.215928326455062 0.0575052304112255 -0.974714371654419 0.820478547933564 -0.551863808697882 0.14920217501866 0 0 0 0 0 0
-49.7065908058773 253.255946405786 74.6940790410691 0.545981121097283 0.546291233007943 -0.635193280934248 0.809595912899001 -0.539084319881416 0.232255363501521 0 0 0 0 0 0
-49.1846608744439 253.04848977137 74.7674670087611 0.212611295359075 0.514420861228903 -0.830763272309417 0.960731555337609 -0.265190466737189 0.0816633022249934 0 0 0 0 0 0
-49.4760522483348 252.804065824929 75.7892594307782 -0.996759096314262 -0.0787635122942081 0.0163588827814296 0.00159308983995361 0.183989502424023 0.98292691745751 0 0 0 0 0 0
-49.6037870973422 253.019357332948 76.1968916737674 -0.706564730465055 -0.699363265973769 0.107968994944602 0.180959687519439 -0.0310657403726503 0.982999751407886 0 0 0 0 0 0
-49.5884014503909 252.993480923249 76.7908056103544 -0.601797771491735 -0.735727791350052 -0.310715399140044 -0.107193073404729 -0.311122697008545 0.944305200885909 0 0 0 0 0 0
-49.9123436723141 252.936300025518 77.2039538940616 0.0900186872789748 -0.904449982221595 -0.416973459107323 0.0141860496173673 -0.417466339329685 0.908581648242428 0 0 0 0 0 0
-50.1164767493661 252.663160867621 77.5786573432056 0.863460026825662 -0.414936631717512 -0.286817666354696 0.0570017332599686 -0.484703507509627 0.872819174980262 0 0 0 0 0 0
-50.0708367141289 252.213532234145 77.7524290285922 0.805716373521812 0.477012723418171 0.351112499259198 -0.108134243289329 -0.464365846685371 0.879017261412097 0 0 0 0 0 0
-50.4100952196612 251.366471772497 77.6813799591465 0.307465788312427 -0.342377804102491 -0.887830067228732 0.947065472924395 0.0195372737096897 0.32044544766697 0 0 0 0 0 0
14.6134607773894 -225.20821497086 153.665675813371 0.107613107543863 0.124939831505603 -0.986311034911455 -0.432009481092841 -0.887639212199292 -0.159575803968256 0 0 0 0 0 0
15.1650507406796 -225.637484119436 154.585380981176 -0.263024598031515 -0.418234411206003 0.869423969139066 -0.901509889345895 -0.214445203078123 -0.375889843289674 0 0 0 0 0 0
14.9126840938087 -226.051813629362 154.498403882968 -0.492960320681571 0.439966719557997 0.75061268835192 -0.867710045572297 -0.185354218549472 -0.461219134987738 0 0 0 0 0 0
14.5969249244313 -226.417238943644 154.566958742294 -0.446264908358498 0.889397964898406 0.0990903204271497 -0.879883567001682 -0.415878037156591 -0.229892076268797 0 0 0 0 0 0
14.2420053093802 -226.798195045719 153.42981836559 -0.358167366791069 0.484156589426599 -0.798316061645233 0.753962708111458 -0.354333734595618 -0.553161675556757 0 0 0 0 0 0
14.4153041501627 -227.08248713032 153.022160064011 -0.00780189878830125 0.908193671873315 -0.418477460258689 0.823890956190699 -0.231325226519505 -0.517389922479049 0 0 0 0 0 0
14.6091358036368 -228.561914001057 153.613392946485 0.036554559850875 -0.825375514162912 0.56339952500372 -0.953075568296837 -0.19833186543567 -0.228716926064664 0 0 0 0 0 0
14.2262972209035 -228.824745324242 153.47262179889 -0.114116021572136 -0.153680780976724 0.981508915486218 -0.985149539856005 -0.110072641292754 -0.131774040540384 0 0 0 0 0 0
14.8197054465439 -229.356061196604 152.84074153541 0.628478504736787 0.2380065698859 -0.740518495228148 -0.151384821984289 0.971257801287217 0.183687013998014 0 0 0 0 0 0
14.9501670414227 -228.896627760152 152.940428448289 -0.0988968359148586 0.0332668901942263 -0.994541467140931 -0.226672075485533 0.972413187339387 0.0550668982559876 0 0 0 0 0 0
15.0879201208866 -228.436478960378 152.829680275086 -0.880433600357127 -0.205061304321958 -0.427535421727795 -0.284442133237327 0.949811578498167 0.13019461659462 0 0 0 0 0 0
14.9151078637675 -227.939515031709 152.569056307081 -0.834720971217463 -0.511676770275837 0.203538160967088 -0.52040550320894 0.853831464905712 0.0122450711233735 0 0 0 0 0 0
15.4334251006416 -226.871112809686 151.93453946794 -0.328425937911723 0.451976967905386 -0.829369172196471 -0.564842429950772 0.609782156201474 0.555984488367786 0 0 0 0 0 0
15.4757409238544 -226.381696469082 152.095552399612 -0.700202459805658 0.0111087672606213 -0.713857906429602 -0.641541535003071 0.428950965416932 0.635944595176173 0 0 0 0 0 0
14.7034467438118 -226.574238775161 152.3233090708 -0.650032207101291 -0.545190238859548 -0.529363517049761 -0.662665261991583 0.0657292574165494 0.746025747055084 0 0 0 0 0 0
15.2448542548976 -225.471662663284 152.941810914397 0.839839407291225 0.5015485040616 0.20765083200964 0.072008606900445 0.276215946457995 -0.95839423592516 0 0 0 0 0 0
15.1725539503738 -225.017530116521 152.705180489729 0.895691690266819 -0.436823188934353 -0.0831979422593524 0.126721979869517 0.430083389891112 -0.893851115990644 0 0 0 0 0 0
15.414709682569 -224.60071964324 152.507611050379 0.445981115383661 -0.802505488632244 -0.396340491794959 0.323039270476284 0.557292157923304 -0.764899392369571 0 0 0 0 0 0
15.386826219151 -224.151886554208 153.328281511406 0.456065370885137 0.866817483494529 -0.201573380652345 -0.839385716645775 0.494233283441422 0.226196994298708 0 0 0 0 0 0
15.0524429399523 -223.613355311728 153.301969251328 0.775105554905152 0.554153506861314 -0.303521448317058 -0.548997982044999 0.828473524643186 0.110602145891549 0 0 0 0 0 0
