#id1 id2 FENE BEXC STCK NEXC HB CRSTCK CXSTCK total, t = 200000
0 1 0.0115104 0 -1.03562 0 0 0 0 -1.02411
1 2 0.00439863 0 -1.00967 0 0 0 0 -1.00527
2 3 0.3255 0 -0.922557 0 0 0 0 -0.597057
3 4 0.0259617 0 -0.770274 0 0 0 0 -0.744313
4 5 0.0564023 0 0 0 0 0 0 0.0564023
5 6 0.0117909 0 -0.986395 0 0 0 0 -0.974604
6 7 0.0785198 0 -1.10495 0 0 0 0 -1.02643
7 8 0.00350596 0 -1.10627 0 0 0 0 -1.10276
8 9 0.0880683 0 -0.824754 0 0 0 0 -0.736685
9 10 0.0232368 0 -1.3029 0 0 0 0 -1.27966
10 11 0.002695 0 0 0 0 0 0 0.002695
11 12 0.0806972 0 0 0 0 0 0 0.0806972
12 13 0.0198448 0 -1.25074 0 0 0 0 -1.23089
13 14 0.00255949 0 -1.13866 0 0 0 0 -1.1361
14 15 0.00576705 0 -1.34423 0 0 0 0 -1.33846
15 16 0.0181468 0 -1.08751 0 0 0 0 -1.06936
16 17 0.00961542 0 -0.695062 0 0 0 0 -0.685446
17 18 0.0188551 0 -0.377562 0 0 0 0 -0.358706
17 19 0 0 0 0 0 -0 -1.13198e-15 -1.13198e-15
18 19 0.0706583 0 -1.11652 0 0 0 0 -1.04586
20 21 0.232152 0 0 0 0 0 0 0.232152
21 22 0.0395566 0 -1.33399 0 0 0 0 -1.29443
22 23 0.00337772 0 -1.20621 0 0 0 0 -1.20283
23 24 0.0523373 0 -1.15229 0 0 0 0 -1.09995
24 25 0.00279092 0 0 0 0 0 0 0.00279092
25 26 0.0174279 0 -0 0 0 0 0 0.0174279
26 27 0.0236191 0 0 0 0 0 0 0.0236191
27 28 0.0868184 0 0 0 0 0 0 0.0868184
28 29 0.00778788 0 0 0 0 0 0 0.00778788
29 30 0.109341 0 0 0 0 0 0 0.109341
30 31 0.135871 0 0 0 0 0 0 0.135871
31 32 0.0381306 0 0 0 0 0 0 0.0381306
32 33 0.00471345 0 0 0 0 0 0 0.00471345
33 34 0.00965576 0 -1.02281 0 0 0 0 -1.01315
34 35 0.00078636 0 -1.27479 0 0 0 0 -1.274
35 36 0.0683198 0 -1.23614 0 0 0 0 -1.16782
36 37 0.0276865 0 -1.42795 0 0 0 0 -1.40026
37 38 0.0443467 0 -0 0 0 0 0 0.0443467
38 39 3.04806e-05 0 -0.917029 0 0 0 0 -0.916999
40 41 0.00262158 0 0 0 0 0 0 0.00262158
41 42 0.0439664 0 -0.939677 0 0 0 0 -0.895711
42 43 0.0530381 0 0 0 0 0 0 0.0530381
43 44 0.022391 0 -0 0 0 0 0 0.022391
44 45 0.0353389 0 0 0 0 0 0 0.0353389
45 46 0.040879 0 -1.07867 0 0 0 0 -1.03779
46 47 0.0654292 0 0 0 0 0 0 0.0654292
47 48 0.016724 0 0 0 0 0 0 0.016724
45 49 0 0 0 0 0 -0.000106698 -0 -0.000106698
48 49 0.0111215 0 0 0 0 0 0 0.0111215
49 50 0.0479285 0 -1.00438 0 0 0 0 -0.956456
50 51 0.0487273 0 0 0 0 0 0 0.0487273
51 52 0.0322348 0 -1.31204 0 0 0 0 -1.2798
52 53 0.00394593 0 -1.37242 0 0 0 0 -1.36848
53 54 0.0581012 0 0 0 0 0 0 0.0581012
54 55 0.0150269 0 -0 0 0 0 0 0.0150269
55 56 0.0129016 0 0 0 0 0 0 0.0129016
56 57 0.06163 0 -1.42071 0 0 0 0 -1.35908
57 58 0.392562 0 -1.35298 0 0 0 0 -0.960422
58 59 0.0123096 0 0 0 0 0 0 0.0123096
60 61 0.000156762 0 -0.701774 0 0 0 0 -0.701618
61 62 0.000185663 0 -0.741303 0 0 0 0 -0.741118
62 63 0.0479856 0 -1.11393 0 0 0 0 -1.06594
63 64 0.0929097 0 -1.05817 0 0 0 0 -0.965256
64 65 0.00291508 0 -1.34385 0 0 0 0 -1.34093
65 66 0.0663809 0 0 0 0 0 0 0.0663809
66 67 0.000817678 0 -0.507255 0 0 0 0 -0.506438
67 68 0.0112225 0 0 0 0 0 0 0.0112225
68 69 0.0391249 0 0 0 0 0 0 0.0391249
69 70 1.25589e-05 0 0 0 0 0 0 1.25589e-05
70 71 0.148435 0 -0.920864 0 0 0 0 -0.772429
71 72 0.0245864 0 -0 0 0 0 0 0.0245864
72 73 0.0342403 0 -0.911425 0 0 0 0 -0.877184
73 74 0.0756864 0 -0.91485 0 0 0 0 -0.839163
74 75 0.086956 0 -1.29681 0 0 0 0 -1.20986
75 76 0.0152092 0 0 0 0 0 0 0.0152092
76 77 0.0646948 0 -0 0 0 0 0 0.0646948
77 78 0.00739881 0 -1.38652 0 0 0 0 -1.37913
78 79 0.0428195 0 -1.2333 0 0 0 0 -1.19048
80 81 0.109009 0 0 0 0 0 0 0.109009
81 82 0.0688189 0 -1.30642 0 0 0 0 -1.2376
82 83 0.038722 0 -1.16155 0 0 0 0 -1.12282
83 84 0.0167954 0 0 0 0 0 0 0.0167954
84 85 0.00330028 0 0 0 0 0 0 0.00330028
85 86 0.00776591 0 0 0 0 0 0 0.00776591
86 87 0.00630723 0 -0 0 0 0 0 0.00630723
87 88 0.0765251 0 0 0 0 0 0 0.0765251
88 89 0.000216772 0 -1.18794 0 0 0 0 -1.18772
89 90 0.103034 0 0 0 0 0 0 0.103034
90 91 0.0302883 0 -1.09894 0 0 0 0 -1.06865
91 92 0.02551 0 -1.14441 0 0 0 0 -1.1189
92 93 0.00470437 0 -1.41017 0 0 0 0 -1.40546
93 94 0.0928527 0 0 0 0 0 0 0.0928527
94 95 0.0070155 0 0 0 0 0 0 0.0070155
95 96 0.125002 0 0 0 0 0 0 0.125002
96 97 0.429819 0 0 0 0 0 0 0.429819
97 98 0.0499195 0 -0 0 0 0 0 0.0499195
98 99 0.271839 0 0 0 0 0 0 0.271839
100 101 0.0401164 0 -0 0 0 0 0 0.0401164
101 102 0.0205642 0 0 0 0 0 0 0.0205642
102 103 0.0098269 0 -0.97154 0 0 0 0 -0.961713
103 104 0.0707383 0 -1.32241 0 0 0 0 -1.25167
104 105 0.00502541 0 -1.39973 0 0 0 0 -1.3947
105 106 0.00533927 0 -1.10038 0 0 0 0 -1.09504
106 107 0.00872225 0 -0 0 0 0 0 0.00872225
107 108 0.0261303 0 -1.02152 0 0 0 0 -0.995386
108 109 0.0275323 0 -1.06243 0 0 0 0 -1.0349
109 110 0.00946721 0 -1.22872 0 0 0 0 -1.21925
110 111 0.0192626 0 -1.14006 0 0 0 0 -1.1208
111 112 0.163281 0 0 0 0 0 0 0.163281
112 113 0.0301121 0 -0.984575 0 0 0 0 -0.954463
113 114 0.329713 0 -1.32554 0 0 0 0 -0.995828
114 115 0.00103459 0 -1.24544 0 0 0 0 -1.24441
115 116 0.003931 0 0 0 0 0 0 0.003931
116 117 0.00220445 0 -0.979477 0 0 0 0 -0.977273
117 118 0.0511888 0 -1.26785 0 0 0 0 -1.21666
118 119 0.0418734 0 0 0 0 0 0 0.0418734
120 121 0.0996062 0 -0 0 0 0 0 0.0996062
121 122 0.0952639 0 0 0 0 0 0 0.0952639
122 123 0.0902092 0 0 0 0 0 0 0.0902092
123 124 0.0527293 0 -1.4133 0 0 0 0 -1.36057
124 125 0.000452008 0 0 0 0 0 0 0.000452008
125 126 0.112335 0 -0.145991 0 0 0 0 -0.0336555
126 127 0.0372506 0 0 0 0 0 0 0.0372506
127 128 0.0651671 0 0 0 0 0 0 0.0651671
128 129 0.149987 0 -1.32886 0 0 0 0 -1.17887
129 130 0.0124065 0 -1.09365 0 0 0 0 -1.08125
130 131 0.00356945 0 -1.0645 0 0 0 0 -1.06093
131 132 0.189802 0 -1.27114 0 0 0 0 -1.08134
132 133 0.164688 0 -1.42088 0 0 0 0 -1.25619
133 134 0.0263422 0 0 0 0 0 0 0.0263422
134 135 0.0439034 0 0 0 0 0 0 0.0439034
135 136 0.00607524 0 -1.36766 0 0 0 0 -1.36159
136 137 0.000932937 0 -0.788475 0 0 0 0 -0.787543
137 138 0.0147205 0 -1.27915 0 0 0 0 -1.26443
138 139 0.0150587 0 -0.980336 0 0 0 0 -0.965277
140 141 0.185284 0 0 0 0 0 0 0.185284
141 142 2.01825e-05 0 -0 0 0 0 0 2.01825e-05
142 143 0.107938 0 -1.23576 0 0 0 0 -1.12783
143 144 0.0969054 0 0 0 0 0 0 0.0969054
144 145 0.0123445 0 -0.954888 0 0 0 0 -0.942544
145 146 6.512e-05 0 -1.23722 0 0 0 0 -1.23715
146 147 0.0519654 0 -1.1725 0 0 0 0 -1.12053
147 148 0.0205162 0 -1.03178 0 0 0 0 -1.01127
148 149 0.124463 0 -1.21823 0 0 0 0 -1.09377
149 150 0.00756788 0 0 0 0 0 0 0.00756788
150 151 0.120904 0 0 0 0 0 0 0.120904
151 152 0.000488561 0 0 0 0 0 0 0.000488561
152 153 0.205772 0 0 0 0 0 0 0.205772
153 154 0.106575 0 0 0 0 0 0 0.106575
154 155 0.0677252 0 -1.16086 0 0 0 0 -1.09314
155 156 0.224225 0 0 0 0 0 0 0.224225
156 157 0.0250008 0 -0.904411 0 0 0 0 -0.87941
157 158 0.018847 0 0 0 0 0 0 0.018847
158 159 0.174722 0 0 0 0 0 0 0.174722
160 161 0.0152107 0 -1.13342 0 0 0 0 -1.11821
161 162 0.054344 0 0 0 0 0 0 0.054344
162 163 0.0381476 0 0 0 0 0 0 0.0381476
163 164 0.033221 0 -1.11764 0 0 0 0 -1.08441
164 165 0.00571802 0 -1.18032 0 0 0 0 -1.1746
165 166 0.00310911 0 -1.39051 0 0 0 0 -1.3874
166 167 0.00137611 0 -0.999708 0 0 0 0 -0.998332
167 168 0.00881658 0 -1.29783 0 0 0 0 -1.28901
168 169 3.45884e-06 0 -1.22977 0 0 0 0 -1.22977
169 170 0.00353252 0 0 0 0 0 0 0.00353252
170 171 0.00616153 0 0 0 0 0 0 0.00616153
171 172 0.100257 0 0 0 0 0 0 0.100257
172 173 0.00307062 0 -0 0 0 0 0 0.00307062
173 174 0.16173 0 -0 0 0 0 0 0.16173
174 175 0.017873 0 0 0 0 0 0 0.017873
175 176 0.00448743 0 -0.869609 0 0 0 0 -0.865122
176 177 0.0784247 0 -1.00073 0 0 0 0 -0.922302
177 178 0.152035 0 -0.933083 0 0 0 0 -0.781048
178 179 0.585229 0 -1.31587 0 0 0 0 -0.730643
180 181 0.0356903 0 -0 0 0 0 0 0.0356903
181 182 0.0109075 0 0 0 0 0 0 0.0109075
182 183 0.126076 0 0 0 0 0 0 0.126076
183 184 0.00152359 0 -1.40467 0 0 0 0 -1.40315
184 185 0.0719961 0 0 0 0 0 0 0.0719961
185 186 0.160146 0 0 0 0 0 0 0.160146
186 187 0.0794472 0 0 0 0 0 0 0.0794472
187 188 0.0873141 0 -1.25868 0 0 0 0 -1.17137
188 189 0.0175479 0 -1.28719 0 0 0 0 -1.26964
189 190 0.0758954 0 -0 0 0 0 0 0.0758954
190 191 0.00100099 0 -1.06598 0 0 0 0 -1.06498
191 192 0.00519074 0 0 0 0 0 0 0.00519074
192 193 0.000273473 0 -1.44688 0 0 0 0 -1.4466
193 194 0.00442012 0 -1.26098 0 0 0 0 -1.25656
194 195 0.0115693 0 0 0 0 0 0 0.0115693
195 196 0.0408169 0 0 0 0 0 0 0.0408169
196 197 0.0848816 0 -1.12435 0 0 0 0 -1.03947
197 198 0.0291808 0 -0.959714 0 0 0 0 -0.930533
198 199 0.0241491 0 -1.16529 0 0 0 0 -1.14114
200 201 0.00510262 0 -1.38096 0 0 0 0 -1.37586
201 202 0.254816 0 0 0 0 0 0 0.254816
202 203 0.000264486 0 0 0 0 0 0 0.000264486
203 204 0.134178 0 -0.979768 0 0 0 0 -0.84559
204 205 0.284674 0 -0.952331 0 0 0 0 -0.667657
205 206 0.0162777 0 0 0 0 0 0 0.0162777
206 207 0.00176209 0 -0.123697 0 0 0 0 -0.121935
207 208 0.0136789 0 -0 0 0 0 0 0.0136789
208 209 0.0408741 0 0 0 0 0 0 0.0408741
209 210 0.000491425 0 -1.13878 0 0 0 0 -1.13829
210 211 0.210278 0 -1.33406 0 0 0 0 -1.12378
211 212 0.0501962 0 -1.13892 0 0 0 0 -1.08873
212 213 7.06419e-05 0 0 0 0 0 0 7.06419e-05
213 214 0.0482103 0 -1.32842 0 0 0 0 -1.28021
214 215 0.00571416 0 0 0 0 0 0 0.00571416
215 216 0.15105 0 0 0 0 0 0 0.15105
216 217 0.0123993 0 0 0 0 0 0 0.0123993
217 218 0.00143145 0 -0 0 0 0 0 0.00143145
218 219 0.00924565 0 -1.20146 0 0 0 0 -1.19221
220 221 0.0543786 0 -0.807128 0 0 0 0 -0.75275
221 222 0.146693 0 0 0 0 0 0 0.146693
222 223 0.0335811 0 -0.959195 0 0 0 0 -0.925614
223 224 4.82712e-05 0 0 0 0 0 0 4.82712e-05
224 225 0.000104813 0 -1.21488 0 0 0 0 -1.21477
225 226 0.00152419 0 -0.291724 0 0 0 0 -0.2902
226 227 0.172657 0 -1.15038 0 0 0 0 -0.977727
227 228 0.0256836 0 -1.08332 0 0 0 0 -1.05764
228 229 0.0268363 0 0 0 0 0 0 0.0268363
229 230 0.045183 0 -0.739288 0 0 0 0 -0.694105
230 231 0.376844 0 -1.1373 0 0 0 0 -0.760457
231 232 0.00506501 0 0 0 0 0 0 0.00506501
232 233 0.104797 0 -1.2661 0 0 0 0 -1.16131
233 234 0.0186189 0 0 0 0 0 0 0.0186189
234 235 0.000589144 0 0 0 0 0 0 0.000589144
235 236 0.0401287 0 0 0 0 0 0 0.0401287
236 237 0.0308668 0 0 0 0 0 0 0.0308668
237 238 0.151094 0 0 0 0 0 0 0.151094
238 239 0.00423027 0 0 0 0 0 0 0.00423027
240 241 0.00153629 0 0 0 0 0 0 0.00153629
241 242 0.0450587 0 0 0 0 0 0 0.0450587
242 243 9.29874e-06 0 -1.0127 0 0 0 0 -1.01269
243 244 0.193963 0 0 0 0 0 0 0.193963
244 245 0.00655635 0 -1.26084 0 0 0 0 -1.25428
245 246 0.0274836 0 -1.41686 0 0 0 0 -1.38937
246 247 0.0445619 0 0 0 0 0 0 0.0445619
247 248 0.0407248 0 0 0 0 0 0 0.0407248
248 249 0.0332528 0 0 0 0 0 0 0.0332528
249 250 0.164178 0 -1.26445 0 0 0 0 -1.10028
250 251 0.00727329 0 0 0 0 0 0 0.00727329
251 252 0.000798596 0 0 0 0 0 0 0.000798596
252 253 0.0232438 0 -1.22757 0 0 0 0 -1.20433
253 254 0.0164463 0 0 0 0 0 0 0.0164463
254 255 0.00179916 0 -0.728374 0 0 0 0 -0.726575
255 256 0.0705386 0 -0 0 0 0 0 0.0705386
248 257 0 0 0 0 0 -0.044566 -2.36763e-15 -0.044566
256 257 0.000341855 0 0 0 0 0 0 0.000341855
257 258 0.0190906 0 -1.28912 0 0 0 0 -1.27003
258 259 0.00443686 0 -1.29374 0 0 0 0 -1.2893
260 261 2.91924e-05 0 0 0 0 0 0 2.91924e-05
261 262 0.00711083 0 -0.965078 0 0 0 0 -0.957967
262 263 0.000335087 0 -1.38334 0 0 0 0 -1.383
263 264 0.213844 0 -1.22752 0 0 0 0 -1.01368
264 265 0.00143085 0 -1.20426 0 0 0 0 -1.20283
265 266 0.147628 0 0 0 0 0 0 0.147628
266 267 0.00672638 0 0 0 0 0 0 0.00672638
267 268 0.0234582 0 -0 0 0 0 0 0.0234582
268 269 0.000149057 0 -0.96697 0 0 0 0 -0.966821
269 270 0.00101973 0 0 0 0 0 0 0.00101973
270 271 0.0979601 0 -0.998331 0 0 0 0 -0.900371
271 272 0.0105071 0 -1.30844 0 0 0 0 -1.29794
272 273 0.0374755 0 -1.10775 0 0 0 0 -1.07027
273 274 0.0139428 0 -1.27607 0 0 0 0 -1.26213
274 275 0.0158191 0 -1.39356 0 0 0 0 -1.37774
275 276 0.0987776 0 -0.829268 0 0 0 0 -0.73049
276 277 0.134281 0 0 0 0 0 0 0.134281
277 278 0.202991 0 0 0 0 0 0 0.202991
278 279 0.0119013 0 -0.585009 0 0 0 0 -0.573107
280 281 0.00148811 0 0 0 0 0 0 0.00148811
281 282 0.000658426 0 0 0 0 0 0 0.000658426
282 283 0.0397859 0 -1.3008 0 0 0 0 -1.26101
283 284 0.0593483 0 0 0 0 0 0 0.0593483
284 285 0.006521 0 -1.1948 0 0 0 0 -1.18828
285 286 0.0197007 0 -1.24443 0 0 0 0 -1.22473
286 287 0.00100778 0 0 0 0 0 0 0.00100778
287 288 0.0275053 0 -1.16646 0 0 0 0 -1.13896
288 289 0.102341 0 0 0 0 0 0 0.102341
289 290 0.00229663 0 -1.25482 0 0 0 0 -1.25252
290 291 0.13108 0 0 0 0 0 0 0.13108
291 292 0.00367686 0 -1.24973 0 0 0 0 -1.24605
292 293 0.170567 0 -1.25198 0 0 0 0 -1.08141
293 294 0.011402 0 -1.32824 0 0 0 0 -1.31684
294 295 0.0321037 0 0 0 0 0 0 0.0321037
295 296 0.00778573 0 -1.34879 0 0 0 0 -1.34101
296 297 0.0403448 0 0 0 0 0 0 0.0403448
297 298 0.0205449 0 0 0 0 0 0 0.0205449
298 299 0.0128939 0 0 0 0 0 0 0.0128939
300 301 0.0989998 0 0 0 0 0 0 0.0989998
301 302 0.216021 0 -0 0 0 0 0 0.216021
302 303 0.0504812 0 0 0 0 0 0 0.0504812
303 304 6.92593e-05 0 0 0 0 0 0 6.92593e-05
304 305 0.00514042 0 0 0 0 0 0 0.00514042
305 306 2.27921e-06 0 -0.949717 0 0 0 0 -0.949715
306 307 0.0523347 0 0 0 0 0 0 0.0523347
307 308 0.0021424 0 -0 0 0 0 0 0.0021424
308 309 0.0655069 0 -1.19695 0 0 0 0 -1.13144
309 310 0.0628221 0 0 0 0 0 0 0.0628221
310 311 0.042987 0 0 0 0 0 0 0.042987
311 312 0.0187571 0 -0 0 0 0 0 0.0187571
312 313 0.106686 0 -1.2086 0 0 0 0 -1.10191
313 314 0.0762109 0 -1.35584 0 0 0 0 -1.27963
314 315 0.0638981 0 0 0 0 0 0 0.0638981
315 316 0.0496239 0 -1.14077 0 0 0 0 -1.09115
316 317 0.233398 0 0 0 0 0 0 0.233398
317 318 0.0189119 0 0 0 0 0 0 0.0189119
318 319 0.228938 0 -0 0 0 0 0 0.228938
320 321 0.0193121 0 0 0 0 0 0 0.0193121
321 322 0.000137947 0 -0.991909 0 0 0 0 -0.991771
322 323 0.201221 0 0 0 0 0 0 0.201221
323 324 4.92007e-05 0 -1.40655 0 0 0 0 -1.4065
324 325 0.110011 0 -1.40654 0 0 0 0 -1.29652
325 326 0.158107 0 -1.38655 0 0 0 0 -1.22845
326 327 0.015341 0 -1.43338 0 0 0 0 -1.41804
327 328 7.9926e-05 0 0 0 0 0 0 7.9926e-05
328 329 0.0970218 0 -1.45595 0 0 0 0 -1.35893
329 330 0.0168568 0 0 0 0 0 0 0.0168568
330 331 0.0249773 0 -0.688334 0 0 0 0 -0.663357
331 332 0.0628676 0 0 0 0 0 0 0.0628676
332 333 0.000367469 0 -1.22481 0 0 0 0 -1.22445
333 334 0.00608221 0 -1.23458 0 0 0 0 -1.22849
334 335 0.00518753 0 0 0 0 0 0 0.00518753
335 336 0.028991 0 -1.12647 0 0 0 0 -1.09748
336 337 0.250757 0 -1.14315 0 0 0 0 -0.892391
337 338 0.0143046 0 -1.20887 0 0 0 0 -1.19457
338 339 0.0611628 0 -1.44182 0 0 0 0 -1.38065
340 341 0.0836551 0 -1.07656 0 0 0 0 -0.992901
341 342 0.0605654 0 -1.34511 0 0 0 0 -1.28455
342 343 0.0167132 0 0 0 0 0 0 0.0167132
343 344 0.302918 0 -1.02011 0 0 0 0 -0.717194
344 345 0.016596 0 -1.22975 0 0 0 0 -1.21315
345 346 0.0763687 0 0 0 0 0 0 0.0763687
346 347 0.0744511 0 0 0 0 0 0 0.0744511
347 348 0.267313 0 -0.523628 0 0 0 0 -0.256315
348 349 0.0320714 0 -1.30632 0 0 0 0 -1.27425
349 350 0.021353 0 0 0 0 0 0 0.021353
350 351 0.00036191 0 0 0 0 0 0 0.00036191
351 352 0.0970888 0 -1.29203 0 0 0 0 -1.19494
352 353 0.0290449 0 -0.882066 0 0 0 0 -0.853021
353 354 0.000832946 0 -1.21556 0 0 0 0 -1.21473
354 355 0.000182814 0 -1.35719 0 0 0 0 -1.35701
355 356 0.0112928 0 0 0 0 0 0 0.0112928
356 357 0.0838426 0 -1.29753 0 0 0 0 -1.21369
357 358 0.012492 0 -1.30904 0 0 0 0 -1.29655
358 359 0.105681 0 -1.17204 0 0 0 0 -1.06636
360 361 0.00129667 0 0 0 0 0 0 0.00129667
361 362 0.0180135 0 -1.02961 0 0 0 0 -1.0116
362 363 0.013757 0 -1.23909 0 0 0 0 -1.22533
363 364 0.316222 0 -1.27081 0 0 0 0 -0.954587
364 365 0.00454027 0 -1.4285 0 0 0 0 -1.42396
365 366 0.266681 0 -0.984895 0 0 0 0 -0.718214
366 367 0.0583913 0 -1.35833 0 0 0 0 -1.29994
367 368 0.080509 0 -0.00665631 0 0 0 0 0.0738527
368 369 0.0111967 0 0 0 0 0 0 0.0111967
369 370 0.0376665 0 -0 0 0 0 0 0.0376665
370 371 0.11978 0 -1.06867 0 0 0 0 -0.948895
371 372 0.0124846 0 -1.35941 0 0 0 0 -1.34693
372 373 0.257806 0 0 0 0 0 0 0.257806
373 374 0.0382444 0 0 0 0 0 0 0.0382444
374 375 0.0618942 0 0 0 0 0 0 0.0618942
375 376 0.247377 0 0 0 0 0 0 0.247377
376 377 0.0429366 0 -1.30354 0 0 0 0 -1.2606
377 378 0.0787457 0 -0 0 0 0 0 0.0787457
378 379 0.0158138 0 -0.721259 0 0 0 0 -0.705445
380 381 0.117495 0 -1.18454 0 0 0 0 -1.06704
381 382 0.0855342 0 -0.795823 0 0 0 0 -0.710289
382 383 0.0137532 0 -1.35152 0 0 0 0 -1.33776
383 384 0.00765949 0 -1.09269 0 0 0 0 -1.08503
384 385 0.087979 0 -0 0 0 0 0 0.087979
385 386 0.316232 0 0 0 0 0 0 0.316232
386 387 0.00373861 0 0 0 0 0 0 0.00373861
387 388 0.0973084 0 0 0 0 0 0 0.0973084
388 389 0.0935748 0 -1.15873 0 0 0 0 -1.06515
389 390 0.0161315 0 -1.29437 0 0 0 0 -1.27824
390 391 0.130061 0 0 0 0 0 0 0.130061
391 392 0.141122 0 -0.921923 0 0 0 0 -0.780801
392 393 0.0138081 0 0 0 0 0 0 0.0138081
393 394 0.0383466 0 0 0 0 0 0 0.0383466
394 395 0.0230595 0 -0 0 0 0 0 0.0230595
395 396 1.99951e-05 0 0 0 0 0 0 1.99951e-05
396 397 0.00250163 0 -1.22802 0 0 0 0 -1.22552
397 398 0.0114589 0 0 0 0 0 0 0.0114589
398 399 0.0104513 0 -1.18826 0 0 0 0 -1.17781
400 401 0.0699182 0 -0.965627 0 0 0 0 -0.895709
401 402 0.00398886 0 0 0 0 0 0 0.00398886
402 403 0.00910981 0 -1.35604 0 0 0 0 -1.34693
403 404 0.00115942 0 -1.29251 0 0 0 0 -1.29135
404 405 0.000278157 0 -1.41111 0 0 0 0 -1.41083
405 406 0.264868 0 -0 0 0 0 0 0.264868
406 407 6.78496e-08 0 0 0 0 0 0 6.78496e-08
407 408 0.0762146 0 -1.39523 0 0 0 0 -1.31902
408 409 0.014298 0 -1.00341 0 0 0 0 -0.989107
409 410 0.0016757 0 -1.12593 0 0 0 0 -1.12426
410 411 0.0104436 0 -0.720725 0 0 0 0 -0.710281
411 412 0.061762 0 -0.945128 0 0 0 0 -0.883366
412 413 0.0519059 0 -0.812684 0 0 0 0 -0.760778
413 414 0.0170567 0 0 0 0 0 0 0.0170567
414 415 0.000307947 0 0 0 0 0 0 0.000307947
415 416 0.000694598 0 -0.755119 0 0 0 0 -0.754424
416 417 0.142824 0 0 0 0 0 0 0.142824
417 418 0.130239 0 0 0 0 0 0 0.130239
418 419 0.00733372 0 -0 0 0 0 0 0.00733372
420 421 0.037321 0 0 0 0 0 0 0.037321
421 422 0.0192548 0 -0 0 0 0 0 0.0192548
422 423 0.038719 0 0 0 0 0 0 0.038719
423 424 0.029568 0 0 0 0 0 0 0.029568
424 425 0.00751077 0 -1.37861 0 0 0 0 -1.3711
425 426 0.0138185 0 -1.23692 0 0 0 0 -1.2231
426 427 0.0206562 0 0 0 0 0 0 0.0206562
427 428 0.0146922 0 -0.902019 0 0 0 0 -0.887326
428 429 0.257526 0 -1.21646 0 0 0 0 -0.958935
429 430 0.0485731 0 -1.04123 0 0 0 0 -0.992659
430 431 0.093401 0 0 0 0 0 0 0.093401
431 432 0.0661789 0 -1.21731 0 0 0 0 -1.15113
432 433 0.0232378 0 -1.04056 0 0 0 0 -1.01733
433 434 0.0442354 0 -1.28221 0 0 0 0 -1.23797
434 435 0.000885866 0 0 0 0 0 0 0.000885866
435 436 0.00709673 0 0 0 0 0 0 0.00709673
436 437 0.013714 0 -0 0 0 0 0 0.013714
437 438 0.00199431 0 -1.11961 0 0 0 0 -1.11762
438 439 0.0254605 0 -0 0 0 0 0 0.0254605
440 441 0.0077539 0 -1.20684 0 0 0 0 -1.19908
441 442 0.0515507 0 0 0 0 0 0 0.0515507
442 443 0.00863263 0 0 0 0 0 0 0.00863263
443 444 0.027945 0 0 0 0 0 0 0.027945
444 445 0.00219406 0 0 0 0 0 0 0.00219406
445 446 0.00320375 0 0 0 0 0 0 0.00320375
446 447 0.00835923 0 -1.18926 0 0 0 0 -1.1809
447 448 0.123387 0 -1.3495 0 0 0 0 -1.22611
448 449 0.21952 0 0 0 0 0 0 0.21952
449 450 0.011241 0 -0.928372 0 0 0 0 -0.917131
449 451 0 0 0 0 0 -2.43565e-05 0 -2.43565e-05
450 451 0.00459117 0 -1.00063 0 0 0 0 -0.996036
451 452 1.48408e-06 0 -1.266 0 0 0 0 -1.266
452 453 0.0015425 0 -1.17033 0 0 0 0 -1.16879
453 454 0.127189 0 -1.1494 0 0 0 0 -1.02221
454 455 0.109153 0 -1.25532 0 0 0 0 -1.14616
455 456 0.0930473 0 0 0 0 0 0 0.0930473
456 457 0.0897031 0 0 0 0 0 0 0.0897031
457 458 0.000383453 0 -1.36549 0 0 0 0 -1.3651
458 459 0.00296828 0 -1.26502 0 0 0 0 -1.26206
460 461 6.75166e-05 0 0 0 0 0 0 6.75166e-05
461 462 0.0080811 0 0 0 0 0 0 0.0080811
462 463 0.00287381 0 0 0 0 0 0 0.00287381
463 464 0.00195106 0 0 0 0 0 0 0.00195106
462 465 0 0 0 0 0 -0.00283815 -0 -0.00283815
464 465 0.00683589 0 -1.29985 0 0 0 0 -1.29301
465 466 0.14057 0 -1.35099 0 0 0 0 -1.21042
462 467 0 0 0 0 0 -0.000869468 0 -0.000869468
466 467 0.0290038 0 -1.07564 0 0 0 0 -1.04664
467 468 0.00936546 0 0 0 0 0 0 0.00936546
468 469 0.00558336 0 -1.35806 0 0 0 0 -1.35247
469 470 0.0435967 0 -0.031454 0 0 0 0 0.0121428
470 471 0.051683 0 -1.28719 0 0 0 0 -1.23551
471 472 0.01236 0 0 0 0 0 0 0.01236
472 473 0.00558465 0 0 0 0 0 0 0.00558465
473 474 0.00100687 0 0 0 0 0 0 0.00100687
474 475 0.0123896 0 -1.22274 0 0 0 0 -1.21035
475 476 0.15636 0 0 0 0 0 0 0.15636
476 477 0.0364558 0 0 0 0 0 0 0.0364558
472 478 0 0 0 0 -0 -0.00620802 -2.19442e-18 -0.00620802
477 478 0.175088 0 0 0 0 0 0 0.175088
478 479 0.0178123 0 -1.24201 0 0 0 0 -1.2242
480 481 0.00573063 0 0 0 0 0 0 0.00573063
481 482 0.0734361 0 -1.31261 0 0 0 0 -1.23917
482 483 0.0204232 0 -1.42678 0 0 0 0 -1.40635
483 484 0.0615512 0 -1.2778 0 0 0 0 -1.21625
484 485 0.0618129 0 -1.30431 0 0 0 0 -1.2425
485 486 0.0147515 0 0 0 0 0 0 0.0147515
486 487 0.0510733 0 0 0 0 0 0 0.0510733
487 488 0.00239557 0 0 0 0 0 0 0.00239557
488 489 0.0292104 0 -0 0 0 0 0 0.0292104
489 490 0.110669 0 0 0 0 0 0 0.110669
490 491 0.00975737 0 0 0 0 0 0 0.00975737
491 492 0.149654 0 -1.19572 0 0 0 0 -1.04606
492 493 0.101382 0 0 0 0 0 0 0.101382
493 494 0.000246908 0 -0.886612 0 0 0 0 -0.886365
494 495 0.373089 0 -1.33621 0 0 0 0 -0.96312
495 496 0.00153904 0 -0.988301 0 0 0 0 -0.986762
496 497 0.000359048 0 -1.15886 0 0 0 0 -1.1585
497 498 0.776109 0 -0.49145 0 0 0 0 0.284659
498 499 0.205011 0 -1.23246 0 0 0 0 -1.02745
500 501 0.00130666 0 -1.40012 0 0 0 0 -1.39881
501 502 0.274015 0 -1.26647 0 0 0 0 -0.992453
502 503 0.121949 0 0 0 0 0 0 0.121949
503 504 0.0560516 0 -0.994355 0 0 0 0 -0.938303
504 505 0.0164421 0 0 0 0 0 0 0.0164421
505 506 0.000631966 0 -0 0 0 0 0 0.000631966
506 507 0.00177151 0 -1.28288 0 0 0 0 -1.28111
507 508 0.059574 0 -1.01591 0 0 0 0 -0.95634
508 509 0.0808216 0 0 0 0 0 0 0.0808216
509 510 0.0975717 0 0 0 0 0 0 0.0975717
510 511 2.32264e-05 0 -1.38645 0 0 0 0 -1.38643
511 512 0.000560273 0 -0.380934 0 0 0 0 -0.380374
512 513 0.00188448 0 -1.19518 0 0 0 0 -1.1933
513 514 0.379781 0 -1.35016 0 0 0 0 -0.97038
514 515 0.00243917 0 0 0 0 0 0 0.00243917
515 516 0.0389344 0 0 0 0 0 0 0.0389344
516 517 0.165433 0 0 0 0 0 0 0.165433
517 518 0.117315 0 0 0 0 0 0 0.117315
518 519 0.00995938 0 0 0 0 0 0 0.00995938
520 521 0.00905968 0 -1.28899 0 0 0 0 -1.27993
521 522 0.192751 0 -1.41613 0 0 0 0 -1.22338
522 523 0.00982249 0 -0 0 0 0 0 0.00982249
523 524 0.0509169 0 0 0 0 0 0 0.0509169
524 525 0.0677325 0 -0.832981 0 0 0 0 -0.765248
525 526 0.00795432 0 -1.18627 0 0 0 0 -1.17832
526 527 0.00306145 0 -1.24521 0 0 0 0 -1.24215
527 528 0.0241482 0 -1.38143 0 0 0 0 -1.35728
528 529 0.229561 0 -1.16041 0 0 0 0 -0.930849
529 530 0.0145839 0 0 0 0 0 0 0.0145839
530 531 0.0617548 0 -0.808581 0 0 0 0 -0.746827
531 532 0.036651 0 0 0 0 0 0 0.036651
532 533 0.0259752 0 0 0 0 0 0 0.0259752
533 534 0.0246928 0 0 0 0 0 0 0.0246928
534 535 0.105967 0 -1.3605 0 0 0 0 -1.25454
535 536 0.0287919 0 0 0 0 0 0 0.0287919
536 537 0.0396791 0 -1.32567 0 0 0 0 -1.28599
537 538 0.333621 0 -1.24651 0 0 0 0 -0.912889
538 539 0.00107556 0 -1.20184 0 0 0 0 -1.20077
540 541 0.00454903 0 -1.20972 0 0 0 0 -1.20517
541 542 0.0821931 0 -1.20706 0 0 0 0 -1.12486
542 543 0.0410417 0 -0 0 0 0 0 0.0410417
543 544 0.000226494 0 -0.836441 0 0 0 0 -0.836215
544 545 0.0947193 0 -1.10733 0 0 0 0 -1.01261
545 546 0.127899 0 0 0 0 0 0 0.127899
546 547 0.0777816 0 -1.09757 0 0 0 0 -1.01979
547 548 0.00763679 0 -1.42619 0 0 0 0 -1.41855
548 549 0.0343777 0 -1.09478 0 0 0 0 -1.0604
549 550 0.00457535 0 0 0 0 0 0 0.00457535
550 551 0.0658839 0 -1.31826 0 0 0 0 -1.25237
551 552 0.0896243 0 -1.08238 0 0 0 0 -0.992751
552 553 3.2419e-05 0 -1.4094 0 0 0 0 -1.40937
553 554 0.0571451 0 -0.995152 0 0 0 0 -0.938007
554 555 0.0200949 0 0 0 0 0 0 0.0200949
555 556 0.000158704 0 0 0 0 0 0 0.000158704
556 557 0.00295297 0 0 0 0 0 0 0.00295297
557 558 0.0877553 0 -1.23664 0 0 0 0 -1.14888
558 559 0.0640087 0 -1.28252 0 0 0 0 -1.21851
560 561 0.0138389 0 -1.06966 0 0 0 0 -1.05582
561 562 0.0870556 0 -1.26659 0 0 0 0 -1.17954
562 563 0.210646 0 0 0 0 0 0 0.210646
563 564 0.013322 0 -0 0 0 0 0 0.013322
564 565 0.0111769 0 -0 0 0 0 0 0.0111769
565 566 0.0674213 0 -1.27922 0 0 0 0 -1.2118
566 567 0.0594651 0 0 0 0 0 0 0.0594651
567 568 0.00383119 0 -1.12176 0 0 0 0 -1.11793
568 569 0.0219026 0 0 0 0 0 0 0.0219026
569 570 0.0742122 0 0 0 0 0 0 0.0742122
570 571 0.0244518 0 -1.21817 0 0 0 0 -1.19372
571 572 0.0021964 0 -1.03962 0 0 0 0 -1.03743
572 573 0.214542 0 0 0 0 0 0 0.214542
573 574 0.0161122 0 -1.29855 0 0 0 0 -1.28243
574 575 0.0194045 0 -1.34248 0 0 0 0 -1.32307
575 576 0.0272889 0 -1.33216 0 0 0 0 -1.30487
576 577 0.067407 0 0 0 0 0 0 0.067407
577 578 0.196199 0 0 0 0 0 0 0.196199
578 579 0.00975549 0 -1.32823 0 0 0 0 -1.31848
580 581 0.000673674 0 0 0 0 0 0 0.000673674
581 582 0.0489727 0 -1.02452 0 0 0 0 -0.975543
582 583 0.0337493 0 -1.08945 0 0 0 0 -1.05571
583 584 0.00737174 0 -1.22119 0 0 0 0 -1.21382
584 585 0.000318641 0 -0.331964 0 0 0 0 -0.331645
585 586 0.0142315 0 0 0 0 0 0 0.0142315
586 587 0.000904533 0 -0.611969 0 0 0 0 -0.611065
587 588 0.0448132 0 -1.41048 0 0 0 0 -1.36566
588 589 0.016202 0 -1.21862 0 0 0 0 -1.20242
589 590 0.0207983 0 -1.31195 0 0 0 0 -1.29115
590 591 0.0960101 0 0 0 0 0 0 0.0960101
591 592 0.0313664 0 0 0 0 0 0 0.0313664
592 593 0.00511863 0 -1.35051 0 0 0 0 -1.34539
593 594 0.0289719 0 -1.17081 0 0 0 0 -1.14183
594 595 0.0104651 0 0 0 0 0 0 0.0104651
595 596 1.3319e-06 0 0 0 0 0 0 1.3319e-06
596 597 0.00826249 0 -1.05192 0 0 0 0 -1.04366
597 598 0.00215826 0 -0.729688 0 0 0 0 -0.72753
598 599 0.0241364 0 -1.28856 0 0 0 0 -1.26442
#Total energy per particle is  -0.524752 and should be -0.52475210
