           0   0.000000
       10000  -0.547034
       20000   0.000000
       30000  -1.156426
       40000  -0.904823
       50000   0.000000
       60000   0.000000
       70000  -3.316507
       80000  -3.786664
       90000  -2.647279
      100000  -4.393350
      110000  -2.839549
      120000  -1.465063
      130000  -4.031306
      140000  -2.343349
      150000  -4.012262
      160000  -3.604382
      170000  -2.611718
      180000  -4.272502
      190000  -2.195124
      200000  -3.276929
