           0   0.000000
       10000  -3.208324
       20000  -3.452609
       30000  -0.888845
       40000  -1.982887
       50000  -1.153551
       60000  -1.007497
       70000  -0.562594
       80000  -3.065361
       90000  -5.402767
      100000  -4.043262
      110000  -4.522681
      120000  -3.556080
      130000  -4.660365
      140000  -2.545496
      150000  -1.763156
      160000  -5.690178
      170000  -8.611556
      180000  -6.602477
      190000  -7.768700
      200000  -3.716357
