           0   0.000000
       10000  -0.772782
       20000  -1.436396
       30000  -0.527378
       40000   0.000000
       50000  -1.155073
       60000  -1.548289
       70000  -2.438302
       80000   0.000000
       90000   0.000000
      100000  -0.113361
      110000   0.000000
      120000  -0.002449
      130000  -1.873326
      140000  -0.000003
      150000  -2.477582
      160000  -1.954130
      170000   0.000000
      180000  -1.702734
      190000  -0.573973
      200000  -0.000000
