           0   0.000000
       10000  -0.002724
       20000  -1.145403
       30000  -1.767957
       40000  -3.327681
       50000  -1.857710
       60000   0.000000
       70000   0.000000
       80000  -1.747580
       90000  -1.238454
      100000  -0.806511
      110000  -1.209207
      120000  -3.155767
      130000  -2.345556
      140000  -3.512037
      150000  -0.768356
      160000   0.000000
      170000  -0.752855
      180000   0.000000
      190000  -1.312870
      200000   0.000000
