           0   0.000000
       10000   0.000000
       20000  -0.002591
       30000  -2.270393
       40000  -2.885140
       50000  -1.402502
       60000  -0.672885
       70000  -2.870085
       80000  -4.858118
       90000  -7.333096
      100000  -8.890931
      110000  -7.607240
      120000  -9.180788
      130000  -8.041537
      140000  -9.442123
      150000  -7.685787
      160000  -9.895390
      170000  -8.721008
      180000  -7.842505
      190000  -5.092000
      200000  -8.368575
