           0   0.000000
       10000  -0.001645
       20000  -1.993908
       30000  -3.333157
       40000  -2.303294
       50000  -4.142830
       60000  -7.270388
       70000  -6.131457
       80000  -6.909543
       90000 -10.001551
      100000  -9.049959
      110000  -7.501846
      120000  -8.900294
      130000  -6.424707
      140000 -10.688172
      150000 -10.154718
      160000 -12.065002
      170000 -11.529392
      180000  -7.776054
      190000  -9.336766
      200000  -9.640593
