           0   0.000000
       10000  -4.614212
       20000  -6.301384
       30000  -5.360241
       40000  -3.995240
       50000  -8.788767
       60000  -8.494010
       70000 -12.597684
       80000 -12.794629
       90000 -10.252582
      100000 -15.521781
      110000 -15.659047
      120000 -23.488962
      130000 -17.611629
      140000 -21.918699
      150000 -18.695124
      160000 -18.208608
      170000 -13.926741
      180000 -10.161593
      190000 -13.557202
      200000 -13.533155
