#id1 id2 FENE BEXC STCK NEXC HB CRSTCK CXSTCK total, t = 200000
0 1 0.00700738 0 0 0 0 0 0 0.00700738
1 2 0.0280927 0 0 0 0 0 0 0.0280927
2 3 0.0227822 0 0 0 0 0 0 0.0227822
3 4 0.0610465 0 0 0 0 0 0 0.0610465
4 5 0.0122715 0 -1.10448 0 0 0 0 -1.09221
5 6 0.0285134 0 -1.31299 0 0 0 0 -1.28448
6 7 0.260158 0 -1.30295 0 0 0 0 -1.04279
7 8 0.0049548 0 0 0 0 0 0 0.0049548
8 9 0.0123131 0 0 0 0 0 0 0.0123131
9 10 0.0211116 0 -1.09717 0 0 0 0 -1.07605
10 11 0.000125785 0 -1.1668 0 0 0 0 -1.16668
11 12 0.0311749 0 0 0 0 0 0 0.0311749
12 13 0.0104907 0 0 0 0 0 0 0.0104907
13 14 0.010577 0 -1.10391 0 0 0 0 -1.09334
14 15 0.00162496 0 0 0 0 0 0 0.00162496
15 16 0.00635609 0 -1.21149 0 0 0 0 -1.20513
16 17 0.0568224 0 -1.09126 0 0 0 0 -1.03444
17 18 6.27428e-06 0 -1.05837 0 0 0 0 -1.05837
18 19 0.0574274 0 -1.08779 0 0 0 0 -1.03036
20 21 0.06421 0 0 0 0 0 0 0.06421
21 22 0.0142443 0 -0 0 0 0 0 0.0142443
22 23 0.0344681 0 -1.24667 0 0 0 0 -1.2122
23 24 0.0728233 0 0 0 0 0 0 0.0728233
24 25 0.00387246 0 -1.15518 0 0 0 0 -1.15131
25 26 0.00507632 0 -1.16975 0 0 0 0 -1.16467
26 27 1.31453e-05 0 -1.24038 0 0 0 0 -1.24036
27 28 0.0302263 0 -1.10572 0 0 0 0 -1.07549
28 29 0.00384552 0 0 0 0 0 0 0.00384552
29 30 0.016668 0 -0.138461 0 0 0 0 -0.121793
30 31 0.00214485 0 0 0 0 0 0 0.00214485
31 32 0.104073 0 -0 0 0 0 0 0.104073
32 33 0.0851443 0 -0 0 0 0 0 0.0851443
33 34 0.0120428 0 -0 0 0 0 0 0.0120428
34 35 0.0229688 0 -1.21285 0 0 0 0 -1.18988
35 36 0.133186 0 0 0 0 0 0 0.133186
36 37 0.14039 0 0 0 0 0 0 0.14039
37 38 0.0127574 0 0 0 0 0 0 0.0127574
38 39 0.0325885 0 -0 0 0 0 0 0.0325885
40 41 0.142666 0 -1.22555 0 0 0 0 -1.08289
41 42 0.0019692 0 -0.791182 0 0 0 0 -0.789213
42 43 0.296485 0 -1.16911 0 0 0 0 -0.87262
43 44 0.00261486 0 -1.20681 0 0 0 0 -1.2042
44 45 0.0175645 0 -1.43784 0 0 0 0 -1.42028
45 46 0.0637696 0 -1.14419 0 0 0 0 -1.08042
46 47 1.07517e-05 0 0 0 0 0 0 1.07517e-05
47 48 0.0946772 0 0 0 0 0 0 0.0946772
48 49 0.0190297 0 -0 0 0 0 0 0.0190297
49 50 0.000855286 0 -1.31258 0 0 0 0 -1.31172
48 51 0 0 0 0 0 -0.0236197 0 -0.0236197
50 51 9.88598e-06 0 -1.0131 0 0 0 0 -1.01309
51 52 0.0609603 0 0 0 0 0 0 0.0609603
52 53 0.00114922 0 0 0 0 0 0 0.00114922
53 54 0.00149112 0 0 0 0 0 0 0.00149112
54 55 0.0109615 0 -1.38504 0 0 0 0 -1.37408
55 56 0.329187 0 0 0 0 0 0 0.329187
56 57 0.0439079 0 -0.00503417 0 0 0 0 0.0388737
57 58 0.137819 0 -0.806849 0 0 0 0 -0.66903
58 59 0.0835598 0 -0.732356 0 0 0 0 -0.648796
60 61 0.0614849 0 0 0 0 0 0 0.0614849
61 62 0.006651 0 -1.12594 0 0 0 0 -1.11929
61 63 0 0 0 0 0 -2.61334e-08 0 -2.61334e-08
62 63 0.0819068 0 -1.09128 0 0 0 0 -1.00937
63 64 0.0463723 0 0 0 0 0 0 0.0463723
64 65 0.0415582 0 -0 0 0 0 0 0.0415582
65 66 0.00589156 0 -1.22724 0 0 0 0 -1.22135
66 67 0.0968294 0 0 0 0 0 0 0.0968294
67 68 0.0015974 0 -1.34718 0 0 0 0 -1.34558
68 69 0.0152672 0 -1.27545 0 0 0 0 -1.26019
69 70 0.112961 0 0 0 0 0 0 0.112961
70 71 0.00359362 0 -0.634971 0 0 0 0 -0.631377
71 72 0.0114379 0 0 0 0 0 0 0.0114379
72 73 0.0378465 0 -1.22185 0 0 0 0 -1.184
73 74 0.0127459 0 0 0 0 0 0 0.0127459
74 75 0.000258307 0 -0 0 0 0 0 0.000258307
75 76 0.0290977 0 -1.27787 0 0 0 0 -1.24877
76 77 0.00190495 0 0 0 0 0 0 0.00190495
77 78 0.0347494 0 0 0 0 0 0 0.0347494
78 79 0.035436 0 -0 0 0 0 0 0.035436
80 81 0.267872 0 0 0 0 0 0 0.267872
81 82 0.0213031 0 -1.1207 0 0 0 0 -1.0994
82 83 0.0112314 0 -1.26409 0 0 0 0 -1.25285
83 84 0.0138781 0 -1.39868 0 0 0 0 -1.3848
84 85 0.000184235 0 -1.30108 0 0 0 0 -1.3009
85 86 0.0104705 0 -1.30495 0 0 0 0 -1.29448
85 87 0 0 0 0.00189159 0 0 0 0.00189159
86 87 0.0294861 0 0 0 0 0 0 0.0294861
87 88 0.0205596 0 -0.771879 0 0 0 0 -0.751319
88 89 0.00157744 0 -0.882071 0 0 0 0 -0.880493
89 90 0.00481384 0 -1.13175 0 0 0 0 -1.12693
90 91 0.000543849 0 -1.2372 0 0 0 0 -1.23666
91 92 0.0117607 0 -1.22766 0 0 0 0 -1.21589
92 93 0.104552 0 0 0 0 0 0 0.104552
90 94 0 0 0 0 0 -0.0761442 -0 -0.0761442
89 94 0 0 0 0 -0.693089 0 -0 -0.693089
88 94 0 0 0 0 -2.89505e-18 -0.125297 0 -0.125297
93 94 0.00424317 0 0 0 0 0 0 0.00424317
89 95 0 0 0 0 -0 -0.115898 0 -0.115898
88 95 0 0 0 0 -0.686009 0 -0 -0.686009
94 95 0.00339962 0 -0.831756 0 0 0 0 -0.828356
88 96 0 0 0 0 -0 -0.109198 0 -0.109198
87 96 0 0 0 0 -0.672742 0 -0 -0.672742
95 96 0.0475684 0 -1.14284 0 0 0 0 -1.09527
96 97 0.0225961 0 -0.831983 0 0 0 0 -0.809387
97 98 0.323451 0 -1.21718 0 0 0 0 -0.89373
98 99 0.0719416 0 0 0 0 0 0 0.0719416
100 101 0.00580548 0 0 0 0 0 0 0.00580548
101 102 0.0332496 0 0 0 0 0 0 0.0332496
102 103 0.0985184 0 -1.2223 0 0 0 0 -1.12378
103 104 0.00120694 0 -1.36164 0 0 0 0 -1.36044
104 105 0.0137937 0 -1.41362 0 0 0 0 -1.39983
105 106 0.0385761 0 0 0 0 0 0 0.0385761
106 107 0.0413101 0 0 0 0 0 0 0.0413101
107 108 0.0798157 0 -0.652027 0 0 0 0 -0.572212
108 109 3.94383e-05 0 -0.750914 0 0 0 0 -0.750875
109 110 0.0119189 0 -1.27077 0 0 0 0 -1.25885
110 111 0.0939364 0 -1.02296 0 0 0 0 -0.929027
111 112 0.0386122 0 0 0 0 0 0 0.0386122
112 113 0.10064 0 -0 0 0 0 0 0.10064
113 114 0.051256 0 0 0 0 0 0 0.051256
114 115 0.0581761 0 0 0 0 0 0 0.0581761
115 116 0.0420685 0 0 0 0 0 0 0.0420685
116 117 0.158059 0 0 0 0 0 0 0.158059
117 118 0.000290378 0 0 0 0 0 0 0.000290378
118 119 0.0936048 0 -1.2753 0 0 0 0 -1.18169
120 121 0.00466962 0 0 0 0 0 0 0.00466962
121 122 0.0821481 0 -1.30937 0 0 0 0 -1.22722
122 123 0.0596518 0 -0.523566 0 0 0 0 -0.463915
123 124 0.000122393 0 -0.839074 0 0 0 0 -0.838951
124 125 0.00530399 0 0 0 0 0 0 0.00530399
125 126 0.101786 0 -1.41873 0 0 0 0 -1.31695
126 127 0.0770896 0 -0.524046 0 0 0 0 -0.446956
127 128 0.0051958 0 -0 0 0 0 0 0.0051958
128 129 0.0148294 0 0 0 0 0 0 0.0148294
129 130 0.0413483 0 0 0 0 0 0 0.0413483
130 131 0.0891754 0 0 0 0 0 0 0.0891754
131 132 0.0257347 0 -1.21246 0 0 0 0 -1.18673
132 133 0.011067 0 -1.23232 0 0 0 0 -1.22126
133 134 0.00111286 0 -1.17545 0 0 0 0 -1.17434
134 135 0.0165267 0 -1.19571 0 0 0 0 -1.17918
135 136 0.0118243 0 -1.22832 0 0 0 0 -1.21649
136 137 0.00473189 0 0 0 0 0 0 0.00473189
137 138 0.000901876 0 0 0 0 0 0 0.000901876
138 139 0.107552 0 0 0 0 0 0 0.107552
140 141 0.146499 0 -0.85418 0 0 0 0 -0.707681
141 142 0.0504915 0 0 0 0 0 0 0.0504915
142 143 0.102156 0 -1.40257 0 0 0 0 -1.30041
143 144 0.0141748 0 -0.790864 0 0 0 0 -0.77669
144 145 0.0397157 0 -0 0 0 0 0 0.0397157
145 146 0.00026804 0 -1.11017 0 0 0 0 -1.1099
146 147 5.44521e-05 0 -1.34217 0 0 0 0 -1.34212
147 148 0.127615 0 0 0 0 0 0 0.127615
148 149 0.0198046 0 0 0 0 0 0 0.0198046
149 150 0.00258465 0 -1.39272 0 0 0 0 -1.39014
150 151 0.103787 0 0 0 0 0 0 0.103787
151 152 0.0620595 0 -1.04665 0 0 0 0 -0.98459
152 153 0.000549835 0 -0.515409 0 0 0 0 -0.51486
153 154 0.00319134 0 0 0 0 0 0 0.00319134
154 155 0.00304578 0 -1.02694 0 0 0 0 -1.02389
155 156 0.0225493 0 0 0 0 0 0 0.0225493
156 157 0.0710553 0 -1.23724 0 0 0 0 -1.16618
157 158 0.086154 0 -0.990404 0 0 0 0 -0.90425
158 159 0.00406083 0 -1.38858 0 0 0 0 -1.38452
160 161 0.240775 0 -1.27007 0 0 0 0 -1.0293
161 162 0.000116924 0 0 0 0 0 0 0.000116924
162 163 0.0107388 0 -0.820721 0 0 0 0 -0.809982
163 164 0.0316645 0 0 0 0 0 0 0.0316645
164 165 0.00241716 0 0 0 0 0 0 0.00241716
165 166 0.0142296 0 -1.27734 0 0 0 0 -1.26311
166 167 6.6407e-05 0 -1.04229 0 0 0 0 -1.04222
167 168 0.0114213 0 -0.954037 0 0 0 0 -0.942616
168 169 0.0357826 0 -1.22632 0 0 0 0 -1.19054
169 170 0.186071 0 -1.29621 0 0 0 0 -1.11014
170 171 0.00437679 0 -0 0 0 0 0 0.00437679
171 172 0.00463055 0 -0 0 0 0 0 0.00463055
172 173 0.0434496 0 -1.20382 0 0 0 0 -1.16038
170 174 0 0 0 0 0 -0.0020973 -0 -0.0020973
169 174 0 0 0 0 -0 -0.011106 0 -0.011106
173 174 0.0161702 0 -1.3924 0 0 0 0 -1.37623
170 175 0 0 0 0 0 -0.144051 -0 -0.144051
169 175 0 0 0 0 -0.808644 0 -0 -0.808644
168 175 0 0 0 0 -0 -0.188289 0 -0.188289
174 175 6.20354e-05 0 -1.06789 0 0 0 0 -1.06783
169 176 0 0 0 0 -0 -0.0262083 0 -0.0262083
168 176 0 0 0 0 -0.666264 0 -0 -0.666264
167 176 0 0 0 0 -1.95596e-28 -0.155707 0 -0.155707
175 176 0.0216253 0 -0.624744 0 0 0 0 -0.603119
168 177 0 0 0 0 -0 -0.00261917 -0 -0.00261917
167 177 0 0 0 0 -0.713127 0 -0 -0.713127
166 177 0 0 0 0 0 -0.0918324 -0 -0.0918324
176 177 0.000324541 0 -1.12789 0 0 0 0 -1.12756
167 178 0 0 0 0 0 -0.199395 0 -0.199395
166 178 0 0 0 0 -0.61608 0 -0 -0.61608
165 178 0 0 0 0 -0 -0.0766179 0 -0.0766179
177 178 0.0100195 0 -1.13494 0 0 0 0 -1.12492
166 179 0 0 0 0 -0 -0.0825975 -0 -0.0825975
163 179 0 0 0 0 0 -0.00594524 -0 -0.00594524
162 179 0 0 0 0 0 -0.111678 0 -0.111678
178 179 0.00816335 0 -1.27903 0 0 0 0 -1.27087
180 181 0.0316837 0 -0 0 0 0 0 0.0316837
181 182 0.0162895 0 -0.82457 0 0 0 0 -0.808281
182 183 0.00711872 0 -0.720908 0 0 0 0 -0.713789
183 184 0.0041481 0 0 0 0 0 0 0.0041481
184 185 0.0438077 0 0 0 0 0 0 0.0438077
185 186 0.0203532 0 0 0 0 0 0 0.0203532
186 187 0.0149095 0 -1.18361 0 0 0 0 -1.1687
187 188 0.0538929 0 -1.06062 0 0 0 0 -1.00673
188 189 0.0289272 0 -0 0 0 0 0 0.0289272
189 190 0.0139519 0 -0.439097 0 0 0 0 -0.425145
190 191 0.00177827 0 -1.19486 0 0 0 0 -1.19308
191 192 0.0629253 0 -0 0 0 0 0 0.0629253
192 193 0.00904005 0 0 0 0 0 0 0.00904005
193 194 0.0036467 0 0 0 0 0 0 0.0036467
194 195 0.00165448 0 -1.0837 0 0 0 0 -1.08204
195 196 0.0177548 0 -1.34051 0 0 0 0 -1.32275
196 197 6.97575e-06 0 -1.28519 0 0 0 0 -1.28518
197 198 0.0010053 0 0 0 0 0 0 0.0010053
198 199 0.0736211 0 0 0 0 0 0 0.0736211
200 201 0.000234053 0 -1.28654 0 0 0 0 -1.2863
201 202 0.000838457 0 0 0 0 0 0 0.000838457
202 203 0.0931913 0 0 0 0 0 0 0.0931913
203 204 0.0658774 0 -1.28254 0 0 0 0 -1.21667
204 205 0.126273 0 -1.38293 0 0 0 0 -1.25665
205 206 6.45033e-06 0 -1.06618 0 0 0 0 -1.06617
206 207 0.048183 0 -1.32591 0 0 0 0 -1.27773
207 208 0.0577053 0 -1.1996 0 0 0 0 -1.14189
208 209 0.0484146 0 -1.10963 0 0 0 0 -1.06122
209 210 0.0522831 0 -1.16208 0 0 0 0 -1.1098
210 211 0.0262099 0 0 0 0 0 0 0.0262099
211 212 0.241414 0 -1.2762 0 0 0 0 -1.03478
209 213 0 0 0 0 -0 -0.180912 0 -0.180912
212 213 0.00163468 0 -0.378568 0 0 0 0 -0.376934
210 214 0 0 0 0 -0 -0.0672832 0 -0.0672832
209 214 0 0 0 0 -0.0791085 0 -0 -0.0791085
208 214 0 0 0 0 0 -0.111393 0 -0.111393
213 214 0.000162953 0 -1.08438 0 0 0 0 -1.08422
209 215 0 0 0 0 0 -0.00512087 -0 -0.00512087
208 215 0 0 0 0 -0.723061 0 -0 -0.723061
207 215 0 0 0 0 -0 -0.175092 -0 -0.175092
214 215 0.0325566 0 -1.21518 0 0 0 0 -1.18263
208 216 0 0 0 0 -0 -0.119119 0 -0.119119
207 216 0 0 0 0 -0.813066 0 -0 -0.813066
206 216 0 0 0 0 -3.40907e-29 -0.154995 0 -0.154995
215 216 0.0712449 0 -1.11379 0 0 0 0 -1.04255
205 217 0 0 0 0 0 -0.0739513 0 -0.0739513
207 217 0 0 0 0 -0 -0.069967 -0 -0.069967
206 217 0 0 0 0 -0.811425 0 -0 -0.811425
216 217 0.00856858 0 -1.12202 0 0 0 0 -1.11345
205 218 0 0 0 0 -0.527226 -6.05917e-18 -0 -0.527226
204 218 0 0 0 0 -3.09694e-28 -0.109007 0 -0.109007
206 218 0 0 0 0 0 -0.118561 0 -0.118561
217 218 0.0106053 0 -1.22012 0 0 0 0 -1.20951
205 219 0 0 0 0 -0 -0.17663 0 -0.17663
204 219 0 0 0 0 -0.700728 0 -0 -0.700728
203 219 0 0 0 0 0 -0.152167 0 -0.152167
218 219 0.0721769 0 -0.658449 0 0 0 0 -0.586272
220 221 0.0179518 0 0 0 0 0 0 0.0179518
221 222 0.0589388 0 0 0 0 0 0 0.0589388
222 223 0.0119086 0 -1.32171 0 0 0 0 -1.3098
223 224 0.0530469 0 -1.17268 0 0 0 0 -1.11963
224 225 0.00028339 0 -1.19678 0 0 0 0 -1.1965
225 226 0.0345791 0 -1.24149 0 0 0 0 -1.20691
226 227 0.0789305 0 -0.380597 0 0 0 0 -0.301667
227 228 0.360951 0 0 0 0 0 0 0.360951
228 229 0.183148 0 -1.18015 0 0 0 0 -0.997002
229 230 0.0399478 0 -1.35916 0 0 0 0 -1.31921
230 231 0.000407224 0 -0.943757 0 0 0 0 -0.94335
231 232 0.0277965 0 0 0 0 0 0 0.0277965
232 233 0.0464565 0 -0 0 0 0 0 0.0464565
232 234 0 0 0 0 -0 -0 -0.142704 -0.142704
233 234 0.009255 0 0 0 0 0 0 0.009255
234 235 0.0144877 0 0 0 0 0 0 0.0144877
235 236 0.127576 0 -0.793954 0 0 0 0 -0.666379
236 237 0.0048847 0 -1.16491 0 0 0 0 -1.16002
237 238 0.0158295 0 -1.40542 0 0 0 0 -1.38959
238 239 0.0412274 0 -1.41813 0 0 0 0 -1.3769
240 241 0.00752696 0 -0.936358 0 0 0 0 -0.928831
241 242 0.00862233 0 -1.20188 0 0 0 0 -1.19325
242 243 0.0739863 0 -0.986004 0 0 0 0 -0.912018
243 244 0.055219 0 -0.829329 0 0 0 0 -0.77411
244 245 0.0184891 0 -1.35684 0 0 0 0 -1.33835
245 246 0.033643 0 -1.11346 0 0 0 0 -1.07982
246 247 0.000190946 0 -1.45308 0 0 0 0 -1.45288
247 248 0.00535699 0 -1.16727 0 0 0 0 -1.16191
248 249 0.0323559 0 0 0 0 0 0 0.0323559
249 250 0.147538 0 0 0 0 0 0 0.147538
250 251 0.0768491 0 -1.28791 0 0 0 0 -1.21106
251 252 7.35691e-05 0 -1.21739 0 0 0 0 -1.21732
246 253 0 0 0 0 0 -0.0466003 0 -0.0466003
245 253 0 0 0 0 -0.734169 0 -0 -0.734169
244 253 0 0 0 0 -7.3246e-31 -0.105857 0 -0.105857
252 253 0.0345941 0 0 0 0 0 0 0.0345941
245 254 0 0 0 0 -0 -0.172837 0 -0.172837
244 254 0 0 0 0 -0.367934 0 -0 -0.367934
243 254 0 0 0 0 0 -0.0489964 0 -0.0489964
253 254 0.0123847 0 -1.26607 0 0 0 0 -1.25368
244 255 0 0 0 0 0 -0.00565595 -0 -0.00565595
243 255 0 0 0 0 -0.579766 0 -0 -0.579766
242 255 0 0 0 0 -1.60611e-28 -0.156154 0 -0.156154
254 255 0.00912942 0 -0.769693 0 0 0 0 -0.760564
243 256 0 0 0 0 -0 -0.123479 0 -0.123479
242 256 0 0 0 0 -0.656942 0 -0 -0.656942
241 256 0 0 0 0 -0 -0.114056 -0 -0.114056
255 256 0.116374 0 -1.38437 0 0 0 0 -1.26799
242 257 0 0 0 0 -0 -0.184787 0 -0.184787
256 257 0.385322 0 -1.36224 0 0 0 0 -0.976914
257 258 0.0774696 0 0 0 0 0 0 0.0774696
258 259 0.208939 0 -1.19457 0 0 0 0 -0.985627
260 261 6.18408e-05 0 -1.34152 0 0 0 0 -1.34146
261 262 0.0245731 0 -1.34173 0 0 0 0 -1.31715
262 263 0.0842759 0 -1.25883 0 0 0 0 -1.17456
263 264 0.0186878 0 -0.862746 0 0 0 0 -0.844058
264 265 0.0282824 0 -1.27632 0 0 0 0 -1.24803
265 266 0.00869623 0 -1.31017 0 0 0 0 -1.30147
266 267 0.00132498 0 -1.13007 0 0 0 0 -1.12875
267 268 0.00525305 0 -0.924882 0 0 0 0 -0.919629
268 269 0.0244457 0 -1.35502 0 0 0 0 -1.33057
269 270 0.0212752 0 -1.36776 0 0 0 0 -1.34648
268 271 0 0 0 0 -0 -0.00222802 -0 -0.00222802
267 271 0 0 0 0 -0.785913 0 -0 -0.785913
266 271 0 0 0 0 -1.62588e-28 -0.127456 0 -0.127456
270 271 0.415439 0 0 0 0 0 0 0.415439
267 272 0 0 0 0 -0 -0.198861 0 -0.198861
266 272 0 0 0 0 -0.514105 0 -0 -0.514105
265 272 0 0 0 0 0 -0.1324 0 -0.1324
271 272 0.0348819 0 -1.25502 0 0 0 0 -1.22014
266 273 0 0 0 0 0 -0.023617 0 -0.023617
265 273 0 0 0 0 -0.50881 0 -0 -0.50881
264 273 0 0 0 0 -1.54502e-15 -0.0713709 0 -0.0713709
272 273 0.0389512 0 -0.788487 0 0 0 0 -0.749536
265 274 0 0 0 0 -0 -0.15916 0 -0.15916
264 274 0 0 0 0 -0.811312 0 -0 -0.811312
263 274 0 0 0 0 0 -0.14217 0 -0.14217
273 274 0.00369458 0 -1.1885 0 0 0 0 -1.18481
264 275 0 0 0 0 0 -0.143888 0 -0.143888
263 275 0 0 0 0 -0.513699 0 -0 -0.513699
262 275 0 0 0 0 -1.82044e-28 -0.0981625 0 -0.0981625
274 275 0.010644 0 -1.27124 0 0 0 0 -1.26059
263 276 0 0 0 0 -0 -0.128693 0 -0.128693
262 276 0 0 0 0 -0.639994 0 -0 -0.639994
261 276 0 0 0 0 -5.33586e-29 -0.049357 -0 -0.049357
275 276 0.000219499 0 -1.31422 0 0 0 0 -1.314
262 277 0 0 0 0 -0 -0.199298 0 -0.199298
261 277 0 0 0 0 -0.770472 0 -0 -0.770472
260 277 0 0 0 0 0 -0.061757 0 -0.061757
276 277 0.0330125 0 -0.984988 0 0 0 0 -0.951975
261 278 0 0 0 0 0 -0.090623 0 -0.090623
260 278 0 0 0 0 -0 -0.00108418 -0 -0.00108418
277 278 0.00587588 0 -1.44438 0 0 0 0 -1.43851
260 279 0 0 0 0 -0 -0.0311867 0 -0.0311867
278 279 0.0142189 0 -1.2257 0 0 0 0 -1.21149
280 281 0.00637564 0 0 0 0 0 0 0.00637564
281 282 0.00217907 0 -1.1225 0 0 0 0 -1.12032
282 283 0.0100921 0 0 0 0 0 0 0.0100921
283 284 0.158044 0 -0.997341 0 0 0 0 -0.839297
284 285 0.100057 0 -1.18437 0 0 0 0 -1.08432
285 286 0.000489765 0 -1.1514 0 0 0 0 -1.15091
286 287 0.144905 0 -0.840093 0 0 0 0 -0.695188
287 288 0.122611 0 -0.908935 0 0 0 0 -0.786324
288 289 0.0956311 0 -0.971456 0 0 0 0 -0.875825
289 290 0.042518 0 -1.35506 0 0 0 0 -1.31254
290 291 0.000564124 0 -1.17992 0 0 0 0 -1.17935
291 292 0.139377 0 -1.17752 0 0 0 0 -1.03814
292 293 0.0282719 0 0 0 0 0 0 0.0282719
293 294 0.00469345 0 0 0 0 0 0 0.00469345
294 295 0.00431436 0 -1.01758 0 0 0 0 -1.01327
295 296 0.000338978 0 -1.30144 0 0 0 0 -1.30111
296 297 0.19816 0 -1.1057 0 0 0 0 -0.907544
297 298 0.000943144 0 -1.35615 0 0 0 0 -1.35521
298 299 0.000236625 0 -1.3939 0 0 0 0 -1.39367
300 301 0.00684658 0 0 0 0 0 0 0.00684658
301 302 0.0112882 0 -1.31703 0 0 0 0 -1.30574
302 303 0.0242177 0 0 0 0 0 0 0.0242177
303 304 0.00332514 0 -1.39842 0 0 0 0 -1.3951
304 305 0.11058 0 -1.31912 0 0 0 0 -1.20854
305 306 0.0614466 0 -0.840764 0 0 0 0 -0.779317
306 307 7.27387e-05 0 -1.18011 0 0 0 0 -1.18003
307 308 0.0932563 0 -1.25778 0 0 0 0 -1.16453
308 309 0.0621975 0 -1.23666 0 0 0 0 -1.17446
309 310 0.0198255 0 -1.07654 0 0 0 0 -1.05671
310 311 0.0410626 0 0 0 0 0 0 0.0410626
311 312 0.0460067 0 -0.666676 0 0 0 0 -0.620669
310 313 0 0 0 0 -0 -0.00564492 0 -0.00564492
309 313 0 0 0 0 -0 -0.171983 0 -0.171983
312 313 0.015152 0 -1.20867 0 0 0 0 -1.19352
310 314 0 0 0 0 -0 -0.043988 0 -0.043988
309 314 0 0 0 0 -0.660132 0 -0 -0.660132
308 314 0 0 0 0 0 -0.171204 0 -0.171204
313 314 0.110744 0 -1.42428 0 0 0 0 -1.31354
309 315 0 0 0 0 0 -0.18624 0 -0.18624
308 315 0 0 0 0 -0.806984 0 -0 -0.806984
307 315 0 0 0 0 -0 -0.143793 0 -0.143793
314 315 0.0711511 0 -0.953469 0 0 0 0 -0.882318
308 316 0 0 0 0 -0 -0.15121 0 -0.15121
307 316 0 0 0 0 -0.586262 0 -0 -0.586262
306 316 0 0 0 0 -5.96025e-30 -0.0617078 0 -0.0617078
315 316 0.00136874 0 -1.20282 0 0 0 0 -1.20145
307 317 0 0 0 0 -0 -0.17632 0 -0.17632
306 317 0 0 0 0 -0.668301 -1.1145e-11 -0 -0.668301
305 317 0 0 0 0 0 -0.126258 0 -0.126258
316 317 0.0466173 0 -1.07129 0 0 0 0 -1.02468
306 318 0 0 0 0 0 -0.166199 0 -0.166199
305 318 0 0 0 0 -0.658245 -3.85791e-27 -0 -0.658245
304 318 0 0 0 0 -6.32056e-28 -0.0706112 0 -0.0706112
317 318 0.00101865 0 -1.36973 0 0 0 0 -1.36871
305 319 0 0 0 0 -0 -0.188569 0 -0.188569
304 319 0 0 0 0 -0.629463 0 -0 -0.629463
303 319 0 0 0 0 0 -0.150849 -0 -0.150849
318 319 0.0749034 0 -1.25739 0 0 0 0 -1.18249
320 321 0.0246963 0 -1.35427 0 0 0 0 -1.32957
321 322 0.0612223 0 0 0 0 0 0 0.0612223
322 323 0.000432367 0 -1.24173 0 0 0 0 -1.24129
323 324 0.161743 0 -0.354038 0 0 0 0 -0.192296
324 325 0.021077 0 -1.17682 0 0 0 0 -1.15574
325 326 0.0412842 0 -1.27445 0 0 0 0 -1.23317
326 327 3.71716e-05 0 -1.41383 0 0 0 0 -1.41379
327 328 0.0599999 0 0 0 0 0 0 0.0599999
328 329 8.78698e-06 0 0 0 0 0 0 8.78698e-06
329 330 0.12082 0 -1.3982 0 0 0 0 -1.27738
330 331 0.000843197 0 -1.27566 0 0 0 0 -1.27482
331 332 0.0411619 0 -1.43056 0 0 0 0 -1.38939
332 333 0.00952147 0 0 0 0 0 0 0.00952147
333 334 0.000730785 0 -1.00455 0 0 0 0 -1.00382
334 335 0.00408213 0 -1.21642 0 0 0 0 -1.21234
335 336 0.00570358 0 -0.973771 0 0 0 0 -0.968067
336 337 0.0135555 0 -1.07906 0 0 0 0 -1.06551
337 338 0.133804 0 -1.19923 0 0 0 0 -1.06543
338 339 0.0213531 0 0 0 0 0 0 0.0213531
340 341 0.00803913 0 0 0 0 0 0 0.00803913
341 342 0.149852 0 -1.31037 0 0 0 0 -1.16052
342 343 0.0312785 0 0 0 0 0 0 0.0312785
343 344 0.0363743 0 -0.000361093 0 0 0 0 0.0360132
344 345 0.00248136 0 -0.9822 0 0 0 0 -0.979719
345 346 0.117345 0 -1.09717 0 0 0 0 -0.979825
346 347 0.208036 0 -1.44668 0 0 0 0 -1.23864
347 348 0.0166718 0 0 0 0 0 0 0.0166718
348 349 0.0273223 0 -0.910181 0 0 0 0 -0.882858
349 350 0.0264871 0 0 0 0 0 0 0.0264871
350 351 0.125765 0 0 0 0 0 0 0.125765
351 352 0.0223101 0 -0.000406672 0 0 0 0 0.0219035
352 353 0.00213975 0 -1.02551 0 0 0 0 -1.02337
353 354 0.135767 0 -1.26644 0 0 0 0 -1.13067
354 355 0.00170718 0 0 0 0 0 0 0.00170718
355 356 0.00502849 0 -1.27002 0 0 0 0 -1.26499
356 357 0.0217705 0 -1.22961 0 0 0 0 -1.20784
357 358 0.130923 0 -1.22892 0 0 0 0 -1.098
358 359 0.00426054 0 0 0 0 0 0 0.00426054
360 361 0.0591012 0 0 0 0 0 0 0.0591012
361 362 3.38476e-05 0 -1.2852 0 0 0 0 -1.28517
362 363 0.000786879 0 0 0 0 0 0 0.000786879
363 364 0.0202484 0 -1.20918 0 0 0 0 -1.18893
364 365 0.0813489 0 -1.45547 0 0 0 0 -1.37412
365 366 4.45754e-05 0 -0.929634 0 0 0 0 -0.92959
366 367 0.00818563 0 -0.695813 0 0 0 0 -0.687627
367 368 0.00197597 0 -1.32038 0 0 0 0 -1.31841
368 369 0.0386405 0 0 0 0 0 0 0.0386405
369 370 0.0953146 0 0 0 0 0 0 0.0953146
370 371 0.112688 0 -1.18229 0 0 0 0 -1.0696
371 372 0.150085 0 -0 0 0 0 0 0.150085
368 373 0 0 0 0 0 -0.0466934 -0 -0.0466934
372 373 0.0740218 0 0 0 0 0 0 0.0740218
368 374 0 0 0 0 0 -0.00411714 -0 -0.00411714
367 374 0 0 0 0 0 -0.148 0 -0.148
373 374 0.0269437 0 -1.2777 0 0 0 0 -1.25076
368 375 0 0 0 0 -0 -0.138022 0 -0.138022
367 375 0 0 0 0 -0.836791 0 -0 -0.836791
366 375 0 0 0 0 -0 -0.0808053 -0 -0.0808053
374 375 0.191356 0 -1.09398 0 0 0 0 -0.902628
367 376 0 0 0 0 -0 -0.123934 0 -0.123934
366 376 0 0 0 0 -0.257845 -0.000232877 0 -0.258078
365 376 0 0 0 0 0 -0.0056922 0 -0.0056922
375 376 0.00448802 0 -0.747593 0 0 0 0 -0.743105
365 377 0 0 0 0 0 -4.10804e-07 -0 -4.10804e-07
364 377 0 0 0 0 0 -0.0922747 0 -0.0922747
376 377 0.0123952 0 -0.792198 0 0 0 0 -0.779803
365 378 0 0 0 0 -0 -0.0850641 0 -0.0850641
364 378 0 0 0 0 -0.696359 0 -0 -0.696359
363 378 0 0 0 0 0 -0.0361361 -0 -0.0361361
377 378 0.000378331 0 -1.01959 0 0 0 0 -1.01921
364 379 0 0 0 0 -0 -0.0189492 -0 -0.0189492
378 379 0.000161949 0 -1.32752 0 0 0 0 -1.32736
380 381 0.151353 0 0 0 0 0 0 0.151353
381 382 0.000677258 0 -1.34305 0 0 0 0 -1.34237
382 383 0.08926 0 0 0 0 0 0 0.08926
383 384 0.00753092 0 0 0 0 0 0 0.00753092
384 385 0.167547 0 0 0 0 0 0 0.167547
385 386 5.65134e-07 0 -1.18504 0 0 0 0 -1.18504
386 387 0.0354655 0 -1.04413 0 0 0 0 -1.00867
387 388 0.0156612 0 -1.28225 0 0 0 0 -1.26659
388 389 0.0179278 0 0 0 0 0 0 0.0179278
389 390 0.00352489 0 -1.14808 0 0 0 0 -1.14455
390 391 0.00126404 0 -1.34695 0 0 0 0 -1.34568
391 392 0.131761 0 -0.815462 0 0 0 0 -0.683701
392 393 0.00193912 0 0 0 0 0 0 0.00193912
393 394 0.123395 0 -1.11271 0 0 0 0 -0.989311
394 395 4.41803e-06 0 0 0 0 0 0 4.41803e-06
395 396 0.0260258 0 -0.804558 0 0 0 0 -0.778533
396 397 0.020912 0 0 0 0 0 0 0.020912
397 398 0.00542349 0 -1.24526 0 0 0 0 -1.23983
398 399 0.000617931 0 -1.31351 0 0 0 0 -1.31289
400 401 0.0614527 0 -0.846054 0 0 0 0 -0.784601
401 402 0.0068125 0 -1.23858 0 0 0 0 -1.23177
402 403 0.00107599 0 0 0 0 0 0 0.00107599
403 404 0.0742661 0 0 0 0 0 0 0.0742661
404 405 0.0488583 0 0 0 0 0 0 0.0488583
405 406 0.000119049 0 -1.35845 0 0 0 0 -1.35833
406 407 0.0304657 0 -1.32132 0 0 0 0 -1.29086
407 408 0.00652557 0 -0.889931 0 0 0 0 -0.883406
408 409 0.0398826 0 -0.988886 0 0 0 0 -0.949003
409 410 0.102405 0 0 0 0 0 0 0.102405
410 411 0.00158299 0 -1.05712 0 0 0 0 -1.05554
411 412 0.0551513 0 0 0 0 0 0 0.0551513
412 413 0.0363896 0 -0 0 0 0 0 0.0363896
413 414 0.00345349 0 0 0 0 0 0 0.00345349
414 415 0.0135699 0 0 0 0 0 0 0.0135699
415 416 0.0431111 0 -0.796481 0 0 0 0 -0.753369
416 417 0.0779285 0 -1.26197 0 0 0 0 -1.18405
417 418 0.0180205 0 -0 0 0 0 0 0.0180205
418 419 0.000621739 0 -1.03226 0 0 0 0 -1.03164
420 421 0.0998125 0 0 0 0 0 0 0.0998125
421 422 0.0560978 0 -0 0 0 0 0 0.0560978
422 423 0.00198121 0 -1.08818 0 0 0 0 -1.0862
423 424 0.014057 0 -1.23874 0 0 0 0 -1.22468
424 425 0.0549087 0 -1.32128 0 0 0 0 -1.26637
425 426 0.355928 0 -0.739647 0 0 0 0 -0.383719
426 427 0.00266793 0 -1.15979 0 0 0 0 -1.15712
427 428 0.0201948 0 -1.07957 0 0 0 0 -1.05937
428 429 0.00882297 0 -1.3719 0 0 0 0 -1.36308
429 430 0.00753039 0 -1.36866 0 0 0 0 -1.36113
430 431 0.0158322 0 0 0 0 0 0 0.0158322
431 432 0.00533694 0 -1.40691 0 0 0 0 -1.40157
432 433 0.189037 0 0 0 0 0 0 0.189037
433 434 0.117419 0 -0 0 0 0 0 0.117419
433 435 0 0 0 0.0126878 0 -0 -0 0.0126878
434 435 0.0137076 0 -0 0 0 0 0 0.0137076
435 436 0.00514142 0 -0.890559 0 0 0 0 -0.885418
436 437 0.0015718 0 -0.952937 0 0 0 0 -0.951365
437 438 0.0353869 0 -0.990925 0 0 0 0 -0.955538
438 439 0.0625644 0.0516189 0 0 0 0 0 0.114183
440 441 0.00361589 0 0 0 0 0 0 0.00361589
441 442 0.0876166 0 -1.02371 0 0 0 0 -0.936098
442 443 0.0059982 0 -1.29756 0 0 0 0 -1.29156
443 444 0.0245828 0 -1.44786 0 0 0 0 -1.42328
444 445 0.013051 0 -1.29341 0 0 0 0 -1.28035
445 446 0.0262605 0 0 0 0 0 0 0.0262605
446 447 0.00719861 0 -1.43927 0 0 0 0 -1.43207
447 448 0.00212086 0 -1.15463 0 0 0 0 -1.15251
448 449 0.00796314 0 -1.14943 0 0 0 0 -1.14147
449 450 0.231161 0 -1.24492 0 0 0 0 -1.01376
450 451 0.0108514 0 -1.26777 0 0 0 0 -1.25692
451 452 0.00379079 0 -1.27909 0 0 0 0 -1.2753
452 453 0.034268 0 -1.03647 0 0 0 0 -1.00221
450 454 0 0 0 0 0 -0.104476 -0 -0.104476
453 454 0.125336 0 -0 0 0 0 0 0.125336
451 455 0 0 0 0 0 -0.161893 0 -0.161893
450 455 0 0 0 0 -0.552819 0 -0 -0.552819
449 455 0 0 0 0 -3.74931e-30 -0.165818 0 -0.165818
454 455 0.0331988 0 -0.616111 0 0 0 0 -0.582912
450 456 0 0 0 0 -0 -0.132939 0 -0.132939
449 456 0 0 0 0 -0.761435 0 -0 -0.761435
448 456 0 0 0 0 0 -0.10073 0 -0.10073
455 456 0.0716396 0 -1.30025 0 0 0 0 -1.22861
449 457 0 0 0 0 0 -0.134426 0 -0.134426
448 457 0 0 0 0 -0.48437 0 -0 -0.48437
447 457 0 0 0 0 -0 -0.139863 0 -0.139863
456 457 0.000478411 0 -0.975191 0 0 0 0 -0.974712
448 458 0 0 0 0 -0 -0.122924 0 -0.122924
447 458 0 0 0 0 -0.380724 0 -0 -0.380724
446 458 0 0 0 0 -0 -0.126464 0 -0.126464
457 458 0.143953 0 -1.13423 0 0 0 0 -0.99028
447 459 0 0 0 0 -0 -0.0146867 0 -0.0146867
446 459 0 0 0 0 -0 -0.0189704 0 -0.0189704
458 459 0.0567764 0 -1.31618 0 0 0 0 -1.25941
460 461 0.002568 0 -0 0 0 0 0 0.002568
461 462 0.0261022 0 0 0 0 0 0 0.0261022
462 463 0.0109196 0 -1.34313 0 0 0 0 -1.33221
463 464 0.00168868 0 0 0 0 0 0 0.00168868
464 465 0.0722422 0 -1.33463 0 0 0 0 -1.26239
465 466 7.15207e-05 0 -1.37028 0 0 0 0 -1.37021
466 467 0.100118 0 -0.699927 0 0 0 0 -0.599809
467 468 0.00042022 0 -1.29229 0 0 0 0 -1.29187
468 469 0.00222959 0 -1.13333 0 0 0 0 -1.1311
469 470 0.123907 0 -1.39161 0 0 0 0 -1.2677
470 471 0.00300957 0 0 0 0 0 0 0.00300957
471 472 0.0178517 0 -1.34846 0 0 0 0 -1.33061
472 473 0.0191501 0 -1.179 0 0 0 0 -1.15985
473 474 2.25456e-05 0 -1.38928 0 0 0 0 -1.38926
474 475 0.00704656 0 -0 0 0 0 0 0.00704656
475 476 0.0203102 0 0 0 0 0 0 0.0203102
476 477 0.0289188 0 -1.02606 0 0 0 0 -0.997144
477 478 0.0115682 0 -0.919547 0 0 0 0 -0.907978
478 479 0.0175367 0 0 0 0 0 0 0.0175367
480 481 0.0142918 0 -0 0 0 0 0 0.0142918
481 482 0.00303685 0 -0.964082 0 0 0 0 -0.961045
482 483 0.00757405 0 0 0 0 0 0 0.00757405
483 484 0.0384658 0 0 0 0 0 0 0.0384658
484 485 0.543581 0 -1.08033 0 0 0 0 -0.536746
485 486 0.0313858 0 0 0 0 0 0 0.0313858
486 487 0.00663987 0 -0 0 0 0 0 0.00663987
487 488 0.0392973 0 -1.30443 0 0 0 0 -1.26514
488 489 0.0350197 0 -1.22862 0 0 0 0 -1.1936
489 490 5.72821e-07 0 -0.933484 0 0 0 0 -0.933484
490 491 0.0181752 0 -1.0823 0 0 0 0 -1.06412
491 492 1.17638e-06 0 0 0 0 0 0 1.17638e-06
492 493 0.0993113 0 0 0 0 0 0 0.0993113
493 494 0.00846318 0 -0.844528 0 0 0 0 -0.836065
494 495 0.043004 0 0 0 0 0 0 0.043004
495 496 0.175275 0 -1.23846 0 0 0 0 -1.06319
496 497 0.0363481 0 -1.01655 0 0 0 0 -0.980202
497 498 0.121353 0 -0 0 0 0 0 0.121353
498 499 0.0337565 0 0 0 0 0 0 0.0337565
500 501 0.013122 0 0 0 0 0 0 0.013122
501 502 0.0602926 0 -0.403209 0 0 0 0 -0.342916
502 503 0.138677 0 -0 0 0 0 0 0.138677
503 504 0.000705389 0 -1.45985 0 0 0 0 -1.45915
504 505 0.0898725 0 -0.00105213 0 0 0 0 0.0888203
505 506 0.0149631 0 -0.760607 0 0 0 0 -0.745644
506 507 0.0684605 0 0 0 0 0 0 0.0684605
507 508 0.0709339 0 0 0 0 0 0 0.0709339
508 509 0.0465528 0 0 0 0 0 0 0.0465528
509 510 0.0410023 0 0 0 0 0 0 0.0410023
510 511 0.0687286 0 0 0 0 0 0 0.0687286
511 512 0.000547131 0 -1.1967 0 0 0 0 -1.19615
512 513 0.00768267 0 -1.33216 0 0 0 0 -1.32447
513 514 0.0396587 0 -0.797151 0 0 0 0 -0.757493
514 515 0.000757478 0 0 0 0 0 0 0.000757478
515 516 0.00406735 0 -1.09727 0 0 0 0 -1.09321
516 517 0.146231 0 0 0 0 0 0 0.146231
517 518 0.0768964 0 -1.30767 0 0 0 0 -1.23077
518 519 0.000429037 0 -1.07736 0 0 0 0 -1.07693
520 521 0.000194312 0 -1.09836 0 0 0 0 -1.09816
521 522 0.0164895 0 -1.03703 0 0 0 0 -1.02054
522 523 0.000138288 0 -1.1467 0 0 0 0 -1.14656
523 524 0.0720214 0 -0.957741 0 0 0 0 -0.88572
524 525 0.077666 0 -1.07733 0 0 0 0 -0.999664
525 526 0.0999349 0 -1.34182 0 0 0 0 -1.24188
524 527 0 0 0 0 -0 -1.14812e-08 0 -1.14812e-08
526 527 0.161998 0 0 0 0 0 0 0.161998
527 528 8.84243e-06 0 0 0 0 0 0 8.84243e-06
528 529 0.162538 0 0 0 0 0 0 0.162538
529 530 0.190363 0 -1.22623 0 0 0 0 -1.03587
530 531 0.106486 0 -1.06071 0 0 0 0 -0.95422
531 532 0.00263135 0 0 0 0 0 0 0.00263135
532 533 0.248889 0 -1.26675 0 0 0 0 -1.01787
533 534 0.134189 0 -1.20686 0 0 0 0 -1.07267
534 535 0.00154312 0 -1.22849 0 0 0 0 -1.22695
535 536 0.0034314 0 -1.31076 0 0 0 0 -1.30733
536 537 0.0414584 0 -1.08676 0 0 0 0 -1.0453
537 538 0.0279913 0 -1.24855 0 0 0 0 -1.22056
538 539 0.00310785 0 0 0 0 0 0 0.00310785
540 541 0.0740843 0 -1.27937 0 0 0 0 -1.20528
541 542 0.00010575 0 0 0 0 0 0 0.00010575
542 543 0.125911 0 -1.18298 0 0 0 0 -1.05707
543 544 0.0195841 0 0 0 0 0 0 0.0195841
544 545 0.01653 0 -1.40976 0 0 0 0 -1.39323
545 546 0.000757466 0 0 0 0 0 0 0.000757466
546 547 0.0922091 0 -1.15022 0 0 0 0 -1.05801
547 548 0.000309018 0 -1.2157 0 0 0 0 -1.21539
548 549 0.000678589 0 0 0 0 0 0 0.000678589
549 550 0.0216999 0 0 0 0 0 0 0.0216999
550 551 0.166397 0 0 0 0 0 0 0.166397
551 552 0.0119138 0 -1.06187 0 0 0 0 -1.04995
552 553 0.00881075 0 -1.41569 0 0 0 0 -1.40688
553 554 0.0188428 0 -1.08751 0 0 0 0 -1.06867
554 555 0.00513714 0 -1.27803 0 0 0 0 -1.2729
555 556 0.00380579 0 -1.30254 0 0 0 0 -1.29873
556 557 0.0559507 0 -1.39923 0 0 0 0 -1.34328
557 558 0.0104384 0 -1.06173 0 0 0 0 -1.05129
558 559 5.82824e-05 0 -1.09558 0 0 0 0 -1.09552
560 561 7.92191e-05 0 0 0 0 0 0 7.92191e-05
561 562 0.0244688 0 -1.36919 0 0 0 0 -1.34473
562 563 0.0631626 0 -1.34558 0 0 0 0 -1.28241
563 564 0.190197 0 -0 0 0 0 0 0.190197
563 565 0 0 0 0.035741 0 0 0 0.035741
564 565 0.00581516 0 -1.39416 0 0 0 0 -1.38834
565 566 0.0422628 0 0 0 0 0 0 0.0422628
566 567 0.00172918 0 0 0 0 0 0 0.00172918
567 568 0.0181583 0 -1.14816 0 0 0 0 -1.13
568 569 0.0796781 0 -1.36104 0 0 0 0 -1.28136
565 570 0 0 0 0 0 -0.012771 -0 -0.012771
569 570 0.0187386 0 -1.42814 0 0 0 0 -1.40941
565 571 0 0 0 0 -0.542886 0 -0 -0.542886
564 571 0 0 0 0 -1.82242e-17 -0.0764887 -0 -0.0764887
570 571 0.227188 0 -1.11474 0 0 0 0 -0.887552
565 572 0 0 0 0 -0 -0.00708345 0 -0.00708345
564 572 0 0 0 0 -0 -0.00850121 -0 -0.00850121
571 572 0.041143 0 -1.18049 0 0 0 0 -1.13935
572 573 0.0421474 0 -0.971123 0 0 0 0 -0.928976
573 574 0.031794 0 -1.20557 0 0 0 0 -1.17378
574 575 0.163994 0 -1.28487 0 0 0 0 -1.12088
575 576 0.00879827 0 -1.41156 0 0 0 0 -1.40276
576 577 0.0397074 0 0 0 0 0 0 0.0397074
577 578 0.00173758 0 -1.30477 0 0 0 0 -1.30303
578 579 0.188786 0 -1.1992 0 0 0 0 -1.01041
580 581 0.0819132 0 0 0 0 0 0 0.0819132
581 582 0.0746354 0 0 0 0 0 0 0.0746354
582 583 0.032709 0 0 0 0 0 0 0.032709
583 584 0.0199906 0 -1.28338 0 0 0 0 -1.26339
584 585 0.0603926 0 -1.22985 0 0 0 0 -1.16945
585 586 0.0279479 0 0 0 0 0 0 0.0279479
586 587 0.0589279 0 0 0 0 0 0 0.0589279
587 588 0.0264094 0 0 0 0 0 0 0.0264094
588 589 0.010582 0 0 0 0 0 0 0.010582
589 590 0.00954111 0 0 0 0 0 0 0.00954111
590 591 0.00543016 0 -1.20959 0 0 0 0 -1.20416
591 592 0.136857 0 -1.15429 0 0 0 0 -1.01743
592 593 0.0047857 0 -1.03144 0 0 0 0 -1.02666
593 594 0.0163956 0 -1.23781 0 0 0 0 -1.22141
594 595 0.0958538 0 -1.34889 0 0 0 0 -1.25303
595 596 0.0755107 0 -0 0 0 0 0 0.0755107
596 597 0.0281884 0 0 0 0 0 0 0.0281884
597 598 0.40782 0 0 0 0 0 0 0.40782
598 599 0.00530819 0 0 0 0 0 0 0.00530819
600 601 0.00454957 0 -0.482716 0 0 0 0 -0.478166
601 602 0.0755416 0 -1.32372 0 0 0 0 -1.24818
602 603 0.109006 0 0 0 0 0 0 0.109006
603 604 0.0165643 0 -1.2803 0 0 0 0 -1.26374
604 605 0.0944397 0 0 0 0 0 0 0.0944397
605 606 0.0422465 0 -1.13494 0 0 0 0 -1.09269
606 607 0.0501296 0 -0.807155 0 0 0 0 -0.757025
607 608 0.0152255 0 0 0 0 0 0 0.0152255
608 609 0.0589308 0 0 0 0 0 0 0.0589308
609 610 0.0196497 0 0 0 0 0 0 0.0196497
610 611 0.0870967 0 -1.31412 0 0 0 0 -1.22702
611 612 0.000980022 0 -1.12548 0 0 0 0 -1.1245
612 613 0.00517854 0 0 0 0 0 0 0.00517854
613 614 0.193107 0 -1.30757 0 0 0 0 -1.11446
614 615 0.0463238 0 -1.17903 0 0 0 0 -1.1327
615 616 3.69675e-06 0 -0.612572 0 0 0 0 -0.612568
616 617 0.0431878 0 -0 0 0 0 0 0.0431878
617 618 0.0132361 0 0 0 0 0 0 0.0132361
618 619 0.0251931 0 0 0 0 0 0 0.0251931
620 621 0.00338431 0 -1.17364 0 0 0 0 -1.17026
621 622 0.000987705 0 -1.20855 0 0 0 0 -1.20756
622 623 0.188048 0 -1.2218 0 0 0 0 -1.03375
623 624 7.47514e-05 0 0 0 0 0 0 7.47514e-05
624 625 0.0131188 0 -0 0 0 0 0 0.0131188
625 626 0.0652277 0 -1.33534 0 0 0 0 -1.27011
626 627 0.0542285 0 -1.18605 0 0 0 0 -1.13182
627 628 0.147048 0 -1.34914 0 0 0 0 -1.2021
628 629 0.118457 0 -1.155 0 0 0 0 -1.03654
629 630 0.00375238 0 -1.04308 0 0 0 0 -1.03933
630 631 0.00102796 0 -1.34055 0 0 0 0 -1.33953
631 632 0.133826 0 -1.31537 0 0 0 0 -1.18154
632 633 0.0493145 0 -1.12979 0 0 0 0 -1.08047
631 634 0 0 0 0 -0 -0.00643675 -0 -0.00643675
630 634 0 0 0 0 -0.0256013 -0.00155015 -0 -0.0271515
629 634 0 0 0 0 0 -0.114027 0 -0.114027
633 634 0.00124861 0 0 0 0 0 0 0.00124861
630 635 0 0 0 0 0 -0.103822 -0 -0.103822
629 635 0 0 0 0 -0.645796 0 -0 -0.645796
628 635 0 0 0 0 -1.84561e-30 -0.159287 0 -0.159287
634 635 0.0947531 0 -0.868051 0 0 0 0 -0.773298
629 636 0 0 0 0 -0 -0.119474 0 -0.119474
628 636 0 0 0 0 -0.619155 0 -0 -0.619155
627 636 0 0 0 0 -0 -0.0858425 -0 -0.0858425
635 636 0.00468087 0 -1.23056 0 0 0 0 -1.22588
628 637 0 0 0 0 -0 -0.177678 0 -0.177678
627 637 0 0 0 0 -0.508144 0 -0 -0.508144
626 637 0 0 0 0 0 -0.0563792 0 -0.0563792
636 637 0.0024154 0 -1.06052 0 0 0 0 -1.0581
627 638 0 0 0 0 0 -0.117499 0 -0.117499
626 638 0 0 0 0 -0.717084 0 -0 -0.717084
625 638 0 0 0 0 -6.75683e-29 -0.0766188 -0 -0.0766188
637 638 0.0336781 0 -1.11742 0 0 0 0 -1.08374
626 639 0 0 0 0 -0 -0.202818 0 -0.202818
625 639 0 0 0 0 -0.735779 0 -0 -0.735779
638 639 0.116512 0 -1.21296 0 0 0 0 -1.09645
640 641 0.00276991 0 -1.23408 0 0 0 0 -1.23131
641 642 0.0525028 0 -1.12573 0 0 0 0 -1.07323
642 643 0.0083142 0 -1.00976 0 0 0 0 -1.00144
643 644 0.00767967 0 -1.37513 0 0 0 0 -1.36745
644 645 0.000983014 0 -1.11114 0 0 0 0 -1.11016
645 646 0.000493817 0 0 0 0 0 0 0.000493817
646 647 0.0153502 0 0 0 0 0 0 0.0153502
645 648 0 0 0 0 -0 -0.182934 0 -0.182934
647 648 0.180225 0 -0.821261 0 0 0 0 -0.641036
645 649 0 0 0 0 -0.690408 0 -0 -0.690408
644 649 0 0 0 0 0 -0.118495 0 -0.118495
648 649 0.205409 0 -1.11539 0 0 0 0 -0.909977
645 650 0 0 0 0 0 -0.16285 0 -0.16285
644 650 0 0 0 0 -0.654603 0 -0 -0.654603
643 650 0 0 0 0 -1.15765e-08 -0.0946474 0 -0.0946474
649 650 0.00353492 0 -1.24484 0 0 0 0 -1.2413
644 651 0 0 0 0 -0 -0.022543 -0 -0.022543
643 651 0 0 0 0 -0.672496 0 -0 -0.672496
642 651 0 0 0 0 -0 -0.162132 0 -0.162132
650 651 0.0559238 0 -1.03612 0 0 0 0 -0.980196
643 652 0 0 0 0 -0 -0.109146 0 -0.109146
642 652 0 0 0 0 -0.659195 0 -0 -0.659195
641 652 0 0 0 0 0 -0.138927 0 -0.138927
651 652 1.39998e-06 0 -1.12077 0 0 0 0 -1.12077
642 653 0 0 0 0 0 -0.138876 0 -0.138876
641 653 0 0 0 0 -0.611201 -6.61467e-36 -0 -0.611201
640 653 0 0 0 0 -1.95801e-17 -0.12496 0 -0.12496
652 653 0.0306331 0 -1.28841 0 0 0 0 -1.25778
641 654 0 0 0 0 -0 -0.1675 0 -0.1675
640 654 0 0 0 0 -0.793839 0 -0 -0.793839
653 654 0.00862807 0 -0.942936 0 0 0 0 -0.934308
640 655 0 0 0 0 0 -0.00967532 -0 -0.00967532
654 655 0.0848972 0 -1.02363 0 0 0 0 -0.938736
655 656 0.11708 0 0 0 0 0 0 0.11708
656 657 0.0193125 0 -0.943755 0 0 0 0 -0.924442
657 658 0.065661 0 0 0 0 0 0 0.065661
658 659 0.0667546 0 -0 0 0 0 0 0.0667546
660 661 0.0457902 0 0 0 0 0 0 0.0457902
661 662 0.0244992 0 -1.36433 0 0 0 0 -1.33983
662 663 0.0121712 0 -1.21007 0 0 0 0 -1.1979
663 664 0.0494249 0 -0.894413 0 0 0 0 -0.844988
664 665 0.107568 0 -1.16003 0 0 0 0 -1.05246
665 666 5.39503e-06 0 -1.23115 0 0 0 0 -1.23115
666 667 0.0559446 0 -1.3255 0 0 0 0 -1.26956
667 668 0.604761 0 0 0 0 0 0 0.604761
666 669 0 0 0 0 -0 -0.133231 -0 -0.133231
665 669 0 0 0 0 -0.599268 0 -0 -0.599268
664 669 0 0 0 0 0 -0.0613941 -0 -0.0613941
668 669 0.127127 0 0 0 0 0 0 0.127127
665 670 0 0 0 0 0 -0.188197 0 -0.188197
664 670 0 0 0 0 -0.892941 0 -0 -0.892941
663 670 0 0 0 0 -0 -0.0284763 -0 -0.0284763
669 670 0.0304954 0 -0.836803 0 0 0 0 -0.806308
664 671 0 0 0 0 -0 -0.143071 0 -0.143071
663 671 0 0 0 0 -0.674016 0 -0 -0.674016
662 671 0 0 0 0 -6.20625e-29 -0.183386 0 -0.183386
670 671 0.0249241 0 -1.10749 0 0 0 0 -1.08256
663 672 0 0 0 0 -0 -0.160779 0 -0.160779
662 672 0 0 0 0 -0.685759 0 -0 -0.685759
661 672 0 0 0 0 0 -0.146138 0 -0.146138
671 672 4.27174e-05 0 -1.14251 0 0 0 0 -1.14247
662 673 0 0 0 0 0 -0.050092 -0 -0.050092
661 673 0 0 0 0 -0.00808079 0 -0 -0.00808079
672 673 0.00516994 0 -1.01156 0 0 0 0 -1.00639
661 674 0 0 0 0 -0 -0.105905 0 -0.105905
673 674 0.216821 0 -1.19385 0 0 0 0 -0.977026
674 675 0.0132463 0 0 0 0 0 0 0.0132463
675 676 0.0706167 0 -0.819029 0 0 0 0 -0.748412
676 677 0.00615239 0 0 0 0 0 0 0.00615239
677 678 0.0357415 0 -0.854258 0 0 0 0 -0.818517
678 679 6.1724e-05 0 -0 0 0 0 0 6.1724e-05
680 681 0.0436774 0 -0.745797 0 0 0 0 -0.70212
681 682 0.269475 0 -0.83874 0 0 0 0 -0.569265
682 683 0.000321159 0 0 0 0 0 0 0.000321159
683 684 0.000632257 0 -1.24761 0 0 0 0 -1.24697
684 685 0.00479871 0 -1.04758 0 0 0 0 -1.04278
685 686 0.065732 0 0 0 0 0 0 0.065732
686 687 0.0426379 0 -1.25456 0 0 0 0 -1.21192
687 688 0.0276735 0 -1.0446 0 0 0 0 -1.01693
688 689 0.00233261 0 -1.03199 0 0 0 0 -1.02966
689 690 0.0168355 0 -1.29287 0 0 0 0 -1.27603
690 691 0.119597 0 0 0 0 0 0 0.119597
691 692 0.0120017 0 -1.21729 0 0 0 0 -1.20529
692 693 0.000922036 0 -1.23107 0 0 0 0 -1.23015
693 694 0.0538277 0 -1.45264 0 0 0 0 -1.39881
694 695 0.00639927 0 -1.26522 0 0 0 0 -1.25882
695 696 0.0220078 0 0 0 0 0 0 0.0220078
696 697 0.00583265 0 -0.00242507 0 0 0 0 0.00340759
697 698 0.0992758 0 -0.937271 0 0 0 0 -0.837995
698 699 0.0325913 0 0 0 0 0 0 0.0325913
700 701 0.028861 0 0 0 0 0 0 0.028861
701 702 0.124094 0 -0.506191 0 0 0 0 -0.382097
702 703 0.0194381 0 0 0 0 0 0 0.0194381
703 704 0.0150009 0 -1.24396 0 0 0 0 -1.22895
704 705 0.0206344 0 -1.286 0 0 0 0 -1.26537
705 706 0.0120851 0 -1.34873 0 0 0 0 -1.33665
706 707 0.135284 0 0 0 0 0 0 0.135284
707 708 0.0109365 0 -0.715059 0 0 0 0 -0.704122
708 709 0.00206841 0 0 0 0 0 0 0.00206841
709 710 0.297132 0 0 0 0 0 0 0.297132
710 711 0.00114476 0 -1.38514 0 0 0 0 -1.38399
711 712 2.00458e-05 0 0 0 0 0 0 2.00458e-05
712 713 0.0542216 0 0 0 0 0 0 0.0542216
713 714 0.000254587 0 -1.42687 0 0 0 0 -1.42662
714 715 2.53136e-05 0 -1.35819 0 0 0 0 -1.35816
715 716 0.0623811 0 0 0 0 0 0 0.0623811
716 717 0.0355704 0 -1.34823 0 0 0 0 -1.31265
717 718 0.00847309 0 -1.20583 0 0 0 0 -1.19735
718 719 0.0102593 0 -1.46721 0 0 0 0 -1.45696
720 721 0.0550429 0 0 0 0 0 0 0.0550429
721 722 0.0482802 0 -0 0 0 0 0 0.0482802
722 723 0.0060505 0 -0.961091 0 0 0 0 -0.955041
721 724 0 0 0 0.000475904 -0 0 -0 0.000475904
723 724 0.109453 0 0 0 0 0 0 0.109453
724 725 0.00400858 0 -0.829858 0 0 0 0 -0.82585
725 726 0.0123496 0 -1.03577 0 0 0 0 -1.02342
726 727 0.00966912 0 -1.27267 0 0 0 0 -1.263
727 728 0.281622 0 -0.737118 0 0 0 0 -0.455496
728 729 0.0434722 0 -1.38414 0 0 0 0 -1.34067
729 730 0.0669351 0 -1.22599 0 0 0 0 -1.15905
730 731 0.326075 0 -0.0013597 0 0 0 0 0.324716
731 732 0.00131879 0 -0 0 0 0 0 0.00131879
731 733 0 0 0 0 -0 -0.00435574 0 -0.00435574
730 733 0 0 0 0 -0 -0.149196 0 -0.149196
732 733 0.091981 0 0 0 0 0 0 0.091981
730 734 0 0 0 0 -0.343826 0 -0 -0.343826
729 734 0 0 0 0 0 -0.0821106 -0 -0.0821106
733 734 3.77122e-05 0 -1.09087 0 0 0 0 -1.09084
730 735 0 0 0 0 0 -0.0974151 0 -0.0974151
729 735 0 0 0 0 -0.527934 0 -0 -0.527934
728 735 0 0 0 0 -3.12201e-29 -0.0799788 -0 -0.0799788
734 735 0.0186704 0 -1.39268 0 0 0 0 -1.37401
729 736 0 0 0 0 -0 -0.122429 0 -0.122429
728 736 0 0 0 0 -0.643842 0 -0 -0.643842
727 736 0 0 0 0 -3.49151e-29 -0.156672 0 -0.156672
735 736 0.0460447 0 -0.993551 0 0 0 0 -0.947506
728 737 0 0 0 0 -0 -0.154378 0 -0.154378
727 737 0 0 0 0 -0.58772 0 -0 -0.58772
726 737 0 0 0 0 0 -0.14464 0 -0.14464
736 737 0.000463645 0 -1.24342 0 0 0 0 -1.24295
727 738 0 0 0 0 0 -0.132242 0 -0.132242
726 738 0 0 0 0 -0.570273 -2.50596e-17 -0 -0.570273
725 738 0 0 0 0 -4.55187e-30 -0.193112 0 -0.193112
737 738 0.064406 0 -1.12755 0 0 0 0 -1.06315
726 739 0 0 0 0 -0 -0.0656574 0 -0.0656574
725 739 0 0 0 0 -0.802375 0 -0 -0.802375
738 739 0.0649733 0 -0.981069 0 0 0 0 -0.916096
740 741 0.231755 0 -1.32634 0 0 0 0 -1.09458
741 742 0.0799501 0 -1.28386 0 0 0 0 -1.20391
742 743 0.00416423 0 0 0 0 0 0 0.00416423
743 744 0.00420651 0 -0.988239 0 0 0 0 -0.984033
744 745 0.00267188 0 -1.24034 0 0 0 0 -1.23766
745 746 0.00358599 0 -1.36161 0 0 0 0 -1.35802
746 747 0.00267701 0 0 0 0 0 0 0.00267701
747 748 0.000965897 0 -1.09388 0 0 0 0 -1.09291
748 749 0.0147342 0 -1.02798 0 0 0 0 -1.01324
749 750 0.000804889 0 -1.1147 0 0 0 0 -1.1139
750 751 0.0438913 0 -1.04152 0 0 0 0 -0.997629
751 752 0.00181976 0 0 0 0 0 0 0.00181976
752 753 0.161395 0 -0.860105 0 0 0 0 -0.698711
753 754 0.00131357 0 0 0 0 0 0 0.00131357
754 755 0.0777273 0 -1.2682 0 0 0 0 -1.19048
755 756 0.0100869 0 -1.16607 0 0 0 0 -1.15598
756 757 0.0893815 0 -1.2219 0 0 0 0 -1.13252
757 758 0.000716584 0 -1.04739 0 0 0 0 -1.04668
758 759 0.00913932 0 -0.901034 0 0 0 0 -0.891895
760 761 0.113805 0 0 0 0 0 0 0.113805
761 762 0.00235551 0 0 0 0 0 0 0.00235551
762 763 0.0144464 0 -1.1358 0 0 0 0 -1.12135
763 764 0.0110058 0 -1.13475 0 0 0 0 -1.12375
764 765 0.014034 0 -1.27384 0 0 0 0 -1.2598
765 766 0.0649302 0 -1.36197 0 0 0 0 -1.29704
766 767 0.174391 0 -0.610324 0 0 0 0 -0.435933
767 768 0.217748 0 0 0 0 0 0 0.217748
768 769 0.00189316 0 -1.3128 0 0 0 0 -1.3109
769 770 0.0881725 0 -1.05261 0 0 0 0 -0.964438
770 771 0.00215801 0 -1.32428 0 0 0 0 -1.32213
771 772 0.00122156 0 -1.27991 0 0 0 0 -1.27869
772 773 0.339734 0 -1.21686 0 0 0 0 -0.877126
773 774 0.0332465 0 -1.35455 0 0 0 0 -1.3213
774 775 0.100593 0 0 0 0 0 0 0.100593
775 776 0.00076913 0 -1.40086 0 0 0 0 -1.4001
776 777 0.0960977 0 -0.963301 0 0 0 0 -0.867203
777 778 0.0376176 0 0 0 0 0 0 0.0376176
778 779 0.00407168 0 -1.01791 0 0 0 0 -1.01383
780 781 0.0088761 0 -1.38357 0 0 0 0 -1.37469
781 782 0.011037 0 0 0 0 0 0 0.011037
782 783 0.00508841 0 -0 0 0 0 0 0.00508841
783 784 0.00667641 0 -0.88157 0 0 0 0 -0.874894
784 785 0.00623481 0 -0 0 0 0 0 0.00623481
785 786 9.46619e-05 0 -1.34174 0 0 0 0 -1.34164
786 787 0.00251769 0 -1.05133 0 0 0 0 -1.04881
787 788 0.011152 0 0 0 0 0 0 0.011152
788 789 0.0285196 0 0 0 0 0 0 0.0285196
789 790 0.0187282 0 -1.11759 0 0 0 0 -1.09886
790 791 0.0951312 0 0 0 0 0 0 0.0951312
791 792 0.000946172 0 -1.28568 0 0 0 0 -1.28474
792 793 0.0174195 0 -1.17405 0 0 0 0 -1.15663
793 794 0.0125496 0 -1.37785 0 0 0 0 -1.3653
794 795 0.0857818 0 -0.751666 0 0 0 0 -0.665884
795 796 0.0184475 0 -0.877529 0 0 0 0 -0.859082
796 797 0.235685 0 -1.3707 0 0 0 0 -1.13501
793 798 0 0 0 0 0 -3.46721e-05 0 -3.46721e-05
797 798 0.249472 0 0 0 0 0 0 0.249472
793 799 0 0 0 0 0 -0.0124214 0 -0.0124214
792 799 0 0 0 0 -0 -0.00643144 0 -0.00643144
798 799 0.0244482 0 -0.518163 0 0 0 0 -0.493715
800 801 0.102119 0 0 0 0 0 0 0.102119
801 802 1.98777e-05 0 0 0 0 0 0 1.98777e-05
802 803 0.0829272 0 0 0 0 0 0 0.0829272
803 804 0.133061 0 0 0 0 0 0 0.133061
804 805 0.138787 0 0 0 0 0 0 0.138787
805 806 0.0793126 0 -1.27443 0 0 0 0 -1.19512
806 807 0.060739 0 -0.800581 0 0 0 0 -0.739842
807 808 0.00854929 0 -1.4597 0 0 0 0 -1.45115
808 809 0.00736954 0 -1.13221 0 0 0 0 -1.12484
809 810 0.00238031 0 0 0 0 0 0 0.00238031
810 811 0.00167951 0 -1.33513e-05 0 0 0 0 0.00166616
811 812 4.31319e-06 0 -1.18029 0 0 0 0 -1.18029
812 813 0.000178188 0 0 0 0 0 0 0.000178188
813 814 0.0433 0 0 0 0 0 0 0.0433
814 815 1.80203e-06 0 0 0 0 0 0 1.80203e-06
815 816 0.0347979 0 -1.09631 0 0 0 0 -1.06151
816 817 0.157378 0 0 0 0 0 0 0.157378
817 818 0.0295863 0 -1.38146 0 0 0 0 -1.35187
818 819 0.0595488 0 -1.2865 0 0 0 0 -1.22696
820 821 0.0724334 0 -0.796907 0 0 0 0 -0.724473
821 822 0.0640052 0 0 0 0 0 0 0.0640052
822 823 0.0188478 0 0 0 0 0 0 0.0188478
823 824 0.00695712 0 0 0 0 0 0 0.00695712
824 825 0.106102 0 -1.25831 0 0 0 0 -1.15221
825 826 0.0487846 0 0 0 0 0 0 0.0487846
826 827 0.159109 0 -0.968154 0 0 0 0 -0.809045
827 828 0.000502495 0 -1.14443 0 0 0 0 -1.14393
828 829 0.000891758 0 0 0 0 0 0 0.000891758
829 830 0.278246 0 0 0 0 0 0 0.278246
830 831 0.114904 0 0 0 0 0 0 0.114904
831 832 0.0305301 0 0 0 0 0 0 0.0305301
832 833 0.15125 0 0 0 0 0 0 0.15125
833 834 0.0231558 0 0 0 0 0 0 0.0231558
834 835 0.00792667 0 -1.25632 0 0 0 0 -1.24839
835 836 0.00986408 0 -1.14888 0 0 0 0 -1.13902
836 837 0.0088517 0 -1.02765 0 0 0 0 -1.0188
834 838 0 0 0 0 0 -0.0025039 -0 -0.0025039
837 838 0.00488731 0 -0 0 0 0 0 0.00488731
838 839 0.0444602 0 -1.20218 0 0 0 0 -1.15772
840 841 0.0475024 0 0 0 0 0 0 0.0475024
841 842 0.0260025 0 -0 0 0 0 0 0.0260025
842 843 9.73594e-06 0 -0 0 0 0 0 9.73594e-06
843 844 0.00011998 0 -0 0 0 0 0 0.00011998
844 845 0.0315894 0 0 0 0 0 0 0.0315894
845 846 0.0749128 0 0 0 0 0 0 0.0749128
846 847 0.127561 0 -1.35343 0 0 0 0 -1.22587
847 848 0.096135 0 -1.20659 0 0 0 0 -1.11046
848 849 0.00716308 0 0 0 0 0 0 0.00716308
849 850 0.0339286 0 -1.03115 0 0 0 0 -0.99722
850 851 0.0340902 0 0 0 0 0 0 0.0340902
851 852 0.0240689 0 -0 0 0 0 0 0.0240689
852 853 0.00883038 0 -1.27287 0 0 0 0 -1.26404
853 854 0.00111344 0 -1.19723 0 0 0 0 -1.19612
854 855 0.0695995 0 -1.1105 0 0 0 0 -1.0409
855 856 0.0698554 0 -0 0 0 0 0 0.0698554
856 857 0.00781539 0 0 0 0 0 0 0.00781539
856 858 0 0 0 0 -0 -0 -1.18218e-15 -1.18218e-15
855 858 0 0 0 0 -0 -0.00165361 0 -0.00165361
857 858 0.00459661 0 0 0 0 0 0 0.00459661
858 859 0.0395928 0 -1.47417 0 0 0 0 -1.43457
860 861 0.0623497 0 -1.23808 0 0 0 0 -1.17573
861 862 0.0607524 0 0 0 0 0 0 0.0607524
862 863 0.0267784 0 -1.03589 0 0 0 0 -1.00911
863 864 0.0087911 0 -1.26071 0 0 0 0 -1.25192
864 865 0.0190447 0 -1.28459 0 0 0 0 -1.26554
865 866 0.058788 0 0 0 0 0 0 0.058788
866 867 0.0588455 0 -0.967971 0 0 0 0 -0.909125
867 868 0.000537787 0 0 0 0 0 0 0.000537787
868 869 0.00535131 0 -1.33799 0 0 0 0 -1.33264
869 870 0.00124015 0 0 0 0 0 0 0.00124015
870 871 0.00497514 0 -1.11485 0 0 0 0 -1.10987
871 872 0.000525404 0 -1.28538 0 0 0 0 -1.28485
872 873 0.0062394 0 -1.13066 0 0 0 0 -1.12442
873 874 0.0304306 0 -1.34236 0 0 0 0 -1.31193
874 875 0.00313046 0 0 0 0 0 0 0.00313046
875 876 0.0263324 0 0 0 0 0 0 0.0263324
876 877 7.18481e-05 0 -1.26986 0 0 0 0 -1.26978
877 878 0.022728 0 -1.02316 0 0 0 0 -1.00043
878 879 0.0312984 0 -0.647184 0 0 0 0 -0.615886
880 881 0.0101992 0 -0.937354 0 0 0 0 -0.927155
881 882 0.00789737 0 -1.03363 0 0 0 0 -1.02573
882 883 0.00705733 0 -0.664881 0 0 0 0 -0.657823
883 884 0.0529641 0 0 0 0 0 0 0.0529641
884 885 0.216782 0 -1.37428 0 0 0 0 -1.1575
885 886 0.033667 0 -0.719632 0 0 0 0 -0.685965
886 887 0.00016414 0 -0.792294 0 0 0 0 -0.79213
887 888 0.028471 0 -1.13653 0 0 0 0 -1.10806
888 889 0.0020862 0 -1.08965 0 0 0 0 -1.08756
889 890 0.00746935 0 0 0 0 0 0 0.00746935
890 891 0.200074 0 -1.26526 0 0 0 0 -1.06518
891 892 0.159593 0 -1.24272 0 0 0 0 -1.08313
892 893 0.254748 0 -1.20551 0 0 0 0 -0.950765
893 894 0.00375784 0 -1.34134 0 0 0 0 -1.33758
894 895 0.00475593 0 -0.878082 0 0 0 0 -0.873327
895 896 0.0103703 0 -1.19439 0 0 0 0 -1.18402
896 897 0.128224 0 -1.17589 0 0 0 0 -1.04767
897 898 0.00931111 0 -1.37466 0 0 0 0 -1.36534
898 899 0.023699 0 0 0 0 0 0 0.023699
900 901 0.0760967 0 -0.422103 0 0 0 0 -0.346007
901 902 0.0978937 0 -1.16499 0 0 0 0 -1.06709
902 903 0.000250362 0 0 0 0 0 0 0.000250362
903 904 0.0123545 0 0 0 0 0 0 0.0123545
904 905 7.78117e-05 0 -1.24648 0 0 0 0 -1.2464
905 906 0.0390607 0 0 0 0 0 0 0.0390607
906 907 0.04297 0 -1.29006 0 0 0 0 -1.24709
907 908 0.0273341 0 -1.40433 0 0 0 0 -1.377
907 909 0 0 0 0.0214897 0 0 0 0.0214897
908 909 0.00278059 0 0 0 0 0 0 0.00278059
909 910 0.274186 0 0 0 0 0 0 0.274186
910 911 0.000100642 0 0 0 0 0 0 0.000100642
911 912 0.0160322 0 -0.997758 0 0 0 0 -0.981726
912 913 0.00306915 0 0 0 0 0 0 0.00306915
913 914 0.00733176 0 -0 0 0 0 0 0.00733176
914 915 0.000564996 0 0 0 0 0 0 0.000564996
915 916 0.0162451 0 -1.00613 0 0 0 0 -0.989885
916 917 0.0287288 0 0 0 0 0 0 0.0287288
917 918 0.0758675 0 -1.27584 0 0 0 0 -1.19997
918 919 0.0217857 0 -0.858177 0 0 0 0 -0.836391
920 921 0.212432 0 0 0 0 0 0 0.212432
921 922 0.0305256 0 0 0 0 0 0 0.0305256
922 923 0.0187397 0 -1.36053 0 0 0 0 -1.34179
923 924 0.0191204 0 0 0 0 0 0 0.0191204
924 925 0.255779 0 -1.32364 0 0 0 0 -1.06786
925 926 0.247993 0 -1.31864 0 0 0 0 -1.07065
926 927 0.0389175 0 -0.939025 0 0 0 0 -0.900107
927 928 8.46228e-05 0 -1.14441 0 0 0 0 -1.14433
928 929 0.0142152 0 -1.41609 0 0 0 0 -1.40188
929 930 0.062531 0 -0 0 0 0 0 0.062531
930 931 0.0136729 0 0 0 0 0 0 0.0136729
931 932 0.00485002 0 0 0 0 0 0 0.00485002
932 933 0.0560276 0 -0.904414 0 0 0 0 -0.848387
933 934 0.0208873 0 -1.0162 0 0 0 0 -0.995312
934 935 0.00323575 0 0 0 0 0 0 0.00323575
935 936 0.119132 0 0 0 0 0 0 0.119132
936 937 0.0514408 0 0 0 0 0 0 0.0514408
937 938 0.00200828 0 0 0 0 0 0 0.00200828
938 939 0.00255298 0 -1.1602 0 0 0 0 -1.15765
940 941 0.233952 0 0 0 0 0 0 0.233952
941 942 0.193481 0 -0 0 0 0 0 0.193481
942 943 0.00920267 0 0 0 0 0 0 0.00920267
943 944 0.117089 0 0 0 0 0 0 0.117089
944 945 0.00073829 0 -1.02018 0 0 0 0 -1.01944
945 946 0.0723619 0 -1.26427 0 0 0 0 -1.1919
946 947 0.126155 0 -1.36841 0 0 0 0 -1.24225
947 948 0.0652034 0 -0.943499 0 0 0 0 -0.878296
948 949 0.00372951 0 -1.145 0 0 0 0 -1.14127
949 950 0.00318142 0 -1.15608 0 0 0 0 -1.1529
950 951 0.0575042 0 -1.1004 0 0 0 0 -1.0429
951 952 0.0319813 0 -1.22966 0 0 0 0 -1.19768
952 953 0.0462173 0 -1.16184 0 0 0 0 -1.11562
953 954 0.00047168 0 0 0 0 0 0 0.00047168
954 955 0.256168 0 -1.26107 0 0 0 0 -1.00491
949 956 0 0 0 0 -0 -0.0131817 0 -0.0131817
948 956 0 0 0 0 -0 -0.0369797 -0 -0.0369797
955 956 0.0231041 0 -1.16696 0 0 0 0 -1.14386
948 957 0 0 0 0 0 -0.00264155 -0 -0.00264155
947 957 0 0 0 0 -0.642311 0 -0 -0.642311
946 957 0 0 0 0 -0 -0.207387 0 -0.207387
956 957 0.00847649 0 -0.955006 0 0 0 0 -0.946529
947 958 0 0 0 0 -0 -0.115647 0 -0.115647
946 958 0 0 0 0 -0.822236 0 -0 -0.822236
945 958 0 0 0 0 -0 -0.147987 0 -0.147987
957 958 0.00144797 0 -1.10816 0 0 0 0 -1.10671
946 959 0 0 0 0 -0 -0.169986 0 -0.169986
945 959 0 0 0 0 -0.49261 -1.55835e-15 -0 -0.49261
958 959 0.00477825 0 -0.936085 0 0 0 0 -0.931307
960 961 0.0494364 0 -0 0 0 0 0 0.0494364
961 962 0.0886361 0 -1.42465 0 0 0 0 -1.33601
962 963 0.102704 0 -0.800476 0 0 0 0 -0.697772
963 964 0.0331588 0 -1.22843 0 0 0 0 -1.19527
964 965 0.000367403 0 -1.35517 0 0 0 0 -1.35481
965 966 0.00242879 0 -1.31062 0 0 0 0 -1.30819
966 967 0.0697425 0 -1.36237 0 0 0 0 -1.29263
967 968 0.151801 0 0 0 0 0 0 0.151801
968 969 0.0382126 0 -1.22615 0 0 0 0 -1.18794
969 970 0.19754 0 -1.30447 0 0 0 0 -1.10693
970 971 0.0207317 0 -0.715494 0 0 0 0 -0.694762
971 972 0.03775 0 -1.43591 0 0 0 0 -1.39816
972 973 0.238751 0 -1.32194 0 0 0 0 -1.08319
973 974 0.13204 0 -0 0 0 0 0 0.13204
974 975 0.0820042 0 -0.683519 0 0 0 0 -0.601514
975 976 0.0248488 0 -1.00659 0 0 0 0 -0.981744
976 977 0.000397842 0 -0.354591 0 0 0 0 -0.354193
977 978 0.027478 0 -1.22264 0 0 0 0 -1.19516
978 979 0.0491695 0 -1.25537 0 0 0 0 -1.2062
980 981 0.117811 0 -1.06516 0 0 0 0 -0.947348
981 982 0.0403881 0 -1.0296 0 0 0 0 -0.989215
982 983 0.0188269 0 0 0 0 0 0 0.0188269
983 984 0.0328013 0 -1.09612 0 0 0 0 -1.06332
984 985 0.0814645 0 -1.20959 0 0 0 0 -1.12812
985 986 0.0290953 0 -1.1445 0 0 0 0 -1.11541
986 987 0.00519851 0 -1.23375 0 0 0 0 -1.22855
987 988 0.0957416 0 -0.91603 0 0 0 0 -0.820288
988 989 0.130116 0 -0 0 0 0 0 0.130116
989 990 0.0303288 0 -0 0 0 0 0 0.0303288
990 991 0.0123542 0 0 0 0 0 0 0.0123542
991 992 0.134197 0 -1.21369 0 0 0 0 -1.07949
992 993 0.0483745 0 -1.07707 0 0 0 0 -1.02869
993 994 0.0422545 0 0 0 0 0 0 0.0422545
994 995 0.0268724 0 -1.33742 0 0 0 0 -1.31054
995 996 0.0452922 0 -1.08051 0 0 0 0 -1.03521
996 997 0.0127336 0 0 0 0 0 0 0.0127336
997 998 0.0103089 0 -1.21843 0 0 0 0 -1.20813
998 999 0.00968571 0 0 0 0 0 0 0.00968571
1000 1001 0.0798353 0 -0.993409 0 0 0 0 -0.913573
1001 1002 0.000539889 0 -1.26387 0 0 0 0 -1.26333
1002 1003 0.241933 0 0 0 0 0 0 0.241933
1003 1004 0.0514717 0 0 0 0 0 0 0.0514717
1004 1005 0.0361718 0 -0.30817 0 0 0 0 -0.271999
1005 1006 0.121346 0 -1.16895 0 0 0 0 -1.0476
1006 1007 0.032431 0 0 0 0 0 0 0.032431
1007 1008 0.00404371 0 -1.16627 0 0 0 0 -1.16223
1008 1009 0.00069262 0 -1.21025 0 0 0 0 -1.20956
1009 1010 0.0226509 0 -1.31083 0 0 0 0 -1.28818
1010 1011 0.00313518 0 -0 0 0 0 0 0.00313518
1011 1012 0.0432847 0 0 0 0 0 0 0.0432847
1012 1013 0.274926 0 0 0 0 0 0 0.274926
1013 1014 0.0421895 0 -1.12597 0 0 0 0 -1.08378
1014 1015 0.000708853 0 -0.158483 0 0 0 0 -0.157774
1015 1016 0.0881006 0 -1.22774 0 0 0 0 -1.13964
1016 1017 0.0398658 0 -1.1652 0 0 0 0 -1.12534
1017 1018 0.000178209 0 0 0 0 0 0 0.000178209
1018 1019 0.00147638 0 0 0 0 0 0 0.00147638
1020 1021 0.126992 0 0 0 0 0 0 0.126992
1021 1022 0.0542208 0 -0.854977 0 0 0 0 -0.800756
1022 1023 0.0203714 0 -0.877778 0 0 0 0 -0.857407
1023 1024 0.0198535 0 0 0 0 0 0 0.0198535
1024 1025 0.005916 0 -0.982377 0 0 0 0 -0.976461
1025 1026 0.000155693 0 0 0 0 0 0 0.000155693
1026 1027 0.0654044 0 -1.01612 0 0 0 0 -0.950718
1027 1028 0.11261 0 0 0 0 0 0 0.11261
1028 1029 0.0608157 0 -0.954288 0 0 0 0 -0.893472
1029 1030 0.0611243 0 -1.26018 0 0 0 0 -1.19905
1030 1031 0.389113 0 -0 0 0 0 0 0.389113
1031 1032 0.00694472 0 -0.826571 0 0 0 0 -0.819627
1032 1033 0.00924445 0 0 0 0 0 0 0.00924445
1033 1034 0.00120897 0 -1.34821 0 0 0 0 -1.347
1034 1035 0.0369822 0 -0.752364 0 0 0 0 -0.715382
1035 1036 0.0279724 0 0 0 0 0 0 0.0279724
1036 1037 0.0392062 0 0 0 0 0 0 0.0392062
1037 1038 0.0487905 0 -1.27456 0 0 0 0 -1.22577
1038 1039 0.0869951 0 -1.09764 0 0 0 0 -1.01065
1040 1041 0.0430567 0 -1.28149 0 0 0 0 -1.23843
1041 1042 0.0644328 0 -0.921163 0 0 0 0 -0.85673
1042 1043 0.0544122 0 -1.11326 0 0 0 0 -1.05885
1043 1044 0.0633912 0 -1.33883 0 0 0 0 -1.27544
1044 1045 0.015964 0 -0 0 0 0 0 0.015964
1045 1046 0.0248026 0 -1.35065 0 0 0 0 -1.32585
1046 1047 0.0189312 0 -1.16961 0 0 0 0 -1.15068
1047 1048 0.000348519 0 0 0 0 0 0 0.000348519
1048 1049 0.0442858 0 0 0 0 0 0 0.0442858
1049 1050 0.000139086 0 -1.34695 0 0 0 0 -1.34681
1047 1051 0 0 0 0 -5.74325e-19 -0.137643 0 -0.137643
1050 1051 0.121877 0 -1.2525 0 0 0 0 -1.13063
1047 1052 0 0 0 0 -0.560232 0 -0 -0.560232
1046 1052 0 0 0 0 -6.81781e-30 -0.132029 0 -0.132029
1051 1052 0.186775 0 -1.09024 0 0 0 0 -0.903463
1047 1053 0 0 0 0 -0 -0.201375 0 -0.201375
1046 1053 0 0 0 0 -0.833035 0 -0 -0.833035
1045 1053 0 0 0 0 0 -0.162636 -0 -0.162636
1044 1053 0 0 0 0 0 -0.036857 0 -0.036857
1052 1053 0.00718165 0 -1.06643 0 0 0 0 -1.05925
1046 1054 0 0 0 0 0 -0.156174 0 -0.156174
1045 1054 0 0 0 0 -0.20629 0 -0 -0.20629
1044 1054 0 0 0 0 -0.059657 -4.96036e-06 -0 -0.059662
1043 1054 0 0 0 0 0 -0.155298 0 -0.155298
1053 1054 0.00588033 0 -1.27177 0 0 0 0 -1.26589
1045 1055 0 0 0 0 0 -0.135943 0 -0.135943
1044 1055 0 0 0 0 0 -0.163486 0 -0.163486
1043 1055 0 0 0 0 -0.691589 0 -0 -0.691589
1042 1055 0 0 0 0 -8.6832e-18 -0.0909455 0 -0.0909455
1054 1055 0.0451121 0 -1.42412 0 0 0 0 -1.37901
1043 1056 0 0 0 0 -0 -0.135323 0 -0.135323
1042 1056 0 0 0 0 -0.507896 -4.47312e-26 -0 -0.507896
1041 1056 0 0 0 0 -0 -0.146353 0 -0.146353
1055 1056 0.244896 0 -1.09233 0 0 0 0 -0.847436
1040 1057 0 0 0 0 0 -0.164624 0 -0.164624
1042 1057 0 0 0 0 -0 -0.0900708 0 -0.0900708
1041 1057 0 0 0 0 -0.518972 0 -0 -0.518972
1056 1057 0.00106368 0 -0.989491 0 0 0 0 -0.988428
1040 1058 0 0 0 0 -0.585838 0 -0 -0.585838
1041 1058 0 0 0 0 0 -0.159196 0 -0.159196
1057 1058 0.00803791 0 -0.963022 0 0 0 0 -0.954984
1058 1059 0.00973855 0 0 0 0 0 0 0.00973855
1060 1061 0.0766071 0 -1.32345 0 0 0 0 -1.24684
1061 1062 0.000780104 0 -1.16447 0 0 0 0 -1.16369
1062 1063 0.00244267 0 -1.21039 0 0 0 0 -1.20794
1063 1064 0.000957936 0 -1.21036 0 0 0 0 -1.2094
1064 1065 0.0593474 0 -0.955656 0 0 0 0 -0.896309
1065 1066 0.123718 0 -1.19435 0 0 0 0 -1.07063
1066 1067 0.0182582 0 -1.44374 0 0 0 0 -1.42548
1067 1068 0.181731 0 0 0 0 0 0 0.181731
1065 1069 0 0 0 0 0 -0.00732578 -0 -0.00732578
1064 1069 0 0 0 0 0 -0.0176198 0 -0.0176198
1068 1069 0.00679762 0 -0 0 0 0 0 0.00679762
1065 1070 0 0 0 0 -0 -0.162087 0 -0.162087
1064 1070 0 0 0 0 -0.777873 0 -0 -0.777873
1063 1070 0 0 0 0 0 -0.203399 0 -0.203399
1069 1070 0.146668 0 -1.18411 0 0 0 0 -1.03744
1064 1071 0 0 0 0 0 -0.15936 0 -0.15936
1063 1071 0 0 0 0 -0.71635 0 -0 -0.71635
1062 1071 0 0 0 0 -7.24661e-33 -0.151581 0 -0.151581
1070 1071 0.106571 0 -0.973257 0 0 0 0 -0.866686
1063 1072 0 0 0 0 -0 -0.135353 0 -0.135353
1062 1072 0 0 0 0 -0.749318 0 -0 -0.749318
1061 1072 0 0 0 0 -1.78804e-29 -0.112105 -0 -0.112105
1071 1072 0.0292948 0 -0.99265 0 0 0 0 -0.963355
1062 1073 0 0 0 0 -0 -0.0801617 0 -0.0801617
1061 1073 0 0 0 0 -0.128767 0 -0 -0.128767
1072 1073 0.0316406 0 -1.34703 0 0 0 0 -1.31539
1060 1074 0 0 0 0 -0 -0.0112939 -0 -0.0112939
1073 1074 0.00202247 0 -1.2886 0 0 0 0 -1.28657
1074 1075 0.0517663 0 -0.000966527 0 0 0 0 0.0507997
1075 1076 0.0832318 0 -1.38111 0 0 0 0 -1.29788
1076 1077 0.0164124 0 0 0 0 0 0 0.0164124
1077 1078 0.0111474 0 0 0 0 0 0 0.0111474
1078 1079 0.0730523 0 -1.27599 0 0 0 0 -1.20293
1080 1081 0.00190418 0 -1.1923 0 0 0 0 -1.1904
1081 1082 0.0220778 0 0 0 0 0 0 0.0220778
1082 1083 0.0233043 0 -0 0 0 0 0 0.0233043
1083 1084 0.00708077 0 0 0 0 0 0 0.00708077
1084 1085 0.0736124 0 -1.38074 0 0 0 0 -1.30713
1085 1086 0.00631176 0 0 0 0 0 0 0.00631176
1086 1087 0.0117024 0 -1.18227 0 0 0 0 -1.17057
1087 1088 0.000900993 0 0 0 0 0 0 0.000900993
1088 1089 0.196314 0 -1.1923 0 0 0 0 -0.995984
1089 1090 0.0080989 0 -1.24749 0 0 0 0 -1.23939
1090 1091 0.000154607 0 -1.10604 0 0 0 0 -1.10589
1091 1092 0.40046 0 0 0 0 0 0 0.40046
1092 1093 0.00198161 0 0 0 0 0 0 0.00198161
1093 1094 0.00289774 0 0 0 0 0 0 0.00289774
1094 1095 0.00317594 0 -1.28448 0 0 0 0 -1.28131
1095 1096 0.00750153 0 0 0 0 0 0 0.00750153
1096 1097 0.157627 0 0 0 0 0 0 0.157627
1097 1098 0.0696951 0 -1.19876 0 0 0 0 -1.12907
1098 1099 0.0279984 0 -1.19865 0 0 0 0 -1.17065
1100 1101 0.0161775 0 0 0 0 0 0 0.0161775
1101 1102 0.000327925 0 0 0 0 0 0 0.000327925
1102 1103 0.0359333 0 0 0 0 0 0 0.0359333
1103 1104 0.083806 0 -0.00213092 0 0 0 0 0.0816751
1104 1105 0.00939783 0 -1.01677 0 0 0 0 -1.00737
1105 1106 0.0479303 0 -0.943816 0 0 0 0 -0.895885
1106 1107 0.0306703 0 0 0 0 0 0 0.0306703
1107 1108 0.0231017 0 -1.3299 0 0 0 0 -1.3068
1108 1109 0.111434 0 -0 0 0 0 0 0.111434
1109 1110 0.194488 0 -1.24438 0 0 0 0 -1.04989
1110 1111 0.00830061 0 0 0 0 0 0 0.00830061
1111 1112 0.0213134 0 -0.940137 0 0 0 0 -0.918823
1112 1113 0.0027701 0 -1.21242 0 0 0 0 -1.20965
1113 1114 0.238579 0 0 0 0 0 0 0.238579
1114 1115 0.00888961 0 0 0 0 0 0 0.00888961
1115 1116 0.00131181 0 0 0 0 0 0 0.00131181
1116 1117 0.000307012 0 -1.14717 0 0 0 0 -1.14686
1117 1118 0.0134306 0 -0.924469 0 0 0 0 -0.911039
1118 1119 0.00909278 0 -1.28171 0 0 0 0 -1.27262
1120 1121 0.00926266 0 -1.07325 0 0 0 0 -1.06399
1121 1122 0.00930424 0 -1.05111 0 0 0 0 -1.04181
1122 1123 0.0906537 0 -1.11486 0 0 0 0 -1.0242
1123 1124 0.128144 0 -1.1738 0 0 0 0 -1.04566
1124 1125 0.0349163 0 0 0 0 0 0 0.0349163
1125 1126 0.00377762 0 -1.19808 0 0 0 0 -1.19431
1126 1127 0.000221747 0 0 0 0 0 0 0.000221747
1127 1128 0.048761 0 0 0 0 0 0 0.048761
1128 1129 0.0660592 0 -0 0 0 0 0 0.0660592
1129 1130 0.14274 0 0 0 0 0 0 0.14274
1130 1131 0.000339984 0 -1.15612 0 0 0 0 -1.15578
1131 1132 0.000174459 0 -1.13277 0 0 0 0 -1.13259
1132 1133 0.0406807 0 -1.11023 0 0 0 0 -1.06955
1133 1134 0.00840826 0 -0.000111917 0 0 0 0 0.00829634
1134 1135 0.000592953 0 -1.25886 0 0 0 0 -1.25827
1135 1136 0.10108 0 0 0 0 0 0 0.10108
1136 1137 0.0260204 0 -1.26568 0 0 0 0 -1.23966
1137 1138 0.0379441 0 -0.391922 0 0 0 0 -0.353978
1138 1139 0.0608334 0 -0.467999 0 0 0 0 -0.407165
1140 1141 0.00979854 0 0 0 0 0 0 0.00979854
1141 1142 0.051644 0 -1.29406 0 0 0 0 -1.24242
1142 1143 0.0010554 0 -1.39911 0 0 0 0 -1.39806
1143 1144 0.381115 0 0 0 0 0 0 0.381115
1144 1145 0.100931 0 -0.745548 0 0 0 0 -0.644617
1145 1146 0.018109 0 -0.776104 0 0 0 0 -0.757995
1146 1147 0.0192993 0 -1.36924 0 0 0 0 -1.34994
1147 1148 0.00247021 0 -1.26066 0 0 0 0 -1.25819
1148 1149 0.00807926 0 -1.25996 0 0 0 0 -1.25188
1149 1150 0.0847828 0 -1.28919 0 0 0 0 -1.20441
1150 1151 0.134928 0 -1.41331 0 0 0 0 -1.27838
1151 1152 0.00896584 0 -1.12991 0 0 0 0 -1.12095
1152 1153 0.0393444 0 0 0 0 0 0 0.0393444
1149 1154 0 0 0 0 -0.0548419 0 -0 -0.0548419
1148 1154 0 0 0 0 0 -0.160224 -0 -0.160224
1150 1154 0 0 0 0 0 -0.075353 -0 -0.075353
1153 1154 0.0414248 0 0 0 0 0 0 0.0414248
1149 1155 0 0 0 0 0 -0.197661 0 -0.197661
1148 1155 0 0 0 0 -0.834002 0 -0 -0.834002
1147 1155 0 0 0 0 -4.56445e-31 -0.152364 -0 -0.152364
1154 1155 0.139572 0 -1.34157 0 0 0 0 -1.202
1148 1156 0 0 0 0 -0 -0.194696 0 -0.194696
1147 1156 0 0 0 0 -0.715092 0 -0 -0.715092
1146 1156 0 0 0 0 -0 -0.171411 -0 -0.171411
1155 1156 0.00132424 0 -1.286 0 0 0 0 -1.28467
1147 1157 0 0 0 0 -0 -0.177785 0 -0.177785
1146 1157 0 0 0 0 -0.689225 0 -0 -0.689225
1145 1157 0 0 0 0 0 -0.17681 0 -0.17681
1156 1157 0.0505332 0 -1.02457 0 0 0 0 -0.974034
1146 1158 0 0 0 0 0 -0.187323 0 -0.187323
1145 1158 0 0 0 0 -0.648381 0 -0 -0.648381
1144 1158 0 0 0 0 -0 -0.0556105 0 -0.0556105
1157 1158 0.0230701 0 -1.35502 0 0 0 0 -1.33195
1145 1159 0 0 0 0 -0 -0.121 0 -0.121
1144 1159 0 0 0 0 -0.862938 0 -0 -0.862938
1158 1159 0.254515 0 -1.11662 0 0 0 0 -0.862101
1160 1161 0.7069 0 0 0 0 0 0 0.7069
1161 1162 0.00449679 0 0 0 0 0 0 0.00449679
1162 1163 0.089094 0 -0 0 0 0 0 0.089094
1163 1164 3.05539e-05 0 0 0 0 0 0 3.05539e-05
1164 1165 0.119453 0 -1.3571 0 0 0 0 -1.23765
1165 1166 0.00329877 0 -1.21887 0 0 0 0 -1.21558
1166 1167 0.035603 0 0 0 0 0 0 0.035603
1167 1168 0.0412498 0 -0.991279 0 0 0 0 -0.950029
1168 1169 4.461e-10 0 -0 0 0 0 0 4.461e-10
1169 1170 0.0548503 0 0 0 0 0 0 0.0548503
1170 1171 0.0135783 0 0 0 0 0 0 0.0135783
1171 1172 0.140069 0 0 0 0 0 0 0.140069
1172 1173 0.0202434 0 -0 0 0 0 0 0.0202434
1173 1174 0.00131317 0 0 0 0 0 0 0.00131317
1174 1175 0.0226768 0 -1.36946 0 0 0 0 -1.34678
1175 1176 8.84517e-06 0 -1.08909 0 0 0 0 -1.08908
1176 1177 0.0030153 0 -0.815151 0 0 0 0 -0.812136
1177 1178 0.0412971 0 -1.32392 0 0 0 0 -1.28262
1178 1179 0.179678 0 0 0 0 0 0 0.179678
1180 1181 0.219665 0 0 0 0 0 0 0.219665
1181 1182 0.515316 0 0 0 0 0 0 0.515316
1182 1183 0.0186524 0 0 0 0 0 0 0.0186524
1183 1184 0.000151719 0 0 0 0 0 0 0.000151719
1184 1185 3.85414e-05 0 -1.39619 0 0 0 0 -1.39615
1185 1186 0.0028571 0 0 0 0 0 0 0.0028571
1186 1187 0.0120412 0 -1.21313 0 0 0 0 -1.20108
1187 1188 0.00299579 0 -1.41244 0 0 0 0 -1.40945
1188 1189 0.237495 0 -1.35074 0 0 0 0 -1.11324
1189 1190 0.0751028 0 -1.15129 0 0 0 0 -1.07619
1190 1191 0.0463932 0 -1.16557 0 0 0 0 -1.11918
1191 1192 0.0452117 0 -1.26234 0 0 0 0 -1.21713
1192 1193 0.000967125 0 0 0 0 0 0 0.000967125
1193 1194 0.0110039 0 0 0 0 0 0 0.0110039
1194 1195 8.67791e-05 0 0 0 0 0 0 8.67791e-05
1195 1196 0.0319917 0 0 0 0 0 0 0.0319917
1196 1197 0.0332773 0 -0 0 0 0 0 0.0332773
1197 1198 0.0699081 0 -0.349386 0 0 0 0 -0.279478
1198 1199 0.00291222 0 0 0 0 0 0 0.00291222
#Total energy per particle is  -0.686117 and should be -0.68611710
