#id1 id2 FENE BEXC STCK NEXC HB CRSTCK CXSTCK total, t = 200000
0 1 0.0342674 0 -1.03284 0 0 0 0 -0.998569
1 2 0.12951 0 -0 0 0 0 0 0.12951
2 3 0.00113717 0 0 0 0 0 0 0.00113717
3 4 0.00657699 0 -1.04698 0 0 0 0 -1.0404
4 5 0.235249 0 -1.26675 0 0 0 0 -1.0315
5 6 0.0209918 0 -1.19468 0 0 0 0 -1.17369
6 7 0.000370123 0 0 0 0 0 0 0.000370123
7 8 0.000255535 0 -1.17437 0 0 0 0 -1.17411
8 9 0.00173858 0 0 0 0 0 0 0.00173858
9 10 0.00292857 0 -1.20025 0 0 0 0 -1.19732
10 11 0.0306826 0 -1.34702 0 0 0 0 -1.31634
11 12 0.0720616 0 0 0 0 0 0 0.0720616
12 13 0.129437 0 -1.3778 0 0 0 0 -1.24837
13 14 0.00356056 0 -0.894323 0 0 0 0 -0.890763
14 15 8.36099e-05 0 -1.20946 0 0 0 0 -1.20938
15 16 0.113293 0 -1.06921 0 0 0 0 -0.95592
16 17 0.0275519 0 0 0 0 0 0 0.0275519
17 18 0.000616833 0 -0.894449 0 0 0 0 -0.893832
18 19 0.0168378 0 -1.38157 0 0 0 0 -1.36473
20 21 0.00431756 0 -1.40588 0 0 0 0 -1.40156
21 22 0.0632843 0 -1.08781 0 0 0 0 -1.02452
22 23 0.0187308 0 0 0 0 0 0 0.0187308
23 24 0.065275 0 0 0 0 0 0 0.065275
24 25 0.0204862 0 -1.31229 0 0 0 0 -1.2918
25 26 0.00958491 0 0 0 0 0 0 0.00958491
26 27 0.0626218 0 0 0 0 0 0 0.0626218
27 28 0.00953997 0 -1.0175 0 0 0 0 -1.00796
28 29 0.0131805 0 -0 0 0 0 0 0.0131805
29 30 0.0704303 0 0 0 0 0 0 0.0704303
30 31 0.00286923 0 0 0 0 0 0 0.00286923
31 32 0.141795 0 -1.22854 0 0 0 0 -1.08674
32 33 0.0304254 0 -1.15048 0 0 0 0 -1.12005
33 34 0.071012 0 -1.03275 0 0 0 0 -0.961743
34 35 0.00295139 0 0 0 0 0 0 0.00295139
35 36 0.0259379 0 -0 0 0 0 0 0.0259379
36 37 0.105426 0 0 0 0 0 0 0.105426
37 38 0.000311952 0 0 0 0 0 0 0.000311952
38 39 0.0484127 0 -1.25445 0 0 0 0 -1.20604
40 41 0.000563721 0 -0.367271 0 0 0 0 -0.366707
41 42 0.0300729 0 -0.993459 0 0 0 0 -0.963386
42 43 0.017146 0 -0.849578 0 0 0 0 -0.832432
43 44 0.0036011 0 0 0 0 0 0 0.0036011
44 45 0.0256001 0 -0 0 0 0 0 0.0256001
45 46 0.0186671 0 -0.772091 0 0 0 0 -0.753424
46 47 0.0319772 0 -0.72216 0 0 0 0 -0.690183
47 48 0.0012614 0 0 0 0 0 0 0.0012614
48 49 0.0890727 0 -0.884224 0 0 0 0 -0.795151
49 50 0.00326553 0 -1.07927 0 0 0 0 -1.07601
50 51 0.186557 0 0 0 0 0 0 0.186557
51 52 0.0580136 0 -1.27619 0 0 0 0 -1.21818
52 53 0.149374 0 -1.36901 0 0 0 0 -1.21963
53 54 0.104378 0 -1.22763 0 0 0 0 -1.12325
54 55 0.0621053 0 0 0 0 0 0 0.0621053
55 56 0.143209 0 -1.05398 0 0 0 0 -0.910774
56 57 0.0467517 0 -1.18684 0 0 0 0 -1.14009
57 58 0.0651303 0 -1.059 0 0 0 0 -0.993868
58 59 0.0255295 0.0767658 -0.61232 0 0 0 0 -0.510025
60 61 0.0259988 0 -1.32542 0 0 0 0 -1.29943
61 62 0.0280292 0 -0.441976 0 0 0 0 -0.413947
62 63 0.131024 0 -1.29685 0 0 0 0 -1.16583
63 64 0.0617327 0 -1.07772 0 0 0 0 -1.01598
64 65 0.00168193 0 0 0 0 0 0 0.00168193
65 66 0.141555 0 -1.09895 0 0 0 0 -0.957396
66 67 0.0201048 0 -1.22244 0 0 0 0 -1.20233
67 68 0.0572936 0 -1.19213 0 0 0 0 -1.13484
68 69 0.169649 0 0 0 0 0 0 0.169649
69 70 0.00226448 0 -1.16172 0 0 0 0 -1.15945
70 71 0.193709 0 -1.39383 0 0 0 0 -1.20012
71 72 0.000709454 0 0 0 0 0 0 0.000709454
72 73 0.0234677 0 -1.09145 0 0 0 0 -1.06799
73 74 0.0550443 0 -0.0789814 0 0 0 0 -0.023937
74 75 0.105617 0 0 0 0 0 0 0.105617
75 76 0.0535239 0 -1.18782 0 0 0 0 -1.1343
76 77 0.0108021 0 0 0 0 0 0 0.0108021
77 78 0.135969 0 0 0 0 0 0 0.135969
78 79 0.0466461 0 -0.781298 0 0 0 0 -0.734652
80 81 0.0382869 0 -0 0 0 0 0 0.0382869
81 82 0.0464003 0 0 0 0 0 0 0.0464003
82 83 0.00153186 0 -0.998108 0 0 0 0 -0.996576
83 84 0.031213 0 0 0 0 0 0 0.031213
84 85 0.0201463 0 0 0 0 0 0 0.0201463
85 86 0.11387 0 0 0 0 0 0 0.11387
86 87 0.00975302 0 -0 0 0 0 0 0.00975302
87 88 0.000125879 0 0 0 0 0 0 0.000125879
88 89 0.00151435 0 -1.07793 0 0 0 0 -1.07642
89 90 0.00903929 0 -1.29506 0 0 0 0 -1.28602
90 91 0.0230938 0 -0 0 0 0 0 0.0230938
91 92 0.00117542 0 -0.682327 0 0 0 0 -0.681152
92 93 0.0123089 0 -0.869105 0 0 0 0 -0.856796
93 94 0.00464082 0 0 0 0 0 0 0.00464082
94 95 0.00496411 0 -0 0 0 0 0 0.00496411
95 96 0.000199735 0 0 0 0 0 0 0.000199735
96 97 0.176952 0 0 0 0 0 0 0.176952
97 98 0.874042 0 -1.07227 0 0 0 0 -0.198233
98 99 0.0655451 0 0 0 0 0 0 0.0655451
100 101 0.0565214 0 -1.34178 0 0 0 0 -1.28525
101 102 0.0200868 0 -1.35372 0 0 0 0 -1.33364
102 103 0.0674152 0 -1.23686 0 0 0 0 -1.16945
103 104 0.0809596 0 0 0 0 0 0 0.0809596
104 105 0.00332187 0 -0 0 0 0 0 0.00332187
105 106 0.0164302 0 0 0 0 0 0 0.0164302
106 107 0.0623344 0 -0 0 0 0 0 0.0623344
107 108 0.0011858 0 0 0 0 0 0 0.0011858
108 109 0.0519244 0 -1.08856 0 0 0 0 -1.03663
109 110 0.14899 0 0 0 0 0 0 0.14899
110 111 0.00528527 0 -1.02765 0 0 0 0 -1.02236
111 112 0.0951264 0 -1.36145 0 0 0 0 -1.26632
112 113 0.115819 0 -1.12124 0 0 0 0 -1.00542
113 114 0.147241 0 -1.10064 0 0 0 0 -0.953395
114 115 0.134612 0 0 0 0 0 0 0.134612
115 116 1.89642e-05 0 0 0 0 0 0 1.89642e-05
116 117 0.0407053 0 -1.1388 0 0 0 0 -1.09809
117 118 0.0135365 0 -0.671955 0 0 0 0 -0.658419
118 119 0.21649 0 -0.242926 0 0 0 0 -0.0264368
120 121 0.051004 0 0 0 0 0 0 0.051004
121 122 0.0517497 0 -0.978769 0 0 0 0 -0.92702
122 123 0.0100344 0 -1.28499 0 0 0 0 -1.27495
123 124 0.00502016 0 -1.10367 0 0 0 0 -1.09865
124 125 5.69251e-05 0 0 0 0 0 0 5.69251e-05
125 126 0.0710632 0 -1.44037 0 0 0 0 -1.3693
126 127 0.00448744 0 0 0 0 0 0 0.00448744
127 128 0.0426037 0 -1.1132 0 0 0 0 -1.0706
128 129 0.0995854 0 -1.16407 0 0 0 0 -1.06449
129 130 0.066988 0 -0 0 0 0 0 0.066988
130 131 0.00244649 0 0 0 0 0 0 0.00244649
131 132 0.00990459 0 0 0 0 0 0 0.00990459
132 133 0.120003 0 0 0 0 0 0 0.120003
133 134 0.00776599 0 -1.09325 0 0 0 0 -1.08548
134 135 0.000612499 0 -1.38388 0 0 0 0 -1.38327
135 136 0.00628374 0 -1.25137 0 0 0 0 -1.24508
136 137 0.0608582 0 -1.14106 0 0 0 0 -1.0802
137 138 0.000155466 0 -0.748495 0 0 0 0 -0.74834
138 139 0.0224688 0 0 0 0 0 0 0.0224688
140 141 0.0181299 0 0 0 0 0 0 0.0181299
141 142 0.0385321 0 0 0 0 0 0 0.0385321
142 143 0.034988 0 0 0 0 0 0 0.034988
143 144 4.07506e-05 0 -0.564513 0 0 0 0 -0.564472
144 145 0.0168112 0 -0.97668 0 0 0 0 -0.959869
145 146 0.0342886 0 -1.29662 0 0 0 0 -1.26233
146 147 0.00607232 0 0 0 0 0 0 0.00607232
147 148 0.0125376 0 -0.762544 0 0 0 0 -0.750006
148 149 0.0765799 0 0 0 0 0 0 0.0765799
149 150 0.0545313 0 0 0 0 0 0 0.0545313
150 151 0.108581 0 -1.22269 0 0 0 0 -1.11411
151 152 0.182629 0 0 0 0 0 0 0.182629
152 153 0.025888 0 -0 0 0 0 0 0.025888
153 154 0.0269416 0 -1.12621 0 0 0 0 -1.09927
154 155 0.0553062 0 -1.04923 0 0 0 0 -0.993921
155 156 0.0128824 0 -1.22195 0 0 0 0 -1.20907
156 157 0.010553 0 0 0 0 0 0 0.010553
157 158 0.102125 0 -1.41469 0 0 0 0 -1.31257
158 159 0.0184326 0 0 0 0 0 0 0.0184326
160 161 0.0341613 0 -0.971633 0 0 0 0 -0.937471
161 162 0.00148717 0 0 0 0 0 0 0.00148717
162 163 0.000862142 0 0 0 0 0 0 0.000862142
163 164 0.0544556 0 -1.40382 0 0 0 0 -1.34937
164 165 0.0271305 0 -1.3371 0 0 0 0 -1.30997
165 166 0.0124051 0 0 0 0 0 0 0.0124051
166 167 0.0653651 0 -1.20781 0 0 0 0 -1.14245
167 168 0.229341 0 -1.13061 0 0 0 0 -0.901266
168 169 0.00931735 0 0 0 0 0 0 0.00931735
169 170 0.0210067 0 -0.997231 0 0 0 0 -0.976224
170 171 4.41874e-05 0 -1.28936 0 0 0 0 -1.28931
171 172 0.00127738 0 -0.788386 0 0 0 0 -0.787109
172 173 0.0212122 0 0 0 0 0 0 0.0212122
173 174 0.02233 0 0 0 0 0 0 0.02233
172 175 0 0 0 0 0 -0.000142504 0 -0.000142504
174 175 0.000150467 0 -1.21349 0 0 0 0 -1.21334
175 176 0.0556654 0 -1.00711 0 0 0 0 -0.951448
176 177 0.0246508 0 -1.03407 0 0 0 0 -1.00942
177 178 0.032738 0 -1.03259 0 0 0 0 -0.999855
178 179 0.00570314 0 0 0 0 0 0 0.00570314
180 181 0.0435352 0 0 0 0 0 0 0.0435352
181 182 0.00878105 0 -1.01716 0 0 0 0 -1.00838
182 183 0.278958 0 -1.19005 0 0 0 0 -0.911089
183 184 0.0129616 0 -0.908374 0 0 0 0 -0.895412
184 185 0.209216 0 -1.21968 0 0 0 0 -1.01046
185 186 5.85952e-05 0 -1.01277 0 0 0 0 -1.01271
186 187 0.00203723 0 -0.446612 0 0 0 0 -0.444574
187 188 0.00221008 0 -0 0 0 0 0 0.00221008
188 189 0.0100243 0 -0.821711 0 0 0 0 -0.811686
189 190 0.0238767 0 -0.125772 0 0 0 0 -0.101895
190 191 0.00187483 0 0 0 0 0 0 0.00187483
191 192 0.0425458 0 -1.18494 0 0 0 0 -1.1424
192 193 0.000857037 0 0 0 0 0 0 0.000857037
193 194 0.0217934 0 -1.36637 0 0 0 0 -1.34458
194 195 0.0200918 0 0 0 0 0 0 0.0200918
195 196 0.00381576 0 -0.327544 0 0 0 0 -0.323729
196 197 0.0117695 0 0 0 0 0 0 0.0117695
197 198 0.0300802 0 -1.15252 0 0 0 0 -1.12244
198 199 0.0285793 0 0 0 0 0 0 0.0285793
200 201 0.469533 0 0 0 0 0 0 0.469533
201 202 0.102441 0 -1.28441 0 0 0 0 -1.18197
202 203 0.00219224 0 0 0 0 0 0 0.00219224
203 204 0.00305728 0 -1.20141 0 0 0 0 -1.19836
204 205 0.00504267 0 -1.38098 0 0 0 0 -1.37594
205 206 0.0561197 0 -1.30449 0 0 0 0 -1.24837
206 207 0.0285128 0 -1.14127 0 0 0 0 -1.11275
207 208 0.126537 0 -1.3522 0 0 0 0 -1.22566
208 209 0.0557005 0 -1.29739 0 0 0 0 -1.24169
209 210 0.0320374 0 -1.19683 0 0 0 0 -1.16479
210 211 0.151734 0 0 0 0 0 0 0.151734
211 212 0.0101071 0 -0 0 0 0 0 0.0101071
212 213 0.0199144 0 -1.42619 0 0 0 0 -1.40628
213 214 0.013651 0 -1.29715 0 0 0 0 -1.2835
214 215 0.0724553 0 -1.41401 0 0 0 0 -1.34155
215 216 0.0180754 0 -1.26991 0 0 0 0 -1.25184
216 217 0.0416678 0 0 0 0 0 0 0.0416678
217 218 0.00131921 0 -1.26014 0 0 0 0 -1.25882
218 219 0.0025221 0 0 0 0 0 0 0.0025221
220 221 0.00703845 0 0 0 0 0 0 0.00703845
221 222 0.0356262 0 -0.836305 0 0 0 0 -0.800679
222 223 0.00146133 0 -0.768117 0 0 0 0 -0.766656
221 224 0 0 0 0.0403307 -0 0 -0 0.0403307
223 224 0.0356499 0 -0 0 0 0 0 0.0356499
224 225 0.00217213 0 0 0 0 0 0 0.00217213
225 226 0.0462722 0 -1.37904 0 0 0 0 -1.33277
226 227 0.00900865 0 -1.24248 0 0 0 0 -1.23347
227 228 0.00942558 0 -1.38605 0 0 0 0 -1.37663
228 229 0.00334661 0 -0.835856 0 0 0 0 -0.83251
229 230 0.00764554 0 -1.10158 0 0 0 0 -1.09394
230 231 0.000824375 0 -1.28783 0 0 0 0 -1.28701
231 232 0.00663346 0 -1.44911 0 0 0 0 -1.44248
232 233 0.0145452 0 0 0 0 0 0 0.0145452
233 234 0.0365561 0 0 0 0 0 0 0.0365561
234 235 0.0133031 0 -1.32659 0 0 0 0 -1.31329
235 236 0.136877 0 0 0 0 0 0 0.136877
236 237 0.00452019 0 -0 0 0 0 0 0.00452019
237 238 0.00997884 0 -1.02751 0 0 0 0 -1.01753
238 239 0.0296268 0 -1.18558 0 0 0 0 -1.15595
240 241 0.0624544 0 0 0 0 0 0 0.0624544
241 242 0.0169795 0 -1.31775 0 0 0 0 -1.30077
242 243 0.00505217 0 -1.33107 0 0 0 0 -1.32601
242 244 0 0 0 0.128939 0 0 0 0.128939
243 244 0.0481566 0 0 0 0 0 0 0.0481566
244 245 0.0710433 0 -0.397244 0 0 0 0 -0.3262
245 246 0.0217836 0 0 0 0 0 0 0.0217836
246 247 0.0301852 0 0 0 0 0 0 0.0301852
247 248 0.0249827 0 -1.42176 0 0 0 0 -1.39678
248 249 0.0260151 0 0 0 0 0 0 0.0260151
249 250 0.000791369 0 -0.836285 0 0 0 0 -0.835494
250 251 0.0355485 0 -1.25961 0 0 0 0 -1.22406
251 252 0.055461 0 0 0 0 0 0 0.055461
252 253 0.00275863 0 -1.24829 0 0 0 0 -1.24553
253 254 0.0125781 0 -1.26315 0 0 0 0 -1.25057
254 255 0.000522905 0 -1.19561 0 0 0 0 -1.19509
255 256 0.032948 0 -1.2484 0 0 0 0 -1.21545
256 257 0.029941 0 0 0 0 0 0 0.029941
257 258 0.00434304 0 0 0 0 0 0 0.00434304
258 259 0.000126065 0 -1.21453 0 0 0 0 -1.2144
260 261 0.0230123 0 -0.653559 0 0 0 0 -0.630547
261 262 0.00535525 0 -0 0 0 0 0 0.00535525
262 263 0.0288351 0 -1.15241 0 0 0 0 -1.12358
263 264 0.00474133 0 -1.31977 0 0 0 0 -1.31503
264 265 0.0306661 0 0 0 0 0 0 0.0306661
265 266 0.0120285 0 -0.789234 0 0 0 0 -0.777206
266 267 0.00261962 0 0 0 0 0 0 0.00261962
267 268 0.110504 0 0 0 0 0 0 0.110504
268 269 0.0507713 0 0 0 0 0 0 0.0507713
269 270 0.00685039 0 0 0 0 0 0 0.00685039
270 271 0.00144993 0 0 0 0 0 0 0.00144993
271 272 0.0120948 0 -1.11688 0 0 0 0 -1.10478
272 273 0.0317178 0 -1.28932 0 0 0 0 -1.2576
273 274 0.00704163 0 -1.31814 0 0 0 0 -1.31109
274 275 0.125908 0 -1.10326 0 0 0 0 -0.977354
275 276 0.116101 0 -1.31411 0 0 0 0 -1.19801
276 277 0.123783 0 -0 0 0 0 0 0.123783
277 278 0.0218379 0 -1.16889 0 0 0 0 -1.14706
278 279 0.00599342 0 0 0 0 0 0 0.00599342
280 281 0.0133418 0 -1.2038 0 0 0 0 -1.19046
281 282 0.027739 0 -0 0 0 0 0 0.027739
282 283 0.0220211 0 -1.04092 0 0 0 0 -1.0189
283 284 0.246576 0 -1.32758 0 0 0 0 -1.08101
284 285 0.0488786 0 -1.09434 0 0 0 0 -1.04546
285 286 0.00153498 0 -1.37925 0 0 0 0 -1.37772
286 287 0.0419179 0 -1.39191 0 0 0 0 -1.34999
287 288 0.0198529 0 -1.17587 0 0 0 0 -1.15602
288 289 1.37821e-06 0 0 0 0 0 0 1.37821e-06
289 290 0.00384716 0 -0.935759 0 0 0 0 -0.931911
290 291 0.0467974 0 0 0 0 0 0 0.0467974
291 292 0.000887214 0 -0 0 0 0 0 0.000887214
292 293 0.0306871 0 -0.910863 0 0 0 0 -0.880176
293 294 0.00804165 0 0 0 0 0 0 0.00804165
294 295 0.00805542 0 -1.27427 0 0 0 0 -1.26621
295 296 0.0047589 0 -1.25626 0 0 0 0 -1.2515
296 297 0.0446438 0 -0.937491 0 0 0 0 -0.892847
297 298 0.019764 0 0 0 0 0 0 0.019764
298 299 0.000350329 0 -0.606116 0 0 0 0 -0.605766
300 301 0.11295 0 0 0 0 0 0 0.11295
301 302 0.00897714 0 0 0 0 0 0 0.00897714
302 303 0.046911 0 0 0 0 0 0 0.046911
303 304 0.000290807 0 -1.21477 0 0 0 0 -1.21447
304 305 0.130391 0 -1.34789 0 0 0 0 -1.2175
305 306 0.0429937 0 -1.33769 0 0 0 0 -1.2947
306 307 0.136756 0 -0.970223 0 0 0 0 -0.833467
307 308 0.0770261 0 -1.3329 0 0 0 0 -1.25587
308 309 0.000671388 0 -1.30296 0 0 0 0 -1.30229
309 310 0.121 0 0 0 0 0 0 0.121
310 311 0.423337 0 -1.21638 0 0 0 0 -0.793047
311 312 1.59346e-05 0 -0.903399 0 0 0 0 -0.903383
312 313 0.00362785 0 -0 0 0 0 0 0.00362785
313 314 0.10353 0 0 0 0 0 0 0.10353
314 315 0.00223134 0 -0.000542665 0 0 0 0 0.00168868
315 316 0.0611565 0 -1.30229 0 0 0 0 -1.24114
316 317 0.000313283 0 -1.37902 0 0 0 0 -1.37871
317 318 0.00987165 0 -0 0 0 0 0 0.00987165
318 319 0.103645 0 -1.22473 0 0 0 0 -1.12109
320 321 0.00985741 0 -0 0 0 0 0 0.00985741
321 322 0.0661181 0 -1.24159 0 0 0 0 -1.17547
322 323 0.0446648 0 0 0 0 0 0 0.0446648
323 324 0.0919241 0 0 0 0 0 0 0.0919241
324 325 6.15473e-05 0 0 0 0 0 0 6.15473e-05
325 326 0.066999 0 -1.03806 0 0 0 0 -0.971057
326 327 0.0283322 0 0 0 0 0 0 0.0283322
327 328 0.000987819 0 -1.03712 0 0 0 0 -1.03613
328 329 0.0276779 0 -0 0 0 0 0 0.0276779
329 330 0.0129747 0 0 0 0 0 0 0.0129747
330 331 0.00155427 0 -0.891691 0 0 0 0 -0.890137
331 332 0.193063 0 -0.94623 0 0 0 0 -0.753167
332 333 0.0395971 0 -1.29533 0 0 0 0 -1.25574
333 334 0.000820556 0 0 0 0 0 0 0.000820556
334 335 0.135923 0 -1.4196 0 0 0 0 -1.28367
335 336 0.00111829 0 -1.27 0 0 0 0 -1.26888
336 337 0.00358952 0 0 0 0 0 0 0.00358952
337 338 0.0066471 0 0 0 0 0 0 0.0066471
338 339 0.0245913 0 -1.03549 0 0 0 0 -1.0109
340 341 0.00306832 0 0 0 0 0 0 0.00306832
341 342 0.00115421 0 0 0 0 0 0 0.00115421
342 343 0.00111907 0 -1.32189 0 0 0 0 -1.32077
343 344 0.0136377 0 -1.02441 0 0 0 0 -1.01077
344 345 0.0163733 0 0 0 0 0 0 0.0163733
345 346 0.137737 0 0 0 0 0 0 0.137737
346 347 0.112942 0 -1.05051 0 0 0 0 -0.937569
347 348 6.99362e-05 0 0 0 0 0 0 6.99362e-05
348 349 0.057305 0 0 0 0 0 0 0.057305
349 350 0.107123 0 0 0 0 0 0 0.107123
348 351 0 0 0 0 -0 -0.0938717 0 -0.0938717
350 351 0.0567318 0 -0.956174 0 0 0 0 -0.899442
351 352 0.0699583 0 -1.17837 0 0 0 0 -1.10841
352 353 0.172339 0 -1.1976 0 0 0 0 -1.02526
353 354 0.000743341 0 -0.762484 0 0 0 0 -0.761741
354 355 0.00250935 0 -0.967728 0 0 0 0 -0.965218
355 356 0.00158458 0 -0.810484 0 0 0 0 -0.808899
356 357 0.0189653 0 0 0 0 0 0 0.0189653
357 358 0.000674135 0 0 0 0 0 0 0.000674135
358 359 0.26236 0 -0 0 0 0 0 0.26236
360 361 0.00115438 0 -1.16453 0 0 0 0 -1.16338
361 362 7.29395e-05 0 0 0 0 0 0 7.29395e-05
362 363 0.00502508 0 0 0 0 0 0 0.00502508
363 364 0.149868 0 -1.4216 0 0 0 0 -1.27174
364 365 0.00950868 0 0 0 0 0 0 0.00950868
363 366 0 0 0 0 0 -0.00467929 0 -0.00467929
365 366 0.0164674 0 0 0 0 0 0 0.0164674
366 367 0.00342937 0 -1.02451 0 0 0 0 -1.02108
367 368 0.0555211 0 -0 0 0 0 0 0.0555211
368 369 0.00105324 0 0 0 0 0 0 0.00105324
369 370 0.00610958 0 -1.08559 0 0 0 0 -1.07948
370 371 0.0969734 0 0 0 0 0 0 0.0969734
371 372 0.000414477 0 -0 0 0 0 0 0.000414477
372 373 0.00386263 0 0 0 0 0 0 0.00386263
373 374 0.153287 0 -1.37434 0 0 0 0 -1.22105
374 375 0.0232398 0 0 0 0 0 0 0.0232398
375 376 0.0896966 0 -1.26947 0 0 0 0 -1.17977
376 377 0.00286882 0 0 0 0 0 0 0.00286882
377 378 0.00288222 0 -1.00079 0 0 0 0 -0.997908
378 379 0.0440882 0 -1.27809 0 0 0 0 -1.234
380 381 0.00354591 0 -1.06449 0 0 0 0 -1.06095
381 382 0.065261 0 -1.25608 0 0 0 0 -1.19082
382 383 0.000853539 0 -0.930723 0 0 0 0 -0.929869
383 384 0.00704077 0 0 0 0 0 0 0.00704077
384 385 0.0501652 0 -1.2182 0 0 0 0 -1.16804
385 386 0.00656508 0 -1.25938 0 0 0 0 -1.25281
386 387 0.185487 0 -1.1002 0 0 0 0 -0.914717
387 388 0.064938 0 0 0 0 0 0 0.064938
388 389 0.0152925 0 -0 0 0 0 0 0.0152925
389 390 0.0013196 0 0 0 0 0 0 0.0013196
390 391 0.00317819 0 -0 0 0 0 0 0.00317819
391 392 0.115144 0 -0 0 0 0 0 0.115144
392 393 0.0775305 0 -0.847509 0 0 0 0 -0.769979
393 394 0.0246367 0 0 0 0 0 0 0.0246367
394 395 0.040769 0 -0.891835 0 0 0 0 -0.851066
395 396 0.0200259 0 0 0 0 0 0 0.0200259
396 397 0.0361241 0 -0.552411 0 0 0 0 -0.516287
397 398 0.00161952 0 -1.13611 0 0 0 0 -1.13449
398 399 0.0426538 0 -0 0 0 0 0 0.0426538
400 401 0.000439314 0 0 0 0 0 0 0.000439314
401 402 0.178818 0 0 0 0 0 0 0.178818
402 403 0.210063 0 -1.32976 0 0 0 0 -1.11969
403 404 0.0585155 0 -0.787579 0 0 0 0 -0.729063
404 405 0.0117078 0 -1.14888 0 0 0 0 -1.13717
405 406 0.210779 0 -0 0 0 0 0 0.210779
406 407 0.000525919 0 -1.27424 0 0 0 0 -1.27371
407 408 0.012486 0 0 0 0 0 0 0.012486
408 409 4.47087e-06 0 -1.0819 0 0 0 0 -1.08189
409 410 0.000431449 0 0 0 0 0 0 0.000431449
410 411 0.0950487 0 -0 0 0 0 0 0.0950487
411 412 0.0063014 0 0 0 0 0 0 0.0063014
412 413 0.0629584 0 -0 0 0 0 0 0.0629584
413 414 0.0088673 0 -1.33436 0 0 0 0 -1.32549
414 415 0.194182 0 0 0 0 0 0 0.194182
415 416 0.176967 0 -1.45549 0 0 0 0 -1.27852
416 417 0.00445276 0 -0.733636 0 0 0 0 -0.729183
417 418 0.0204981 0 0 0 0 0 0 0.0204981
418 419 0.215849 0 -1.02622 0 0 0 0 -0.810369
420 421 0.0167386 0 -1.26947 0 0 0 0 -1.25273
421 422 0.000493651 0 -0 0 0 0 0 0.000493651
422 423 0.00166871 0 -0.614027 0 0 0 0 -0.612359
423 424 0.0554487 0 0 0 0 0 0 0.0554487
424 425 0.0012783 0 -1.24945 0 0 0 0 -1.24817
425 426 0.0210342 0 -0.967718 0 0 0 0 -0.946684
426 427 0.00924191 0 -1.19939 0 0 0 0 -1.19015
427 428 0.0852127 0 -1.2965 0 0 0 0 -1.21129
428 429 0.00302845 0 -1.26861 0 0 0 0 -1.26558
429 430 0.0746228 0 -0.878668 0 0 0 0 -0.804046
430 431 0.0138675 0 0 0 0 0 0 0.0138675
431 432 0.0278419 0 0 0 0 0 0 0.0278419
432 433 0.0009241 0 -1.15537 0 0 0 0 -1.15445
433 434 0.0779572 0 -1.27563 0 0 0 0 -1.19768
434 435 0.000918381 0 -1.23286 0 0 0 0 -1.23195
435 436 0.00883569 0 0 0 0 0 0 0.00883569
436 437 0.161373 0 -1.28268 0 0 0 0 -1.12131
437 438 0.00478304 0 -0.0185514 0 0 0 0 -0.0137684
438 439 0.0709389 0 -1.2834 0 0 0 0 -1.21246
440 441 0.0506564 0 -1.22277 0 0 0 0 -1.17212
441 442 0.000122053 0 -0.801505 0 0 0 0 -0.801382
442 443 0.0106021 0 -1.09358 0 0 0 0 -1.08298
443 444 0.00391661 0 -1.1988 0 0 0 0 -1.19488
444 445 0.0611163 0 -0.785692 0 0 0 0 -0.724575
445 446 0.357092 0 -1.17391 0 0 0 0 -0.816815
446 447 0.0180915 0 -1.34351 0 0 0 0 -1.32542
447 448 0.00989162 0 -1.16252 0 0 0 0 -1.15263
448 449 0.0142922 0 -1.28422 0 0 0 0 -1.26993
449 450 0.00704348 0 -1.17696 0 0 0 0 -1.16992
450 451 2.43859e-06 0 -0 0 0 0 0 2.43859e-06
451 452 0.000990897 0 0 0 0 0 0 0.000990897
452 453 0.0114481 0 0 0 0 0 0 0.0114481
453 454 0.0677127 0 -1.11134 0 0 0 0 -1.04363
454 455 0.00745903 0 -1.1196 0 0 0 0 -1.11214
455 456 0.0280896 0 0 0 0 0 0 0.0280896
456 457 0.00130254 0 0 0 0 0 0 0.00130254
457 458 0.000358025 0 0 0 0 0 0 0.000358025
458 459 8.2231e-05 0 -1.0726 0 0 0 0 -1.07251
460 461 9.83872e-05 0 -1.35515 0 0 0 0 -1.35505
461 462 0.0444666 0 0 0 0 0 0 0.0444666
462 463 3.21921e-06 0 0 0 0 0 0 3.21921e-06
463 464 0.0934323 0 -0.401294 0 0 0 0 -0.307862
464 465 0.00557634 0 0 0 0 0 0 0.00557634
465 466 0.0110252 0 -1.21304 0 0 0 0 -1.20201
466 467 0.00470474 0 -0.904069 0 0 0 0 -0.899364
467 468 0.0401166 0 -1.31064 0 0 0 0 -1.27053
468 469 0.00711431 0 0 0 0 0 0 0.00711431
469 470 0.0273422 0 -1.11048 0 0 0 0 -1.08314
470 471 0.0157514 0 -1.40491 0 0 0 0 -1.38916
471 472 0.0324792 0 -1.06316 0 0 0 0 -1.03068
472 473 0.0145952 0 -1.32336 0 0 0 0 -1.30876
472 474 0 0 0 0 -0 -0 -0.000884448 -0.000884448
473 474 0.00190322 0 -0 0 0 0 0 0.00190322
474 475 0.0276473 0 -0 0 0 0 0 0.0276473
475 476 0.0226852 0 0 0 0 0 0 0.0226852
476 477 0.1836 0 0 0 0 0 0 0.1836
477 478 0.036078 0 0 0 0 0 0 0.036078
478 479 0.00725079 0 0 0 0 0 0 0.00725079
480 481 0.0682987 0 0 0 0 0 0 0.0682987
481 482 0.103651 0 -1.18871 0 0 0 0 -1.08506
482 483 4.38886e-06 0 -0 0 0 0 0 4.38886e-06
483 484 0.0322621 0 -1.33099 0 0 0 0 -1.29872
484 485 0.17777 0 -1.15834 0 0 0 0 -0.980568
485 486 0.0201881 0 -1.18412 0 0 0 0 -1.16393
486 487 0.0986596 0 -1.34843 0 0 0 0 -1.24977
487 488 0.104771 0 0 0 0 0 0 0.104771
488 489 0.0041696 0 -0.911586 0 0 0 0 -0.907417
489 490 0.00210924 0 -1.30316 0 0 0 0 -1.30105
490 491 0.00134421 0 -1.27665 0 0 0 0 -1.27531
491 492 0.0543356 0 0 0 0 0 0 0.0543356
492 493 1.29495e-05 0 -1.15824 0 0 0 0 -1.15823
493 494 0.0867722 0 0 0 0 0 0 0.0867722
494 495 0.0957076 0 0 0 0 0 0 0.0957076
495 496 0.0164491 0 -0.917349 0 0 0 0 -0.9009
496 497 0.0396359 0 0 0 0 0 0 0.0396359
497 498 0.14418 0 -1.20967 0 0 0 0 -1.06549
498 499 0.0437033 0 -0 0 0 0 0 0.0437033
500 501 1.01186e-06 0 -0 0 0 0 0 1.01186e-06
501 502 0.0236209 0 -1.28939 0 0 0 0 -1.26576
502 503 0.0502644 0 0 0 0 0 0 0.0502644
503 504 0.00267128 0 -1.15888 0 0 0 0 -1.15621
504 505 0.00637299 0 0 0 0 0 0 0.00637299
505 506 0.00122122 0 -1.25339 0 0 0 0 -1.25217
506 507 0.0509387 0 -1.15924 0 0 0 0 -1.1083
507 508 0.00959923 0 0 0 0 0 0 0.00959923
508 509 0.00822073 0 -1.14365 0 0 0 0 -1.13542
509 510 0.0410271 0 -0.304948 0 0 0 0 -0.263921
510 511 0.00573112 0 0 0 0 0 0 0.00573112
511 512 0.0434476 0 -1.29586 0 0 0 0 -1.25241
512 513 0.0463778 0 0 0 0 0 0 0.0463778
513 514 0.0477699 0 -0.913035 0 0 0 0 -0.865265
514 515 9.73555e-05 0 -1.00384 0 0 0 0 -1.00374
515 516 0.0810773 0 0 0 0 0 0 0.0810773
516 517 0.0426346 0 -1.28863 0 0 0 0 -1.24599
517 518 0.185947 0 -1.07008 0 0 0 0 -0.884128
518 519 0.0160585 0 -0 0 0 0 0 0.0160585
520 521 1.13674e-06 0 -1.07424 0 0 0 0 -1.07424
521 522 0.20358 0 0 0 0 0 0 0.20358
522 523 0.00372432 0 -1.23691 0 0 0 0 -1.23318
523 524 0.0208872 0 -1.21836 0 0 0 0 -1.19748
524 525 0.00600147 0 -0.904822 0 0 0 0 -0.898821
525 526 0.0110501 0 -1.26932 0 0 0 0 -1.25827
526 527 0.0310882 0 0 0 0 0 0 0.0310882
527 528 0.100129 0 -0 0 0 0 0 0.100129
528 529 0.166979 0 -1.37867 0 0 0 0 -1.21169
529 530 3.79456e-05 0 0 0 0 0 0 3.79456e-05
530 531 0.0476145 0 -0.945155 0 0 0 0 -0.897541
531 532 0.0221425 0 -1.39523 0 0 0 0 -1.37308
532 533 0.159639 0 -1.36492 0 0 0 0 -1.20528
533 534 0.00252516 0 -1.38705 0 0 0 0 -1.38453
534 535 0.0126398 0 0 0 0 0 0 0.0126398
535 536 0.000207173 0 0 0 0 0 0 0.000207173
536 537 0.0215321 0 -0 0 0 0 0 0.0215321
537 538 0.0036024 0 0 0 0 0 0 0.0036024
538 539 0.0303356 0 -1.16977 0 0 0 0 -1.13943
540 541 0.00423007 0 -1.34155 0 0 0 0 -1.33732
541 542 0.00349329 0 -1.33454 0 0 0 0 -1.33105
542 543 0.047424 0 -1.34426 0 0 0 0 -1.29684
543 544 0.00528171 0 0 0 0 0 0 0.00528171
543 545 0 0 0 0.00227078 0 0 0 0.00227078
544 545 0.00600034 0 -1.46335 0 0 0 0 -1.45735
545 546 9.28693e-05 0 -1.2025 0 0 0 0 -1.20241
546 547 0.0957005 0 -1.21671 0 0 0 0 -1.12101
547 548 0.0145944 0 -1.25433 0 0 0 0 -1.23973
548 549 0.0157537 0 0 0 0 0 0 0.0157537
549 550 0.256731 0 -0.859249 0 0 0 0 -0.602518
550 551 0.0269599 0 -1.45129 0 0 0 0 -1.42433
551 552 0.171148 0 -0 0 0 0 0 0.171148
552 553 0.0111343 0 -1.17911 0 0 0 0 -1.16798
553 554 0.00673811 0 -1.1725 0 0 0 0 -1.16576
554 555 0.0288295 0 0 0 0 0 0 0.0288295
555 556 0.000434871 0 -1.25232 0 0 0 0 -1.25189
556 557 0.0180017 0 -0.429945 0 0 0 0 -0.411943
557 558 0.151558 0 -1.13818 0 0 0 0 -0.986621
558 559 0.151285 0 -0.94179 0 0 0 0 -0.790505
560 561 0.024788 0 -1.25632 0 0 0 0 -1.23153
561 562 0.0767185 0 -1.33225 0 0 0 0 -1.25553
562 563 0.296067 0 -1.21782 0 0 0 0 -0.921757
563 564 0.0139277 0 -1.34046 0 0 0 0 -1.32653
564 565 0.0363487 0 0 0 0 0 0 0.0363487
565 566 0.085384 0 0 0 0 0 0 0.085384
566 567 0.0475113 0 0 0 0 0 0 0.0475113
564 568 0 0 0 0 -0 -0.168881 0 -0.168881
567 568 0.0372162 0 0 0 0 0 0 0.0372162
564 569 0 0 0 0 -0.670721 -1.16759e-17 -0 -0.670721
563 569 0 0 0 0 0 -0.131521 0 -0.131521
568 569 0.0220182 0 -0.949746 0 0 0 0 -0.927728
564 570 0 0 0 0 0 -0.183342 0 -0.183342
563 570 0 0 0 0 -0.839521 0 -0 -0.839521
562 570 0 0 0 0 -1.83605e-28 -0.0710544 -0 -0.0710544
569 570 0.129183 0 -1.21683 0 0 0 0 -1.08765
563 571 0 0 0 0 -0 -0.123601 0 -0.123601
562 571 0 0 0 0 -0.785497 0 -0 -0.785497
561 571 0 0 0 0 0 -0.106453 0 -0.106453
570 571 0.0150722 0 -0.96814 0 0 0 0 -0.953068
562 572 0 0 0 0 0 -0.105304 -0 -0.105304
561 572 0 0 0 0 -0.632961 0 -0 -0.632961
560 572 0 0 0 0 -8.11893e-29 -0.0733425 0 -0.0733425
571 572 0.0028989 0 -1.27458 0 0 0 0 -1.27168
561 573 0 0 0 0 -0 -0.139865 -0 -0.139865
560 573 0 0 0 0 -0.447625 0 -0 -0.447625
572 573 0.0949868 0 -1.31063 0 0 0 0 -1.21564
560 574 0 0 0 0 0 -0.050739 0 -0.050739
573 574 0.00263913 0 -1.15902 0 0 0 0 -1.15638
574 575 0.00542074 0 -1.34119 0 0 0 0 -1.33577
575 576 0.0137412 0 0 0 0 0 0 0.0137412
576 577 0.0009436 0 -0.856745 0 0 0 0 -0.855802
577 578 0.0603031 0 0 0 0 0 0 0.0603031
578 579 5.82959e-05 0 -1.33895 0 0 0 0 -1.33889
580 581 0.0354912 0 0 0 0 0 0 0.0354912
581 582 8.83016e-05 0 -0.970226 0 0 0 0 -0.970137
582 583 0.0183622 0 -1.24644 0 0 0 0 -1.22808
583 584 0.000345573 0 0 0 0 0 0 0.000345573
584 585 0.0065563 0 0 0 0 0 0 0.0065563
585 586 0.0278592 0 0 0 0 0 0 0.0278592
586 587 0.023928 0 -1.09952 0 0 0 0 -1.07559
587 588 0.000377334 0 -1.33575 0 0 0 0 -1.33537
588 589 5.59241e-05 0 -1.35198 0 0 0 0 -1.35192
589 590 0.224669 0 -1.16838 0 0 0 0 -0.943714
590 591 0.197973 0 -1.28976 0 0 0 0 -1.09179
591 592 0.00295985 0 -0.595662 0 0 0 0 -0.592702
592 593 0.227518 0 0 0 0 0 0 0.227518
593 594 0.0837425 0 -1.15128 0 0 0 0 -1.06754
594 595 0.00271897 0 -1.25926 0 0 0 0 -1.25654
595 596 0.187489 0 0 0 0 0 0 0.187489
596 597 0.0715155 0 0 0 0 0 0 0.0715155
597 598 0.145314 0 0 0 0 0 0 0.145314
598 599 0.022323 0 0 0 0 0 0 0.022323
#Total energy per particle is  -0.579839 and should be -0.57983910
