#id1 id2 FENE BEXC STCK NEXC HB CRSTCK CXSTCK total, t = 200000
0 1 0.0123987 0 0 0 0 0 0 0.0123987
1 2 0.0102357 0 -1.2129 0 0 0 0 -1.20266
2 3 0.00071758 0 -1.18578 0 0 0 0 -1.18507
3 4 0.0231046 0 0 0 0 0 0 0.0231046
4 5 0.000454195 0 0 0 0 0 0 0.000454195
5 6 0.0106751 0 0 0 0 0 0 0.0106751
6 7 0.0161182 0 -1.23871 0 0 0 0 -1.22259
7 8 0.0241324 0 -1.32262 0 0 0 0 -1.29849
8 9 0.00478554 0 -1.29727 0 0 0 0 -1.29249
9 10 0.280487 0 -0.619952 0 0 0 0 -0.339465
10 11 0.00706642 0 -1.31487 0 0 0 0 -1.3078
11 12 0.0355339 0 -0.286682 0 0 0 0 -0.251148
12 13 0.0260244 0 -1.34056 0 0 0 0 -1.31453
13 14 0.0108954 0 0 0 0 0 0 0.0108954
14 15 0.276241 0 -0.693502 0 0 0 0 -0.417261
15 16 0.000909562 0 -0 0 0 0 0 0.000909562
16 17 0.000407164 0 0 0 0 0 0 0.000407164
17 18 0.168613 0 -1.02569 0 0 0 0 -0.857079
18 19 0.048377 0 -1.3744 0 0 0 0 -1.32603
20 21 0.000348748 0 -1.05419 0 0 0 0 -1.05385
21 22 0.186619 0 0 0 0 0 0 0.186619
22 23 0.0300292 0 0 0 0 0 0 0.0300292
23 24 0.0928544 0 0 0 0 0 0 0.0928544
24 25 0.0265748 0 0 0 0 0 0 0.0265748
25 26 0.00570908 0 0 0 0 0 0 0.00570908
26 27 0.0365851 0 -0.996705 0 0 0 0 -0.96012
27 28 0.000362591 0 -1.29547 0 0 0 0 -1.29511
28 29 0.044543 0 0 0 0 0 0 0.044543
29 30 0.0107235 0 -1.36136 0 0 0 0 -1.35064
30 31 0.00244273 0 -1.19475 0 0 0 0 -1.1923
31 32 0.0442287 0 0 0 0 0 0 0.0442287
32 33 0.000373784 0 0 0 0 0 0 0.000373784
33 34 0.0229403 0 -1.16237 0 0 0 0 -1.13943
34 35 0.0458593 0 -1.20501 0 0 0 0 -1.15916
35 36 0.0419395 0 -0.79203 0 0 0 0 -0.75009
36 37 0.0196754 0 -0.59597 0 0 0 0 -0.576295
37 38 0.0382865 0 0 0 0 0 0 0.0382865
38 39 0.150256 0 -1.18477 0 0 0 0 -1.03451
40 41 0.0567954 0 -0.0342328 0 0 0 0 0.0225626
41 42 0.00282851 0 0 0 0 0 0 0.00282851
42 43 0.0139381 0 -1.10118 0 0 0 0 -1.08724
43 44 0.00659201 0 -1.36704 0 0 0 0 -1.36045
44 45 0.0594901 0 -1.20307 0 0 0 0 -1.14358
45 46 0.0410871 0 -1.19214 0 0 0 0 -1.15105
46 47 0.0377371 0 -0.91398 0 0 0 0 -0.876243
47 48 0.00404763 0 0 0 0 0 0 0.00404763
48 49 0.00252358 0 -1.24195 0 0 0 0 -1.23943
49 50 0.159429 0 -0.841542 0 0 0 0 -0.682112
50 51 0.0689824 0 -1.25571 0 0 0 0 -1.18673
51 52 0.00261705 0 -0 0 0 0 0 0.00261705
52 53 0.00502941 0 0 0 0 0 0 0.00502941
53 54 0.0230675 0 0 0 0 0 0 0.0230675
54 55 0.0531409 0 -1.19403 0 0 0 0 -1.14089
55 56 0.0149642 0 -1.23199 0 0 0 0 -1.21703
56 57 0.0496083 0 0 0 0 0 0 0.0496083
57 58 0.152145 0 0 0 0 0 0 0.152145
58 59 0.0444931 0 0 0 0 0 0 0.0444931
60 61 0.0149996 0 -1.14899 0 0 0 0 -1.134
61 62 0.011835 0 0 0 0 0 0 0.011835
62 63 0.0205552 0 -1.3959 0 0 0 0 -1.37534
63 64 0.0732247 0 0 0 0 0 0 0.0732247
64 65 0.00529108 0 -0.700297 0 0 0 0 -0.695006
65 66 0.0143966 0 -1.11009 0 0 0 0 -1.09569
66 67 0.297871 0 0 0 0 0 0 0.297871
67 68 0.0149288 0 -1.44085 0 0 0 0 -1.42592
68 69 0.025398 0 0 0 0 0 0 0.025398
69 70 0.0991334 0 -1.32423 0 0 0 0 -1.2251
70 71 0.0129521 0 0 0 0 0 0 0.0129521
71 72 0.0397388 0 -1.0908 0 0 0 0 -1.05106
72 73 0.0794475 0 0 0 0 0 0 0.0794475
73 74 0.0372771 0 0 0 0 0 0 0.0372771
74 75 0.00255283 0 -0.218791 0 0 0 0 -0.216239
75 76 0.00332355 0 -1.07091 0 0 0 0 -1.06759
76 77 0.0198104 0 -1.19837 0 0 0 0 -1.17856
77 78 0.00590275 0 0 0 0 0 0 0.00590275
78 79 0.332757 0 0 0 0 0 0 0.332757
80 81 0.0220552 0 0 0 0 0 0 0.0220552
81 82 0.0283236 0 -1.15795 0 0 0 0 -1.12963
82 83 0.408365 0 -1.15089 0 0 0 0 -0.742526
83 84 0.00410997 0 0 0 0 0 0 0.00410997
84 85 0.102377 0 -0 0 0 0 0 0.102377
85 86 0.012814 0 0 0 0 0 0 0.012814
86 87 0.0503033 0 -1.28284 0 0 0 0 -1.23253
87 88 0.00963598 0 0 0 0 0 0 0.00963598
88 89 0.0053455 0 -1.25071 0 0 0 0 -1.24536
89 90 0.0193418 0 0 0 0 0 0 0.0193418
90 91 0.154299 0 -1.01083 0 0 0 0 -0.856535
91 92 0.086577 0 -1.00746 0 0 0 0 -0.920881
92 93 0.0388618 0 -1.38751 0 0 0 0 -1.34865
93 94 0.0100618 0 -1.25767 0 0 0 0 -1.24761
94 95 0.0055581 0 -1.19699 0 0 0 0 -1.19143
95 96 0.00657545 0 -1.38736 0 0 0 0 -1.38078
96 97 0.00258859 0 -0 0 0 0 0 0.00258859
97 98 0.00228284 0 -0.724073 0 0 0 0 -0.72179
98 99 0.0874765 0 0 0 0 0 0 0.0874765
100 101 0.00518445 0 0 0 0 0 0 0.00518445
101 102 0.00734068 0 0 0 0 0 0 0.00734068
102 103 0.00020819 0 0 0 0 0 0 0.00020819
103 104 0.00254856 0 -1.40126 0 0 0 0 -1.39871
101 105 0 0 0 0.149695 0 0 0 0.149695
104 105 0.127309 0 -1.17524 0 0 0 0 -1.04794
105 106 0.101612 0 -1.25102 0 0 0 0 -1.14941
106 107 0.00105091 0 0 0 0 0 0 0.00105091
107 108 0.120393 0 -1.4536 0 0 0 0 -1.3332
108 109 0.131186 0 -1.3138 0 0 0 0 -1.18261
109 110 0.000360504 0 0 0 0 0 0 0.000360504
110 111 0.00418895 0 -1.32942 0 0 0 0 -1.32524
111 112 0.00463299 0 -0.892435 0 0 0 0 -0.887802
112 113 0.0455391 0 -0.914106 0 0 0 0 -0.868567
113 114 0.00410772 0 0 0 0 0 0 0.00410772
114 115 0.000357676 0 0 0 0 0 0 0.000357676
115 116 0.0497892 0 -1.24014 0 0 0 0 -1.19035
116 117 0.0772026 0 -1.27807 0 0 0 0 -1.20087
117 118 0.194344 0 -1.12861 0 0 0 0 -0.934263
118 119 0.0714321 0 0 0 0 0 0 0.0714321
120 121 3.64953e-07 0 -1.44839 0 0 0 0 -1.44839
121 122 0.0223611 0 -1.30623 0 0 0 0 -1.28387
122 123 0.0579355 0 0 0 0 0 0 0.0579355
123 124 0.0842265 0 -1.36836 0 0 0 0 -1.28413
124 125 0.0842815 0 0 0 0 0 0 0.0842815
125 126 0.0122357 0 -1.21833 0 0 0 0 -1.2061
126 127 0.0323256 0 0 0 0 0 0 0.0323256
127 128 0.0357346 0 0 0 0 0 0 0.0357346
128 129 0.0897782 0 0 0 0 0 0 0.0897782
129 130 0.0258562 0 0 0 0 0 0 0.0258562
130 131 0.00307908 0 0 0 0 0 0 0.00307908
131 132 0.0020252 0 0 0 0 0 0 0.0020252
132 133 0.0555007 0 -1.26009 0 0 0 0 -1.20459
133 134 0.0246386 0 -1.37212 0 0 0 0 -1.34748
134 135 0.0143605 0 -1.0811 0 0 0 0 -1.06674
135 136 0.00884268 0 0 0 0 0 0 0.00884268
136 137 0.0378369 0 0 0 0 0 0 0.0378369
137 138 0.0106136 0 -1.29001 0 0 0 0 -1.27939
138 139 0.00373667 0 -1.1101 0 0 0 0 -1.10637
140 141 0.0520764 0 0 0 0 0 0 0.0520764
141 142 0.0611294 0 -0 0 0 0 0 0.0611294
142 143 6.38532e-06 0 -1.39243 0 0 0 0 -1.39242
143 144 0.0375044 0 -1.04438 0 0 0 0 -1.00687
144 145 0.212382 0 -1.22462 0 0 0 0 -1.01223
145 146 0.00372822 0 0 0 0 0 0 0.00372822
146 147 0.0167103 0 0 0 0 0 0 0.0167103
147 148 0.0123028 0 -0.785395 0 0 0 0 -0.773092
148 149 0.0528166 0 -0.715634 0 0 0 0 -0.662817
149 150 0.0404567 0 -1.25954 0 0 0 0 -1.21908
150 151 0.00552036 0 -0.863366 0 0 0 0 -0.857846
151 152 0.000309426 0 -1.384 0 0 0 0 -1.38369
152 153 0.00488304 0 -1.21121 0 0 0 0 -1.20633
153 154 7.98175e-06 0 -0.963108 0 0 0 0 -0.9631
154 155 0.0373648 0 -1.15057 0 0 0 0 -1.11321
155 156 0.0309883 0 -1.16622 0 0 0 0 -1.13523
156 157 0.0629389 0 0 0 0 0 0 0.0629389
157 158 0.0288289 0 -1.14759 0 0 0 0 -1.11876
158 159 0.0464898 0 -1.12801 0 0 0 0 -1.08152
160 161 0.00456882 0 0 0 0 0 0 0.00456882
161 162 0.0026718 0 0 0 0 0 0 0.0026718
162 163 0.00525445 0 -1.30943 0 0 0 0 -1.30418
163 164 2.52401e-05 0 0 0 0 0 0 2.52401e-05
164 165 0.047589 0 -1.17699 0 0 0 0 -1.1294
165 166 0.0495038 0 0 0 0 0 0 0.0495038
166 167 0.000226285 0 0 0 0 0 0 0.000226285
167 168 0.0116069 0 0 0 0 0 0 0.0116069
168 169 0.032072 0 -0.15448 0 0 0 0 -0.122408
169 170 0.000292569 0 0 0 0 0 0 0.000292569
170 171 0.01047 0 -1.26319 0 0 0 0 -1.25272
171 172 0.000860892 0 -1.35186 0 0 0 0 -1.351
172 173 0.0644776 0 -0.910197 0 0 0 0 -0.84572
173 174 0.315433 0 0 0 0 0 0 0.315433
174 175 0.0345653 0 -1.36562 0 0 0 0 -1.33105
175 176 0.00498173 0 0 0 0 0 0 0.00498173
176 177 0.00106196 0 -1.26733 0 0 0 0 -1.26627
177 178 0.0578762 0 -1.3791 0 0 0 0 -1.32123
178 179 0.0295174 0 -0 0 0 0 0 0.0295174
180 181 0.0743905 0 0 0 0 0 0 0.0743905
181 182 0.127937 0 0 0 0 0 0 0.127937
182 183 0.0694692 0 -1.09342 0 0 0 0 -1.02395
183 184 0.0233868 0 -1.16014 0 0 0 0 -1.13675
184 185 0.0198337 0 -0.690182 0 0 0 0 -0.670348
185 186 0.0763478 0 0 0 0 0 0 0.0763478
186 187 1.41977e-06 0 -0.996336 0 0 0 0 -0.996335
187 188 0.00775356 0 -0.807887 0 0 0 0 -0.800133
188 189 0.00226264 0 -0.747875 0 0 0 0 -0.745612
189 190 0.015101 0 -1.18898 0 0 0 0 -1.17388
190 191 0.109858 0 0 0 0 0 0 0.109858
191 192 0.00582218 0 0 0 0 0 0 0.00582218
192 193 0.0124895 0 0 0 0 0 0 0.0124895
193 194 0.0711319 0 -1.20864 0 0 0 0 -1.13751
194 195 0.0397988 0 -1.33844 0 0 0 0 -1.29864
195 196 0.000112263 0 -0.974579 0 0 0 0 -0.974466
196 197 0.0500603 0 -0.873664 0 0 0 0 -0.823604
197 198 0.00642154 0 0 0 0 0 0 0.00642154
198 199 0.0996955 0 -0 0 0 0 0 0.0996955
200 201 0.260773 0 0 0 0 0 0 0.260773
201 202 0.0332501 0 0 0 0 0 0 0.0332501
202 203 0.0247267 0 -0.888251 0 0 0 0 -0.863524
203 204 0.00359289 0 0 0 0 0 0 0.00359289
204 205 0.0179054 0 -1.30042 0 0 0 0 -1.28251
205 206 0.00127488 0 -1.35841 0 0 0 0 -1.35714
206 207 0.0323977 0 -1.40004 0 0 0 0 -1.36764
207 208 0.0230602 0 0 0 0 0 0 0.0230602
208 209 5.31559e-06 0 -0 0 0 0 0 5.31559e-06
209 210 0.0278568 0 -1.27049 0 0 0 0 -1.24263
210 211 0.048635 0 0 0 0 0 0 0.048635
211 212 0.0656496 0 0 0 0 0 0 0.0656496
212 213 0.0539246 0 -1.33243 0 0 0 0 -1.2785
213 214 0.00515608 0 -1.32477 0 0 0 0 -1.31961
214 215 0.0167929 0 0 0 0 0 0 0.0167929
215 216 0.0159166 0 -1.03247 0 0 0 0 -1.01656
216 217 0.435604 0 0 0 0 0 0 0.435604
217 218 0.15822 0 -0 0 0 0 0 0.15822
218 219 0.0293778 0 -0.853127 0 0 0 0 -0.823749
220 221 0.00915188 0 0 0 0 0 0 0.00915188
221 222 0.29118 0 -0 0 0 0 0 0.29118
222 223 0.205919 0 0 0 0 0 0 0.205919
223 224 0.0238572 0 0 0 0 0 0 0.0238572
224 225 0.101649 0 -1.09964 0 0 0 0 -0.997989
225 226 0.0446801 0 -0 0 0 0 0 0.0446801
226 227 0.0155233 0 -0.837951 0 0 0 0 -0.822427
227 228 0.0239676 0 -1.0829 0 0 0 0 -1.05894
228 229 0.00728246 0 -1.04611 0 0 0 0 -1.03883
229 230 0.000737443 0 0 0 0 0 0 0.000737443
230 231 0.0684742 0 -0.75857 0 0 0 0 -0.690096
231 232 0.00200144 0 -1.00564 0 0 0 0 -1.00364
232 233 0.0177151 0 0 0 0 0 0 0.0177151
233 234 0.0146395 0 -1.24932 0 0 0 0 -1.23468
234 235 0.0185702 0 -0 0 0 0 0 0.0185702
234 236 0 0 0 0.0692359 0 0 0 0.0692359
235 236 0.0359869 0 -0.911242 0 0 0 0 -0.875255
236 237 0.0933944 0 -0.860972 0 0 0 0 -0.767578
237 238 0.00806966 0 0 0 0 0 0 0.00806966
238 239 0.0725527 0 0 0 0 0 0 0.0725527
240 241 0.0228972 0 -1.25047 0 0 0 0 -1.22758
241 242 0.00903924 0 0 0 0 0 0 0.00903924
242 243 0.0414416 0 0 0 0 0 0 0.0414416
243 244 0.0110095 0 -0.783378 0 0 0 0 -0.772369
244 245 0.0120725 0 -1.31435 0 0 0 0 -1.30228
245 246 0.0038545 0 0 0 0 0 0 0.0038545
246 247 0.0503151 0 0 0 0 0 0 0.0503151
247 248 0.00728029 0 -0 0 0 0 0 0.00728029
248 249 0.000401663 0 -1.19443 0 0 0 0 -1.19403
249 250 5.63098e-05 0 0 0 0 0 0 5.63098e-05
250 251 0.0950042 0 -0 0 0 0 0 0.0950042
251 252 0.00361801 0 0 0 0 0 0 0.00361801
251 253 0 0 0 0.045025 0 0 0 0.045025
252 253 0.0302521 0 -1.06472 0 0 0 0 -1.03447
253 254 0.0370366 0 0 0 0 0 0 0.0370366
254 255 0.00610907 0 -1.28051 0 0 0 0 -1.27441
255 256 0.0639713 0 0 0 0 0 0 0.0639713
256 257 0.00739082 0 -1.37592 0 0 0 0 -1.36853
257 258 0.00163231 0 0 0 0 0 0 0.00163231
258 259 0.0881262 0 -0 0 0 0 0 0.0881262
260 261 0.0161244 0 0 0 0 0 0 0.0161244
261 262 0.135665 0 -1.27814 0 0 0 0 -1.14247
262 263 0.0140644 0 0 0 0 0 0 0.0140644
263 264 0.001723 0 0 0 0 0 0 0.001723
264 265 0.00173415 0 -0.755178 0 0 0 0 -0.753444
265 266 0.0196864 0 0 0 0 0 0 0.0196864
266 267 0.0162082 0 -1.2731 0 0 0 0 -1.25689
267 268 0.0877742 0 -1.05512 0 0 0 0 -0.967349
268 269 0.0109097 0 0 0 0 0 0 0.0109097
269 270 0.00833872 0 0 0 0 0 0 0.00833872
270 271 0.117946 0 -1.44413 0 0 0 0 -1.32618
271 272 8.87265e-06 0 -0.913983 0 0 0 0 -0.913974
272 273 0.181302 0 -0.979512 0 0 0 0 -0.79821
273 274 0.185734 0 -1.3748 0 0 0 0 -1.18907
274 275 0.000510681 0 0 0 0 0 0 0.000510681
275 276 0.00130347 0 0 0 0 0 0 0.00130347
276 277 0.0468251 0 -1.01303 0 0 0 0 -0.966205
277 278 0.0713049 0 -0.930758 0 0 0 0 -0.859454
278 279 0.02955 0 0 0 0 0 0 0.02955
280 281 0.000702804 0 0 0 0 0 0 0.000702804
281 282 0.0147744 0 -0.888831 0 0 0 0 -0.874057
282 283 0.288892 0 -0.994879 0 0 0 0 -0.705987
283 284 0.126884 0 -1.03916 0 0 0 0 -0.912279
284 285 0.337828 0 -0 0 0 0 0 0.337828
285 286 0.0368418 0 -1.26586 0 0 0 0 -1.22901
286 287 0.0244913 0 0 0 0 0 0 0.0244913
287 288 0.0518457 0 0 0 0 0 0 0.0518457
288 289 0.00253884 0 0 0 0 0 0 0.00253884
289 290 0.000755 0 0 0 0 0 0 0.000755
290 291 0.0173135 0 0 0 0 0 0 0.0173135
291 292 0.0171064 0 -0 0 0 0 0 0.0171064
283 293 0 0 0 0 0 -7.8295e-05 -0 -7.8295e-05
292 293 0.0372546 0 0 0 0 0 0 0.0372546
293 294 3.39578e-05 0 0 0 0 0 0 3.39578e-05
294 295 0.0131032 0 -1.40439 0 0 0 0 -1.39129
295 296 0.1159 0 0 0 0 0 0 0.1159
296 297 0.0181112 0 0 0 0 0 0 0.0181112
297 298 0.0755527 0.0511042 -0 0 0 0 0 0.126657
294 299 0 0 0 0 -0 -8.43918e-06 0 -8.43918e-06
298 299 0.00300567 0 0 0 0 0 0 0.00300567
300 301 0.313164 0 0 0 0 0 0 0.313164
301 302 0.0112532 0 0 0 0 0 0 0.0112532
302 303 0.0620057 0 -1.43657 0 0 0 0 -1.37457
303 304 0.0562779 0 0 0 0 0 0 0.0562779
304 305 0.000790268 0 0 0 0 0 0 0.000790268
305 306 0.00247762 0 -1.36401 0 0 0 0 -1.36154
306 307 0.00380901 0 -1.41739 0 0 0 0 -1.41358
307 308 0.0912271 0 -1.16087 0 0 0 0 -1.06964
308 309 0.0674798 0 -1.04751 0 0 0 0 -0.980029
309 310 0.00117429 0 -1.32665 0 0 0 0 -1.32547
310 311 0.134767 0 -1.09024 0 0 0 0 -0.955468
311 312 0.00943804 0 0 0 0 0 0 0.00943804
312 313 0.0423556 0 -1.30878 0 0 0 0 -1.26642
313 314 0.0838255 0 0 0 0 0 0 0.0838255
314 315 0.0669956 0 0 0 0 0 0 0.0669956
315 316 0.120689 0 -1.21152 0 0 0 0 -1.09084
316 317 0.100471 0 -0.992955 0 0 0 0 -0.892485
317 318 0.0140352 0 0 0 0 0 0 0.0140352
318 319 0.0857536 0 -1.28815 0 0 0 0 -1.2024
320 321 0.00789737 0 0 0 0 0 0 0.00789737
321 322 0.0139309 0 -0.524688 0 0 0 0 -0.510757
322 323 0.0499393 0 0 0 0 0 0 0.0499393
323 324 0.00307876 0 0 0 0 0 0 0.00307876
324 325 0.00968435 0 -0 0 0 0 0 0.00968435
325 326 0.217225 0 0 0 0 0 0 0.217225
326 327 0.000114003 0 -1.29947 0 0 0 0 -1.29936
327 328 0.0505605 0 0 0 0 0 0 0.0505605
328 329 0.0321317 0 0 0 0 0 0 0.0321317
329 330 0.0179412 0 -0 0 0 0 0 0.0179412
330 331 0.0285753 0 0 0 0 0 0 0.0285753
331 332 0.00764705 0 0 0 0 0 0 0.00764705
332 333 0.00348224 0 -1.19315 0 0 0 0 -1.18966
333 334 0.144429 0 -1.04694 0 0 0 0 -0.902516
334 335 0.100686 0 -1.37051 0 0 0 0 -1.26982
335 336 0.188262 0 -1.06259 0 0 0 0 -0.874327
336 337 0.00726375 0 -1.26287 0 0 0 0 -1.2556
337 338 0.0204451 0 -0.31669 0 0 0 0 -0.296245
338 339 0.0524278 0 0 0 0 0 0 0.0524278
340 341 0.00114925 0 -1.13668 0 0 0 0 -1.13553
341 342 0.00469938 0 0 0 0 0 0 0.00469938
342 343 0.0582863 0 -1.3974 0 0 0 0 -1.33911
343 344 0.221353 0 0 0 0 0 0 0.221353
344 345 0.014839 0 -0.898828 0 0 0 0 -0.883989
345 346 0.00906609 0 -1.20775 0 0 0 0 -1.19868
346 347 5.1794e-05 0 -1.37262 0 0 0 0 -1.37257
347 348 0.0231372 0 -0 0 0 0 0 0.0231372
348 349 0.0363656 0 -0.975735 0 0 0 0 -0.939369
349 350 0.00479511 0 -1.00134 0 0 0 0 -0.996542
350 351 0.0748367 0 -1.17018 0 0 0 0 -1.09534
351 352 0.00608373 0 0 0 0 0 0 0.00608373
352 353 0.209719 0 -1.26904 0 0 0 0 -1.05932
353 354 0.00776843 0 -1.36799 0 0 0 0 -1.36022
354 355 0.022387 0 -0.799439 0 0 0 0 -0.777052
355 356 0.00536894 0 -1.30989 0 0 0 0 -1.30452
356 357 0.023578 0 -0.117661 0 0 0 0 -0.0940827
357 358 3.64062e-07 0 0 0 0 0 0 3.64062e-07
358 359 0.0475515 0 -0.833413 0 0 0 0 -0.785862
360 361 0.00623494 0 0 0 0 0 0 0.00623494
361 362 0.0201133 0 -0.969039 0 0 0 0 -0.948926
362 363 0.0654845 0 0 0 0 0 0 0.0654845
363 364 0.00097471 0 -0 0 0 0 0 0.00097471
364 365 0.118147 0 -1.20714 0 0 0 0 -1.08899
365 366 0.0147842 0 0 0 0 0 0 0.0147842
366 367 0.0145748 0 -1.10531 0 0 0 0 -1.09073
367 368 0.0381798 0 -1.17546 0 0 0 0 -1.13728
368 369 0.00847187 0 -1.35404 0 0 0 0 -1.34557
369 370 9.73638e-06 0 0 0 0 0 0 9.73638e-06
370 371 0.0143455 0 -1.36584 0 0 0 0 -1.35149
371 372 0.0841058 0 -0.665076 0 0 0 0 -0.58097
372 373 0.0690432 0 0 0 0 0 0 0.0690432
373 374 0.018326 0 0 0 0 0 0 0.018326
374 375 0.136857 0 0 0 0 0 0 0.136857
375 376 0.124195 0 -0.935651 0 0 0 0 -0.811456
376 377 0.114956 0 -1.22815 0 0 0 0 -1.11319
377 378 0.0682541 0 0 0 0 0 0 0.0682541
378 379 0.178287 0 0 0 0 0 0 0.178287
380 381 0.00141373 0 0 0 0 0 0 0.00141373
381 382 0.00359455 0 -0 0 0 0 0 0.00359455
382 383 0.0105319 0 0 0 0 0 0 0.0105319
383 384 0.0831195 0 -1.00582 0 0 0 0 -0.922702
384 385 0.334294 0 -0.966227 0 0 0 0 -0.631933
385 386 9.92321e-06 0 -1.37422 0 0 0 0 -1.37421
386 387 0.00059062 0 -1.40446 0 0 0 0 -1.40387
387 388 0.0851551 0 -1.16422 0 0 0 0 -1.07906
388 389 0.0273724 0 -0.978954 0 0 0 0 -0.951581
389 390 2.83888e-05 0 0 0 0 0 0 2.83888e-05
390 391 0.11138 0 -1.21066 0 0 0 0 -1.09928
391 392 0.00999203 0 -1.38476 0 0 0 0 -1.37477
392 393 0.0552469 0 0 0 0 0 0 0.0552469
393 394 0.102834 0 0 0 0 0 0 0.102834
394 395 0.0259218 0 -1.36101 0 0 0 0 -1.33508
395 396 1.13817e-05 0 -1.10608 0 0 0 0 -1.10607
396 397 0.0554396 0 0 0 0 0 0 0.0554396
397 398 0.00223631 0 -1.27615 0 0 0 0 -1.27391
398 399 0.0254464 0 0 0 0 0 0 0.0254464
400 401 0.0278333 0 0 0 0 0 0 0.0278333
401 402 0.00146094 0 0 0 0 0 0 0.00146094
402 403 9.58862e-05 0 0 0 0 0 0 9.58862e-05
403 404 0.0531056 0 0 0 0 0 0 0.0531056
404 405 0.0246137 0 -1.24 0 0 0 0 -1.21538
405 406 0.000375057 0 -1.15132 0 0 0 0 -1.15094
406 407 0.000381335 0 -0 0 0 0 0 0.000381335
407 408 0.14708 0 0 0 0 0 0 0.14708
408 409 0.0133178 0 0 0 0 0 0 0.0133178
409 410 0.0168539 0 -0 0 0 0 0 0.0168539
410 411 0.00216472 0 -1.18029 0 0 0 0 -1.17812
411 412 0.0580602 0 0 0 0 0 0 0.0580602
412 413 0.0102844 0 0 0 0 0 0 0.0102844
413 414 0.131045 0 -1.07223 0 0 0 0 -0.941188
414 415 0.0427282 0 -0.720736 0 0 0 0 -0.678008
415 416 0.0120018 0 -1.3299 0 0 0 0 -1.3179
416 417 0.0271583 0 -0 0 0 0 0 0.0271583
417 418 0.0234197 0 -0.984544 0 0 0 0 -0.961125
418 419 0.0609298 0 -1.21899 0 0 0 0 -1.15806
420 421 0.00696479 0 -1.22773 0 0 0 0 -1.22076
421 422 0.00990827 0 0 0 0 0 0 0.00990827
422 423 0.000631254 0 0 0 0 0 0 0.000631254
423 424 0.0147539 0 -1.11005 0 0 0 0 -1.09529
424 425 0.00202206 0 0 0 0 0 0 0.00202206
425 426 0.0580033 0 0 0 0 0 0 0.0580033
426 427 0.00231844 0 -1.12679 0 0 0 0 -1.12447
427 428 0.0452062 0 -1.23389 0 0 0 0 -1.18869
428 429 0.0333053 0 -1.43537 0 0 0 0 -1.40207
429 430 0.019744 0 0 0 0 0 0 0.019744
430 431 0.104395 0 0 0 0 0 0 0.104395
431 432 0.0358568 0 -1.38327 0 0 0 0 -1.34741
432 433 0.0639831 0 -1.052 0 0 0 0 -0.988014
433 434 0.0324006 0 -0.940817 0 0 0 0 -0.908417
434 435 0.00176275 0 0 0 0 0 0 0.00176275
435 436 0.196585 0 -1.01092 0 0 0 0 -0.814334
436 437 0.00813238 0 -1.13778 0 0 0 0 -1.12965
437 438 0.188477 0 0 0 0 0 0 0.188477
438 439 0.0102998 0 -1.10212 0 0 0 0 -1.09182
440 441 0.00816033 0 0 0 0 0 0 0.00816033
441 442 0.220002 0 -0.94776 0 0 0 0 -0.727759
442 443 0.00194542 0 0 0 0 0 0 0.00194542
443 444 0.00061061 0 -1.02658 0 0 0 0 -1.02597
444 445 0.014597 0 -0 0 0 0 0 0.014597
445 446 0.0146282 0 0 0 0 0 0 0.0146282
446 447 0.00108784 0 -1.11 0 0 0 0 -1.10891
447 448 0.151825 0 0 0 0 0 0 0.151825
448 449 0.0167913 0 0 0 0 0 0 0.0167913
449 450 0.00277797 0 -0.000993817 0 0 0 0 0.00178415
450 451 0.00926942 0 -1.0687 0 0 0 0 -1.05943
451 452 0.078938 0 -1.26943 0 0 0 0 -1.1905
452 453 0.00827457 0 0 0 0 0 0 0.00827457
453 454 0.0154767 0 -1.23987 0 0 0 0 -1.22439
454 455 0.0708791 0 0 0 0 0 0 0.0708791
455 456 0.0484862 0 -0.756813 0 0 0 0 -0.708327
456 457 0.0210534 0 -0.844935 0 0 0 0 -0.823882
457 458 0.0594773 0 -3.73758e-07 0 0 0 0 0.0594769
458 459 0.00791117 0 -1.00703 0 0 0 0 -0.999122
460 461 0.0856262 0 0 0 0 0 0 0.0856262
461 462 0.0098494 0 -1.33832 0 0 0 0 -1.32848
462 463 0.00342504 0 -1.07469 0 0 0 0 -1.07126
460 464 0 0 0 0 0 -0.000231974 -0 -0.000231974
463 464 0.00496563 0 -1.06588 0 0 0 0 -1.06092
464 465 0.214899 0 0 0 0 0 0 0.214899
465 466 0.0239993 0 0 0 0 0 0 0.0239993
466 467 0.00160257 0 -0.786136 0 0 0 0 -0.784534
467 468 0.0383528 0 -1.34305 0 0 0 0 -1.30469
468 469 0.115595 0 -1.27391 0 0 0 0 -1.15831
469 470 0.000114938 0 0 0 0 0 0 0.000114938
470 471 0.107874 0 0 0 0 0 0 0.107874
471 472 0.000287102 0 -1.26459 0 0 0 0 -1.2643
472 473 0.000145349 0 -1.06869 0 0 0 0 -1.06854
473 474 0.00552441 0 0 0 0 0 0 0.00552441
474 475 0.0355804 0 0 0 0 0 0 0.0355804
475 476 0.131636 0 -1.35094 0 0 0 0 -1.2193
476 477 0.0380693 0 -0.864263 0 0 0 0 -0.826194
477 478 0.135863 0 0 0 0 0 0 0.135863
478 479 0.0726844 0 0 0 0 0 0 0.0726844
480 481 0.186925 0 -1.05209 0 0 0 0 -0.865164
481 482 0.00178754 0 -1.1942 0 0 0 0 -1.19241
482 483 0.00698269 0 -0.968389 0 0 0 0 -0.961406
483 484 0.000381291 0 0 0 0 0 0 0.000381291
484 485 0.0939504 0 -0 0 0 0 0 0.0939504
485 486 0.00029665 0 0 0 0 0 0 0.00029665
486 487 0.00436637 0 -1.25449 0 0 0 0 -1.25012
487 488 0.00602916 0 0 0 0 0 0 0.00602916
488 489 0.00154893 0 0 0 0 0 0 0.00154893
489 490 0.0217477 0 -0.745747 0 0 0 0 -0.723999
490 491 0.0455201 0 -0 0 0 0 0 0.0455201
491 492 0.0546955 0 0 0 0 0 0 0.0546955
492 493 0.062528 0 -1.20874 0 0 0 0 -1.14621
493 494 0.0272628 0 0 0 0 0 0 0.0272628
494 495 0.00860446 0 -1.31138 0 0 0 0 -1.30278
495 496 0.0511884 0 -0.968245 0 0 0 0 -0.917057
496 497 0.0718011 0 -0.465419 0 0 0 0 -0.393618
497 498 0.0255326 0 -0 0 0 0 0 0.0255326
498 499 0.0060778 0 -0.915921 0 0 0 0 -0.909843
500 501 0.00447695 0 0 0 0 0 0 0.00447695
501 502 0.0862785 0 -1.3643 0 0 0 0 -1.27802
502 503 0.0364722 0 -1.10298 0 0 0 0 -1.06651
503 504 0.0429969 0 -1.30145 0 0 0 0 -1.25845
504 505 0.00176021 0.00890614 -0.805203 0 0 0 0 -0.794537
505 506 0.0478361 0 0 0 0 0 0 0.0478361
506 507 0.0130068 0 -1.29539 0 0 0 0 -1.28238
507 508 0.0552043 0 -1.31965 0 0 0 0 -1.26445
508 509 0.0562892 0 -0.993757 0 0 0 0 -0.937468
509 510 0.180333 0 -1.35459 0 0 0 0 -1.17426
510 511 0.000268347 0 0 0 0 0 0 0.000268347
511 512 0.00030891 0 0 0 0 0 0 0.00030891
512 513 0.0242493 0 -1.24303 0 0 0 0 -1.21878
513 514 0.0577276 0 -1.28671 0 0 0 0 -1.22899
514 515 0.0865585 0 -0.935011 0 0 0 0 -0.848452
515 516 0.20359 0 0 0 0 0 0 0.20359
516 517 0.000212699 0 0 0 0 0 0 0.000212699
517 518 0.0112067 0 -0 0 0 0 0 0.0112067
518 519 0.00896953 0 -0 0 0 0 0 0.00896953
520 521 0.00358705 0 0 0 0 0 0 0.00358705
521 522 0.0996813 0 -1.02475 0 0 0 0 -0.925067
522 523 0.0258866 0 -1.30411 0 0 0 0 -1.27823
523 524 0.00222727 0 0 0 0 0 0 0.00222727
524 525 0.000841279 0 -1.13068 0 0 0 0 -1.12984
525 526 0.0700956 0 0 0 0 0 0 0.0700956
526 527 0.0142462 0 -1.30571 0 0 0 0 -1.29147
527 528 0.077055 0 -0.919047 0 0 0 0 -0.841992
528 529 0.0377853 0 0 0 0 0 0 0.0377853
529 530 0.00359496 0 -1.08077 0 0 0 0 -1.07718
530 531 0.0520394 0 0 0 0 0 0 0.0520394
531 532 0.0156961 0 -1.13177 0 0 0 0 -1.11607
532 533 0.090679 0 -0.642972 0 0 0 0 -0.552293
533 534 0.00130195 0 -1.23997 0 0 0 0 -1.23866
534 535 0.0336936 0 0 0 0 0 0 0.0336936
535 536 0.0294073 0 -0 0 0 0 0 0.0294073
536 537 0.0347574 0 0 0 0 0 0 0.0347574
537 538 0.0197814 0 0 0 0 0 0 0.0197814
538 539 0.0117212 0 0 0 0 0 0 0.0117212
540 541 0.010026 0 -1.10859 0 0 0 0 -1.09856
541 542 0.0960278 0 0 0 0 0 0 0.0960278
542 543 0.00160563 0 -0.880969 0 0 0 0 -0.879363
543 544 0.00520624 0 -0 0 0 0 0 0.00520624
544 545 0.00323139 0 -1.13239 0 0 0 0 -1.12915
545 546 0.134746 0 -0.818301 0 0 0 0 -0.683555
546 547 0.0901102 0 -1.30774 0 0 0 0 -1.21763
547 548 0.0201489 0 0 0 0 0 0 0.0201489
548 549 0.0154156 0 -0.778282 0 0 0 0 -0.762867
549 550 0.0351594 0 -0.252342 0 0 0 0 -0.217183
550 551 0.00335334 0 0 0 0 0 0 0.00335334
551 552 0.0554806 0 -0.890142 0 0 0 0 -0.834662
552 553 1.43501e-07 0 0 0 0 0 0 1.43501e-07
553 554 0.013245 0 0 0 0 0 0 0.013245
554 555 0.0146515 0 0 0 0 0 0 0.0146515
555 556 0.00245288 0 -1.31239 0 0 0 0 -1.30994
556 557 0.00836899 0 -1.39382 0 0 0 0 -1.38545
557 558 0.0693007 0 0 0 0 0 0 0.0693007
558 559 0.150406 0 -1.14407 0 0 0 0 -0.993665
560 561 0.0607845 0 -1.43274 0 0 0 0 -1.37196
561 562 0.0648143 0 -1.17756 0 0 0 0 -1.11275
562 563 0.0617344 0 -1.14698 0 0 0 0 -1.08525
563 564 0.030592 0 -1.24988 0 0 0 0 -1.21929
564 565 0.00832915 0 -1.29848 0 0 0 0 -1.29016
565 566 0.0190885 0 0 0 0 0 0 0.0190885
566 567 0.0937405 0 0 0 0 0 0 0.0937405
567 568 0.00936604 0 -1.40024 0 0 0 0 -1.39087
568 569 0.0349511 0 -1.19309 0 0 0 0 -1.15813
569 570 0.0407446 0 0 0 0 0 0 0.0407446
570 571 0.126509 0 -0.913606 0 0 0 0 -0.787097
571 572 0.201922 0 -1.32032 0 0 0 0 -1.1184
572 573 0.000120003 0 -1.41937 0 0 0 0 -1.41925
573 574 0.000287795 0 -1.1655 0 0 0 0 -1.16521
574 575 0.0189047 0 0 0 0 0 0 0.0189047
575 576 0.0269492 0 0 0 0 0 0 0.0269492
576 577 0.0066721 0 -1.1742 0 0 0 0 -1.16752
577 578 0.000888488 0 0 0 0 0 0 0.000888488
578 579 0.00304882 0 -1.3537 0 0 0 0 -1.35065
580 581 0.0031123 0 -0.751897 0 0 0 0 -0.748785
581 582 0.29154 0 -1.01723 0 0 0 0 -0.725687
582 583 0.00629006 0 -6.10809e-05 0 0 0 0 0.00622898
583 584 0.00267653 0 0 0 0 0 0 0.00267653
584 585 0.00266367 0 -0.877859 0 0 0 0 -0.875195
585 586 0.0180901 0 -1.22994 0 0 0 0 -1.21185
586 587 0.105683 0 -1.10847 0 0 0 0 -1.00279
587 588 0.0366301 0 -1.03924 0 0 0 0 -1.00261
588 589 0.00497437 0 0 0 0 0 0 0.00497437
589 590 0.187225 0 -1.34053 0 0 0 0 -1.15331
590 591 0.0133397 0 0 0 0 0 0 0.0133397
591 592 0.123653 0 -0 0 0 0 0 0.123653
592 593 0.0910998 0 -1.30015 0 0 0 0 -1.20906
593 594 0.104813 0 -0 0 0 0 0 0.104813
594 595 0.18526 0 0 0 0 0 0 0.18526
595 596 0.00736988 0 -1.36897 0 0 0 0 -1.3616
596 597 0.0288657 0 -1.38864 0 0 0 0 -1.35977
597 598 0.0393824 0 -1.11931 0 0 0 0 -1.07993
598 599 0.0398739 0 0 0 0 0 0 0.0398739
600 601 0.00068693 0 0 0 0 0 0 0.00068693
601 602 0.0925533 0 0 0 0 0 0 0.0925533
602 603 0.0825873 0 -1.04812 0 0 0 0 -0.965528
603 604 0.282457 0 0 0 0 0 0 0.282457
604 605 0.02657 0 0 0 0 0 0 0.02657
605 606 0.119443 0 -0 0 0 0 0 0.119443
606 607 0.217584 0 0 0 0 0 0 0.217584
607 608 0.0438562 0 -1.10727 0 0 0 0 -1.06342
608 609 0.0902615 0 -1.13585 0 0 0 0 -1.04559
609 610 0.0739824 0 -1.31961 0 0 0 0 -1.24562
610 611 0.0140972 0 -1.36392 0 0 0 0 -1.34982
611 612 9.62064e-07 0 0 0 0 0 0 9.62064e-07
612 613 0.0625386 0 -1.17442 0 0 0 0 -1.11188
613 614 0.0452163 0 -1.31362 0 0 0 0 -1.2684
614 615 0.0604617 0 0 0 0 0 0 0.0604617
615 616 0.091994 0 -0 0 0 0 0 0.091994
616 617 0.0337981 0 0 0 0 0 0 0.0337981
617 618 0.087392 0 -1.09478 0 0 0 0 -1.00739
618 619 0.000602226 0 -1.12193 0 0 0 0 -1.12133
620 621 0.0162806 0 -1.26343 0 0 0 0 -1.24715
621 622 0.00461604 0 -1.00173 0 0 0 0 -0.997113
622 623 0.171322 0 -1.13967 0 0 0 0 -0.968344
623 624 0.06299 0 -1.18672 0 0 0 0 -1.12373
624 625 0.0847548 0 0 0 0 0 0 0.0847548
625 626 0.0264241 0 -1.10144 0 0 0 0 -1.07502
626 627 0.0102833 0 -1.08021 0 0 0 0 -1.06992
627 628 0.0698515 0 0 0 0 0 0 0.0698515
628 629 0.000149089 0 0 0 0 0 0 0.000149089
629 630 0.00108495 0 -1.17564 0 0 0 0 -1.17456
630 631 0.298965 0 -0 0 0 0 0 0.298965
631 632 0.0159677 0 0 0 0 0 0 0.0159677
632 633 0.00637394 0 -0.172721 0 0 0 0 -0.166347
633 634 0.018364 0 -0 0 0 0 0 0.018364
634 635 0.0177628 0 -1.09855 0 0 0 0 -1.08079
635 636 0.0680861 0 0 0 0 0 0 0.0680861
636 637 5.26917e-05 0 -0.867247 0 0 0 0 -0.867194
637 638 0.0021974 0 -1.43414 0 0 0 0 -1.43195
638 639 5.39295e-05 0 -1.34264 0 0 0 0 -1.34258
640 641 0.00206619 0 -1.42688 0 0 0 0 -1.42481
641 642 0.00561781 0 0 0 0 0 0 0.00561781
642 643 0.0301603 0 0 0 0 0 0 0.0301603
643 644 6.17029e-05 0 -1.28711 0 0 0 0 -1.28705
644 645 0.0238197 0 -1.2253 0 0 0 0 -1.20148
645 646 0.00232232 0 0 0 0 0 0 0.00232232
646 647 0.00173813 0 -0.680351 0 0 0 0 -0.678613
647 648 0.0140347 0 0 0 0 0 0 0.0140347
648 649 0.000346208 0 0 0 0 0 0 0.000346208
649 650 0.00469535 0 0 0 0 0 0 0.00469535
650 651 0.00234393 0 -0.998763 0 0 0 0 -0.996419
651 652 0.00492901 0 0 0 0 0 0 0.00492901
652 653 0.0921712 0 -1.07361 0 0 0 0 -0.981441
653 654 0.000638247 0 0 0 0 0 0 0.000638247
654 655 0.0616984 0 -1.32225 0 0 0 0 -1.26055
655 656 0.00312333 0 -1.1134 0 0 0 0 -1.11028
656 657 0.00563197 0 0 0 0 0 0 0.00563197
657 658 0.0269641 0 0 0 0 0 0 0.0269641
656 659 0 0 0 0 0 -0.0198162 0 -0.0198162
650 659 0 0 0 0.042208 0 0 0 0.042208
658 659 0.242473 0 -1.30952 0 0 0 0 -1.06705
660 661 0.00278566 0 -1.03901 0 0 0 0 -1.03622
661 662 0.076602 0 0 0 0 0 0 0.076602
662 663 0.0100915 0 -1.27027 0 0 0 0 -1.26017
663 664 0.0133326 0 -1.22025 0 0 0 0 -1.20691
664 665 0.0284676 0 -1.14705 0 0 0 0 -1.11858
665 666 0.0322557 0 -0.794582 0 0 0 0 -0.762326
666 667 0.0144443 0 -1.41333 0 0 0 0 -1.39889
666 668 0 0 0 0.0844442 0 0 0 0.0844442
667 668 0.0159668 0 -0 0 0 0 0 0.0159668
668 669 0.0585901 0 -0.840428 0 0 0 0 -0.781838
669 670 0.0501942 0 -1.11272 0 0 0 0 -1.06253
670 671 0.0431547 0 0 0 0 0 0 0.0431547
671 672 0.0238755 0 0 0 0 0 0 0.0238755
672 673 0.00351167 0 -1.35921 0 0 0 0 -1.3557
673 674 0.00730957 0 -0 0 0 0 0 0.00730957
674 675 0.0090117 0 -1.13259 0 0 0 0 -1.12358
675 676 0.000627348 0 -1.36553 0 0 0 0 -1.3649
676 677 0.00100963 0 0 0 0 0 0 0.00100963
677 678 0.0744654 0 -1.38105 0 0 0 0 -1.30658
678 679 0.00268534 0 0 0 0 0 0 0.00268534
680 681 0.0504013 0 -1.32141 0 0 0 0 -1.27101
681 682 0.0229909 0 -1.23316 0 0 0 0 -1.21017
682 683 0.0190161 0 -1.38811 0 0 0 0 -1.36909
683 684 0.00651086 0 0 0 0 0 0 0.00651086
684 685 0.00355714 0 -1.23553 0 0 0 0 -1.23197
685 686 0.0298032 0 -1.3646 0 0 0 0 -1.3348
686 687 0.0229147 0 0 0 0 0 0 0.0229147
687 688 0.0119897 0 0 0 0 0 0 0.0119897
688 689 0.00661215 0 -1.2005 0 0 0 0 -1.19389
689 690 0.0143222 0 0 0 0 0 0 0.0143222
690 691 0.00909359 0 -1.26255 0 0 0 0 -1.25346
691 692 0.0140519 0 -1.23959 0 0 0 0 -1.22554
692 693 0.00782686 0 -0 0 0 0 0 0.00782686
693 694 0.066153 0 0 0 0 0 0 0.066153
694 695 0.136057 0 0 0 0 0 0 0.136057
695 696 0.000849634 0 0 0 0 0 0 0.000849634
696 697 0.203209 0 -1.42086 0 0 0 0 -1.21765
697 698 0.0466246 0 -1.09774 0 0 0 0 -1.05111
698 699 0.0057435 0 -0.819195 0 0 0 0 -0.813451
700 701 0.186408 0 -1.37937 0 0 0 0 -1.19296
701 702 0.00337796 0 -1.32614 0 0 0 0 -1.32276
702 703 0.0117758 0 -1.30435 0 0 0 0 -1.29258
703 704 0.208657 0 -1.37233 0 0 0 0 -1.16367
704 705 0.0687577 0 -1.14067 0 0 0 0 -1.07191
705 706 0.0221495 0 0 0 0 0 0 0.0221495
706 707 0.128323 0 -1.13492 0 0 0 0 -1.0066
707 708 0.00490241 0 -1.04998 0 0 0 0 -1.04508
708 709 0.00919776 0 -1.26043 0 0 0 0 -1.25123
709 710 0.155011 0 -1.29908 0 0 0 0 -1.14407
710 711 0.0589037 0 0 0 0 0 0 0.0589037
711 712 0.0140712 0 -0 0 0 0 0 0.0140712
712 713 0.0640468 0 -1.11393 0 0 0 0 -1.04988
713 714 0.0460291 0 -1.04764 0 0 0 0 -1.00161
714 715 0.000243622 0 0 0 0 0 0 0.000243622
715 716 0.103495 0 0 0 0 0 0 0.103495
716 717 0.0271633 0 -1.14157 0 0 0 0 -1.11441
717 718 0.0160858 0 0 0 0 0 0 0.0160858
718 719 0.0720307 0 -1.28045 0 0 0 0 -1.20842
720 721 0.0105794 0 0 0 0 0 0 0.0105794
721 722 0.00110824 0 0 0 0 0 0 0.00110824
722 723 0.0107421 0 -0 0 0 0 0 0.0107421
723 724 0.00292957 0 0 0 0 0 0 0.00292957
724 725 0.00185169 0 -1.32336 0 0 0 0 -1.32151
725 726 0.00686118 0 0 0 0 0 0 0.00686118
726 727 0.00295084 0 0 0 0 0 0 0.00295084
727 728 0.0322224 0 -1.27823 0 0 0 0 -1.24601
728 729 0.054103 0 -1.35961 0 0 0 0 -1.30551
729 730 0.000233713 0 -1.1222 0 0 0 0 -1.12196
730 731 0.109434 0 0 0 0 0 0 0.109434
731 732 0.000841204 0 0 0 0 0 0 0.000841204
732 733 0.0992879 0 0 0 0 0 0 0.0992879
733 734 0.156066 0 -1.2441 0 0 0 0 -1.08803
734 735 0.0154623 0 -1.36897 0 0 0 0 -1.3535
735 736 0.0464953 0 0 0 0 0 0 0.0464953
736 737 0.00186982 0 -0.912706 0 0 0 0 -0.910836
737 738 0.0642716 0 0 0 0 0 0 0.0642716
738 739 0.00131326 0 0 0 0 0 0 0.00131326
740 741 4.23568e-08 0 -1.22248 0 0 0 0 -1.22248
741 742 1.32042e-06 0 -1.07278 0 0 0 0 -1.07278
742 743 0.0913695 0 -0 0 0 0 0 0.0913695
743 744 0.0702522 0 0 0 0 0 0 0.0702522
744 745 0.0162374 0 -1.31398 0 0 0 0 -1.29774
745 746 0.00367877 0 0 0 0 0 0 0.00367877
746 747 0.000315621 0 0 0 0 0 0 0.000315621
747 748 0.0825769 0 -1.37617 0 0 0 0 -1.29359
748 749 0.0438432 0 0 0 0 0 0 0.0438432
749 750 0.0259012 0 -1.3265 0 0 0 0 -1.3006
750 751 0.0311668 0 0 0 0 0 0 0.0311668
751 752 0.0522574 0 -1.32945 0 0 0 0 -1.27719
752 753 0.188535 0 -1.00488 0 0 0 0 -0.816346
753 754 0.06232 0 0 0 0 0 0 0.06232
754 755 0.00916652 0 0 0 0 0 0 0.00916652
755 756 0.0134825 0 0 0 0 0 0 0.0134825
756 757 0.0651045 0 -1.16176 0 0 0 0 -1.09665
757 758 0.0278374 0 0 0 0 0 0 0.0278374
758 759 0.0377207 0 -0.998604 0 0 0 0 -0.960883
760 761 0.00373121 0 0 0 0 0 0 0.00373121
761 762 0.0224545 0 0 0 0 0 0 0.0224545
762 763 0.0026964 0 0 0 0 0 0 0.0026964
763 764 0.0191708 0 -1.37988 0 0 0 0 -1.3607
764 765 0.0181017 0 -0 0 0 0 0 0.0181017
765 766 0.0135493 0 -1.14077 0 0 0 0 -1.12722
766 767 0.122968 0 0 0 0 0 0 0.122968
767 768 0.174905 0 0 0 0 0 0 0.174905
768 769 0.00739784 0 -1.33691 0 0 0 0 -1.32951
769 770 0.00817254 0 -0.551639 0 0 0 0 -0.543467
770 771 0.130388 0 -1.16059 0 0 0 0 -1.0302
771 772 0.0867615 0 0 0 0 0 0 0.0867615
772 773 0.00966259 0 0 0 0 0 0 0.00966259
773 774 0.0216096 0 -1.37628 0 0 0 0 -1.35467
774 775 0.0369979 0 -1.42287 0 0 0 0 -1.38587
775 776 0.00154777 0 -0.934864 0 0 0 0 -0.933316
776 777 0.0442924 0 -1.11847 0 0 0 0 -1.07418
777 778 0.00840607 0 -0 0 0 0 0 0.00840607
778 779 0.0101426 0 0 0 0 0 0 0.0101426
780 781 0.122636 0 0 0 0 0 0 0.122636
781 782 0.00010896 0 0 0 0 0 0 0.00010896
782 783 0.00328064 0 -1.02882 0 0 0 0 -1.02554
783 784 0.0207386 0 -1.14949 0 0 0 0 -1.12875
784 785 0.143383 0 -1.18372 0 0 0 0 -1.04034
785 786 0.00315551 0 0 0 0 0 0 0.00315551
786 787 0.0730096 0 0 0 0 0 0 0.0730096
787 788 0.114126 0 0 0 0 0 0 0.114126
788 789 0.00492264 0 0 0 0 0 0 0.00492264
789 790 0.028629 0 -1.11613 0 0 0 0 -1.0875
790 791 0.0198692 0 -0.908463 0 0 0 0 -0.888594
791 792 0.0778543 0 0 0 0 0 0 0.0778543
792 793 0.0984024 0 -1.17361 0 0 0 0 -1.07521
793 794 0.0497604 0 -0.990177 0 0 0 0 -0.940416
794 795 0.185055 0 -1.18402 0 0 0 0 -0.998967
795 796 0.0268677 0 -1.25093 0 0 0 0 -1.22406
796 797 0.146398 0 -0.815185 0 0 0 0 -0.668787
797 798 0.00134524 0 -1.05183 0 0 0 0 -1.05049
798 799 0.00427283 0 -1.29912 0 0 0 0 -1.29485
800 801 0.049495 0 -1.35672 0 0 0 0 -1.30722
801 802 0.603591 0 0 0 0 0 0 0.603591
802 803 0.0424992 0 0 0 0 0 0 0.0424992
803 804 0.105807 0 -1.07859 0 0 0 0 -0.97278
804 805 0.0284409 0 -1.09346 0 0 0 0 -1.06501
805 806 0.0113657 0 -1.11167 0 0 0 0 -1.10031
806 807 0.00443646 0 -1.25852 0 0 0 0 -1.25408
807 808 0.0477585 0 -1.29884 0 0 0 0 -1.25108
808 809 0.0176755 0 0 0 0 0 0 0.0176755
809 810 0.0414771 0 -1.18432 0 0 0 0 -1.14284
810 811 0.00252529 0 -0.88394 0 0 0 0 -0.881415
811 812 0.152341 0 0 0 0 0 0 0.152341
812 813 0.164258 0 0 0 0 0 0 0.164258
813 814 0.158981 0 -0.903216 0 0 0 0 -0.744235
814 815 0.00183759 0 -0.706529 0 0 0 0 -0.704691
815 816 0.00332259 0 -1.27276 0 0 0 0 -1.26944
816 817 0.00181851 0 -1.13965 0 0 0 0 -1.13783
817 818 0.0642216 0 -0 0 0 0 0 0.0642216
818 819 0.0079847 0 -1.07422 0 0 0 0 -1.06624
820 821 0.0399911 0 0 0 0 0 0 0.0399911
821 822 0.10633 0 0 0 0 0 0 0.10633
822 823 0.146099 0 -1.34059 0 0 0 0 -1.19449
823 824 0.0120128 0 0 0 0 0 0 0.0120128
824 825 0.123658 0 -1.07112 0 0 0 0 -0.947466
825 826 0.124095 0 0 0 0 0 0 0.124095
826 827 0.000110074 0 0 0 0 0 0 0.000110074
827 828 0.299629 0 0 0 0 0 0 0.299629
828 829 0.0505926 0 0 0 0 0 0 0.0505926
829 830 0.135815 0 -1.30957 0 0 0 0 -1.17375
830 831 0.00137361 0 0 0 0 0 0 0.00137361
831 832 0.0153744 0 0 0 0 0 0 0.0153744
832 833 0.0136978 0 -0.788187 0 0 0 0 -0.77449
833 834 0.00196013 0 -1.14321 0 0 0 0 -1.14125
834 835 0.167271 0 0 0 0 0 0 0.167271
835 836 0.0405772 0 -0.868144 0 0 0 0 -0.827567
836 837 0.478182 0 -1.02257 0 0 0 0 -0.544387
837 838 0.053091 0 -1.35075 0 0 0 0 -1.29766
838 839 0.0419556 0 -1.39094 0 0 0 0 -1.34898
840 841 0.0160884 0 -1.30665 0 0 0 0 -1.29057
841 842 0.144685 0 0 0 0 0 0 0.144685
842 843 0.534722 0 -1.362 0 0 0 0 -0.827277
843 844 0.00386557 0 -1.09085 0 0 0 0 -1.08698
844 845 0.101387 0 0 0 0 0 0 0.101387
845 846 0.107201 0 -1.30441 0 0 0 0 -1.19721
846 847 0.038345 0 -0.0343274 0 0 0 0 0.00401755
847 848 0.00313296 0 -1.29362 0 0 0 0 -1.29049
848 849 0.0360153 0 -0.885334 0 0 0 0 -0.849318
849 850 0.00220422 0 -1.40269 0 0 0 0 -1.40049
850 851 0.00350984 0 -1.36413 0 0 0 0 -1.36062
851 852 0.00639145 0 -1.18275 0 0 0 0 -1.17636
852 853 0.165397 0 -1.25014 0 0 0 0 -1.08474
853 854 0.190678 0 -1.34039 0 0 0 0 -1.14971
854 855 0.0144499 0 -1.17019 0 0 0 0 -1.15574
855 856 0.0687693 0 -0 0 0 0 0 0.0687693
856 857 0.125901 0 -1.21081 0 0 0 0 -1.08491
857 858 0.00479042 0 -1.21649 0 0 0 0 -1.2117
858 859 0.0382903 0 0 0 0 0 0 0.0382903
860 861 0.0147988 0 -1.39696 0 0 0 0 -1.38216
861 862 0.0622281 0 -0.891954 0 0 0 0 -0.829726
862 863 0.000897256 0 0 0 0 0 0 0.000897256
863 864 0.00201874 0 -0.50735 0 0 0 0 -0.505331
864 865 0.00597129 0 -1.24942 0 0 0 0 -1.24345
865 866 0.0111403 0 -1.23758 0 0 0 0 -1.22644
866 867 0.0459068 0 -0.749913 0 0 0 0 -0.704006
867 868 0.0176945 0 -0 0 0 0 0 0.0176945
868 869 0.00734508 0 -0.570637 0 0 0 0 -0.563292
869 870 0.074399 0 0 0 0 0 0 0.074399
870 871 0.153641 0 -1.01297 0 0 0 0 -0.859324
871 872 0.00348316 0 0 0 0 0 0 0.00348316
872 873 0.000355422 0 0 0 0 0 0 0.000355422
873 874 0.0520188 0 -0.153291 0 0 0 0 -0.101272
874 875 0.00546055 0 -1.41887 0 0 0 0 -1.41341
875 876 0.00024963 0 -1.2968 0 0 0 0 -1.29655
876 877 0.00303204 0 -0.332016 0 0 0 0 -0.328984
877 878 0.007605 0 -0.696371 0 0 0 0 -0.688766
878 879 0.0135496 0 -1.36253 0 0 0 0 -1.34898
880 881 0.0854274 0 0 0 0 0 0 0.0854274
881 882 0.00456571 0 -1.30605 0 0 0 0 -1.30148
882 883 0.021203 0 -1.00505 0 0 0 0 -0.983847
883 884 0.000131508 0 -1.05245 0 0 0 0 -1.05232
884 885 0.00671698 0 0 0 0 0 0 0.00671698
885 886 0.00403941 0 0 0 0 0 0 0.00403941
886 887 0.135399 0 -1.10071 0 0 0 0 -0.965306
887 888 0.0076851 0 -0.920643 0 0 0 0 -0.912958
888 889 0.0100089 0 -0.897147 0 0 0 0 -0.887138
889 890 0.0172639 0 0 0 0 0 0 0.0172639
890 891 0.0170642 0 -1.32408 0 0 0 0 -1.30702
891 892 0.0118606 0 -1.18454 0 0 0 0 -1.17268
892 893 0.0112996 0 0 0 0 0 0 0.0112996
893 894 0.023313 0 0 0 0 0 0 0.023313
894 895 0.0332839 0 0 0 0 0 0 0.0332839
895 896 0.344633 0 -1.12479 0 0 0 0 -0.78016
896 897 0.00931365 0 0 0 0 0 0 0.00931365
897 898 0.0414211 0 0 0 0 0 0 0.0414211
898 899 0.0160839 0 0 0 0 0 0 0.0160839
900 901 0.0372082 0.00884725 -0 0 0 0 0 0.0460555
901 902 0.0145583 0 0 0 0 0 0 0.0145583
902 903 0.00459358 0 -1.317 0 0 0 0 -1.3124
903 904 0.0245943 0 -1.44991 0 0 0 0 -1.42531
904 905 0.00523975 0 -1.22318 0 0 0 0 -1.21794
905 906 0.0261989 0 0 0 0 0 0 0.0261989
906 907 0.0351309 0 0 0 0 0 0 0.0351309
907 908 0.000589261 0 -1.41329 0 0 0 0 -1.4127
908 909 0.0443818 0 0 0 0 0 0 0.0443818
909 910 0.0519955 0 -0 0 0 0 0 0.0519955
910 911 0.0120231 0 0 0 0 0 0 0.0120231
911 912 9.43171e-05 0 -1.1312 0 0 0 0 -1.1311
912 913 0.0891422 0 -0.983864 0 0 0 0 -0.894722
913 914 0.0399996 0 -1.3314 0 0 0 0 -1.2914
914 915 0.0263854 0 0 0 0 0 0 0.0263854
915 916 0.0390514 0 -0.966568 0 0 0 0 -0.927516
916 917 0.00720513 0 -0 0 0 0 0 0.00720513
917 918 0.000675484 0 -1.07897 0 0 0 0 -1.07829
918 919 0.0348638 0 -1.34801 0 0 0 0 -1.31315
920 921 0.0334972 0 -1.34908 0 0 0 0 -1.31558
921 922 0.0427798 0 -0.928514 0 0 0 0 -0.885734
922 923 0.00050986 0 0 0 0 0 0 0.00050986
923 924 0.00506785 0 0 0 0 0 0 0.00506785
924 925 0.00573662 0 -0.830531 0 0 0 0 -0.824794
925 926 0.0518328 0 -1.11321 0 0 0 0 -1.06137
926 927 0.21466 0 0 0 0 0 0 0.21466
927 928 0.00252672 0 0 0 0 0 0 0.00252672
928 929 0.0200366 0 -0 0 0 0 0 0.0200366
929 930 0.00103123 0 0 0 0 0 0 0.00103123
930 931 0.153552 0.0214315 -0.00237998 0 0 0 0 0.172603
931 932 0.000106248 0 0 0 0 0 0 0.000106248
932 933 0.0808632 0 -0.859671 0 0 0 0 -0.778808
933 934 0.000273649 0 -1.09508 0 0 0 0 -1.0948
934 935 0.182018 0 -6.42491e-05 0 0 0 0 0.181954
935 936 0.21286 0 -1.18081 0 0 0 0 -0.967946
936 937 0.0550607 0 -1.35175 0 0 0 0 -1.29669
937 938 9.02311e-05 0 -1.24722 0 0 0 0 -1.24713
938 939 0.128639 0 0 0 0 0 0 0.128639
940 941 0.0365229 0 -1.33708 0 0 0 0 -1.30055
941 942 0.00798645 0 -0.798662 0 0 0 0 -0.790676
942 943 0.00335118 0 -1.2718 0 0 0 0 -1.26845
943 944 0.0204932 0 -1.29036 0 0 0 0 -1.26987
944 945 0.00219969 0 0 0 0 0 0 0.00219969
945 946 0.0469311 0 0 0 0 0 0 0.0469311
946 947 0.000381287 0 0 0 0 0 0 0.000381287
947 948 0.0277967 0 -1.07554 0 0 0 0 -1.04775
948 949 6.44335e-07 0 0 0 0 0 0 6.44335e-07
949 950 0.105666 0 -1.26537 0 0 0 0 -1.1597
950 951 0.0162173 0 -1.1933 0 0 0 0 -1.17708
951 952 0.0293338 0 -1.21747 0 0 0 0 -1.18814
949 953 0 0 0 0 0 -9.50511e-06 0 -9.50511e-06
952 953 0.00487804 0 -0 0 0 0 0 0.00487804
951 954 0 0 0 0 -0 -6.89802e-05 0 -6.89802e-05
953 954 8.44811e-05 0 -1.33922 0 0 0 0 -1.33913
954 955 0.00437613 0 -0.913149 0 0 0 0 -0.908773
955 956 0.0398768 0 -1.27407 0 0 0 0 -1.2342
956 957 0.00266235 0 -0.957102 0 0 0 0 -0.95444
957 958 0.0220817 0 0 0 0 0 0 0.0220817
958 959 0.0127002 0 0 0 0 0 0 0.0127002
960 961 0.0594002 0 0 0 0 0 0 0.0594002
961 962 0.00117873 0 -0 0 0 0 0 0.00117873
962 963 0.000506049 0 -0 0 0 0 0 0.000506049
963 964 0.0195868 0 0 0 0 0 0 0.0195868
964 965 0.0945437 0 0 0 0 0 0 0.0945437
965 966 0.0479158 0 -1.19805 0 0 0 0 -1.15013
966 967 0.0125518 0 0 0 0 0 0 0.0125518
967 968 0.0187171 0 -0 0 0 0 0 0.0187171
968 969 0.00401568 0 0 0 0 0 0 0.00401568
969 970 0.145808 0 -1.26115 0 0 0 0 -1.11534
970 971 0.00157879 0 -1.43605 0 0 0 0 -1.43448
971 972 0.0320499 0 -1.09259 0 0 0 0 -1.06054
972 973 0.123207 0 -1.11814 0 0 0 0 -0.994938
973 974 0.00251951 0 -0 0 0 0 0 0.00251951
974 975 0.00346875 0 0 0 0 0 0 0.00346875
975 976 0.00643348 0 -1.27909 0 0 0 0 -1.27266
976 977 0.00932689 0 -1.38316 0 0 0 0 -1.37383
977 978 0.00182267 0 -1.31646 0 0 0 0 -1.31464
978 979 0.12853 0 0 0 0 0 0 0.12853
980 981 7.34511e-05 0 -0.969528 0 0 0 0 -0.969455
981 982 0.0033735 0 -0 0 0 0 0 0.0033735
982 983 0.246854 0 0 0 0 0 0 0.246854
983 984 0.106232 0 -1.11882 0 0 0 0 -1.01259
984 985 0.131575 0 0 0 0 0 0 0.131575
985 986 0.0191992 0 -0 0 0 0 0 0.0191992
986 987 0.0139591 0 0 0 0 0 0 0.0139591
987 988 0.0155501 0 -1.21308 0 0 0 0 -1.19753
988 989 0.0260442 0 -0.982697 0 0 0 0 -0.956653
989 990 0.00808547 0 0 0 0 0 0 0.00808547
990 991 0.00754008 0 -0 0 0 0 0 0.00754008
991 992 0.0756559 0 0 0 0 0 0 0.0756559
992 993 0.0600142 0 -1.31339 0 0 0 0 -1.25338
993 994 0.0179444 0 -1.35957 0 0 0 0 -1.34163
994 995 0.00230359 0 -1.23749 0 0 0 0 -1.23519
992 996 0 0 0 0 0 -0.0903609 0 -0.0903609
995 996 0.0130669 0 -0 0 0 0 0 0.0130669
996 997 0.0112577 0 0 0 0 0 0 0.0112577
997 998 0.0529458 0 -1.20305 0 0 0 0 -1.1501
998 999 0.00871332 0 -1.15584 0 0 0 0 -1.14713
#Total energy per particle is  -0.536377 and should be -0.53637710
