           0   0.000000
       10000   0.000000
       20000  -0.000074
       30000   0.000000
       40000  -2.116507
       50000  -2.235874
       60000  -2.045307
       70000  -2.289586
       80000  -4.157926
       90000  -3.455947
      100000  -2.642730
      110000  -3.556746
      120000  -1.731637
      130000  -1.918077
      140000  -3.348973
      150000  -2.409640
      160000  -1.807286
      170000  -9.803805
      180000 -11.244761
      190000 -14.167848
      200000  -9.482473
