           0   0.000000
       10000 -12.353597
       20000 -12.604353
       30000 -14.971700
       40000 -21.073200
       50000 -14.829059
       60000 -16.346906
       70000 -16.996191
       80000 -16.189848
       90000 -10.968593
      100000 -11.583952
      110000  -8.827277
      120000 -12.354106
      130000  -9.729148
      140000  -8.579970
      150000 -14.274154
      160000 -15.196067
      170000 -12.672110
      180000 -11.153713
      190000  -8.116248
      200000 -10.867604
