#id1 id2 FENE BEXC STCK NEXC HB CRSTCK CXSTCK total, t = 200000
0 1 0.0592307 0 -1.33956 0 0 0 0 -1.28033
1 2 0.00354128 0 -0.999238 0 0 0 0 -0.995696
2 3 0.0546298 0 -1.2721 0 0 0 0 -1.21747
3 4 0.029289 0 -1.11866 0 0 0 0 -1.08937
4 5 0.0672754 0 -1.14699 0 0 0 0 -1.07971
5 6 0.0907346 0 0 0 0 0 0 0.0907346
6 7 0.00856364 0 0 0 0 0 0 0.00856364
7 8 0.000567483 0 -0 0 0 0 0 0.000567483
8 9 0.141938 0 0 0 0 0 0 0.141938
9 10 0.00652924 0 -1.12599 0 0 0 0 -1.11946
10 11 0.030589 0 -0 0 0 0 0 0.030589
11 12 0.0733355 0 0 0 0 0 0 0.0733355
12 13 0.0729003 0 -1.21287 0 0 0 0 -1.13997
13 14 0.245784 0 0 0 0 0 0 0.245784
14 15 0.206645 0 -0 0 0 0 0 0.206645
15 16 0.0136303 0 -0 0 0 0 0 0.0136303
16 17 0.00176898 0 -1.35436 0 0 0 0 -1.35259
17 18 0.178422 0 0 0 0 0 0 0.178422
18 19 0.0152097 0 -0 0 0 0 0 0.0152097
20 21 0.0877618 0 -1.03141 0 0 0 0 -0.943645
21 22 0.00194227 0 -1.42135 0 0 0 0 -1.41941
22 23 0.0607777 0 0 0 0 0 0 0.0607777
23 24 0.0295039 0 -1.22772 0 0 0 0 -1.19822
24 25 0.0835744 0 -1.32795 0 0 0 0 -1.24438
25 26 0.068441 0 0 0 0 0 0 0.068441
26 27 0.138876 0 0 0 0 0 0 0.138876
27 28 0.0316338 0 -1.20362 0 0 0 0 -1.17198
28 29 0.148882 0 -1.37048 0 0 0 0 -1.2216
29 30 0.0287747 0 -0.550223 0 0 0 0 -0.521448
29 31 0 0 0 0 0 -0.00217116 0 -0.00217116
30 31 0.0445912 0 -0.454173 0 0 0 0 -0.409582
31 32 0.01131 0 -1.0947 0 0 0 0 -1.08339
32 33 0.0364769 0 -0 0 0 0 0 0.0364769
33 34 0.122968 0 -1.38341 0 0 0 0 -1.26044
34 35 0.0434784 0 -1.18015 0 0 0 0 -1.13667
35 36 0.140612 0 -1.36049 0 0 0 0 -1.21988
36 37 0.0777589 0 -1.25461 0 0 0 0 -1.17685
37 38 0.00314275 0 -1.0713 0 0 0 0 -1.06816
38 39 0.0158245 0 -1.3558 0 0 0 0 -1.33997
40 41 0.0787507 0 -1.12093 0 0 0 0 -1.04218
41 42 0.00484481 0 -1.26816 0 0 0 0 -1.26331
42 43 0.0472139 0 0 0 0 0 0 0.0472139
43 44 0.0275127 0 -0.499847 0 0 0 0 -0.472334
44 45 0.00577396 0 -1.18608 0 0 0 0 -1.18031
45 46 0.00929364 0 -1.11256 0 0 0 0 -1.10327
46 47 0.0691318 0 0 0 0 0 0 0.0691318
47 48 0.0186575 0 0 0 0 0 0 0.0186575
48 49 0.106639 0 -1.33381 0 0 0 0 -1.22717
49 50 0.153092 0 -0.805697 0 0 0 0 -0.652605
50 51 0.0895651 0 -1.16873 0 0 0 0 -1.07917
51 52 0.08006 0 0 0 0 0 0 0.08006
52 53 0.0471461 0 -1.09724 0 0 0 0 -1.05009
53 54 0.0329155 0 -0 0 0 0 0 0.0329155
54 55 0.00212077 0 -1.16644 0 0 0 0 -1.16432
55 56 0.0538064 0 -0.976183 0 0 0 0 -0.922376
56 57 0.0130687 0 -0.97815 0 0 0 0 -0.965081
57 58 0.0325785 0 -1.12211 0 0 0 0 -1.08953
58 59 0.152206 0 -0.920306 0 0 0 0 -0.7681
60 61 0.000630157 0 0 0 0 0 0 0.000630157
61 62 0.0237685 0 -0.820047 0 0 0 0 -0.796278
62 63 0.079494 0 -0 0 0 0 0 0.079494
63 64 0.00753968 0 0 0 0 0 0 0.00753968
64 65 0.0658066 0 0 0 0 0 0 0.0658066
65 66 0.0205571 0 -0.758571 0 0 0 0 -0.738014
66 67 0.00891548 0 0 0 0 0 0 0.00891548
67 68 0.033576 0 -1.05177 0 0 0 0 -1.01819
68 69 0.000496919 0 -0.591332 0 0 0 0 -0.590836
69 70 0.01169 0 0 0 0 0 0 0.01169
70 71 0.0534523 0 -1.03661 0 0 0 0 -0.983157
71 72 0.00549211 0 0 0 0 0 0 0.00549211
72 73 0.000484211 0 0 0 0 0 0 0.000484211
73 74 0.0231911 0 -1.45821 0 0 0 0 -1.43502
74 75 0.0295009 0 -1.30871 0 0 0 0 -1.27921
75 76 0.00120628 0 -0 0 0 0 0 0.00120628
76 77 0.0186358 0 -0 0 0 0 0 0.0186358
77 78 0.375117 0 -0 0 0 0 0 0.375117
78 79 0.0559461 0 -1.10068 0 0 0 0 -1.04473
80 81 0.00245265 0 0 0 0 0 0 0.00245265
81 82 0.037192 0 0 0 0 0 0 0.037192
82 83 0.0443088 0 -1.07503 0 0 0 0 -1.03072
83 84 0.0104615 0 -1.06027 0 0 0 0 -1.04981
84 85 0.00426961 0 0 0 0 0 0 0.00426961
85 86 0.104491 0 0 0 0 0 0 0.104491
86 87 0.00175698 0 0 0 0 0 0 0.00175698
87 88 0.0650303 0 -0 0 0 0 0 0.0650303
88 89 0.328678 0 -0 0 0 0 0 0.328678
89 90 0.00377685 0 0 0 0 0 0 0.00377685
90 91 0.0535801 0 0 0 0 0 0 0.0535801
91 92 0.0287957 0 0 0 0 0 0 0.0287957
92 93 0.099026 0 -0 0 0 0 0 0.099026
93 94 0.0191893 0 0 0 0 0 0 0.0191893
94 95 0.10594 0 0 0 0 0 0 0.10594
95 96 0.000177309 0 0 0 0 0 0 0.000177309
96 97 0.000840293 0 0 0 0 0 0 0.000840293
97 98 0.00117344 0 0 0 0 0 0 0.00117344
98 99 0.00432363 0 0 0 0 0 0 0.00432363
100 101 0.00114892 0 -1.05608 0 0 0 0 -1.05493
101 102 0.0200978 0 -1.30399 0 0 0 0 -1.2839
102 103 0.019646 0 -1.36349 0 0 0 0 -1.34384
103 104 0.0824742 0 -1.28402 0 0 0 0 -1.20155
104 105 1.04563e-05 0 -0 0 0 0 0 1.04563e-05
105 106 0.0569214 0 -1.32397 0 0 0 0 -1.26705
106 107 0.0118734 0 -0 0 0 0 0 0.0118734
107 108 0.040284 0 -0.809755 0 0 0 0 -0.769471
108 109 0.0344837 0 -1.12339 0 0 0 0 -1.0889
109 110 0.00265904 0 -0.784379 0 0 0 0 -0.781719
110 111 0.000203137 0 -1.04427 0 0 0 0 -1.04407
111 112 0.104042 0 -1.20627 0 0 0 0 -1.10223
112 113 0.00380048 0 -0.982108 0 0 0 0 -0.978308
113 114 0.114204 0 -0.968572 0 0 0 0 -0.854368
114 115 0.0179431 0 -0 0 0 0 0 0.0179431
115 116 0.0321305 0 -1.25944 0 0 0 0 -1.22731
116 117 0.0125507 0 0 0 0 0 0 0.0125507
117 118 0.142364 0 0 0 0 0 0 0.142364
118 119 0.00307771 0 -1.21075 0 0 0 0 -1.20768
120 121 0.0163799 0 -1.27838 0 0 0 0 -1.262
121 122 0.0876525 0 0 0 0 0 0 0.0876525
122 123 0.00387477 0 -0.631125 0 0 0 0 -0.62725
123 124 0.00323414 0 -1.18965 0 0 0 0 -1.18642
124 125 0.0235104 0 0 0 0 0 0 0.0235104
125 126 0.118366 0 -1.35526 0 0 0 0 -1.23689
126 127 0.00468652 0 0 0 0 0 0 0.00468652
127 128 0.0203716 0 -0.861227 0 0 0 0 -0.840856
128 129 0.0292201 0 0 0 0 0 0 0.0292201
129 130 1.81295e-05 0 -1.31718 0 0 0 0 -1.31716
130 131 0.136309 0 -1.08079 0 0 0 0 -0.944476
131 132 0.00926425 0 -1.37728 0 0 0 0 -1.36801
132 133 3.22104e-05 0 0 0 0 0 0 3.22104e-05
133 134 0.0675206 0 -0.767046 0 0 0 0 -0.699525
134 135 0.0178075 0 0 0 0 0 0 0.0178075
135 136 0.0115675 0 0 0 0 0 0 0.0115675
136 137 0.0497508 0 0 0 0 0 0 0.0497508
137 138 0.00882018 0 -0.405861 0 0 0 0 -0.39704
138 139 0.000372358 0 -0 0 0 0 0 0.000372358
140 141 0.00270404 0 0 0 0 0 0 0.00270404
141 142 0.0365 0 0 0 0 0 0 0.0365
142 143 0.0261451 0 -0.824065 0 0 0 0 -0.797919
143 144 0.0315595 0 -1.00284 0 0 0 0 -0.971284
144 145 0.00129593 0 -1.26603 0 0 0 0 -1.26473
145 146 0.121451 0 -1.34266 0 0 0 0 -1.22121
146 147 0.0462266 0 0 0 0 0 0 0.0462266
147 148 0.025124 0 0 0 0 0 0 0.025124
148 149 0.142213 0 -1.16386 0 0 0 0 -1.02165
149 150 0.0290166 0 -1.18282 0 0 0 0 -1.15381
150 151 0.00147726 0 -1.40784 0 0 0 0 -1.40637
151 152 0.0019535 0 -0.67812 0 0 0 0 -0.676167
152 153 0.000127218 0 -1.29863 0 0 0 0 -1.2985
153 154 0.00119059 0 0 0 0 0 0 0.00119059
154 155 0.0143729 0 -0.000549405 0 0 0 0 0.0138235
155 156 9.18403e-05 0 -1.09383 0 0 0 0 -1.09374
156 157 0.0251802 0 0 0 0 0 0 0.0251802
157 158 0.0071773 0 -0.842255 0 0 0 0 -0.835078
158 159 0.0274574 0 -1.26112 0 0 0 0 -1.23367
160 161 0.22329 0 -1.3926 0 0 0 0 -1.16931
161 162 0.00572173 0 -1.27719 0 0 0 0 -1.27147
162 163 0.0767182 0 -0.526831 0 0 0 0 -0.450113
163 164 0.00887403 0 -1.15127 0 0 0 0 -1.1424
164 165 0.137573 0 -0.82057 0 0 0 0 -0.682997
165 166 0.000126291 0 -1.25789 0 0 0 0 -1.25776
166 167 0.0196607 0 -0 0 0 0 0 0.0196607
167 168 0.234356 0 -1.25719 0 0 0 0 -1.02284
168 169 0.140379 0 -1.34625 0 0 0 0 -1.20587
169 170 0.0245589 0 -1.25571 0 0 0 0 -1.23115
170 171 0.00114486 0 -1.30173 0 0 0 0 -1.30059
171 172 0.0126203 0 -1.32315 0 0 0 0 -1.31053
172 173 0.0250938 0 0 0 0 0 0 0.0250938
173 174 0.529653 0 0 0 0 0 0 0.529653
174 175 0.15727 0 -1.27253 0 0 0 0 -1.11526
175 176 0.0348492 0 -1.27889 0 0 0 0 -1.24404
176 177 0.00712321 0 -1.17976 0 0 0 0 -1.17264
177 178 0.0312861 0 0 0 0 0 0 0.0312861
178 179 0.0101091 0 0 0 0 0 0 0.0101091
180 181 0.132783 0 -1.31887 0 0 0 0 -1.18609
181 182 0.000523478 0 0 0 0 0 0 0.000523478
182 183 0.0122079 0 -1.23633 0 0 0 0 -1.22412
183 184 0.073088 0 -1.41222 0 0 0 0 -1.33914
184 185 0.0410322 0 -0 0 0 0 0 0.0410322
185 186 0.0190645 0 0 0 0 0 0 0.0190645
186 187 0.0179868 0 0 0 0 0 0 0.0179868
187 188 0.357375 0 0 0 0 0 0 0.357375
188 189 0.146226 0 -0 0 0 0 0 0.146226
189 190 0.105743 0 0 0 0 0 0 0.105743
190 191 0.125844 0 -1.24791 0 0 0 0 -1.12207
191 192 0.0109381 0 -0.863973 0 0 0 0 -0.853035
192 193 0.0158643 0 -1.2685 0 0 0 0 -1.25263
193 194 0.0703726 0 -1.06587 0 0 0 0 -0.995499
194 195 0.000704112 0 0 0 0 0 0 0.000704112
195 196 0.0325167 0 0 0 0 0 0 0.0325167
196 197 0.12435 0 -0.830852 0 0 0 0 -0.706502
197 198 0.017126 0 0 0 0 0 0 0.017126
198 199 0.0990498 0 0 0 0 0 0 0.0990498
200 201 0.0166273 0 -0 0 0 0 0 0.0166273
201 202 0.109497 0 0 0 0 0 0 0.109497
202 203 0.0701758 0 -1.34374 0 0 0 0 -1.27357
203 204 0.0579796 0 0 0 0 0 0 0.0579796
204 205 0.0305869 0 0 0 0 0 0 0.0305869
205 206 0.221115 0 -1.19605 0 0 0 0 -0.97494
206 207 0.0713985 0 -1.38938 0 0 0 0 -1.31799
207 208 0.0285995 0 -1.1921 0 0 0 0 -1.1635
208 209 0.0459379 0 0 0 0 0 0 0.0459379
209 210 0.200102 0 -1.45545 0 0 0 0 -1.25535
210 211 0.0252749 0 -1.41168 0 0 0 0 -1.3864
211 212 0.0663048 0 -1.07592 0 0 0 0 -1.00962
212 213 0.0434637 0 -1.1225 0 0 0 0 -1.07904
213 214 0.0844409 0 -1.22837 0 0 0 0 -1.14393
214 215 0.000848496 0 0 0 0 0 0 0.000848496
215 216 0.0143954 0 -1.16397 0 0 0 0 -1.14957
216 217 0.0189884 0 -1.31533 0 0 0 0 -1.29635
217 218 0.000774819 0 -0 0 0 0 0 0.000774819
218 219 0.19082 0 0 0 0 0 0 0.19082
220 221 0.156283 0 -1.05306 0 0 0 0 -0.89678
221 222 0.0115931 0 -1.2882 0 0 0 0 -1.2766
222 223 0.0107769 0 -0.293415 0 0 0 0 -0.282639
223 224 0.0510011 0 -1.14727 0 0 0 0 -1.09627
224 225 0.0602137 0 -1.24755 0 0 0 0 -1.18733
225 226 0.0189233 0 -1.20329 0 0 0 0 -1.18437
226 227 0.042571 0 -1.32839 0 0 0 0 -1.28582
227 228 0.0133817 0 0 0 0 0 0 0.0133817
228 229 0.0108113 0 -0.456481 0 0 0 0 -0.445669
229 230 0.268319 0 -1.15009 0 0 0 0 -0.881776
230 231 0.00104753 0 0 0 0 0 0 0.00104753
231 232 0.0344163 0 -0 0 0 0 0 0.0344163
232 233 0.0174398 0 0 0 0 0 0 0.0174398
233 234 0.17577 0 0 0 0 0 0 0.17577
234 235 0.000454553 0 0 0 0 0 0 0.000454553
235 236 0.000167882 0 -1.33639 0 0 0 0 -1.33623
236 237 0.00968847 0 -1.1181 0 0 0 0 -1.10841
237 238 0.0164475 0 -1.2445 0 0 0 0 -1.22805
238 239 0.131121 0 0 0 0 0 0 0.131121
240 241 0.0916981 0 -0 0 0 0 0 0.0916981
241 242 0.0484807 0 -1.20869 0 0 0 0 -1.16021
242 243 0.0616309 0 -0.521643 0 0 0 0 -0.460012
243 244 0.00307338 0 -1.0349 0 0 0 0 -1.03183
244 245 0.000650241 0 -1.35761 0 0 0 0 -1.35696
245 246 0.00245443 0 -0.69161 0 0 0 0 -0.689155
246 247 0.0123377 0 0 0 0 0 0 0.0123377
247 248 0.0968259 0 -1.12892 0 0 0 0 -1.0321
248 249 0.0324162 0 0 0 0 0 0 0.0324162
249 250 0.028469 0 -1.26246 0 0 0 0 -1.23399
250 251 0.00582682 0 -1.4226 0 0 0 0 -1.41677
251 252 0.0365082 0 -0.875668 0 0 0 0 -0.83916
252 253 0.045122 0 0 0 0 0 0 0.045122
253 254 0.0562882 0 -1.19826 0 0 0 0 -1.14197
254 255 0.05445 0 -1.06841 0 0 0 0 -1.01396
255 256 0.0306879 0 -1.24403 0 0 0 0 -1.21334
256 257 0.0418304 0 0 0 0 0 0 0.0418304
257 258 0.0526397 0 0 0 0 0 0 0.0526397
258 259 0.000591064 0 0 0 0 0 0 0.000591064
260 261 0.0214781 0 -1.37456 0 0 0 0 -1.35308
261 262 0.00802289 0 0 0 0 0 0 0.00802289
262 263 0.0789176 0 -1.22469 0 0 0 0 -1.14577
263 264 0.0116908 0 0 0 0 0 0 0.0116908
264 265 0.0669612 0 -1.26928 0 0 0 0 -1.20232
265 266 0.00790003 0 -1.20727 0 0 0 0 -1.19937
266 267 0.000804922 0 -0.943187 0 0 0 0 -0.942382
267 268 0.0806655 0 -0 0 0 0 0 0.0806655
268 269 1.88059e-05 0 -1.3954 0 0 0 0 -1.39538
269 270 0.150229 0 0 0 0 0 0 0.150229
270 271 0.0331298 0 0 0 0 0 0 0.0331298
271 272 0.0268121 0 0 0 0 0 0 0.0268121
272 273 0.0587108 0 -1.41277 0 0 0 0 -1.35406
273 274 0.184324 0 -1.33312 0 0 0 0 -1.1488
274 275 0.0504792 0 -1.29202 0 0 0 0 -1.24154
275 276 0.00830098 0 -1.17542 0 0 0 0 -1.16711
276 277 0.0122802 0 -1.27169 0 0 0 0 -1.25941
277 278 0.00135997 0 -0 0 0 0 0 0.00135997
278 279 0.00295932 0 -1.16344 0 0 0 0 -1.16048
280 281 0.100544 0 -1.27943 0 0 0 0 -1.17889
281 282 0.166792 0 -0.865114 0 0 0 0 -0.698322
282 283 0.0337472 0 0 0 0 0 0 0.0337472
283 284 0.00541355 0 -1.28883 0 0 0 0 -1.28342
284 285 0.0655284 0 -1.18826 0 0 0 0 -1.12273
285 286 0.112099 0 -1.15951 0 0 0 0 -1.04741
286 287 0.00439231 0 -1.37884 0 0 0 0 -1.37445
287 288 0.00376152 0 -1.10848 0 0 0 0 -1.10472
288 289 0.122177 0 0 0 0 0 0 0.122177
289 290 0.0787053 0 -1.16672 0 0 0 0 -1.08802
290 291 0.00390775 0 -0.780272 0 0 0 0 -0.776365
291 292 0.00066802 0 -1.12071 0 0 0 0 -1.12004
292 293 0.00330698 0 0 0 0 0 0 0.00330698
293 294 0.00665199 0 -0.95517 0 0 0 0 -0.948518
294 295 0.0238276 0 0 0 0 0 0 0.0238276
295 296 0.000351973 0 -1.07564 0 0 0 0 -1.07529
296 297 0.000122166 0 -1.3526 0 0 0 0 -1.35247
297 298 0.00064131 0 0 0 0 0 0 0.00064131
298 299 0.150887 0 -1.1474 0 0 0 0 -0.996516
300 301 0.0864837 0 -1.1825 0 0 0 0 -1.09602
301 302 0.00905191 0 0 0 0 0 0 0.00905191
302 303 0.0131263 0 -1.35232 0 0 0 0 -1.33919
303 304 0.00823227 0 0 0 0 0 0 0.00823227
304 305 0.000872896 0 0 0 0 0 0 0.000872896
305 306 0.0913017 0 -1.06392 0 0 0 0 -0.972614
306 307 0.0169619 0 -1.10994 0 0 0 0 -1.09298
307 308 0.127896 0 -1.09654 0 0 0 0 -0.968646
308 309 0.00912826 0 0 0 0 0 0 0.00912826
309 310 0.0141367 0 -1.25495 0 0 0 0 -1.24081
310 311 0.0227044 0 -1.17877 0 0 0 0 -1.15607
311 312 0.107084 0 0 0 0 0 0 0.107084
312 313 0.128045 0 -0 0 0 0 0 0.128045
313 314 0.00189945 0 -0.814583 0 0 0 0 -0.812683
314 315 0.149626 0 -1.41945 0 0 0 0 -1.26983
315 316 0.13765 0 -0.924628 0 0 0 0 -0.786978
316 317 0.105851 0 0 0 0 0 0 0.105851
317 318 0.0317501 0 -0 0 0 0 0 0.0317501
318 319 0.00133461 0 0 0 0 0 0 0.00133461
320 321 0.0498426 0 -1.32414 0 0 0 0 -1.2743
321 322 0.000976397 0 0 0 0 0 0 0.000976397
322 323 0.00133116 0 0 0 0 0 0 0.00133116
323 324 0.0731347 0 0 0 0 0 0 0.0731347
324 325 0.302022 0 -1.30461 0 0 0 0 -1.00258
325 326 0.0047606 0 0 0 0 0 0 0.0047606
326 327 0.00908824 0 -1.16581 0 0 0 0 -1.15672
327 328 0.108252 0 -0.932161 0 0 0 0 -0.82391
328 329 0.00948596 0 -0 0 0 0 0 0.00948596
329 330 0.401221 0 -1.3527 0 0 0 0 -0.951474
330 331 0.000672146 0 -1.16976 0 0 0 0 -1.16909
331 332 0.225204 0 0 0 0 0 0 0.225204
332 333 0.0803916 0.0484337 -0.656974 0 0 0 0 -0.528149
333 334 0.277367 0 -1.03892 0 0 0 0 -0.761549
334 335 0.015277 0 -1.34201 0 0 0 0 -1.32673
335 336 0.00396143 0 -0.774492 0 0 0 0 -0.770531
336 337 0.116785 0 -1.33124 0 0 0 0 -1.21446
337 338 0.0320109 0 0 0 0 0 0 0.0320109
338 339 0.00429012 0 0 0 0 0 0 0.00429012
340 341 0.00334329 0 0 0 0 0 0 0.00334329
341 342 0.00466526 0 0 0 0 0 0 0.00466526
342 343 0.0153802 0 -1.01882 0 0 0 0 -1.00343
343 344 0.000995989 0 -0.891257 0 0 0 0 -0.890261
344 345 0.00803297 0 -0.857839 0 0 0 0 -0.849806
345 346 0.0838644 0 -1.15161 0 0 0 0 -1.06775
346 347 0.0469143 0 -0 0 0 0 0 0.0469143
347 348 7.98638e-05 0 0 0 0 0 0 7.98638e-05
348 349 0.0113724 0 0 0 0 0 0 0.0113724
349 350 0.0257336 0 0 0 0 0 0 0.0257336
350 351 0.0703725 0 0 0 0 0 0 0.0703725
351 352 0.0764509 0 -0.456274 0 0 0 0 -0.379823
352 353 0.0021322 0 -1.26558 0 0 0 0 -1.26344
353 354 0.00101911 0 -0.91967 0 0 0 0 -0.918651
354 355 0.111237 0 -1.4061 0 0 0 0 -1.29486
355 356 0.0718322 0 -1.39192 0 0 0 0 -1.32009
346 357 0 0 0 0 -0 -0.00253317 -0 -0.00253317
356 357 0.000973456 0 0 0 0 0 0 0.000973456
357 358 0.0573622 0 0 0 0 0 0 0.0573622
358 359 0.0253731 0 -1.34348 0 0 0 0 -1.31811
360 361 0.0726795 0 0 0 0 0 0 0.0726795
361 362 0.0203955 0 -0.884621 0 0 0 0 -0.864225
362 363 0.135652 0 -1.28098 0 0 0 0 -1.14533
363 364 0.000732732 0 0 0 0 0 0 0.000732732
364 365 0.016941 0 0 0 0 0 0 0.016941
365 366 0.0181139 0 -1.1746 0 0 0 0 -1.15649
366 367 0.0919382 0 -1.0767 0 0 0 0 -0.984767
367 368 0.0366286 0 -1.19422 0 0 0 0 -1.15759
368 369 0.000608857 0 -1.40775 0 0 0 0 -1.40714
369 370 0.0379712 0 0 0 0 0 0 0.0379712
370 371 0.00151755 0 0 0 0 0 0 0.00151755
371 372 0.0608606 0 0 0 0 0 0 0.0608606
372 373 0.00273943 0 -1.15212 0 0 0 0 -1.14938
373 374 0.0241641 0 -0.904867 0 0 0 0 -0.880703
374 375 0.0310831 0 -1.08632 0 0 0 0 -1.05524
375 376 0.0291934 0 -1.21933 0 0 0 0 -1.19014
376 377 0.315442 0 -0.93066 0 0 0 0 -0.615218
377 378 0.00279522 0 0 0 0 0 0 0.00279522
378 379 0.0352479 0 0 0 0 0 0 0.0352479
380 381 0.00201548 0 -0.894632 0 0 0 0 -0.892617
381 382 0.0945867 0 -0.773245 0 0 0 0 -0.678658
382 383 5.3662e-09 0 -1.2525 0 0 0 0 -1.2525
383 384 0.07721 0 -0.970734 0 0 0 0 -0.893524
384 385 0.133894 0 0 0 0 0 0 0.133894
385 386 0.0207981 0 0 0 0 0 0 0.0207981
386 387 0.1884 0 0 0 0 0 0 0.1884
387 388 0.00237311 0 0 0 0 0 0 0.00237311
388 389 0.0372136 0 -1.04356 0 0 0 0 -1.00635
389 390 0.00105355 0 -1.38234 0 0 0 0 -1.38129
390 391 0.131797 0 -0.682705 0 0 0 0 -0.550908
391 392 0.0105209 0 -2.44295e-05 0 0 0 0 0.0104965
392 393 0.00841181 0 -1.06994 0 0 0 0 -1.06153
393 394 0.0169898 0 -0.851616 0 0 0 0 -0.834626
394 395 0.00246217 0 -0 0 0 0 0 0.00246217
395 396 0.00462141 0 -1.08884 0 0 0 0 -1.08422
396 397 0.0136692 0 -1.02904 0 0 0 0 -1.01538
397 398 0.0419412 0 -1.29335 0 0 0 0 -1.25141
398 399 0.189929 0 0 0 0 0 0 0.189929
400 401 0.00028889 0 0 0 0 0 0 0.00028889
401 402 0.000608986 0 -0.837118 0 0 0 0 -0.836509
402 403 0.00426939 0 0 0 0 0 0 0.00426939
403 404 0.000332792 0 -1.30131 0 0 0 0 -1.30098
404 405 0.0349606 0 -1.27096 0 0 0 0 -1.236
405 406 0.0028616 0 -0.951317 0 0 0 0 -0.948456
406 407 0.244636 0 0 0 0 0 0 0.244636
407 408 0.0759828 0 0 0 0 0 0 0.0759828
408 409 0.045658 0 0 0 0 0 0 0.045658
409 410 0.0438963 0 0 0 0 0 0 0.0438963
410 411 0.1004 0 -0 0 0 0 0 0.1004
411 412 0.154677 0 -0.768249 0 0 0 0 -0.613572
412 413 0.520887 0 -0.973204 0 0 0 0 -0.452317
413 414 0.050561 0 -0.858581 0 0 0 0 -0.80802
414 415 0.0433077 0 -0.707975 0 0 0 0 -0.664667
415 416 0.000351421 0 -1.0984 0 0 0 0 -1.09805
416 417 0.00292401 0 -0.982103 0 0 0 0 -0.979179
417 418 0.00110615 0 0 0 0 0 0 0.00110615
418 419 0.0838509 0 -0 0 0 0 0 0.0838509
420 421 0.0953769 0 0 0 0 0 0 0.0953769
421 422 0.0097986 0 0 0 0 0 0 0.0097986
422 423 0.0341138 0 0 0 0 0 0 0.0341138
423 424 0.228494 0 -1.20394 0 0 0 0 -0.975442
424 425 2.84406e-05 0 -1.17672 0 0 0 0 -1.17669
425 426 0.0281616 0 -1.34546 0 0 0 0 -1.3173
426 427 0.30685 0 -1.24806 0 0 0 0 -0.941213
427 428 0.130575 0 -0.897625 0 0 0 0 -0.76705
428 429 0.0114085 0 0 0 0 0 0 0.0114085
429 430 0.06916 0 -1.09639 0 0 0 0 -1.02723
430 431 0.00988906 0 -1.10857 0 0 0 0 -1.09868
431 432 0.0071956 0 0 0 0 0 0 0.0071956
432 433 0.0172019 0 0 0 0 0 0 0.0172019
433 434 0.0176266 0 -1.10893 0 0 0 0 -1.09131
434 435 0.0145042 0 0 0 0 0 0 0.0145042
435 436 0.0794118 0 -1.38335 0 0 0 0 -1.30394
436 437 0.00806899 0 -0.533817 0 0 0 0 -0.525748
437 438 0.0112615 0 -0.854178 0 0 0 0 -0.842916
438 439 0.00621305 0 0 0 0 0 0 0.00621305
440 441 0.00909974 0 0 0 0 0 0 0.00909974
441 442 0.00667073 0 0 0 0 0 0 0.00667073
442 443 0.0729203 0 -1.21699 0 0 0 0 -1.14407
443 444 0.0115819 0 0 0 0 0 0 0.0115819
444 445 0.00544755 0 0 0 0 0 0 0.00544755
445 446 0.0442264 0 -1.42416 0 0 0 0 -1.37993
446 447 0.010388 0 -0.949502 0 0 0 0 -0.939114
447 448 0.00018036 0 0 0 0 0 0 0.00018036
448 449 0.194211 0 -1.24373 0 0 0 0 -1.04952
449 450 0.0520604 0 -1.13994 0 0 0 0 -1.08788
450 451 0.0823391 0 -1.34491 0 0 0 0 -1.26257
451 452 3.44456e-06 0 -0.762372 0 0 0 0 -0.762369
452 453 0.00585457 0 -1.10732 0 0 0 0 -1.10147
453 454 0.0383077 0 -1.02318 0 0 0 0 -0.984873
454 455 0.00282289 0 0 0 0 0 0 0.00282289
455 456 0.00452159 0 -1.20658 0 0 0 0 -1.20206
456 457 0.0630669 0 -1.12784 0 0 0 0 -1.06477
457 458 0.0176373 0 -1.27159 0 0 0 0 -1.25395
458 459 0.0253293 0 0 0 0 0 0 0.0253293
460 461 0.0137584 0 0 0 0 0 0 0.0137584
461 462 0.000674019 0 -1.36891 0 0 0 0 -1.36823
462 463 0.146422 0 0 0 0 0 0 0.146422
463 464 0.00235133 0 -0.597609 0 0 0 0 -0.595258
464 465 0.00114908 0 -1.21939 0 0 0 0 -1.21825
465 466 0.0224715 0 -1.24976 0 0 0 0 -1.22728
466 467 0.0620965 0 0 0 0 0 0 0.0620965
467 468 0.195128 0 -0.755776 0 0 0 0 -0.560648
468 469 0.0132707 0 0 0 0 0 0 0.0132707
469 470 0.052909 0 -1.39112 0 0 0 0 -1.33821
470 471 0.00109083 0 -1.0595 0 0 0 0 -1.05841
471 472 0.00156684 0 0 0 0 0 0 0.00156684
472 473 0.00159956 0 -1.08663 0 0 0 0 -1.08503
473 474 0.0103588 0 0 0 0 0 0 0.0103588
474 475 0.00363956 0 0 0 0 0 0 0.00363956
475 476 0.173162 0 -1.16376 0 0 0 0 -0.9906
476 477 0.257283 0 0 0 0 0 0 0.257283
477 478 0.0197737 0 -1.31495 0 0 0 0 -1.29518
475 479 0 0 0 0.000538204 0 0 0 0.000538204
478 479 3.30364e-05 0 -1.12248 0 0 0 0 -1.12245
480 481 0.000264489 0 0 0 0 0 0 0.000264489
481 482 0.039517 0 0 0 0 0 0 0.039517
482 483 0.00742568 0 -0.892313 0 0 0 0 -0.884887
483 484 0.0046237 0 0 0 0 0 0 0.0046237
484 485 0.00598576 0 -1.3682 0 0 0 0 -1.36222
485 486 0.0216087 0 -1.10782 0 0 0 0 -1.08621
486 487 0.0203809 0 -0.927574 0 0 0 0 -0.907193
487 488 0.0694521 0 -1.25168 0 0 0 0 -1.18223
488 489 0.00736089 0 -1.19703 0 0 0 0 -1.18967
489 490 0.031564 0 -1.29368 0 0 0 0 -1.26212
490 491 0.0642448 0 -0.820089 0 0 0 0 -0.755844
491 492 0.120344 0 -0.955591 0 0 0 0 -0.835247
492 493 0.0146672 0 -1.15783 0 0 0 0 -1.14316
493 494 0.0864433 0 -0.722585 0 0 0 0 -0.636142
494 495 0.0158897 0 0 0 0 0 0 0.0158897
495 496 0.035876 0 -1.39644 0 0 0 0 -1.36056
496 497 0.10007 0 -1.45439 0 0 0 0 -1.35432
497 498 0.0410897 0 -1.20554 0 0 0 0 -1.16445
498 499 0.00489502 0 -1.22533 0 0 0 0 -1.22044
500 501 0.122765 0 0 0 0 0 0 0.122765
501 502 0.0073043 0 -0.817591 0 0 0 0 -0.810286
502 503 0.00298604 0 0 0 0 0 0 0.00298604
503 504 0.0219423 0 0 0 0 0 0 0.0219423
504 505 0.0306129 0 -0 0 0 0 0 0.0306129
505 506 0.0712383 0 -0.951241 0 0 0 0 -0.880003
506 507 0.00186069 0 -1.24688 0 0 0 0 -1.24502
507 508 0.155932 0 -1.40336 0 0 0 0 -1.24742
508 509 0.00496964 0 -1.25025 0 0 0 0 -1.24528
509 510 0.0337712 0 -1.03251 0 0 0 0 -0.998739
510 511 0.0828674 0 0 0 0 0 0 0.0828674
511 512 0.000765941 0 -0.978643 0 0 0 0 -0.977877
512 513 0.0228932 0 -1.26718 0 0 0 0 -1.24429
513 514 0.0327441 0 0 0 0 0 0 0.0327441
514 515 0.0525889 0 0 0 0 0 0 0.0525889
515 516 0.00710432 0 -1.00706 0 0 0 0 -0.999952
516 517 0.0151572 0 -1.30159 0 0 0 0 -1.28643
517 518 0.0115891 0 0 0 0 0 0 0.0115891
517 519 0 0 0 0.0208369 0 0 0 0.0208369
518 519 0.291316 0 -1.20327 0 0 0 0 -0.911955
520 521 0.0888515 0 0 0 0 0 0 0.0888515
521 522 3.15709e-05 0 -1.3277 0 0 0 0 -1.32766
522 523 0.00943196 0 -1.02175 0 0 0 0 -1.01232
523 524 0.0307417 0 -1.04379 0 0 0 0 -1.01305
524 525 0.0233817 0 -1.35985 0 0 0 0 -1.33647
525 526 0.0118436 0 -1.19309 0 0 0 0 -1.18125
526 527 0.0364788 0 -1.15002 0 0 0 0 -1.11354
527 528 0.0185105 0 -1.36672 0 0 0 0 -1.34821
528 529 0.0205819 0 0 0 0 0 0 0.0205819
529 530 0.00548433 0 0 0 0 0 0 0.00548433
530 531 0.0323786 0 -1.05146 0 0 0 0 -1.01908
531 532 0.012418 0 -1.01331 0 0 0 0 -1.00089
532 533 0.198602 0 0 0 0 0 0 0.198602
533 534 0.00661697 0 -1.39622 0 0 0 0 -1.38961
534 535 0.0209039 0 -1.2184 0 0 0 0 -1.1975
535 536 0.075833 0 -0.943094 0 0 0 0 -0.867261
536 537 0.0892441 0 -1.04465 0 0 0 0 -0.955405
537 538 0.0150044 0 -1.19395 0 0 0 0 -1.17894
538 539 0.000738545 0 -1.08401 0 0 0 0 -1.08328
540 541 0.00689584 0 -1.11738 0 0 0 0 -1.11049
541 542 0.12012 0 0 0 0 0 0 0.12012
542 543 0.020401 0 0 0 0 0 0 0.020401
543 544 0.245104 0 -0.795413 0 0 0 0 -0.550309
544 545 0.191535 0 -1.0827 0 0 0 0 -0.891161
545 546 3.17654e-05 0 -0.781754 0 0 0 0 -0.781722
546 547 0.0146195 0 -1.04794 0 0 0 0 -1.03332
547 548 0.0138884 0 -0.573392 0 0 0 0 -0.559504
548 549 0.0219304 0 -1.05907 0 0 0 0 -1.03714
549 550 0.00975844 0 0 0 0 0 0 0.00975844
550 551 0.00630393 0 0 0 0 0 0 0.00630393
551 552 0.178684 0 -0.923393 0 0 0 0 -0.744709
552 553 1.59852e-05 0 -0.21395 0 0 0 0 -0.213934
553 554 0.00374839 0 -1.01289 0 0 0 0 -1.00915
554 555 0.0401699 0 -1.03959 0 0 0 0 -0.999418
555 556 0.1698 0 0 0 0 0 0 0.1698
556 557 0.00982646 0 -1.24416 0 0 0 0 -1.23434
557 558 0.169161 0 0 0 0 0 0 0.169161
558 559 0.03249 0 0 0 0 0 0 0.03249
560 561 1.08679e-05 0 -1.14269 0 0 0 0 -1.14268
561 562 0.000296416 0 0 0 0 0 0 0.000296416
562 563 0.178717 0 -1.06547 0 0 0 0 -0.886756
563 564 0.0650665 0 -1.05272 0 0 0 0 -0.987657
564 565 0.0357436 0 -1.36528 0 0 0 0 -1.32953
565 566 0.085061 0 -1.26684 0 0 0 0 -1.18178
566 567 0.000672577 0 0 0 0 0 0 0.000672577
567 568 0.00786072 0 -1.14212 0 0 0 0 -1.13426
568 569 0.00678541 0 0 0 0 0 0 0.00678541
569 570 0.0471927 0 -1.39043 0 0 0 0 -1.34324
570 571 0.0925452 0 -0.926995 0 0 0 0 -0.83445
571 572 0.0592585 0 -1.36181 0 0 0 0 -1.30255
572 573 0.00777097 0 -1.13226 0 0 0 0 -1.12449
573 574 0.000342323 0 -1.18645 0 0 0 0 -1.18611
574 575 0.0973516 0 -1.19342 0 0 0 0 -1.09607
575 576 0.00584271 0 -1.06531 0 0 0 0 -1.05947
576 577 0.014629 0 -1.26649 0 0 0 0 -1.25186
577 578 0.153922 0 0 0 0 0 0 0.153922
578 579 0.0123333 0 0 0 0 0 0 0.0123333
580 581 0.00106014 0 0 0 0 0 0 0.00106014
581 582 0.0238849 0 0 0 0 0 0 0.0238849
582 583 0.0259139 0 -1.20592 0 0 0 0 -1.18001
583 584 0.00678838 0 0 0 0 0 0 0.00678838
584 585 0.00128435 0 0 0 0 0 0 0.00128435
585 586 0.0686307 0 0 0 0 0 0 0.0686307
586 587 0.0413022 0 -1.0111 0 0 0 0 -0.969802
587 588 0.0014499 0 -1.00426 0 0 0 0 -1.00281
588 589 0.0111774 0 0 0 0 0 0 0.0111774
589 590 0.00272673 0 -0.952799 0 0 0 0 -0.950072
590 591 0.0203501 0 -0.418729 0 0 0 0 -0.398379
591 592 0.0383903 0 -1.22288 0 0 0 0 -1.18449
592 593 0.00955581 0 0 0 0 0 0 0.00955581
593 594 0.0200763 0 -1.20854 0 0 0 0 -1.18846
594 595 0.00526865 0 0 0 0 0 0 0.00526865
595 596 0.0534826 0 -0.733096 0 0 0 0 -0.679613
596 597 4.8171e-05 0 0 0 0 0 0 4.8171e-05
597 598 0.0184789 0 0 0 0 0 0 0.0184789
598 599 0.0378417 0 -1.4048 0 0 0 0 -1.36696
#Total energy per particle is  -0.581684 and should be -0.58168410
