#id1 id2 FENE BEXC STCK NEXC HB CRSTCK CXSTCK total, t = 200000
0 1 0.0217881 0 -1.1044 0 0 0 0 -1.08261
1 2 0.0405617 0 -1.13226 0 0 0 0 -1.0917
2 3 0.00179693 0 -0.803055 0 0 0 0 -0.801258
3 4 0.026785 0 0 0 0 0 0 0.026785
4 5 0.0049867 0 -1.24726 0 0 0 0 -1.24227
5 6 0.000142268 0 -1.23109 0 0 0 0 -1.23094
6 7 0.0372331 0 -1.02139 0 0 0 0 -0.984154
7 8 0.00059311 0 0 0 0 0 0 0.00059311
8 9 0.0816914 0 -1.21473 0 0 0 0 -1.13304
9 10 0.0120379 0 -1.2543 0 0 0 0 -1.24226
10 11 0.112382 0 -1.18516 0 0 0 0 -1.07278
11 12 0.073606 0 -1.03291 0 0 0 0 -0.959306
12 13 0.000439672 0 0 0 0 0 0 0.000439672
13 14 0.0783648 0 0 0 0 0 0 0.0783648
14 15 0.0504715 0 -1.39007 0 0 0 0 -1.3396
15 16 0.199879 0 -1.22639 0 0 0 0 -1.02651
16 17 3.51794e-07 0 -1.05057 0 0 0 0 -1.05057
17 18 0.00228555 0 -1.24442 0 0 0 0 -1.24213
18 19 0.0288672 0 -1.05107 0 0 0 0 -1.0222
20 21 0.00667093 0 0 0 0 0 0 0.00667093
21 22 0.00906185 0 0 0 0 0 0 0.00906185
22 23 0.00278229 0 0 0 0 0 0 0.00278229
23 24 0.00214361 0 -1.14317 0 0 0 0 -1.14103
24 25 0.0708873 0 -1.24567 0 0 0 0 -1.17478
25 26 0.00384413 0 -1.39099 0 0 0 0 -1.38715
26 27 0.292219 0 0 0 0 0 0 0.292219
27 28 0.392944 0 0 0 0 0 0 0.392944
28 29 0.0133835 0 0 0 0 0 0 0.0133835
29 30 0.0149194 0 -1.20883 0 0 0 0 -1.19391
30 31 0.0475401 0 -1.35482 0 0 0 0 -1.30728
31 32 0.00662668 0 0 0 0 0 0 0.00662668
32 33 0.0636485 0 -1.09956 0 0 0 0 -1.03591
33 34 0.0196995 0 -1.40997 0 0 0 0 -1.39027
34 35 0.00257743 0 0 0 0 0 0 0.00257743
35 36 0.0474127 0 -1.30833 0 0 0 0 -1.26092
36 37 0.177801 0 0 0 0 0 0 0.177801
37 38 0.0269439 0 0 0 0 0 0 0.0269439
38 39 0.0169537 0 -1.29311 0 0 0 0 -1.27615
40 41 0.000114557 0 0 0 0 0 0 0.000114557
41 42 0.0161757 0 -1.15085 0 0 0 0 -1.13467
42 43 0.0335416 0 -1.43024 0 0 0 0 -1.3967
43 44 0.00590816 0 -1.01022 0 0 0 0 -1.00431
44 45 0.00746511 0 0 0 0 0 0 0.00746511
45 46 0.0381328 0 -1.14574 0 0 0 0 -1.10761
46 47 0.00696528 0 -0.94203 0 0 0 0 -0.935065
47 48 0.0363018 0 -1.24327 0 0 0 0 -1.20696
48 49 0.0646019 0 -0.369842 0 0 0 0 -0.30524
49 50 0.331146 0 -1.00505 0 0 0 0 -0.673902
50 51 0.000519707 0 -1.38911 0 0 0 0 -1.38859
51 52 0.0405116 0 -1.05088 0 0 0 0 -1.01037
52 53 0.0201009 0 0 0 0 0 0 0.0201009
53 54 0.083315 0 -1.16488 0 0 0 0 -1.08156
54 55 0.00732812 0 -1.10152 0 0 0 0 -1.0942
55 56 0.0469097 0 -0.983915 0 0 0 0 -0.937005
56 57 0.00112269 0 0 0 0 0 0 0.00112269
57 58 0.001328 0 -1.19519 0 0 0 0 -1.19387
58 59 0.00948921 0 0 0 0 0 0 0.00948921
60 61 0.00317483 0 -0.991138 0 0 0 0 -0.987963
61 62 5.97633e-05 0 0 0 0 0 0 5.97633e-05
62 63 0.129432 0 -1.33206 0 0 0 0 -1.20263
63 64 0.0385579 0 0 0 0 0 0 0.0385579
64 65 0.19042 0 -1.09638 0 0 0 0 -0.905961
65 66 0.0274267 0 0 0 0 0 0 0.0274267
66 67 0.000291753 0 0 0 0 0 0 0.000291753
67 68 0.058607 0 -0.83737 0 0 0 0 -0.778763
68 69 0.0396353 0 -1.08258 0 0 0 0 -1.04294
69 70 0.0362704 0 -1.1999 0 0 0 0 -1.16363
70 71 0.142796 0 -1.36413 0 0 0 0 -1.22133
71 72 0.0263352 0 0 0 0 0 0 0.0263352
72 73 0.00292845 0 0 0 0 0 0 0.00292845
73 74 0.0131087 0 -1.24806 0 0 0 0 -1.23495
74 75 0.0116944 0 0 0 0 0 0 0.0116944
75 76 0.118298 0 -1.01542 0 0 0 0 -0.897121
76 77 0.171873 0 0 0 0 0 0 0.171873
77 78 0.00255525 0 0 0 0 0 0 0.00255525
78 79 0.0225528 0 -0.695129 0 0 0 0 -0.672576
80 81 0.0643423 0 0 0 0 0 0 0.0643423
81 82 0.221256 0 -0 0 0 0 0 0.221256
82 83 0.163492 0 -0.934095 0 0 0 0 -0.770603
83 84 0.038222 0 -1.27152 0 0 0 0 -1.2333
84 85 0.0674339 0 -1.30436 0 0 0 0 -1.23693
85 86 0.0134228 0 -0 0 0 0 0 0.0134228
86 87 0.0917456 0 0 0 0 0 0 0.0917456
87 88 0.131776 0 0 0 0 0 0 0.131776
88 89 0.014082 0 0 0 0 0 0 0.014082
89 90 0.174461 0 -1.08588 0 0 0 0 -0.911417
90 91 0.0241432 0 0 0 0 0 0 0.0241432
91 92 0.035297 0 -1.02834 0 0 0 0 -0.993047
92 93 0.0862044 0 0 0 0 0 0 0.0862044
93 94 0.0325741 0 -1.19474 0 0 0 0 -1.16217
94 95 0.0138505 0 -1.24413 0 0 0 0 -1.23028
95 96 0.00213528 0 -0.667658 0 0 0 0 -0.665522
91 97 0 0 0 0 0 -0.000726603 -0 -0.000726603
96 97 0.000561106 0.0891908 0 0 0 0 0 0.089752
97 98 0.0502585 0 0 0 0 0 0 0.0502585
98 99 0.0206592 0 -1.40829 0 0 0 0 -1.38763
100 101 0.0891968 0 -1.24678 0 0 0 0 -1.15758
101 102 0.000706904 0 -1.19037 0 0 0 0 -1.18966
102 103 0.00118147 0 0 0 0 0 0 0.00118147
103 104 0.114457 0 0 0 0 0 0 0.114457
103 105 0 0 0 0 -0 -0 -0.378841 -0.378841
104 105 0.00422634 0 0 0 0 0 0 0.00422634
105 106 0.00550446 0 -1.31869 0 0 0 0 -1.31319
106 107 0.0868141 0 -1.34321 0 0 0 0 -1.25639
107 108 0.140363 0 -1.05432 0 0 0 0 -0.913956
108 109 0.0461632 0 -1.37556 0 0 0 0 -1.32939
109 110 0.158466 0 -1.23479 0 0 0 0 -1.07632
110 111 0.190829 0 -1.205 0 0 0 0 -1.01417
111 112 0.00557265 0 -1.32797 0 0 0 0 -1.3224
112 113 0.0486333 0 -1.06398 0 0 0 0 -1.01535
113 114 0.0208445 0 -1.13359 0 0 0 0 -1.11274
114 115 0.0258918 0 -1.32768 0 0 0 0 -1.30179
115 116 0.0448211 0 -1.36647 0 0 0 0 -1.32165
116 117 0.0135985 0 0 0 0 0 0 0.0135985
117 118 0.193756 0 0 0 0 0 0 0.193756
118 119 0.0307643 0 0 0 0 0 0 0.0307643
120 121 0.0795881 0 -1.31468 0 0 0 0 -1.23509
121 122 0.00677275 0 -1.17448 0 0 0 0 -1.16771
122 123 0.00404144 0 -0.605298 0 0 0 0 -0.601257
123 124 0.0359725 0 0 0 0 0 0 0.0359725
124 125 0.00273034 0 0 0 0 0 0 0.00273034
125 126 0.0226714 0 -1.36154 0 0 0 0 -1.33887
126 127 0.0296762 0 -1.39526 0 0 0 0 -1.36559
127 128 0.0341195 0 0 0 0 0 0 0.0341195
128 129 0.00418331 0 -0.848156 0 0 0 0 -0.843973
129 130 0.0047833 0 0 0 0 0 0 0.0047833
130 131 0.00676321 0 -0.594741 0 0 0 0 -0.587978
131 132 0.00930463 0 0 0 0 0 0 0.00930463
132 133 0.0158008 0 -1.34882 0 0 0 0 -1.33302
133 134 9.82356e-05 0 0 0 0 0 0 9.82356e-05
134 135 0.14005 0 0 0 0 0 0 0.14005
135 136 0.08939 0 -1.14553 0 0 0 0 -1.05614
136 137 0.0130473 0 -0 0 0 0 0 0.0130473
137 138 0.0895944 0 0 0 0 0 0 0.0895944
138 139 0.00658584 0 -0 0 0 0 0 0.00658584
140 141 0.0849415 0 -1.28248 0 0 0 0 -1.19754
141 142 0.000484533 0 0 0 0 0 0 0.000484533
142 143 0.000334508 0 -1.44986 0 0 0 0 -1.44953
143 144 0.0329457 0 0 0 0 0 0 0.0329457
144 145 0.131966 0 0 0 0 0 0 0.131966
145 146 0.0021044 0 -1.28123 0 0 0 0 -1.27912
146 147 0.000397334 0 0 0 0 0 0 0.000397334
147 148 0.145706 0 -0.83014 0 0 0 0 -0.684435
148 149 0.0363 0 0 0 0 0 0 0.0363
149 150 0.0553878 0 -1.1144 0 0 0 0 -1.05901
150 151 0.000360769 0 -0.633387 0 0 0 0 -0.633026
151 152 0.0156272 0 -1.23864 0 0 0 0 -1.22301
152 153 0.0149305 0 -1.18844 0 0 0 0 -1.17351
153 154 0.0127805 0 0 0 0 0 0 0.0127805
154 155 0.0165577 0 -1.34474 0 0 0 0 -1.32818
155 156 0.000312413 0 0 0 0 0 0 0.000312413
156 157 0.189914 0 -1.17769 0 0 0 0 -0.987779
157 158 0.0149382 0 0 0 0 0 0 0.0149382
158 159 0.0134932 0 -1.44244 0 0 0 0 -1.42894
160 161 0.0860484 0 -1.1343 0 0 0 0 -1.04826
161 162 0.00438618 0 -1.06209 0 0 0 0 -1.05771
162 163 0.000519559 0 -1.13869 0 0 0 0 -1.13817
163 164 0.068761 0 -1.32533 0 0 0 0 -1.25657
164 165 0.278875 0 -1.15945 0 0 0 0 -0.88058
165 166 0.00509949 0 0 0 0 0 0 0.00509949
166 167 0.044478 0 0 0 0 0 0 0.044478
167 168 0.0111598 0 -1.21292 0 0 0 0 -1.20176
168 169 0.00920734 0 0 0 0 0 0 0.00920734
169 170 0.0162742 0 0 0 0 0 0 0.0162742
170 171 0.0285667 0 -1.17849 0 0 0 0 -1.14992
171 172 3.99965e-05 0 -1.26159 0 0 0 0 -1.26155
172 173 0.132877 0 -1.12546 0 0 0 0 -0.992586
165 174 0 0 0 0 0 -0.0787281 0 -0.0787281
164 174 0 0 0 0 0 -7.04939e-05 0 -7.04939e-05
173 174 0.0146899 0 -0 0 0 0 0 0.0146899
165 175 0 0 0 0 0 -0.0239454 -0 -0.0239454
174 175 0.115846 0 -1.45077 0 0 0 0 -1.33493
175 176 0.0648172 0 -1.05812 0 0 0 0 -0.993303
176 177 0.000815724 0 -1.36414 0 0 0 0 -1.36333
177 178 0.175568 0 0 0 0 0 0 0.175568
178 179 0.0716802 0 -1.27393 0 0 0 0 -1.20225
180 181 0.00191957 0 -1.1631 0 0 0 0 -1.16118
181 182 0.000408134 0 0 0 0 0 0 0.000408134
182 183 4.76e-06 0 -1.19419 0 0 0 0 -1.19418
183 184 0.0963567 0 0 0 0 0 0 0.0963567
184 185 0.0677943 0 -1.40141 0 0 0 0 -1.33361
185 186 2.4804e-06 0 -0.905197 0 0 0 0 -0.905195
186 187 0.00553649 0 -1.21081 0 0 0 0 -1.20527
187 188 0.0409069 0 -1.36859 0 0 0 0 -1.32769
188 189 0.0119528 0 -0.739733 0 0 0 0 -0.72778
189 190 0.00121941 0 -1.35998 0 0 0 0 -1.35876
190 191 0.120298 0 -1.18928 0 0 0 0 -1.06899
191 192 0.000130916 0 0 0 0 0 0 0.000130916
192 193 0.00390749 0 -1.18566 0 0 0 0 -1.18175
193 194 0.00165274 0 -1.22507 0 0 0 0 -1.22341
190 195 0 0 0 0 0 -0.156238 0 -0.156238
189 195 0 0 0 0 -0.70885 0 -0 -0.70885
188 195 0 0 0 0 0 -0.0917062 0 -0.0917062
194 195 0.0208424 0 -0.828861 0 0 0 0 -0.808018
189 196 0 0 0 0 0 -0.128648 0 -0.128648
188 196 0 0 0 0 -0.65054 0 -0 -0.65054
187 196 0 0 0 0 0 -0.119147 -0 -0.119147
195 196 0.00504784 0 -1.08167 0 0 0 0 -1.07662
187 197 0 0 0 0 0 -0.00624403 0 -0.00624403
186 197 0 0 0 0 -0 -0.0104039 0 -0.0104039
196 197 0.123042 0 -0.377845 0 0 0 0 -0.254803
187 198 0 0 0 0 -0 -0.0782008 -0 -0.0782008
197 198 0.0172746 0 -1.4113 0 0 0 0 -1.39402
198 199 0.129097 0 0 0 0 0 0 0.129097
200 201 0.00469947 0 -1.15737 0 0 0 0 -1.15267
201 202 0.00336765 0 0 0 0 0 0 0.00336765
202 203 0.00800456 0 0 0 0 0 0 0.00800456
203 204 0.00938517 0 -1.33506 0 0 0 0 -1.32567
204 205 0.0249567 0 -1.26743 0 0 0 0 -1.24247
205 206 0.12654 0 -0.8409 0 0 0 0 -0.714361
206 207 0.000969403 0 -1.13499 0 0 0 0 -1.13402
207 208 0.0361824 0 0 0 0 0 0 0.0361824
208 209 0.00326832 0 -1.34539 0 0 0 0 -1.34212
209 210 0.00880002 0 0 0 0 0 0 0.00880002
209 211 0 0 0 0.0914138 0 0 0 0.0914138
210 211 0.0447404 0 0 0 0 0 0 0.0447404
211 212 0.0781253 0 0 0 0 0 0 0.0781253
212 213 0.0226017 0 0 0 0 0 0 0.0226017
213 214 0.139004 0 -1.13609 0 0 0 0 -0.997088
214 215 3.82361e-05 0 -0.961827 0 0 0 0 -0.961789
215 216 0.161342 0 0 0 0 0 0 0.161342
216 217 0.0764468 0 -1.2713 0 0 0 0 -1.19485
217 218 3.22492e-05 0 -1.32284 0 0 0 0 -1.32281
218 219 0.0221084 0 -1.27285 0 0 0 0 -1.25075
220 221 0.315542 0 0 0 0 0 0 0.315542
221 222 0.0643077 0 -0 0 0 0 0 0.0643077
222 223 0.0910228 0 0 0 0 0 0 0.0910228
223 224 0.000491176 0 -1.24731 0 0 0 0 -1.24681
224 225 0.0246037 0 -1.21294 0 0 0 0 -1.18834
225 226 0.020187 0 -1.26694 0 0 0 0 -1.24675
226 227 0.258802 0 -1.10163 0 0 0 0 -0.842829
227 228 0.0991112 0 -0.0352182 0 0 0 0 0.0638931
228 229 0.0784854 0 -1.15375 0 0 0 0 -1.07527
229 230 0.0291296 0 -1.35312 0 0 0 0 -1.32399
230 231 0.00433467 0 -1.20282 0 0 0 0 -1.19849
231 232 0.00426956 0 -0.770872 0 0 0 0 -0.766603
232 233 0.0102434 0 0 0 0 0 0 0.0102434
233 234 0.158933 0 0 0 0 0 0 0.158933
234 235 0.0906231 0 0 0 0 0 0 0.0906231
235 236 0.0080032 0 0 0 0 0 0 0.0080032
236 237 0.00128832 0 -1.08225 0 0 0 0 -1.08096
237 238 1.09249e-06 0 -1.127 0 0 0 0 -1.127
238 239 0.00134744 0 0 0 0 0 0 0.00134744
240 241 0.0534107 0 -0.901127 0 0 0 0 -0.847716
241 242 0.0416349 0 -0.00130812 0 0 0 0 0.0403268
242 243 0.111126 0 0 0 0 0 0 0.111126
243 244 0.000752414 0 -1.23385 0 0 0 0 -1.2331
244 245 0.0172794 0 0 0 0 0 0 0.0172794
245 246 0.0594279 0 0 0 0 0 0 0.0594279
246 247 0.0995838 0 0 0 0 0 0 0.0995838
247 248 0.00593505 0 0 0 0 0 0 0.00593505
248 249 0.000149529 0 0 0 0 0 0 0.000149529
249 250 0.293482 0 -0.670348 0 0 0 0 -0.376866
250 251 0.0238677 0 0 0 0 0 0 0.0238677
251 252 0.235516 0 -1.15169 0 0 0 0 -0.91617
252 253 0.00261341 0 -1.38373 0 0 0 0 -1.38112
253 254 0.172459 0 -1.07823 0 0 0 0 -0.905771
254 255 9.29488e-05 0 -1.09065 0 0 0 0 -1.09056
255 256 0.135815 0 -1.33789 0 0 0 0 -1.20207
256 257 0.0467162 0 -1.3383 0 0 0 0 -1.29159
257 258 0.0103409 0 -0.832201 0 0 0 0 -0.82186
258 259 0.0209955 0 0 0 0 0 0 0.0209955
260 261 0.0565358 0 -1.35149 0 0 0 0 -1.29496
261 262 0.162193 0 -1.12623 0 0 0 0 -0.964041
262 263 0.077974 0 0 0 0 0 0 0.077974
263 264 0.00317587 0 -1.41177 0 0 0 0 -1.40859
264 265 0.0525381 0 0 0 0 0 0 0.0525381
265 266 0.122886 0 0 0 0 0 0 0.122886
266 267 0.000339725 0 -1.26567 0 0 0 0 -1.26533
267 268 0.00602049 0 -0.985506 0 0 0 0 -0.979486
268 269 0.0233307 0 -1.33693 0 0 0 0 -1.3136
269 270 0.0151218 0 0 0 0 0 0 0.0151218
270 271 0.0224327 0 -1.12765 0 0 0 0 -1.10522
271 272 0.0431851 0 0 0 0 0 0 0.0431851
272 273 0.0455693 0 -1.10375 0 0 0 0 -1.05818
273 274 0.0615464 0 -0 0 0 0 0 0.0615464
274 275 0.00357262 0 0 0 0 0 0 0.00357262
275 276 0.0637485 0 -1.40209 0 0 0 0 -1.33834
275 277 0 0 0 0 0 -0 -2.5053e-05 -2.5053e-05
276 277 0.00679787 0 -0 0 0 0 0 0.00679787
276 278 0 0 0 0 0 -0 -3.32709e-17 -3.32709e-17
277 278 0.227481 0 -1.1348 0 0 0 0 -0.907318
278 279 0.254146 0 0 0 0 0 0 0.254146
280 281 0.0512724 0 -1.31579 0 0 0 0 -1.26452
281 282 0.00983147 0 -1.27345 0 0 0 0 -1.26362
282 283 0.0122144 0 -0 0 0 0 0 0.0122144
283 284 0.0104676 0 0 0 0 0 0 0.0104676
284 285 0.0928308 0 0 0 0 0 0 0.0928308
285 286 0.0531631 0 -0.957934 0 0 0 0 -0.904771
286 287 0.00315025 0 -1.1343 0 0 0 0 -1.13115
287 288 0.00842502 0 -0 0 0 0 0 0.00842502
288 289 0.0042321 0 0 0 0 0 0 0.0042321
288 290 0 0 0 0.000716078 0 0 0 0.000716078
289 290 0.266685 0 -0 0 0 0 0 0.266685
290 291 0.0456118 0 0 0 0 0 0 0.0456118
291 292 0.000513537 0 0 0 0 0 0 0.000513537
292 293 0.0105027 0 0 0 0 0 0 0.0105027
293 294 0.0351776 0 0 0 0 0 0 0.0351776
294 295 6.11563e-05 0 -1.29821 0 0 0 0 -1.29815
295 296 0.479576 0 -0.955847 0 0 0 0 -0.476271
296 297 0.0333591 0 0 0 0 0 0 0.0333591
297 298 0.0860986 0 0 0 0 0 0 0.0860986
298 299 0.26475 0 -1.05547 0 0 0 0 -0.790716
300 301 0.125075 0 -0.618398 0 0 0 0 -0.493323
301 302 0.0468347 0 0 0 0 0 0 0.0468347
302 303 0.00313618 0 0 0 0 0 0 0.00313618
303 304 0.0327651 0 0 0 0 0 0 0.0327651
304 305 0.0569178 0 -1.4096 0 0 0 0 -1.35269
305 306 0.0577631 0 0 0 0 0 0 0.0577631
306 307 0.00508145 0 -1.28316 0 0 0 0 -1.27808
307 308 0.0609736 0 0 0 0 0 0 0.0609736
308 309 0.00509083 0 -1.14947 0 0 0 0 -1.14437
309 310 0.0054601 0 -1.07634 0 0 0 0 -1.07088
310 311 0.00956355 0 -1.10688 0 0 0 0 -1.09732
311 312 0.00210482 0 -1.24219 0 0 0 0 -1.24008
312 313 0.00598359 0 -1.04294 0 0 0 0 -1.03696
313 314 0.0210177 0 -1.38742 0 0 0 0 -1.3664
314 315 0.0302532 0 -0 0 0 0 0 0.0302532
315 316 0.16031 0 -1.19052 0 0 0 0 -1.03021
316 317 0.00300867 0 -1.07903 0 0 0 0 -1.07602
317 318 0.00962487 0 -1.42732 0 0 0 0 -1.4177
318 319 0.000195333 0 0 0 0 0 0 0.000195333
320 321 0.00175776 0 -1.21968 0 0 0 0 -1.21792
321 322 0.0045597 0 -1.33823 0 0 0 0 -1.33367
322 323 0.00296515 0 0 0 0 0 0 0.00296515
323 324 0.00261633 0 -1.16698 0 0 0 0 -1.16436
324 325 0.000153386 0 -1.35711 0 0 0 0 -1.35695
325 326 0.217531 0 0 0 0 0 0 0.217531
326 327 0.00815987 0 -1.22676 0 0 0 0 -1.2186
327 328 0.0848707 0 -0.0101368 0 0 0 0 0.0747339
328 329 0.042586 0 0 0 0 0 0 0.042586
329 330 0.00246962 0 0 0 0 0 0 0.00246962
330 331 0.197268 0 -1.15332 0 0 0 0 -0.956049
331 332 0.000204025 0 0 0 0 0 0 0.000204025
332 333 0.000576742 0 -0 0 0 0 0 0.000576742
333 334 0.0337402 0 0 0 0 0 0 0.0337402
334 335 0.00408988 0 0 0 0 0 0 0.00408988
335 336 0.000201685 0 -1.38285 0 0 0 0 -1.38265
336 337 0.000115718 0 0 0 0 0 0 0.000115718
337 338 0.000683317 0 -0 0 0 0 0 0.000683317
338 339 0.0987375 0 0 0 0 0 0 0.0987375
340 341 0.0661513 0 0 0 0 0 0 0.0661513
341 342 0.0441778 0 -1.41813 0 0 0 0 -1.37395
342 343 0.316931 0 -1.33457 0 0 0 0 -1.01764
343 344 0.00833706 0 -1.16668 0 0 0 0 -1.15834
344 345 0.0366236 0 -0.97236 0 0 0 0 -0.935736
345 346 0.0036579 0 0 0 0 0 0 0.0036579
346 347 0.0345597 0 -1.39035 0 0 0 0 -1.35579
347 348 0.00353914 0 0 0 0 0 0 0.00353914
348 349 0.00113867 0 0 0 0 0 0 0.00113867
349 350 0.131351 0 0 0 0 0 0 0.131351
350 351 0.202225 0 -1.10524 0 0 0 0 -0.903018
351 352 0.361224 0 0 0 0 0 0 0.361224
352 353 0.0241885 0 -1.40834 0 0 0 0 -1.38415
353 354 0.0215908 0 -1.3021 0 0 0 0 -1.28051
354 355 0.0338064 0 -0.451508 0 0 0 0 -0.417702
355 356 0.00120422 0 -1.21096 0 0 0 0 -1.20975
356 357 0.0567684 0 -1.20507 0 0 0 0 -1.1483
357 358 0.00361273 0 0 0 0 0 0 0.00361273
358 359 0.0911892 0 0 0 0 0 0 0.0911892
360 361 0.0133358 0 -1.34089 0 0 0 0 -1.32755
361 362 0.0146283 0 -0.513032 0 0 0 0 -0.498404
362 363 0.0935037 0 0 0 0 0 0 0.0935037
363 364 0.0591301 0 -0 0 0 0 0 0.0591301
364 365 0.0673193 0 -1.30253 0 0 0 0 -1.23521
365 366 0.0715978 0 0 0 0 0 0 0.0715978
366 367 0.00136235 0 -1.07602 0 0 0 0 -1.07466
367 368 0.0598896 0 -1.25546 0 0 0 0 -1.19557
368 369 0.203655 0 -1.13645 0 0 0 0 -0.932799
369 370 0.168497 0 0 0 0 0 0 0.168497
370 371 0.0289693 0 0 0 0 0 0 0.0289693
371 372 0.00742415 0 0 0 0 0 0 0.00742415
372 373 0.398669 0 -1.08493 0 0 0 0 -0.686262
373 374 0.0062926 0 0 0 0 0 0 0.0062926
374 375 0.0858685 0 0 0 0 0 0 0.0858685
375 376 0.0104207 0 -0.942293 0 0 0 0 -0.931872
376 377 0.0496865 0 -0.935923 0 0 0 0 -0.886236
377 378 0.00757931 0 -1.14685 0 0 0 0 -1.13927
378 379 0.046967 0 -1.36649 0 0 0 0 -1.31953
380 381 0.0607772 0 -0.532553 0 0 0 0 -0.471776
381 382 0.00899624 0 -1.24709 0 0 0 0 -1.23809
382 383 0.313951 0 -1.06149 0 0 0 0 -0.747539
383 384 0.0130419 0 -1.33809 0 0 0 0 -1.32505
384 385 0.0135505 0 -0.806377 0 0 0 0 -0.792826
385 386 0.155212 0 0 0 0 0 0 0.155212
386 387 0.149795 0 0 0 0 0 0 0.149795
387 388 0.000583832 0 -0 0 0 0 0 0.000583832
388 389 0.0856546 0 0 0 0 0 0 0.0856546
389 390 0.0281164 0 -0 0 0 0 0 0.0281164
390 391 0.0628979 0 -0.125763 0 0 0 0 -0.0628646
391 392 0.0252492 0 0 0 0 0 0 0.0252492
392 393 0.00594528 0 0 0 0 0 0 0.00594528
393 394 0.00427943 0 -1.12573 0 0 0 0 -1.12145
394 395 0.00143143 0 0 0 0 0 0 0.00143143
395 396 0.0137723 0 0 0 0 0 0 0.0137723
396 397 0.0723576 0 -1.15942 0 0 0 0 -1.08706
397 398 0.00504537 0 0 0 0 0 0 0.00504537
398 399 0.0273814 0 0 0 0 0 0 0.0273814
400 401 0.00638922 0 -1.30048 0 0 0 0 -1.29409
401 402 0.0333947 0 -1.30686 0 0 0 0 -1.27346
402 403 0.0185821 0 -0 0 0 0 0 0.0185821
403 404 0.40825 0 0 0 0 0 0 0.40825
404 405 0.0197733 0 0 0 0 0 0 0.0197733
405 406 0.167968 0 0 0 0 0 0 0.167968
406 407 0.16309 0 0 0 0 0 0 0.16309
407 408 0.0579841 0 -1.30247 0 0 0 0 -1.24449
408 409 0.118581 0 -1.20679 0 0 0 0 -1.08821
409 410 4.54653e-09 0 0 0 0 0 0 4.54653e-09
410 411 0.0016572 0 -1.0338 0 0 0 0 -1.03214
411 412 0.00352156 0 -1.29746 0 0 0 0 -1.29394
412 413 0.058158 0 -0 0 0 0 0 0.058158
413 414 0.0016441 0 0 0 0 0 0 0.0016441
414 415 0.00215454 0 -0.594132 0 0 0 0 -0.591978
415 416 0.00047569 0 0 0 0 0 0 0.00047569
416 417 0.061149 0 -1.32156 0 0 0 0 -1.26041
417 418 0.00809733 0 0 0 0 0 0 0.00809733
418 419 0.0274363 0 -1.14254 0 0 0 0 -1.1151
420 421 0.0469527 0 0 0 0 0 0 0.0469527
421 422 0.00608222 0 -0.990045 0 0 0 0 -0.983962
422 423 0.0129845 0 0 0 0 0 0 0.0129845
423 424 0.0157636 0 0 0 0 0 0 0.0157636
424 425 0.000533464 0 0 0 0 0 0 0.000533464
425 426 0.0529871 0 -0 0 0 0 0 0.0529871
426 427 0.00353907 0 -1.26115 0 0 0 0 -1.25761
427 428 0.000468865 0 -1.03439 0 0 0 0 -1.03392
428 429 0.0295659 0 -1.20061 0 0 0 0 -1.17105
429 430 0.0992896 0 0 0 0 0 0 0.0992896
430 431 0.173494 0 -1.18946 0 0 0 0 -1.01597
429 432 0 0 0 0 -0 -0.0818587 -0 -0.0818587
427 432 0 0 0 0 0 -0.0201854 0 -0.0201854
431 432 0.00153669 0 0 0 0 0 0 0.00153669
432 433 0.0356612 0 0 0 0 0 0 0.0356612
433 434 0.00610042 0 -1.14002 0 0 0 0 -1.13392
434 435 0.00953418 0 -0.64149 0 0 0 0 -0.631955
435 436 0.00402721 0 0 0 0 0 0 0.00402721
436 437 1.3399e-05 0 0 0 0 0 0 1.3399e-05
437 438 0.0128617 0 0 0 0 0 0 0.0128617
438 439 0.0770516 0 0 0 0 0 0 0.0770516
440 441 0.00391695 0 -1.35568 0 0 0 0 -1.35176
441 442 0.0151536 0 -1.21839 0 0 0 0 -1.20324
442 443 0.018309 0 -1.37943 0 0 0 0 -1.36112
443 444 0.00509284 0 0 0 0 0 0 0.00509284
444 445 0.165324 0 0 0 0 0 0 0.165324
445 446 0.00529768 0 0 0 0 0 0 0.00529768
446 447 0.100046 0 0 0 0 0 0 0.100046
447 448 0.0377795 0 -0.967594 0 0 0 0 -0.929814
448 449 0.0415392 0 0 0 0 0 0 0.0415392
449 450 0.225999 0 0 0 0 0 0 0.225999
450 451 0.0899761 0 0 0 0 0 0 0.0899761
451 452 0.00786004 0 -1.45232 0 0 0 0 -1.44446
452 453 0.00226308 0 0 0 0 0 0 0.00226308
453 454 0.00863736 0 -1.39759 0 0 0 0 -1.38895
454 455 0.10384 0 -1.30617 0 0 0 0 -1.20233
455 456 0.209442 0 -0.694019 0 0 0 0 -0.484577
456 457 0.00369336 0 -1.10024 0 0 0 0 -1.09654
457 458 0.187323 0 0 0 0 0 0 0.187323
458 459 0.0684437 0 0 0 0 0 0 0.0684437
460 461 0.0106831 0 -1.29837 0 0 0 0 -1.28768
461 462 0.0334468 0 -1.12879 0 0 0 0 -1.09535
462 463 0.14875 0 -1.21089 0 0 0 0 -1.06214
463 464 0.00381771 0 -1.22055 0 0 0 0 -1.21673
464 465 0.0268046 0 0 0 0 0 0 0.0268046
465 466 0.00425685 0 -1.21978 0 0 0 0 -1.21552
466 467 0.0133369 0 0 0 0 0 0 0.0133369
467 468 0.00681796 0 -1.08459 0 0 0 0 -1.07777
468 469 0.0271616 0 -0.675107 0 0 0 0 -0.647945
469 470 0.0306841 0 -1.35766 0 0 0 0 -1.32698
470 471 0.0145479 0 0 0 0 0 0 0.0145479
471 472 0.0306849 0 0 0 0 0 0 0.0306849
472 473 4.11957e-08 0 -1.16281 0 0 0 0 -1.16281
473 474 0.0302071 0 0 0 0 0 0 0.0302071
474 475 0.000475328 0 0 0 0 0 0 0.000475328
475 476 0.00760658 0 -0.396741 0 0 0 0 -0.389134
476 477 0.0138041 0 -0.998016 0 0 0 0 -0.984212
477 478 7.62144e-06 0 0 0 0 0 0 7.62144e-06
478 479 0.208131 0 -1.05682 0 0 0 0 -0.848687
480 481 0.184922 0 -1.36235 0 0 0 0 -1.17743
481 482 0.00875921 0 -1.27897 0 0 0 0 -1.27021
482 483 0.00543552 0 0 0 0 0 0 0.00543552
483 484 0.173491 0 -1.24725 0 0 0 0 -1.07376
484 485 3.76174e-05 0 -0.936522 0 0 0 0 -0.936485
485 486 0.00234405 0 0 0 0 0 0 0.00234405
486 487 0.00158778 0 -0.00120333 0 0 0 0 0.000384449
487 488 0.0184293 0 -1.03948 0 0 0 0 -1.02105
488 489 0.0700361 0 -1.33514 0 0 0 0 -1.26511
489 490 0.00164102 0 -1.22772 0 0 0 0 -1.22608
490 491 0.000337225 0 -0.878898 0 0 0 0 -0.878561
491 492 0.158467 0 0 0 0 0 0 0.158467
492 493 0.00105358 0 0 0 0 0 0 0.00105358
493 494 0.00399719 0 -0 0 0 0 0 0.00399719
494 495 0.021767 0 -0 0 0 0 0 0.021767
495 496 0.0360887 0 0 0 0 0 0 0.0360887
496 497 0.0280672 0 -0.984501 0 0 0 0 -0.956434
497 498 0.00447163 0 0 0 0 0 0 0.00447163
498 499 0.0120511 0 0 0 0 0 0 0.0120511
500 501 0.0195455 0 -0.336346 0 0 0 0 -0.3168
501 502 0.000740646 0 -0 0 0 0 0 0.000740646
502 503 0.006436 0 -1.08304 0 0 0 0 -1.0766
503 504 0.271867 0 -0.766921 0 0 0 0 -0.495054
504 505 0.000266613 0 0 0 0 0 0 0.000266613
505 506 0.00147688 0 -0.892769 0 0 0 0 -0.891292
506 507 0.00123411 0 -1.12097 0 0 0 0 -1.11973
507 508 0.0127674 0 0 0 0 0 0 0.0127674
508 509 0.023494 0 -1.11592 0 0 0 0 -1.09242
509 510 0.149086 0 -1.03476 0 0 0 0 -0.885672
510 511 0.0425291 0 -0.512578 0 0 0 0 -0.470049
511 512 0.125339 0 -1.30285 0 0 0 0 -1.17751
512 513 0.000227959 0 -1.01613 0 0 0 0 -1.01591
513 514 0.0781341 0 -0.880542 0 0 0 0 -0.802408
514 515 0.0591963 0 -1.40967 0 0 0 0 -1.35048
515 516 2.02961e-05 0 -0.974991 0 0 0 0 -0.974971
516 517 0.154634 0 0 0 0 0 0 0.154634
517 518 0.000431867 0 -0 0 0 0 0 0.000431867
518 519 0.043873 0 -1.33994 0 0 0 0 -1.29607
520 521 0.00729477 0 0 0 0 0 0 0.00729477
521 522 0.050307 0 0 0 0 0 0 0.050307
522 523 0.0133368 0 -1.27537 0 0 0 0 -1.26203
523 524 0.00203944 0 0 0 0 0 0 0.00203944
524 525 0.0205631 0 -0.820969 0 0 0 0 -0.800406
525 526 0.073823 0 0 0 0 0 0 0.073823
526 527 0.039858 0 -1.24241 0 0 0 0 -1.20255
527 528 0.0383407 0 -0.178705 0 0 0 0 -0.140364
528 529 0.026202 0 -0 0 0 0 0 0.026202
529 530 0.0401917 0 -0.851885 0 0 0 0 -0.811693
530 531 0.0516394 0 -0.932941 0 0 0 0 -0.881302
531 532 0.0106985 0 -1.31 0 0 0 0 -1.2993
532 533 6.90734e-05 0 -1.30877 0 0 0 0 -1.3087
533 534 0.000576999 0 -1.38549 0 0 0 0 -1.38492
534 535 0.100803 0 0 0 0 0 0 0.100803
535 536 0.0651315 0 -0.971307 0 0 0 0 -0.906175
536 537 0.00283404 0 0 0 0 0 0 0.00283404
537 538 0.0464303 0 -1.20645 0 0 0 0 -1.16002
538 539 0.0377662 0 -1.33155 0 0 0 0 -1.29378
540 541 0.0326186 0 0 0 0 0 0 0.0326186
541 542 0.0543915 0 -0.639744 0 0 0 0 -0.585352
542 543 0.0149004 0 -0.893345 0 0 0 0 -0.878445
543 544 0.180716 0 -1.33158 0 0 0 0 -1.15087
544 545 0.000945458 0 -1.24061 0 0 0 0 -1.23967
545 546 0.0041653 0 -1.27678 0 0 0 0 -1.27261
546 547 0.115936 0 -0.829622 0 0 0 0 -0.713686
547 548 0.0719702 0 -1.39509 0 0 0 0 -1.32312
548 549 0.00692345 0 -1.0036 0 0 0 0 -0.996679
549 550 0.00148963 0 0 0 0 0 0 0.00148963
550 551 0.124644 0 0 0 0 0 0 0.124644
551 552 0.0331256 0 0 0 0 0 0 0.0331256
552 553 0.000237395 0 0 0 0 0 0 0.000237395
553 554 0.0638225 0 -1.2019 0 0 0 0 -1.13808
554 555 0.293686 0 0 0 0 0 0 0.293686
555 556 0.0238343 0 -1.02083 0 0 0 0 -0.996993
556 557 0.0150795 0 -0.747566 0 0 0 0 -0.732486
557 558 0.0475688 0 -1.31018 0 0 0 0 -1.26261
558 559 0.388119 0 -0.000750794 0 0 0 0 0.387368
560 561 0.0129899 0 0 0 0 0 0 0.0129899
561 562 0.019134 0 -1.16664 0 0 0 0 -1.14751
562 563 0.000252551 0 -1.40253 0 0 0 0 -1.40227
563 564 0.0102562 0 -1.28683 0 0 0 0 -1.27658
564 565 0.0171123 0 -1.23531 0 0 0 0 -1.21819
565 566 9.09485e-05 0 -0 0 0 0 0 9.09485e-05
566 567 0.0588897 0 -1.14169 0 0 0 0 -1.0828
567 568 0.00612387 0 -1.04765 0 0 0 0 -1.04153
568 569 0.0198093 0 -1.27897 0 0 0 0 -1.25916
569 570 0.0326204 0 0 0 0 0 0 0.0326204
570 571 0.0595337 0 -0.927412 0 0 0 0 -0.867878
571 572 0.0511501 0 -1.27914 0 0 0 0 -1.22799
572 573 0.0145808 0 0 0 0 0 0 0.0145808
573 574 0.0120579 0 -1.04945 0 0 0 0 -1.03739
574 575 0.00142627 0 0 0 0 0 0 0.00142627
575 576 0.0040211 0 -0.968685 0 0 0 0 -0.964663
576 577 0.0121787 0 0 0 0 0 0 0.0121787
577 578 0.0106219 0 -0.378968 0 0 0 0 -0.368346
578 579 0.00135116 0 -1.33752 0 0 0 0 -1.33617
580 581 0.00348226 0 0 0 0 0 0 0.00348226
581 582 0.0237218 0 0 0 0 0 0 0.0237218
582 583 0.028761 0 -0.887807 0 0 0 0 -0.859046
583 584 1.24421e-05 0 0 0 0 0 0 1.24421e-05
584 585 0.00919126 0 -1.21467 0 0 0 0 -1.20548
585 586 0.0156401 0 -1.19722 0 0 0 0 -1.18158
586 587 0.00826756 0 0 0 0 0 0 0.00826756
587 588 0.0038074 0 0 0 0 0 0 0.0038074
588 589 0.106744 0 -1.19765 0 0 0 0 -1.09091
589 590 0.532728 0 0 0 0 0 0 0.532728
590 591 0.169292 0 -1.10548 0 0 0 0 -0.936189
591 592 0.249365 0 0 0 0 0 0 0.249365
592 593 0.000933819 0 0 0 0 0 0 0.000933819
593 594 0.0599526 0 -1.19442 0 0 0 0 -1.13447
594 595 0.0643484 0 0 0 0 0 0 0.0643484
595 596 0.0100326 0 -0.967257 0 0 0 0 -0.957224
596 597 0.0226337 0 0 0 0 0 0 0.0226337
597 598 0.000802735 0 -0.843343 0 0 0 0 -0.842541
598 599 0.00335729 0 0 0 0 0 0 0.00335729
600 601 0.121976 0 -1.16565 0 0 0 0 -1.04367
601 602 0.00977985 0 -1.17425 0 0 0 0 -1.16447
602 603 0.0892236 0 -1.13489 0 0 0 0 -1.04567
603 604 0.00021619 0 0 0 0 0 0 0.00021619
604 605 0.00112573 0 -0 0 0 0 0 0.00112573
605 606 0.0764903 0 0 0 0 0 0 0.0764903
604 607 0 0 0 0 -0 -0.00271829 -1.99577e-14 -0.00271829
606 607 0.00307963 0 -1.02015 0 0 0 0 -1.01707
607 608 0.0117174 0 -1.13894 0 0 0 0 -1.12722
608 609 0.00586975 0 -1.00537 0 0 0 0 -0.999497
609 610 0.00235522 0 -1.39713 0 0 0 0 -1.39478
610 611 0.00962624 0 -1.1834 0 0 0 0 -1.17377
611 612 0.0127931 0 -1.36081 0 0 0 0 -1.34802
612 613 0.000244747 0 -0.895498 0 0 0 0 -0.895254
613 614 0.0188353 0 -1.31267 0 0 0 0 -1.29384
614 615 7.16342e-07 0 0 0 0 0 0 7.16342e-07
615 616 0.135806 0 -0.953937 0 0 0 0 -0.818131
616 617 0.0363852 0 0 0 0 0 0 0.0363852
617 618 0.00211405 0 -1.03192 0 0 0 0 -1.02981
618 619 0.00594791 0 -0 0 0 0 0 0.00594791
620 621 0.0061173 0 0 0 0 0 0 0.0061173
621 622 0.0750977 0 -1.15772 0 0 0 0 -1.08262
622 623 0.0388218 0 0 0 0 0 0 0.0388218
623 624 0.0418293 0 0 0 0 0 0 0.0418293
624 625 4.1762e-05 0 -1.22148 0 0 0 0 -1.22144
625 626 0.0352095 0 0 0 0 0 0 0.0352095
626 627 0.039736 0 0 0 0 0 0 0.039736
627 628 0.00264098 0 -0 0 0 0 0 0.00264098
628 629 0.0437651 0 -1.00984 0 0 0 0 -0.966078
629 630 0.00655503 0 -1.28649 0 0 0 0 -1.27993
630 631 0.0472892 0 -1.23631 0 0 0 0 -1.18902
631 632 0.000110409 0 -1.23554 0 0 0 0 -1.23543
632 633 2.3735e-05 0 0 0 0 0 0 2.3735e-05
633 634 0.0111523 0 -1.18644 0 0 0 0 -1.17529
634 635 0.0265024 0 -1.4183 0 0 0 0 -1.3918
635 636 0.0770841 0 0 0 0 0 0 0.0770841
636 637 0.000133103 0 -1.30968 0 0 0 0 -1.30955
637 638 0.00132601 0 -0.975245 0 0 0 0 -0.973919
638 639 2.48136e-05 0 0 0 0 0 0 2.48136e-05
640 641 1.36991e-05 0 0 0 0 0 0 1.36991e-05
641 642 0.0768905 0 0 0 0 0 0 0.0768905
642 643 0.0029218 0 -0 0 0 0 0 0.0029218
643 644 0.0917667 0 -0 0 0 0 0 0.0917667
644 645 0.00352296 0 -0.431862 0 0 0 0 -0.428339
645 646 0.0905292 0 -1.28736 0 0 0 0 -1.19684
646 647 0.030317 0 0 0 0 0 0 0.030317
647 648 0.407233 0 0 0 0 0 0 0.407233
648 649 0.0115439 0 0 0 0 0 0 0.0115439
649 650 0.109771 0 -0 0 0 0 0 0.109771
650 651 0.0182489 0 0 0 0 0 0 0.0182489
651 652 0.0117342 0 0 0 0 0 0 0.0117342
652 653 0.015592 0 0 0 0 0 0 0.015592
653 654 0.0151777 0 0 0 0 0 0 0.0151777
654 655 0.0318178 0 -0.961642 0 0 0 0 -0.929825
655 656 0.102139 0 0 0 0 0 0 0.102139
656 657 0.158715 0 0 0 0 0 0 0.158715
657 658 0.148104 0 -0.718599 0 0 0 0 -0.570495
658 659 0.00184662 0 0 0 0 0 0 0.00184662
660 661 0.0758403 0 -1.16414 0 0 0 0 -1.0883
661 662 0.111532 0 -1.1871 0 0 0 0 -1.07557
662 663 0.0983712 0 -1.38424 0 0 0 0 -1.28587
663 664 0.0354756 0 -1.45153 0 0 0 0 -1.41605
664 665 0.0852635 0 0 0 0 0 0 0.0852635
665 666 0.0417812 0 -0 0 0 0 0 0.0417812
666 667 0.0570316 0 0 0 0 0 0 0.0570316
667 668 0.0424463 0 -0.575218 0 0 0 0 -0.532772
668 669 0.0232881 0 0 0 0 0 0 0.0232881
669 670 0.00578324 0 0 0 0 0 0 0.00578324
670 671 5.75111e-06 0 -1.15992 0 0 0 0 -1.15991
671 672 0.269725 0 0 0 0 0 0 0.269725
672 673 0.242575 0 -0.722784 0 0 0 0 -0.480208
673 674 0.187666 0 -1.31667 0 0 0 0 -1.129
674 675 0.0128616 0 -0 0 0 0 0 0.0128616
673 676 0 0 0 0.0595034 0 0 0 0.0595034
675 676 0.0210325 0 -1.28204 0 0 0 0 -1.26101
676 677 0.0417533 0 -1.12696 0 0 0 0 -1.08521
677 678 0.0663304 0 -0.857733 0 0 0 0 -0.791403
678 679 0.0558705 0 -1.28635 0 0 0 0 -1.23048
680 681 0.345179 0 0 0 0 0 0 0.345179
681 682 0.038209 0 -1.31437 0 0 0 0 -1.27616
682 683 0.0183741 0 -1.18763 0 0 0 0 -1.16926
683 684 0.003072 0 0 0 0 0 0 0.003072
684 685 0.130981 0 -1.36151 0 0 0 0 -1.23053
685 686 0.0211468 0 0 0 0 0 0 0.0211468
686 687 0.124679 0 0 0 0 0 0 0.124679
687 688 0.0272573 0 -1.33719 0 0 0 0 -1.30993
688 689 0.0742348 0 -1.11717 0 0 0 0 -1.04294
689 690 0.415173 0 0 0 0 0 0 0.415173
690 691 0.00316045 0 -1.35622 0 0 0 0 -1.35306
691 692 0.000652666 0 -1.32653 0 0 0 0 -1.32588
692 693 0.140989 0 0 0 0 0 0 0.140989
693 694 0.00542233 0 -1.4573 0 0 0 0 -1.45187
694 695 0.0956856 0 -1.31865 0 0 0 0 -1.22297
695 696 0.0091473 0 0 0 0 0 0 0.0091473
696 697 0.00253423 0 0 0 0 0 0 0.00253423
697 698 0.0186279 0 0 0 0 0 0 0.0186279
698 699 0.0512145 0 -0.457075 0 0 0 0 -0.405861
700 701 3.30645e-06 0 -1.1314 0 0 0 0 -1.1314
701 702 0.117709 0 0 0 0 0 0 0.117709
702 703 0.00934884 0 0 0 0 0 0 0.00934884
703 704 0.0683493 0 -0 0 0 0 0 0.0683493
704 705 0.0039142 0 0 0 0 0 0 0.0039142
705 706 0.117062 0 -0.944815 0 0 0 0 -0.827754
706 707 0.0782381 0 -1.29846 0 0 0 0 -1.22022
707 708 0.27017 0 0 0 0 0 0 0.27017
708 709 0.0755623 0 -1.28964 0 0 0 0 -1.21407
709 710 0.0242051 0 0 0 0 0 0 0.0242051
710 711 0.011662 0 -1.04744 0 0 0 0 -1.03578
711 712 0.0422159 0 -0.836609 0 0 0 0 -0.794393
712 713 0.0811853 0 -1.1913 0 0 0 0 -1.11011
713 714 0.0188173 0 -1.01536 0 0 0 0 -0.996542
714 715 0.236007 0 -1.33002 0 0 0 0 -1.09402
715 716 6.49729e-05 0 0 0 0 0 0 6.49729e-05
716 717 0.0266479 0 -1.26156 0 0 0 0 -1.23491
717 718 0.0307453 0 0 0 0 0 0 0.0307453
718 719 0.0715578 0 0 0 0 0 0 0.0715578
720 721 0.000286229 0 -0 0 0 0 0 0.000286229
721 722 0.00536674 0 0 0 0 0 0 0.00536674
722 723 0.0313243 0 -0 0 0 0 0 0.0313243
723 724 0.0477878 0 -1.10394 0 0 0 0 -1.05615
722 725 0 0 0 0 0 -5.04569e-05 0 -5.04569e-05
724 725 0.0036275 0 -1.21991 0 0 0 0 -1.21628
725 726 0.0042969 0 -0.934934 0 0 0 0 -0.930637
726 727 0.016053 0 -1.3601 0 0 0 0 -1.34405
727 728 0.14836 0 -0.793681 0 0 0 0 -0.645321
728 729 0.110448 0 0 0 0 0 0 0.110448
729 730 0.120627 0 0 0 0 0 0 0.120627
730 731 0.0036878 0 -1.09128 0 0 0 0 -1.08759
728 732 0 0 0 0 0 -0.0240645 0 -0.0240645
731 732 0.0656101 0 0 0 0 0 0 0.0656101
728 733 0 0 0 0 -0.600964 -9.06588e-20 -0 -0.600964
727 733 0 0 0 0 0 -0.107695 0 -0.107695
732 733 0.000581587 0 -1.26459 0 0 0 0 -1.26401
728 734 0 0 0 0 0 -0.15035 0 -0.15035
727 734 0 0 0 0 -0.603824 0 -0 -0.603824
726 734 0 0 0 0 0 -0.0882837 -0 -0.0882837
733 734 0.00307116 0 -1.35338 0 0 0 0 -1.35031
727 735 0 0 0 0 0 -0.134434 0 -0.134434
726 735 0 0 0 0 -0.689891 0 -0 -0.689891
725 735 0 0 0 0 0 -0.173442 0 -0.173442
734 735 0.0185323 0 -0.895438 0 0 0 0 -0.876905
726 736 0 0 0 0 0 -0.154235 0 -0.154235
725 736 0 0 0 0 -0.683851 0 -0 -0.683851
724 736 0 0 0 0 0 -0.163106 0 -0.163106
735 736 7.55746e-05 0 -1.22386 0 0 0 0 -1.22379
722 737 0 0 0 0 -0 -0.039086 0 -0.039086
725 737 0 0 0 0 0 -0.118878 0 -0.118878
724 737 0 0 0 0 -0.574808 0 -0 -0.574808
723 737 0 0 0 0 0 -0.123815 0 -0.123815
736 737 0.037665 0 -0.903492 0 0 0 0 -0.865827
724 738 0 0 0 0 0 -0.187648 0 -0.187648
723 738 0 0 0 0 -0.887245 0 -0 -0.887245
737 738 2.76128e-05 0 -1.11377 0 0 0 0 -1.11374
738 739 0.0218027 0 0 0 0 0 0 0.0218027
740 741 0.0613686 0 -1.24929 0 0 0 0 -1.18792
741 742 0.114112 0 0 0 0 0 0 0.114112
742 743 0.0683243 0 -1.12403 0 0 0 0 -1.05571
743 744 0.244494 0 0 0 0 0 0 0.244494
744 745 0.0174314 0 -1.04582 0 0 0 0 -1.02839
745 746 0.185803 0 0 0 0 0 0 0.185803
746 747 0.0504723 0 -1.18738 0 0 0 0 -1.13691
747 748 0.0188491 0 -1.00193 0 0 0 0 -0.983079
748 749 0.0440736 0 -1.1246 0 0 0 0 -1.08053
749 750 0.0743873 0 0 0 0 0 0 0.0743873
750 751 0.00614881 0 -1.35985 0 0 0 0 -1.3537
751 752 0.0759711 0 0 0 0 0 0 0.0759711
752 753 0.000710535 0 -0.694159 0 0 0 0 -0.693448
753 754 0.00897319 0 -1.37883 0 0 0 0 -1.36986
754 755 0.134718 0 -1.39131 0 0 0 0 -1.25659
755 756 0.0455681 0 0 0 0 0 0 0.0455681
756 757 0.00138519 0 -1.05727 0 0 0 0 -1.05588
757 758 0.00391678 0 0 0 0 0 0 0.00391678
758 759 0.0696276 0 0 0 0 0 0 0.0696276
760 761 0.0203538 0 0 0 0 0 0 0.0203538
761 762 0.0792984 0 0 0 0 0 0 0.0792984
762 763 0.00186176 0 0 0 0 0 0 0.00186176
763 764 0.138275 0 -1.24322 0 0 0 0 -1.10495
764 765 0.00153695 0 -1.3201 0 0 0 0 -1.31857
765 766 0.0810897 0 -1.37269 0 0 0 0 -1.2916
766 767 0.0237019 0 -1.13682 0 0 0 0 -1.11312
767 768 0.000258442 0 -0.528203 0 0 0 0 -0.527944
768 769 0.201567 0 0 0 0 0 0 0.201567
769 770 0.000344855 0 0 0 0 0 0 0.000344855
770 771 0.00704041 0 -0 0 0 0 0 0.00704041
771 772 0.0100846 0 -0.917612 0 0 0 0 -0.907527
772 773 0.013046 0 -1.09904 0 0 0 0 -1.08599
773 774 0.00599537 0 0 0 0 0 0 0.00599537
774 775 0.00436116 0 0 0 0 0 0 0.00436116
773 776 0 0 0 0 0 -0.000821264 0 -0.000821264
775 776 0.0274214 0 -1.06534 0 0 0 0 -1.03792
773 777 0 0 0 0 0 -0.0965338 0 -0.0965338
772 777 0 0 0 0 -0.510491 -7.67514e-08 -0 -0.510491
771 777 0 0 0 0 0 -0.109314 0 -0.109314
776 777 0.00320874 0 -0.956665 0 0 0 0 -0.953457
772 778 0 0 0 0 0 -0.122337 0 -0.122337
771 778 0 0 0 0 -0.606109 0 -0 -0.606109
777 778 0.0633631 0 -1.10449 0 0 0 0 -1.04113
771 779 0 0 0 0 0 -0.115367 -0 -0.115367
778 779 6.61391e-05 0 -1.08089 0 0 0 0 -1.08082
780 781 0.158858 0 0 0 0 0 0 0.158858
781 782 0.0514816 0 -1.24915 0 0 0 0 -1.19767
782 783 0.0487613 0 0 0 0 0 0 0.0487613
782 784 0 0 0 0.0458063 0 0 0 0.0458063
783 784 0.000135398 0 0 0 0 0 0 0.000135398
784 785 0.0286148 0 -1.34229 0 0 0 0 -1.31368
785 786 0.00283985 0 -1.12089 0 0 0 0 -1.11805
786 787 0.0124713 0 -0.966007 0 0 0 0 -0.953535
787 788 0.103365 0 -1.28406 0 0 0 0 -1.1807
788 789 0.000151067 0 -0.726614 0 0 0 0 -0.726462
789 790 0.00111272 0 0 0 0 0 0 0.00111272
790 791 0.00472597 0 0 0 0 0 0 0.00472597
791 792 0.0585119 0 -1.31983 0 0 0 0 -1.26132
792 793 0.00103619 0 -0.988703 0 0 0 0 -0.987666
793 794 0.0109688 0 -0.992884 0 0 0 0 -0.981915
794 795 0.0891901 0 0 0 0 0 0 0.0891901
795 796 0.00386927 0 -0.962039 0 0 0 0 -0.95817
796 797 0.0150371 0 -1.2271 0 0 0 0 -1.21206
797 798 0.118342 0 -1.37661 0 0 0 0 -1.25827
798 799 0.0953014 0 0 0 0 0 0 0.0953014
#Total energy per particle is  -0.562475 and should be -0.56247510
