t = 200000
b = 100 100 100
E = -0.546999611366761 -0.546999611366761 0
283.094313690528 -149.336703069894 92.8560761305708 -0.31204663987018 0.766846745840087 -0.56086804414247 -0.808219876220447 -0.524582237350109 -0.267570753145706 0 0 0 0 0 0
282.602828251302 -149.407812294308 92.7366158389964 0.268519149774421 0.138858822666218 -0.95321335154947 -0.86560423138783 -0.399390514118613 -0.30202074735944 0 0 0 0 0 0
282.254811495609 -149.202957548087 92.4517152613433 0.264340243012651 -0.820053842047783 -0.507578498428256 -0.959974612613847 -0.173202573821772 -0.220112724662633 0 0 0 0 0 0
281.989190314234 -149.194081260733 92.0107257707453 0.030976511075719 -0.989512918502574 0.141083804450034 -0.888701056552171 -0.0918656135461969 -0.449189426779879 0 0 0 0 0 0
281.364521187019 -147.995606753369 91.4665305223009 0.0383923494660511 0.74252675673774 -0.668715218184101 -0.420659059520337 0.619031849611963 0.663208507793332 0 0 0 0 0 0
281.343684107735 -147.527511394885 91.7837255648837 -0.553845428658744 0.301808648725793 -0.775994059711879 -0.440803466983665 0.684380272008959 0.580789072538495 0 0 0 0 0 0
281.238640310802 -147.018409763444 91.7960283680623 -0.907807758823629 -0.275491305757363 -0.316211343047214 -0.415440115994063 0.693912034008619 0.588128896655199 0 0 0 0 0 0
281.926165818095 -146.767603778897 92.6670819525144 0.320296953344485 0.910348246894223 0.262060930042721 -0.908728473165003 0.217108101359993 0.356478098041185 0 0 0 0 0 0
281.757314675712 -146.698952364812 93.0463415672231 -0.238326612986666 0.829220461490412 -0.505562905866256 -0.900385433620528 0.00646017718245633 0.435045212632831 0 0 0 0 0 0
281.568608500183 -146.337824079486 93.3301875087937 -0.715231334545444 0.0621179693781727 -0.696121753693042 -0.683460639291395 0.145956507122933 0.715246987108559 0 0 0 0 0 0
281.797283960689 -146.621349723154 94.1484729445101 0.736659052794814 -0.675419777596073 -0.0337870384543794 0.359904708065684 0.349258585032054 0.865151456043138 0 0 0 0 0 0
281.838844110988 -146.608385951124 94.6242061407385 0.847611680619397 0.094450613674317 -0.522143199184004 0.367610732020048 0.605088066700063 0.706208737726223 0 0 0 0 0 0
281.012739277592 -146.003789569271 95.0142519822896 -0.537343217995037 0.21423613630015 -0.815699174927818 0.410512436065147 0.911325370150607 -0.031074258731598 0 0 0 0 0 0
281.177818463568 -145.633783519392 94.7490682053649 -0.940758922736593 0.20955331046664 -0.266570927454509 0.260261202425609 0.950175946832241 -0.171551090271765 0 0 0 0 0 0
281.093991328155 -145.184124973454 95.0359306195736 -0.183557232688006 -0.240797988021689 0.953059846647958 -0.981737815970636 0.094196964721702 -0.16528095029502 0 0 0 0 0 0
281.703247899471 -145.066125286816 95.0015103026221 -0.332995107919173 -0.291300632283653 0.896804437841965 0.764676020943138 -0.639908290060977 0.0760786652472759 0 0 0 0 0 0
282.094750911526 -145.365595262322 95.1593300119102 -0.752713515449435 -0.175800289313381 0.634441976808821 0.526426979558723 -0.739425532634615 0.419671915763607 0 0 0 0 0 0
282.314183204229 -145.553820306549 95.5631535744536 -0.850604777170181 -0.519579076191697 -0.0806789727193482 0.454134507659433 -0.803297491418993 0.38532452456712 0 0 0 0 0 0
282.396304823169 -145.911785696957 95.9724918640592 -0.484051106136407 -0.438926055131049 -0.756993028221011 0.185689787766443 -0.896917432393721 0.40132084693859 0 0 0 0 0 0
282.313426959006 -146.315020481095 96.2466472434201 0.323776708110779 -0.188165949590236 -0.927233637601523 0.197426540391541 -0.945014098411293 0.260712705775761 0 0 0 0 0 0
-117.717712559664 55.8165383260868 80.5972091295683 0.4975292872035 -0.0599885453420331 0.865370430973074 0.627975649093952 0.713124525199166 -0.311608722125189 0 0 0 0 0 0
-118.402315556936 55.9909054725169 81.1676193044071 -0.828454142388217 0.369307414362313 0.421041289729199 -0.408815601819075 -0.912608575202484 -0.0039232864028696 0 0 0 0 0 0
-118.778378637719 55.5403597012382 81.3296023307065 -0.728155475120911 0.549239205186883 0.410031583584878 -0.552591305699015 -0.824342655428313 0.122890338543177 0 0 0 0 0 0
-118.957656056114 55.3648372677046 81.7260293219447 -0.847968025802065 0.130913353371478 -0.513626246531836 -0.32729131651131 -0.891541932074574 0.313102822550402 0 0 0 0 0 0
-118.27058835326 55.4033365323634 82.8157530214451 0.701752334902549 0.640495637097173 0.31194390412109 -0.298758553525566 -0.132928983770333 0.945025508634078 0 0 0 0 0 0
-119.078011182866 54.2846561166005 82.8433693831341 0.147466905706337 -0.921130210416407 0.360239707944065 -0.98403289879551 -0.0999379461283671 0.147280891536374 0 0 0 0 0 0
-119.672587349029 54.9339393933259 82.7873665481374 0.433272837656745 0.703109882392862 0.563836094472824 -0.298843674029184 -0.478134234211802 0.825881415560026 0 0 0 0 0 0
-119.627677821963 54.6153389891401 83.2736321275263 0.0794077978806877 0.931251495997919 0.355619252624738 -0.155155790949481 -0.340851644503207 0.927225343147123 0 0 0 0 0 0
-119.449515067575 54.5541360787927 83.7330834081447 -0.621199840669074 0.763877895389606 0.174932326594784 -0.315562704689162 -0.448162566965158 0.836403307609709 0 0 0 0 0 0
-119.529145955813 54.5623028727901 84.1934110711281 -0.932423913760587 0.112166502965699 -0.343517569652318 -0.337118859184447 -0.61234653905963 0.71511019492374 0 0 0 0 0 0
-119.717529146707 54.5557475944438 84.6566101130517 -0.655474661330583 -0.442455456294 -0.612034425134099 -0.313552654222118 -0.577821540662869 0.75352969428965 0 0 0 0 0 0
-120.063160699007 54.4350229014415 84.949542835209 0.0708186778332593 -0.834957017612723 -0.545739400821689 -0.374657276345889 -0.52931977888065 0.761217772366633 0 0 0 0 0 0
-120.655796917521 54.6633931579589 85.7920490977785 -0.920247918075731 -0.137236995269538 -0.366482982424384 0.391223395245707 -0.300175572640302 -0.869964873200343 0 0 0 0 0 0
-120.632494115368 54.3010163030541 85.3921030592424 -0.720311377564392 0.564063143762119 -0.40371312735714 0.277597674441036 -0.298959362707571 -0.912996621348848 0 0 0 0 0 0
-120.767316603744 54.0259908360084 84.9971113810063 -0.0988417766603506 0.954575188345028 -0.281098760194136 0.296324116550929 -0.241432304362884 -0.924068428397129 0 0 0 0 0 0
-120.759557796343 53.8558018531635 84.4352208546128 0.522104695797286 0.849976004555665 -0.0703383132155704 0.392636849176221 -0.312752290257159 -0.864882829987896 0 0 0 0 0 0
-121.488990578369 53.7191730602444 84.3126172541315 0.322611156941229 0.61155033106105 0.722446007668505 0.46313994998494 -0.767635644888558 0.442986346769825 0 0 0 0 0 0
-121.668499689642 52.6270354381493 84.8591970335172 0.124673879739471 -0.668374966206821 0.733301662522825 -0.989963949150844 -0.034229487545306 0.137112076652825 0 0 0 0 0 0
-122.063510404827 52.2770924060518 84.7574592163405 0.121627118326054 0.0817442515726468 0.989204084818966 -0.992405923034853 0.028455977237126 0.11966929967549 0 0 0 0 0 0
-122.457196111037 52.100134781677 85.0198500700775 0.153961907592421 0.926256574868176 0.344012337749648 -0.988076766653439 0.144263920254962 0.053779406024564 0 0 0 0 0 0
-110.437903331926 97.4960637691835 -42.3799693087048 0.33627526461897 0.579130355197457 -0.742648623572621 -0.499719028316181 -0.558674361491779 -0.66193946139393 0 0 0 0 0 0
-110.847142154378 97.5152375264188 -42.5842936663441 0.671413181099879 -0.175887521858571 -0.719908271865098 -0.69677948396083 -0.480668798402295 -0.532405725902506 0 0 0 0 0 0
-111.119528226924 97.5914303531852 -43.0206983650157 0.469714656638447 -0.881566301556308 0.046999971269764 -0.815406001386637 -0.453636134862362 -0.35962106452458 0 0 0 0 0 0
-111.247489333812 97.2482842068513 -43.3422106927714 -0.158073325020851 -0.593016625860882 0.789521440728133 -0.820621173576323 -0.365801036131255 -0.43905636476826 0 0 0 0 0 0
-111.497193626226 96.7887165721831 -43.535755467538 -0.227525934320741 -0.075209451697559 0.970863269254135 -0.789814001977623 -0.568924815668812 -0.229168925459584 0 0 0 0 0 0
-111.438971834296 96.1607737840783 -44.0089317594377 0.465191425147022 -0.0206263273611032 0.884969769308125 -0.772476041050923 -0.497677759525053 0.394458633669509 0 0 0 0 0 0
-111.632792952008 95.7528297384779 -43.7914658319146 -0.113125882518521 0.701816194233838 0.703318252440201 -0.731903717831235 -0.537584272053977 0.418712429078732 0 0 0 0 0 0
-111.474205505607 94.8691990516812 -43.6846363326997 -0.61983343418588 -0.614415313207877 -0.488160154827291 0.584102492911791 0.0541966973960296 -0.809868505231309 0 0 0 0 0 0
-111.3617961356 94.5918486519961 -44.1114005988709 -0.920545279874457 -0.194408522164573 -0.33882401657888 0.381494842981992 -0.260868724414736 -0.886797154596458 0 0 0 0 0 0
-111.30368985694 94.1994696168982 -44.453617156081 -0.669388234872442 0.581066540068353 -0.462905030246323 0.452290706476567 -0.175565467861848 -0.874419740930737 0 0 0 0 0 0
-111.222459967335 94.0301910401061 -44.9883786681755 -0.386093454725682 0.89247823415346 -0.233269041624279 0.273797749930757 -0.130608653667969 -0.952877836724045 0 0 0 0 0 0
-111.319537825182 93.9959821871683 -45.4508040961341 0.569514342885882 0.821890845156631 -0.0122004874894877 0.218913413748678 -0.165965367259488 -0.961526086048279 0 0 0 0 0 0
-111.307730079796 94.2258513520228 -45.9964026985422 0.902731548075202 0.170203074655165 0.395103360511751 0.401984082316705 -0.00656833377783201 -0.915623096342256 0 0 0 0 0 0
-111.020956997919 94.5421982969177 -46.2626209678902 0.743654962322101 -0.541385130657395 0.39227469624842 0.537874941525 0.135998716937977 -0.831982509594223 0 0 0 0 0 0
-110.593113880969 94.7436165508278 -46.6102447286143 0.0371771826259076 -0.556696465415402 -0.8298836680439 0.984379559107569 0.163413111581561 -0.0655212833697541 0 0 0 0 0 0
-110.198309702155 94.5189248669882 -46.6620088028567 -0.0320513764072859 0.381648794187676 -0.923751539736466 0.998283311733117 0.0575544764027191 -0.0108587182102353 0 0 0 0 0 0
-109.874378114434 93.8445331887298 -45.1959796065455 0.170006636426243 -0.204934470472901 0.963898130708337 0.943920727749319 0.314806340550947 -0.0995521354573396 0 0 0 0 0 0
-109.59312016198 94.1064516399874 -44.9510016044205 0.475869347186542 -0.869552900207288 0.132008023049167 0.879509638698706 0.471045433647495 -0.0676682708210765 0 0 0 0 0 0
-109.200936588505 94.1968693873995 -44.7824014623639 0.166359712123467 -0.560810983863627 -0.811058251027698 0.905255165033736 0.412964723720375 -0.099866025966284 0 0 0 0 0 0
-109.85981077006 94.8980246014115 -44.7546319771671 0.188353996929728 0.261916085042215 -0.946531952042167 0.958151203774334 0.162538869326061 0.23564249757631 0 0 0 0 0 0
228.35850291047 -11.4391232522161 180.184385030671 -0.0737952150745876 -0.994028804951326 0.0803803530667514 0.476711787477276 0.0356347783013409 0.878337084640991 0 0 0 0 0 0
227.803259956332 -11.0084615991481 179.663795044494 0.321872810563528 0.66604691470049 -0.672888847609985 0.109795955837174 -0.732174436161246 -0.672209374461382 0 0 0 0 0 0
227.65165274261 -11.2319754698224 179.27033231058 0.878762776457952 0.433654962366082 -0.199297155843189 0.233030716465549 -0.754296705038046 -0.613785928441098 0 0 0 0 0 0
227.152367256302 -10.2774712841655 178.986485144339 -0.345592567349399 0.778860543741398 -0.523394717966952 0.656423684008106 0.599234127001631 0.458286382199841 0 0 0 0 0 0
227.502600678292 -10.0325586156163 178.739729049885 -0.457265465407458 0.813241414805666 0.359925958206101 0.882155787872496 0.363465799617375 0.299489195851132 0 0 0 0 0 0
228.214972802663 -10.6051774007418 177.761506248703 0.37071442772729 0.115995007695745 -0.921474889112282 -0.919334890629508 0.186724227296793 -0.346348699740082 0 0 0 0 0 0
227.893198249444 -10.2836180192406 177.498547689669 0.267800928269849 -0.578076259059471 -0.770785639156318 -0.922751128315128 0.0762418361215942 -0.377779747495768 0 0 0 0 0 0
226.905815120679 -9.85336487210125 177.272172260855 -0.571678250752407 0.795150040959303 -0.202287888859141 -0.0614246590523849 -0.287334202218531 -0.955858811486162 0 0 0 0 0 0
226.596955525729 -9.97070711742039 176.951914951159 0.271372828134299 0.908571824973079 -0.317575230481661 -0.053427628877217 -0.315227889739946 -0.94751087909462 0 0 0 0 0 0
226.445868828385 -10.000463297866 176.468688152693 0.781594843547274 0.623622816350253 -0.0142857785118948 -0.0117088141321013 -0.0082305624715083 -0.999897575511123 0 0 0 0 0 0
226.441309606564 -9.70596623384223 176.014208245794 0.989049536258131 -0.146381535152584 -0.0188005583414245 0.0181428921699727 0.247018644032653 -0.968840866687599 0 0 0 0 0 0
225.250694363854 -9.39904030543373 176.709383149019 -0.762115200648432 -0.333706459557111 0.554815662892153 0.0209027252524861 -0.86917092715612 -0.49406980828987 0 0 0 0 0 0
225.732900863484 -9.76479585479483 177.249940285905 -0.544656596464949 -0.832747091852342 0.0994055981254839 -0.733945370631003 0.530643818768719 0.423959114221962 0 0 0 0 0 0
224.929863749009 -9.10710472602878 177.30449422133 -0.877666855543929 -0.455419809522757 -0.14931070883861 0.14649144354016 -0.551540132759198 0.821184351364227 0 0 0 0 0 0
224.743957950062 -9.42991424848697 177.776439109334 -0.418492012529898 -0.555224917728578 -0.718741765992467 -0.131072256866441 -0.746167173257873 0.652728590634953 0 0 0 0 0 0
224.69699602322 -9.51624409400986 179.041556512853 0.293345491812604 -0.783433165294824 0.54788766909774 0.372505745036466 0.621473096596596 0.689210171226067 0 0 0 0 0 0
224.73401207077 -9.26916079329794 179.493268271327 0.7773477248623 -0.621202186417975 0.0991884985315048 0.308798329960029 0.514181475270093 0.800163109561399 0 0 0 0 0 0
224.769822065331 -9.33700336518886 180.06453689345 0.903080600504053 0.22126950336067 -0.368083191514855 0.157400673855919 0.626901473641733 0.763033138346904 0 0 0 0 0 0
224.81404522867 -10.0412344888828 180.89490660129 0.759831477353536 -0.646473963387222 -0.0687571137058566 -0.24012881303993 -0.377359776318054 0.894392392837295 0 0 0 0 0 0
223.745050955169 -9.84207657854897 180.611397574358 -0.64955531600651 0.428144622430026 0.628307308354704 -0.0905451681137007 -0.864057253822281 0.495183435353365 0 0 0 0 0 0
172.132409574409 59.175758680065 59.9126631557231 0.413733025599758 -0.0687614815148756 -0.90779779807397 -0.893468419634671 -0.222073447847973 -0.390381309589019 0 0 0 0 0 0
171.78431945638 59.2848928797797 59.6409831016193 0.439916135519125 -0.775798562241114 -0.45233879397476 -0.814977992778845 -0.133315853381695 -0.563948361575131 0 0 0 0 0 0
171.690635572828 59.2134461863891 59.1270745286516 -0.05107564836409 -0.90993914263261 0.411584784521025 -0.852211523813095 -0.175161321167748 -0.49300510164392 0 0 0 0 0 0
171.566846589977 60.3219764561491 58.6846730412114 0.477003647614708 0.661662088717778 0.578507390199893 -0.848578998788664 0.175310692004129 0.499179170322502 0 0 0 0 0 0
171.413674448781 60.5899354213848 58.0315908376336 -0.986130875406424 0.10804979133372 -0.125980709487207 0.165652653194371 0.593881286076624 -0.787314560095037 0 0 0 0 0 0
171.4036235437 60.7911435839975 57.5187378485483 -0.914475221840302 0.175071186662283 0.364808371944491 -0.148602860232921 0.693259187350529 -0.70520131103443 0 0 0 0 0 0
172.715994896928 60.7220750357973 57.034828633729 0.654487376277765 -0.238005026755478 -0.717634922179914 -0.655057263402194 -0.652473977843952 -0.381021902127055 0 0 0 0 0 0
172.138550952855 61.7287329264234 56.9659646905419 -0.696661364104298 0.716922273440204 -0.0261800994969085 -0.322755501168163 -0.280625220021905 0.903923875308837 0 0 0 0 0 0
172.634266763365 61.5425438974975 56.0454991676099 0.689846272512688 0.627329970183784 -0.361343643654572 0.167711105608493 -0.624025827462307 -0.763193783855424 0 0 0 0 0 0
171.598668182785 60.4929318187443 55.7285672830549 -0.855114942590607 -0.343125556251554 -0.38864287926749 0.0748050473776578 -0.823457605903015 0.562424907136323 0 0 0 0 0 0
171.305459601181 60.2632458540508 56.1137503219765 -0.00760329684104427 -0.636916038035332 -0.770895680601807 0.148857258421195 -0.763049339041027 0.628965199994704 0 0 0 0 0 0
171.532740021218 59.8954775323042 56.4940218538058 -0.0493801328128168 -0.484618491691248 -0.87333070482738 0.434680681702256 -0.797672210148775 0.418057113456082 0 0 0 0 0 0
171.368497596769 59.4323336251801 56.6296086145264 0.769348867232354 -0.137241522884206 -0.623912722169309 0.280082398259026 -0.805314844922202 0.522514928718215 0 0 0 0 0 0
171.361139985358 58.9232164875539 56.5537529512069 0.896452163139186 0.370321488564814 0.243383471727673 0.15611064443954 -0.777925290900714 0.608655656730233 0 0 0 0 0 0
171.769267980723 58.5266169630336 56.5300656629567 0.174825632314 0.501982279906259 0.847024078138351 -0.128551473121675 -0.841271675972292 0.525106166374971 0 0 0 0 0 0
171.198248229173 57.6893742046061 55.7534220923834 0.386671619306536 -0.640698722356158 -0.663317575520239 0.374760230913969 -0.548033020851341 0.747806510657579 0 0 0 0 0 0
171.041830282572 57.2493674547271 56.0472798217228 0.928262342112493 -0.084482145990996 -0.362204074003296 0.302315262438068 -0.395876407079215 0.867114382544226 0 0 0 0 0 0
171.279986302357 56.9322744986703 56.3509207541918 0.871848401811979 0.431030650060636 -0.232578896218474 0.421473778930877 -0.418388971237121 0.804556102718058 0 0 0 0 0 0
171.598177321643 56.5722771753784 56.5344960556165 0.550085450885304 0.834081647125005 0.0413980996369467 0.599262688367295 -0.428774171725958 0.676045072455617 0 0 0 0 0 0
171.683992374628 56.6354500648601 55.6509235735326 -0.363676782915284 0.44992376006353 -0.815664028689928 0.113166357177848 0.890475995644514 0.440733339769079 0 0 0 0 0 0
174.13606563517 255.922461723593 144.996082749849 0.0894672901906369 -0.570347473417015 -0.816516603354011 -0.627344042418556 -0.669012488101191 0.398574639442349 0 0 0 0 0 0
173.690285253822 255.532809879901 145.082956352114 0.592235590819994 -0.527836505123658 -0.608806725344698 -0.357662942885311 -0.849257438746575 0.388379996936281 0 0 0 0 0 0
173.475951223372 255.125489580184 144.937572949139 0.925138489421892 -0.222830484586724 0.307352160443076 -0.346968440000373 -0.824841113803068 0.446374325677252 0 0 0 0 0 0
173.462669237466 254.442733818882 145.035456661518 0.956577950462942 -0.278353967012639 -0.0864736592058228 -0.278307297792797 -0.96040626706356 0.0128393995307372 0 0 0 0 0 0
173.494387282452 253.911592933187 144.897848211779 0.629153743503026 0.0145257164911859 0.777145141268056 -0.351156544287329 -0.886664038910079 0.300858710207711 0 0 0 0 0 0
173.54995142365 253.352525131363 145.018202984103 -0.12009307561673 0.425901298253092 0.896764036597836 -0.503065176414881 -0.804846450461902 0.314877149786297 0 0 0 0 0 0
174.327456052442 253.265435667152 144.282816785386 -0.0666229309409037 -0.158239903326164 -0.985150505287476 0.26775072871469 0.948295362794481 -0.170427263591354 0 0 0 0 0 0
174.609679303816 253.614066123815 144.140239008946 -0.77618660669455 -0.165225274684647 -0.608469358467116 -0.26726683974635 0.960281118327091 0.0801786140842441 0 0 0 0 0 0
175.838177670983 253.799890026409 144.872377345454 0.313683990947301 0.244880591870969 0.917407134018642 0.589143802656697 0.70751499988691 -0.390297456725294 0 0 0 0 0 0
176.006783081966 254.352872376217 144.777859927471 0.559572427961409 -0.382531581204554 0.735219890404577 0.767375728067854 0.574243547451944 -0.285269767381925 0 0 0 0 0 0
175.704265532542 255.209908379196 143.733413750218 -0.580785939019534 0.812276103693754 -0.0538072895181598 -0.752959617447292 -0.561145284733651 -0.34375541292439 0 0 0 0 0 0
175.999680152727 255.093214553785 143.022264222204 0.957223439146371 -0.0623616015053202 -0.282549673874322 0.100770034647906 -0.843518385992632 0.527562444275032 0 0 0 0 0 0
174.946416094936 255.5907970752 142.514408755612 -0.901557211429022 0.165835701940979 -0.399616208983155 0.224560120459226 -0.610125934787133 -0.759815172261955 0 0 0 0 0 0
174.849850104906 255.262085139118 142.330009733015 -0.186799343315467 0.715408180014698 -0.67327345210172 0.37592319933256 -0.581121642223448 -0.721789017056297 0 0 0 0 0 0
174.752099074023 254.624518883252 142.143460413874 -0.287910698095105 0.736859772875885 -0.611674018607697 -0.456558876870837 0.455847062276938 0.764040213446861 0 0 0 0 0 0
175.383451663064 254.158221311333 141.92628887438 0.148449298471019 0.924991928932379 -0.349789561298531 0.98789288687072 -0.154825539575029 0.00983343101548321 0 0 0 0 0 0
175.875176966176 254.175998885051 141.825100960576 -0.229692025769851 0.899467421073248 0.371752514081053 0.971533979602755 0.18913865648225 0.14264745038494 0 0 0 0 0 0
176.254872638931 254.444977255431 141.642814652923 -0.183542621062582 0.249585482467455 0.950799239164065 0.928948537805924 0.3603838757669 0.0847235279923049 0 0 0 0 0 0
176.576967996307 254.833893202739 141.637228545031 0.0686438193987816 -0.442538016493141 0.89411863307766 0.899785681679172 0.414561263589746 0.136105421552636 0 0 0 0 0 0
176.859830368709 255.113170135387 141.972245839234 0.241013407933008 -0.901703413925983 0.358947754569862 0.917337768428325 0.332405087850589 0.219085088917487 0 0 0 0 0 0
93.2603490825148 2.55632079191164 156.715443344363 0.082368717060668 0.840627497482762 -0.535313744383281 -0.971085759825312 -0.0530690266640379 -0.232757653952407 0 0 0 0 0 0
92.8196025434503 2.81239367628139 156.646027880879 0.204864345667331 0.17679757269339 -0.962690613937843 -0.936377591152175 -0.250989980324927 -0.245358995279455 0 0 0 0 0 0
92.315275995396 2.8604043253406 156.346733178611 0.553727475632996 -0.387303897594004 -0.737144201386407 -0.831454025288833 -0.305534112838679 -0.464039987202481 0 0 0 0 0 0
91.0689829035371 3.23516461274638 157.113119924447 -0.784970629519932 0.0894143392873826 0.613046643185396 0.14668264187367 0.988218530387039 0.0436845369969952 0 0 0 0 0 0
90.9277645910555 3.717268220342 157.003310145504 0.00713577964462633 -0.168153301322034 0.985735029256526 0.46003748823058 0.875801963605055 0.146069948887612 0 0 0 0 0 0
90.7177257276714 4.50505651449738 156.803335359817 -0.799233122106604 0.346688750194576 -0.490951450773142 0.266917583595909 0.936631033583148 0.226886117901214 0 0 0 0 0 0
90.9357937166257 4.92705904054875 156.682940429267 -0.957523068128039 0.109208605138563 0.266876478106177 0.212395338119101 0.893086919415945 0.39659043699188 0 0 0 0 0 0
90.9820464464321 5.3857991706414 156.601335959303 -0.333834254416695 -0.399959837038257 0.853572972471821 0.497177718525223 0.694616798743268 0.519924820628626 0 0 0 0 0 0
91.149611614442 4.63001120928096 155.598314430761 0.44407742252273 -0.76500979195796 -0.46642819491751 0.888593956805881 0.442773878063967 0.119800137029405 0 0 0 0 0 0
90.5620593546548 5.68406292347854 155.286367753301 -0.902047874599045 0.0735876236541425 -0.425316933093759 -0.425868122944862 0.00881644271699528 0.90474229048787 0 0 0 0 0 0
90.5130021692404 6.51300995062618 155.947767986892 -0.5451969654857 0.413592042919608 0.729178915533609 -0.689388604987123 0.273705440343851 -0.670692689120798 0 0 0 0 0 0
90.8903186795945 7.35382146121871 155.104113596561 0.0885438009973107 0.929519342801365 -0.357985735278749 -0.95725051793452 -0.0199520210993237 -0.288571243834423 0 0 0 0 0 0
90.3789864859493 7.54380757787916 155.063422101727 0.455962044483595 0.23216747043958 -0.859183845087899 -0.886890735685715 0.0379137917869222 -0.460420858940155 0 0 0 0 0 0
89.9160468238923 7.85874499764784 154.928538470729 0.538403475877126 -0.266275278315224 -0.799511834384945 -0.772352335454036 0.223535582450586 -0.594561782573665 0 0 0 0 0 0
89.3054582388243 8.16698516665514 155.802377533393 0.571573704597728 0.613723769587842 0.54465276539766 0.700510893943563 -0.0193066391710592 -0.713380502362034 0 0 0 0 0 0
88.5202760041521 8.23559114378605 154.695978843187 -0.79493992501231 -0.102345703054778 -0.597993204549723 -0.13878898715477 0.990207978110421 0.0150258820381615 0 0 0 0 0 0
88.5607964791425 8.66184645366774 154.41348441242 -0.977204632934453 -0.0994914831416472 0.187543462039381 -0.0988103178345776 0.995021354269585 0.0130009859992044 0 0 0 0 0 0
89.3932707417491 9.76407704026944 154.485294491474 0.223696001687249 0.797971221531105 0.559644555443269 -0.624839661965484 -0.323266391413317 0.710685751241343 0 0 0 0 0 0
89.4169694038256 9.5338642703232 154.912999533557 -0.606648059646362 0.785526288393094 0.122174391632102 -0.620337588485472 -0.563870127425675 0.545189651138924 0 0 0 0 0 0
90.3648566973115 9.69605509454504 154.90127717718 0.252426381162728 0.405992349275888 0.878322910109109 -0.85541412539372 0.517904519770407 0.0064484477419866 0 0 0 0 0 0
-0.570556754847914 -50.039214006367 205.676380799298 -0.294792469700437 0.942245043488965 0.158970682292036 -0.945951518313403 -0.311295630800766 0.0909436927165422 0 0 0 0 0 0
-0.231022986543891 -50.8723396699214 206.575744167796 0.0905424431653942 0.0144320778598319 0.995788020170101 0.538916151003855 0.84013493758434 -0.0611773555929658 0 0 0 0 0 0
-0.240976490127906 -50.3646082948435 206.614737659645 0.748233058744422 -0.449024166277759 0.488389790946258 0.549975712493931 0.831522272273877 -0.078086019102534 0 0 0 0 0 0
0.0709460937779625 -50.0185919441788 206.550052671928 -0.383301679869601 0.648463551720546 0.657704222503639 0.525319216261469 0.738757514590328 -0.422228676978196 0 0 0 0 0 0
0.127707296177974 -49.5859047855585 206.29407540715 0.304623501263751 0.164732047850226 0.938119328704448 0.462468832874181 0.835456227194514 -0.296876188101878 0 0 0 0 0 0
0.133101207161758 -49.0549685426997 206.267880561693 0.769982229751761 -0.175965437309995 0.61332171878942 0.433113389857463 0.84999254894794 -0.299875738030206 0 0 0 0 0 0
-0.3271899858605 -48.9073662633382 206.984290784263 -0.0944843910163535 -0.618818527212162 0.779830962602306 -0.862595506483111 0.441950510586735 0.246188420497936 0 0 0 0 0 0
-0.801106122920103 -48.9217988575732 206.9788343733 0.298445237284278 -0.0704927677112937 0.951819946230763 -0.809906165094565 0.508919181203582 0.291638939006594 0 0 0 0 0 0
-1.26588250095487 -48.9162456978746 207.285649637008 0.596131775502039 0.513225596638851 0.617435335230728 -0.787290631135924 0.222822068224857 0.574911982861372 0 0 0 0 0 0
-1.54572303934268 -48.9267410720245 207.686451735712 0.625665013933022 0.773859448327646 0.0984116079241871 -0.715924715845557 0.519508124564025 0.466436608504765 0 0 0 0 0 0
-1.25308795596101 -49.113090454321 208.124200228072 0.498692568308191 0.351063333678111 -0.792502528741071 -0.298622789607334 0.927919109265663 0.223137975671451 0 0 0 0 0 0
-2.12258802548705 -48.9833728883196 208.770143764635 -0.478370200972928 -0.42084833456543 -0.770745502818294 0.379927810612904 -0.890474906901553 0.250418247940434 0 0 0 0 0 0
-2.11996437251889 -49.4541818125189 208.977301586389 0.0270603337745682 -0.170383488363707 -0.985006195528243 0.336129629796128 -0.926439956064632 0.169487108005535 0 0 0 0 0 0
-2.12200172705118 -49.9062601797981 208.858753082386 0.748053823015981 0.306724219097091 -0.58850295775846 0.493331300132853 -0.850161976461434 0.183980548125113 0 0 0 0 0 0
-3.05169435891816 -49.7208208640436 209.176520671438 0.156957854374691 0.982043098094572 -0.104668932520151 -0.987331543033165 0.153535367900131 -0.0400414152537305 0 0 0 0 0 0
-3.39776256333786 -49.5022961795171 209.435170541269 0.00619405056611275 0.420507914410562 -0.90726772655907 -0.969615267274844 0.224412308532925 0.0973927576694324 0 0 0 0 0 0
-3.19759619007037 -50.152533266356 210.392766005981 0.80458626980241 -0.438092063801242 -0.400894347777332 0.4371538560056 0.893871206160913 -0.0994523653608581 0 0 0 0 0 0
-2.82921406298088 -49.9465453794919 210.518935138693 0.128074881805561 0.0774320544583119 -0.988737124615464 0.32779663540367 0.937613503735597 0.115889099706105 0 0 0 0 0 0
-2.21346759941586 -50.2115002005696 211.808307428369 0.189486951422369 -0.653283918171237 0.733017610633942 0.810236473751188 0.525726193102701 0.259092312678284 0 0 0 0 0 0
-2.19231920536721 -50.0095757533956 212.131990529526 0.833784999144425 -0.536633862455465 -0.129717665982164 0.543514873868764 0.7566081856469 0.363504656497723 0 0 0 0 0 0
22.278323835334 -77.8128202315091 263.366952762615 0.554560447865667 0.251208189806165 0.793320335701374 0.816179791235917 0.021640519197144 -0.577392618853907 0 0 0 0 0 0
22.7717829914407 -78.5683316112103 263.193338629607 0.693907720318856 -0.413026163926295 -0.589831724811593 -0.616752517952576 -0.763678670989969 -0.190817239981488 0 0 0 0 0 0
22.4606027917313 -78.9490947576336 262.93207638956 0.967016056808735 -0.205802839032757 -0.150083767677063 -0.244318971595933 -0.916052672779759 -0.318049903020526 0 0 0 0 0 0
21.0765404501107 -79.1855650681234 263.365742872196 -0.692225141820469 0.144431811588927 0.707081186875151 0.281613150986914 -0.848035768421685 0.448920225283585 0 0 0 0 0 0
21.2401640430901 -79.9272633619034 263.189846654613 -0.446674833832093 -0.0420905153583424 -0.893705757695418 0.842847605618084 -0.354900356065411 -0.404541284628043 0 0 0 0 0 0
21.5398669918622 -80.3270722644315 263.018722853994 -0.0455741607990137 0.61372475045 -0.78820360729481 0.772538692571319 -0.478579148562309 -0.417308000212761 0 0 0 0 0 0
21.635139791219 -80.6484665392675 262.663073330188 0.710073022333988 0.704127527834511 -0.000852935598640764 0.694407578475553 -0.700470554980492 -0.164739541583196 0 0 0 0 0 0
20.7204785761521 -81.378882391434 261.807564713097 -0.281355723222695 -0.470471242944872 -0.836358635139102 -0.304378064124256 -0.782806384771729 0.542741336218816 0 0 0 0 0 0
20.2891761307632 -81.1467916145625 262.423931415482 0.356009249908066 0.811154915354554 0.463988272778573 0.244073223268332 0.398571241722356 -0.884064040075891 0 0 0 0 0 0
20.2488737273066 -80.7271983862261 262.118106134055 0.730590712305448 0.32257159918578 0.601817891468629 0.315880841731572 0.621725216925605 -0.716712667995874 0 0 0 0 0 0
20.2818264328351 -80.2467703772572 261.92283286 0.859579527327751 -0.509804010603291 0.0349700868143109 0.281914007022732 0.416030855911665 -0.86454775436282 0 0 0 0 0 0
20.0912554155182 -79.2843143164618 261.776574424012 -0.77009981692037 0.581852606548558 0.261522114231021 0.5209769900919 0.33705734612618 0.784203622292808 0 0 0 0 0 0
20.3264902679308 -78.8506622115618 261.95512104062 -0.863604754922976 0.00544770994875009 0.504140010047547 0.340384702102441 0.743947100723545 0.575048663940422 0 0 0 0 0 0
19.8869314658719 -78.4240518313501 261.754365698551 -0.924216485659119 -0.381780187083256 -0.00823264153126376 0.371874746799404 -0.894918901246104 -0.246636033225775 0 0 0 0 0 0
20.0120494306281 -77.3077239066091 261.603522947873 -0.747399323245415 0.55292142747512 0.368337001468997 0.624453812275274 0.773927671877103 0.105325187100543 0 0 0 0 0 0
20.0574473275243 -76.9258569258692 261.34622480796 -0.0750560339681502 0.222925879325873 0.971941687598468 0.66522224653275 0.737303843741513 -0.117738713777207 0 0 0 0 0 0
20.1461632575513 -76.404925195072 260.166943351526 -0.141033580629983 -0.263945429180281 -0.954171022170304 0.968183670456683 0.164469306463164 -0.18860070915177 0 0 0 0 0 0
19.9477902588185 -75.4021444170972 260.799505241351 0.201414435637741 0.753168443501396 0.626234397674237 0.978200560545198 -0.121668068513544 -0.168287089383722 0 0 0 0 0 0
20.3480738905854 -75.4878673391182 260.275433950171 0.0803212378204123 0.488644496717943 0.868777908663811 0.978621780310535 0.126899676235354 -0.161851423451267 0 0 0 0 0 0
20.7332200855994 -75.1404882112448 260.136158392405 -0.0171181858547595 -0.315356816663575 0.948818763461631 0.970850411499874 0.22166201025417 0.0911889889219367 0 0 0 0 0 0
297.712339923764 37.3798024443403 337.547123347443 -0.176424974611049 0.297922442510905 0.93814521614824 0.653175125490649 -0.677577881254491 0.338009571277131 0 0 0 0 0 0
297.604695533749 38.0128818046059 337.200620763514 -0.760872588672265 0.209634341676344 0.614106136263995 0.447990864327416 0.854352897514714 0.263410918504507 0 0 0 0 0 0
298.820531091556 38.4865579065914 337.233974552659 0.994744413334952 -0.0773734731398118 0.0670589128541783 -0.0705296658553293 -0.992582243625266 -0.0990255314258371 0 0 0 0 0 0
298.939330390123 38.1010901670251 336.959997704347 0.771354012052804 -0.137441905515078 0.621387729761723 -0.0563062326918264 -0.987310621493874 -0.148483483409553 0 0 0 0 0 0
298.218538497772 37.6382528941808 337.520263261012 -0.632894948691501 0.271583615846709 0.72504229085234 -0.120221066678296 -0.959573331839296 0.254491485023693 0 0 0 0 0 0
298.911901636955 37.3973881718837 337.886624585541 -0.0889525598696237 0.718373960005735 0.689946589004048 0.91934302767922 -0.207329159982967 0.334399486958881 0 0 0 0 0 0
299.431148064795 37.6031111917765 337.897696757752 -0.364205064153399 0.114861539783986 0.924208579230614 0.910421265285969 -0.165132296628603 0.379294666882173 0 0 0 0 0 0
300.500769754071 37.2638910495415 337.162521340027 0.724056206683578 -0.548284741915112 0.418481124241066 -0.158196566004016 -0.722557415557161 -0.672967033165736 0 0 0 0 0 0
300.38492366305 38.1685758731281 337.486464610091 -0.486291463996537 0.213934298496421 0.847202884774922 0.835829840736018 0.396582844906577 0.379618920051424 0 0 0 0 0 0
300.649059878846 38.5856704541615 337.618812032458 -0.0875233754733271 -0.713609369767914 0.695054908712395 0.875583813509458 0.277640614067148 0.395308328954314 0 0 0 0 0 0
301.337941218157 39.3166924286888 337.190728831732 -0.107136459381 0.989968498987821 -0.0921094462208103 0.809608130836373 0.0330909333030018 -0.586037255314685 0 0 0 0 0 0
301.510572856652 39.1108392027807 338.098686980662 -0.617556032340267 0.440819358791951 0.651385323625272 -0.782417943069624 -0.259765811469337 -0.565989298091736 0 0 0 0 0 0
302.438157883234 39.0766272104533 338.018689440276 0.0795905088050237 0.223842450604848 0.971370119066555 0.977912320863613 -0.20646568784157 -0.0325486166718268 0 0 0 0 0 0
302.983063647843 39.2505346064428 337.954786492793 -0.141453848422473 -0.47625988130669 0.867852138456897 0.972718545840456 -0.229701977199229 0.0324904947452951 0 0 0 0 0 0
303.093436119094 39.9380018415456 336.886172405439 0.808258793592784 0.412139986675421 -0.420545305482207 -0.554881803228629 0.294119788526529 -0.778202887711717 0 0 0 0 0 0
302.955953437153 40.3383347390081 336.580218088822 0.694185657344336 -0.344574978153465 -0.631960724703641 -0.362362132205352 0.591307668120674 -0.720450502647672 0 0 0 0 0 0
303.148486467605 40.7475935703222 336.415950954024 -0.152719430653494 -0.561962242489985 -0.812942318689648 -0.301680757649691 0.809837445566578 -0.503142159058558 0 0 0 0 0 0
302.507046662415 40.7850390723373 337.442545569905 -0.570290817186765 -0.702272755462565 0.426123644928873 0.786906964715986 -0.31822253729435 0.528688798481129 0 0 0 0 0 0
302.758310690569 40.6626575641875 337.899269998517 -0.227289799281667 -0.880877004269955 -0.415204829561133 0.822943011516052 -0.401704786835328 0.401743779081238 0 0 0 0 0 0
303.191077339245 40.3386411210931 337.988511694518 -0.411936168243066 -0.817118435665426 -0.403269209572101 0.840703539052753 -0.511515244390843 0.177678682401556 0 0 0 0 0 0
231.882463541168 -194.10655036119 110.208159299617 -0.683793982249001 0.442879111111677 0.579899890309512 -0.461702119270618 -0.878020596246079 0.126138755458821 0 0 0 0 0 0
231.811743945318 -194.395901814434 110.549320077489 -0.87390849054068 0.311883177957348 -0.372844248270153 -0.367840118024376 -0.92573424614158 0.0878051996893918 0 0 0 0 0 0
231.327016705478 -194.924087188406 110.354681009237 -0.920484709377837 0.224914824862362 -0.319564111499919 0.379648902026064 0.708479007574949 -0.594915293983958 0 0 0 0 0 0
231.805461855611 -195.098389885553 111.249651507704 -0.809295901144839 0.519293290247439 0.274544391846113 0.359292355109271 0.807380201376365 -0.468023732288753 0 0 0 0 0 0
231.964275226439 -194.863094658524 111.809232361665 -0.0158998757416434 0.994814537331988 -0.100455115670346 -0.396043936153131 -0.0985165299536648 -0.912931374180022 0 0 0 0 0 0
232.359064887543 -195.125907056067 112.729258472779 0.937834988445948 -0.256327771437784 0.234011982676802 0.321190613291909 0.896467069086256 -0.305259535440034 0 0 0 0 0 0
232.511720340807 -194.689560028884 112.769498603348 0.832988684635721 -0.481974332893239 -0.27171785679445 0.370725223505927 0.850746787750194 -0.372548938784165 0 0 0 0 0 0
231.402729016955 -193.990140864323 112.472266047999 -0.268928615058399 0.454148143829378 -0.849368508633975 -0.938425739615455 -0.322115739764975 0.12489428098536 0 0 0 0 0 0
230.891707145058 -193.849897321441 112.620897079791 0.0556099623227304 -0.271876990267767 -0.960723911565339 -0.925209107731801 -0.375768331436944 0.0527851120982074 0 0 0 0 0 0
230.458530983207 -193.682456251204 112.392818017473 0.256047950314786 -0.935411470382029 -0.243813100996088 -0.937994480522208 -0.301392669329992 0.171256571798036 0 0 0 0 0 0
230.055853247818 -193.753836356669 112.090333613456 0.135630616913444 -0.727819153136313 0.672222891668841 -0.99075796588044 -0.100819019016654 0.0907423740540927 0 0 0 0 0 0
229.983932532407 -192.884776512075 111.550009982274 0.7376835852285 0.217276211744846 0.639229204506674 -0.176509884300231 -0.851804587307699 0.493227336819322 0 0 0 0 0 0
229.713303139929 -193.448552152776 110.631195035629 -0.249640742419296 -0.967426834266514 0.0420097615491285 0.919472875075044 -0.223212390716386 0.323644651789441 0 0 0 0 0 0
230.364020612945 -193.261479175453 110.457989719849 -0.422198022437982 -0.214823365270856 -0.88068141321545 0.906136798237102 -0.127647642993688 -0.403264407205457 0 0 0 0 0 0
230.681428842434 -193.614004695923 110.265514874901 -0.347995633175213 0.580844554809076 -0.735879502663058 0.90922157425438 0.0177825156182829 -0.415932579931739 0 0 0 0 0 0
231.032426837338 -193.79860639719 109.935015876771 -0.0728325979501313 0.997238596389764 -0.0145118760471835 0.957044109965758 0.0657878101902499 -0.282380126089325 0 0 0 0 0 0
231.456273627057 -193.674196205175 109.647113507004 -0.158111095881301 0.767811646275513 0.620859208841184 0.983965953163814 0.175071735249125 0.0340718436731587 0 0 0 0 0 0
231.880937237553 -193.373633957391 109.616613438367 -0.21066326868164 0.0453966628021608 0.976504034930115 0.904725762705504 0.387405055339274 0.177168330675995 0 0 0 0 0 0
232.097659486074 -193.001505982479 109.762127697528 0.37889931748069 -0.884186267415538 0.273221433504852 0.896330042763194 0.424087005645554 0.129393454559026 0 0 0 0 0 0
231.501816694675 -192.589032073619 109.85284368506 0.610535952635588 -0.200678647527855 0.766142239382313 -0.18413091473447 -0.976824647257689 -0.10913026504567 0 0 0 0 0 0
148.199659799237 26.9053820114823 197.05160632629 -0.602860868358473 0.797299180539714 0.0295430213886095 0.515509071452251 0.417518074736432 -0.748284073409839 0 0 0 0 0 0
148.224246207566 26.1740436601515 196.583438354101 -0.80831577522794 0.158923569641769 0.566894087577188 0.428876384432498 -0.500720902205596 0.751893360105356 0 0 0 0 0 0
148.466459768044 25.5013912394488 195.658425596887 0.398547463761752 -0.0321078400971204 -0.91658551468664 -0.895918863546023 0.2001491803665 -0.39657243416685 0 0 0 0 0 0
148.235483488395 25.8812205894919 195.417241663655 0.0284588518328443 -0.764681020171134 -0.643780266195222 -0.723309773765325 0.428774466399879 -0.541272046330728 0 0 0 0 0 0
148.113020464152 25.9454158146276 194.991574227149 -0.553110369142409 -0.81620067588635 0.166989150036203 -0.779775327425161 0.436631701631281 -0.448668247003903 0 0 0 0 0 0
147.749667892654 26.0419278570561 194.657672139751 -0.411526606112359 -0.264939931971557 0.872039382659149 -0.663354061216633 0.743201937152877 -0.0872483242223671 0 0 0 0 0 0
147.327065892084 26.0717418666313 194.598694376144 0.0110965423169139 0.320143084706395 0.947304213050529 -0.605896921263221 0.755793573856421 -0.248324373594475 0 0 0 0 0 0
147.268021097282 25.6705889260206 193.320423904707 -0.701051897978683 -0.512384085742988 -0.495972564783385 -0.710733654145388 0.445305815250062 0.544573598120238 0 0 0 0 0 0
147.177713275863 26.2759575101992 192.891561803589 -0.975272321402498 0.0912138941930492 0.201305550376344 0.185119674010141 0.834712774891312 0.518637917749585 0 0 0 0 0 0
147.057506519323 26.8001762412978 192.363728166547 -0.994221839013696 -0.0610590013336838 0.088287786156173 -0.0564576492351328 -0.402088443886585 -0.913858532342784 0 0 0 0 0 0
147.152145248269 26.4170456608646 192.003495604034 -0.858394076724812 0.507429320432922 -0.0753332184945069 -0.146516905269216 -0.383244549482912 -0.91195197886839 0 0 0 0 0 0
146.740965093294 26.1441374246959 191.658969085355 -0.123799255055526 0.765578832470624 -0.631318299846134 0.0432235489778727 -0.631448246634438 -0.774212397624871 0 0 0 0 0 0
146.783168136272 25.9937337513856 191.079309204719 -0.222022911124015 0.879022228676113 -0.421930975906366 0.2175911817565 -0.377150918439995 -0.900228450084576 0 0 0 0 0 0
147.375894301353 25.8426201980419 190.97531359908 -0.659253759656457 -0.227577979778429 -0.716653851938854 -0.749481757258103 0.122183342954033 0.65065223141236 0 0 0 0 0 0
147.966447134473 26.5880801074079 191.405875993272 -0.501901438792437 0.465633289093403 0.728889968257309 0.125321689314651 0.872977652210243 -0.471385715660555 0 0 0 0 0 0
147.812238152296 27.0449292824165 191.397307543662 0.294000264734434 0.390942856189675 0.87219695455232 0.221739054464272 0.859732509421274 -0.460099776102413 0 0 0 0 0 0
147.391427394989 27.1973450339985 190.054385645427 -0.252207702562514 -0.330646313898659 -0.909430750455123 0.910426723348396 0.237374026213274 -0.338787179645871 0 0 0 0 0 0
147.778539663505 26.9454682686907 189.889101335997 -0.327232208228995 0.824230111543707 -0.462129641034012 0.937884056212039 0.342966776887057 -0.0524145691097209 0 0 0 0 0 0
148.175970377995 27.0532658236523 189.66673956944 -0.45321285958738 0.816629766902924 0.357370854593244 0.880360820849224 0.472959074052716 0.0357006916582482 0 0 0 0 0 0
148.534599519316 27.4664375170265 189.519656490295 -0.422551626981897 0.175173814929682 0.889249266009218 0.890145807375394 0.264846926851312 0.370805268233105 0 0 0 0 0 0
-318.593227134073 -173.755492256961 -26.1375496126362 0.425396000557584 0.796439833968607 -0.429792779811004 -0.791837368902331 0.0975961393089784 -0.602883549951246 0 0 0 0 0 0
-318.982298123264 -173.528656985155 -26.2661042878585 0.592630635075406 -0.100255183765754 -0.799210753492604 -0.805418043330181 -0.0620258596091737 -0.58945277013339 0 0 0 0 0 0
-319.334953386427 -173.35367670718 -26.5461583536905 0.518822809569841 -0.709641402321373 -0.476688548615773 -0.751271364048695 -0.112396379294722 -0.65035251324328 0 0 0 0 0 0
-319.457638458285 -173.21331007139 -27.0185631923309 -0.132540941032134 -0.986074749035829 0.100446444756615 -0.739887702371764 0.0309954156567883 -0.672015976065522 0 0 0 0 0 0
-319.608305260683 -173.471227848231 -27.4492021784408 -0.4496370023976 -0.705286885107384 0.548084825342231 -0.725069031222058 -0.0701446415741437 -0.685094613335371 0 0 0 0 0 0
-319.747727502085 -173.812347676905 -27.6517038358634 -0.89724674351872 0.202028922716918 0.392597243534509 -0.43903381514417 -0.313822787148616 -0.841881563776182 0 0 0 0 0 0
-319.977178322152 -174.156185747038 -27.9415940496881 -0.424241003252653 0.894505170143769 -0.140996708278067 -0.232485606435248 -0.258072979269326 -0.937735986390353 0 0 0 0 0 0
-319.683674639381 -175.480609614861 -28.1832605728042 -0.0623844992209946 -0.92279929306941 0.380196842395546 0.143997131168502 0.368631072553996 0.918355028604369 0 0 0 0 0 0
-319.205572979742 -174.772281031953 -27.5753094670764 -0.121806840877319 0.662594284667737 0.739007379828603 -0.686039526095592 -0.59427308908218 0.419749049108224 0 0 0 0 0 0
-319.379959973384 -175.811446515082 -28.3114158517697 -0.586093436324977 -0.297922144077754 -0.75348316501757 0.394031752170475 0.707771160190469 -0.586343724349551 0 0 0 0 0 0
-319.096236912933 -175.588689742649 -28.6184419314782 -0.970996629135117 0.00617406517620657 -0.239013445495104 0.143172525868535 0.815635096711429 -0.560572044298466 0 0 0 0 0 0
-317.635344827768 -175.407853761616 -28.9285493360267 0.984051960881394 -0.137433767155692 -0.112932271432385 -0.0463010773633304 -0.810888729941554 0.583365818238237 0 0 0 0 0 0
-317.423724220064 -175.771155746004 -28.2655510294822 0.972456573353047 -0.031244611134492 -0.230980490988968 0.211016433862974 0.538905172510421 0.815507988729274 0 0 0 0 0 0
-317.194935360887 -175.79303879087 -27.8498587094645 0.429481989933177 0.71934325801778 -0.545976645532942 0.215667349185236 0.505382440239962 0.835509535309152 0 0 0 0 0 0
-316.726197779839 -175.703131975269 -27.5188847572613 -0.0587143807026054 0.88037940268843 -0.470621640833349 0.492169568244327 0.435685560765551 0.753622722743018 0 0 0 0 0 0
-316.355997728867 -175.399445878718 -27.397368949846 -0.626333554230665 0.779175196729834 -0.0243370426676674 0.624451650161864 0.520159368292919 0.58266145246381 0 0 0 0 0 0
-315.99730862942 -176.444808838681 -26.6096795137942 0.396386961839938 -0.670984671867349 0.626623448813057 0.297823924543989 -0.55164518769509 -0.779094664891286 0 0 0 0 0 0
-316.685053461448 -175.433104253716 -26.2090988549489 -0.0837902101881182 0.988587989849603 0.125191800856734 -0.913908022974614 -0.126313052395336 0.385768244334867 0 0 0 0 0 0
-317.336441556064 -175.974343277997 -25.9782926541056 -0.1719911531957 -0.985002544411121 0.0137488445343727 -0.290554054109092 0.0640596431945385 0.954711843309048 0 0 0 0 0 0
-318.003875420431 -175.617026845512 -25.4226738191167 -0.270403135832173 -0.666910065499875 0.694343653148123 -0.954598372422343 0.0920900861899979 -0.283304365293111 0 0 0 0 0 0
59.7642382437016 -264.749774106329 91.905718392027 0.799622657588492 0.545976319444379 0.250026926704078 0.485907951393794 -0.343633350320615 -0.803622786710106 0 0 0 0 0 0
59.9944482079811 -264.673071870577 91.4328175345069 0.836609521278744 -0.0224310052312136 0.547340258806228 0.502992183222148 -0.364319343500705 -0.783753966221947 0 0 0 0 0 0
60.4382040725035 -264.65637966139 91.1857414748413 0.0198720403456874 -0.780543657294555 0.62478532398716 0.638068827583253 -0.471200536966005 -0.608964880128142 0 0 0 0 0 0
60.8790205418664 -264.725125798652 91.257434650899 -0.400588044663384 -0.879513220682578 -0.256876844260678 0.893343353554802 -0.312599062445475 -0.322830418048967 0 0 0 0 0 0
60.9493500871642 -263.360398686431 91.6348117160029 -0.424119247030331 0.516047510914745 0.744189378301734 -0.32904659935927 -0.853407585076115 0.404257132509314 0 0 0 0 0 0
61.0137956452749 -263.700499331383 92.0426682095673 -0.966585759190889 0.251339881554251 -0.0504007348127813 -0.233108636994604 -0.780025032699279 0.580707595714924 0 0 0 0 0 0
61.319442484965 -264.443978013347 92.1543073799471 0.114935927113313 0.037845017045497 -0.992651745247763 -0.437015079632814 0.899306211446336 -0.0163143564863685 0 0 0 0 0 0
61.8269202477873 -264.708835850179 93.3208488129788 0.599056055510659 0.441511331538229 0.66798172615675 0.788930743210874 -0.468013858989179 -0.398185020073327 0 0 0 0 0 0
62.1893765111815 -264.803251845432 92.6501440576892 0.559732747723557 0.184920708504847 0.807776938697746 0.498327013388273 -0.85394702462457 -0.149815442669864 0 0 0 0 0 0
62.7961283193297 -265.759346143147 92.1714424369568 0.65966315064974 -0.711732633787222 -0.241414965727401 0.433586761594456 0.0980289665403054 0.895763831536567 0 0 0 0 0 0
62.8210282655421 -265.97592870369 92.5339476226185 0.907620358261012 0.25971356005962 -0.329809266078609 0.287766574735935 0.187090750795582 0.939248342788792 0 0 0 0 0 0
61.6752349574172 -266.184182707299 92.1619693416473 -0.0820732365939109 -0.40765981960827 -0.909437988711684 -0.511134493829024 -0.766150058150311 0.389558233919428 0 0 0 0 0 0
61.2082742166102 -266.530108979179 92.24191316399 0.599263459583951 -0.637242033910839 -0.484567741626135 -0.481231664821941 -0.770468331128507 0.418084483688115 0 0 0 0 0 0
60.847630845485 -266.279362887364 93.0485292228064 0.720456367777174 0.68867337885751 -0.0816798590981948 -0.666519102086152 0.65507400023298 -0.355851571266773 0 0 0 0 0 0
59.7160856231607 -266.446359137233 92.8926138331951 -0.697684112616358 -0.652828339198874 0.295045824477428 -0.586737572727368 0.757006597332327 0.28754135762587 0 0 0 0 0 0
59.3115963757364 -266.234410019777 92.7650535257542 0.107000121425211 -0.285527632182911 0.952378572456883 -0.409262049112861 0.860316594031602 0.303907770861172 0 0 0 0 0 0
58.8978239888664 -266.068315138287 92.9778937938903 0.87779816183172 0.184979577422281 0.441874352074804 -0.206977241978347 0.978344436213761 0.00160792805012246 0 0 0 0 0 0
57.9413202424655 -266.774597496436 92.7650794640526 0.21873521606524 -0.94285700765445 -0.251347505199054 -0.789100174807684 -0.0193954363962518 -0.613958248715238 0 0 0 0 0 0
57.7814912185668 -266.722597501486 92.2731235030092 -0.239581784898966 -0.896739884974142 0.372099646655555 -0.680988603409317 -0.117955835159383 -0.722731584323309 0 0 0 0 0 0
57.6315252781021 -267.088328912761 91.7986898992462 -0.649859502071541 -0.371766048329923 0.662927320960965 -0.648489279656829 -0.183702315096492 -0.738725330280718 0 0 0 0 0 0
230.818798119351 160.349945649063 464.283700733735 0.44287795615229 0.893999842258003 -0.0679955733635429 -0.853785055805793 0.443674423673153 0.272404266231266 0 0 0 0 0 0
230.298151292829 160.135613350756 463.782350242624 -0.879937087147613 -0.0181807586868902 0.47474222760962 0.114995381673812 0.961402536659986 0.249962446574358 0 0 0 0 0 0
230.252439491575 160.697584263687 463.956126465129 -0.579578554719874 -0.402838846536131 0.708385179567064 0.28445753962731 0.714587303441688 0.639100065646307 0 0 0 0 0 0
230.086193031954 160.976327441422 464.243396780593 0.222997630733002 -0.627145187533817 0.74629817796953 0.344188542915538 0.766922317758339 0.541631244898091 0 0 0 0 0 0
229.943545252586 162.110803227915 463.83131275055 -0.898877922918865 0.427763522180738 0.0950623415480367 0.150056549063786 0.504303133874352 -0.850388958799193 0 0 0 0 0 0
229.798574225909 162.013987165727 463.330310278976 -0.363280994058923 0.884092973650546 0.293949882288286 0.304110529163191 0.410746814771706 -0.859536991761834 0 0 0 0 0 0
229.556498278942 162.279989125025 462.906184768517 0.44068831557748 0.703032295261795 0.558157146628452 0.424280581153569 0.38482220199153 -0.819693760687722 0 0 0 0 0 0
229.48815409934 162.700075789719 462.644519626814 0.959104171610822 -0.0190212083190961 0.282413494069955 0.269743970512214 0.363771644441228 -0.891576346182889 0 0 0 0 0 0
229.319449877435 163.493044299014 462.087858634898 -0.520230116152821 0.687747659975783 -0.506323792098947 -0.0973516321263288 -0.636758136908053 -0.764893283277952 0 0 0 0 0 0
229.480303890675 163.847054329712 461.488585026182 0.0169733499537377 0.99415727507815 -0.106598394924758 0.529315367245613 -0.099383053491461 -0.842584269184012 0 0 0 0 0 0
229.482218207385 163.926387584974 461.021639693792 0.670767009323921 0.60915167872432 0.423090831276199 0.621998384753662 -0.151312911233374 -0.768259339193425 0 0 0 0 0 0
229.03765478007 163.483015529615 460.236458661345 0.908521773888422 0.0898990326096379 -0.408051896584841 -0.193013414833654 -0.775848135947991 -0.600670867980361 0 0 0 0 0 0
228.112736073806 163.558738844939 460.872582576261 -0.0231328754558246 0.97145436880606 0.236095911444408 0.225245036770966 0.235151570226555 -0.945499028254409 0 0 0 0 0 0
228.862248364657 162.918314120702 461.036433059243 0.615016402471454 -0.606003061850137 -0.504494909507846 0.351116198075289 -0.362401220067809 0.863355529977377 0 0 0 0 0 0
227.654161111963 163.442706173312 461.479159283245 -0.70173909255874 0.297371364766632 -0.647404446533747 -0.699072036326672 -0.112242216774666 0.706186924829105 0 0 0 0 0 0
227.418779530084 163.022569181733 461.855898991371 -0.274412483131074 0.634124037664956 0.722900058069808 -0.687707600065375 -0.654863072782515 0.313388916074205 0 0 0 0 0 0
227.153910058853 162.745487548219 462.167707376005 -0.403330309934358 0.912484893260896 0.068527225676411 -0.853457872993514 -0.402135595172134 0.3315065943853 0 0 0 0 0 0
226.845684287737 162.719218130806 462.54175558765 -0.461599511503285 0.600080593787005 -0.65332164508775 -0.885861252332267 -0.273096624551335 0.375057429302468 0 0 0 0 0 0
226.419377649554 162.796764893752 462.897866085054 -0.299260063577034 -0.053759229482159 -0.95265595027447 -0.911818868956792 -0.278044218271235 0.302122099324585 0 0 0 0 0 0
225.997131354447 162.909460153862 463.033754582491 0.00709341411361286 -0.810959707268607 -0.585059002719407 -0.910231555034454 -0.247485713231926 0.332008039007559 0 0 0 0 0 0
89.0847646280644 102.606760412776 35.9629989293 -0.720185883718254 -0.601372861668314 0.345952271479492 0.299034211630323 -0.719019983699644 -0.627366562158994 0 0 0 0 0 0
90.065158412278 103.815885275852 35.6363103947896 0.860313784248287 0.456723932444613 0.226414315282229 -0.506274441737113 0.713633826945938 0.48416211198551 0 0 0 0 0 0
89.9385375393764 103.984214270995 36.1156394495933 0.477063997765421 0.729205820720591 -0.490580078135348 -0.399006038960322 0.677057086027433 0.618375196085059 0 0 0 0 0 0
90.0790806024155 103.993717522898 36.663815780281 0.769971865975916 -0.189518660226789 -0.609283187878518 -0.514454604957446 0.380484568963688 -0.768484191261339 0 0 0 0 0 0
89.0936171807602 103.937063582862 36.6155603122751 0.231474548008172 -0.550022546264312 -0.8024305155123 -0.907542308825576 0.175011228775002 -0.38175650288398 0 0 0 0 0 0
88.3519682964147 104.319324859014 37.7405885632286 -0.704854140838949 -0.526224330950249 0.47567698457898 0.388210008366852 0.27508109347929 0.879558628753108 0 0 0 0 0 0
88.2620062729445 104.5192577109 38.2247191344222 0.101638805450212 -0.949956780321025 0.295383934479798 0.265087842835901 0.31204808710639 0.91233460249727 0 0 0 0 0 0
88.1647302572211 104.449556445421 38.7211238062164 0.912201937445089 -0.397616006532199 0.098940066054215 0.122934355629249 0.49593388734053 0.859614287685664 0 0 0 0 0 0
88.1789562965886 104.328484956188 39.2472837603771 0.971998573816132 0.0737804550382178 -0.223103601391278 0.220532666973726 0.041431714378162 0.974499233371244 0 0 0 0 0 0
88.4385421317446 104.312211027507 39.7757165176557 0.841534672609748 0.20256388750201 -0.500786647461449 0.483679110425806 0.130300101620429 0.865491999763953 0 0 0 0 0 0
88.8107704928525 104.211277306543 39.9820780294438 0.172958248405147 0.955910580609765 -0.237319207370421 0.419496017874093 0.146508061786446 0.895856282457938 0 0 0 0 0 0
88.6813367778547 103.197177338932 39.6800196728143 0.262889881899845 -0.686119882202647 0.678327662152232 -0.948814083047542 -0.311400445278496 0.0527408616824415 0 0 0 0 0 0
88.2883743454499 102.864496592162 39.654173129688 0.329818007547127 -0.25698288862978 0.90839411977904 -0.848591830895455 -0.50233163442142 0.165996486700785 0 0 0 0 0 0
88.0311503994176 102.418753960939 39.7654832401656 0.246834238225376 0.328925394265646 0.911526710440724 -0.765951226984891 -0.509990401626991 0.391444131554787 0 0 0 0 0 0
87.7592553605199 102.098525714038 40.0758215734088 0.0384686798616639 0.837142053372699 0.545631142022375 -0.701513276236311 -0.366231204707996 0.611354093764267 0 0 0 0 0 0
87.6667265200952 101.908034297448 40.5631162453944 -0.471573791996551 0.881618772541797 -0.0191441532559953 -0.70463720814244 -0.363676733314501 0.609282888769183 0 0 0 0 0 0
87.3592167835693 101.830995209156 40.9647194511918 -0.39800359708851 0.793986175073899 -0.459542261926069 -0.876360728606394 -0.180942769975139 0.446376060458214 0 0 0 0 0 0
87.7225034833321 100.684683937757 40.7883105348589 0.721614449358814 -0.11549400894216 -0.682593378502197 0.382585132839943 -0.75521630316207 0.532237683340873 0 0 0 0 0 0
87.8054485892952 100.112404409315 40.8102795370123 0.846215177753275 0.485875273397518 -0.218735208964813 0.525545264152729 -0.693361757813011 0.493002685721985 0 0 0 0 0 0
88.23752048248 99.7874671782754 41.0019237321935 0.534705613810916 0.814851012545289 -0.223847568476876 0.844393535042505 -0.504864000517687 0.179197932353303 0 0 0 0 0 0
50.004019589049 131.822585561764 -37.4317725116559 -0.943371675078526 0.0466174267756191 -0.328445883183752 0.159513666385239 -0.80436237315687 -0.57232557420212 0 0 0 0 0 0
49.8615487225377 131.527651496875 -36.360095680519 -0.243236525369603 -0.473154992345162 0.846735109668291 -0.809008883203083 -0.382624698897318 -0.446209554685057 0 0 0 0 0 0
49.6295788386611 131.188372854479 -36.4757262520854 -0.659989604802674 0.475480094441587 0.581663477744847 -0.730135416126559 -0.223580905273409 -0.645688665623626 0 0 0 0 0 0
49.2489153262631 130.932800764011 -36.6943051785277 -0.352176672328259 0.888764154857515 0.293376666604898 -0.833083629635032 -0.154819624573724 -0.531039122740474 0 0 0 0 0 0
49.3951710100518 131.001539098412 -37.9270700885437 -0.0323556626009823 0.717731918335387 -0.695567397525399 0.271707727263712 -0.663406321746238 -0.697185027960524 0 0 0 0 0 0
49.3451376070598 130.834606060656 -38.4022563332174 0.510149330171397 0.810328317254031 -0.288297900065065 0.170006304971662 -0.423586839252678 -0.889759543855422 0 0 0 0 0 0
48.962193281387 130.934815736771 -38.7065809740628 0.363312276643985 0.437579197242774 0.822513608264407 -0.922545958762768 0.0457325822431625 0.383167698132107 0 0 0 0 0 0
48.3781883479108 131.035393456073 -38.4981221435633 0.607223520476575 0.483681988294065 0.6303422327434 -0.791359183553269 0.297361306873889 0.534159990808144 0 0 0 0 0 0
48.196817944947 130.214001767818 -39.2631234782585 -0.277632843194496 -0.02578459367302 -0.960341168079791 0.601583764840825 -0.784046615538307 -0.152865557084863 0 0 0 0 0 0
48.255813805182 129.739382154251 -39.4156663143104 0.387241743471606 0.495959854244672 -0.777217894216721 0.632548846215235 -0.756214709027582 -0.167395552515905 0 0 0 0 0 0
48.5498331682261 129.384812107906 -39.6598483502913 0.392875867955786 0.80549168478081 -0.443657185366089 0.790607110376841 -0.542265642446487 -0.28440880795728 0 0 0 0 0 0
47.6863867242389 129.157255084906 -40.2450916497142 -0.785409268275022 0.00736670397793225 -0.618932963236081 -0.601934463920862 0.223934335432685 0.766503955996723 0 0 0 0 0 0
47.9995973287772 129.978177728037 -40.5288986696854 0.781263789363954 0.624139374527142 -0.00877112270713012 0.520863581832474 -0.644116294129253 0.560192224828088 0 0 0 0 0 0
46.7551127312602 130.047921234707 -40.9996034797713 -0.842822602433277 0.528030612019349 -0.104085222765148 -0.503470581786448 -0.705223214979545 0.499176912857085 0 0 0 0 0 0
46.7759100696767 130.488618228418 -40.1895250670408 -0.903372755960049 0.134037313025102 0.407371651574035 -0.0854730252675307 -0.987118049344623 0.135249098369204 0 0 0 0 0 0
47.1277937956092 131.02101351132 -40.6201414823154 0.711285844583485 0.45680895115163 0.534226571262519 -0.53963506748926 -0.132126791776495 0.831466478476861 0 0 0 0 0 0
46.8098933617104 131.698617234185 -40.6188226959863 -0.0220665426448976 0.681755624922081 -0.731247109794496 -0.308602822956472 0.691062349875934 0.653603187145877 0 0 0 0 0 0
46.3944227939367 131.611599712556 -39.8277938986189 -0.264831228157226 -0.962681388112416 -0.0557580987363114 -0.960619476083731 0.26842404430841 -0.0718244708002411 0 0 0 0 0 0
45.9395573076033 131.657630778595 -40.0845059431469 -0.253322704687992 -0.653736053774009 0.713061553644246 -0.942200247866508 0.333820590064488 -0.0286793753294585 0 0 0 0 0 0
45.4403219091563 131.578259375686 -40.2374813030929 0.122246677964241 0.154967516436186 0.980326893733059 -0.812605511825578 0.58274127313347 0.00921361695929654 0 0 0 0 0 0
281.701729778352 -177.711514439869 77.3560445038588 0.922937255960086 0.314924833700282 0.221380149696663 0.148316431581965 -0.821598905714123 0.550433896351005 0 0 0 0 0 0
281.928617910341 -178.151674071588 77.4270270609184 0.358018458187176 0.72974725769491 0.582487530754123 -0.0246346978343576 -0.616239454704307 0.787173466351825 0 0 0 0 0 0
282.279583468679 -178.414478487699 77.7021431880744 -0.626671856602951 0.592842736088767 0.505786392075346 -0.157647241744596 -0.732065021137961 0.662742900374344 0 0 0 0 0 0
282.964112334626 -179.324189613421 77.5492199671696 0.971417182678778 0.151041998168006 -0.183125563441704 0.0873154719859679 0.490005955692218 0.867335097720612 0 0 0 0 0 0
282.337706087937 -179.928706018842 77.6609174802644 -0.645090537411497 0.7046524898652 0.295504766575633 -0.608175418708585 -0.707620166516027 0.35971705550122 0 0 0 0 0 0
282.319756510756 -180.135386615545 76.9070437448952 -0.235748700112477 -0.942489795189444 -0.23692939108316 -0.971800292704967 0.229929117573924 0.0523143574003985 0 0 0 0 0 0
281.972669206892 -180.097648755522 76.6483460155341 -0.321703806090532 -0.700303651878453 0.637245208936535 -0.941844375829812 0.305730368162745 -0.139492342803554 0 0 0 0 0 0
281.491560640887 -180.180044496519 76.4858206644064 -0.0623856819094206 0.165366759082849 0.984257009974088 -0.845091449760987 0.515899788151826 -0.140242112526067 0 0 0 0 0 0
281.840383782371 -180.762715271507 75.4456740684158 0.843809328083717 0.242398211079513 -0.478778576279638 0.484446808236984 0.0397377195301116 0.873917732761812 0 0 0 0 0 0
282.161100661127 -181.820249172379 75.8549392198027 0.788626487094634 -0.470485605844796 0.395868107512631 -0.591815401491912 -0.40615468305875 0.696270711710908 0 0 0 0 0 0
282.052959566328 -182.104906974343 75.4868636317893 0.92262016891353 0.348319975097963 0.165665985832108 -0.115161730838526 -0.161154011448957 0.980187308805916 0 0 0 0 0 0
281.769546175989 -182.865774544915 76.2023978203032 -0.0266743166232883 -0.882350557644367 0.469836114254062 0.86372972170108 0.216269556998204 0.455190560717131 0 0 0 0 0 0
281.960227205946 -182.777331517542 76.6345403338017 0.595398028201239 -0.747196527163404 -0.295293985392567 0.782425209456246 0.455752875262247 0.424382031072881 0 0 0 0 0 0
281.846551575091 -181.422902535462 77.1185381394245 0.0312118448182119 0.982235869135106 -0.185036531872618 0.9954408718267 -0.0138539048898872 0.0943691687798603 0 0 0 0 0 0
282.244910230858 -181.505665102261 76.6472859625943 -0.51212959258374 0.821785835466182 -0.249782547483129 -0.669718055208806 -0.564147435858155 -0.482923800554501 0 0 0 0 0 0
282.88705678106 -181.118214242758 75.842480454146 0.452237723960184 0.68065836768071 -0.576355122761604 -0.859843347994686 0.504411860559434 -0.0789815917556713 0 0 0 0 0 0
283.525233070054 -181.961583165842 76.1746044204135 0.577244756965734 -0.0326834208182343 0.815916836791097 -0.153389359208779 -0.985751541386714 0.0690333479938437 0 0 0 0 0 0
282.707232961803 -182.616433417 75.5983931550152 -0.718898556740313 -0.127837359271823 -0.683258717244867 0.591466924320616 -0.628879547344863 -0.504655716668336 0 0 0 0 0 0
282.851363130392 -183.096447148831 75.4226555993043 -0.352258781613436 0.682005691446041 -0.640922762594235 0.60491103752445 -0.356637221549026 -0.711963853637869 0 0 0 0 0 0
282.691815905995 -184.156146647285 75.4908887404804 -0.69040769515357 -0.0741379569445345 -0.719611546469918 -0.672263883165208 -0.301667179736926 0.676060784294729 0 0 0 0 0 0
115.760241464519 -47.2145215275807 265.495867510509 -0.494647568156752 -0.405006348079794 -0.768956202479492 -0.0146603447631579 0.888541934921093 -0.458561123709922 0 0 0 0 0 0
115.858113596139 -46.8988117306357 265.111362260681 -0.983362915087474 -0.181120725609818 0.0138802011959217 -0.18005234458472 0.961737044408929 -0.206501841689421 0 0 0 0 0 0
115.625112400494 -46.6280270326859 264.734104740962 -0.801252044923296 -0.0314186812777433 0.597501487004848 -0.297402170030018 0.887434536864898 -0.352153222391647 0 0 0 0 0 0
115.291610527391 -46.3899801706672 264.418336395167 -0.050136066943722 0.474241664865762 0.878965993708952 0.0657630827888392 0.879730409759006 -0.470902986917009 0 0 0 0 0 0
115.389013802404 -47.1217424367467 263.442669249552 -0.863837288287589 -0.450800461118219 -0.224864589518995 -0.000540438620434983 0.447191796932269 -0.894437926679423 0 0 0 0 0 0
115.462916067962 -47.266835951512 262.918365073551 -0.876202120919331 0.413406503769872 0.247719409690152 -0.0359752183791058 0.456462788571967 -0.889014907811831 0 0 0 0 0 0
115.142149769731 -47.1992829335714 262.497592998882 0.00598656789867314 0.92102037351753 0.389468397396278 -0.181351303176065 0.384016971274587 -0.905341190165032 0 0 0 0 0 0
115.302887899665 -47.1919607185041 261.895895246992 -0.700778020129373 0.483050803059576 0.524949605359462 0.209208748089074 0.842667484696093 -0.496128219272964 0 0 0 0 0 0
115.541902744557 -48.003485627582 261.27031985076 -0.988675388175936 -0.0133620869096492 -0.149473848711342 0.120701807121767 -0.662661525316409 -0.739128389809828 0 0 0 0 0 0
115.354757139988 -48.4234398185782 260.967333013496 -0.77374797650629 0.591038698675396 -0.22800729269152 -0.222446720782885 -0.590489220738897 -0.775783434087188 0 0 0 0 0 0
114.913312051851 -48.6710283828272 260.78428528202 0.0634009375689631 0.799152393451617 -0.597775687993355 -0.437180075915369 -0.516210783280755 -0.736478111315809 0 0 0 0 0 0
114.822396832302 -49.7620605944442 261.128562309111 0.56027761695815 -0.430303312771256 -0.707762708083564 -0.629935781954614 0.333471342689283 -0.701411273232927 0 0 0 0 0 0
114.538319975153 -49.6301450742504 260.638358490467 0.620092440139389 -0.626077676740748 -0.47277067206933 -0.609909566439075 -0.00567479046390338 -0.792450703526277 0 0 0 0 0 0
114.683598692545 -49.4878385689616 260.198405083812 -0.314084178844112 -0.945104876857389 -0.0901548686438993 -0.40658470451257 0.219712354205053 -0.886800631182736 0 0 0 0 0 0
114.736024432028 -49.5601202841499 259.692235112902 -0.849644158504861 -0.370627474296504 0.375153407575036 -0.45257890790431 0.1472994098585 -0.879474397566796 0 0 0 0 0 0
114.491515718982 -49.7267664615852 259.242652333377 -0.835189488629431 0.0308167807442541 0.549098209892793 -0.54734824609212 0.0506542510200375 -0.835370602998142 0 0 0 0 0 0
115.269567923491 -50.0567507646015 258.667965959994 0.566550662358973 0.0654143989963805 0.821426383423708 0.156686894086754 0.970105293002114 -0.185323872479317 0 0 0 0 0 0
115.547820821012 -50.5238611151711 258.463764237731 0.419540811244177 0.510932301983147 -0.750289071285715 0.379087233046314 -0.849639738508723 -0.366613126453648 0 0 0 0 0 0
116.455009104475 -50.1595315333557 259.021452288518 0.626281905167196 0.715925769486939 0.308579435226461 0.497943450868067 -0.671907366901177 0.548263449485307 0 0 0 0 0 0
116.928920500462 -50.3867985368224 259.168200829689 -0.293156862178572 0.5117878578676 0.807547052930606 0.366716818597362 -0.719858494059822 0.589340753289431 0 0 0 0 0 0
95.3075448736115 -90.6479594754527 7.83265303067213 0.17307319524261 -0.54473114070566 0.820556916632858 0.903539243091533 0.419403907527323 0.0878475870151998 0 0 0 0 0 0
95.878557351206 -90.5141811096462 7.89528251627352 -0.303953682375968 -0.608084463772579 0.733379467866741 0.935879827063742 -0.04662682491134 0.349220401027528 0 0 0 0 0 0
96.3420856903116 -90.6042018775786 8.26768380986019 -0.173961669661203 -0.955360505888321 0.238796233800908 0.872396784784065 -0.0370287402274995 0.487393806172781 0 0 0 0 0 0
96.4674630158321 -90.49972688533 8.72365894826693 0.428667602364189 -0.766501140647638 -0.478246890287023 0.727165699388762 -0.0214297391682941 0.686127402099371 0 0 0 0 0 0
96.9736853278979 -90.0929087468444 9.10759412718185 -0.323644886907387 -0.207703279677227 0.923099850931647 -0.410273321529342 0.909927261179822 0.0608948356026176 0 0 0 0 0 0
96.8841377702961 -89.9523430687108 7.71248200297771 -0.738103579191191 0.17550964188862 -0.651459493744072 0.619328447462089 -0.206789618542746 -0.75741027708049 0 0 0 0 0 0
96.9353117485967 -90.2424196225385 7.34286350637035 -0.146533327439363 0.93055918095717 -0.335540749665178 0.596950985098648 -0.187291117173668 -0.780109965849426 0 0 0 0 0 0
96.7141730769199 -91.5929965126009 7.87605894892994 -0.458864580406427 -0.841911414667033 0.28395152174586 0.18645265254915 -0.403709897624779 -0.895686176580378 0 0 0 0 0 0
96.9569092737558 -91.8712503397494 7.57300579275784 -0.864576572011615 -0.496332719849595 -0.0784931992936265 0.292611047773314 -0.370281329537941 -0.881629463956723 0 0 0 0 0 0
97.0814215181527 -92.2576715111886 7.37502402735798 -0.794985005972506 0.251709749786337 -0.55194297000813 0.503511826543192 -0.233667860854173 -0.831790340972395 0 0 0 0 0 0
97.1404868774593 -92.5774679093291 7.00545799504394 -0.147879510171092 0.910879507697271 -0.38526636620491 0.555969347587906 -0.245607414749807 -0.794087578521786 0 0 0 0 0 0
97.2952474937323 -93.4247936259915 7.41598926654918 -0.982467687912784 0.089199871628131 0.163708964656288 -0.179516447778731 -0.215664935852404 -0.959824192454371 0 0 0 0 0 0
96.8917309385044 -93.7021761707196 7.17065691182764 -0.507415406388555 0.858520626447949 -0.073972557904665 -0.36054876374598 -0.28949543238458 -0.886677496945598 0 0 0 0 0 0
96.4443350726432 -93.833344268222 6.99140559028445 0.429727582431496 0.674987641927064 -0.599771529953968 -0.311260067378162 -0.512784895517531 -0.800105506408259 0 0 0 0 0 0
96.3293734779087 -94.9373430450164 8.01990329683606 0.0371171434931026 -0.935199672493274 0.352170257442881 -0.822142286081494 -0.228911143828197 -0.521230994538852 0 0 0 0 0 0
95.9618843120171 -95.1472365182724 7.66051887575456 0.196382601545605 -0.760554644127329 0.618862268284739 -0.578926176193602 -0.599335985188723 -0.55284795321654 0 0 0 0 0 0
95.8970439159484 -95.6051151474753 7.35625116689479 -0.315202266488175 -0.271081145376672 0.909484768328744 -0.748486099493554 -0.51816708441232 -0.413849527602197 0 0 0 0 0 0
95.6371231091661 -96.1268974613982 7.26708024646435 -0.523834456490828 0.481484525950683 0.702687778079998 -0.828423310564071 -0.47997357999739 -0.288686994889888 0 0 0 0 0 0
95.2948632956122 -96.4632552441755 7.2778223102436 -0.390343911881207 0.920077978657424 0.0329870224019269 -0.78352820526685 -0.313171888529923 -0.536662761691093 0 0 0 0 0 0
95.5893164481184 -97.0679813230443 7.73262473317067 0.0219250444765259 -0.753459725829695 -0.657128399916898 -0.485649153187721 0.566500163568133 -0.665749551021499 0 0 0 0 0 0
