           0   0.000000
       10000  -0.666745
       20000  -2.812513
       30000  -4.441511
       40000  -3.064160
       50000  -3.449430
       60000  -3.092043
       70000  -5.379758
       80000  -2.374559
       90000  -3.131136
      100000  -0.968214
      110000  -1.233445
      120000  -2.691672
      130000  -7.245950
      140000  -7.621461
      150000  -9.011814
      160000  -6.831745
      170000  -3.643963
      180000  -1.528684
      190000  -5.073157
      200000  -9.163836
