#id1 id2 FENE BEXC STCK NEXC HB CRSTCK CXSTCK total, t = 200000
0 1 0.0217619 0 0 0 0 0 0 0.0217619
1 2 0.00933619 0 -1.09056 0 0 0 0 -1.08122
2 3 0.0400662 0 0 0 0 0 0 0.0400662
3 4 0.138099 0 -0.94952 0 0 0 0 -0.811421
4 5 0.00277478 0 0 0 0 0 0 0.00277478
5 6 0.0278808 0 0 0 0 0 0 0.0278808
6 7 0.0977386 0 -0 0 0 0 0 0.0977386
7 8 0.0153461 0 -1.39909 0 0 0 0 -1.38374
8 9 0.0340536 0 -1.30271 0 0 0 0 -1.26866
9 10 0.0675749 0 -1.09098 0 0 0 0 -1.02341
10 11 0.178903 0 0 0 0 0 0 0.178903
11 12 0.081684 0 -1.37798 0 0 0 0 -1.29629
12 13 0.0208983 0 0 0 0 0 0 0.0208983
13 14 0.161278 0 -1.1113 0 0 0 0 -0.95002
14 15 0.003517 0 0 0 0 0 0 0.003517
15 16 0.0326932 0 -1.24583 0 0 0 0 -1.21314
16 17 0.0409768 0 -0.832688 0 0 0 0 -0.791711
17 18 1.98568e-05 0 -1.20838 0 0 0 0 -1.20836
18 19 0.00148263 0 -1.13154 0 0 0 0 -1.13006
20 21 0.000950541 0 -0.953795 0 0 0 0 -0.952844
21 22 0.00457141 0 0 0 0 0 0 0.00457141
22 23 0.254665 0 0 0 0 0 0 0.254665
23 24 0.0322255 0 -0.675648 0 0 0 0 -0.643422
24 25 0.00387729 0 0 0 0 0 0 0.00387729
25 26 0.0142518 0 0 0 0 0 0 0.0142518
26 27 1.62448e-05 0 -0.704194 0 0 0 0 -0.704178
27 28 0.0462108 0 -1.21824 0 0 0 0 -1.17203
28 29 0.016681 0 -1.09628 0 0 0 0 -1.0796
29 30 0.0830278 0 0 0 0 0 0 0.0830278
30 31 0.100582 0 -0 0 0 0 0 0.100582
31 32 0.000777266 0 0 0 0 0 0 0.000777266
32 33 0.199784 0 -1.40814 0 0 0 0 -1.20835
33 34 0.00699139 0 -1.2097 0 0 0 0 -1.20271
34 35 0.028757 0 -1.14414 0 0 0 0 -1.11538
35 36 0.0272236 0 -1.2484 0 0 0 0 -1.22118
36 37 0.0380326 0 -1.03074 0 0 0 0 -0.992704
37 38 0.0113512 0 -0.949702 0 0 0 0 -0.938351
38 39 0.0186985 0 -1.01161 0 0 0 0 -0.992913
40 41 0.0264508 0 0 0 0 0 0 0.0264508
41 42 0.0773598 0 -1.18812 0 0 0 0 -1.11076
42 43 0.00352885 0 -1.16426 0 0 0 0 -1.16073
43 44 0.0239848 0 -1.27625 0 0 0 0 -1.25226
44 45 0.0424817 0 -1.23888 0 0 0 0 -1.1964
45 46 0.0136086 0 0 0 0 0 0 0.0136086
46 47 0.0221204 0 -0.957608 0 0 0 0 -0.935488
47 48 0.0629746 0 -0.986886 0 0 0 0 -0.923911
48 49 0.013889 0 -0 0 0 0 0 0.013889
49 50 0.146167 0 0 0 0 0 0 0.146167
50 51 0.0058501 0 -0.864036 0 0 0 0 -0.858186
51 52 0.0663282 0 -1.42542 0 0 0 0 -1.35909
52 53 0.00592582 0 0 0 0 0 0 0.00592582
53 54 0.0566858 0 -0.994759 0 0 0 0 -0.938073
54 55 0.0391058 0 -1.33875 0 0 0 0 -1.29965
55 56 0.0882117 0 -0 0 0 0 0 0.0882117
56 57 0.00757171 0 -0.469048 0 0 0 0 -0.461476
56 58 0 0 0 0 0 -2.2031e-05 0 -2.2031e-05
57 58 0.000582172 0 -1.21935 0 0 0 0 -1.21877
58 59 0.0164608 0 -1.15782 0 0 0 0 -1.14136
60 61 0.0836003 0 -1.1876 0 0 0 0 -1.104
61 62 0.0147548 0 -1.02937 0 0 0 0 -1.01461
62 63 0.0032185 0 0 0 0 0 0 0.0032185
63 64 0.0244212 0 -1.28861 0 0 0 0 -1.26419
64 65 0.00106896 0 -1.35149 0 0 0 0 -1.35042
65 66 0.116279 0 -1.25618 0 0 0 0 -1.1399
66 67 0.0640246 0 0 0 0 0 0 0.0640246
67 68 0.0600298 0 0 0 0 0 0 0.0600298
68 69 0.120143 0 -0.844302 0 0 0 0 -0.724159
69 70 0.0209059 0 0 0 0 0 0 0.0209059
70 71 0.112805 0.00967606 -0 0 0 0 0 0.122481
66 72 0 0 0 0 0 -0.0377977 0 -0.0377977
71 72 0.066534 0 -1.08359 0 0 0 0 -1.01705
65 73 0 0 0 0 0 -0.087305 0 -0.087305
72 73 0.00922596 0 -1.23419 0 0 0 0 -1.22496
66 74 0 0 0 0 -0 -0.0634289 0 -0.0634289
65 74 0 0 0 0 -0.497267 0 -0 -0.497267
64 74 0 0 0 0 0 -0.130591 0 -0.130591
73 74 0.0871073 0 -0.930825 0 0 0 0 -0.843718
65 75 0 0 0 0 0 -0.13724 0 -0.13724
64 75 0 0 0 0 -0.130874 0 -0 -0.130874
63 75 0 0 0 0 0 -0.118292 0 -0.118292
74 75 0.11392 0 -1.42289 0 0 0 0 -1.30897
64 76 0 0 0 0 -0 -0.153686 -0 -0.153686
75 76 0.000992721 0 -1.10755 0 0 0 0 -1.10656
76 77 0.0553344 0 0 0 0 0 0 0.0553344
77 78 0.000334042 0 0 0 0 0 0 0.000334042
78 79 0.0347191 0 -0.851181 0 0 0 0 -0.816462
80 81 0.00410724 0 -1.31209 0 0 0 0 -1.30798
81 82 0.00909859 0 -0.899 0 0 0 0 -0.889901
82 83 0.00133998 0 -1.09669 0 0 0 0 -1.09535
83 84 0.00300113 0 -1.07588 0 0 0 0 -1.07288
84 85 0.0055068 0 -0 0 0 0 0 0.0055068
85 86 0.0218156 0 -0.808385 0 0 0 0 -0.786569
86 87 0.00362196 0 -1.29035 0 0 0 0 -1.28673
87 88 0.122228 0 -1.355 0 0 0 0 -1.23277
85 89 0 0 0 0 0 -4.15555e-14 -0 -4.15555e-14
88 89 0.019776 0 0 0 0 0 0 0.019776
85 90 0 0 0 0 0 -0.00148421 0 -0.00148421
89 90 0.0393327 0 -1.0792 0 0 0 0 -1.03987
90 91 0.00908473 0 -1.46372 0 0 0 0 -1.45464
91 92 0.0680812 0 0 0 0 0 0 0.0680812
92 93 0.0250661 0 -0.941678 0 0 0 0 -0.916612
93 94 0.0142367 0 -1.25233 0 0 0 0 -1.23809
94 95 0.0518174 0 0 0 0 0 0 0.0518174
95 96 0.0467782 0 -0 0 0 0 0 0.0467782
96 97 0.00122269 0 0 0 0 0 0 0.00122269
97 98 0.0610303 0 0 0 0 0 0 0.0610303
98 99 0.105257 0 -1.26488 0 0 0 0 -1.15963
100 101 0.0771191 0 -1.22284 0 0 0 0 -1.14572
101 102 0.0241323 0 0 0 0 0 0 0.0241323
102 103 0.00128459 0 -1.31485 0 0 0 0 -1.31356
103 104 0.0196077 0 -0.856698 0 0 0 0 -0.83709
104 105 0.065604 0 -1.11078 0 0 0 0 -1.04517
105 106 0.0327251 0 0 0 0 0 0 0.0327251
106 107 0.0075641 0 -1.00849 0 0 0 0 -1.00093
107 108 0.0303733 0 0 0 0 0 0 0.0303733
108 109 0.125812 0 -0.855506 0 0 0 0 -0.729694
109 110 0.0184489 0 -1.25319 0 0 0 0 -1.23474
110 111 0.158982 0 0 0 0 0 0 0.158982
111 112 0.0101898 0 0 0 0 0 0 0.0101898
112 113 0.013091 0 -1.35502 0 0 0 0 -1.34193
113 114 0.0831022 0 -0.853683 0 0 0 0 -0.770581
114 115 0.0246819 0 -0 0 0 0 0 0.0246819
115 116 0.00898878 0 -1.33702 0 0 0 0 -1.32803
116 117 0.00579249 0 0 0 0 0 0 0.00579249
117 118 0.0362273 0 0 0 0 0 0 0.0362273
118 119 0.00125759 0 -1.38568 0 0 0 0 -1.38442
120 121 0.0337692 0 0 0 0 0 0 0.0337692
121 122 0.17035 0 -0.660806 0 0 0 0 -0.490456
122 123 0.113813 0 -0.716009 0 0 0 0 -0.602196
123 124 0.0312135 0 0 0 0 0 0 0.0312135
124 125 0.0369434 0 -1.40735 0 0 0 0 -1.37041
125 126 0.0152861 0 -1.39457 0 0 0 0 -1.37929
126 127 0.00901719 0 -1.38056 0 0 0 0 -1.37155
127 128 0.0832222 0 -0.522826 0 0 0 0 -0.439604
128 129 0.0635348 0 -0.819779 0 0 0 0 -0.756244
129 130 0.0794867 0 -1.35224 0 0 0 0 -1.27275
130 131 0.0181362 0 -1.28189 0 0 0 0 -1.26376
131 132 0.0118667 0 -0 0 0 0 0 0.0118667
132 133 0.0531618 0 0 0 0 0 0 0.0531618
133 134 0.00789427 0 0 0 0 0 0 0.00789427
134 135 0.000859115 0 -0 0 0 0 0 0.000859115
135 136 0.0604875 0 -0 0 0 0 0 0.0604875
136 137 0.000568492 0 -1.0324 0 0 0 0 -1.03183
137 138 0.0372013 0 -1.27934 0 0 0 0 -1.24214
138 139 0.000753805 0 0 0 0 0 0 0.000753805
140 141 0.0970853 0 -1.12275 0 0 0 0 -1.02567
141 142 0.0390153 0 -1.03464 0 0 0 0 -0.995623
142 143 0.048391 0 -1.38655 0 0 0 0 -1.33816
143 144 2.70007e-05 0 -1.28924 0 0 0 0 -1.28922
144 145 0.101389 0 0 0 0 0 0 0.101389
145 146 0.0297078 0 0 0 0 0 0 0.0297078
146 147 0.0392618 0 -0 0 0 0 0 0.0392618
147 148 0.0389242 0 -0.0034229 0 0 0 0 0.0355013
148 149 0.0396144 0 0 0 0 0 0 0.0396144
149 150 0.00996478 0 -1.32552 0 0 0 0 -1.31555
150 151 0.00663907 0 0 0 0 0 0 0.00663907
151 152 0.0267566 0 -1.14909 0 0 0 0 -1.12234
152 153 0.0456217 0 -0.000198942 0 0 0 0 0.0454228
153 154 0.0251463 0 0 0 0 0 0 0.0251463
154 155 0.00287393 0 0 0 0 0 0 0.00287393
155 156 0.00601432 0 0 0 0 0 0 0.00601432
156 157 0.0704823 0 -0.916784 0 0 0 0 -0.846302
157 158 0.00202105 0 0 0 0 0 0 0.00202105
158 159 0.0028278 0 0 0 0 0 0 0.0028278
160 161 0.0102179 0 -1.00403 0 0 0 0 -0.99381
161 162 0.0151585 0 0 0 0 0 0 0.0151585
162 163 0.0750637 0 0 0 0 0 0 0.0750637
163 164 0.0954102 0 0 0 0 0 0 0.0954102
164 165 0.0120502 0 -1.45867 0 0 0 0 -1.44662
165 166 0.0547223 0 0 0 0 0 0 0.0547223
166 167 0.185932 0 -1.30595 0 0 0 0 -1.12002
167 168 0.0307119 0 -1.11355 0 0 0 0 -1.08284
168 169 0.0176366 0 -1.243 0 0 0 0 -1.22536
169 170 0.000975618 0 0 0 0 0 0 0.000975618
170 171 0.0785086 0 -0 0 0 0 0 0.0785086
171 172 1.91061e-05 0 -1.33394 0 0 0 0 -1.33392
172 173 0.0389888 0 -1.39685 0 0 0 0 -1.35786
173 174 0.0255079 0 -1.33854 0 0 0 0 -1.31303
174 175 0.00558354 0 0 0 0 0 0 0.00558354
175 176 0.0235904 0 -1.08659 0 0 0 0 -1.063
176 177 0.0592978 0 -1.05622 0 0 0 0 -0.99692
177 178 0.0171835 0 -0.845985 0 0 0 0 -0.828801
178 179 0.0704638 0 -1.27352 0 0 0 0 -1.20306
180 181 0.00629957 0 0 0 0 0 0 0.00629957
181 182 0.124971 0 0 0 0 0 0 0.124971
182 183 0.0151056 0 -0.749357 0 0 0 0 -0.734252
183 184 0.162055 0 -1.20462 0 0 0 0 -1.04257
184 185 0.00139493 0 -1.3918 0 0 0 0 -1.39041
185 186 0.000447138 0 0 0 0 0 0 0.000447138
186 187 0.0815511 0 -1.02759 0 0 0 0 -0.946043
187 188 0.424195 0 -1.07298 0 0 0 0 -0.648785
188 189 0.00383897 0 0 0 0 0 0 0.00383897
189 190 0.00305022 0 0 0 0 0 0 0.00305022
190 191 0.016743 0 0 0 0 0 0 0.016743
191 192 0.0242556 0 0 0 0 0 0 0.0242556
192 193 0.014008 0 -0 0 0 0 0 0.014008
192 194 0 0 0 0 -0 -8.11625e-08 -0 -8.11625e-08
193 194 0.0307313 0 -1.0283 0 0 0 0 -0.997565
194 195 0.111978 0 -0.948689 0 0 0 0 -0.836711
195 196 0.00989181 0 0 0 0 0 0 0.00989181
196 197 0.0345042 0 -1.27074 0 0 0 0 -1.23624
197 198 0.0367898 0 -1.1106 0 0 0 0 -1.07381
198 199 0.340901 0 0 0 0 0 0 0.340901
200 201 0.00633319 0.00392377 0 0 0 0 0 0.010257
201 202 0.058986 0 0 0 0 0 0 0.058986
202 203 0.000343047 0 -0.105638 0 0 0 0 -0.105295
203 204 0.00794851 0 -1.20387 0 0 0 0 -1.19592
204 205 0.000493236 0 -0.71414 0 0 0 0 -0.713647
205 206 0.00282834 0 -1.42385 0 0 0 0 -1.42102
206 207 0.0254275 0 0 0 0 0 0 0.0254275
207 208 0.0548848 0 -0.582908 0 0 0 0 -0.528024
208 209 0.000512287 0 -0.825058 0 0 0 0 -0.824546
209 210 0.00161786 0 -0.0223196 0 0 0 0 -0.0207017
210 211 0.011932 0 -0.901264 0 0 0 0 -0.889332
211 212 0.127316 0 -1.24629 0 0 0 0 -1.11898
212 213 0.00509084 0 -1.28924 0 0 0 0 -1.28415
213 214 0.0754308 0 -1.23741 0 0 0 0 -1.16198
214 215 0.0165804 0 -1.00483 0 0 0 0 -0.988253
215 216 0.0477829 0 -1.40527 0 0 0 0 -1.35749
216 217 0.0713059 0 -0.953257 0 0 0 0 -0.881951
217 218 0.0156798 0 -1.32474 0 0 0 0 -1.30906
218 219 0.0556962 0 -1.30166 0 0 0 0 -1.24597
220 221 0.0242599 0 0 0 0 0 0 0.0242599
221 222 0.0194939 0 0 0 0 0 0 0.0194939
222 223 0.00900669 0 -1.3418 0 0 0 0 -1.3328
223 224 0.0521072 0 0 0 0 0 0 0.0521072
224 225 0.0969385 0 -1.23281 0 0 0 0 -1.13587
225 226 0.106974 0 -1.23245 0 0 0 0 -1.12548
226 227 0.0651237 0 0 0 0 0 0 0.0651237
227 228 0.146318 0 0 0 0 0 0 0.146318
228 229 0.0212988 0 -1.31312 0 0 0 0 -1.29182
229 230 0.218249 0 -1.37226 0 0 0 0 -1.15401
230 231 0.0866166 0 -0.59577 0 0 0 0 -0.509153
231 232 0.00638921 0 -1.34604 0 0 0 0 -1.33965
232 233 0.0211454 0 -0 0 0 0 0 0.0211454
233 234 0.000829451 0 0 0 0 0 0 0.000829451
234 235 0.00992216 0 -1.05206 0 0 0 0 -1.04214
235 236 1.7764e-06 0 0 0 0 0 0 1.7764e-06
236 237 0.0190294 0 -1.24107 0 0 0 0 -1.22204
237 238 0.0625228 0 0 0 0 0 0 0.0625228
238 239 0.113826 0 -1.11641 0 0 0 0 -1.00258
240 241 0.00752136 0 0 0 0 0 0 0.00752136
241 242 0.00342379 0 0 0 0 0 0 0.00342379
242 243 0.00425374 0 0 0 0 0 0 0.00425374
243 244 0.000585283 0 -0.980515 0 0 0 0 -0.979929
244 245 0.00311105 0.00328658 -6.09681e-08 0 0 0 0 0.00639757
245 246 0.0240691 0 -1.31744 0 0 0 0 -1.29338
246 247 0.171428 0 -1.27093 0 0 0 0 -1.0995
247 248 0.0129949 0 -1.34038 0 0 0 0 -1.32738
248 249 4.73386e-07 0 -1.20182 0 0 0 0 -1.20182
249 250 1.91491e-05 0 -1.3913 0 0 0 0 -1.39128
250 251 0.00241206 0 -1.10475 0 0 0 0 -1.10234
251 252 0.0378371 0 -1.39439 0 0 0 0 -1.35655
252 253 0.0805526 0 -1.25544 0 0 0 0 -1.17488
253 254 0.0270405 0 -1.16771 0 0 0 0 -1.14067
254 255 0.00531447 0 0 0 0 0 0 0.00531447
255 256 0.000841113 0 -1.25787 0 0 0 0 -1.25702
256 257 0.00764917 0 -0.716586 0 0 0 0 -0.708936
257 258 0.000779949 0 -1.35819 0 0 0 0 -1.35741
258 259 0.0117686 0 -1.3082 0 0 0 0 -1.29643
260 261 0.112295 0 -1.24337 0 0 0 0 -1.13107
261 262 0.0548435 0 -0.182102 0 0 0 0 -0.127258
262 263 0.00250658 0 -0.879223 0 0 0 0 -0.876717
263 264 0.0019208 0 -0 0 0 0 0 0.0019208
264 265 0.0290004 0 0 0 0 0 0 0.0290004
265 266 0.171957 0 -0.919938 0 0 0 0 -0.747981
263 267 0 0 0 0 0 -0.11755 0 -0.11755
266 267 0.00559079 0 -1.27618 0 0 0 0 -1.27059
263 268 0 0 0 0 -0.155703 -0.000150581 -0 -0.155853
262 268 0 0 0 0 -0 -0.172938 0 -0.172938
267 268 0.102684 0 -1.27059 0 0 0 0 -1.1679
263 269 0 0 0 0 -0 -0.139488 0 -0.139488
262 269 0 0 0 0 -0.908358 0 -0 -0.908358
261 269 0 0 0 0 -9.10079e-18 -0.132072 0 -0.132072
268 269 0.0703168 0 -1.46101 0 0 0 0 -1.3907
262 270 0 0 0 0 -0 -0.116966 -0 -0.116966
261 270 0 0 0 0 -0.474999 0 -0 -0.474999
260 270 0 0 0 0 0 -0.0813992 0 -0.0813992
269 270 0.0369877 0 -1.13401 0 0 0 0 -1.09702
261 271 0 0 0 0 0 -0.11577 -0 -0.11577
260 271 0 0 0 0 -0 -7.32608e-05 -0 -7.32608e-05
270 271 0.227836 0 -1.03477 0 0 0 0 -0.806938
271 272 0.110884 0 -1.41381 0 0 0 0 -1.30292
272 273 4.99337e-05 0 -0 0 0 0 0 4.99337e-05
273 274 0.0567928 0 0 0 0 0 0 0.0567928
274 275 0.0349438 0 -0.865803 0 0 0 0 -0.830859
275 276 0.042291 0 -0.599462 0 0 0 0 -0.557171
276 277 0.0229593 0 0 0 0 0 0 0.0229593
277 278 0.0968845 0 -1.20282 0 0 0 0 -1.10593
278 279 0.0236063 0 -1.14281 0 0 0 0 -1.1192
280 281 0.0183246 0 -0.844275 0 0 0 0 -0.825951
281 282 0.0406997 0 -1.08497 0 0 0 0 -1.04427
282 283 0.0439672 0 -1.23647 0 0 0 0 -1.1925
283 284 0.00745129 0 0 0 0 0 0 0.00745129
284 285 0.0191402 0 0 0 0 0 0 0.0191402
285 286 0.00555747 0 0 0 0 0 0 0.00555747
286 287 0.0228347 0 -1.11182 0 0 0 0 -1.08899
287 288 0.00575618 0 -0.992068 0 0 0 0 -0.986312
288 289 0.000121806 0 0 0 0 0 0 0.000121806
288 290 0 0 0 0.0495247 0 0 0 0.0495247
289 290 0.0105802 0 0 0 0 0 0 0.0105802
290 291 0.016149 0 -0 0 0 0 0 0.016149
291 292 0.0675805 0 -0.961052 0 0 0 0 -0.893472
292 293 0.0422409 0 -1.22173 0 0 0 0 -1.17949
293 294 0.0333522 0.00172236 -0.693195 0 0 0 0 -0.65812
294 295 0.00106367 0 0 0 0 0 0 0.00106367
295 296 0.04515 0 -0.760736 0 0 0 0 -0.715586
296 297 0.121507 0 -0.904194 0 0 0 0 -0.782687
297 298 0.0215254 0 -1.25871 0 0 0 0 -1.23718
298 299 0.029209 0 0 0 0 0 0 0.029209
300 301 0.00945681 0 -0 0 0 0 0 0.00945681
301 302 0.113544 0 -0.678324 0 0 0 0 -0.56478
302 303 0.00474651 0 -1.2572 0 0 0 0 -1.25246
303 304 0.018777 0 0 0 0 0 0 0.018777
304 305 0.152413 0 -1.06109 0 0 0 0 -0.90868
305 306 0.000121373 0 0 0 0 0 0 0.000121373
306 307 0.00736429 0 0 0 0 0 0 0.00736429
307 308 0.0459481 0 0 0 0 0 0 0.0459481
308 309 0.0121907 0 -1.4506 0 0 0 0 -1.43841
309 310 0.0201533 0 -1.08641 0 0 0 0 -1.06626
310 311 0.0664628 0 0 0 0 0 0 0.0664628
311 312 2.06905e-05 0 -1.03877 0 0 0 0 -1.03875
312 313 0.0425937 0 -1.37463 0 0 0 0 -1.33204
313 314 0.00212576 0 0 0 0 0 0 0.00212576
314 315 0.020696 0 -0 0 0 0 0 0.020696
315 316 0.0282672 0 0 0 0 0 0 0.0282672
316 317 0.193792 0 -1.11689 0 0 0 0 -0.923099
317 318 0.018399 0 -1.41794 0 0 0 0 -1.39955
318 319 0.105707 0 0 0 0 0 0 0.105707
320 321 0.0737073 0 0 0 0 0 0 0.0737073
321 322 0.00260601 0 -1.34113 0 0 0 0 -1.33852
322 323 0.00188595 0 -1.11075 0 0 0 0 -1.10886
323 324 0.0956503 0 -0.85323 0 0 0 0 -0.75758
324 325 0.00941321 0 -0.978262 0 0 0 0 -0.968849
325 326 0.0424314 0 0 0 0 0 0 0.0424314
326 327 0.024846 0 -0 0 0 0 0 0.024846
327 328 0.00899551 0 -1.24333 0 0 0 0 -1.23434
328 329 0.0173666 0 -1.22406 0 0 0 0 -1.20669
329 330 0.0259428 0 0 0 0 0 0 0.0259428
330 331 0.0122112 0 -0.994316 0 0 0 0 -0.982105
331 332 0.0445341 0 0 0 0 0 0 0.0445341
332 333 0.00915199 0 0 0 0 0 0 0.00915199
333 334 0.00857624 0 0 0 0 0 0 0.00857624
334 335 0.0426345 0 -1.3665 0 0 0 0 -1.32386
335 336 0.0209272 0 -1.33539 0 0 0 0 -1.31446
336 337 0.0098747 0 -1.33423 0 0 0 0 -1.32436
337 338 0.00399042 0 -1.04982 0 0 0 0 -1.04583
338 339 0.05494 0 0 0 0 0 0 0.05494
340 341 0.0709432 0 -1.38564 0 0 0 0 -1.31469
341 342 0.00104738 0 -0.451558 0 0 0 0 -0.450511
342 343 0.23997 0 0 0 0 0 0 0.23997
343 344 0.000454932 0 -0.859358 0 0 0 0 -0.858903
344 345 0.069307 0 0 0 0 0 0 0.069307
345 346 0.00808051 0 -1.29235 0 0 0 0 -1.28427
346 347 0.0193732 0 0 0 0 0 0 0.0193732
347 348 0.0565334 0 -1.45863 0 0 0 0 -1.4021
348 349 0.13431 0 -0.76251 0 0 0 0 -0.6282
349 350 0.00733708 0 0 0 0 0 0 0.00733708
350 351 0.153379 0 0 0 0 0 0 0.153379
351 352 0.0363084 0 -0 0 0 0 0 0.0363084
352 353 0.0404434 0 0 0 0 0 0 0.0404434
353 354 0.00166777 0 -0.813923 0 0 0 0 -0.812255
354 355 0.498632 0 -0 0 0 0 0 0.498632
355 356 0.0153449 0 -1.31145 0 0 0 0 -1.29611
353 357 0 0 0 0 0 -0.0797791 0 -0.0797791
356 357 0.0481656 0 -1.03235 0 0 0 0 -0.984189
354 358 0 0 0 0 -0 -0.0366917 -0 -0.0366917
353 358 0 0 0 0 -0.702147 0 -0 -0.702147
357 358 0.000188362 0 -1.04351 0 0 0 0 -1.04332
353 359 0 0 0 0 -0 -0.0784335 0 -0.0784335
358 359 0.0272392 0 -1.42733 0 0 0 0 -1.40009
360 361 0.0520871 0 -1.2902 0 0 0 0 -1.23811
361 362 0.0418199 0 0 0 0 0 0 0.0418199
362 363 0.0216764 0 0 0 0 0 0 0.0216764
363 364 0.0916665 0 -0.741044 0 0 0 0 -0.649377
364 365 0.00298467 0 -0 0 0 0 0 0.00298467
365 366 0.0996021 0 -0.576504 0 0 0 0 -0.476902
366 367 0.0289515 0 0 0 0 0 0 0.0289515
367 368 0.00524978 0 -0 0 0 0 0 0.00524978
368 369 0.00556208 0 -1.16754 0 0 0 0 -1.16198
369 370 0.00865568 0 -1.27182 0 0 0 0 -1.26316
370 371 0.0419847 0 0 0 0 0 0 0.0419847
371 372 0.0738307 0 -0.944244 0 0 0 0 -0.870413
372 373 0.0255824 0 -1.39523 0 0 0 0 -1.36965
373 374 0.0120705 0 0 0 0 0 0 0.0120705
374 375 6.39792e-05 0 0 0 0 0 0 6.39792e-05
375 376 0.0882132 0 0 0 0 0 0 0.0882132
376 377 0.0571899 0 -0 0 0 0 0 0.0571899
376 378 0 0 0 0 -0 -0 -1.31414e-07 -1.31414e-07
377 378 0.0279048 0 0 0 0 0 0 0.0279048
378 379 0.000244305 0 0 0 0 0 0 0.000244305
380 381 0.0296515 0 -1.19974 0 0 0 0 -1.17009
381 382 0.00697142 0 -1.06942 0 0 0 0 -1.06245
382 383 0.00131368 0 -1.31472 0 0 0 0 -1.31341
383 384 0.0919243 0 0 0 0 0 0 0.0919243
384 385 0.0236574 0 -1.36645 0 0 0 0 -1.3428
385 386 0.0264748 0 -1.16639 0 0 0 0 -1.13991
386 387 0.0541881 0 0 0 0 0 0 0.0541881
387 388 0.143989 0 0 0 0 0 0 0.143989
388 389 0.0085033 0 -1.45044 0 0 0 0 -1.44194
389 390 0.00965232 0 -1.19006 0 0 0 0 -1.18041
390 391 0.00470033 0 0 0 0 0 0 0.00470033
391 392 0.0128187 0 -1.1991 0 0 0 0 -1.18628
392 393 0.0406604 0 0 0 0 0 0 0.0406604
393 394 0.00123989 0 -0 0 0 0 0 0.00123989
394 395 0.0670255 0 0 0 0 0 0 0.0670255
395 396 0.0189622 0 0 0 0 0 0 0.0189622
396 397 0.0167953 0 0 0 0 0 0 0.0167953
397 398 0.030876 0 -0 0 0 0 0 0.030876
398 399 0.0429052 0 0 0 0 0 0 0.0429052
400 401 0.0941039 0 0 0 0 0 0 0.0941039
401 402 0.0106211 0 -0 0 0 0 0 0.0106211
402 403 0.0643006 0 0 0 0 0 0 0.0643006
403 404 0.0236643 0 -1.07875 0 0 0 0 -1.05509
404 405 0.0585603 0 -1.32782 0 0 0 0 -1.26926
405 406 0.185696 0 -1.23545 0 0 0 0 -1.04975
406 407 0.00642681 0 0 0 0 0 0 0.00642681
407 408 0.0120538 0 -1.38414 0 0 0 0 -1.37208
408 409 0.0350008 0 -1.15371 0 0 0 0 -1.11871
409 410 0.152687 0 -1.12726 0 0 0 0 -0.974577
410 411 0.022701 0 -1.22504 0 0 0 0 -1.20234
411 412 0.0585365 0 -1.20708 0 0 0 0 -1.14854
411 413 0 0 0 0.0692952 0 0 0 0.0692952
412 413 0.0701394 0 -0 0 0 0 0 0.0701394
413 414 0.0350777 0 -0.78628 0 0 0 0 -0.751202
414 415 0.0276459 0 0 0 0 0 0 0.0276459
415 416 0.025163 0 0 0 0 0 0 0.025163
416 417 0.000869195 0 0 0 0 0 0 0.000869195
417 418 0.0130413 0 0 0 0 0 0 0.0130413
418 419 0.030252 0 0 0 0 0 0 0.030252
420 421 0.053735 0 0 0 0 0 0 0.053735
421 422 0.122882 0 -0 0 0 0 0 0.122882
422 423 0.0337946 0 -1.24347 0 0 0 0 -1.20967
423 424 0.0106808 0 -1.19897 0 0 0 0 -1.18829
424 425 0.0191039 0 0 0 0 0 0 0.0191039
425 426 0.11868 0 0 0 0 0 0 0.11868
426 427 0.0273478 0 -0 0 0 0 0 0.0273478
427 428 0.0234289 0 -1.03067 0 0 0 0 -1.00724
428 429 8.0679e-05 0 -0.649382 0 0 0 0 -0.649301
429 430 0.00173469 0 -0.748545 0 0 0 0 -0.74681
430 431 0.0130365 0 -1.2781 0 0 0 0 -1.26506
431 432 0.0115204 0 -1.25522 0 0 0 0 -1.2437
432 433 0.000335042 0 -0 0 0 0 0 0.000335042
433 434 0.0101398 0 0 0 0 0 0 0.0101398
434 435 2.36374e-06 0 -1.46701 0 0 0 0 -1.467
435 436 0.0923922 0 0 0 0 0 0 0.0923922
436 437 0.0899032 0 -1.41419 0 0 0 0 -1.32429
437 438 0.021845 0 0 0 0 0 0 0.021845
438 439 0.0568565 0 -1.22616 0 0 0 0 -1.1693
440 441 0.0561251 0 -1.29007 0 0 0 0 -1.23395
441 442 0.000929262 0 -0.882225 0 0 0 0 -0.881296
442 443 0.00294345 0 -0.302217 0 0 0 0 -0.299273
443 444 0.00248462 0 -1.38007 0 0 0 0 -1.37758
444 445 0.0269504 0 -0.988513 0 0 0 0 -0.961562
445 446 0.0456001 0 0 0 0 0 0 0.0456001
446 447 0.143102 0 0 0 0 0 0 0.143102
447 448 0.00123931 0 -0.842301 0 0 0 0 -0.841061
448 449 0.0438776 0 -1.17703 0 0 0 0 -1.13316
449 450 0.182982 0 -1.05543 0 0 0 0 -0.872445
450 451 0.000177995 0 -1.18854 0 0 0 0 -1.18837
451 452 0.0198379 0 -1.23898 0 0 0 0 -1.21915
452 453 0.0153383 0 0 0 0 0 0 0.0153383
453 454 0.00884711 0 0 0 0 0 0 0.00884711
454 455 0.499215 0 -0.969505 0 0 0 0 -0.47029
455 456 0.0617453 0 -1.21594 0 0 0 0 -1.15419
456 457 0.00984304 0 -1.31755 0 0 0 0 -1.30771
457 458 0.0030104 0 -0.980247 0 0 0 0 -0.977237
458 459 0.0380642 0 -0.436267 0 0 0 0 -0.398203
460 461 0.0300803 0 -1.41398 0 0 0 0 -1.3839
461 462 0.189436 0 0 0 0 0 0 0.189436
462 463 0.00414572 0 -0.811082 0 0 0 0 -0.806936
463 464 0.096522 0 0 0 0 0 0 0.096522
464 465 0.0398398 0 0 0 0 0 0 0.0398398
465 466 0.0178765 0 0 0 0 0 0 0.0178765
466 467 0.0150589 0 -0.987902 0 0 0 0 -0.972843
467 468 0.0340838 0 -1.13554 0 0 0 0 -1.10146
468 469 0.133847 0 -1.21246 0 0 0 0 -1.07861
469 470 0.0767716 0 0 0 0 0 0 0.0767716
470 471 0.000199468 0 -0 0 0 0 0 0.000199468
471 472 0.0591949 0 -1.41219 0 0 0 0 -1.353
472 473 0.196337 0 -1.08207 0 0 0 0 -0.885731
473 474 3.59321e-05 0 -1.27829 0 0 0 0 -1.27825
474 475 0.119796 0 -0 0 0 0 0 0.119796
475 476 0.0321178 0 -1.27546 0 0 0 0 -1.24334
476 477 0.0203365 0 -1.18948 0 0 0 0 -1.16914
477 478 0.025606 0 0 0 0 0 0 0.025606
478 479 0.00554027 0 0 0 0 0 0 0.00554027
480 481 0.131703 0 0 0 0 0 0 0.131703
481 482 0.00521016 0 -1.30106 0 0 0 0 -1.29585
482 483 0.0789195 0 0 0 0 0 0 0.0789195
483 484 0.0631171 0 -1.13643 0 0 0 0 -1.07331
484 485 0.0222479 0 -0 0 0 0 0 0.0222479
485 486 0.00415153 0 0 0 0 0 0 0.00415153
486 487 0.0082014 0 -1.35521 0 0 0 0 -1.34701
487 488 0.120265 0 -1.05862 0 0 0 0 -0.938359
488 489 0.00252886 0 0 0 0 0 0 0.00252886
489 490 0.308876 0 -0 0 0 0 0 0.308876
490 491 0.00954711 0 0 0 0 0 0 0.00954711
491 492 0.157491 0 -1.3507 0 0 0 0 -1.19321
492 493 0.0004475 0 -1.10516 0 0 0 0 -1.10471
493 494 5.21796e-05 0 0 0 0 0 0 5.21796e-05
494 495 0.00465108 0 -1.22581 0 0 0 0 -1.22116
494 496 0 0 0 0.0599138 0 -0 0 0.0599138
495 496 0.0037154 0 -0 0 0 0 0 0.0037154
496 497 0.0949342 0 0 0 0 0 0 0.0949342
497 498 0.00392445 0 -1.27705 0 0 0 0 -1.27312
498 499 0.000237793 0 -1.34019 0 0 0 0 -1.33996
500 501 0.00373617 0 -1.14018 0 0 0 0 -1.13644
501 502 0.432726 0 -1.28198 0 0 0 0 -0.849251
502 503 0.0531555 0 -1.1414 0 0 0 0 -1.08824
503 504 0.0340831 0 0 0 0 0 0 0.0340831
504 505 0.0561598 0 -0.977338 0 0 0 0 -0.921179
505 506 0.0544277 0 -1.4208 0 0 0 0 -1.36637
506 507 0.00773845 0 0 0 0 0 0 0.00773845
507 508 0.180963 0 -1.1854 0 0 0 0 -1.00443
508 509 0.0966762 0 0 0 0 0 0 0.0966762
509 510 0.0129411 0 0 0 0 0 0 0.0129411
510 511 0.0024584 0 -1.41041 0 0 0 0 -1.40796
511 512 0.0322233 0 0 0 0 0 0 0.0322233
512 513 0.00434668 0 -0.99302 0 0 0 0 -0.988673
513 514 8.99973e-06 0 -1.39451 0 0 0 0 -1.39451
514 515 0.0415676 0 0 0 0 0 0 0.0415676
515 516 0.00113615 0 -0.772779 0 0 0 0 -0.771643
516 517 0.00395554 0 -1.09823 0 0 0 0 -1.09427
516 518 0 0 0 0 -0 -6.57636e-10 0 -6.57636e-10
517 518 0.0223471 0 -1.08333 0 0 0 0 -1.06098
518 519 0.0744242 0 0 0 0 0 0 0.0744242
520 521 0.00179021 0 0 0 0 0 0 0.00179021
521 522 0.046889 0 -0.968785 0 0 0 0 -0.921896
522 523 0.0234087 0 -1.11244 0 0 0 0 -1.08903
523 524 0.0614065 0 -0 0 0 0 0 0.0614065
524 525 0.123419 0 -3.34235e-05 0 0 0 0 0.123385
525 526 0.0465528 0 -1.37773 0 0 0 0 -1.33117
526 527 0.0121589 0 -1.28998 0 0 0 0 -1.27783
527 528 0.0320961 0 -0 0 0 0 0 0.0320961
528 529 0.0180379 0 -1.31273 0 0 0 0 -1.29469
529 530 0.0508783 0 0 0 0 0 0 0.0508783
530 531 0.000291609 0 0 0 0 0 0 0.000291609
531 532 0.00215658 0 -0 0 0 0 0 0.00215658
532 533 0.000142877 0 0 0 0 0 0 0.000142877
533 534 0.00170744 0 -1.2046 0 0 0 0 -1.2029
534 535 0.0311051 0 0 0 0 0 0 0.0311051
535 536 0.301928 0 -1.25016 0 0 0 0 -0.94823
536 537 0.115245 0 0 0 0 0 0 0.115245
537 538 0.0812851 0 -1.18272 0 0 0 0 -1.10144
538 539 0.0210808 0 0 0 0 0 0 0.0210808
540 541 0.0157247 0 -0.67443 0 0 0 0 -0.658705
540 542 0 0 0 0 0 -1.02115e-06 0 -1.02115e-06
541 542 0.0374091 0 -1.31948 0 0 0 0 -1.28207
542 543 0.00516245 0 -1.20344 0 0 0 0 -1.19828
543 544 0.00168875 0 0 0 0 0 0 0.00168875
544 545 0.151582 0 -1.04435 0 0 0 0 -0.892772
545 546 0.00540691 0 0 0 0 0 0 0.00540691
546 547 0.090495 0 -1.39693 0 0 0 0 -1.30644
547 548 0.00714553 0 0 0 0 0 0 0.00714553
548 549 0.00144378 0 -0.853963 0 0 0 0 -0.852519
549 550 0.0159947 0 -1.11747 0 0 0 0 -1.10148
550 551 0.0278297 0 -0.927429 0 0 0 0 -0.899599
551 552 0.0773356 0 0 0 0 0 0 0.0773356
552 553 0.0443469 0 -0 0 0 0 0 0.0443469
553 554 0.000698895 0 -0 0 0 0 0 0.000698895
554 555 0.105844 0 0 0 0 0 0 0.105844
555 556 0.165036 0 -1.32742 0 0 0 0 -1.16238
556 557 0.032413 0 0 0 0 0 0 0.032413
557 558 0.0515311 0 -1.25818 0 0 0 0 -1.20665
558 559 0.0395831 0 -1.24792 0 0 0 0 -1.20834
560 561 4.37097e-06 0 -1.25934 0 0 0 0 -1.25934
561 562 0.0234645 0 -1.34653 0 0 0 0 -1.32306
562 563 0.00365539 0 -1.03708 0 0 0 0 -1.03342
563 564 6.31484e-05 0 -1.29736 0 0 0 0 -1.2973
564 565 0.00505577 0 0 0 0 0 0 0.00505577
565 566 0.00469475 0 0 0 0 0 0 0.00469475
566 567 0.160784 0 -0.963103 0 0 0 0 -0.802319
567 568 0.00117372 0 0 0 0 0 0 0.00117372
568 569 0.0121969 0 0 0 0 0 0 0.0121969
569 570 0.0538527 0 -1.30826 0 0 0 0 -1.25441
570 571 0.0481183 0 0 0 0 0 0 0.0481183
571 572 2.56066e-06 0 0 0 0 0 0 2.56066e-06
572 573 0.0437513 0 -1.00682 0 0 0 0 -0.963073
573 574 1.20654e-05 0 0 0 0 0 0 1.20654e-05
574 575 6.4499e-06 0 0 0 0 0 0 6.4499e-06
575 576 0.113209 0 0 0 0 0 0 0.113209
576 577 0.230676 0 -1.32671 0 0 0 0 -1.09603
577 578 0.00241703 0 -1.14909 0 0 0 0 -1.14667
578 579 0.00279299 0 -1.27029 0 0 0 0 -1.2675
580 581 0.192791 0 0 0 0 0 0 0.192791
581 582 0.0266361 0 0 0 0 0 0 0.0266361
582 583 0.0431294 0 0 0 0 0 0 0.0431294
583 584 0.00340711 0 -1.14729 0 0 0 0 -1.14388
584 585 0.0416475 0 -1.15301 0 0 0 0 -1.11136
585 586 0.0141355 0 -1.39187 0 0 0 0 -1.37773
586 587 0.0510049 0 -0 0 0 0 0 0.0510049
587 588 0.0369043 0 0 0 0 0 0 0.0369043
588 589 0.0163177 0.0512502 -0 0 0 0 0 0.0675679
589 590 0.00510683 0 0 0 0 0 0 0.00510683
590 591 0.102552 0 0 0 0 0 0 0.102552
591 592 0.0441358 0 0 0 0 0 0 0.0441358
592 593 0.0264858 0 0 0 0 0 0 0.0264858
593 594 0.000360126 0 -0.891318 0 0 0 0 -0.890958
594 595 0.0298648 0 -0.775399 0 0 0 0 -0.745534
595 596 0.0292537 0 -0.885119 0 0 0 0 -0.855866
596 597 0.00425159 0 0 0 0 0 0 0.00425159
597 598 0.000478409 0 0 0 0 0 0 0.000478409
598 599 0.0131039 0 0 0 0 0 0 0.0131039
600 601 0.0868889 0 -1.2193 0 0 0 0 -1.13241
601 602 0.0127727 0 0 0 0 0 0 0.0127727
602 603 0.0628349 0 -0.645672 0 0 0 0 -0.582837
603 604 0.0989544 0 0 0 0 0 0 0.0989544
604 605 0.00144991 0 -1.10639 0 0 0 0 -1.10494
605 606 0.00170648 0 -1.05361 0 0 0 0 -1.0519
606 607 0.0893775 0 0 0 0 0 0 0.0893775
607 608 0.000467077 0 -1.27197 0 0 0 0 -1.27151
608 609 0.0116954 0 -1.30513 0 0 0 0 -1.29343
609 610 0.0104114 0 0 0 0 0 0 0.0104114
610 611 0.313701 0 0 0 0 0 0 0.313701
611 612 0.158001 0 -1.03006 0 0 0 0 -0.872062
612 613 0.0479017 0 0 0 0 0 0 0.0479017
613 614 0.00882647 0 0 0 0 0 0 0.00882647
614 615 0.0292922 0 -0.614553 0 0 0 0 -0.585261
615 616 0.000344899 0 -0.595617 0 0 0 0 -0.595273
616 617 0.00495424 0 0 0 0 0 0 0.00495424
617 618 0.0846384 0 -1.37236 0 0 0 0 -1.28773
618 619 0.0573821 0 -0.658653 0 0 0 0 -0.601271
620 621 0.00694698 0 -1.40145 0 0 0 0 -1.3945
621 622 4.23256e-05 0 -1.17393 0 0 0 0 -1.17388
622 623 0.0707073 0 -1.41521 0 0 0 0 -1.34451
623 624 0.00223448 0 -1.30616 0 0 0 0 -1.30393
624 625 0.0637083 0 -1.03101 0 0 0 0 -0.967298
625 626 0.0412981 0 -1.05641 0 0 0 0 -1.01511
626 627 0.0723346 0 -1.1947 0 0 0 0 -1.12236
627 628 0.00656765 0 -0.989727 0 0 0 0 -0.983159
628 629 0.00380371 0 0 0 0 0 0 0.00380371
629 630 0.0329853 0 -1.34785 0 0 0 0 -1.31486
628 631 0 0 0 0 -0 -0.00138749 -0 -0.00138749
627 631 0 0 0 0 -0 -0.0945912 0 -0.0945912
630 631 0.0531543 0 -1.25652 0 0 0 0 -1.20336
628 632 0 0 0 0 -0 -0.078952 0 -0.078952
627 632 0 0 0 0 -0.705426 0 -0 -0.705426
626 632 0 0 0 0 -8.1776e-31 -0.0981721 0 -0.0981721
631 632 0.328016 0 -1.19701 0 0 0 0 -0.868994
627 633 0 0 0 0 -0 -0.16758 0 -0.16758
626 633 0 0 0 0 -0.660432 0 -0 -0.660432
625 633 0 0 0 0 -1.18816e-27 -0.0919345 0 -0.0919345
632 633 0.00725317 0 -1.35489 0 0 0 0 -1.34764
626 634 0 0 0 0 -0 -0.112326 0 -0.112326
625 634 0 0 0 0 -0.731116 0 -0 -0.731116
624 634 0 0 0 0 0 -0.108013 0 -0.108013
633 634 1.33611e-06 0 -1.18344 0 0 0 0 -1.18344
625 635 0 0 0 0 0 -0.066348 0 -0.066348
624 635 0 0 0 0 -0.576172 0 -0 -0.576172
623 635 0 0 0 0 0 -0.106226 0 -0.106226
634 635 0.0157637 0 -0.920974 0 0 0 0 -0.90521
624 636 0 0 0 0 0 -0.150173 0 -0.150173
622 636 0 0 0 0 0 -0.0853637 -0 -0.0853637
635 636 0.0414134 0 -1.25821 0 0 0 0 -1.21679
623 637 0 0 0 0 0 -0.111562 0 -0.111562
622 637 0 0 0 0 -0.79017 0 -0 -0.79017
621 637 0 0 0 0 0 -0.176409 0 -0.176409
636 637 0.042495 0 -0.655192 0 0 0 0 -0.612697
622 638 0 0 0 0 0 -0.0399487 0 -0.0399487
621 638 0 0 0 0 -0.575041 0 -0 -0.575041
620 638 0 0 0 0 -0 -0.079178 0 -0.079178
637 638 0.113777 0 -0.787715 0 0 0 0 -0.673937
621 639 0 0 0 0 -0 -0.163478 0 -0.163478
620 639 0 0 0 0 -0.700639 0 -0 -0.700639
638 639 0.0185102 0 -1.02095 0 0 0 0 -1.00244
640 641 0.0013086 0 0 0 0 0 0 0.0013086
641 642 0.0541962 0 0 0 0 0 0 0.0541962
642 643 0.0127845 0 -1.18289 0 0 0 0 -1.17011
643 644 0.00038006 0 -1.03972 0 0 0 0 -1.03934
644 645 0.0218646 0 -1.35118 0 0 0 0 -1.32932
645 646 0.0474451 0 0 0 0 0 0 0.0474451
646 647 0.041507 0 0 0 0 0 0 0.041507
647 648 0.0325698 0 0 0 0 0 0 0.0325698
648 649 0.294172 0 0 0 0 0 0 0.294172
649 650 0.00315268 0 -0 0 0 0 0 0.00315268
650 651 0.048063 0 -0.999365 0 0 0 0 -0.951302
651 652 0.0146336 0 0 0 0 0 0 0.0146336
652 653 0.00701251 0 -1.07943 0 0 0 0 -1.07241
653 654 0.0636116 0 -0 0 0 0 0 0.0636116
654 655 0.130372 0 -0.898561 0 0 0 0 -0.768189
655 656 0.0136269 0 -1.01967 0 0 0 0 -1.00604
656 657 0.0423376 0 -0.929122 0 0 0 0 -0.886785
657 658 0.0106684 0 -1.21501 0 0 0 0 -1.20434
658 659 0.0259168 0 0 0 0 0 0 0.0259168
660 661 0.0255919 0 0 0 0 0 0 0.0255919
661 662 0.0225008 0 0 0 0 0 0 0.0225008
662 663 0.00351077 0 0 0 0 0 0 0.00351077
663 664 0.0539193 0 -1.4138 0 0 0 0 -1.35988
664 665 0.0155052 0 -1.04801 0 0 0 0 -1.03251
665 666 0.0258534 0 0 0 0 0 0 0.0258534
666 667 0.35351 0 0 0 0 0 0 0.35351
667 668 0.0870251 0 0 0 0 0 0 0.0870251
668 669 0.366718 0 -1.43447 0 0 0 0 -1.06775
669 670 0.262689 0 -0.496768 0 0 0 0 -0.234078
670 671 0.0141514 0 0 0 0 0 0 0.0141514
671 672 0.112545 0 0 0 0 0 0 0.112545
672 673 0.0639702 0 0 0 0 0 0 0.0639702
673 674 0.0564832 0 0 0 0 0 0 0.0564832
674 675 0.0810721 0 0 0 0 0 0 0.0810721
675 676 0.0032177 0 0 0 0 0 0 0.0032177
676 677 0.0663032 0 -1.13383 0 0 0 0 -1.06753
677 678 0.0072245 0 -1.20419 0 0 0 0 -1.19696
678 679 0.0766095 0 0 0 0 0 0 0.0766095
680 681 0.0542329 0 -1.3141 0 0 0 0 -1.25987
681 682 0.571414 0 -0.815689 0 0 0 0 -0.244275
682 683 0.179739 0 -1.04171 0 0 0 0 -0.86197
683 684 0.0186708 0 -1.40183 0 0 0 0 -1.38315
684 685 0.0148635 0 -0.716067 0 0 0 0 -0.701203
685 686 0.0301452 0 -1.23204 0 0 0 0 -1.2019
686 687 0.00208408 0 -1.28515 0 0 0 0 -1.28307
687 688 0.0382597 0 -1.0538 0 0 0 0 -1.01554
688 689 0.000422999 0 0 0 0 0 0 0.000422999
689 690 0.277557 0 0 0 0 0 0 0.277557
690 691 0.281393 0 0 0 0 0 0 0.281393
691 692 0.000940457 0 -1.3745 0 0 0 0 -1.37356
692 693 0.142332 0 -0 0 0 0 0 0.142332
693 694 0.000824236 0 -0 0 0 0 0 0.000824236
694 695 0.00241961 0 0 0 0 0 0 0.00241961
695 696 0.16232 0 0 0 0 0 0 0.16232
696 697 0.0302396 0 -1.1854 0 0 0 0 -1.15516
697 698 2.21371e-05 0 -1.18606 0 0 0 0 -1.18604
698 699 0.0200082 0 -1.29737 0 0 0 0 -1.27737
700 701 0.0406122 0 0 0 0 0 0 0.0406122
701 702 0.0196505 0 0 0 0 0 0 0.0196505
702 703 0.0304592 0 -0.953547 0 0 0 0 -0.923088
703 704 0.0126023 0 -0.536318 0 0 0 0 -0.523716
704 705 0.0937341 0 -0.0011732 0 0 0 0 0.0925609
705 706 3.41898e-05 0 -1.33778 0 0 0 0 -1.33774
706 707 0.002277 0 -1.15899 0 0 0 0 -1.15671
707 708 0.0473535 0 -1.28912 0 0 0 0 -1.24177
708 709 0.0861984 0 0 0 0 0 0 0.0861984
709 710 0.0011118 0 -1.10102 0 0 0 0 -1.0999
710 711 0.0472252 0 0 0 0 0 0 0.0472252
711 712 0.183752 0 -1.17746 0 0 0 0 -0.993706
712 713 0.00079916 0 -1.24161 0 0 0 0 -1.24081
713 714 0.0695291 0 -1.31791 0 0 0 0 -1.24838
714 715 0.000732453 0 -0.92409 0 0 0 0 -0.923358
715 716 0.000195205 0 -1.14149 0 0 0 0 -1.1413
716 717 0.00299137 0 -0.79029 0 0 0 0 -0.787298
717 718 0.0483246 0 -0.427783 0 0 0 0 -0.379458
718 719 0.000404986 0 -0.974185 0 0 0 0 -0.97378
720 721 0.0182271 0 -1.0792 0 0 0 0 -1.06097
721 722 0.0822913 0 0 0 0 0 0 0.0822913
722 723 0.00491435 0 0 0 0 0 0 0.00491435
723 724 0.00458974 0 -1.17029 0 0 0 0 -1.1657
724 725 0.00494077 0 -0.79918 0 0 0 0 -0.794239
725 726 0.00126668 0 -1.31099 0 0 0 0 -1.30972
726 727 0.00651008 0 -1.05098 0 0 0 0 -1.04447
727 728 7.20744e-06 0 0 0 0 0 0 7.20744e-06
728 729 0.037884 0 -1.09048 0 0 0 0 -1.0526
727 730 0 0 0 0 0 -0.0403486 0 -0.0403486
729 730 0.200945 0 -1.41564 0 0 0 0 -1.21469
727 731 0 0 0 0 -0.00102176 0 -0 -0.00102176
726 731 0 0 0 0 -0 -0.149374 0 -0.149374
730 731 0.0131385 0 -0.8485 0 0 0 0 -0.835362
727 732 0 0 0 0 -0 -0.068746 -0 -0.068746
726 732 0 0 0 0 -0.824457 0 -0 -0.824457
725 732 0 0 0 0 -0 -0.165843 0 -0.165843
731 732 0.0618844 0 -1.21529 0 0 0 0 -1.1534
731 733 0 0 0 0.024774 0 0 0 0.024774
732 733 0.0162662 0 0 0 0 0 0 0.0162662
733 734 0.183627 0 0 0 0 0 0 0.183627
734 735 0.0188719 0 -0 0 0 0 0 0.0188719
735 736 0.0757696 0 0 0 0 0 0 0.0757696
736 737 0.00919457 0 -1.12614 0 0 0 0 -1.11695
737 738 0.00357267 0 0 0 0 0 0 0.00357267
738 739 0.0481741 0 -1.30675 0 0 0 0 -1.25858
740 741 0.000713805 0 -1.31304 0 0 0 0 -1.31233
741 742 0.0699382 0 -1.20733 0 0 0 0 -1.13739
742 743 0.0698 0 -1.19827 0 0 0 0 -1.12847
743 744 0.146274 0 -1.03552 0 0 0 0 -0.88925
742 745 0 0 0 0 0 -0.000735548 -0 -0.000735548
741 745 0 0 0 0 -0 -0.0947096 0 -0.0947096
744 745 0.0121479 0 -0 0 0 0 0 0.0121479
742 746 0 0 0 0 0 -0.118178 0 -0.118178
741 746 0 0 0 0 -0.557047 0 -0 -0.557047
740 746 0 0 0 0 -2.16008e-31 -0.124776 0 -0.124776
745 746 0.0489633 0 -0.8293 0 0 0 0 -0.780337
741 747 0 0 0 0 -0 -0.158203 0 -0.158203
740 747 0 0 0 0 -0.554777 0 -0 -0.554777
746 747 0.027865 0 -1.22017 0 0 0 0 -1.1923
740 748 0 0 0 0 -0 -0.0688605 0 -0.0688605
747 748 0.119535 0 -1.04338 0 0 0 0 -0.923847
748 749 5.49448e-05 0 0 0 0 0 0 5.49448e-05
749 750 0.00416341 0 0 0 0 0 0 0.00416341
750 751 0.0755176 0 0 0 0 0 0 0.0755176
751 752 0.0530561 0 -0.899972 0 0 0 0 -0.846916
752 753 0.0111503 0 -1.03039 0 0 0 0 -1.01924
753 754 0.126439 0 -1.13833 0 0 0 0 -1.01189
754 755 0.0920459 0 -0 0 0 0 0 0.0920459
755 756 0.00761569 0 -0 0 0 0 0 0.00761569
756 757 0.0503162 0 0 0 0 0 0 0.0503162
755 758 0 0 0 0 0 -2.75774e-05 -0 -2.75774e-05
757 758 0.000885821 0 0 0 0 0 0 0.000885821
758 759 0.160221 0 0 0 0 0 0 0.160221
760 761 0.0124598 0 -1.04766 0 0 0 0 -1.0352
761 762 0.00233669 0 -0 0 0 0 0 0.00233669
762 763 0.00021623 0 -1.29816 0 0 0 0 -1.29795
763 764 0.016747 0 -1.00813 0 0 0 0 -0.991388
764 765 0.00146424 0 -1.04642 0 0 0 0 -1.04496
765 766 0.072292 0 -1.40825 0 0 0 0 -1.33596
766 767 0.119436 0 -0.914104 0 0 0 0 -0.794668
767 768 0.047906 0 -1.08302 0 0 0 0 -1.03511
768 769 0.0506316 0 0 0 0 0 0 0.0506316
769 770 0.00115756 0 -1.36884 0 0 0 0 -1.36768
770 771 0.0288027 0 -1.28868 0 0 0 0 -1.25988
771 772 0.0169874 0 0 0 0 0 0 0.0169874
772 773 0.010185 0 -0 0 0 0 0 0.010185
773 774 0.075031 0 -1.22425 0 0 0 0 -1.14922
774 775 0.101528 0 0 0 0 0 0 0.101528
775 776 0.00106754 0 0 0 0 0 0 0.00106754
776 777 0.0179714 0 -1.29977 0 0 0 0 -1.2818
777 778 0.0722355 0 -1.22551 0 0 0 0 -1.15328
778 779 0.024619 0 -1.23458 0 0 0 0 -1.20996
780 781 0.00594163 0 0 0 0 0 0 0.00594163
781 782 0.162041 0 0 0 0 0 0 0.162041
782 783 0.00709069 0 -1.10321 0 0 0 0 -1.09612
783 784 0.00389521 0 -1.15285 0 0 0 0 -1.14895
784 785 1.99538e-05 0 -1.35665 0 0 0 0 -1.35663
785 786 0.0326697 0 -1.39515 0 0 0 0 -1.36248
786 787 0.00718932 0 0 0 0 0 0 0.00718932
787 788 0.0818034 0 0 0 0 0 0 0.0818034
788 789 0.0315645 0 0 0 0 0 0 0.0315645
789 790 0.0469002 0 -1.43537 0 0 0 0 -1.38847
790 791 0.0369258 0 -1.18637 0 0 0 0 -1.14945
791 792 0.0332897 0 0 0 0 0 0 0.0332897
792 793 0.00299401 0 -1.083 0 0 0 0 -1.08001
793 794 0.0443298 0 -1.15451 0 0 0 0 -1.11018
794 795 0.0353232 0 0 0 0 0 0 0.0353232
795 796 0.0024398 0 -1.33178 0 0 0 0 -1.32934
796 797 0.0437773 0 -1.32698 0 0 0 0 -1.2832
797 798 0.0308702 0 0 0 0 0 0 0.0308702
798 799 0.166379 0 -1.19869 0 0 0 0 -1.03231
800 801 0.035384 0 0 0 0 0 0 0.035384
801 802 0.0622016 0 0 0 0 0 0 0.0622016
802 803 0.0561257 0 -1.04263 0 0 0 0 -0.986506
803 804 0.126179 0 -1.42062 0 0 0 0 -1.29444
804 805 0.00983334 0 -0.7456 0 0 0 0 -0.735766
805 806 0.01317 0 0 0 0 0 0 0.01317
806 807 0.0358406 0.0427865 -0.948812 0 0 0 0 -0.870185
807 808 0.309449 0 0 0 0 0 0 0.309449
808 809 0.0614291 0 0 0 0 0 0 0.0614291
809 810 0.0387437 0 -0.992564 0 0 0 0 -0.953821
810 811 0.0262226 0 -1.11945 0 0 0 0 -1.09322
811 812 0.00513823 0 -1.18954 0 0 0 0 -1.1844
812 813 0.124008 0 0 0 0 0 0 0.124008
813 814 0.155386 0 0 0 0 0 0 0.155386
814 815 0.226239 0 -1.28367 0 0 0 0 -1.05743
815 816 0.0266825 0 -1.082 0 0 0 0 -1.05532
816 817 0.0192881 0 0 0 0 0 0 0.0192881
817 818 0.138474 0 0 0 0 0 0 0.138474
818 819 0.0830297 0 0 0 0 0 0 0.0830297
820 821 0.0173888 0 0 0 0 0 0 0.0173888
821 822 0.00435644 0 0 0 0 0 0 0.00435644
822 823 0.00220632 0 -1.2401 0 0 0 0 -1.2379
823 824 0.00117171 0 -1.32359 0 0 0 0 -1.32241
824 825 0.140906 0 -1.26114 0 0 0 0 -1.12024
825 826 0.0519194 0 0 0 0 0 0 0.0519194
826 827 0.00648521 0 0 0 0 0 0 0.00648521
827 828 0.0257682 0 -1.20489 0 0 0 0 -1.17912
828 829 0.0195024 0 -1.01187 0 0 0 0 -0.992371
829 830 0.0211229 0 -1.2149 0 0 0 0 -1.19377
830 831 0.035251 0 -1.39908 0 0 0 0 -1.36383
831 832 0.0384715 0 -1.29033 0 0 0 0 -1.25186
832 833 0.00733788 0.19349 -0 0 0 0 0 0.200828
830 834 0 0 0 0 -0 -0.00209354 -0 -0.00209354
829 834 0 0 0 0 0 -0.174006 0 -0.174006
833 834 0.104838 0 -1.31051 0 0 0 0 -1.20567
829 835 0 0 0 0 -0.63543 0 -0 -0.63543
828 835 0 0 0 0 0 -0.108579 0 -0.108579
834 835 0.0668701 0 -1.42546 0 0 0 0 -1.35859
829 836 0 0 0 0 0 -0.168874 0 -0.168874
828 836 0 0 0 0 -0.811128 0 -0 -0.811128
827 836 0 0 0 0 0 -0.118645 0 -0.118645
835 836 0.021731 0 -1.04716 0 0 0 0 -1.02543
828 837 0 0 0 0 -0 -0.133717 -0 -0.133717
827 837 0 0 0 0 0 -0.00106925 -0 -0.00106925
836 837 0.00491512 0 -1.43661 0 0 0 0 -1.4317
828 838 0 0 0 0 0 -1.86058e-06 0 -1.86058e-06
827 838 0 0 0 0 -0 -4.8733e-05 -0 -4.8733e-05
837 838 5.92651e-05 0 -0.691021 0 0 0 0 -0.690962
838 839 0.0374453 0 -0 0 0 0 0 0.0374453
840 841 0.0714079 0 -1.1179 0 0 0 0 -1.04649
841 842 0.0762648 0 -1.3063 0 0 0 0 -1.23003
842 843 0.071586 0 -0.99411 0 0 0 0 -0.922524
843 844 0.0571581 0 -1.35106 0 0 0 0 -1.2939
844 845 0.0217463 0 -0 0 0 0 0 0.0217463
845 846 0.00575874 0 -0.805227 0 0 0 0 -0.799468
846 847 0.106792 0 0 0 0 0 0 0.106792
847 848 0.110627 0 -0 0 0 0 0 0.110627
848 849 0.0575926 0 0 0 0 0 0 0.0575926
849 850 0.00721406 0 0 0 0 0 0 0.00721406
850 851 0.101583 0 -1.23736 0 0 0 0 -1.13578
851 852 0.127793 0 0 0 0 0 0 0.127793
852 853 0.0053638 0 0 0 0 0 0 0.0053638
853 854 5.7192e-05 0 0 0 0 0 0 5.7192e-05
854 855 0.0045687 0 0 0 0 0 0 0.0045687
855 856 0.184726 0 0 0 0 0 0 0.184726
856 857 0.00365579 0 -1.03802 0 0 0 0 -1.03437
857 858 0.0442801 0 -0.974003 0 0 0 0 -0.929723
858 859 0.00365166 0 -0 0 0 0 0 0.00365166
860 861 0.0946076 0 -1.0323 0 0 0 0 -0.937694
861 862 0.0132461 0 -1.12951 0 0 0 0 -1.11626
862 863 0.399986 0 0 0 0 0 0 0.399986
863 864 0.000830231 0 -1.00448 0 0 0 0 -1.00365
864 865 0.188302 0 -1.24337 0 0 0 0 -1.05506
865 866 0.0424084 0 -0.867452 0 0 0 0 -0.825043
866 867 0.0674665 0 -1.23843 0 0 0 0 -1.17097
867 868 0.11143 0 -1.03757 0 0 0 0 -0.926139
868 869 0.0060836 0 -1.05884 0 0 0 0 -1.05275
869 870 0.00141716 0 -1.24344 0 0 0 0 -1.24202
870 871 0.0325678 0 0 0 0 0 0 0.0325678
871 872 0.0316224 0 -1.41095 0 0 0 0 -1.37933
872 873 0.0015832 0 0 0 0 0 0 0.0015832
873 874 0.0310333 0 -1.24653 0 0 0 0 -1.2155
874 875 0.00657491 0 -1.09118 0 0 0 0 -1.08461
875 876 0.0228105 0 -1.13147 0 0 0 0 -1.10866
876 877 4.67144e-05 0 -1.3497 0 0 0 0 -1.34965
877 878 0.000291348 0 0 0 0 0 0 0.000291348
878 879 0.00092593 0 -0.802064 0 0 0 0 -0.801138
880 881 0.00879301 0 -0.923168 0 0 0 0 -0.914375
881 882 0.000561443 0 -1.18354 0 0 0 0 -1.18298
882 883 0.000718349 0 0 0 0 0 0 0.000718349
883 884 0.139836 0 -1.34369 0 0 0 0 -1.20386
884 885 0.00117519 0 0 0 0 0 0 0.00117519
885 886 0.362407 0 0 0 0 0 0 0.362407
886 887 0.236074 0 0 0 0 0 0 0.236074
887 888 0.00169897 0 -1.00686 0 0 0 0 -1.00516
888 889 0.0908207 0 -1.24566 0 0 0 0 -1.15484
889 890 0.0120921 0 -0.973904 0 0 0 0 -0.961812
890 891 0.00176453 0 -1.22645 0 0 0 0 -1.22468
891 892 0.152205 0 -1.39894 0 0 0 0 -1.24674
892 893 0.0510987 0 0 0 0 0 0 0.0510987
893 894 0.00265521 0 0 0 0 0 0 0.00265521
894 895 0.00179927 0 0 0 0 0 0 0.00179927
895 896 0.0256539 0 -0 0 0 0 0 0.0256539
894 897 0 0 0 0 0 -2.46855e-05 -0 -2.46855e-05
896 897 0.0196557 0 -1.26782 0 0 0 0 -1.24816
894 898 0 0 0 0 0 -1.19475e-08 -0 -1.19475e-08
897 898 0.25207 0 -1.19826 0 0 0 0 -0.946191
898 899 0.1076 0 -1.33711 0 0 0 0 -1.22951
900 901 0.000865677 0 0 0 0 0 0 0.000865677
901 902 0.0768852 0 -1.37484 0 0 0 0 -1.29795
902 903 0.0257272 0 -0.786462 0 0 0 0 -0.760735
903 904 0.00881525 0 0 0 0 0 0 0.00881525
904 905 0.00147203 0 -1.15626 0 0 0 0 -1.15479
905 906 0.172231 0 -1.18169 0 0 0 0 -1.00946
906 907 0.00832481 0 -1.21402 0 0 0 0 -1.2057
907 908 0.0907614 0 0 0 0 0 0 0.0907614
908 909 0.00292296 0 -1.1208 0 0 0 0 -1.11788
909 910 0.000398146 0 -0.702105 0 0 0 0 -0.701707
910 911 0.00809842 0 0 0 0 0 0 0.00809842
911 912 0.024224 0 -0 0 0 0 0 0.024224
912 913 0.0424352 0 -1.14568 0 0 0 0 -1.10325
913 914 0.021003 0 -1.05626 0 0 0 0 -1.03526
914 915 0.00348024 0 -1.34192 0 0 0 0 -1.33844
915 916 0.0382292 0 -1.0508 0 0 0 0 -1.01257
916 917 0.0205229 0 -0.793861 0 0 0 0 -0.773339
917 918 0.115568 0 0 0 0 0 0 0.115568
918 919 0.00807746 0 -0.921474 0 0 0 0 -0.913396
920 921 0.000134556 0 -0 0 0 0 0 0.000134556
921 922 0.178314 0 0 0 0 0 0 0.178314
922 923 0.0240225 0 -1.11639 0 0 0 0 -1.09237
923 924 0.0832842 0 -0.994734 0 0 0 0 -0.911449
924 925 0.0918834 0 0 0 0 0 0 0.0918834
925 926 0.0292808 0 -1.1897 0 0 0 0 -1.16042
926 927 0.0210415 0 -1.17687 0 0 0 0 -1.15583
927 928 0.0583867 0 0 0 0 0 0 0.0583867
928 929 0.0890841 0 -1.37122 0 0 0 0 -1.28214
929 930 0.00130867 0 0 0 0 0 0 0.00130867
930 931 0.114459 0 0 0 0 0 0 0.114459
931 932 0.0114728 0 0 0 0 0 0 0.0114728
932 933 0.0784043 0 -1.18609 0 0 0 0 -1.10769
933 934 0.01729 0 -1.43877 0 0 0 0 -1.42148
934 935 0.00476378 0 -1.28121 0 0 0 0 -1.27645
935 936 0.00322439 0 -1.06724 0 0 0 0 -1.06401
936 937 0.0240178 0 0 0 0 0 0 0.0240178
937 938 0.0412207 0 0 0 0 0 0 0.0412207
938 939 0.0315206 0 -1.3551 0 0 0 0 -1.32358
940 941 0.0882485 0 -1.11894 0 0 0 0 -1.03069
941 942 0.0290458 0 -0.820242 0 0 0 0 -0.791197
942 943 0.0153372 0 -0.826303 0 0 0 0 -0.810965
943 944 0.016925 0 -0.864088 0 0 0 0 -0.847163
944 945 0.243607 0 -0.836612 0 0 0 0 -0.593004
945 946 0.0287044 0 0 0 0 0 0 0.0287044
946 947 0.00537064 0 -1.25556 0 0 0 0 -1.25019
947 948 0.0339497 0 0 0 0 0 0 0.0339497
948 949 0.000453951 0 -0.942071 0 0 0 0 -0.941617
949 950 0.0607759 0 -1.23738 0 0 0 0 -1.17661
950 951 0.0429617 0 -0.950441 0 0 0 0 -0.907479
951 952 0.0344661 0 -1.22544 0 0 0 0 -1.19098
952 953 0.00125126 0 0 0 0 0 0 0.00125126
953 954 0.00117841 0 0 0 0 0 0 0.00117841
954 955 0.00891461 0 -1.30037 0 0 0 0 -1.29146
955 956 0.0223264 0 -1.30113 0 0 0 0 -1.2788
956 957 0.00283728 0 -0 0 0 0 0 0.00283728
957 958 0.104398 0 -1.41495 0 0 0 0 -1.31055
958 959 0.582152 0 0 0 0 0 0 0.582152
960 961 0.000506743 0 -0.76631 0 0 0 0 -0.765803
961 962 0.00652353 0 -0.00603869 0 0 0 0 0.000484832
962 963 0.00690905 0 -1.17362 0 0 0 0 -1.16671
963 964 0.00729587 0 0 0 0 0 0 0.00729587
964 965 0.0022033 0 -1.22902 0 0 0 0 -1.22682
965 966 0.00361692 0 0 0 0 0 0 0.00361692
966 967 0.38266 0 -1.32393 0 0 0 0 -0.941267
967 968 0.00116981 0 -1.42647 0 0 0 0 -1.4253
968 969 0.105489 0 -1.08775 0 0 0 0 -0.982262
969 970 0.00631296 0 -1.1811 0 0 0 0 -1.17479
970 971 0.159591 0 0 0 0 0 0 0.159591
971 972 0.0037618 0 -1.37971 0 0 0 0 -1.37595
972 973 0.235664 0 -1.33215 0 0 0 0 -1.09649
973 974 0.309829 0 0 0 0 0 0 0.309829
974 975 1.47393e-05 0 0 0 0 0 0 1.47393e-05
970 976 0 0 0 0 0 -0.008909 0 -0.008909
975 976 0.121036 0 -1.36975 0 0 0 0 -1.24871
970 977 0 0 0 0 0 -0.0120222 0 -0.0120222
969 977 0 0 0 0 0 -0.0966189 0 -0.0966189
976 977 0.00555803 0 -1.31607 0 0 0 0 -1.31051
970 978 0 0 0 0 0 -0.152954 0 -0.152954
969 978 0 0 0 0 -0.829434 0 -0 -0.829434
977 978 3.40628e-05 0 -1.24803 0 0 0 0 -1.248
978 979 0.165763 0 -0 0 0 0 0 0.165763
980 981 0.0550183 0 -0 0 0 0 0 0.0550183
981 982 0.0164171 0 0 0 0 0 0 0.0164171
982 983 0.0521446 0 -0.898057 0 0 0 0 -0.845912
983 984 0.00307847 0 -1.3112 0 0 0 0 -1.30812
984 985 0.00314477 0 0 0 0 0 0 0.00314477
985 986 5.80223e-05 0 0 0 0 0 0 5.80223e-05
986 987 0.00894898 0 0 0 0 0 0 0.00894898
987 988 0.0204395 0 0 0 0 0 0 0.0204395
988 989 0.00450806 0 0 0 0 0 0 0.00450806
989 990 0.011225 0 -0 0 0 0 0 0.011225
990 991 0.0234663 0 0 0 0 0 0 0.0234663
991 992 0.126881 0 0 0 0 0 0 0.126881
992 993 0.000601293 0 -1.00709 0 0 0 0 -1.00649
993 994 0.0394372 0 0 0 0 0 0 0.0394372
994 995 0.00152657 0 -1.25056 0 0 0 0 -1.24903
995 996 0.00549215 0 -1.14393 0 0 0 0 -1.13843
996 997 0.130926 0 -1.17302 0 0 0 0 -1.04209
997 998 0.0339519 0 0 0 0 0 0 0.0339519
998 999 0.254095 0 0 0 0 0 0 0.254095
#Total energy per particle is  -0.585547 and should be -0.58554710
