#id1 id2 FENE BEXC STCK NEXC HB CRSTCK CXSTCK total, t = 200000
0 1 0.00427709 0 0 0 0 0 0 0.00427709
1 2 0.304199 0 0 0 0 0 0 0.304199
2 3 0.000353322 0 -1.14961 0 0 0 0 -1.14925
3 4 0.00354121 0 0 0 0 0 0 0.00354121
4 5 0.000338249 0 -0 0 0 0 0 0.000338249
5 6 0.00447581 0 -0 0 0 0 0 0.00447581
6 7 0.000918702 0 0 0 0 0 0 0.000918702
7 8 0.148472 0 0 0 0 0 0 0.148472
8 9 0.0247948 0 -0 0 0 0 0 0.0247948
9 10 0.0699999 0 0 0 0 0 0 0.0699999
10 11 4.30974e-05 0 -0.960664 0 0 0 0 -0.960621
11 12 0.0177436 0 -1.42162 0 0 0 0 -1.40388
12 13 0.0393642 0 -1.24902 0 0 0 0 -1.20965
13 14 0.000616644 0 -1.31834 0 0 0 0 -1.31772
14 15 0.00156101 0 -1.21888 0 0 0 0 -1.21732
15 16 0.00127377 0 0 0 0 0 0 0.00127377
16 17 0.00982902 0 -1.33832 0 0 0 0 -1.32849
17 18 0.0904326 0 -1.37245 0 0 0 0 -1.28201
18 19 0.0750769 0 0 0 0 0 0 0.0750769
20 21 0.0140544 0 0 0 0 0 0 0.0140544
21 22 0.102081 0 0 0 0 0 0 0.102081
22 23 0.0150028 0 -1.18349 0 0 0 0 -1.16848
23 24 0.007261 0 -1.23925 0 0 0 0 -1.23199
24 25 0.0232266 0 -1.23696 0 0 0 0 -1.21374
25 26 0.105383 0 -1.23916 0 0 0 0 -1.13377
26 27 0.0467091 0 -1.15952 0 0 0 0 -1.11281
27 28 0.319806 0 0 0 0 0 0 0.319806
28 29 0.136843 0 -1.33222 0 0 0 0 -1.19537
29 30 0.0106329 0 0 0 0 0 0 0.0106329
30 31 0.0331779 0 0 0 0 0 0 0.0331779
31 32 0.171943 0 -1.12162 0 0 0 0 -0.949675
32 33 6.91359e-05 0 -1.32182 0 0 0 0 -1.32175
33 34 0.176339 0 0 0 0 0 0 0.176339
34 35 0.00584219 0 0 0 0 0 0 0.00584219
35 36 0.246163 0 -1.38789 0 0 0 0 -1.14173
36 37 0.158301 0 -0.96505 0 0 0 0 -0.80675
37 38 0.00581718 0 0 0 0 0 0 0.00581718
38 39 0.0967363 0 0 0 0 0 0 0.0967363
40 41 0.0295239 0 -1.35033 0 0 0 0 -1.32081
41 42 0.00262514 0.0508597 -0.746014 0 0 0 0 -0.692529
42 43 0.0581467 0 0 0 0 0 0 0.0581467
43 44 0.245182 0 0 0 0 0 0 0.245182
44 45 0.525785 0 0 0 0 0 0 0.525785
45 46 5.91342e-05 0 -1.30893 0 0 0 0 -1.30887
46 47 0.012647 0 0 0 0 0 0 0.012647
47 48 0.049761 0 0 0 0 0 0 0.049761
48 49 0.00159188 0 -1.33709 0 0 0 0 -1.3355
49 50 0.329123 0 -1.05663 0 0 0 0 -0.727503
50 51 0.00140547 0 -1.32719 0 0 0 0 -1.32579
51 52 0.0385059 0 0 0 0 0 0 0.0385059
52 53 0.0389651 0 -0.958574 0 0 0 0 -0.919608
53 54 0.0204004 0 0 0 0 0 0 0.0204004
54 55 0.0450518 0 0 0 0 0 0 0.0450518
55 56 0.0975027 0 -1.03208 0 0 0 0 -0.934578
56 57 0.00587531 0 -1.19577 0 0 0 0 -1.18989
57 58 0.00258836 0 -1.29186 0 0 0 0 -1.28927
58 59 0.00239695 0 0 0 0 0 0 0.00239695
60 61 0.0408423 0 0 0 0 0 0 0.0408423
61 62 0.0001517 0 0 0 0 0 0 0.0001517
62 63 0.002429 0 0 0 0 0 0 0.002429
63 64 0.263473 0 -1.41299 0 0 0 0 -1.14952
64 65 0.0153391 0 0 0 0 0 0 0.0153391
65 66 0.115264 0 0 0 0 0 0 0.115264
66 67 0.357624 0 -1.3165 0 0 0 0 -0.95888
67 68 0.0605078 0 0 0 0 0 0 0.0605078
68 69 0.136049 0 0 0 0 0 0 0.136049
69 70 0.0266137 0 -0.630657 0 0 0 0 -0.604043
70 71 0.0887978 0 -1.46214 0 0 0 0 -1.37334
71 72 0.031837 0 0 0 0 0 0 0.031837
72 73 0.00148212 0 -1.24524 0 0 0 0 -1.24375
73 74 0.0172354 0 -1.31493 0 0 0 0 -1.29769
74 75 0.0206192 0 -1.41242 0 0 0 0 -1.3918
75 76 0.00977258 0 -1.1384 0 0 0 0 -1.12863
76 77 0.00482847 0 0 0 0 0 0 0.00482847
77 78 0.000276424 0 -1.32998 0 0 0 0 -1.3297
78 79 0.0444961 0 -1.15776 0 0 0 0 -1.11326
80 81 0.00147188 0 -0 0 0 0 0 0.00147188
81 82 0.0110112 0 -1.32973 0 0 0 0 -1.31872
82 83 0.0207994 0 -0.90664 0 0 0 0 -0.88584
82 84 0 0 0 0 -0 -2.57161e-08 0 -2.57161e-08
83 84 0.020356 0 -1.21027 0 0 0 0 -1.18992
84 85 0.140983 0 -0.903647 0 0 0 0 -0.762664
85 86 0.128018 0 -1.31433 0 0 0 0 -1.18631
86 87 0.135074 0 -1.32093 0 0 0 0 -1.18586
87 88 0.0013497 0 -1.09521 0 0 0 0 -1.09386
88 89 0.000878539 0 -1.27676 0 0 0 0 -1.27588
89 90 0.141149 0 -1.09443 0 0 0 0 -0.953282
90 91 0.0321539 0 -1.30207 0 0 0 0 -1.26991
91 92 0.000139205 0 0 0 0 0 0 0.000139205
92 93 0.0258348 0 0 0 0 0 0 0.0258348
93 94 0.0247167 0 -1.25982 0 0 0 0 -1.2351
94 95 0.0729674 0 -1.39426 0 0 0 0 -1.3213
95 96 0.000253788 0 0 0 0 0 0 0.000253788
96 97 0.00358758 0.0377835 -1.03654 0 0 0 0 -0.99517
97 98 0.0712352 0 -0.917395 0 0 0 0 -0.84616
98 99 0.0603071 0 0 0 0 0 0 0.0603071
100 101 0.027676 0 -0.922354 0 0 0 0 -0.894678
101 102 0.189224 0 -1.04679 0 0 0 0 -0.85757
102 103 0.00476912 0 -1.1905 0 0 0 0 -1.18573
103 104 0.0760727 0 -1.19799 0 0 0 0 -1.12192
104 105 0.0028906 0 -0 0 0 0 0 0.0028906
105 106 0.0568264 0 0 0 0 0 0 0.0568264
106 107 0.0191472 0 -1.0972 0 0 0 0 -1.07806
107 108 0.0470029 0 0 0 0 0 0 0.0470029
108 109 0.0306332 0 -1.07183 0 0 0 0 -1.0412
109 110 0.0189259 0 -1.12789 0 0 0 0 -1.10896
110 111 0.00861675 0 -1.39864 0 0 0 0 -1.39002
111 112 0.0384524 0 -1.19256 0 0 0 0 -1.1541
112 113 0.0161112 0 -1.10521 0 0 0 0 -1.08909
113 114 0.00223018 0 0 0 0 0 0 0.00223018
114 115 0.000142384 0 0 0 0 0 0 0.000142384
115 116 0.00357592 0 -1.13855 0 0 0 0 -1.13498
116 117 0.0368055 0 -1.40408 0 0 0 0 -1.36727
117 118 0.0202757 0 -1.03589 0 0 0 0 -1.01561
118 119 0.0775897 0 -1.38229 0 0 0 0 -1.3047
120 121 0.00628053 0 0 0 0 0 0 0.00628053
121 122 0.00727404 0 -1.04684 0 0 0 0 -1.03957
122 123 0.0261245 0 -0.893042 0 0 0 0 -0.866917
123 124 0.0169901 0 -1.00749 0 0 0 0 -0.990499
124 125 0.247391 0 -1.02708 0 0 0 0 -0.779693
125 126 0.0331954 0 0 0 0 0 0 0.0331954
126 127 0.0202107 0 -1.22502 0 0 0 0 -1.20481
127 128 0.434108 0 -1.18998 0 0 0 0 -0.755871
128 129 0.15528 0 -1.29818 0 0 0 0 -1.14291
129 130 0.0287066 0 -0.585827 0 0 0 0 -0.55712
130 131 0.0417365 0 0 0 0 0 0 0.0417365
131 132 0.0421495 0 0 0 0 0 0 0.0421495
132 133 0.00283493 0 -1.21445 0 0 0 0 -1.21161
133 134 0.163714 0 -1.28459 0 0 0 0 -1.12087
134 135 0.1913 0 -1.04885 0 0 0 0 -0.857546
135 136 0.0147265 0 -1.13887 0 0 0 0 -1.12415
136 137 0.175021 0 0 0 0 0 0 0.175021
137 138 0.000450779 0 -1.18388 0 0 0 0 -1.18343
138 139 0.0327576 0 0 0 0 0 0 0.0327576
140 141 0.00222027 0 -1.21147 0 0 0 0 -1.20925
141 142 0.0987238 0 -0.746311 0 0 0 0 -0.647587
142 143 0.0462677 0 -1.30402 0 0 0 0 -1.25775
143 144 0.0509268 0 0 0 0 0 0 0.0509268
144 145 0.110676 0 0 0 0 0 0 0.110676
145 146 0.0300621 0 0 0 0 0 0 0.0300621
146 147 0.000554875 0 0 0 0 0 0 0.000554875
144 148 0 0 0 0 -0 -2.62996e-05 0 -2.62996e-05
147 148 0.0464747 0 -1.30474 0 0 0 0 -1.25826
148 149 0.000728117 0 0 0 0 0 0 0.000728117
149 150 0.0348024 0 -1.18126 0 0 0 0 -1.14645
150 151 0.0205691 0 0 0 0 0 0 0.0205691
151 152 0.163964 0 -1.22944 0 0 0 0 -1.06548
152 153 0.00196514 0 -1.33093 0 0 0 0 -1.32896
153 154 0.0308466 0 -1.28874 0 0 0 0 -1.25789
154 155 0.00223234 0 0 0 0 0 0 0.00223234
155 156 0.00877778 0 -0.969441 0 0 0 0 -0.960663
156 157 0.0726361 0 -0.834487 0 0 0 0 -0.761851
157 158 0.000959581 0 0 0 0 0 0 0.000959581
158 159 0.0276374 0 0 0 0 0 0 0.0276374
160 161 0.00946491 0 0 0 0 0 0 0.00946491
161 162 0.0265843 0 0 0 0 0 0 0.0265843
162 163 0.140629 0 -0 0 0 0 0 0.140629
163 164 0.0139268 0 -1.38336 0 0 0 0 -1.36943
164 165 0.0996708 0 -0.967793 0 0 0 0 -0.868122
165 166 0.0775855 0 -1.01949 0 0 0 0 -0.941903
166 167 0.00377627 0 -1.17581 0 0 0 0 -1.17203
167 168 0.0282695 0 0 0 0 0 0 0.0282695
168 169 1.73949e-05 0 -1.26937 0 0 0 0 -1.26936
169 170 0.0733856 0 -1.33834 0 0 0 0 -1.26496
170 171 0.0385227 0 -1.32295 0 0 0 0 -1.28442
171 172 0.00642717 0 -0.740133 0 0 0 0 -0.733706
172 173 0.0462349 0 -0.932075 0 0 0 0 -0.88584
173 174 0.00621697 0 0 0 0 0 0 0.00621697
174 175 0.0305679 0 -0.536517 0 0 0 0 -0.505949
175 176 0.0011939 0 -0 0 0 0 0 0.0011939
176 177 0.0170553 0 0 0 0 0 0 0.0170553
177 178 0.0351348 0 -0 0 0 0 0 0.0351348
178 179 0.000203919 0 0 0 0 0 0 0.000203919
180 181 0.0885743 0 -0.95391 0 0 0 0 -0.865336
181 182 0.0568863 0 0 0 0 0 0 0.0568863
182 183 0.0571912 0 0 0 0 0 0 0.0571912
183 184 0.00482834 0 -0.905689 0 0 0 0 -0.900861
184 185 0.102138 0 -0.95995 0 0 0 0 -0.857812
185 186 0.0229305 0 0 0 0 0 0 0.0229305
186 187 0.00766187 0 -1.26201 0 0 0 0 -1.25435
187 188 0.0153951 0 -1.0437 0 0 0 0 -1.0283
188 189 0.0865563 0 -1.41364 0 0 0 0 -1.32708
189 190 0.0435795 0 0 0 0 0 0 0.0435795
190 191 0.0114779 0 -1.2089 0 0 0 0 -1.19742
191 192 0.00751206 0 0 0 0 0 0 0.00751206
192 193 0.014016 0 -0.988943 0 0 0 0 -0.974927
193 194 0.103963 0 0 0 0 0 0 0.103963
194 195 0.00153829 0 0 0 0 0 0 0.00153829
195 196 0.0593586 0 -1.19523 0 0 0 0 -1.13587
196 197 0.00482849 0 -0 0 0 0 0 0.00482849
197 198 0.024767 0 -1.41002 0 0 0 0 -1.38525
198 199 0.0482129 0 -1.36025 0 0 0 0 -1.31204
200 201 0.00978613 0 -0.93653 0 0 0 0 -0.926744
201 202 0.0539548 0 0 0 0 0 0 0.0539548
202 203 0.0295128 0 -1.16502 0 0 0 0 -1.1355
203 204 0.0744053 0 -1.11774 0 0 0 0 -1.04333
204 205 0.317901 0 -1.07401 0 0 0 0 -0.756111
205 206 4.98063e-05 0 0 0 0 0 0 4.98063e-05
206 207 0.175287 0 -1.1066 0 0 0 0 -0.931318
207 208 0.0143086 0 -1.33916 0 0 0 0 -1.32485
208 209 0.000112188 0 -1.19589 0 0 0 0 -1.19578
209 210 0.126912 0 -0.303334 0 0 0 0 -0.176422
210 211 0.165828 0 -0.575059 0 0 0 0 -0.409232
211 212 0.00116807 0 0 0 0 0 0 0.00116807
212 213 0.0167604 0 -0.643712 0 0 0 0 -0.626952
213 214 0.0120311 0 -1.42338 0 0 0 0 -1.41135
214 215 0.0279926 0 0 0 0 0 0 0.0279926
215 216 0.00557427 0 0 0 0 0 0 0.00557427
216 217 0.0540822 0 -1.36488 0 0 0 0 -1.3108
216 218 0 0 0 0.142364 0 0 0 0.142364
217 218 0.0307105 0 0 0 0 0 0 0.0307105
218 219 0.126505 0 -0.982139 0 0 0 0 -0.855635
220 221 0.0331697 0 -0.928432 0 0 0 0 -0.895262
221 222 0.189732 0 -1.41764 0 0 0 0 -1.22791
222 223 0.00283053 0 -0.864933 0 0 0 0 -0.862102
223 224 0.145082 0 -0 0 0 0 0 0.145082
224 225 0.00422567 0 -1.226 0 0 0 0 -1.22178
224 226 0 0 0 0 0 -6.31737e-06 0 -6.31737e-06
225 226 0.00960157 0 -0 0 0 0 0 0.00960157
226 227 0.000349986 0 -1.24377 0 0 0 0 -1.24342
227 228 0.0315908 0 -0.99428 0 0 0 0 -0.962689
228 229 0.00279899 0 -1.34608 0 0 0 0 -1.34328
229 230 0.218038 0 0 0 0 0 0 0.218038
230 231 0.00284389 0 0 0 0 0 0 0.00284389
231 232 0.0788517 0 -0.000779302 0 0 0 0 0.0780724
232 233 0.00342868 0 -0.610706 0 0 0 0 -0.607277
233 234 0.00172957 0 -1.03298 0 0 0 0 -1.03126
234 235 0.0747456 0 0 0 0 0 0 0.0747456
235 236 0.0104879 0 -1.26503 0 0 0 0 -1.25454
236 237 0.00371499 0 -1.24773 0 0 0 0 -1.24401
237 238 0.00179947 0 -1.36158 0 0 0 0 -1.35978
238 239 0.00866806 0 -1.19723 0 0 0 0 -1.18856
240 241 0.00336894 0 -1.17724 0 0 0 0 -1.17387
241 242 0.0267435 0 -1.25001 0 0 0 0 -1.22327
242 243 0.0464879 0 -1.3534 0 0 0 0 -1.30691
243 244 0.11522 0 -1.28906 0 0 0 0 -1.17384
244 245 0.0291785 0 0 0 0 0 0 0.0291785
245 246 0.124485 0 -1.37094 0 0 0 0 -1.24646
246 247 0.035368 0 -1.36619 0 0 0 0 -1.33082
247 248 0.075357 0 -1.25833 0 0 0 0 -1.18297
248 249 0.0377569 0 -0.427973 0 0 0 0 -0.390216
249 250 0.0313573 0 -1.18724 0 0 0 0 -1.15588
250 251 0.000980321 0 0 0 0 0 0 0.000980321
251 252 0.0784386 0 0 0 0 0 0 0.0784386
252 253 0.0322494 0 -0.96743 0 0 0 0 -0.935181
253 254 0.547691 0 0 0 0 0 0 0.547691
254 255 0.00589455 0 -0 0 0 0 0 0.00589455
255 256 0.00742378 0 -0.866098 0 0 0 0 -0.858674
256 257 0.0944194 0 0 0 0 0 0 0.0944194
257 258 0.00088884 0 0 0 0 0 0 0.00088884
258 259 0.0506351 0 -1.161 0 0 0 0 -1.11037
260 261 0.0332362 0 -0.9248 0 0 0 0 -0.891564
261 262 0.182329 0 -1.24703 0 0 0 0 -1.0647
262 263 0.018245 0 0 0 0 0 0 0.018245
263 264 0.0496628 0 -1.04733 0 0 0 0 -0.997667
264 265 0.00551995 0 -1.3631 0 0 0 0 -1.35758
265 266 0.0484321 0 -0.858375 0 0 0 0 -0.809943
266 267 0.00711446 0 0 0 0 0 0 0.00711446
267 268 0.00283981 0 0 0 0 0 0 0.00283981
268 269 0.296839 0 -1.19918 0 0 0 0 -0.902345
269 270 0.208524 0 -1.3661 0 0 0 0 -1.15757
270 271 0.0548125 0 0 0 0 0 0 0.0548125
271 272 0.0285841 0 0 0 0 0 0 0.0285841
272 273 0.00014039 0 0 0 0 0 0 0.00014039
273 274 0.0701045 0 -0 0 0 0 0 0.0701045
274 275 0.0310291 0 -0 0 0 0 0 0.0310291
275 276 0.00431452 0 0 0 0 0 0 0.00431452
276 277 0.183752 0 -0 0 0 0 0 0.183752
277 278 0.000917895 0 0 0 0 0 0 0.000917895
278 279 0.0866613 0 0 0 0 0 0 0.0866613
280 281 0.00516607 0 -1.0979 0 0 0 0 -1.09273
281 282 0.0167905 0 0 0 0 0 0 0.0167905
282 283 0.00122782 0 -1.37067 0 0 0 0 -1.36944
283 284 0.0129492 0 -0.794352 0 0 0 0 -0.781403
284 285 0.0164153 0 -1.35269 0 0 0 0 -1.33628
285 286 0.0278516 0 -0.688163 0 0 0 0 -0.660311
286 287 0.0576765 0 -1.41607 0 0 0 0 -1.3584
287 288 0.0490501 0 0 0 0 0 0 0.0490501
288 289 0.00168507 0 0 0 0 0 0 0.00168507
289 290 0.0883829 0 0 0 0 0 0 0.0883829
290 291 0.0012316 0 0 0 0 0 0 0.0012316
291 292 0.24643 0 0 0 0 0 0 0.24643
292 293 0.0125025 0 -1.40286 0 0 0 0 -1.39036
293 294 0.0666009 0 0 0 0 0 0 0.0666009
294 295 0.0663247 0 0 0 0 0 0 0.0663247
295 296 0.180848 0 -1.07124 0 0 0 0 -0.890397
296 297 0.297162 0 -1.41502 0 0 0 0 -1.11786
297 298 0.110084 0 0 0 0 0 0 0.110084
298 299 0.00164867 0 0 0 0 0 0 0.00164867
300 301 0.0270608 0 -1.39454 0 0 0 0 -1.36748
301 302 0.090304 0 -1.08213 0 0 0 0 -0.991822
302 303 0.0718413 0 -1.25479 0 0 0 0 -1.18295
303 304 0.000276979 0 -1.29102 0 0 0 0 -1.29075
304 305 0.121001 0 -1.20059 0 0 0 0 -1.07959
305 306 0.00548329 0 -1.3218 0 0 0 0 -1.31632
306 307 0.00603418 0 0 0 0 0 0 0.00603418
307 308 0.148194 0 -0.973199 0 0 0 0 -0.825006
308 309 0.00193614 0 0 0 0 0 0 0.00193614
309 310 0.00229848 0 -1.1197 0 0 0 0 -1.1174
310 311 0.147734 0 0 0 0 0 0 0.147734
311 312 0.0598353 0 0 0 0 0 0 0.0598353
312 313 0.137169 0 -1.22972 0 0 0 0 -1.09255
313 314 0.018785 0 -1.30524 0 0 0 0 -1.28645
314 315 0.00221842 0 -1.17246 0 0 0 0 -1.17024
315 316 0.0149211 0 -1.42055 0 0 0 0 -1.40562
316 317 0.018751 0 -1.35956 0 0 0 0 -1.34081
317 318 3.64038e-05 0 0 0 0 0 0 3.64038e-05
318 319 0.0397549 0 0 0 0 0 0 0.0397549
320 321 0.0495174 0 -1.24543 0 0 0 0 -1.19591
321 322 0.0470561 0 0 0 0 0 0 0.0470561
322 323 0.012071 0 -1.28155 0 0 0 0 -1.26948
323 324 0.0593876 0 -1.06216 0 0 0 0 -1.00278
324 325 0.373863 0 -1.09873 0 0 0 0 -0.724862
325 326 0.0184613 0 -1.08944 0 0 0 0 -1.07098
326 327 0.0458663 0 0 0 0 0 0 0.0458663
327 328 0.0275928 0 -0.00969836 0 0 0 0 0.0178944
328 329 0.000410733 0 -1.2841 0 0 0 0 -1.28368
329 330 0.0430667 0 -1.36671 0 0 0 0 -1.32365
330 331 0.00969947 0 0 0 0 0 0 0.00969947
331 332 0.0535279 0 0 0 0 0 0 0.0535279
332 333 0.00739747 0 -0.909331 0 0 0 0 -0.901934
333 334 0.00533799 0 0 0 0 0 0 0.00533799
334 335 0.250829 0 0 0 0 0 0 0.250829
334 336 0 0 0 0 -0 0 -0.709734 -0.709734
335 336 0.0128643 0 0 0 0 0 0 0.0128643
336 337 0.262677 0 -1.03294 0 0 0 0 -0.770264
337 338 0.152349 0 -0 0 0 0 0 0.152349
338 339 0.000488451 0 -0.770299 0 0 0 0 -0.76981
340 341 0.116454 0 -1.30083 0 0 0 0 -1.18438
341 342 0.496301 0 0 0 0 0 0 0.496301
342 343 0.0095309 0 -1.33445 0 0 0 0 -1.32492
343 344 0.0162509 0 -1.24237 0 0 0 0 -1.22611
344 345 0.0300205 0 -1.37412 0 0 0 0 -1.3441
345 346 0.0404425 0 0 0 0 0 0 0.0404425
346 347 0.0567807 0 0 0 0 0 0 0.0567807
347 348 0.155161 0 -0.928608 0 0 0 0 -0.773447
348 349 0.00218438 0 0 0 0 0 0 0.00218438
349 350 0.0240705 0 -1.08163 0 0 0 0 -1.05756
350 351 0.0965247 0 -1.2176 0 0 0 0 -1.12108
351 352 0.145439 0 -0.536063 0 0 0 0 -0.390624
352 353 0.0686604 0 0 0 0 0 0 0.0686604
353 354 3.70956e-05 0 -1.04429 0 0 0 0 -1.04425
354 355 0.0554289 0 -0 0 0 0 0 0.0554289
355 356 0.0220311 0 0 0 0 0 0 0.0220311
356 357 0.0387075 0 -1.20924 0 0 0 0 -1.17053
357 358 0.0706988 0 0 0 0 0 0 0.0706988
358 359 0.0211475 0 0 0 0 0 0 0.0211475
360 361 0.0461858 0 -0.669769 0 0 0 0 -0.623583
361 362 0.0672146 0 -1.02836 0 0 0 0 -0.961149
362 363 0.00991677 0 -1.33618 0 0 0 0 -1.32626
363 364 0.276787 0 0 0 0 0 0 0.276787
364 365 0.00509122 0 0 0 0 0 0 0.00509122
365 366 0.101981 0 -1.42786 0 0 0 0 -1.32588
366 367 0.00422606 0 -1.30478 0 0 0 0 -1.30055
367 368 0.0506297 0 0 0 0 0 0 0.0506297
368 369 0.0138707 0 0 0 0 0 0 0.0138707
369 370 0.0593657 0 0 0 0 0 0 0.0593657
370 371 0.0181851 0 -1.17259 0 0 0 0 -1.15441
371 372 0.0307584 0 0 0 0 0 0 0.0307584
372 373 0.00259342 0 0 0 0 0 0 0.00259342
373 374 4.16669e-05 0 -0.887455 0 0 0 0 -0.887414
374 375 0.00625461 0 -0.806232 0 0 0 0 -0.799978
375 376 0.00309467 0 -1.46911 0 0 0 0 -1.46601
376 377 0.0607036 0 -1.45828 0 0 0 0 -1.39758
377 378 0.000131432 0 0 0 0 0 0 0.000131432
378 379 0.0136895 0 -0.938146 0 0 0 0 -0.924457
380 381 0.110884 0 -0 0 0 0 0 0.110884
381 382 0.00972278 0 -1.24215 0 0 0 0 -1.23243
382 383 0.00612055 0 -1.14811 0 0 0 0 -1.14199
383 384 0.171941 0 0 0 0 0 0 0.171941
384 385 0.0226141 0 0 0 0 0 0 0.0226141
385 386 0.0295318 0 0 0 0 0 0 0.0295318
386 387 0.167207 0 -1.21871 0 0 0 0 -1.0515
387 388 0.0176605 0 -1.02187 0 0 0 0 -1.00421
388 389 0.00491514 0 0 0 0 0 0 0.00491514
389 390 0.11321 0 -1.39769 0 0 0 0 -1.28448
390 391 0.00094399 0 -0.675761 0 0 0 0 -0.674817
391 392 0.00335763 0 -1.22412 0 0 0 0 -1.22076
392 393 0.172462 0 0 0 0 0 0 0.172462
393 394 0.00150426 0 -1.30757 0 0 0 0 -1.30606
394 395 0.000112336 0 0 0 0 0 0 0.000112336
395 396 0.0517907 0 0 0 0 0 0 0.0517907
396 397 0.0341687 0 -0.609957 0 0 0 0 -0.575789
397 398 0.520198 0 -1.45348 0 0 0 0 -0.933284
398 399 0.00390697 0 0 0 0 0 0 0.00390697
400 401 0.032525 0 0 0 0 0 0 0.032525
401 402 0.0291672 0 0 0 0 0 0 0.0291672
402 403 0.365924 0 0 0 0 0 0 0.365924
403 404 0.278853 0 0 0 0 0 0 0.278853
404 405 0.0294161 0 -0 0 0 0 0 0.0294161
405 406 0.28382 0 -1.30669 0 0 0 0 -1.02287
406 407 0.153129 0 -1.20731 0 0 0 0 -1.05418
407 408 0.0604934 0 0 0 0 0 0 0.0604934
408 409 0.00306792 0 -1.40482 0 0 0 0 -1.40175
409 410 0.132557 0 0 0 0 0 0 0.132557
410 411 0.0154339 0 -1.37649 0 0 0 0 -1.36106
411 412 0.0185773 0 -0.977946 0 0 0 0 -0.959368
412 413 0.000534098 0 -1.28254 0 0 0 0 -1.28201
413 414 0.0356289 0 0 0 0 0 0 0.0356289
414 415 4.48207e-05 0 0 0 0 0 0 4.48207e-05
415 416 0.0007873 0 -0.906916 0 0 0 0 -0.906129
416 417 0.149398 0 0 0 0 0 0 0.149398
417 418 0.00242249 0 -1.18559 0 0 0 0 -1.18317
418 419 0.0257848 0 -0.972766 0 0 0 0 -0.946981
420 421 0.00903728 0 0 0 0 0 0 0.00903728
421 422 0.0421335 0 0 0 0 0 0 0.0421335
422 423 0.00893218 0 0 0 0 0 0 0.00893218
423 424 0.0379347 0 -1.18125 0 0 0 0 -1.14332
424 425 0.00257205 0 0 0 0 0 0 0.00257205
425 426 0.0732672 0 -1.20141 0 0 0 0 -1.12815
426 427 0.00593913 0 -1.06795 0 0 0 0 -1.06201
427 428 0.0439914 0 -0.954127 0 0 0 0 -0.910136
428 429 0.0031793 0 -1.33196 0 0 0 0 -1.32878
429 430 0.01368 0 0 0 0 0 0 0.01368
430 431 0.0305467 0 -1.29117 0 0 0 0 -1.26062
431 432 0.637056 0 -1.21193 0 0 0 0 -0.574873
432 433 0.00880046 0 0 0 0 0 0 0.00880046
433 434 0.000812975 0 0 0 0 0 0 0.000812975
434 435 0.00454735 0 0 0 0 0 0 0.00454735
435 436 0.0103994 0 -1.26529 0 0 0 0 -1.25489
436 437 0.00701068 0 0 0 0 0 0 0.00701068
437 438 1.64834e-05 0 0 0 0 0 0 1.64834e-05
438 439 0.00238352 0 -1.21398 0 0 0 0 -1.21159
440 441 0.080501 0 0 0 0 0 0 0.080501
441 442 8.88214e-05 0 0 0 0 0 0 8.88214e-05
440 443 0 0 0 0.0239061 0 0 0 0.0239061
442 443 0.0141701 0 -1.05138 0 0 0 0 -1.03721
443 444 0.224286 0 -1.05849 0 0 0 0 -0.834203
444 445 0.0723123 0 -1.34641 0 0 0 0 -1.2741
445 446 0.0123512 0 -1.10248 0 0 0 0 -1.09013
446 447 0.158354 0 -0.924993 0 0 0 0 -0.766639
447 448 0.00274865 0 -0.527367 0 0 0 0 -0.524618
448 449 0.0768144 0 0 0 0 0 0 0.0768144
449 450 0.0116489 0 0 0 0 0 0 0.0116489
450 451 2.66997e-05 0 0 0 0 0 0 2.66997e-05
451 452 0.0350009 0 -0.53455 0 0 0 0 -0.499549
452 453 0.0872966 0 -0.770027 0 0 0 0 -0.682731
453 454 0.0342409 0 -0.649697 0 0 0 0 -0.615456
454 455 0.329246 0 -1.24648 0 0 0 0 -0.91723
455 456 0.0839209 0 0 0 0 0 0 0.0839209
456 457 0.00074808 0 0 0 0 0 0 0.00074808
457 458 0.103972 0 -0.890104 0 0 0 0 -0.786132
458 459 0.0133337 0 -0.771874 0 0 0 0 -0.758541
460 461 0.000998042 0 0 0 0 0 0 0.000998042
461 462 0.01726 0 -1.1715 0 0 0 0 -1.15424
462 463 0.0188028 0 -1.04403 0 0 0 0 -1.02523
463 464 0.141335 0 -1.29364 0 0 0 0 -1.1523
464 465 0.00617956 0 0 0 0 0 0 0.00617956
465 466 0.0127585 0 0 0 0 0 0 0.0127585
466 467 0.116974 0 0 0 0 0 0 0.116974
467 468 0.0194479 0 0 0 0 0 0 0.0194479
460 469 0 0 0 0 0 -0.000134709 0 -0.000134709
468 469 0.0383987 0 -1.06614 0 0 0 0 -1.02774
460 470 0 0 0 0 0 -0.00441527 0 -0.00441527
469 470 0.0521899 0 -1.35004 0 0 0 0 -1.29785
470 471 0.328551 0 -0.594467 0 0 0 0 -0.265917
471 472 0.302727 0 0 0 0 0 0 0.302727
472 473 0.0076628 0 -1.28463 0 0 0 0 -1.27697
473 474 1.162e-06 0 0 0 0 0 0 1.162e-06
474 475 0.114511 0 -0.999462 0 0 0 0 -0.884952
475 476 0.000583086 0 -1.03435 0 0 0 0 -1.03377
476 477 0.0668926 0 -1.31964 0 0 0 0 -1.25275
477 478 0.00306722 0 -0.971727 0 0 0 0 -0.96866
478 479 0.0129466 0 0 0 0 0 0 0.0129466
480 481 0.0025461 0 0 0 0 0 0 0.0025461
481 482 0.0208748 0 -0.907859 0 0 0 0 -0.886985
482 483 0.00171271 0 0 0 0 0 0 0.00171271
483 484 0.00879566 0 0 0 0 0 0 0.00879566
484 485 0.0469172 0 -1.0186 0 0 0 0 -0.971685
485 486 0.0387226 0 -1.34955 0 0 0 0 -1.31082
486 487 0.175254 0 -1.19607 0 0 0 0 -1.02081
487 488 0.140203 0 0 0 0 0 0 0.140203
488 489 0.0143478 0 -0.995261 0 0 0 0 -0.980913
489 490 0.00878775 0 -1.40191 0 0 0 0 -1.39313
490 491 0.336785 0 -0.326059 0 0 0 0 0.0107253
491 492 0.00091657 0 0 0 0 0 0 0.00091657
492 493 0.00517992 0 -1.37445 0 0 0 0 -1.36927
493 494 0.0111264 0 -1.11102 0 0 0 0 -1.0999
494 495 0.0107616 0 -1.04057 0 0 0 0 -1.02981
495 496 0.121309 0 -0.96433 0 0 0 0 -0.84302
496 497 0.0195776 0 -1.31108 0 0 0 0 -1.29151
497 498 0.0546874 0 -1.24957 0 0 0 0 -1.19488
498 499 0.213294 0 -0 0 0 0 0 0.213294
500 501 0.100229 0 -0.696235 0 0 0 0 -0.596006
501 502 0.0362242 0 -1.04966 0 0 0 0 -1.01344
502 503 0.000319461 0 0 0 0 0 0 0.000319461
503 504 0.00059295 0 0 0 0 0 0 0.00059295
504 505 0.0111918 0 -1.02319 0 0 0 0 -1.012
505 506 0.176318 0 0 0 0 0 0 0.176318
506 507 0.0148245 0 -1.35539 0 0 0 0 -1.34056
507 508 0.0208246 0 -1.3751 0 0 0 0 -1.35428
508 509 0.0224301 0 -1.37447 0 0 0 0 -1.35204
509 510 0.150861 0 -1.30194 0 0 0 0 -1.15108
510 511 0.125434 0 0 0 0 0 0 0.125434
511 512 0.108176 0 0 0 0 0 0 0.108176
512 513 0.0458437 0 -0.817337 0 0 0 0 -0.771493
508 514 0 0 0 0 0 -0.00138617 -0 -0.00138617
506 514 0 0 0 0 0 -0.0327116 0 -0.0327116
513 514 0.122255 0 0 0 0 0 0 0.122255
507 515 0 0 0 0 -0 -0.09721 0 -0.09721
506 515 0 0 0 0 -0.061994 0 -0 -0.061994
514 515 0.051961 0 -1.23343 0 0 0 0 -1.18147
506 516 0 0 0 0 -0 -0.118546 -0 -0.118546
515 516 0.20118 0 -0.548188 0 0 0 0 -0.347007
516 517 0.000612163 0 -1.13514 0 0 0 0 -1.13453
517 518 0.141481 0 -0 0 0 0 0 0.141481
518 519 0.00677402 0 0 0 0 0 0 0.00677402
520 521 0.0309187 0 -1.21039 0 0 0 0 -1.17947
521 522 0.255246 0 0 0 0 0 0 0.255246
522 523 0.0204205 0 -1.17791 0 0 0 0 -1.15749
523 524 0.000285545 0 -1.22329 0 0 0 0 -1.22301
524 525 0.00879399 0 -1.27329 0 0 0 0 -1.26449
525 526 0.0104141 0 0 0 0 0 0 0.0104141
526 527 2.44267e-05 0 -0 0 0 0 0 2.44267e-05
527 528 0.00425673 0 -1.33776 0 0 0 0 -1.3335
528 529 0.107724 0 -0 0 0 0 0 0.107724
529 530 0.0557601 0 -1.09096 0 0 0 0 -1.0352
530 531 0.0565844 0 -1.15779 0 0 0 0 -1.10121
531 532 7.84512e-05 0 0 0 0 0 0 7.84512e-05
532 533 0.0439348 0 -0.612719 0 0 0 0 -0.568784
528 534 0 0 0 0 0 -0.00167054 0 -0.00167054
527 534 0 0 0 0 0 -0.125987 0 -0.125987
533 534 0.044325 0 0 0 0 0 0 0.044325
528 535 0 0 0 0 0 -0.0746864 0 -0.0746864
527 535 0 0 0 0 -0.859606 0 -0 -0.859606
534 535 0.0509158 0 -1.1308 0 0 0 0 -1.07988
527 536 0 0 0 0 -0 -0.106707 0 -0.106707
526 536 0 0 0 0 -0 -0.00599692 -4.97888e-15 -0.00599692
535 536 0.128038 0 -1.43099 0 0 0 0 -1.30296
536 537 0.00203902 0 0 0 0 0 0 0.00203902
537 538 0.0261775 0 0 0 0 0 0 0.0261775
538 539 2.08087e-05 0 -1.01875 0 0 0 0 -1.01873
540 541 6.98259e-05 0 -0 0 0 0 0 6.98259e-05
541 542 0.0186675 0 -1.21007 0 0 0 0 -1.1914
542 543 0.0809954 0 0 0 0 0 0 0.0809954
543 544 0.000231271 0 0 0 0 0 0 0.000231271
544 545 0.0624306 0 0 0 0 0 0 0.0624306
545 546 0.0925321 0 0 0 0 0 0 0.0925321
546 547 1.58704e-05 0 -0.934885 0 0 0 0 -0.934869
547 548 0.0143732 0 -0 0 0 0 0 0.0143732
548 549 0.060103 0 0 0 0 0 0 0.060103
549 550 0.0101422 0 0 0 0 0 0 0.0101422
550 551 0.158155 0 -1.115 0 0 0 0 -0.956849
551 552 0.0100447 0 -1.14594 0 0 0 0 -1.13589
552 553 0.0104019 0 0 0 0 0 0 0.0104019
553 554 0.000225638 0 -1.36639 0 0 0 0 -1.36617
554 555 0.0441496 0 -1.22196 0 0 0 0 -1.17781
555 556 0.00207736 0 -1.14182 0 0 0 0 -1.13974
556 557 0.00812947 0 -1.34624 0 0 0 0 -1.33811
557 558 0.0505661 0 0 0 0 0 0 0.0505661
558 559 0.0205476 0 -0.467701 0 0 0 0 -0.447153
560 561 0.00019863 0 0 0 0 0 0 0.00019863
561 562 0.000858974 0 -1.05629 0 0 0 0 -1.05543
562 563 0.0022488 0 -1.2634 0 0 0 0 -1.26116
563 564 4.68834e-05 0 -0.946746 0 0 0 0 -0.946699
564 565 0.00145791 0 0 0 0 0 0 0.00145791
565 566 0.252418 0 -0.631345 0 0 0 0 -0.378927
566 567 0.0102805 0 -1.03749 0 0 0 0 -1.02721
567 568 0.0176143 0 0 0 0 0 0 0.0176143
568 569 0.147775 0 -1.19588 0 0 0 0 -1.04811
569 570 0.00197163 0 0 0 0 0 0 0.00197163
570 571 0.0526047 0 0 0 0 0 0 0.0526047
571 572 0.00275087 0 -1.07676 0 0 0 0 -1.07401
572 573 0.0255995 0 -1.20936 0 0 0 0 -1.18376
573 574 0.0462758 0 -1.27893 0 0 0 0 -1.23265
574 575 0.230495 0 -1.13122 0 0 0 0 -0.900721
575 576 0.231229 0 -1.18164 0 0 0 0 -0.950414
576 577 0.0180078 0 0 0 0 0 0 0.0180078
577 578 0.0276824 0 -0.948512 0 0 0 0 -0.92083
578 579 0.0210215 0 0 0 0 0 0 0.0210215
580 581 0.0154235 0 -0 0 0 0 0 0.0154235
581 582 0.203228 0 -1.30036 0 0 0 0 -1.09713
582 583 0.28639 0 -1.40421 0 0 0 0 -1.11782
583 584 0.000879357 0 -1.27243 0 0 0 0 -1.27155
584 585 0.0261486 0 -0 0 0 0 0 0.0261486
585 586 0.0219668 0 0 0 0 0 0 0.0219668
586 587 0.0317736 0 0 0 0 0 0 0.0317736
587 588 0.00300567 0 0 0 0 0 0 0.00300567
588 589 0.00968023 0 0 0 0 0 0 0.00968023
589 590 0.0680797 0 -1.42665 0 0 0 0 -1.35857
590 591 0.127513 0 0 0 0 0 0 0.127513
591 592 0.00367759 0 -1.04709 0 0 0 0 -1.04342
592 593 0.00305661 0 -0.75372 0 0 0 0 -0.750663
593 594 0.0303759 0 -0 0 0 0 0 0.0303759
594 595 0.00290131 0 -0 0 0 0 0 0.00290131
595 596 0.00872066 0 0 0 0 0 0 0.00872066
596 597 0.00764845 0 -0.929307 0 0 0 0 -0.921658
597 598 0.0727241 0 -1.3707 0 0 0 0 -1.29798
598 599 0.022368 0 -0 0 0 0 0 0.022368
600 601 0.000794342 0 -0.991608 0 0 0 0 -0.990814
601 602 0.00655383 0 -1.1972 0 0 0 0 -1.19064
602 603 0.0301628 0 -1.03821 0 0 0 0 -1.00805
603 604 0.0119029 0 0 0 0 0 0 0.0119029
604 605 0.0295797 0 -1.20313 0 0 0 0 -1.17355
605 606 0.0162542 0 -0.781828 0 0 0 0 -0.765574
606 607 0.00918988 0 0 0 0 0 0 0.00918988
607 608 0.0159362 0 0 0 0 0 0 0.0159362
608 609 0.035977 0 -0.949138 0 0 0 0 -0.913161
609 610 0.0196979 0 -1.39352 0 0 0 0 -1.37382
610 611 0.0075428 0 0 0 0 0 0 0.0075428
611 612 0.0215674 0 -0.0224318 0 0 0 0 -0.000864316
612 613 4.59915e-05 0 -1.33326 0 0 0 0 -1.33321
613 614 0.0502306 0 0 0 0 0 0 0.0502306
614 615 0.00106857 0 0 0 0 0 0 0.00106857
615 616 0.0597993 0 0 0 0 0 0 0.0597993
616 617 0.147212 0 -1.38925 0 0 0 0 -1.24204
617 618 0.0152539 0 -1.37324 0 0 0 0 -1.35798
618 619 0.0346269 0 -1.43146 0 0 0 0 -1.39683
620 621 2.08767e-06 0 0 0 0 0 0 2.08767e-06
621 622 0.156418 0 0 0 0 0 0 0.156418
622 623 0.0234182 0 -1.34904 0 0 0 0 -1.32562
623 624 4.02488e-05 0 0 0 0 0 0 4.02488e-05
624 625 0.00932959 0 -0.769068 0 0 0 0 -0.759738
625 626 0.0184617 0 -1.29333 0 0 0 0 -1.27487
626 627 0.0631269 0 0 0 0 0 0 0.0631269
627 628 0.00949741 0 0 0 0 0 0 0.00949741
628 629 0.0215925 0 -1.26597 0 0 0 0 -1.24438
629 630 0.0301813 0 -1.37576 0 0 0 0 -1.34558
630 631 0.185891 0 0 0 0 0 0 0.185891
631 632 0.000252791 0 -1.37889 0 0 0 0 -1.37864
632 633 0.0247803 0 0 0 0 0 0 0.0247803
633 634 0.0911001 0 -1.02381 0 0 0 0 -0.932711
634 635 0.041478 0 -1.31967 0 0 0 0 -1.27819
635 636 0.105778 0 0 0 0 0 0 0.105778
636 637 0.00813646 0 -1.08523 0 0 0 0 -1.07709
637 638 0.0123175 0 -1.40864 0 0 0 0 -1.39632
638 639 1.14222e-05 0 0 0 0 0 0 1.14222e-05
640 641 0.00784514 0 -1.14267 0 0 0 0 -1.13483
641 642 0.00168636 0 -1.23633 0 0 0 0 -1.23464
642 643 0.172284 0 -1.31234 0 0 0 0 -1.14006
643 644 0.0077864 0 -1.36315 0 0 0 0 -1.35537
644 645 0.00125248 0 0 0 0 0 0 0.00125248
645 646 0.0104642 0 0 0 0 0 0 0.0104642
646 647 0.0305099 0 0 0 0 0 0 0.0305099
647 648 0.000259361 0 0 0 0 0 0 0.000259361
648 649 0.0212592 0 -1.29703 0 0 0 0 -1.27577
649 650 0.000224608 0 -1.0395 0 0 0 0 -1.03928
650 651 3.77664e-05 0 0 0 0 0 0 3.77664e-05
651 652 0.00502092 0 -1.11372 0 0 0 0 -1.1087
652 653 0.00257043 0 -0.876612 0 0 0 0 -0.874042
653 654 0.0581985 0 -1.22274 0 0 0 0 -1.16454
654 655 0.00684929 0 -0.237879 0 0 0 0 -0.231029
655 656 0.00221327 0 -1.31346 0 0 0 0 -1.31125
656 657 0.0103294 0 -1.3663 0 0 0 0 -1.35597
657 658 0.000431022 0 -0.840924 0 0 0 0 -0.840493
658 659 0.0740857 0 -0.624232 0 0 0 0 -0.550146
660 661 0.0292868 0 -1.2543 0 0 0 0 -1.22501
661 662 0.0585585 0 -1.39 0 0 0 0 -1.33144
662 663 0.0850331 0 -1.12773 0 0 0 0 -1.04269
663 664 0.0902337 0 0 0 0 0 0 0.0902337
664 665 0.00266219 0 -1.1254 0 0 0 0 -1.12274
665 666 0.0153032 0 -1.30745 0 0 0 0 -1.29215
666 667 0.00242634 0 0 0 0 0 0 0.00242634
667 668 0.078212 0 0 0 0 0 0 0.078212
668 669 0.184861 0 -1.05609e-05 0 0 0 0 0.184851
669 670 0.0174658 0 -1.27543 0 0 0 0 -1.25796
670 671 0.0273803 0 0 0 0 0 0 0.0273803
671 672 0.0725756 0 -1.23423 0 0 0 0 -1.16165
672 673 0.019881 0 -1.36566 0 0 0 0 -1.34578
673 674 0.0661005 0 -0.979955 0 0 0 0 -0.913854
674 675 0.0186415 0 0 0 0 0 0 0.0186415
675 676 0.0938543 0 0 0 0 0 0 0.0938543
676 677 0.0490172 0 -0 0 0 0 0 0.0490172
677 678 0.016258 0 -1.34302 0 0 0 0 -1.32676
678 679 0.0326055 0 0 0 0 0 0 0.0326055
680 681 0.0381487 0 0 0 0 0 0 0.0381487
681 682 0.0190658 0 -1.02801 0 0 0 0 -1.00895
682 683 0.000164177 0 -1.04271 0 0 0 0 -1.04254
683 684 0.00188453 0 -0.709642 0 0 0 0 -0.707757
684 685 0.334847 0 -0.952719 0 0 0 0 -0.617872
685 686 0.1175 0 -1.21426 0 0 0 0 -1.09676
686 687 0.0488597 0 -0.689005 0 0 0 0 -0.640145
687 688 0.212152 0 -1.17581 0 0 0 0 -0.963663
688 689 0.0235058 0 -1.20811 0 0 0 0 -1.18461
689 690 0.123254 0 -1.11165 0 0 0 0 -0.9884
690 691 0.262199 0 -0.706172 0 0 0 0 -0.443973
691 692 0.00159804 0 -1.10947 0 0 0 0 -1.10787
692 693 0.017143 0 -0.782238 0 0 0 0 -0.765096
693 694 0.119381 0 -1.07023 0 0 0 0 -0.950852
694 695 0.00266298 0 -1.23458 0 0 0 0 -1.23192
695 696 0.0514507 0 -1.28491 0 0 0 0 -1.23346
696 697 6.8673e-05 0 -0.862515 0 0 0 0 -0.862446
697 698 0.000581326 0 -1.38914 0 0 0 0 -1.38856
698 699 0.0516006 0 -1.21331 0 0 0 0 -1.16171
700 701 1.03816e-05 0 -1.38854 0 0 0 0 -1.38853
701 702 0.0022706 0 -1.33391 0 0 0 0 -1.33164
702 703 0.033008 0 -1.24013 0 0 0 0 -1.20712
703 704 0.269858 0 -1.03354 0 0 0 0 -0.763687
704 705 0.0990085 0 -1.31303 0 0 0 0 -1.21402
705 706 0.179791 0 -1.41512 0 0 0 0 -1.23533
706 707 0.0551017 0 -1.10922 0 0 0 0 -1.05412
707 708 0.00625233 0 -1.32302 0 0 0 0 -1.31677
708 709 0.00876013 0 0 0 0 0 0 0.00876013
709 710 0.00688349 0 -0 0 0 0 0 0.00688349
710 711 0.0675081 0 -1.04914 0 0 0 0 -0.981637
711 712 6.98544e-05 0 -1.20586 0 0 0 0 -1.20579
712 713 0.0706207 0 0 0 0 0 0 0.0706207
713 714 0.00588182 0 -1.06192 0 0 0 0 -1.05604
714 715 0.0954228 0 -1.25372 0 0 0 0 -1.1583
715 716 0.100042 0 -1.39739 0 0 0 0 -1.29735
716 717 0.0912079 0 -0 0 0 0 0 0.0912079
717 718 0.0751597 0 -1.1954 0 0 0 0 -1.12024
718 719 0.0933727 0 -0.0297408 0 0 0 0 0.0636319
720 721 0.0245438 0 -1.19307 0 0 0 0 -1.16853
721 722 0.00470624 0 0 0 0 0 0 0.00470624
722 723 0.118942 0 0 0 0 0 0 0.118942
723 724 0.131459 0 -1.40671 0 0 0 0 -1.27525
724 725 0.0135283 0 -1.14807 0 0 0 0 -1.13454
725 726 0.0239522 0 -1.03002 0 0 0 0 -1.00606
726 727 0.0119876 0 0 0 0 0 0 0.0119876
727 728 0.0601194 0 -1.1969 0 0 0 0 -1.13678
728 729 0.0196888 0 -1.26144 0 0 0 0 -1.24175
729 730 0.0030155 0 -1.08459 0 0 0 0 -1.08158
730 731 0.0186615 0 -1.20373 0 0 0 0 -1.18506
731 732 0.0353909 0 -0.9162 0 0 0 0 -0.880809
732 733 0.00192892 0 -1.3198 0 0 0 0 -1.31787
733 734 0.17461 0 -1.32008 0 0 0 0 -1.14547
734 735 0.00135195 0 -1.33215 0 0 0 0 -1.3308
735 736 0.248928 0 -1.0118 0 0 0 0 -0.762869
736 737 0.0107004 0 -1.20249 0 0 0 0 -1.19179
737 738 0.0708613 0 -0.887293 0 0 0 0 -0.816431
738 739 0.0104276 0 0 0 0 0 0 0.0104276
740 741 0.0536134 0 0 0 0 0 0 0.0536134
741 742 0.0231656 0 0 0 0 0 0 0.0231656
742 743 0.0183966 0 0 0 0 0 0 0.0183966
743 744 0.0308714 0 0 0 0 0 0 0.0308714
744 745 0.00690775 0 -1.29763 0 0 0 0 -1.29072
745 746 0.00272337 0 0 0 0 0 0 0.00272337
746 747 0.121186 0 -1.38109 0 0 0 0 -1.2599
747 748 0.0306168 0 0 0 0 0 0 0.0306168
748 749 0.109428 0 0 0 0 0 0 0.109428
749 750 0.060309 0 -1.1832 0 0 0 0 -1.12289
750 751 0.0402478 0 -0.764554 0 0 0 0 -0.724306
751 752 0.00140052 0 -1.39133 0 0 0 0 -1.38993
752 753 0.0028684 0 0 0 0 0 0 0.0028684
753 754 0.00247038 0 -1.14513 0 0 0 0 -1.14266
754 755 0.0269427 0 0 0 0 0 0 0.0269427
755 756 0.0143082 0 -1.04578 0 0 0 0 -1.03147
756 757 0.106496 0 -1.06809 0 0 0 0 -0.961599
757 758 0.113219 0 -1.25692 0 0 0 0 -1.1437
758 759 0.00379187 0 -0 0 0 0 0 0.00379187
760 761 0.275774 0 -1.2536 0 0 0 0 -0.977822
761 762 0.00414793 0 -0.854451 0 0 0 0 -0.850303
762 763 0.0888061 0 -1.41512 0 0 0 0 -1.32631
763 764 0.283783 0 -1.22467 0 0 0 0 -0.940885
764 765 0.00478286 0 -1.14076 0 0 0 0 -1.13597
765 766 0.0282515 0 -1.06785 0 0 0 0 -1.0396
766 767 0.00273567 0 -1.27619 0 0 0 0 -1.27346
767 768 0.0478864 0 -0 0 0 0 0 0.0478864
768 769 0.0662234 0 -1.36762 0 0 0 0 -1.3014
766 770 0 0 0 0 -0 -0.109486 -0 -0.109486
765 770 0 0 0 0 -0.68053 0 -0 -0.68053
764 770 0 0 0 0 -0 -0.145666 0 -0.145666
769 770 0.033468 0 0 0 0 0 0 0.033468
765 771 0 0 0 0 -0 -0.180754 0 -0.180754
764 771 0 0 0 0 -0.722282 0 -0 -0.722282
763 771 0 0 0 0 0 -0.206554 0 -0.206554
770 771 0.0285171 0 -1.41198 0 0 0 0 -1.38346
764 772 0 0 0 0 0 -0.110179 -0 -0.110179
763 772 0 0 0 0 -0.49879 0 -0 -0.49879
762 772 0 0 0 0 0 -0.165412 0 -0.165412
771 772 0.00516774 0 -1.30794 0 0 0 0 -1.30278
763 773 0 0 0 0 0 -0.138237 0 -0.138237
762 773 0 0 0 0 0 -1.8342e-05 -0 -1.8342e-05
761 773 0 0 0 0 0 -0.012853 0 -0.012853
772 773 0.0630194 0 -1.23233 0 0 0 0 -1.16931
773 774 0.121636 0 0 0 0 0 0 0.121636
774 775 0.0656715 0 0 0 0 0 0 0.0656715
775 776 0.0522715 0 -0.969871 0 0 0 0 -0.917599
776 777 0.0112723 0 -0.734468 0 0 0 0 -0.723196
777 778 0.0839405 0 -1.25564 0 0 0 0 -1.1717
778 779 0.0145961 0 0 0 0 0 0 0.0145961
780 781 0.105412 0 -0.936669 0 0 0 0 -0.831257
781 782 0.224315 0 -0.866293 0 0 0 0 -0.641979
782 783 0.00592667 0 -0 0 0 0 0 0.00592667
780 784 0 0 0 0 -8.73567e-20 0 0 -8.73567e-20
783 784 0.0176648 0 -1.18301 0 0 0 0 -1.16534
784 785 0.000295532 0 0 0 0 0 0 0.000295532
785 786 0.0839514 0 -1.17004 0 0 0 0 -1.08609
786 787 0.0106696 0 -0.926511 0 0 0 0 -0.915841
787 788 0.0125897 0 0 0 0 0 0 0.0125897
788 789 0.0114085 0 -1.26572 0 0 0 0 -1.25431
789 790 0.00377104 0 -1.32316 0 0 0 0 -1.31939
790 791 0.0448519 0 -1.12912 0 0 0 0 -1.08427
791 792 0.0270629 0 0 0 0 0 0 0.0270629
792 793 0.0165677 0 -1.27703 0 0 0 0 -1.26046
793 794 0.0680638 0 -0.978826 0 0 0 0 -0.910762
794 795 2.96513e-05 0 -1.26458 0 0 0 0 -1.26455
795 796 0.196608 0 0 0 0 0 0 0.196608
796 797 0.029219 0 -1.33191 0 0 0 0 -1.30269
797 798 0.0792789 0 -1.31714 0 0 0 0 -1.23786
798 799 0.0726337 0 0 0 0 0 0 0.0726337
#Total energy per particle is  -0.595108 and should be -0.59510810
