t = 200000
b = 100 100 100
E = -0.600252745475861 -0.600252745475861 0
55.4064722086831 241.637594265889 -217.662764332256 0.859617251140792 -0.467483924204874 0.206196416436271 0.118428119266434 0.574874867090395 0.809625634324171 0 0 0 0 0 0
55.4834918099902 241.671455022661 -217.140962060326 0.971577514334973 0.00621561121913403 -0.236640021585208 0.195682949271369 0.541452834543726 0.81764112624612 0 0 0 0 0 0
55.6864927564857 241.726001101187 -216.694029065936 0.516904556816533 0.621514295115058 -0.58866769922422 0.112396353886302 0.632433724832979 0.766416755640786 0 0 0 0 0 0
56.0257343132231 241.878058728566 -216.356361077169 -0.255422219463579 0.796449154104776 -0.54811334113492 0.295162649064309 0.604089347180596 0.740239874108563 0 0 0 0 0 0
56.3254987633901 242.248754164734 -216.251590878968 -0.801927342822155 0.587758794730994 -0.107014653438522 0.366032370259651 0.624952629998711 0.689532098005449 0 0 0 0 0 0
56.4707451542511 242.651864134338 -216.094727546941 -0.877017548860537 -0.163991875775633 0.451604787032029 0.266935192719066 0.615214873286009 0.741792600782534 0 0 0 0 0 0
56.3438670242005 243.102059818494 -216.022166277264 -0.140368954213727 -0.593158830310881 0.792754160327886 0.514549890961975 0.64036051959613 0.57024276817299 0 0 0 0 0 0
56.3124100314833 243.438002626182 -215.649000568316 0.65188679919772 -0.716167364405533 0.249294819826213 0.58802158656064 0.684978663106948 0.430156767733493 0 0 0 0 0 0
55.5149839322057 244.23079021997 -215.453443595579 -0.2834449760957 0.468029647968004 -0.837022815787631 0.780235287800559 -0.394926779734327 -0.485041992325874 0 0 0 0 0 0
55.5786789338972 243.48162936438 -214.112059340475 -0.495003593720463 -0.516413206895369 0.698776675303253 -0.302662457725243 0.856328429842935 0.418446002402281 0 0 0 0 0 0
56.0707605999864 243.230649545307 -214.501870232989 0.660976138205467 0.69469364753059 -0.283745098290053 0.0221862470073389 0.359865065324611 0.932740534769795 0 0 0 0 0 0
56.439043298098 243.311974016435 -214.159606684441 -0.117714221888233 0.981633121716298 -0.150132529169278 0.045423417249438 0.156347916697032 0.986657003274127 0 0 0 0 0 0
56.5220588658195 242.979277682148 -214.861034464014 -0.523568373231091 0.799497043475913 -0.294415753697767 -0.515343078391874 -0.572363805550155 -0.637825356700195 0 0 0 0 0 0
56.0523054652021 242.791686207472 -214.99380590448 0.0106969778795229 0.890308851193417 -0.455231506105304 -0.558098366378911 -0.372435743758054 -0.741497019695006 0 0 0 0 0 0
55.6581235018097 242.836482085257 -215.23864958675 0.680125868648565 0.210373927913074 -0.702261783987609 -0.58412352051439 -0.423328449549415 -0.692526343602872 0 0 0 0 0 0
55.4245034292721 242.862238162507 -215.73128806825 0.943925373948754 -0.142105801012223 -0.298011459065552 -0.327795534162093 -0.295565249730395 -0.897324507040344 0 0 0 0 0 0
55.4281120273411 242.996326912001 -216.254645897653 0.685421050424812 -0.727252024193465 0.0360898454008201 -0.36954687224708 -0.390141594837154 -0.843341357452795 0 0 0 0 0 0
54.8787040763791 244.2926262888 -216.233117005275 -0.0675237818626755 0.744326066072143 0.664393893897685 -0.997713058492111 -0.0523979843512676 -0.0426978237178742 0 0 0 0 0 0
54.4464572178499 244.195014882207 -216.088387936827 0.062653437545772 0.997936919201921 -0.0140161356113596 -0.89864813960589 0.050299258410571 -0.435776899096568 0 0 0 0 0 0
53.9433037252878 244.31377091551 -216.016591055406 0.30853366351242 0.6319466965563 -0.710950315557413 -0.929390339432653 0.0410937362943615 -0.36680362839894 0 0 0 0 0 0
-61.3797405549881 5.56188412024844 312.35374361693 0.53668480518421 -0.43100117169031 -0.725401550788228 -0.16650386304113 0.788702046315878 -0.591798568542986 0 0 0 0 0 0
-61.121737207073 5.41240539298396 313.142772686967 -0.5951025586673 -0.207764007792959 0.776329222516736 0.0372520846260643 -0.972097521829809 -0.231600281181515 0 0 0 0 0 0
-61.0741272950385 4.81134935570916 312.965336733724 -0.610780875145469 0.01286905221283 0.791695086540063 -0.0943037887892587 -0.993933356573459 -0.0565975097562415 0 0 0 0 0 0
-61.0073523479069 4.37007175123948 313.245377914976 -0.991832497372024 0.0406111656453767 -0.120909182371305 -0.0149677814414622 -0.978465696462049 -0.205866088430703 0 0 0 0 0 0
-60.1446580294229 3.55923579349794 313.403183959151 -0.582322517968059 -0.795382084093338 -0.168130382057136 -0.650094606702695 0.331415983355774 0.68376929465456 0 0 0 0 0 0
-59.2900478865815 4.27345108351992 312.625599138251 0.875122367285978 0.0973412344226682 -0.47401004879312 0.347760302119881 0.554636572116715 0.755937196558093 0 0 0 0 0 0
-58.9325861519808 4.32526946083545 312.912399766919 0.094335271468567 0.807025364759211 -0.58293302976604 0.346040939393153 0.522452412671863 0.779294004055757 0 0 0 0 0 0
-58.4862416202801 4.54423149594978 313.062019066194 -0.669473674835989 0.740069263664642 -0.0640506337242037 0.481699526458851 0.498148563873685 0.720980980692213 0 0 0 0 0 0
-58.269267325294 4.93333215876937 313.384467588574 -0.761647216084679 0.570978270501709 -0.306394080956756 0.321243244715909 0.743353215745315 0.58671012805771 0 0 0 0 0 0
-58.1194861227878 5.39863539137267 313.40875393421 -0.969874988855056 0.150496509955565 0.191554969877053 0.225811178420624 0.850417595770569 0.475183358824879 0 0 0 0 0 0
-57.5836695226097 4.71282437451116 312.559264259986 0.0794925785273112 -0.993204603664018 -0.0850032071140931 -0.783372897317263 -0.114975742279643 0.61082524705189 0 0 0 0 0 0
-57.0474843384576 5.02113843554406 313.013731871608 -0.519816468028664 0.115205811495124 0.846474134610122 -0.852697951812756 -0.130207932102845 -0.505917085491122 0 0 0 0 0 0
-56.4832393355722 5.32344463659089 312.894900150671 -0.393457788932903 -0.580028388677965 0.713272764554819 0.352092762568517 -0.811767664270905 -0.46590121891988 0 0 0 0 0 0
-56.5815100918462 6.06982014376304 313.604794725739 -0.0686696023112247 0.327476683937129 0.942360603588648 -0.891457950575922 -0.444196144145932 0.0894008270703516 0 0 0 0 0 0
-56.7677063102462 5.78388721048833 313.867940849461 -0.459620818568498 0.793942980198805 0.397999054435389 -0.870578384515146 -0.491387512979367 -0.0251314246104542 0 0 0 0 0 0
-57.0432991117677 5.50009459431196 314.135426602993 -0.511928450288262 0.818187230009163 -0.261722980334918 -0.857792367199966 -0.503224551697201 0.104677148139553 0 0 0 0 0 0
-55.9795340750393 4.9617597760619 314.121535750204 0.624538863774403 -0.0949707712459609 -0.775197884571627 -0.189056295256719 0.94467378925282 -0.268046915898175 0 0 0 0 0 0
-55.8280888674743 5.46286242731897 313.988950428813 0.110699911267853 -0.48862678617066 -0.865441733152395 -0.18840143638547 0.844687155866097 -0.501007492441715 0 0 0 0 0 0
-55.3687825989055 6.06413371024124 314.64898201005 -0.683249119948675 0.404423378302799 0.60795754059927 0.38403269647274 0.907180555452063 -0.171878817338157 0 0 0 0 0 0
-55.5152487494725 6.48164434656049 314.441458236594 0.184251095565516 0.261646267096646 0.947413724144472 0.387074107300845 0.866705664700446 -0.31463459160336 0 0 0 0 0 0
62.7070598704606 -18.1516309242255 -23.2818969580668 -0.0730779418337396 -0.386132841914886 0.919543931964144 0.950909288921321 -0.304984438039367 -0.0524977789716768 0 0 0 0 0 0
63.1636498052187 -18.1737078510556 -23.091337877682 -0.223850382938937 -0.949135415548587 0.221433893091149 0.965248662831234 -0.184462545325683 0.185117768662237 0 0 0 0 0 0
63.6287875555641 -18.4131930325271 -23.0504856314101 -0.570189904709486 -0.802645881190371 0.175051598037609 0.800599882405692 -0.495139571281298 0.33745612047104 0 0 0 0 0 0
63.8518277343562 -18.5591419028099 -22.5906667333981 -0.0967567867043385 -0.812818536865549 -0.574425060694953 0.887058923940072 -0.332170261011021 0.320607833900159 0 0 0 0 0 0
64.2064701152492 -18.9272323162746 -22.4216019168845 0.0425176020963833 -0.174159704980053 -0.983799090603988 0.947016492443286 -0.306742615444452 0.09522988454636 0 0 0 0 0 0
64.2925690299581 -19.4323709858455 -22.0318660190836 0.1892192301246 0.2121995046194 0.95873221140751 -0.378057648442452 -0.88535967642876 0.270574680648661 0 0 0 0 0 0
64.4596111016392 -19.8640895334015 -21.836989686114 -0.760159131040672 0.366473168353872 0.53652167931237 -0.370889467195247 -0.922745049380884 0.104797790848354 0 0 0 0 0 0
64.3311473347144 -20.2709707640934 -21.5039945886467 -0.870686988551821 0.450434251944 -0.19751747427053 -0.463269725067884 -0.885949798578368 0.021774210306633 0 0 0 0 0 0
65.2133242295227 -20.5961626936001 -22.0460400466339 -0.385833220208098 -0.254757730890515 -0.88669680541624 0.894031535139524 0.133950199921375 -0.427510184810946 0 0 0 0 0 0
65.6012187996883 -20.9030089224016 -22.2741993195541 -0.377046798213179 0.579705214163556 -0.722341731197067 0.911052536039569 0.0916896477989071 -0.401965527206478 0 0 0 0 0 0
65.6952522212811 -21.604949954322 -22.4400222492208 0.96113670269289 -0.184557480663443 0.205316280571712 0.254351509331418 0.881130743602242 -0.398640091285096 0 0 0 0 0 0
64.1672758408994 -21.1723686712446 -22.5986521095385 -0.918394639923777 -0.137333947714996 -0.371066937579045 -0.391129413922105 0.456719623899187 0.799014997800627 0 0 0 0 0 0
63.8574651176948 -20.7426034309583 -22.3976123370515 -0.69032898782074 -0.719478378078508 -0.0761364042486451 -0.60228766645303 0.513179352812379 0.611470783182345 0 0 0 0 0 0
63.4236120868385 -20.4891344616475 -22.3877646158504 -0.203960989830826 -0.766229312100593 0.609337801145704 -0.507564912725498 0.614998409968711 0.603452413290323 0 0 0 0 0 0
62.9731379372253 -20.4793631385045 -22.1821724376697 0.598558474063281 -0.134830369440996 0.789650887800072 -0.584456926857844 0.600630146041336 0.545576326753873 0 0 0 0 0 0
62.6265010950324 -20.4441476330481 -21.8160339641437 0.78935784832985 0.549494296667152 0.273806875754319 -0.595616341725203 0.577298277584976 0.558540841986784 0 0 0 0 0 0
62.4513223978177 -20.3737936540946 -21.4469458305151 0.306952874810131 0.808844315054075 -0.501548409079822 -0.705502857169313 0.547088240806257 0.450511015733744 0 0 0 0 0 0
62.6465523823833 -20.3659693910342 -20.7469094143695 -0.0354423557161727 -0.887973701819112 0.458526492472302 -0.0648188522396098 0.459891211710827 0.88560634019043 0 0 0 0 0 0
63.1411815111663 -19.0260060186905 -21.3888443544595 0.371462601148632 0.898232770369839 -0.234932812058291 -0.759479546734017 0.439519982395392 0.479596708879291 0 0 0 0 0 0
62.667899809731 -18.9606075901791 -20.9525897484705 0.453775085123102 -0.557483360321734 0.695198155266475 -0.426204839075879 0.549350820065631 0.718723251078969 0 0 0 0 0 0
116.510275699158 -272.193218832881 170.471090275548 0.351028852580165 0.786512666903045 -0.508110784629999 0.762861597239391 0.0744470619458337 0.642261487577294 0 0 0 0 0 0
116.195221345629 -273.447254639639 171.054087780383 -0.0898768901629918 -0.99189827630228 -0.089777247023926 0.477243803816608 0.0362268795880453 -0.878023897689561 0 0 0 0 0 0
116.613018055347 -273.488107733421 170.770395240566 -0.630248591934525 -0.743448294083671 -0.223766276254104 0.300544327316257 0.0321237585385744 -0.953226715663894 0 0 0 0 0 0
116.831396095606 -273.70908542346 170.338517312665 -0.978207636582995 -0.164009471087914 -0.127321298784507 0.143232421796578 -0.0891065577267211 -0.985669566698892 0 0 0 0 0 0
117.744471492743 -274.369013687576 170.319548129513 0.571813982720381 -0.302019326908277 -0.762766737174168 0.808834820284498 0.363003636408068 0.46261711322633 0 0 0 0 0 0
118.164299114796 -274.376006433416 170.620785792648 0.187829486040306 0.663203253901105 -0.724487079380178 0.796619276794 0.328619941844358 0.507352600922097 0 0 0 0 0 0
118.680825645106 -274.41065486356 170.60358899083 -0.40304797584708 0.913025816325979 -0.0627390459590413 0.795884794836689 0.383528818125144 0.468479496899588 0 0 0 0 0 0
119.091188419911 -274.065468124609 170.505528113294 -0.656685605500507 0.416580139140457 0.628669231951231 0.740374799030396 0.514782286420717 0.432254964746688 0 0 0 0 0 0
120.337118479266 -274.035114267906 170.143948798214 0.943748744749199 -0.0961179535208145 0.316385280623611 -0.0903952684680012 0.84537659785361 0.526466621202194 0 0 0 0 0 0
120.427315658823 -273.950047389945 170.644428904701 0.904519456290637 0.372913285862926 -0.206833832867368 -0.0965350323516575 0.65150631776137 0.752476249090884 0 0 0 0 0 0
119.934674425805 -273.678082548194 171.10292491373 -0.805603908808512 -0.109206324356364 -0.582302602461142 -0.422131068788085 0.795441655219951 0.434830925653609 0 0 0 0 0 0
119.782037136131 -273.239039155976 171.119090377115 -0.826772547077928 -0.523852181687152 0.205002553983812 -0.359985440238881 0.772731207980929 0.522778120265524 0 0 0 0 0 0
119.418949643114 -272.905686843774 171.124084653665 -0.232980459204798 -0.531787928827416 0.814200039537072 -0.458792466415461 0.798315241180803 0.39013106574439 0 0 0 0 0 0
119.093420090084 -272.619853092845 171.357154219592 0.638817067941807 -0.258245829841784 0.724721908786785 -0.0520780046059875 0.925306680290614 0.375626714765901 0 0 0 0 0 0
118.983662649504 -272.179027610255 171.714692984015 0.954000855294242 -0.197810101266405 0.225285445457158 0.115528235873447 0.935965767803294 0.33259781751593 0 0 0 0 0 0
117.949727247394 -271.449471463937 171.740716440829 -0.973021037136741 0.104636880916727 0.205623890735875 0.168289914579386 0.931555070902816 0.322309873454279 0 0 0 0 0 0
117.821937044054 -270.985790515031 171.742997514073 -0.580596800125086 -0.32758168872137 0.745384191473744 -0.115084514472515 0.939317313867284 0.323169519598887 0 0 0 0 0 0
117.503339204433 -270.323173393371 172.268650095872 -0.666894625964116 0.248926391700394 0.702344081896618 -0.727225165182424 -0.422928681037431 -0.540624536884274 0 0 0 0 0 0
118.179309129666 -269.55109350007 172.614939280473 0.481935442170716 0.544391294729855 0.686568531031002 0.113050851500806 0.738386527002255 -0.664834446848605 0 0 0 0 0 0
117.837345505059 -269.15953085239 172.59072596284 0.88909636148317 0.380154378877532 0.254931967822057 -0.209791447429985 0.833465272560674 -0.51119779735499 0 0 0 0 0 0
-8.69645791803831 123.393992995265 252.468349668581 0.227312869007215 -0.831220611759066 -0.507347173216323 -0.968277365932315 -0.137406794584216 -0.20870628985555 0 0 0 0 0 0
-9.25526145301333 123.34917657581 253.358849932331 -0.209025168717297 0.407914003683049 0.888771424181702 0.911461750872263 -0.248035528579176 0.328200934275511 0 0 0 0 0 0
-8.35608733729927 122.924369260451 252.770645544148 0.494542661641794 0.476039825868948 -0.727195737063214 0.0178445776180579 -0.842056120698662 -0.539094667608161 0 0 0 0 0 0
-8.32774488154209 122.331412921139 252.460170988548 0.231531192667194 0.774550948304845 -0.588612041417921 -0.148146219476668 -0.569923642913658 -0.808232478252882 0 0 0 0 0 0
-8.71550140012303 122.251360698522 252.081018357943 0.92291559336511 0.136733601432378 -0.359903778478164 -0.199048379966854 -0.630719188973239 -0.750048696481442 0 0 0 0 0 0
-8.67135575264115 122.050619445494 251.444281568691 0.935331826732741 0.0685826868878882 -0.347060209416222 -0.170868679346635 -0.77143518291753 -0.612936907826029 0 0 0 0 0 0
-8.68158083781464 121.739243499877 250.990078029941 0.980177136031549 -0.0696037812072689 0.185494193015956 0.0752904291620228 -0.735158114572151 -0.673701638602222 0 0 0 0 0 0
-8.48065506874471 121.515950760011 250.505191118482 0.727004727496185 -0.242359908689011 0.642437390613632 0.345089673493503 -0.679915889156555 -0.647014297307717 0 0 0 0 0 0
-7.96500778632165 121.091645611417 249.676569406889 0.348455311604102 -0.46824030087186 -0.81199132781965 -0.881367993230167 -0.458513851098468 -0.113822268736306 0 0 0 0 0 0
-8.42333548830351 120.778847734511 249.639699985105 0.696464616209633 -0.355636251305841 -0.623265509333782 -0.611141117836394 -0.749171572300987 -0.255437838516048 0 0 0 0 0 0
-8.72818875888146 120.546117212148 249.290666987188 0.854773612712087 -0.487118369989459 0.179102665055381 -0.386060801399929 -0.827406215888799 -0.407867639720317 0 0 0 0 0 0
-8.71472496761746 120.098202843874 249.079891268677 0.437918910064062 -0.35289664534426 0.826856085369801 -0.309753518214659 -0.922647124630545 -0.229728190182722 0 0 0 0 0 0
-8.4441716067455 119.805312070126 248.882734922888 -0.518776807142648 -0.368354309300512 0.771482810690311 0.00840631393681826 -0.904568656822793 -0.426245092616683 0 0 0 0 0 0
-8.35669522619037 119.251398105461 248.826731797699 -0.970275015575405 0.167857213256631 0.174328282581642 -0.226905076368563 -0.881468903373775 -0.414157770304038 0 0 0 0 0 0
-8.6222671905212 118.977308823885 248.602276920716 0.176189254426325 -0.494737549120673 0.850994773259369 -0.0965491477583682 -0.86903605459226 -0.485236641120444 0 0 0 0 0 0
-8.76229374847239 118.274059202835 247.933954496659 0.616301230276499 -0.605822266059991 -0.503142301447227 0.430393361674192 -0.27593044337827 0.859432338607211 0 0 0 0 0 0
-8.63249670954633 117.904601287406 248.444290942058 0.803866607493987 -0.179076219185601 -0.567212645379402 0.379226477170058 -0.580357882038402 0.720674689280182 0 0 0 0 0 0
-8.4307312991684 117.455611024147 248.609099490054 0.893894735337626 0.38183386708687 -0.234851229677772 0.432182255744152 -0.594943824010804 0.677687497369767 0 0 0 0 0 0
-8.02790472114569 117.253008486072 248.938903452082 0.619696286138738 0.525013189988886 -0.58338466150864 0.77737916339244 -0.30833899573172 0.5482779404959 0 0 0 0 0 0
-8.51226581662658 116.144352896799 249.287088931849 0.183198893034887 -0.820170639644625 -0.541994730099582 0.418843340953886 0.56390142027019 -0.711748160486453 0 0 0 0 0 0
100.641368018361 143.016406027286 -38.6224237092066 -0.0194282264438958 0.76547646703676 0.643170523601763 0.977759003653726 0.148910448036102 -0.14769227887659 0 0 0 0 0 0
100.502996803859 142.695761562166 -38.2584316839745 -0.915226886110837 -0.381149432640198 -0.130709054536845 0.208743620646167 -0.725962256486813 0.655289938116025 0 0 0 0 0 0
100.234560301846 142.388707729655 -37.2978789149446 -0.555600532503465 -0.329154053520404 0.76352187744226 0.800023232079744 0.0384460084594847 0.598735945610595 0 0 0 0 0 0
100.419701879352 142.615929957692 -36.8720220303432 -0.248175100454162 -0.923145788558107 0.293617050904742 0.844202722728021 -0.0574456713208857 0.532936917266095 0 0 0 0 0 0
100.420556036322 143.693620139661 -36.4026302421814 0.647118471662161 0.690765919817294 0.322614518663679 0.165052054571323 -0.540061841801182 0.825282391858751 0 0 0 0 0 0
100.605012295559 143.438539665697 -35.938082130325 0.124323730740341 0.984842917726845 0.120946423585316 0.250411551948481 -0.149088127700111 0.95659123183815 0 0 0 0 0 0
100.895633958955 143.52644661086 -35.6047150733803 -0.751851470713863 0.61256614928786 0.243889480568647 0.23982309100221 -0.0904879632410243 0.96659030283292 0 0 0 0 0 0
101.012143424509 143.737551292164 -35.0761740079013 -0.975033711758971 -0.0738549950412434 0.209415139474162 0.181362726521866 0.27929525866006 0.942921905524824 0 0 0 0 0 0
100.9677769856 144.075445519755 -34.7072725861453 -0.428327093922937 -0.885160169080374 0.181734354719011 0.327227678105033 0.0355270953334326 0.944277433903383 0 0 0 0 0 0
100.832396051493 144.124158645457 -34.1838843917349 0.162595552699027 -0.971069407350388 -0.174891087110418 0.578033066430611 -0.0499044887458581 0.814485921373623 0 0 0 0 0 0
100.262502373665 145.269936127843 -34.8090884370696 -0.5407907341953 0.328669809627916 -0.774287761783471 -0.837666647764652 -0.126657791240127 0.531293131087635 0 0 0 0 0 0
99.8753559705324 145.479433297951 -34.591665276474 -0.53763158562661 -0.430094570386732 -0.725238539144514 -0.797820348794515 -0.0188243974878365 0.602601305266275 0 0 0 0 0 0
99.3498503628758 145.370550909124 -34.4673832784424 -0.158736040333363 -0.644994854798074 -0.74751890061944 -0.883691449847219 -0.244850230451798 0.398920776739719 0 0 0 0 0 0
98.8497853670582 145.46332743138 -34.4946067416434 0.208469837953158 -0.970069111074088 -0.124524079614001 -0.952318666620162 -0.230339079040204 0.200082647607703 0 0 0 0 0 0
98.4481329227342 145.277880977389 -34.711995839656 0.317261158524683 -0.541719295673976 0.778386511950244 -0.94775937200846 -0.152445239019506 0.280201038310738 0 0 0 0 0 0
98.113773602629 144.923548478804 -34.691461482896 0.211113485301207 0.254542421157812 0.943736855354869 -0.957135404116807 -0.142039723051438 0.252421344702916 0 0 0 0 0 0
97.8487992502587 144.643165282967 -34.403783959955 0.0303966552376215 0.808525095821648 0.587676112137426 -0.8945769473517 -0.240268932279206 0.376832755275233 0 0 0 0 0 0
97.4582760345689 144.457233021134 -34.0690901406052 -0.0871209904575311 0.983222104461178 -0.160262991113452 -0.97362876580351 -0.0499885976820505 0.222594174455928 0 0 0 0 0 0
97.640063201422 142.941169966397 -34.3918791349739 0.33358255204197 -0.887116650910214 -0.31897763033011 -0.805832220776954 -0.0927287771162613 -0.584838273245011 0 0 0 0 0 0
96.8250426310913 144.242830179435 -34.4673342174029 -0.484034277422183 0.870445788525414 0.0896378687762952 -0.212238208810174 -0.216160980500566 0.953010688938001 0 0 0 0 0 0
-67.1827642256273 -114.130929623344 81.0837898107675 -0.550151058240522 0.578716896270916 -0.602013759882108 -0.829973496876911 -0.458430096149051 0.317782695291428 0 0 0 0 0 0
-66.9285973178741 -114.445481112478 81.8682438767528 -0.892937642715859 -0.40549609944101 -0.195538434992132 -0.096857724466409 0.597232231453581 -0.796198620272709 0 0 0 0 0 0
-67.0152166662444 -113.308077719863 81.7919599662416 0.356478920609973 0.933680647814951 0.0341061146512323 0.924664052191681 -0.357796108235572 0.130300942114546 0 0 0 0 0 0
-66.4817043651159 -113.344457886974 81.5853157470974 0.0476591849278809 0.659596871504553 0.750107038490785 0.899301830429717 -0.355166455751395 0.255172503406526 0 0 0 0 0 0
-65.8368711956703 -113.419748341048 81.3182875391314 -0.0291486461457823 -0.434501695665521 0.900199218446481 -0.85456246405423 -0.456344873053945 -0.24793618506975 0 0 0 0 0 0
-65.1358470983507 -113.587992465967 80.95982461394 0.362633272910737 0.224891437316116 -0.904389822366406 -0.0431149687942193 -0.965358563170741 -0.257340132856879 0 0 0 0 0 0
-65.4090223171795 -114.06401558279 80.7843808703366 0.752455033365958 0.171642637999445 -0.635885388716258 -0.170679830554 -0.88165293599646 -0.439950560734817 0 0 0 0 0 0
-65.5726893500822 -114.346937274807 80.347955541423 0.990916266206718 -0.125470484279719 0.0483953607440742 -0.0900879252380486 -0.886524629649311 -0.453826229686491 0 0 0 0 0 0
-65.5375121522517 -114.636657884875 79.891257170837 0.71059719981616 -0.301334750964861 0.635805778107103 0.162391143799607 -0.809010312465672 -0.564917189276137 0 0 0 0 0 0
-64.904589127238 -113.845876077409 80.1393945979178 0.859287102610884 0.391548179825215 0.329113503463703 0.269433797265874 0.200436692539383 -0.941929169935174 0 0 0 0 0 0
-64.8064451208032 -113.503457973266 79.7290413339311 0.902229544741413 -0.302797540448422 0.307075720456842 0.377981480467524 0.212399830744824 -0.901119477274323 0 0 0 0 0 0
-64.5341521817136 -113.188668769227 79.5263169504524 0.353048385980181 -0.909917483308097 -0.217731510643379 0.492874631675007 0.378686320267432 -0.783371730593808 0 0 0 0 0 0
-65.0936694247458 -112.203017260247 79.9394887592025 -0.932704324444398 -0.00944560363258909 -0.360518271013739 -0.360594369536199 0.0406695350032848 0.931835655886491 0 0 0 0 0 0
-65.3846825924093 -111.961619235927 80.2149131182984 -0.69329571805909 -0.692795189150992 -0.198433548600462 -0.500781039822413 0.265138788148971 0.82396588107353 0 0 0 0 0 0
-64.6265380939601 -111.410501465177 79.7323505287077 -0.43984314597596 0.108295511548839 -0.89152122191025 -0.866220142324774 -0.313203824890258 0.389314820042804 0 0 0 0 0 0
-63.4269696979974 -111.264279691903 79.527070509559 0.919864968805105 0.263767527409043 -0.290301792363917 -0.383284439985257 0.761679132484397 -0.522434624812526 0 0 0 0 0 0
-64.7037903484292 -110.690255055993 79.6975284861409 -0.943189610815815 0.227525943794246 0.242126625858554 0.101903432578236 -0.495520196926695 0.862598066811248 0 0 0 0 0 0
-64.6089781461349 -110.598297942558 80.2648649776272 -0.781470952113145 -0.590825655347851 -0.200569678631037 0.159028485810704 -0.499446856912462 0.851623612766237 0 0 0 0 0 0
-64.8823147992518 -110.780108806327 80.6598089326727 -0.0558903623189576 -0.832319365591473 -0.551471432679213 0.424134059620767 -0.519814085114636 0.741554864043142 0 0 0 0 0 0
-64.4128510575571 -110.460954962539 81.7676321633724 0.0151581219397336 -0.625432732033324 0.780130840975149 -0.999762750403886 0.00272534828645268 0.0216105386692448 0 0 0 0 0 0
-104.791324909609 175.433533228122 98.8064783507844 -0.181365996084121 -0.981340450699567 -0.0638537022042212 0.101096293602683 0.0459812300945805 -0.993813496536845 0 0 0 0 0 0
-104.455510915904 175.213606070225 98.4780246132128 -0.941423432202993 -0.277273814566261 -0.191940493526017 0.23736192881273 -0.140526274594003 -0.961203246404751 0 0 0 0 0 0
-104.379854583404 174.927609584373 98.0686711678136 -0.703209339437419 0.650189638284865 -0.287663100162299 0.431543942321787 0.0687839810832685 -0.899465724634189 0 0 0 0 0 0
-104.583472691501 174.857539349964 97.6561726869304 0.231101799238022 0.967723663713282 -0.100513029395652 0.421665710263723 -0.192726068845861 -0.886033120811525 0 0 0 0 0 0
-104.695428321238 175.01415507951 97.2021811584871 0.9249659697753 0.379022555094667 0.0279259285816798 0.0864917086453863 -0.138383086831359 -0.986594803156101 0 0 0 0 0 0
-104.528976891383 174.708473636499 96.9075348042186 0.176375464696315 -0.871220571193555 0.458111789612901 -0.946888657087346 -0.277301767123133 -0.162805408478069 0 0 0 0 0 0
-104.840324387193 174.360765963707 96.6918279625247 0.0794471863957034 -0.37994315502879 0.921591744494586 -0.938617267966038 -0.339843974854203 -0.0591920352012522 0 0 0 0 0 0
-105.191977721006 173.975588382476 96.7606500265988 -0.0785944424033745 0.344944373958808 0.935326837259291 -0.941327997995629 -0.334574247360027 0.0442907800000484 0 0 0 0 0 0
-105.260473835001 173.031618921541 96.7548994939505 -0.871404003272405 -0.473151983119261 -0.129546377607162 -0.0891626800664425 0.412436365363586 -0.906612519772943 0 0 0 0 0 0
-105.266125372126 172.593529686519 96.2973833361517 -0.821635563666899 0.0605070008881082 -0.566792645825 -0.299928667143052 0.799678038388511 0.520151737039199 0 0 0 0 0 0
-105.073562823334 171.658203887889 97.2255533654528 -0.0270946296881552 -0.891966510102047 0.451288849738654 -0.0704548124106513 -0.448627920581712 -0.890937207822588 0 0 0 0 0 0
-104.832343511503 171.326336246403 96.9479913836397 -0.908152354512477 -0.372015325379973 0.191999736134918 -0.0321233498855285 -0.395351289901167 -0.91796810835977 0 0 0 0 0 0
-104.853424339779 170.881497288901 96.730186940975 -0.969425750568224 0.237744293779902 -0.0607566038413212 -0.118644402598971 -0.670858501480518 -0.732033043464056 0 0 0 0 0 0
-105.243464282145 170.575896485661 97.3569399207551 -0.987434473733089 0.0986363196328739 -0.123466742618164 -0.157971132820962 -0.637236173088407 0.754304435160568 0 0 0 0 0 0
-105.406261565506 170.519799635273 97.8301934604835 -0.618558834828599 -0.563341251102284 -0.547751405896872 -0.0356271493226412 -0.67629130173671 0.735772234748233 0 0 0 0 0 0
-105.645380982471 170.273523962392 98.2231382731538 0.136206751146304 -0.605100100952422 -0.784411619476367 -0.165645961742119 -0.794554556095572 0.584161341365806 0 0 0 0 0 0
-106.229896239303 169.448713541737 98.6014293008584 -0.667231566299183 -0.741583662653776 0.0696829119580245 -0.740059531190269 0.649438955363144 -0.174759645087955 0 0 0 0 0 0
-106.584137568374 169.58038830678 98.3714604220306 -0.551748483713776 -0.281557728478129 0.785047040790413 -0.516325257311037 0.854532971100101 -0.056405939097987 0 0 0 0 0 0
-107.031827398413 169.74500239374 98.2632640513171 0.0784477155390449 0.186098391241316 0.979394376491973 -0.678125430188212 0.730082868361355 -0.084409159795062 0 0 0 0 0 0
-107.517998198863 169.920709414924 98.4177249329415 0.593007629433294 0.399577119859125 0.69905656188823 -0.649764139999328 0.750221337023724 0.122370371598972 0 0 0 0 0 0
50.6483026430601 -36.0811087647806 -191.366668295019 -0.919742649135877 -0.32297848204851 -0.223065818748995 -0.0477642581218264 0.656156251612229 -0.75311191008791 0 0 0 0 0 0
51.8307561690272 -35.6121282345291 -190.521392251676 0.857727694184501 0.308198598644334 0.411481258895964 0.396377907097712 0.113257764635595 -0.91107476834483 0 0 0 0 0 0
51.9880584208456 -35.4685278667902 -190.984322000742 0.760671841988654 -0.228844383760805 0.607460778015113 0.644914610847657 0.159863657237087 -0.747347814481315 0 0 0 0 0 0
52.3307447304211 -35.1696914912835 -191.048866287343 0.567214745659542 -0.820918433535183 0.0660330052967628 0.682905386742623 0.424005005162959 -0.594861318590028 0 0 0 0 0 0
51.3864207681828 -34.1117949192371 -191.108058808595 -0.977178121394721 0.0831813327504049 -0.195457885359868 -0.118359737600073 0.550860615505966 0.826161942236285 0 0 0 0 0 0
51.2700433399676 -33.6252879159134 -190.836987011336 -0.86391723840336 -0.463506053637604 -0.197000364037246 -0.38019214504962 0.343668957275022 0.858688290736556 0 0 0 0 0 0
50.8957323388148 -33.3474786056862 -190.640325329725 -0.452951259723336 -0.868836404973242 0.199896117291498 -0.412689461381649 0.403079075812537 0.816832092358421 0 0 0 0 0 0
50.4390913969318 -33.1586665287356 -190.411830142803 0.255932145872836 -0.773350637676146 0.580023730475594 -0.317780027467564 0.499356137011957 0.806014455559707 0 0 0 0 0 0
49.7759139628375 -32.9377968396848 -190.154851797777 0.294724932395071 0.452862045603879 0.84145896030418 -0.936128766939937 0.313605656486972 0.159105071970973 0 0 0 0 0 0
49.5974334384838 -33.8701264603593 -189.637254963152 -0.304516228486804 -0.491623897966057 0.815828296602191 0.204120678901586 0.80292639349658 0.560039244224305 0 0 0 0 0 0
49.418942833994 -33.4594085122175 -189.358363107487 0.402669473019368 -0.63070244853667 0.66337901452198 0.0593135263358741 0.741186270638984 0.668673924876601 0 0 0 0 0 0
49.2189344896471 -33.3701138651848 -188.924819374152 0.956462981621631 -0.0771787026552843 0.281464052134385 -0.121420748117867 0.771750598161433 0.624225933588127 0 0 0 0 0 0
49.1819139027948 -33.242774253229 -188.415557879987 0.939570215411287 0.278778833723142 -0.198721343040835 -0.126693604196832 0.822374373594062 0.554661266280052 0 0 0 0 0 0
49.2883814960472 -33.0758091080321 -187.973957696672 0.273335649097561 0.570223402507475 -0.774682447306774 -0.191588145563912 0.821488072965852 0.537076650445942 0 0 0 0 0 0
49.5151197911431 -32.656228695243 -187.733659208126 -0.47553654066166 0.422309238815336 -0.771699361997114 -0.467169515839859 0.622077854571019 0.628308671213656 0 0 0 0 0 0
49.4705697169404 -32.1459615869815 -187.538251545604 -0.678308113774758 -0.198627848411933 -0.70742143070632 -0.69038956907099 0.501844086703052 0.521070777878738 0 0 0 0 0 0
49.4390317993784 -31.6147835372453 -187.709275382975 -0.691866578864393 -0.601010257843404 -0.40013411128956 0.642899419122656 -0.765033624524721 0.0374685233005036 0 0 0 0 0 0
50.4286571252902 -31.7077599545164 -186.840413591116 0.0558940245418907 -0.509990309084214 0.858362244428714 0.847293237065893 0.479015405738082 0.229430624564337 0 0 0 0 0 0
50.65801558979 -31.3855942196481 -186.539744540186 0.356994064006867 -0.813226466027646 0.459584544143999 0.818700022281896 0.50929272975794 0.265237985460847 0 0 0 0 0 0
51.0395956596396 -31.2726368223779 -186.257384474026 0.541683739884283 -0.680629312882808 -0.493277269281337 0.824899724259959 0.317598293032965 0.467623533601968 0 0 0 0 0 0
214.442697421257 -34.1364098602947 171.811783086179 0.711123638370289 0.0672624069322159 -0.69984208187611 0.055827395739944 0.986867777215863 0.151576027715193 0 0 0 0 0 0
214.091345151694 -35.2696766423091 172.168078361471 0.319834017825297 -0.923480521721466 0.211872431058827 0.368499954227972 0.327255024028539 0.870121792039519 0 0 0 0 0 0
214.080230005813 -35.228415676769 172.653236589302 0.840274599810867 -0.38205050565797 -0.384676497903337 0.526166226489507 0.403583809049385 0.748511330024458 0 0 0 0 0 0
214.321892592587 -35.374107643263 173.05816025484 0.592307751919125 0.582248287707192 -0.556918718017769 0.222122620613327 0.54642554091575 0.807515120382769 0 0 0 0 0 0
212.985439140612 -35.8679657131818 173.039374139675 -0.879034834429784 -0.0602468652329482 -0.472935592960189 0.396771063578988 -0.642434052358389 -0.655630392429132 0 0 0 0 0 0
213.047138974581 -36.3393925233966 172.797895978568 -0.480661548486769 0.595081145716615 -0.644082996064096 0.267899690377243 -0.599727812863088 -0.75402672789115 0 0 0 0 0 0
212.781852683085 -36.6673702148241 172.540133907263 0.388918890038382 0.694409953656446 -0.605422920968612 -0.125902010610097 -0.610932303051319 -0.781607577248805 0 0 0 0 0 0
212.488426133039 -36.7237071404374 172.156421182473 0.908617929363837 0.125899039180964 -0.398199560989065 -0.201028712369737 -0.703896180021342 -0.681261788561731 0 0 0 0 0 0
212.372409303381 -36.9059737084998 171.640316226711 0.918317266222169 -0.373412142677638 0.131365026773258 -0.0154608716619158 -0.365441258294292 -0.930705994492213 0 0 0 0 0 0
212.699610374494 -36.8046209179168 171.243238430798 0.0120969945874669 -0.983165560214302 0.182316055053989 0.00779107860541457 -0.182231186087565 -0.983224844026677 0 0 0 0 0 0
212.461652834364 -35.9179006984174 170.841719726371 -0.582941108347523 0.384647181282433 0.715699804478135 -0.291944363201643 0.722863937302722 -0.626287647125499 0 0 0 0 0 0
212.047529774418 -35.7205973994383 170.683615230264 0.174524500589804 0.746983241326541 0.641527268221059 -0.45316259474575 0.639359697401015 -0.621178589507544 0 0 0 0 0 0
211.744623416322 -35.3609844990642 170.476826473087 0.656513258466594 0.569538690858908 0.494586717444268 -0.0447914455155186 0.683954608438122 -0.728148212938057 0 0 0 0 0 0
211.55515566039 -34.9555735268748 170.422264834206 0.982818050435038 -0.020033200353418 -0.183486649712371 -0.115849384100923 0.706946669911146 -0.697714358534334 0 0 0 0 0 0
211.536878573716 -34.5028357398817 170.170076948513 0.716059738098027 -0.537361530862664 -0.445534551548946 -0.263157890153723 0.383358400990718 -0.885315910418243 0 0 0 0 0 0
211.779914195681 -34.2287704447832 169.767134136748 -0.039221633081988 -0.962160067649123 -0.269647302452329 0.0840973886115877 0.265719006497241 -0.960375467624424 0 0 0 0 0 0
211.985757411757 -34.2602363047 169.317269653277 -0.702476633840846 -0.711220137306326 0.0263153034868542 -0.20686094828962 0.168659896008387 -0.963723190315123 0 0 0 0 0 0
211.930059839556 -33.0528483543287 169.121377394338 0.0424629042673372 0.605937788922084 -0.794377931287998 -0.687474484348047 -0.559216697758847 -0.463309311710953 0 0 0 0 0 0
211.482850420182 -32.979702740783 168.917075106575 0.585475575744245 -0.0437978191509078 -0.809506084748329 -0.683295995557736 -0.564011288785563 -0.463678604830125 0 0 0 0 0 0
211.288402535006 -32.985198803804 168.465305195655 0.694276248685933 -0.708373415340441 -0.127230479640333 -0.678132531814525 -0.584651812136831 -0.44532968445854 0 0 0 0 0 0
2.93434202739414 39.2218335599536 25.8168414374115 -0.531019625293867 -0.82997497535167 -0.170762108919851 0.732400384168903 -0.348211169301479 -0.585097136245718 0 0 0 0 0 0
3.37977527387283 39.153820676035 25.0229304249869 -0.240977286271904 -0.899483561089137 -0.364498656830769 0.961974404781149 -0.171607518824641 -0.212499656538087 0 0 0 0 0 0
3.84968790240388 38.9739429453492 24.8672841342357 -0.538963636478063 -0.744127867104901 -0.394704846628785 0.763321196406837 -0.233331434591501 -0.60240948925752 0 0 0 0 0 0
4.18084266075414 38.6697530387343 24.7789730601016 -0.546412197834342 0.267068347701067 -0.79379355484538 0.820469087114497 -0.0195623060018306 -0.571356100232941 0 0 0 0 0 0
3.89547413212303 38.1717040365943 25.771125385663 -0.208281956610864 0.529027560545668 0.822647231037368 0.102449132839432 0.848266991013504 -0.519564516818984 0 0 0 0 0 0
4.36004347669778 37.008944582874 25.2736584653675 -0.152243891270328 -0.772385847656824 -0.616637575817691 0.0954468554414291 -0.632484346484126 0.768669922163532 0 0 0 0 0 0
4.33307782135435 36.9092725375157 24.6801657395927 -0.763013106331539 -0.497184645411135 -0.413059835778911 0.178817111803715 0.451733062769428 -0.87404901494546 0 0 0 0 0 0
4.43760036144725 36.9606520973069 24.1599839734789 -0.991687567635181 -0.109454171887567 -0.0676428300282154 0.00724978359658584 0.477344246570956 -0.878686469056745 0 0 0 0 0 0
4.3521798611314 36.7707972693009 23.693108001611 -0.669735547509265 0.73922474454706 0.0707182681617578 0.171403395729908 0.246541894792685 -0.953854270863369 0 0 0 0 0 0
4.21024956930614 36.731303617256 23.2177079163804 -0.0771143454638562 0.953253880429376 0.292165051246755 0.249319706890141 0.302164626159887 -0.920074030963743 0 0 0 0 0 0
4.22864581524922 36.9896983544788 22.7620985584502 0.474576720882691 0.67901998464553 0.560097131262263 0.246691455356118 0.508213065734146 -0.825144112062482 0 0 0 0 0 0
4.24595919784618 37.4935035711267 22.6283980286658 0.956139698541436 -0.0330659170485843 0.291038695026674 0.277532291318922 0.419990045065855 -0.864051033979389 0 0 0 0 0 0
4.50406505812632 37.9182988882037 22.4895669816634 0.749599001992067 -0.650312462947155 -0.12326814977156 0.363950165303659 0.560520353651534 -0.743879835939783 0 0 0 0 0 0
4.85201151401092 38.0931731969519 22.1877375989694 0.0650943848503951 -0.957821265041017 -0.279894882583043 0.163305393539078 0.28693344151821 -0.943928253936475 0 0 0 0 0 0
5.14331066044301 38.9910258282805 22.7709138852187 -0.824801943910427 0.565209739672507 0.0154823609606839 0.159271000480755 0.205974289006622 0.965508850645128 0 0 0 0 0 0
5.28896772964392 39.3289421882139 23.1743574758589 -0.987327785140889 0.156886023216033 -0.023887662259952 0.0218595320465349 0.283542625713293 0.958710456948457 0 0 0 0 0 0
5.99626444893659 39.3664588624493 23.9005400736569 -0.242425963587982 0.840598392648504 0.484380010379443 0.930649821748213 0.342541271363567 -0.128671623494272 0 0 0 0 0 0
5.38525232534536 38.678722935669 23.8614199200712 -0.657582486022349 0.170251153624932 -0.733893601802092 0.48432243401367 -0.650634715989788 -0.584898492270208 0 0 0 0 0 0
5.29850722833384 38.2612104018577 23.7415722993268 0.28949842806803 0.611688813031964 -0.736225139585498 0.578070250299927 -0.724780259129503 -0.374871126781392 0 0 0 0 0 0
5.04615747230022 37.307350649465 23.7630130995281 0.689432625172192 -0.582901242069136 0.430010229346278 0.28068271953293 -0.33228505432993 -0.900446474602769 0 0 0 0 0 0
-71.169221508616 81.0679046991966 -252.416441897512 0.44523051497022 0.70730328135366 -0.549082741238238 0.27705862761144 -0.691943196145892 -0.666673180931611 0 0 0 0 0 0
-70.9598081493953 79.8322100306198 -252.405423718847 0.278499963514568 -0.834675917960408 0.475135646209937 -0.95900798522643 -0.268642407976172 0.0901939072704297 0 0 0 0 0 0
-71.4671342542128 79.6164162343246 -252.415485429305 0.578239682490625 -0.758594505757381 0.300288603559735 -0.79804069504679 -0.602419978986978 0.0148733979495402 0 0 0 0 0 0
-71.7055393788213 79.1588833324466 -252.562204027202 0.398872236120745 -0.306138268383022 0.864395916165435 -0.790319077457364 -0.592836345299738 0.154728224634653 0 0 0 0 0 0
-72.2951719623953 78.5855982730339 -252.118460045767 -0.669656754675137 -0.560384273390347 0.487369774457482 -0.237761586350437 -0.459934755205116 -0.855528754052448 0 0 0 0 0 0
-72.240716435657 78.1701948441457 -252.347464753179 -0.973319107975431 0.224585107440882 0.047025988194592 -0.145744110134354 -0.446809383086158 -0.882677760877271 0 0 0 0 0 0
-72.4526070946323 77.8205409057163 -252.466987393557 -0.401815690696727 0.690793828190383 -0.601122315044108 0.143620365415089 -0.600782606991658 -0.786405397854277 0 0 0 0 0 0
-72.2936024849087 77.4078601740685 -252.952168028569 0.441665706494847 0.836628845618683 -0.324011694827761 0.664759941644523 -0.547696212437397 -0.508058145163032 0 0 0 0 0 0
-73.2682536427664 76.7114568206683 -253.417366822217 -0.832514875160413 0.199278766497885 -0.516920647546336 -0.246990472851732 0.701694941208914 0.66829627845911 0 0 0 0 0 0
-73.3793917205858 77.2215412056489 -253.375247816516 -0.925889948694406 -0.377198504970682 -0.0211917614783003 -0.283964789420894 0.657842917212799 0.697571999611582 0 0 0 0 0 0
-73.5733206609464 78.2070189188031 -253.001298806642 -0.653077310322974 0.302799815474558 0.694119801251833 -0.347232747055232 -0.934285753207963 0.0808674886781199 0 0 0 0 0 0
-73.6164477663092 77.7632130178821 -252.676146697875 -0.897037998432889 0.411046450552625 0.162368854327439 -0.362939978919454 -0.894784369295415 0.260068268280758 0 0 0 0 0 0
-73.8877166398077 77.487011951835 -252.286015474148 -0.774680365161222 0.298427376551834 -0.557504648194135 -0.429174190593606 -0.895619443741382 0.116941550018378 0 0 0 0 0 0
-74.5281939804645 77.6106426766449 -251.678182975316 -0.753892000524682 0.563973296386156 -0.33701776289719 0.0930985012957544 0.599492325737877 0.794947558294178 0 0 0 0 0 0
-73.5867387050737 77.2173435139574 -250.940229021849 -0.091716709247855 -0.608867549738431 0.787951998614296 -0.271914887548734 -0.74590112463937 -0.608024511176221 0 0 0 0 0 0
-73.465129505841 76.6202553903981 -251.078797353698 -0.362120592685923 -0.220948432882571 0.905566378770508 -0.386431598055775 -0.848499104474081 -0.361552056736983 0 0 0 0 0 0
-72.8722927264223 76.2254842538317 -251.262376292786 -0.587081543145304 -0.116956471427236 0.801034609420479 0.288369972467973 -0.954812875062015 0.0719383944401709 0 0 0 0 0 0
-72.5795595900392 75.9483285214217 -251.012029760235 -0.943262614450081 -0.208274836760507 0.258606327364939 0.24771324112016 -0.960024281011279 0.13035156325308 0 0 0 0 0 0
-71.8686861801494 76.0377948355315 -250.319572013304 0.451076441924098 0.748375631676167 0.486275598251027 -0.477889038925164 -0.257631502051443 0.839790495079517 0 0 0 0 0 0
-71.8207268471351 75.8449902059356 -249.817668587553 -0.208294695064061 0.973569274035686 0.0936813143684355 -0.460653592757406 -0.182145905525797 0.868689321092347 0 0 0 0 0 0
120.910492103759 -13.4822058662648 307.32237716415 0.472306327501979 -0.380059993415938 -0.795286825243742 0.756897196955372 -0.287497951079104 0.586899958567403 0 0 0 0 0 0
121.194187191921 -13.8343641642401 307.489815334923 0.529844774989278 0.301111136004335 -0.792840840390264 0.847833771638159 -0.211245633310156 0.486367328340633 0 0 0 0 0 0
120.089094004334 -13.9854147781051 308.261668576358 -0.936441838324055 0.199163320494467 -0.288809028954918 0.336950878840214 0.281393593890246 -0.898488592340681 0 0 0 0 0 0
120.224682389491 -14.1208665542907 309.348385184904 -0.78369060044438 -0.0127813249085423 0.621019871267183 0.54013041357132 -0.507739496825191 0.671162975512637 0 0 0 0 0 0
120.526349001484 -13.9457865279028 309.587163666989 0.490889785057197 -0.868479917167168 -0.0690641180629162 0.839535380851051 0.450362646434933 0.303897731145537 0 0 0 0 0 0
119.871159796366 -12.6862508803212 309.949050478875 -0.518512369774684 0.851116425946474 0.0821325262897859 -0.66408617423659 -0.461345966497962 0.588344671416229 0 0 0 0 0 0
120.263113174893 -12.9756480145888 310.437279536459 -0.866582290921419 0.464600545296194 -0.182157806233672 0.425519288276385 0.878631891804726 0.216654873031762 0 0 0 0 0 0
120.401472183295 -12.4781159142677 310.544690028563 -0.9709570792417 0.178774884090786 -0.159002802141201 0.138403355113113 0.96179123227571 0.236224759098205 0 0 0 0 0 0
120.435898252571 -11.8977779421879 310.463776969051 -0.874639661270918 -0.24690839685453 0.417183061130985 -0.0392545933092291 0.893819537371765 0.446705396784785 0 0 0 0 0 0
121.40832442129 -11.8839079629238 310.144093559485 -0.575039620087082 -0.436627736326468 -0.691871126150332 0.36526644809551 0.619694512673587 -0.694664762930967 0 0 0 0 0 0
121.664443618068 -11.7781653122518 309.675768058286 -0.949004401435219 0.0594608040999367 -0.309604681541432 0.270804937741985 0.656565623317912 -0.703978883185938 0 0 0 0 0 0
121.819068195077 -12.527807621454 309.148623610826 -0.641236961102577 -0.650374605693327 -0.407219881618252 0.726121996644122 -0.685891198675038 -0.0479594575623387 0 0 0 0 0 0
121.963741577528 -13.039630468202 309.269724920682 -0.493121661835816 -0.22520429673647 -0.840305927242998 0.645891892861399 -0.741853535478696 -0.180213747071854 0 0 0 0 0 0
123.204801696356 -13.1840367341767 309.261522061916 0.545290118504816 -0.460916606044655 -0.700153246749082 0.673933685828345 -0.2556337055154 0.693155679274352 0 0 0 0 0 0
123.963737185934 -13.1199330583184 309.990621684761 0.766081901192026 -0.347010517604483 0.541019612710926 -0.0108851141595034 -0.848619330563195 -0.528891998506509 0 0 0 0 0 0
124.245408094354 -13.3849899008747 309.69269253615 -0.2379957153852 -0.465063238716106 0.852686474299419 0.0623254323791823 -0.88341544114963 -0.464427280440279 0 0 0 0 0 0
123.7754531024 -12.6913206166739 308.530265076037 -0.38554156701531 0.605247317326275 -0.696443382460288 0.492455301758764 0.773280301068067 0.39940624901191 0 0 0 0 0 0
124.070908272912 -12.3477799590154 308.346398225958 -0.844043919139038 0.536039939035044 0.0158444414139213 0.50948997836106 0.79231769117161 0.335637659100011 0 0 0 0 0 0
124.33951543293 -11.9996608681278 308.164535170174 -0.580656891839171 0.131880278492742 0.803396020717274 0.656546938569161 0.659381522899349 0.366281482898601 0 0 0 0 0 0
124.498914122559 -11.5629418074507 308.364749517035 -0.14396902337983 -0.578075025126941 0.803182535686344 0.769167002580893 0.44529288592381 0.458362703419867 0 0 0 0 0 0
130.505245823537 -36.1579687503091 -117.727465636715 -0.197044194792665 0.641453576842446 0.741424907900013 -0.978865648967731 -0.170940337336823 -0.112256146121962 0 0 0 0 0 0
130.033721919224 -36.287146195874 -117.513626900411 -0.0577589005311256 0.997923133764454 0.0285189149016629 -0.997972819195295 -0.0584793246020708 0.0251081807680342 0 0 0 0 0 0
130.422486271196 -37.8735936886344 -117.485713117556 0.203058456736458 -0.975256181368772 -0.0874222159968964 -0.626628544233564 -0.198035689095548 0.75373638189766 0 0 0 0 0 0
129.989886081085 -38.1321950675764 -117.355800399351 0.69488790805127 -0.507876700449406 0.509109077099155 -0.697888700884826 -0.305524468190334 0.647770144815507 0 0 0 0 0 0
129.78876228268 -38.5014904320364 -117.289002768832 0.162679283747182 0.580598620913579 0.797772330952105 -0.848727259147587 -0.329998747705059 0.413234638060411 0 0 0 0 0 0
129.93328470863 -39.1332018050799 -117.082034803378 -0.770747276820752 -0.510030809312008 0.381860195393462 0.496046584703379 -0.856483175861211 -0.142738765830478 0 0 0 0 0 0
130.088592471011 -39.496644665762 -116.822947227135 -0.746415537356641 -0.442836741810552 -0.496748896018111 0.564062550470974 -0.817090473922336 -0.119149471595774 0 0 0 0 0 0
130.093726918411 -39.986327900622 -116.79330052727 -0.0275516975347366 0.125161927014269 -0.991753697239909 0.797491061753155 -0.595433190525046 -0.0973001646709309 0 0 0 0 0 0
129.242046735892 -39.4078475720766 -116.173234053693 -0.735786503771982 0.306331027497211 0.603969802605649 -0.588895593550166 -0.729797260497085 -0.34727213891723 0 0 0 0 0 0
129.014865315961 -39.8190990231465 -116.106977589881 -0.740320045916665 0.631029215486493 -0.231793785111786 -0.347766785707969 -0.654571083575532 -0.671263703253127 0 0 0 0 0 0
129.599808008815 -40.8929552651912 -115.83414409072 -0.400864445841352 -0.840706489234539 -0.3640333707495 0.546725238431784 0.0993153687800721 -0.831401209516673 0 0 0 0 0 0
130.011733717357 -41.1179220587011 -116.073731154848 -0.776361663958255 -0.0527658760212496 -0.62807509826746 0.62420283122246 0.0737641926357388 -0.777772247755513 0 0 0 0 0 0
130.809754653941 -40.6934738733063 -116.718407276481 0.330697179260281 -0.154906676202909 -0.930936784801772 0.905701961759091 0.329316885516828 0.266935095817749 0 0 0 0 0 0
131.315061738277 -40.7741737272807 -116.675227578502 -0.149682637311226 0.509244626890697 -0.847505172887169 0.821432073044603 0.541130863001442 0.180074258240763 0 0 0 0 0 0
131.725310834164 -40.9150885300577 -115.309165469479 0.635838360469287 -0.217074558017486 0.740667412282492 0.651823191158039 -0.362874138051261 -0.665919580281362 0 0 0 0 0 0
132.192722792448 -40.9481060064121 -115.486461752376 0.0673630784267677 -0.76781864677445 0.637115955953327 0.724119876560763 -0.401670695131247 -0.560634512889106 0 0 0 0 0 0
132.810826054523 -41.0980718251954 -115.624143523761 -0.380621385430154 -0.914193776385673 0.139201652903018 0.546278749885784 -0.100829240397884 0.831512472368281 0 0 0 0 0 0
132.683582835858 -41.1989317798246 -116.390702671403 -0.391502437359333 -0.912114299367119 0.121545655750139 -0.259649975008445 -0.0172179338280996 -0.965549290939 0 0 0 0 0 0
132.808985436966 -41.4458114455076 -116.821093017693 -0.95060275850596 -0.278216142741589 0.137659628936196 -0.142440784181227 -0.00305771605273654 -0.989798602431009 0 0 0 0 0 0
133.065422997117 -41.3798521694067 -117.738572166834 0.840069498566382 -0.350363730191667 -0.414159986170331 0.048885278033758 0.809245214179049 -0.585433525620004 0 0 0 0 0 0
-29.3556248351743 78.7164549069349 -356.077110332331 0.570756813479548 -0.753650592813497 0.325956199233175 -0.76020116899072 -0.635042841713916 -0.137166948836293 0 0 0 0 0 0
-29.5640218644428 78.9513951097164 -355.646463948674 0.915066246522447 0.396307133850428 -0.0747958563998038 0.000920825045176639 0.18340443705407 0.98303711249887 0 0 0 0 0 0
-29.4451813729492 78.8554227967576 -355.077688123753 0.670471031935224 0.61862395463853 -0.409601023049385 0.0615855780825431 0.503761812478364 0.861644504921115 0 0 0 0 0 0
-29.2078426560837 78.8129095550191 -354.675927847785 -0.21847806443668 0.892783856413966 -0.393959796282069 -0.0334620172514831 0.396621274273589 0.917372257153581 0 0 0 0 0 0
-29.1117134819438 79.1686832399502 -354.373574866453 -0.817489196844011 0.428631674582463 -0.384689875858421 -0.28039188497481 0.287240215788334 0.915900348986801 0 0 0 0 0 0
-29.1255025863377 79.5982936323858 -354.144800398517 -0.921108920205393 -0.387519808025933 -0.0372391662849577 -0.138784018428136 0.237491223970919 0.961424419684529 0 0 0 0 0 0
-29.2816986069645 80.027886792987 -353.811806970102 -0.297680104938262 -0.949395815732081 0.100170555525876 -0.0971303834466311 0.134502499052487 0.986141352119536 0 0 0 0 0 0
-29.5230728808373 80.0579465836784 -353.413566957458 0.547162773275479 -0.830434344865245 0.104841301068414 0.122809009606908 0.203546821381858 0.971332403796307 0 0 0 0 0 0
-29.5681918928281 80.0344546137886 -352.813300913308 0.778948319165583 -0.624221865319933 -0.0598880532795695 0.0969888323262002 0.0255730508544702 0.994956876188107 0 0 0 0 0 0
-29.5872640427179 79.7954662177593 -352.381242650506 0.962149961625503 0.0792013298215803 -0.260757743314626 0.231420234132487 0.26784881358195 0.935254878788027 0 0 0 0 0 0
-29.3582726129526 79.6548926810983 -351.812502759427 0.77618526127025 0.456324237238665 -0.435091519907461 0.454046846393838 0.0742538613224768 0.887878271700864 0 0 0 0 0 0
-28.8758449288484 79.5847435868268 -351.554525538504 0.0486753799100725 0.996672606126119 -0.065379076074691 0.452640118989515 0.0363381366770463 0.890952559064734 0 0 0 0 0 0
-28.822241089158 78.603000204717 -352.038555637696 0.528512340366512 0.338585386205192 -0.778482268474108 -0.338609589482311 -0.756837201328563 -0.559053661642395 0 0 0 0 0 0
-29.337308334214 77.7447142323689 -351.775066756941 -0.758671338005611 -0.295710959662523 -0.580493608254428 0.650357826516931 -0.395906296473242 -0.648300009178633 0 0 0 0 0 0
-29.2041499684082 77.4032462212791 -351.997590304667 -0.483703794200879 0.422132720667745 -0.766703727405392 0.662098648344527 -0.396431525644129 -0.635977535244618 0 0 0 0 0 0
-29.0865113235048 77.0414495254771 -352.28456364795 0.102174531584404 0.914583192458248 -0.391277330251046 0.847047447407738 -0.286234232148957 -0.44786224018791 0 0 0 0 0 0
-29.3130912561195 75.9364687818014 -351.877207391495 -0.527510851337721 0.164099896139747 0.833548754307675 -0.753123211686579 0.363687516265395 -0.548212384511331 0 0 0 0 0 0
-29.7772176402477 75.9731078626827 -352.113609282628 -0.0339831425956942 0.51090378578719 0.858965929293845 -0.846409098470511 0.442310920899944 -0.296568183187241 0 0 0 0 0 0
-30.202281255837 75.9950652398035 -351.993712888785 0.215249676116411 0.971421542865806 0.100038807409912 -0.965025790847433 0.227285865334231 -0.130638273176576 0 0 0 0 0 0
-31.2316379677381 75.3978321415293 -351.784794269083 -0.904869930066995 0.42361461715204 -0.0419650544582432 -0.140625007105452 -0.390512680581429 -0.909793632469308 0 0 0 0 0 0
-13.6102269361674 219.255216161154 -310.816815951505 -0.783690875935196 -0.162463138685312 0.599528430972579 0.491674221373585 -0.752076495749459 0.438904778486055 0 0 0 0 0 0
-12.4051412200801 219.88790932597 -311.158262248971 0.338444484098507 0.921141017685777 0.192235680143169 0.0523841837695684 -0.222418530023445 0.973542959911377 0 0 0 0 0 0
-12.1158888720666 219.884530241398 -310.749644811584 -0.492658353409004 0.865839845076166 0.0872302097602125 0.0234392417470096 -0.0869997694564299 0.99593254895141 0 0 0 0 0 0
-12.088906551952 219.996351321648 -310.290158875214 -0.811874476476601 0.566127160527709 -0.142688025281308 -0.0935039385180681 0.115161228667167 0.988936249155363 0 0 0 0 0 0
-11.1032258247333 219.27191578512 -309.746743235886 0.322828362106403 -0.0170264845804047 0.946304363005122 0.611341846588648 0.76702747206651 -0.194756267434046 0 0 0 0 0 0
-11.7673273667985 219.260473885539 -309.691849127239 0.0322783163676803 0.822873889664096 0.567306506221769 0.338157367398982 0.525137456053942 -0.780948299904023 0 0 0 0 0 0
-12.1835810029303 218.001257649069 -309.621301796192 -0.756160183767231 -0.371851583465254 0.538468361521354 0.653829476348305 -0.395371718986372 0.64512651447903 0 0 0 0 0 0
-11.9646345194305 217.800314026168 -309.212326425219 -0.819210620364273 -0.573444899010607 -0.00740994474323452 0.471331395446156 -0.680581915452036 0.560941148451794 0 0 0 0 0 0
-11.9873166108789 217.493261864094 -308.850038509596 0.0564158417927485 -0.706289807787753 -0.70567128339614 0.616603332286472 -0.531250083683517 0.58101091142893 0 0 0 0 0 0
-12.1763641272992 218.140302784839 -307.993922280706 0.797474020831533 0.601204302071115 -0.0508780234479688 -0.0127554252283429 0.101105842908712 0.994793902100814 0 0 0 0 0 0
-12.5746220647596 217.917446701712 -307.314977296214 0.989265327708747 -0.138444504564744 0.0467678366949739 0.0776019038823341 0.226528261363624 -0.970908281619542 0 0 0 0 0 0
-12.6855152020117 217.896224043461 -306.750621519738 -0.686327908043718 -0.721755708526606 -0.0895695252281166 0.630212705035672 -0.651660969833407 0.42210179673558 0 0 0 0 0 0
-12.7786949069277 217.670716248636 -306.361243458049 0.26746704260295 -0.785430717753529 -0.558175571599482 0.534290704553826 -0.361180249487037 0.764252752960601 0 0 0 0 0 0
-13.1833981982035 217.29151080526 -305.666813322484 0.751065398953752 -0.588041286374553 0.300180299176015 -0.644613776061251 -0.554831910429387 0.525960674272642 0 0 0 0 0 0
-13.3230343843741 216.78147799391 -305.563697267534 0.688363356716752 -0.000157630273035402 0.725366020904166 -0.559601463978216 -0.636375527029958 0.530916556636521 0 0 0 0 0 0
-13.3239208380112 216.346270567825 -305.339465095093 -0.206526187177926 0.671977077624591 0.711191775231451 -0.59291478685918 -0.664156052486328 0.455355677980972 0 0 0 0 0 0
-13.5012590713691 216.015009274508 -304.869920814759 -0.695160260148892 0.700332201965723 -0.16213272217405 -0.685542326151119 -0.578000259758318 0.442659483999417 0 0 0 0 0 0
-13.1280137487589 215.830627954791 -304.118297880761 0.998221456173953 -0.0271701755991473 -0.0530632263612465 0.0361404999786011 -0.432078788388159 0.901111416466531 0 0 0 0 0 0
-13.0520565139856 215.516224890408 -303.679375068536 0.751523299529314 0.644948788860056 -0.13875802683996 0.167828980463892 0.0165026182007973 0.985677988447023 0 0 0 0 0 0
-13.7882524303098 214.881927421468 -304.613524048578 -0.323573596841813 -0.278930468567931 -0.904155916383522 0.86786229286819 -0.468199085840623 -0.166146491493421 0 0 0 0 0 0
154.873205370284 -1.45840326662205 11.0761646927814 -0.105294443071408 0.149620648742511 -0.983120919179402 -0.851157322274627 -0.524789167584251 0.0112934637962204 0 0 0 0 0 0
154.636165841171 -1.08299267952842 10.9213957723933 0.860231131750221 -0.0293146136113791 -0.509060952535695 0.363349585025884 0.73566741864178 0.571638459352115 0 0 0 0 0 0
154.439008090226 -0.326970980595926 11.201359245611 -0.589083533839981 0.585045763713387 -0.557406534335237 0.72439343218296 0.0766469085912991 -0.685112696432921 0 0 0 0 0 0
154.550250737484 0.087231004188578 11.684591662129 -0.966662629626417 0.00042208889192523 0.256053084974013 -0.073398835287135 0.957575985132524 -0.278676952179346 0 0 0 0 0 0
155.408335903117 0.240990694504179 11.8190559193479 0.283303812953756 -0.884103392368647 -0.371618273458281 -0.501219876630511 -0.466856864681882 0.728576216445402 0 0 0 0 0 0
155.6688620782 1.13415497609782 11.7313283685035 -0.752673857927847 0.417270077805292 -0.50928159770443 -0.508256484288258 0.123456856964322 0.852310829831131 0 0 0 0 0 0
156.370908199363 1.805504636563 11.7506784679813 0.655867953827586 0.197489848418098 -0.728584234604217 -0.214714822535927 0.974110368878729 0.0707568669905009 0 0 0 0 0 0
155.960640227281 2.15724709623505 12.9400069283686 -0.424352341504188 0.8191701141561 0.385856727728563 -0.752466279953243 -0.556060773609246 0.352974380920789 0 0 0 0 0 0
155.67363868432 1.9342822942666 13.2431641482213 -0.567172098082606 0.812288476552425 -0.136026622455735 -0.802430597727119 -0.507800077773542 0.313439335190215 0 0 0 0 0 0
155.181110955164 1.75051360834425 14.1314654524589 -0.83989191149495 0.349751514720135 0.415036691096499 -0.304068112971757 -0.936630785270938 0.173969407530577 0 0 0 0 0 0
155.209938632146 1.22757863688304 14.1443692554797 -0.447544097917442 0.83356695262946 0.323837020587979 0.433426286072856 -0.114559934294627 0.893877886512191 0 0 0 0 0 0
155.511470262614 1.44638609856287 14.5810367243227 -0.778734096232036 0.616209765367541 0.117723117659 0.296025067421098 0.195482216674073 0.93496302730243 0 0 0 0 0 0
155.679117195524 1.81957731146163 14.9920385209128 -0.978424044020278 0.150955265010613 0.14106345397934 0.156848139830113 0.0982957188877628 0.982718989681268 0 0 0 0 0 0
155.799977215303 2.15097982118288 15.4089894184733 -0.918046234929919 -0.385021421692856 0.0946024067802355 -0.0756043342247287 0.40423877173078 0.91152345009661 0 0 0 0 0 0
155.619222377189 2.59355824382079 15.7797244071723 -0.662113109669091 -0.731820531838554 0.161384445297132 -0.00513370640580636 0.219774671233143 0.975537154055602 0 0 0 0 0 0
155.434298759772 2.79957131789363 16.2476381496894 -0.285947038114835 -0.957704740553964 0.0321857315252772 -0.0615371664791614 0.0518716147292511 0.996755994577959 0 0 0 0 0 0
155.059918488252 2.7301943224375 16.6474178038365 0.463493291657024 -0.872146282905112 0.156635978637522 -0.247983579865411 0.0420361683690807 0.96785179891654 0 0 0 0 0 0
155.805237395313 3.28408028391663 17.1871372162188 0.937731663445527 -0.162448016441309 0.307034150097295 -0.108909285390052 0.70183891954376 0.703960864373494 0 0 0 0 0 0
155.427691365343 3.68429663946973 18.0928566857287 -0.297802333033927 0.0994106933913535 0.949437351529315 -0.78720858898578 -0.588179081774235 -0.18533214829121 0 0 0 0 0 0
156.50984123768 4.05128024450119 18.2414189610144 0.92800430062605 0.224095394514767 0.297639500363826 0.0879525049320893 -0.90807360628342 0.409471222978606 0 0 0 0 0 0
-52.6613975129919 -207.658690345568 178.563803550401 -0.136016449407602 0.767960371417412 -0.625888483216443 -0.0529296168664858 0.625224426774514 0.778648105258625 0 0 0 0 0 0
-52.2741246760003 -207.066939015646 178.91037337146 0.0108375363395935 0.794931240732679 0.606602728573893 0.670314636080278 0.444375299240026 -0.594313790923534 0 0 0 0 0 0
-52.4214545166534 -206.782146853442 178.100533324978 0.0409031666410576 -0.177082918733058 -0.983345600921525 0.712991046298626 0.69464790734185 -0.0954361185483763 0 0 0 0 0 0
-52.4316989348444 -205.964150933099 178.930492766416 -0.832880488286306 0.411144231176607 0.370500355468333 -0.373248751716382 -0.91155444462184 0.172493083433311 0 0 0 0 0 0
-52.554995004241 -206.239537389967 179.312328147584 -0.836665607190821 0.282450866183255 -0.469267695389683 -0.355231654353379 -0.931970460482882 0.0723984290760952 0 0 0 0 0 0
-51.6996634522945 -206.662777373488 179.355336239692 0.187424664554845 0.466923882973512 -0.864207198897025 -0.982256271408867 0.0950721977525464 -0.161659810999679 0 0 0 0 0 0
-51.1551298230131 -207.415634241546 179.87172568223 -0.304690973858027 -0.951420046593797 -0.0443092020793014 -0.554611483515629 0.215049755571794 -0.803840596748575 0 0 0 0 0 0
-50.6685377840231 -207.035751742013 180.635353541861 0.919504838599492 0.384057006526188 -0.0837321176745607 0.103946423214174 -0.443007897876025 -0.890471304153281 0 0 0 0 0 0
-51.6523159731342 -206.435312490257 180.628175336589 -0.486941362412291 0.603633592090418 0.63128012488283 0.822993142932762 0.0750321039499224 0.563074124838375 0 0 0 0 0 0
-51.2270557295929 -206.331957139248 181.000573133756 -0.800587937277472 0.327600043946102 0.501734158586311 0.549781661862813 0.0685586820153282 0.832490138920387 0 0 0 0 0 0
-50.7662804137237 -206.41470793725 181.439831855745 0.304915128926971 -0.945190095100582 0.116800891585642 -0.822846042371164 -0.199703819087192 0.532017645568362 0 0 0 0 0 0
-51.3213587763334 -206.317442261623 182.11949343083 -0.755763968954881 0.377702360772587 0.534940884487604 0.595036955682322 0.0550312634272978 0.801812061157669 0 0 0 0 0 0
-50.9585622838848 -206.102687880951 182.484469382287 -0.831895606563244 -0.375496922701015 0.408597308878609 0.506993450294037 -0.214909421218185 0.834728448077944 0 0 0 0 0 0
-50.4170726411252 -205.230446003248 183.034227178503 0.296041657466442 0.0809333979393412 0.951740049668245 -0.882688608141921 0.403928262684468 0.24021402886007 0 0 0 0 0 0
-50.917811203616 -205.281799552471 183.211923638139 0.559660739654409 0.610794145249963 0.560098534739957 -0.827715026613543 0.378681875350156 0.414110941656256 0 0 0 0 0 0
-51.0875260932026 -205.115735729799 183.612082921 0.26052366741652 0.874129807446852 -0.409907914596407 -0.827628891559748 0.420825270863302 0.37139804692326 0 0 0 0 0 0
-51.3440701922048 -204.783427702679 183.928368852076 -0.0272506211555986 0.354023986811823 -0.934839248431781 -0.904194756049054 0.390041970899396 0.174066378345465 0 0 0 0 0 0
-50.2360646378779 -204.853386949648 183.719388818045 0.796962101158025 -0.205893872463264 -0.567854842895495 0.408173937469047 0.876557180694188 0.255032440572706 0 0 0 0 0 0
-50.4513932024671 -205.636940730175 184.535754064154 -0.130254786632751 -0.541469071974779 0.830569042677385 0.974103344100007 -0.226038642648479 0.00540435406093994 0 0 0 0 0 0
-49.9533620089236 -205.739520441765 184.793509127394 -0.488644720154509 -0.623292598787578 0.610518364803016 0.850993027948511 -0.494833595728336 0.175927766204177 0 0 0 0 0 0
155.626000338645 26.7809213558228 -98.7084951663126 -0.818364050713882 0.4203774346672 0.391871270855355 0.138170948511775 0.805790012180718 -0.575856965970852 0 0 0 0 0 0
155.446272639007 26.3099354814821 -99.202980435317 0.0296980398189106 0.825941593151906 -0.562972922201953 0.0392582611409517 -0.563750587795161 -0.82501155367231 0 0 0 0 0 0
155.778358720432 25.6729601596352 -98.6191021430872 -0.423614431060884 0.199172993797367 0.88367467562376 0.848901472046784 0.427701248693895 0.310544574292461 0 0 0 0 0 0
155.39891951301 24.9784681646843 -98.5751874663803 -0.824723090136412 0.20008477236925 0.528959269189788 0.550113097857719 0.500775503373247 0.668280984905792 0 0 0 0 0 0
156.089872656742 24.7877901141271 -97.9654439357711 0.714667457558871 -0.646083194987638 0.268005466848914 0.653124148304216 0.753535225590306 0.074923365490745 0 0 0 0 0 0
155.479179675625 24.5266923114476 -97.2208526098854 -0.478947521312855 0.111376529321779 0.870749413174943 -0.180364875507849 -0.983241184016225 0.0265572162963161 0 0 0 0 0 0
155.620942286363 24.1747872809337 -96.8945104824068 -0.998700050124959 0.0318406986869762 0.0398042684586616 -0.0362095185856928 -0.992780387610395 -0.114350219675989 0 0 0 0 0 0
155.773558724676 23.1470418909275 -97.2327112558895 -0.597813746904915 -0.801144392129684 0.0280425920818017 0.15435548979053 -0.0807119484273802 0.984713138001409 0 0 0 0 0 0
155.574456626372 23.1502249235537 -96.7235371243046 -0.0238749986059072 -0.997459102790026 -0.0671217006852784 0.0436857205018043 -0.0681176444194753 0.9967203942646 0 0 0 0 0 0
155.383563648166 23.0414187919072 -96.2359843922804 0.729449364317346 -0.683355208226738 -0.0304841645188325 0.0483389498189177 0.00704325504307194 0.998806156613385 0 0 0 0 0 0
154.565378201784 22.4738210285618 -96.0024702097086 -0.439501855585109 -0.822788340553018 -0.36035741367045 -0.242487127348976 -0.277605579632586 0.929588691425889 0 0 0 0 0 0
154.330551791372 22.2910402710119 -95.5154440593226 0.193316151578783 -0.852773137861737 -0.485187428609003 -0.131704607338762 -0.512595043997306 0.848469337852077 0 0 0 0 0 0
154.137276644482 22.0092503906858 -95.0845670837203 0.673181910831733 -0.596401448874034 -0.437185803417598 -0.00269108048398291 -0.593181442184585 0.805064304719595 0 0 0 0 0 0
153.863255893424 21.5945385604767 -95.0159119098624 0.917030725065568 -0.00747997471444829 0.398746409719248 -0.273906244156946 -0.738533334131019 0.616071330114587 0 0 0 0 0 0
152.914952522412 21.5314196173442 -94.2965673430286 -0.352768380030593 0.540270733015142 0.76397775170346 -0.932080828041334 -0.131048510784937 -0.337715291064576 0 0 0 0 0 0
152.500278396164 21.2788032115978 -94.2420882626839 -0.0666664720281452 0.958544251564382 0.277035195056873 -0.951171891325873 0.0228106824558711 -0.307817650431973 0 0 0 0 0 0
152.086195197233 21.399567368638 -93.9718068629116 0.0314396082391716 0.616926833754262 -0.786392289399959 -0.938384108762682 -0.252694516987531 -0.235755690294224 0 0 0 0 0 0
152.331393538589 20.5337440434939 -93.3450964124042 -0.488134578806069 -0.00227184957628895 0.872765416176262 -0.869477696201211 -0.0854896327948594 -0.486518302320926 0 0 0 0 0 0
152.158157998389 20.170934013469 -93.5286528978131 -0.562691904456422 0.715829081983074 0.41348101050287 -0.676359754679052 -0.111068845202993 -0.728149156338017 0 0 0 0 0 0
151.694209716071 20.0764596172706 -93.5978522288472 -0.0439440085340343 0.987710733800817 -0.149988101023424 -0.778975055907425 -0.127877089268113 -0.61387727789383 0 0 0 0 0 0
148.527228057754 128.129801556873 -123.384700213411 0.664625743601777 -0.338819814897418 -0.665938250872155 0.692755454273189 -0.0544852800435098 0.719111420319082 0 0 0 0 0 0
148.734189044173 127.791474815074 -123.119638276531 0.676575754859482 0.600723290836238 -0.425883523728265 0.575495129611378 -0.070538792674748 0.814757408387044 0 0 0 0 0 0
147.568588296252 127.634411154956 -122.627132708113 -0.66841568810631 -0.288124051096177 0.685714954681095 -0.032134756779027 0.932248575195138 0.360388611714338 0 0 0 0 0 0
147.309380763413 128.083176715616 -122.503514541901 0.0930577828773225 -0.450330339910188 0.887999343469539 0.192993184943381 0.883112847795893 0.427627558306569 0 0 0 0 0 0
147.094622087274 128.38581629821 -122.169226078447 0.7964378915111 -0.37061758312857 0.47783814418827 0.107043276522985 0.86410514789964 0.491796736797394 0 0 0 0 0 0
147.038155325124 128.659252365801 -121.757282425626 0.956305288383974 -0.0775837103223669 -0.281888210646455 0.215137357277094 0.839610742287245 0.498768201612423 0 0 0 0 0 0
147.568695544943 128.293928593493 -121.265817132663 0.952838398305232 -0.0917372750983302 0.289280588827963 -0.285211030712633 0.0550258379715179 0.956883914127189 0 0 0 0 0 0
147.461954490449 128.125134758332 -120.792379908093 0.88254637408128 0.462472663159518 0.0850348953437794 -0.235102849367091 0.277366665807932 0.931554820135705 0 0 0 0 0 0
147.530698210806 127.849185753772 -120.339438535188 0.288997906809445 0.946595088898551 -0.142961349786939 -0.23279569226993 0.214339094454795 0.948612101044923 0 0 0 0 0 0
148.19539696987 127.508836053958 -119.571813221828 0.108879784435296 0.269585611725327 0.956801332823071 -0.791113994642029 -0.559308284229385 0.247614399165142 0 0 0 0 0 0
148.10083998125 127.083541749788 -119.277757919112 -0.376183215675988 0.751956279299698 0.541339027103559 -0.820748137151596 -0.541555052386453 0.181908275229282 0 0 0 0 0 0
149.246315094588 127.157342323353 -119.983592249293 0.79121416404431 0.463193409610379 -0.399289383667003 -0.347597546237525 -0.196565466955892 -0.916808574921758 0 0 0 0 0 0
148.810994875657 127.760890224112 -119.872141645699 0.0937536877773294 0.183007608887889 -0.978630911588883 0.814110318430628 -0.579911199960738 -0.0304530718463488 0 0 0 0 0 0
149.015260570816 128.462134002613 -119.552215977579 -0.496179244495583 0.622236762082783 0.605497786325043 0.549661569929048 0.764971259582628 -0.33569499632211 0 0 0 0 0 0
149.051685034907 128.985020770707 -119.797853747728 0.228243829202595 0.0613015714605755 0.971672203866819 0.772179223678997 0.596466485022915 -0.219013649718254 0 0 0 0 0 0
149.326317074166 129.799511250577 -120.485818839632 0.767256434083517 0.419985646194807 0.484695390268751 -0.569507531801251 0.793701455734276 0.213773642872407 0 0 0 0 0 0
149.4461931892 130.25103170022 -121.460055375575 0.378335581471109 0.195005918421698 -0.904894954993909 0.282166306707028 -0.955330064908047 -0.0879013221863202 0 0 0 0 0 0
149.28895280802 129.997914351008 -121.808768778709 0.996762684703886 -0.0634475024516828 -0.0493818267639588 -0.0749183755262518 -0.95586968422177 -0.284078129735962 0 0 0 0 0 0
148.909585009304 129.009367652021 -121.887573549644 -0.576460774922425 -0.777319703574947 0.251926682608242 -0.1766710767917 0.419581615713781 0.890358690854576 0 0 0 0 0 0
148.531307205505 129.163507497996 -121.592804404314 0.267165656338705 -0.830306917019193 0.489093994670954 -0.521744380309485 0.302081855071023 0.797827897765126 0 0 0 0 0 0
