#id1 id2 FENE BEXC STCK NEXC HB CRSTCK CXSTCK total, t = 200000
0 1 0.0973076 0 -0.731765 0 0 0 0 -0.634457
1 2 0.022959 0 0 0 0 0 0 0.022959
2 3 0.00152813 0 -1.34204 0 0 0 0 -1.34051
3 4 0.0306979 0 -1.09226 0 0 0 0 -1.06156
4 5 0.0338407 0 -1.34267 0 0 0 0 -1.30883
5 6 0.00230806 0 0 0 0 0 0 0.00230806
6 7 0.210417 0 -1.40726 0 0 0 0 -1.19685
7 8 0.000167848 0 0 0 0 0 0 0.000167848
8 9 0.0130977 0 -0.989182 0 0 0 0 -0.976084
9 10 0.0777326 0 0 0 0 0 0 0.0777326
10 11 0.133695 0 -1.09418 0 0 0 0 -0.960486
11 12 0.00967549 0 0 0 0 0 0 0.00967549
12 13 0.00206619 0 -1.20468 0 0 0 0 -1.20261
13 14 0.0515323 0 0 0 0 0 0 0.0515323
14 15 0.00218294 0 -1.23844 0 0 0 0 -1.23625
15 16 0.0301086 0 0 0 0 0 0 0.0301086
16 17 0.00876972 0 -0.565954 0 0 0 0 -0.557184
17 18 0.0136337 0 -0.993508 0 0 0 0 -0.979874
18 19 0.0287249 0 -1.07622 0 0 0 0 -1.0475
20 21 0.0298785 0 -0.868899 0 0 0 0 -0.839021
21 22 0.0248181 0 -1.40953 0 0 0 0 -1.38471
22 23 0.0115444 0 -0.963901 0 0 0 0 -0.952357
23 24 0.000163034 0 -1.2198 0 0 0 0 -1.21964
24 25 0.00350423 0 0 0 0 0 0 0.00350423
25 26 0.00882687 0 -1.24659 0 0 0 0 -1.23777
26 27 0.0172991 0 0 0 0 0 0 0.0172991
27 28 0.00462899 0 0 0 0 0 0 0.00462899
28 29 0.00144076 0 -0 0 0 0 0 0.00144076
29 30 0.0242178 0 0 0 0 0 0 0.0242178
30 31 0.15145 0 -0 0 0 0 0 0.15145
31 32 0.0404085 0 0 0 0 0 0 0.0404085
32 33 0.0266775 0 -1.23585 0 0 0 0 -1.20917
33 34 0.0839945 0 -1.05082 0 0 0 0 -0.966825
34 35 0.06124 0 0 0 0 0 0 0.06124
35 36 0.137452 0 0 0 0 0 0 0.137452
36 37 0.0929242 0 -1.33135 0 0 0 0 -1.23843
37 38 0.0184355 0 -1.12695 0 0 0 0 -1.10852
38 39 0.0694968 0 0 0 0 0 0 0.0694968
40 41 0.101904 0 0 0 0 0 0 0.101904
41 42 0.100334 0 0 0 0 0 0 0.100334
42 43 0.00192806 0 -0.758884 0 0 0 0 -0.756956
43 44 0.00111525 0 -0.000520969 0 0 0 0 0.000594281
44 45 0.0728825 0 -0.24884 0 0 0 0 -0.175957
45 46 0.0955562 0 -1.0375 0 0 0 0 -0.941945
46 47 0.000871332 0 -0.775755 0 0 0 0 -0.774883
47 48 0.0901403 0 0 0 0 0 0 0.0901403
48 49 0.0992455 0 0 0 0 0 0 0.0992455
49 50 0.000291308 0 -1.08857 0 0 0 0 -1.08828
50 51 0.00126769 0 0 0 0 0 0 0.00126769
51 52 0.000470683 0 0 0 0 0 0 0.000470683
52 53 0.0531556 0 -1.22037 0 0 0 0 -1.16721
53 54 8.67543e-05 0 -1.13879 0 0 0 0 -1.1387
54 55 0.114071 0 -1.09288 0 0 0 0 -0.978813
55 56 0.00401163 0 0 0 0 0 0 0.00401163
56 57 0.0360459 0 -1.24205 0 0 0 0 -1.20601
57 58 3.69443e-08 0 0 0 0 0 0 3.69443e-08
58 59 0.0010529 0 -0.333318 0 0 0 0 -0.332265
60 61 0.0134499 0 0 0 0 0 0 0.0134499
61 62 0.00531965 0 -1.27374 0 0 0 0 -1.26842
62 63 0.00456744 0 -1.05337 0 0 0 0 -1.0488
63 64 0.0114726 0 0 0 0 0 0 0.0114726
63 65 0 0 0 0 0 -0 -0.0372092 -0.0372092
64 65 0.0451415 0 0 0 0 0 0 0.0451415
65 66 0.00449118 0 -1.38902 0 0 0 0 -1.38453
66 67 0.00215951 0 -1.39772 0 0 0 0 -1.39556
67 68 9.31142e-05 0 -1.26529 0 0 0 0 -1.2652
68 69 0.0600442 0 -0.983447 0 0 0 0 -0.923403
69 70 0.0383567 0 -1.1206 0 0 0 0 -1.08224
70 71 0.00372448 0 0 0 0 0 0 0.00372448
71 72 0.167402 0 0 0 0 0 0 0.167402
72 73 0.0138644 0 -0.963551 0 0 0 0 -0.949686
73 74 0.16232 0 -1.40335 0 0 0 0 -1.24103
74 75 0.0577241 0 -1.21785 0 0 0 0 -1.16012
75 76 0.217443 0 -1.21444 0 0 0 0 -0.996996
76 77 0.0332763 0 -1.39491 0 0 0 0 -1.36164
77 78 0.00482574 0 -1.36547 0 0 0 0 -1.36064
78 79 0.00146103 0 0 0 0 0 0 0.00146103
80 81 0.169167 0 0 0 0 0 0 0.169167
81 82 0.0085579 0 0 0 0 0 0 0.0085579
82 83 8.82502e-05 0 0 0 0 0 0 8.82502e-05
83 84 0.00260039 0 -0.996283 0 0 0 0 -0.993683
84 85 0.0366343 0 -1.299 0 0 0 0 -1.26237
85 86 0.06393 0 -1.37672 0 0 0 0 -1.31279
86 87 0.0306421 0 -1.13502 0 0 0 0 -1.10438
87 88 0.0122677 0 -0.671286 0 0 0 0 -0.659019
88 89 3.95275e-05 0 -0.643626 0 0 0 0 -0.643587
89 90 0.199585 0 0 0 0 0 0 0.199585
90 91 0.00432068 0 -0 0 0 0 0 0.00432068
91 92 0.00245647 0 -1.2488 0 0 0 0 -1.24634
92 93 0.00929124 0 -1.33417 0 0 0 0 -1.32487
93 94 0.0338743 0 -1.28357 0 0 0 0 -1.24969
94 95 0.204925 0 0 0 0 0 0 0.204925
95 96 0.00345695 0 -1.21733 0 0 0 0 -1.21388
96 97 0.0444559 0 -0.734419 0 0 0 0 -0.689963
97 98 0.0602559 0 -0.938196 0 0 0 0 -0.87794
98 99 0.000298748 0 0 0 0 0 0 0.000298748
100 101 0.154317 0 -1.26864 0 0 0 0 -1.11432
101 102 0.12744 0 0 0 0 0 0 0.12744
102 103 0.067342 0 0 0 0 0 0 0.067342
103 104 0.000214346 0 -0 0 0 0 0 0.000214346
104 105 0.394654 0 0 0 0 0 0 0.394654
105 106 0.0505016 0 0 0 0 0 0 0.0505016
106 107 0.176367 0 -0.952421 0 0 0 0 -0.776054
107 108 0.000663051 0 0 0 0 0 0 0.000663051
108 109 4.09873e-05 0 -1.04339 0 0 0 0 -1.04335
109 110 0.00331689 0 -1.28908 0 0 0 0 -1.28576
110 111 0.000325577 0 -1.43086 0 0 0 0 -1.43053
111 112 0.00135919 0 -1.24906 0 0 0 0 -1.2477
112 113 0.00282692 0 -1.36222 0 0 0 0 -1.35939
113 114 0.00508402 0 -1.07592 0 0 0 0 -1.07084
114 115 0.090362 0 0 0 0 0 0 0.090362
115 116 0.00361667 0 -0.871744 0 0 0 0 -0.868127
116 117 0.0321299 0 -1.08759 0 0 0 0 -1.05546
117 118 0.0147235 0 -0.838806 0 0 0 0 -0.824082
118 119 3.65811e-05 0 -1.19702 0 0 0 0 -1.19698
120 121 0.119613 0 -1.16211 0 0 0 0 -1.0425
121 122 0.00668362 0 -0 0 0 0 0 0.00668362
122 123 0.000259645 0 0 0 0 0 0 0.000259645
123 124 0.00211415 0 0 0 0 0 0 0.00211415
124 125 0.0028041 0 -1.03548 0 0 0 0 -1.03267
125 126 0.0375551 0 0 0 0 0 0 0.0375551
126 127 0.0835523 0 -1.40327 0 0 0 0 -1.31972
127 128 0.0468315 0 0 0 0 0 0 0.0468315
128 129 0.00329648 0 0 0 0 0 0 0.00329648
129 130 0.00769562 0 0 0 0 0 0 0.00769562
130 131 0.177926 0 -0.84017 0 0 0 0 -0.662244
131 132 0.138389 0 0 0 0 0 0 0.138389
132 133 0.055286 0 -1.08712 0 0 0 0 -1.03184
133 134 0.0149598 0 -0 0 0 0 0 0.0149598
134 135 0.0113928 0 -1.16438 0 0 0 0 -1.15299
135 136 0.034851 0 0 0 0 0 0 0.034851
136 137 0.07477 0 -1.21583 0 0 0 0 -1.14106
137 138 0.0038155 0 -0 0 0 0 0 0.0038155
138 139 0.0111947 0 0 0 0 0 0 0.0111947
140 141 0.0152926 0 0 0 0 0 0 0.0152926
141 142 0.0187845 0 -1.38674 0 0 0 0 -1.36796
142 143 0.0550775 0 -1.41938 0 0 0 0 -1.3643
143 144 0.0393315 0 0 0 0 0 0 0.0393315
144 145 0.0153606 0 0 0 0 0 0 0.0153606
145 146 0.00680692 0 -1.27375 0 0 0 0 -1.26694
146 147 0.11435 0 -1.34154 0 0 0 0 -1.22719
147 148 0.00700522 0 0 0 0 0 0 0.00700522
148 149 0.00162532 0 -0.952073 0 0 0 0 -0.950447
149 150 0.00604634 0 -1.37343 0 0 0 0 -1.36738
150 151 8.7708e-06 0 0 0 0 0 0 8.7708e-06
151 152 0.227412 0 -0.967223 0 0 0 0 -0.739811
152 153 0.0940581 0 0 0 0 0 0 0.0940581
153 154 0.00992677 0 -1.2596 0 0 0 0 -1.24968
154 155 0.0121064 0 -1.23974 0 0 0 0 -1.22763
155 156 0.000501677 0 -1.26642 0 0 0 0 -1.26592
156 157 0.103453 0 0 0 0 0 0 0.103453
157 158 0.000182624 0 0 0 0 0 0 0.000182624
158 159 0.0308531 0 -0 0 0 0 0 0.0308531
160 161 0.00972935 0 0 0 0 0 0 0.00972935
161 162 0.00297444 0 0 0 0 0 0 0.00297444
162 163 5.20434e-05 0 0 0 0 0 0 5.20434e-05
163 164 0.0161051 0 0 0 0 0 0 0.0161051
164 165 6.4911e-05 0 -1.31691 0 0 0 0 -1.31684
165 166 0.00314001 0 0 0 0 0 0 0.00314001
166 167 0.0700066 0 -1.30916 0 0 0 0 -1.23915
167 168 0.00648523 0.135018 -0 0 0 0 0 0.141504
168 169 0.0436753 0 -0.69484 0 0 0 0 -0.651165
169 170 0.035631 0 -1.27288 0 0 0 0 -1.23725
170 171 0.0179851 0 -0.913334 0 0 0 0 -0.895349
171 172 0.026677 0 -0.964408 0 0 0 0 -0.937731
172 173 0.0139717 0 -0 0 0 0 0 0.0139717
173 174 0.0353332 0 0 0 0 0 0 0.0353332
174 175 0.198619 0 -0.662087 0 0 0 0 -0.463467
175 176 0.00328114 0 -0.763324 0 0 0 0 -0.760043
176 177 0.0252859 0 -1.19111 0 0 0 0 -1.16582
177 178 0.0266589 0 -1.34805 0 0 0 0 -1.32139
178 179 0.127902 0 0 0 0 0 0 0.127902
180 181 3.60752e-05 0 0 0 0 0 0 3.60752e-05
181 182 0.0186686 0 -0.735683 0 0 0 0 -0.717014
182 183 0.00393614 0 0 0 0 0 0 0.00393614
183 184 0.124442 0 -1.12754 0 0 0 0 -1.0031
184 185 0.0655892 0 -0 0 0 0 0 0.0655892
185 186 0.00805703 0 -1.13936 0 0 0 0 -1.1313
184 187 0 0 0 0 -0 -5.33074e-06 -0 -5.33074e-06
186 187 0.00575175 0 -1.38558 0 0 0 0 -1.37983
187 188 0.018379 0 0 0 0 0 0 0.018379
188 189 0.00550405 0 0 0 0 0 0 0.00550405
189 190 0.0480529 0 0 0 0 0 0 0.0480529
190 191 0.0679742 0 -1.31391 0 0 0 0 -1.24593
191 192 0.0169632 0 -0.87213 0 0 0 0 -0.855167
192 193 0.010019 0 -1.2418 0 0 0 0 -1.23178
193 194 0.000299086 0 -1.2522 0 0 0 0 -1.2519
194 195 0.0123229 0 -0.257991 0 0 0 0 -0.245668
195 196 0.00694619 0 -1.05366 0 0 0 0 -1.04671
196 197 0.157876 0 0 0 0 0 0 0.157876
197 198 0.0200638 0 -1.17141 0 0 0 0 -1.15135
198 199 0.0208471 0 -1.23676 0 0 0 0 -1.21592
200 201 0.030252 0 0 0 0 0 0 0.030252
201 202 0.00572452 0 0 0 0 0 0 0.00572452
202 203 0.262108 0 0 0 0 0 0 0.262108
203 204 0.0934614 0 0 0 0 0 0 0.0934614
204 205 0.00165763 0 -1.21114 0 0 0 0 -1.20949
205 206 0.0758562 0 -1.22048 0 0 0 0 -1.14462
206 207 0.0486862 0 0 0 0 0 0 0.0486862
207 208 0.00650305 0 -1.39507 0 0 0 0 -1.38857
208 209 0.0488957 0 -1.13374 0 0 0 0 -1.08484
209 210 0.0230624 0 -1.39321 0 0 0 0 -1.37014
210 211 0.00828548 0 -1.19136 0 0 0 0 -1.18307
211 212 0.0231313 0 0 0 0 0 0 0.0231313
212 213 0.0271893 0 0 0 0 0 0 0.0271893
213 214 0.0572559 0 -1.24211 0 0 0 0 -1.18486
214 215 0.00048073 0 0 0 0 0 0 0.00048073
215 216 0.054463 0 -0.449667 0 0 0 0 -0.395204
216 217 0.155188 0 0 0 0 0 0 0.155188
217 218 0.000546654 0 -0 0 0 0 0 0.000546654
218 219 0.0397441 0 0 0 0 0 0 0.0397441
220 221 0.360318 0 0 0 0 0 0 0.360318
221 222 0.122397 0 -1.13532 0 0 0 0 -1.01292
222 223 0.0235742 0 -1.15055 0 0 0 0 -1.12698
223 224 0.020292 0 -1.38158 0 0 0 0 -1.36129
224 225 0.123382 0 -1.2025 0 0 0 0 -1.07911
225 226 0.0100111 0 -0.830344 0 0 0 0 -0.820333
226 227 0.00401943 0 -1.18429 0 0 0 0 -1.18027
227 228 0.0160218 0 -1.25673 0 0 0 0 -1.24071
228 229 4.61971e-05 0 -1.2067 0 0 0 0 -1.20665
229 230 0.0082704 0 0 0 0 0 0 0.0082704
230 231 0.00180093 0 0 0 0 0 0 0.00180093
231 232 0.0814562 0 -1.28182 0 0 0 0 -1.20036
231 233 0 0 0 0.000546291 0 -0 -0 0.000546291
232 233 0.000791703 0 -0 0 0 0 0 0.000791703
229 234 0 0 0 0 0 -1.22886e-08 0 -1.22886e-08
233 234 0.00460042 0 -0.851726 0 0 0 0 -0.847126
229 235 0 0 0 0 -0 -0.0308521 0 -0.0308521
228 235 0 0 0 0 0 -0.0188717 0 -0.0188717
227 235 0 0 0 0 -0 -9.33308e-07 0 -9.33308e-07
234 235 0.000114349 0 -1.16204 0 0 0 0 -1.16192
228 236 0 0 0 0 0 -0.147838 0 -0.147838
227 236 0 0 0 0 -0.75963 0 -0 -0.75963
226 236 0 0 0 0 0 -0.187919 0 -0.187919
235 236 0.0131684 0 -1.06922 0 0 0 0 -1.05605
227 237 0 0 0 0 0 -0.185862 0 -0.185862
226 237 0 0 0 0 -0.858994 0 -0 -0.858994
225 237 0 0 0 0 -7.3628e-15 -0.0456494 0 -0.0456494
236 237 0.0305294 0 -1.10402 0 0 0 0 -1.07349
237 238 0.0156086 0 0 0 0 0 0 0.0156086
238 239 0.00168057 0 0 0 0 0 0 0.00168057
240 241 0.189617 0 0 0 0 0 0 0.189617
241 242 0.0547507 0 -1.11392 0 0 0 0 -1.05917
242 243 0.0750872 0 -1.27069 0 0 0 0 -1.1956
243 244 0.0305161 0 -1.09625 0 0 0 0 -1.06574
244 245 0.000777052 0 0 0 0 0 0 0.000777052
245 246 0.138025 0 0 0 0 0 0 0.138025
246 247 0.00107646 0 -1.26519 0 0 0 0 -1.26412
247 248 0.00105614 0 -1.37594 0 0 0 0 -1.37488
248 249 0.0486083 0 -0.73116 0 0 0 0 -0.682551
249 250 0.00753747 0 -1.13204 0 0 0 0 -1.1245
250 251 0.036753 0 0 0 0 0 0 0.036753
251 252 0.0087201 0 -1.10208 0 0 0 0 -1.09336
252 253 1.04371e-06 0 0 0 0 0 0 1.04371e-06
253 254 0.0125163 0 -0.72641 0 0 0 0 -0.713894
254 255 0.10201 0 -1.14119 0 0 0 0 -1.03919
255 256 0.0489087 0 -1.36363 0 0 0 0 -1.31472
256 257 0.0327175 0 -0.989473 0 0 0 0 -0.956756
257 258 0.00151512 0 -1.34975 0 0 0 0 -1.34824
258 259 0.161723 0 -1.23949 0 0 0 0 -1.07777
260 261 0.026425 0 0 0 0 0 0 0.026425
261 262 0.00763605 0 0 0 0 0 0 0.00763605
262 263 0.031605 0 -1.30053 0 0 0 0 -1.26893
263 264 0.0247384 0 -0.994122 0 0 0 0 -0.969384
264 265 0.0668162 0 -1.1992 0 0 0 0 -1.13239
265 266 0.093512 0.0853619 -0 0 0 0 0 0.178874
266 267 0.0180224 0 0 0 0 0 0 0.0180224
267 268 0.106548 0 0 0 0 0 0 0.106548
268 269 0.0749814 0 -0 0 0 0 0 0.0749814
269 270 0.0251231 0 -1.3621 0 0 0 0 -1.33697
270 271 0.0325727 0 -1.369 0 0 0 0 -1.33643
271 272 0.0113471 0 0 0 0 0 0 0.0113471
272 273 0.0483276 0 0 0 0 0 0 0.0483276
273 274 0.0787469 0 0 0 0 0 0 0.0787469
274 275 0.00306891 0 -0 0 0 0 0 0.00306891
275 276 0.063068 0 -1.3653 0 0 0 0 -1.30224
276 277 0.00172599 0 0 0 0 0 0 0.00172599
277 278 7.24632e-05 0 -0.860991 0 0 0 0 -0.860918
278 279 0.135606 0 -0.676691 0 0 0 0 -0.541085
280 281 0.0514437 0 -1.27565 0 0 0 0 -1.22421
281 282 0.00476308 0 -1.17357 0 0 0 0 -1.16881
282 283 0.0281507 0 0 0 0 0 0 0.0281507
283 284 0.122376 0 0 0 0 0 0 0.122376
284 285 0.01096 0 -1.42337 0 0 0 0 -1.41241
285 286 0.000663672 0 -1.26849 0 0 0 0 -1.26783
286 287 0.0313608 0 -0 0 0 0 0 0.0313608
287 288 0.153475 0 0 0 0 0 0 0.153475
288 289 0.0546814 0 -1.41259 0 0 0 0 -1.35791
289 290 0.0213381 0 0 0 0 0 0 0.0213381
290 291 0.384392 0 0 0 0 0 0 0.384392
291 292 0.127237 0 -1.27956 0 0 0 0 -1.15232
292 293 0.000191674 0 -1.3716 0 0 0 0 -1.37141
293 294 0.0221146 0 -0.992322 0 0 0 0 -0.970208
294 295 0.0358743 0 -0.963238 0 0 0 0 -0.927364
295 296 0.0261104 0 -1.07195 0 0 0 0 -1.04584
296 297 0.00596297 0 -0.964179 0 0 0 0 -0.958216
295 298 0 0 0 0 0 -0.0861489 -0 -0.0861489
294 298 0 0 0 0 -1.68834e-15 -0.0159015 0 -0.0159015
297 298 0.0107728 0 0 0 0 0 0 0.0107728
298 299 1.44322e-05 0 0 0 0 0 0 1.44322e-05
300 301 0.188219 0 -1.16394 0 0 0 0 -0.975724
301 302 0.0126043 0 0 0 0 0 0 0.0126043
302 303 0.0369608 0 0 0 0 0 0 0.0369608
303 304 0.0751093 0 -0.900412 0 0 0 0 -0.825303
304 305 0.000864834 0 -0 0 0 0 0 0.000864834
305 306 0.0760844 0 0 0 0 0 0 0.0760844
306 307 0.00444287 0 -1.07054 0 0 0 0 -1.0661
307 308 0.0271893 0 -1.28594 0 0 0 0 -1.25875
308 309 0.00542078 0 -1.20382 0 0 0 0 -1.1984
309 310 0.319536 0 -1.25359 0 0 0 0 -0.934057
310 311 0.23739 0 -0 0 0 0 0 0.23739
311 312 0.120568 0 -0.890969 0 0 0 0 -0.770401
312 313 0.0673206 0 -1.31277 0 0 0 0 -1.24545
313 314 6.0423e-08 0 -1.33451 0 0 0 0 -1.33451
314 315 0.00125462 0 -1.42012 0 0 0 0 -1.41887
315 316 0.116242 0 -1.18136 0 0 0 0 -1.06512
316 317 0.168711 0 -0.308073 0 0 0 0 -0.139362
317 318 0.0364635 0 -0.83024 0 0 0 0 -0.793777
318 319 0.0145412 0 -1.16615 0 0 0 0 -1.1516
320 321 0.0481112 0 0 0 0 0 0 0.0481112
321 322 0.000185037 0 -1.35401 0 0 0 0 -1.35382
322 323 0.154004 0 -1.37219 0 0 0 0 -1.21818
323 324 0.000230759 0 0 0 0 0 0 0.000230759
324 325 0.0303634 0 -1.24487 0 0 0 0 -1.2145
325 326 0.0275867 0 -1.19354 0 0 0 0 -1.16595
326 327 0.038635 0 -0.377507 0 0 0 0 -0.338872
327 328 0.0904376 0 -1.19809 0 0 0 0 -1.10765
328 329 0.0482642 0 -0 0 0 0 0 0.0482642
329 330 0.060706 0 0 0 0 0 0 0.060706
330 331 1.67275e-05 0 -1.17471 0 0 0 0 -1.1747
331 332 0.0153167 0 -1.34999 0 0 0 0 -1.33468
332 333 0.000573265 0 -1.21667 0 0 0 0 -1.2161
333 334 0.206759 0 0 0 0 0 0 0.206759
334 335 0.0504614 0 0 0 0 0 0 0.0504614
335 336 0.188327 0 -0.698583 0 0 0 0 -0.510255
336 337 0.0179962 0 -1.36503 0 0 0 0 -1.34704
337 338 0.0588381 0 -1.37478 0 0 0 0 -1.31594
338 339 0.00227554 0 -1.35726 0 0 0 0 -1.35499
340 341 0.00288954 0 -1.14759 0 0 0 0 -1.1447
341 342 0.116767 0 -1.29866 0 0 0 0 -1.1819
342 343 0.0287442 0 0 0 0 0 0 0.0287442
343 344 0.00515645 0 -1.38205 0 0 0 0 -1.37689
344 345 0.13065 0 -1.4462 0 0 0 0 -1.31555
345 346 0.0837171 0 0 0 0 0 0 0.0837171
346 347 0.101494 0 0 0 0 0 0 0.101494
347 348 0.134496 0 -0.924909 0 0 0 0 -0.790414
348 349 0.00511508 0 0 0 0 0 0 0.00511508
349 350 0.033973 0 0 0 0 0 0 0.033973
350 351 0.0299624 0 -1.16486 0 0 0 0 -1.13489
351 352 0.00138444 0 0 0 0 0 0 0.00138444
352 353 0.0106789 0 0 0 0 0 0 0.0106789
353 354 0.0033224 0 -1.32442 0 0 0 0 -1.3211
354 355 0.0973922 0 0 0 0 0 0 0.0973922
355 356 0.0131607 0 -1.02172 0 0 0 0 -1.00856
356 357 0.005538 0 0 0 0 0 0 0.005538
357 358 0.00315794 0 -0 0 0 0 0 0.00315794
358 359 0.00224548 0 -1.01417 0 0 0 0 -1.01192
360 361 0.092842 0 -1.07984 0 0 0 0 -0.986993
361 362 0.0012051 0 -1.28949 0 0 0 0 -1.28828
362 363 0.000294931 0 -1.27535 0 0 0 0 -1.27506
363 364 0.141367 0 -0.825859 0 0 0 0 -0.684492
364 365 0.0105006 0 -0.841777 0 0 0 0 -0.831277
365 366 0.0640174 0 -1.13846 0 0 0 0 -1.07444
366 367 0.0033236 0 0 0 0 0 0 0.0033236
367 368 0.212786 0 0 0 0 0 0 0.212786
368 369 0.0800226 0 0 0 0 0 0 0.0800226
369 370 0.000461029 0 0 0 0 0 0 0.000461029
370 371 0.00946986 0 0 0 0 0 0 0.00946986
371 372 0.0330885 0 -1.28904 0 0 0 0 -1.25595
372 373 0.00162601 0 0 0 0 0 0 0.00162601
373 374 0.000337908 0 -0 0 0 0 0 0.000337908
374 375 0.000462542 0 -1.35483 0 0 0 0 -1.35436
375 376 0.088374 0 0 0 0 0 0 0.088374
376 377 0.00315163 0 0 0 0 0 0 0.00315163
377 378 0.00448173 0 -1.29093 0 0 0 0 -1.28645
378 379 0.0612311 0 0 0 0 0 0 0.0612311
380 381 1.18232e-05 0 -1.32305 0 0 0 0 -1.32304
381 382 0.0614533 0 0 0 0 0 0 0.0614533
382 383 0.0271679 0 -1.28827 0 0 0 0 -1.26111
383 384 0.034829 0 -1.27689 0 0 0 0 -1.24206
384 385 0.0236173 0 -1.27874 0 0 0 0 -1.25512
385 386 0.000744259 0 0 0 0 0 0 0.000744259
386 387 0.28161 0 -1.25574 0 0 0 0 -0.974131
387 388 0.0432279 0 -0.752179 0 0 0 0 -0.708952
388 389 0.00104145 0.310267 0 0 0 0 0 0.311308
389 390 0.0119469 0 -0 0 0 0 0 0.0119469
390 391 0.00173384 0 0 0 0 0 0 0.00173384
391 392 0.00790152 0 0 0 0 0 0 0.00790152
392 393 0.011269 0 -1.18397 0 0 0 0 -1.17271
393 394 0.0060484 0 -1.03133 0 0 0 0 -1.02528
394 395 0.000634073 0 -0.992973 0 0 0 0 -0.992339
395 396 0.0932044 0 -0.583674 0 0 0 0 -0.490469
396 397 0.202418 0 0 0 0 0 0 0.202418
397 398 0.146952 0 0 0 0 0 0 0.146952
398 399 0.122925 0 0 0 0 0 0 0.122925
400 401 0.0373567 0 0 0 0 0 0 0.0373567
401 402 0.0476906 0 -1.26391 0 0 0 0 -1.21622
402 403 0.0676478 0 0 0 0 0 0 0.0676478
403 404 0.000550588 0 0 0 0 0 0 0.000550588
404 405 0.00237164 0 -1.3411 0 0 0 0 -1.33873
405 406 0.0254081 0 0 0 0 0 0 0.0254081
406 407 0.0314075 0 -1.08037 0 0 0 0 -1.04896
407 408 0.0243136 0 -1.09212 0 0 0 0 -1.0678
408 409 0.00440936 0 -0.923064 0 0 0 0 -0.918655
409 410 0.0467008 0 -1.11532 0 0 0 0 -1.06862
410 411 0.0449415 0 0 0 0 0 0 0.0449415
411 412 0.00977154 0 0 0 0 0 0 0.00977154
412 413 0.0223104 0 -1.3885 0 0 0 0 -1.36619
413 414 0.0837025 0 0 0 0 0 0 0.0837025
414 415 0.0647184 0 -1.22397 0 0 0 0 -1.15925
415 416 0.0527681 0 0 0 0 0 0 0.0527681
416 417 0.0116238 0 -1.23193 0 0 0 0 -1.2203
417 418 0.101068 0 -1.31646 0 0 0 0 -1.21539
418 419 0.0811865 0 -0.915246 0 0 0 0 -0.834059
420 421 0.000366317 0 -0 0 0 0 0 0.000366317
421 422 0.105694 0 -0 0 0 0 0 0.105694
422 423 0.201109 0 -1.10245 0 0 0 0 -0.901346
423 424 0.00941296 0 -1.15555 0 0 0 0 -1.14614
424 425 0.0393543 0 -1.36503 0 0 0 0 -1.32567
425 426 0.00584751 0 -1.12167 0 0 0 0 -1.11583
426 427 0.0422056 0 0 0 0 0 0 0.0422056
427 428 0.0040445 0 -1.25259 0 0 0 0 -1.24855
428 429 0.0544843 0 0 0 0 0 0 0.0544843
429 430 0.029219 0 0 0 0 0 0 0.029219
430 431 0.0943379 0 0 0 0 0 0 0.0943379
431 432 0.00602352 0 -0.907551 0 0 0 0 -0.901528
432 433 0.0275542 0 0 0 0 0 0 0.0275542
433 434 0.0741223 0 -0 0 0 0 0 0.0741223
434 435 0.0481879 0 0 0 0 0 0 0.0481879
435 436 0.00381547 0 -1.17954 0 0 0 0 -1.17572
436 437 0.00238712 0 -1.28559 0 0 0 0 -1.2832
437 438 5.26493e-05 0 0 0 0 0 0 5.26493e-05
438 439 0.0623064 0 0 0 0 0 0 0.0623064
440 441 0.0471271 0 -1.29571 0 0 0 0 -1.24858
441 442 0.00372503 0 0 0 0 0 0 0.00372503
442 443 0.0888452 0 -1.3695 0 0 0 0 -1.28066
443 444 0.00190862 0 -1.40972 0 0 0 0 -1.40781
444 445 0.0376272 0 -1.14311 0 0 0 0 -1.10549
445 446 0.00904458 0 -1.178 0 0 0 0 -1.16896
446 447 0.00978084 0 -1.23653 0 0 0 0 -1.22675
447 448 0.025394 0 -1.18225 0 0 0 0 -1.15686
448 449 0.00599771 0 -1.34239 0 0 0 0 -1.33639
449 450 0.0189697 0 -0.563283 0 0 0 0 -0.544313
450 451 0.0123541 0 0 0 0 0 0 0.0123541
451 452 0.0027057 0 -1.35792 0 0 0 0 -1.35521
452 453 0.0181493 0 -0.998515 0 0 0 0 -0.980366
453 454 0.000100774 0 -1.16533 0 0 0 0 -1.16523
454 455 0.000706302 0 -1.29276 0 0 0 0 -1.29206
455 456 0.0233165 0 -1.33618 0 0 0 0 -1.31286
456 457 0.111349 0 -1.40054 0 0 0 0 -1.28919
457 458 0.00141953 0 0 0 0 0 0 0.00141953
458 459 0.212764 0 -1.23269 0 0 0 0 -1.01993
460 461 0.0273564 0 -0.657379 0 0 0 0 -0.630022
461 462 0.0717652 0 -1.26648 0 0 0 0 -1.19472
462 463 0.022183 0 -1.24491 0 0 0 0 -1.22272
463 464 0.0394503 0 0 0 0 0 0 0.0394503
464 465 0.000357009 0 -1.41675 0 0 0 0 -1.41639
465 466 0.00322835 0 -1.36215 0 0 0 0 -1.35892
466 467 0.09487 0 0 0 0 0 0 0.09487
467 468 0.150988 0 -1.01948 0 0 0 0 -0.868493
468 469 0.0480099 0 -1.0295 0 0 0 0 -0.98149
469 470 0.063849 0 -0.877447 0 0 0 0 -0.813598
470 471 0.0777175 0 -1.37028 0 0 0 0 -1.29256
471 472 0.198591 0 -1.30128 0 0 0 0 -1.10269
472 473 0.038789 0 -1.01555 0 0 0 0 -0.976765
473 474 0.0180486 0 0 0 0 0 0 0.0180486
474 475 7.10231e-06 0 -0.261327 0 0 0 0 -0.26132
475 476 0.00584598 0 -0 0 0 0 0 0.00584598
476 477 0.0608254 0 -0.827925 0 0 0 0 -0.767099
477 478 0.158531 0 -0 0 0 0 0 0.158531
478 479 9.26296e-05 0 0 0 0 0 0 9.26296e-05
480 481 0.0207206 0 -1.16943 0 0 0 0 -1.1487
481 482 0.0209932 0 -1.1719 0 0 0 0 -1.15091
482 483 0.0712294 0 0 0 0 0 0 0.0712294
483 484 0.000828137 0 -0.967114 0 0 0 0 -0.966286
484 485 0.00435629 0 0 0 0 0 0 0.00435629
485 486 0.00241488 0 -1.31646 0 0 0 0 -1.31405
486 487 0.0326345 0 -1.25275 0 0 0 0 -1.22011
487 488 0.0342359 0 0 0 0 0 0 0.0342359
488 489 0.0063889 0 0 0 0 0 0 0.0063889
489 490 0.00899591 0 0 0 0 0 0 0.00899591
490 491 0.0739545 0 0 0 0 0 0 0.0739545
491 492 0.00400507 0 -1.3563 0 0 0 0 -1.35229
492 493 0.0999027 0 0 0 0 0 0 0.0999027
493 494 0.0386657 0 0 0 0 0 0 0.0386657
494 495 0.339061 0 -1.15086 0 0 0 0 -0.811802
495 496 0.00059536 0 0 0 0 0 0 0.00059536
496 497 0.0395279 0 -1.43304 0 0 0 0 -1.39351
497 498 0.00477991 0 -1.39375 0 0 0 0 -1.38897
498 499 0.145907 0 -0 0 0 0 0 0.145907
500 501 1.96239e-05 0 -1.35665 0 0 0 0 -1.35663
501 502 0.0115357 0 -1.10922 0 0 0 0 -1.09768
502 503 0.000338047 0 0 0 0 0 0 0.000338047
503 504 0.0751117 0 -1.41207 0 0 0 0 -1.33696
504 505 0.071014 0 -1.33532 0 0 0 0 -1.2643
505 506 0.0665423 0 -0.79532 0 0 0 0 -0.728778
506 507 0.0346191 0 -0.901694 0 0 0 0 -0.867075
507 508 0.00194788 0 0 0 0 0 0 0.00194788
508 509 1.28343e-05 0 -1.0081 0 0 0 0 -1.00809
509 510 0.0442585 0 -0.842358 0 0 0 0 -0.798099
510 511 0.0224739 0 0 0 0 0 0 0.0224739
511 512 0.0403477 0 -1.19803 0 0 0 0 -1.15768
512 513 0.0291877 0 0 0 0 0 0 0.0291877
513 514 4.56917e-06 0 -1.32315 0 0 0 0 -1.32315
514 515 0.0339152 0 -0.972971 0 0 0 0 -0.939056
515 516 0.00290414 0 -1.04149 0 0 0 0 -1.03858
516 517 0.133811 0 0 0 0 0 0 0.133811
517 518 0.070058 0 -0 0 0 0 0 0.070058
518 519 0.0479433 0 -1.42053 0 0 0 0 -1.37259
520 521 0.0149592 0 -1.16566 0 0 0 0 -1.1507
521 522 0.00359778 0 -1.27087 0 0 0 0 -1.26727
522 523 0.0802262 0 -1.12981 0 0 0 0 -1.04959
523 524 0.0308451 0 -1.18685 0 0 0 0 -1.15601
524 525 0.0404067 0 -1.25113 0 0 0 0 -1.21072
525 526 0.0276985 0 -1.13043 0 0 0 0 -1.10273
526 527 0.00984327 0 0 0 0 0 0 0.00984327
527 528 0.0224665 0 -1.31469 0 0 0 0 -1.29222
528 529 0.011491 0 0 0 0 0 0 0.011491
529 530 0.0107993 0 0 0 0 0 0 0.0107993
530 531 0.0417425 0 -1.12369 0 0 0 0 -1.08194
531 532 0.012763 0 -1.41247 0 0 0 0 -1.39971
532 533 0.0049093 0 -0.887807 0 0 0 0 -0.882898
533 534 0.0317251 0 0 0 0 0 0 0.0317251
534 535 0.135501 0 -1.07726 0 0 0 0 -0.941763
535 536 0.289205 0 -0.780309 0 0 0 0 -0.491104
536 537 0.0992684 0 -1.16397 0 0 0 0 -1.0647
537 538 0.00287723 0 0 0 0 0 0 0.00287723
538 539 0.168422 0 0 0 0 0 0 0.168422
540 541 0.0358505 0 -1.25845 0 0 0 0 -1.2226
541 542 0.0113719 0 -1.05039 0 0 0 0 -1.03902
542 543 0.00551623 0 -0.916141 0 0 0 0 -0.910625
543 544 0.180155 0 -1.17016 0 0 0 0 -0.990009
544 545 0.0647158 0 0 0 0 0 0 0.0647158
545 546 0.180831 0 0 0 0 0 0 0.180831
546 547 0.295708 0 -1.18346 0 0 0 0 -0.887752
547 548 0.000581056 0 -0 0 0 0 0 0.000581056
548 549 0.0129489 0 -1.29709 0 0 0 0 -1.28414
549 550 0.00221096 0 0 0 0 0 0 0.00221096
550 551 0.410534 0 0 0 0 0 0 0.410534
551 552 0.074707 0 -1.07962 0 0 0 0 -1.00491
552 553 0.00413318 0 0 0 0 0 0 0.00413318
553 554 0.0747385 0 0 0 0 0 0 0.0747385
554 555 0.081354 0 0 0 0 0 0 0.081354
555 556 0.0295653 0 -1.36177 0 0 0 0 -1.3322
556 557 0.0299298 0 0 0 0 0 0 0.0299298
557 558 0.0946005 0 -0.893714 0 0 0 0 -0.799114
558 559 0.0191946 0 0 0 0 0 0 0.0191946
560 561 0.00850041 0 -1.29436 0 0 0 0 -1.28586
561 562 0.0044702 0 -1.11954 0 0 0 0 -1.11507
562 563 0.0784779 0 0 0 0 0 0 0.0784779
563 564 0.00176588 0 -0 0 0 0 0 0.00176588
564 565 0.0023903 0 0 0 0 0 0 0.0023903
565 566 0.00585715 0 -1.35484 0 0 0 0 -1.34898
566 567 0.0340969 0 0 0 0 0 0 0.0340969
567 568 0.00777284 0 -0.81768 0 0 0 0 -0.809907
568 569 0.0535 0 0 0 0 0 0 0.0535
569 570 0.0334789 0 -1.2818 0 0 0 0 -1.24832
570 571 0.00270182 0 -0.710492 0 0 0 0 -0.70779
571 572 0.0194215 0 -0.784351 0 0 0 0 -0.764929
572 573 0.0798997 0 -0.967809 0 0 0 0 -0.88791
573 574 0.0247055 0 -1.15128 0 0 0 0 -1.12657
574 575 0.00227314 0 0 0 0 0 0 0.00227314
575 576 0.019326 0 0 0 0 0 0 0.019326
576 577 0.00411483 0 0 0 0 0 0 0.00411483
577 578 0.0103997 0 -1.45092 0 0 0 0 -1.44052
578 579 0.00719744 0 -1.23135 0 0 0 0 -1.22415
580 581 0.0562965 0 0 0 0 0 0 0.0562965
581 582 0.160221 0 0 0 0 0 0 0.160221
582 583 0.0593509 0 -1.24996 0 0 0 0 -1.19061
583 584 0.00228765 0 -1.02001 0 0 0 0 -1.01773
584 585 0.0232304 0 0 0 0 0 0 0.0232304
585 586 0.000123524 0 0 0 0 0 0 0.000123524
586 587 0.00787167 0 0 0 0 0 0 0.00787167
587 588 0.0448518 0 -1.02731 0 0 0 0 -0.982454
588 589 0.0407179 0 -1.328 0 0 0 0 -1.28728
589 590 0.100586 0 -1.22585 0 0 0 0 -1.12527
590 591 0.0238248 0 -1.24476 0 0 0 0 -1.22093
591 592 0.133847 0 0 0 0 0 0 0.133847
592 593 0.121637 0 -1.14455 0 0 0 0 -1.02291
593 594 0.0437545 0 -1.2944 0 0 0 0 -1.25065
594 595 0.0627196 0 0 0 0 0 0 0.0627196
595 596 0.0665463 0 -1.37517 0 0 0 0 -1.30863
596 597 0.0127271 0 -0 0 0 0 0 0.0127271
597 598 0.0117469 0 0 0 0 0 0 0.0117469
598 599 0.003137 0 -0 0 0 0 0 0.003137
#Total energy per particle is  -0.580052 and should be -0.58005210
