#id1 id2 FENE BEXC STCK NEXC HB CRSTCK CXSTCK total, t = 200000
0 1 0.0891039 0 0 0 0 0 0 0.0891039
1 2 0.0145923 0 0 0 0 0 0 0.0145923
2 3 0.00909682 0 0 0 0 0 0 0.00909682
3 4 0.025471 0 0 0 0 0 0 0.025471
4 5 0.0184925 0 -1.44713 0 0 0 0 -1.42864
5 6 0.0292383 0 0 0 0 0 0 0.0292383
6 7 0.0491604 0 0 0 0 0 0 0.0491604
7 8 0.291179 0 -1.27963 0 0 0 0 -0.98845
8 9 0.0302264 0 -1.25867 0 0 0 0 -1.22844
9 10 0.0223467 0 0 0 0 0 0 0.0223467
10 11 0.0218245 0 -1.17048 0 0 0 0 -1.14865
11 12 0.304749 0 -1.18117 0 0 0 0 -0.876423
12 13 0.00908198 0 -0.894591 0 0 0 0 -0.885509
13 14 0.0474343 0 -1.30154 0 0 0 0 -1.25411
14 15 0.00118157 0 -1.25875 0 0 0 0 -1.25757
15 16 0.00770958 0 0 0 0 0 0 0.00770958
7 17 0 0 0 0.0270591 0 0 0 0.0270591
16 17 0.0171079 0 0 0 0 0 0 0.0171079
17 18 0.00944809 0 -1.3077 0 0 0 0 -1.29825
18 19 0.0160238 0 0 0 0 0 0 0.0160238
20 21 0.186182 0 -0.324201 0 0 0 0 -0.138019
21 22 0.038154 0 0 0 0 0 0 0.038154
22 23 0.00722668 0 -0 0 0 0 0 0.00722668
23 24 0.00059772 0 -0 0 0 0 0 0.00059772
24 25 0.0632683 0 -1.20726 0 0 0 0 -1.14399
25 26 0.0719064 0 -3.00907e-07 0 0 0 0 0.0719061
26 27 0.00721295 0 -1.17439 0 0 0 0 -1.16718
27 28 0.253171 0 -1.02279 0 0 0 0 -0.76962
28 29 0.0307867 0 -0 0 0 0 0 0.0307867
29 30 0.237141 0 0 0 0 0 0 0.237141
30 31 0.00823697 0 -0.919059 0 0 0 0 -0.910822
31 32 0.0663574 0 -1.12209 0 0 0 0 -1.05573
32 33 0.0452949 0 0 0 0 0 0 0.0452949
33 34 0.00266565 0 -0.94801 0 0 0 0 -0.945345
34 35 0.00321477 0 -1.29567 0 0 0 0 -1.29246
35 36 0.0620798 0 -0.80509 0 0 0 0 -0.74301
36 37 0.269011 0 0 0 0 0 0 0.269011
37 38 0.0302526 0 -1.3768 0 0 0 0 -1.34655
38 39 5.08786e-05 0 -0.448942 0 0 0 0 -0.448891
40 41 0.0436834 0 0 0 0 0 0 0.0436834
41 42 0.162336 0 0 0 0 0 0 0.162336
42 43 0.0278869 0 -1.02334 0 0 0 0 -0.995456
43 44 0.0114006 0 0 0 0 0 0 0.0114006
44 45 0.00729557 0 -0 0 0 0 0 0.00729557
45 46 0.000254086 0 -0 0 0 0 0 0.000254086
46 47 0.046077 0 -0.913378 0 0 0 0 -0.867301
47 48 0.0287202 0 -1.18955 0 0 0 0 -1.16083
48 49 0.0371689 0 -1.19949 0 0 0 0 -1.16232
49 50 0.00299476 0 -0 0 0 0 0 0.00299476
50 51 0.00079749 0 -1.08093 0 0 0 0 -1.08013
51 52 0.0897972 0 -1.2334 0 0 0 0 -1.14361
52 53 0.00882214 0 0 0 0 0 0 0.00882214
50 54 0 0 0 0 -0 -0.00631638 -0 -0.00631638
47 54 0 0 0 0 0 -0.00106367 0 -0.00106367
46 54 0 0 0 0 0 -0.000135985 0 -0.000135985
53 54 0.0130114 0 0 0 0 0 0 0.0130114
54 55 0.0273319 0 0 0 0 0 0 0.0273319
55 56 0.0195994 0 -1.11964 0 0 0 0 -1.10004
56 57 0.105943 0 0 0 0 0 0 0.105943
57 58 0.00225008 0 0 0 0 0 0 0.00225008
58 59 0.00159345 0 0 0 0 0 0 0.00159345
60 61 0.0244199 0 -1.13801 0 0 0 0 -1.11359
61 62 0.00581255 0 -1.09749 0 0 0 0 -1.09168
62 63 0.0192688 0 0 0 0 0 0 0.0192688
63 64 0.0132433 0 -0.942138 0 0 0 0 -0.928895
64 65 0.269721 0 -1.23087 0 0 0 0 -0.961146
65 66 0.0193511 0 -0.879485 0 0 0 0 -0.860134
66 67 0.0965373 0 -1.32191 0 0 0 0 -1.22538
67 68 0.0754441 0 0 0 0 0 0 0.0754441
68 69 0.00330545 0 -1.13594 0 0 0 0 -1.13264
69 70 0.197182 0 -0 0 0 0 0 0.197182
70 71 0.0121088 0 -1.32161 0 0 0 0 -1.3095
71 72 0.0415882 0 0 0 0 0 0 0.0415882
72 73 0.0799202 0 -1.20007 0 0 0 0 -1.12015
73 74 0.0623847 0 -1.158 0 0 0 0 -1.09561
74 75 0.00153221 0 0 0 0 0 0 0.00153221
75 76 0.000537522 0 -0 0 0 0 0 0.000537522
76 77 0.249469 0 -1.35121 0 0 0 0 -1.10174
77 78 0.0108496 0 0 0 0 0 0 0.0108496
78 79 0.129483 0 -0.753923 0 0 0 0 -0.62444
80 81 0.000202373 0 0 0 0 0 0 0.000202373
81 82 0.0417248 0 0 0 0 0 0 0.0417248
82 83 0.00561846 0 -0.894072 0 0 0 0 -0.888453
83 84 0.000276345 0 -1.34567 0 0 0 0 -1.34539
84 85 0.0144266 0 -0 0 0 0 0 0.0144266
85 86 0.0959116 0 0 0 0 0 0 0.0959116
86 87 0.00116164 0 -1.33253 0 0 0 0 -1.33137
87 88 0.0394346 0 -0.964157 0 0 0 0 -0.924723
88 89 0.0153448 0 0 0 0 0 0 0.0153448
89 90 0.106481 0 0 0 0 0 0 0.106481
90 91 0.0120711 0 -1.0845 0 0 0 0 -1.07243
91 92 0.0556456 0 -1.12115 0 0 0 0 -1.0655
92 93 0.00627589 0 -1.23484 0 0 0 0 -1.22857
93 94 0.0268925 0 -0.646522 0 0 0 0 -0.619629
94 95 0.0964577 0 0 0 0 0 0 0.0964577
95 96 0.0630852 0 -0.840491 0 0 0 0 -0.777406
96 97 0.0270287 0 -1.19522 0 0 0 0 -1.1682
97 98 0.158694 0 -1.24118 0 0 0 0 -1.08249
98 99 2.40854e-05 0 -0.907947 0 0 0 0 -0.907923
100 101 0.0920581 0 -0.999911 0 0 0 0 -0.907853
101 102 0.000272844 0 -1.19465 0 0 0 0 -1.19437
102 103 0.00165452 0 0 0 0 0 0 0.00165452
103 104 0.0116409 0 -1.35035 0 0 0 0 -1.33871
104 105 0.0355451 0 0 0 0 0 0 0.0355451
105 106 0.000204824 0 0 0 0 0 0 0.000204824
106 107 0.0170418 0 -1.31405 0 0 0 0 -1.29701
107 108 4.10978e-06 0 -1.11424 0 0 0 0 -1.11424
108 109 0.0678278 0 0 0 0 0 0 0.0678278
109 110 0.309543 0 0 0 0 0 0 0.309543
110 111 0.0364999 0 0 0 0 0 0 0.0364999
111 112 0.27976 0 -1.40122 0 0 0 0 -1.12146
112 113 0.0825773 0 -1.29354 0 0 0 0 -1.21096
113 114 0.0134933 0 0 0 0 0 0 0.0134933
114 115 0.32655 0 0 0 0 0 0 0.32655
115 116 0.0573285 0 -0.769927 0 0 0 0 -0.712599
116 117 0.0287639 0 -1.35902 0 0 0 0 -1.33026
117 118 0.00179061 0 -0.349044 0 0 0 0 -0.347254
118 119 0.0272943 0 -1.25049 0 0 0 0 -1.2232
120 121 0.162023 0 0 0 0 0 0 0.162023
121 122 0.0143259 0 0 0 0 0 0 0.0143259
122 123 0.00814974 0 0 0 0 0 0 0.00814974
123 124 0.00788819 0 -1.37298 0 0 0 0 -1.36509
124 125 0.000759619 0 -1.04135 0 0 0 0 -1.04059
125 126 0.0889451 0 0 0 0 0 0 0.0889451
126 127 0.0178802 0 -1.33356 0 0 0 0 -1.31568
127 128 0.000232764 0 -0.0177694 0 0 0 0 -0.0175367
128 129 0.0263837 0 0 0 0 0 0 0.0263837
129 130 0.032956 0 -1.38931 0 0 0 0 -1.35636
130 131 0.0333453 0 -1.07488 0 0 0 0 -1.04153
131 132 0.121996 0 -0.736476 0 0 0 0 -0.614481
132 133 0.0828451 0 -0.819562 0 0 0 0 -0.736717
133 134 5.11761e-06 0 0 0 0 0 0 5.11761e-06
134 135 0.0836115 0 -0.815341 0 0 0 0 -0.731729
135 136 2.12095e-05 0 -1.07227 0 0 0 0 -1.07225
136 137 0.0366763 0 -1.20045 0 0 0 0 -1.16378
137 138 0.131814 0 -0.00278814 0 0 0 0 0.129026
138 139 0.00126937 0 -1.12373 0 0 0 0 -1.12246
140 141 0.0167277 0 -1.1748 0 0 0 0 -1.15807
141 142 0.00493793 0 -1.0841 0 0 0 0 -1.07917
142 143 0.0224732 0 0 0 0 0 0 0.0224732
143 144 0.0089821 0 0 0 0 0 0 0.0089821
144 145 0.000431536 0 -1.29343 0 0 0 0 -1.29299
145 146 0.0536498 0 0 0 0 0 0 0.0536498
146 147 0.000273818 0 -0.797155 0 0 0 0 -0.796881
147 148 9.87761e-05 0 -0.856957 0 0 0 0 -0.856858
148 149 0.0250202 0 -0.847229 0 0 0 0 -0.822209
149 150 0.108759 0 0 0 0 0 0 0.108759
150 151 0.0352195 0 -1.17953 0 0 0 0 -1.14431
151 152 0.0756161 0 -0.98297 0 0 0 0 -0.907353
152 153 0.00464956 0 0 0 0 0 0 0.00464956
153 154 0.0143925 0 0 0 0 0 0 0.0143925
154 155 0.00722041 0 -1.10181 0 0 0 0 -1.09459
155 156 0.0598186 0 -1.20224 0 0 0 0 -1.14242
156 157 0.149021 0 -1.17735 0 0 0 0 -1.02833
157 158 0.069457 0 0 0 0 0 0 0.069457
158 159 0.165623 0 0 0 0 0 0 0.165623
160 161 0.162792 0 -1.25097 0 0 0 0 -1.08818
161 162 0.0911563 0 -1.04644 0 0 0 0 -0.955283
162 163 0.027955 0 -1.15135 0 0 0 0 -1.12339
163 164 3.714e-05 0 -1.0952 0 0 0 0 -1.09516
164 165 0.030232 0 -0.782459 0 0 0 0 -0.752227
165 166 0.00351858 0 -0 0 0 0 0 0.00351858
166 167 0.0141557 0 0 0 0 0 0 0.0141557
167 168 0.00161348 0 -0 0 0 0 0 0.00161348
168 169 0.102795 0 -1.24057 0 0 0 0 -1.13777
169 170 0.00763755 0 -0.765147 0 0 0 0 -0.757509
170 171 0.0354275 0 -1.09014 0 0 0 0 -1.05471
171 172 0.345225 0 -0.839113 0 0 0 0 -0.493888
165 173 0 0 0 2.53482e-05 0 0 0 2.53482e-05
172 173 0.00404433 0 -1.25281 0 0 0 0 -1.24877
173 174 0.000358282 0 -1.06132 0 0 0 0 -1.06096
174 175 0.00226783 0 -0.959143 0 0 0 0 -0.956875
175 176 0.000533777 0 -1.07573 0 0 0 0 -1.07519
176 177 0.0380459 0 -1.17666 0 0 0 0 -1.13861
177 178 0.0783228 0 0 0 0 0 0 0.0783228
178 179 0.0190967 0 0 0 0 0 0 0.0190967
180 181 1.50991e-06 0 0 0 0 0 0 1.50991e-06
181 182 0.000476745 0 -0.727834 0 0 0 0 -0.727357
182 183 0.0114146 0 -0.0331083 0 0 0 0 -0.0216938
183 184 0.00112935 0 -0.991998 0 0 0 0 -0.990868
184 185 0.000364988 0 -1.14614 0 0 0 0 -1.14577
185 186 0.322748 0 0 0 0 0 0 0.322748
186 187 0.101333 0 -0.866865 0 0 0 0 -0.765531
187 188 0.253516 0 -0 0 0 0 0 0.253516
188 189 0.0232119 0 -0.430756 0 0 0 0 -0.407544
189 190 0.011393 0 -1.37728 0 0 0 0 -1.36589
190 191 0.0145702 0 -0 0 0 0 0 0.0145702
191 192 0.230784 0 0 0 0 0 0 0.230784
192 193 0.00858416 0 -0 0 0 0 0 0.00858416
193 194 0.0156572 0 0 0 0 0 0 0.0156572
194 195 4.61755e-06 0 -1.1301 0 0 0 0 -1.13009
195 196 0.193992 0 -1.2315 0 0 0 0 -1.03751
196 197 0.000871204 0 0 0 0 0 0 0.000871204
196 198 0 0 0 0 0 0 -0.324257 -0.324257
197 198 0.059309 0 0 0 0 0 0 0.059309
198 199 0.00485779 0 -1.18646 0 0 0 0 -1.18161
200 201 0.133379 0 -1.24303 0 0 0 0 -1.10966
201 202 0.169288 0 0 0 0 0 0 0.169288
202 203 0.0649273 0 -1.10626 0 0 0 0 -1.04134
203 204 0.0869913 0 -1.11479 0 0 0 0 -1.0278
204 205 0.00455996 0 -1.31599 0 0 0 0 -1.31143
205 206 0.104334 0 -1.28535 0 0 0 0 -1.18102
206 207 0.13499 0 -0.906894 0 0 0 0 -0.771904
207 208 0.00193099 0 -0.831493 0 0 0 0 -0.829562
208 209 0.0849142 0 -1.28412 0 0 0 0 -1.1992
209 210 0.0145929 0 -0.606077 0 0 0 0 -0.591484
210 211 0.102891 0 -0 0 0 0 0 0.102891
211 212 0.177543 0 -1.28586 0 0 0 0 -1.10831
212 213 0.0166247 0 0 0 0 0 0 0.0166247
213 214 0.114872 0 0 0 0 0 0 0.114872
214 215 0.0156487 0 -1.43578 0 0 0 0 -1.42013
215 216 0.0538276 0 0 0 0 0 0 0.0538276
216 217 0.152377 0 -1.31387 0 0 0 0 -1.16149
217 218 0.00516178 0 -1.22655 0 0 0 0 -1.22139
218 219 0.017013 0 -1.16706 0 0 0 0 -1.15005
220 221 0.00201644 0 0 0 0 0 0 0.00201644
221 222 0.0517655 0 -1.03877 0 0 0 0 -0.987002
222 223 0.0954202 0 -1.3885 0 0 0 0 -1.29308
223 224 0.000208853 0 0 0 0 0 0 0.000208853
224 225 0.000518344 0 0 0 0 0 0 0.000518344
225 226 0.037446 0 -1.19353 0 0 0 0 -1.15609
226 227 0.193828 0 -1.02529 0 0 0 0 -0.831459
227 228 0.00487277 0 0 0 0 0 0 0.00487277
228 229 0.0983472 0 -0 0 0 0 0 0.0983472
229 230 9.89918e-06 0 -0.685662 0 0 0 0 -0.685652
230 231 0.00705041 0 -1.23739 0 0 0 0 -1.23034
231 232 0.0753865 0 -1.3675 0 0 0 0 -1.29211
232 233 0.00308843 0 0 0 0 0 0 0.00308843
233 234 0.0077302 0 -1.20932 0 0 0 0 -1.20159
234 235 0.032647 0 -0 0 0 0 0 0.032647
235 236 0.00054858 0 -1.22875 0 0 0 0 -1.2282
236 237 0.0886059 0 0 0 0 0 0 0.0886059
237 238 0.0556756 0 -1.16376 0 0 0 0 -1.10809
238 239 0.0893171 0 -1.21124 0 0 0 0 -1.12193
240 241 0.0145991 0 0 0 0 0 0 0.0145991
241 242 0.0572978 0 -0.419983 0 0 0 0 -0.362685
242 243 0.00874294 0 -1.35472 0 0 0 0 -1.34597
243 244 0.00253573 0 -0 0 0 0 0 0.00253573
244 245 0.151094 0 0 0 0 0 0 0.151094
245 246 0.092255 0 -1.28439 0 0 0 0 -1.19213
246 247 0.126869 0 -1.26727 0 0 0 0 -1.1404
247 248 0.227142 0 -1.21054 0 0 0 0 -0.983394
248 249 0.0753067 0 -0.728544 0 0 0 0 -0.653237
249 250 0.0745469 0 -0.28578 0 0 0 0 -0.211233
250 251 0.00416727 0 -1.25647 0 0 0 0 -1.2523
251 252 0.226607 0 -0.868842 0 0 0 0 -0.642235
252 253 0.0919394 0 -1.32495 0 0 0 0 -1.23301
253 254 0.0182456 0 -1.1653 0 0 0 0 -1.14705
254 255 0.000256656 0 -1.3171 0 0 0 0 -1.31684
255 256 0.002454 0 -1.20019 0 0 0 0 -1.19774
256 257 0.246732 0 -1.43472 0 0 0 0 -1.18799
257 258 0.000810744 0 -1.0968 0 0 0 0 -1.09599
258 259 0.0191295 0 -1.40728 0 0 0 0 -1.38815
260 261 0.00845699 0 -1.32857 0 0 0 0 -1.32011
261 262 0.020194 0 0 0 0 0 0 0.020194
262 263 0.116016 0 -1.03576 0 0 0 0 -0.919748
263 264 0.0238853 0 -1.29064 0 0 0 0 -1.26676
264 265 0.216482 0 -1.2372 0 0 0 0 -1.02072
265 266 0.0556228 0 -1.38424 0 0 0 0 -1.32862
266 267 2.2457e-05 0 -1.2962 0 0 0 0 -1.29618
267 268 0.0300281 0 0 0 0 0 0 0.0300281
268 269 0.074721 0 0 0 0 0 0 0.074721
269 270 0.00222462 0 -1.30994 0 0 0 0 -1.30772
270 271 0.0358219 0 0 0 0 0 0 0.0358219
271 272 0.000437581 0 0 0 0 0 0 0.000437581
272 273 0.038026 0 0 0 0 0 0 0.038026
273 274 0.000829209 0 0 0 0 0 0 0.000829209
274 275 0.0576431 0 -0 0 0 0 0 0.0576431
274 276 0 0 0 0.000955183 -0 0 -0 0.000955183
275 276 0.000713169 0 -0.996625 0 0 0 0 -0.995912
276 277 0.280611 0 -1.40233 0 0 0 0 -1.12172
277 278 0.0312689 0 0 0 0 0 0 0.0312689
278 279 0.0318496 0 0 0 0 0 0 0.0318496
280 281 0.203437 0 -0 0 0 0 0 0.203437
281 282 0.000985936 0 -0 0 0 0 0 0.000985936
282 283 0.000320894 0 -1.23234 0 0 0 0 -1.23202
283 284 0.0500804 0 -1.33197 0 0 0 0 -1.28189
284 285 0.00473301 0 0 0 0 0 0 0.00473301
285 286 0.0853728 0 0 0 0 0 0 0.0853728
286 287 0.164642 0 0 0 0 0 0 0.164642
287 288 0.026966 0 0 0 0 0 0 0.026966
288 289 0.17002 0 0 0 0 0 0 0.17002
289 290 0.0358765 0 0 0 0 0 0 0.0358765
290 291 0.00282943 0 0 0 0 0 0 0.00282943
291 292 0.00590345 0 -1.30431 0 0 0 0 -1.29841
292 293 0.440704 0 -1.36158 0 0 0 0 -0.920878
293 294 0.00511846 0 -1.04891 0 0 0 0 -1.04379
294 295 0.0756172 0 -0.214684 0 0 0 0 -0.139067
295 296 0.038137 0 -0 0 0 0 0 0.038137
296 297 0.0230183 0 -1.39594 0 0 0 0 -1.37292
297 298 3.5669e-05 0 0 0 0 0 0 3.5669e-05
298 299 0.00129278 0 -0 0 0 0 0 0.00129278
300 301 0.0428932 0 -1.33615 0 0 0 0 -1.29325
301 302 0.0192248 0 -1.1004 0 0 0 0 -1.08118
302 303 0.00574596 0 0 0 0 0 0 0.00574596
303 304 0.000184245 0 -1.28333 0 0 0 0 -1.28315
304 305 0.0115787 0 -1.14394 0 0 0 0 -1.13236
305 306 0.228017 0 0 0 0 0 0 0.228017
306 307 0.0689639 0 0 0 0 0 0 0.0689639
307 308 0.00220185 0 0 0 0 0 0 0.00220185
308 309 0.00319654 0 -1.09188 0 0 0 0 -1.08868
309 310 0.00072123 0 -1.3465 0 0 0 0 -1.34578
310 311 1.02725e-06 0 0 0 0 0 0 1.02725e-06
311 312 0.00506042 0 -1.29786 0 0 0 0 -1.2928
312 313 9.6435e-05 0 -1.243 0 0 0 0 -1.2429
313 314 0.00135513 0 -1.34179 0 0 0 0 -1.34044
314 315 0.00261063 0 0 0 0 0 0 0.00261063
315 316 0.0191925 0 -0.931608 0 0 0 0 -0.912416
316 317 0.07984 0 -0.593138 0 0 0 0 -0.513298
317 318 0.0132988 0 -0.551828 0 0 0 0 -0.538529
318 319 0.0215649 0 0 0 0 0 0 0.0215649
320 321 1.14652e-06 0 -1.04869 0 0 0 0 -1.04868
321 322 0.0678372 0 -1.26094 0 0 0 0 -1.1931
322 323 0.119939 0 0 0 0 0 0 0.119939
323 324 0.0866061 0 -1.02814 0 0 0 0 -0.941534
324 325 0.0143323 0 -1.34342 0 0 0 0 -1.32909
325 326 0.0288635 0 -1.24422 0 0 0 0 -1.21535
326 327 0.0122943 0 -1.29253 0 0 0 0 -1.28023
327 328 0.302405 0 0 0 0 0 0 0.302405
328 329 0.0100942 0 -1.30903 0 0 0 0 -1.29893
329 330 0.097459 0 -1.05137 0 0 0 0 -0.953912
330 331 0.0974203 0 -1.23031 0 0 0 0 -1.13289
331 332 0.216473 0 -1.30907 0 0 0 0 -1.0926
332 333 0.00875727 0 0 0 0 0 0 0.00875727
333 334 0.0123553 0 0 0 0 0 0 0.0123553
334 335 7.5282e-06 0 0 0 0 0 0 7.5282e-06
335 336 0.184654 0 -1.21331 0 0 0 0 -1.02866
336 337 0.0519546 0 0 0 0 0 0 0.0519546
336 338 0 0 0 0.169449 0 0 0 0.169449
337 338 0.00498939 0 0 0 0 0 0 0.00498939
338 339 0.000864953 0.00845497 -0 0 0 0 0 0.00931992
340 341 0.000973056 0 0 0 0 0 0 0.000973056
341 342 0.0678521 0 -0.658695 0 0 0 0 -0.590843
342 343 0.0819247 0 0 0 0 0 0 0.0819247
343 344 0.0346951 0 0 0 0 0 0 0.0346951
344 345 0.040974 0 0 0 0 0 0 0.040974
345 346 0.228185 0 0 0 0 0 0 0.228185
346 347 0.11231 0 -1.32538 0 0 0 0 -1.21307
347 348 0.0451607 0 -1.25617 0 0 0 0 -1.21101
348 349 0.00619966 0 -0.411758 0 0 0 0 -0.405558
349 350 0.000234884 0 0 0 0 0 0 0.000234884
350 351 0.0600192 0 0 0 0 0 0 0.0600192
351 352 0.0503084 0 -0 0 0 0 0 0.0503084
352 353 0.0301992 0 0 0 0 0 0 0.0301992
353 354 0.0891203 0 0 0 0 0 0 0.0891203
354 355 0.0765683 0 -1.05318 0 0 0 0 -0.976613
355 356 0.0167166 0 -0.614274 0 0 0 0 -0.597557
356 357 1.30226e-05 0 0 0 0 0 0 1.30226e-05
357 358 0.00712281 0 -1.36569 0 0 0 0 -1.35857
358 359 0.00380464 0 0 0 0 0 0 0.00380464
360 361 0.177053 0 -1.06551 0 0 0 0 -0.88846
361 362 0.0128734 0 0 0 0 0 0 0.0128734
362 363 0.0320484 0 0 0 0 0 0 0.0320484
363 364 0.00204505 0 -1.31614 0 0 0 0 -1.3141
364 365 0.0443822 0 -1.28177 0 0 0 0 -1.23738
365 366 0.172661 0 0 0 0 0 0 0.172661
366 367 0.0058671 0 -1.23887 0 0 0 0 -1.23301
367 368 0.0474855 0 -1.19737 0 0 0 0 -1.14988
368 369 0.0214205 0 -0.0224772 0 0 0 0 -0.00105676
369 370 0.0495126 0 -1.13131 0 0 0 0 -1.0818
370 371 0.0453238 0 0 0 0 0 0 0.0453238
371 372 0.00192517 0 -1.27323 0 0 0 0 -1.2713
372 373 0.136346 0 -1.46037 0 0 0 0 -1.32402
373 374 0.0268424 0 0 0 0 0 0 0.0268424
374 375 0.0388787 0 0 0 0 0 0 0.0388787
375 376 3.48048e-05 0 0 0 0 0 0 3.48048e-05
376 377 0.433781 0 -1.44491 0 0 0 0 -1.01113
377 378 0.0339315 0 0 0 0 0 0 0.0339315
378 379 0.00529449 0 0 0 0 0 0 0.00529449
380 381 0.0529089 0 -1.32973 0 0 0 0 -1.27682
381 382 0.0554014 0 -1.21852 0 0 0 0 -1.16311
382 383 0.00183387 0 -1.32668 0 0 0 0 -1.32485
383 384 0.00828732 0 -1.08464 0 0 0 0 -1.07635
384 385 0.0621939 0 -1.16062 0 0 0 0 -1.09843
385 386 0.0444995 0 -1.31967 0 0 0 0 -1.27517
386 387 0.115182 0 -1.17703 0 0 0 0 -1.06184
387 388 0.0113856 0 0 0 0 0 0 0.0113856
388 389 0.031405 0 -1.3633 0 0 0 0 -1.3319
389 390 0.357319 0 -0.993269 0 0 0 0 -0.63595
390 391 0.0341177 0 -0 0 0 0 0 0.0341177
391 392 0.000181747 0 0 0 0 0 0 0.000181747
392 393 0.158824 0 0 0 0 0 0 0.158824
393 394 4.23408e-06 0 0 0 0 0 0 4.23408e-06
394 395 0.0229685 0 0 0 0 0 0 0.0229685
395 396 0.0707647 0 -1.04278 0 0 0 0 -0.972019
396 397 0.190274 0 -1.15377 0 0 0 0 -0.963496
397 398 0.0284101 0 -0.990147 0 0 0 0 -0.961737
398 399 0.0092471 0 -1.24438 0 0 0 0 -1.23514
400 401 0.0145689 0 -1.18464 0 0 0 0 -1.17007
401 402 0.137697 0 -1.0936 0 0 0 0 -0.955905
402 403 0.0435635 0 -1.17347 0 0 0 0 -1.12991
403 404 0.00922159 0 -1.01825 0 0 0 0 -1.00903
404 405 0.201697 0 -1.14571 0 0 0 0 -0.944012
405 406 0.0536388 0 -0.445591 0 0 0 0 -0.391952
406 407 0.150665 0 -1.01181 0 0 0 0 -0.861145
407 408 0.0931748 0 -1.36703 0 0 0 0 -1.27386
408 409 0.0662148 0 -1.27752 0 0 0 0 -1.2113
409 410 0.00072463 0 0 0 0 0 0 0.00072463
410 411 0.00784186 0 -0.997777 0 0 0 0 -0.989935
411 412 0.0938715 0 -1.27628 0 0 0 0 -1.18241
412 413 0.122739 0 -1.27494 0 0 0 0 -1.1522
413 414 0.0465033 0 0 0 0 0 0 0.0465033
414 415 0.0288059 0 -1.3387 0 0 0 0 -1.30989
415 416 0.0177737 0 -1.40112 0 0 0 0 -1.38335
416 417 0.0428928 0 0 0 0 0 0 0.0428928
417 418 0.253829 0 0 0 0 0 0 0.253829
418 419 0.0201716 0 0 0 0 0 0 0.0201716
420 421 0.00215487 0 -1.04941 0 0 0 0 -1.04725
421 422 0.073972 0 0 0 0 0 0 0.073972
422 423 0.0751379 0 -0.944115 0 0 0 0 -0.868977
423 424 0.468436 0 -0 0 0 0 0 0.468436
424 425 0.00522513 0 -1.45462 0 0 0 0 -1.44939
423 426 0 0 0 0 0 -0.0010097 0 -0.0010097
425 426 0.0185012 0 -1.2002 0 0 0 0 -1.1817
426 427 0.00898201 0 -0.951298 0 0 0 0 -0.942316
427 428 0.225114 0 -1.31714 0 0 0 0 -1.09203
428 429 0.000864778 0 -1.25085 0 0 0 0 -1.24998
429 430 0.0223405 0 -0.684429 0 0 0 0 -0.662088
430 431 0.0245293 0 -1.27397 0 0 0 0 -1.24944
431 432 0.000286966 0 -1.0476 0 0 0 0 -1.04732
432 433 0.0262441 0 0 0 0 0 0 0.0262441
433 434 0.0291452 0 -1.37563 0 0 0 0 -1.34648
434 435 0.0557746 0 -0.767799 0 0 0 0 -0.712024
435 436 0.0950506 0 0 0 0 0 0 0.0950506
436 437 0.00260332 0 -1.37465 0 0 0 0 -1.37205
437 438 0.0347007 0 0 0 0 0 0 0.0347007
438 439 0.000318 0 -1.21434 0 0 0 0 -1.21402
440 441 0.127299 0 -1.31567 0 0 0 0 -1.18837
441 442 0.00759318 0 -1.32387 0 0 0 0 -1.31628
442 443 0.0470558 0 -1.20301 0 0 0 0 -1.15596
443 444 0.0136422 0 -1.19086 0 0 0 0 -1.17722
444 445 0.000871596 0 -1.19632 0 0 0 0 -1.19545
445 446 0.0753272 0 0 0 0 0 0 0.0753272
446 447 0.000601984 0 -0 0 0 0 0 0.000601984
447 448 0.032332 0 0 0 0 0 0 0.032332
448 449 0.000355552 0 -1.12878 0 0 0 0 -1.12843
449 450 0.0155181 0 -1.34136 0 0 0 0 -1.32584
450 451 0.00092217 0 0 0 0 0 0 0.00092217
451 452 0.0209309 0 0 0 0 0 0 0.0209309
452 453 0.258811 0 -1.01563 0 0 0 0 -0.756814
453 454 0.103653 0 -1.35878 0 0 0 0 -1.25513
454 455 0.00227546 0 -1.22066 0 0 0 0 -1.21838
455 456 0.000128593 0 -0 0 0 0 0 0.000128593
456 457 0.0148596 0 -1.11936 0 0 0 0 -1.1045
457 458 0.0613687 0 -1.27305 0 0 0 0 -1.21168
458 459 0.0168068 0 0 0 0 0 0 0.0168068
460 461 5.18771e-05 0 0 0 0 0 0 5.18771e-05
461 462 0.00244616 0 0 0 0 0 0 0.00244616
462 463 0.0904114 0 -1.03993 0 0 0 0 -0.949523
463 464 0.0639907 0 -1.01213 0 0 0 0 -0.948135
464 465 0.0113904 0 -1.21946 0 0 0 0 -1.20807
465 466 0.175298 0 -1.14191 0 0 0 0 -0.96661
466 467 0.050384 0 -1.08176 0 0 0 0 -1.03137
467 468 0.215987 0 0 0 0 0 0 0.215987
468 469 0.110007 0 -1.25832 0 0 0 0 -1.14832
466 470 0 0 0 0 -0 -0.00678541 -0 -0.00678541
469 470 0.121901 0 -0.774119 0 0 0 0 -0.652217
466 471 0 0 0 0 0 -1.55484e-06 -0 -1.55484e-06
465 471 0 0 0 0 0 -0.0358496 0 -0.0358496
470 471 5.34473e-06 0 -1.2429 0 0 0 0 -1.24289
466 472 0 0 0 0 -0 -0.174533 0 -0.174533
465 472 0 0 0 0 -0.701166 0 -0 -0.701166
464 472 0 0 0 0 0 -0.151288 0 -0.151288
471 472 0.0402986 0 -1.39406 0 0 0 0 -1.35376
465 473 0 0 0 0 0 -0.0800165 0 -0.0800165
464 473 0 0 0 0 -0.383712 0 -0 -0.383712
463 473 0 0 0 0 0 -0.018709 -0 -0.018709
472 473 0.0152755 0 -1.04383 0 0 0 0 -1.02855
464 474 0 0 0 0 0 -0.0436738 0 -0.0436738
463 474 0 0 0 0 -0.501811 0 -0 -0.501811
462 474 0 0 0 0 0 -0.0670443 -0 -0.0670443
473 474 0.0505766 0 -1.12031 0 0 0 0 -1.06973
463 475 0 0 0 0 0 -0.060485 0 -0.060485
462 475 0 0 0 0 -0.509771 -4.83718e-16 -0 -0.509771
474 475 0.00119582 0 -1.21733 0 0 0 0 -1.21614
462 476 0 0 0 0 0 -0.105333 0 -0.105333
475 476 0.0132837 0 -1.33931 0 0 0 0 -1.32603
476 477 0.0125164 0 0 0 0 0 0 0.0125164
477 478 0.0315819 0 -1.26691 0 0 0 0 -1.23533
478 479 0.0419426 0 -1.41209 0 0 0 0 -1.37014
480 481 0.0104478 0 0 0 0 0 0 0.0104478
481 482 0.0913865 0 -0.707628 0 0 0 0 -0.616242
482 483 0.00672325 0 0 0 0 0 0 0.00672325
483 484 0.00303447 0 0 0 0 0 0 0.00303447
484 485 0.00792212 0 0 0 0 0 0 0.00792212
485 486 0.409101 0 -0.768949 0 0 0 0 -0.359849
486 487 0.0996794 0 0 0 0 0 0 0.0996794
487 488 0.0203058 0 -0.671369 0 0 0 0 -0.651063
488 489 0.00774501 0 -1.3288 0 0 0 0 -1.32106
489 490 0.0451263 0 -1.12783 0 0 0 0 -1.0827
490 491 0.0590991 0 -1.15808 0 0 0 0 -1.09898
491 492 0.127665 0 0 0 0 0 0 0.127665
492 493 0.0236773 0 -1.03476 0 0 0 0 -1.01108
493 494 0.114623 0 0 0 0 0 0 0.114623
494 495 0.217881 0 0 0 0 0 0 0.217881
495 496 0.00962576 0 -0.0383104 0 0 0 0 -0.0286846
496 497 3.70103e-07 0 0 0 0 0 0 3.70103e-07
497 498 0.133462 0 -1.32296 0 0 0 0 -1.1895
498 499 0.098056 0 -0.576068 0 0 0 0 -0.478012
500 501 0.00788772 0 0 0 0 0 0 0.00788772
501 502 0.020016 0 0 0 0 0 0 0.020016
502 503 0.0197114 0 -1.11751 0 0 0 0 -1.0978
503 504 0.00613572 0 -0.97516 0 0 0 0 -0.969025
504 505 0.202592 0 -1.06967 0 0 0 0 -0.867081
505 506 0.00345583 0 -1.19357 0 0 0 0 -1.19012
506 507 0.0349839 0 -1.03854 0 0 0 0 -1.00355
507 508 0.176731 0 -0 0 0 0 0 0.176731
508 509 0.000822146 0 -1.02451 0 0 0 0 -1.02369
507 510 0 0 0 0 0 -0.0100672 -0 -0.0100672
509 510 0.0146414 0 -0.658114 0 0 0 0 -0.643472
506 511 0 0 0 0 0 -0.0207647 0 -0.0207647
505 511 0 0 0 0 0 -0.103994 0 -0.103994
510 511 0.13812 0 -1.31211 0 0 0 0 -1.17399
505 512 0 0 0 0 -0.46274 0 -0 -0.46274
504 512 0 0 0 0 0 -0.134264 -0 -0.134264
511 512 0.0117668 0 -1.21271 0 0 0 0 -1.20094
505 513 0 0 0 0 0 -0.120736 0 -0.120736
504 513 0 0 0 0 -0.42297 0 -0 -0.42297
503 513 0 0 0 0 0 -0.123884 -0 -0.123884
512 513 0.00807856 0 -1.09784 0 0 0 0 -1.08976
504 514 0 0 0 0 0 -0.180106 0 -0.180106
503 514 0 0 0 0 -0.74742 0 -0 -0.74742
502 514 0 0 0 0 0 -0.189345 0 -0.189345
513 514 0.107669 0 -1.40003 0 0 0 0 -1.29236
503 515 0 0 0 0 0 -0.12881 0 -0.12881
502 515 0 0 0 0 -0.824877 0 -0 -0.824877
514 515 0.0165882 0 -1.26706 0 0 0 0 -1.25047
502 516 0 0 0 0 0 -0.155534 0 -0.155534
515 516 0.00144114 0 -1.27079 0 0 0 0 -1.26935
516 517 0.172414 0 0 0 0 0 0 0.172414
517 518 0.0186215 0 -0 0 0 0 0 0.0186215
518 519 0.0253341 0 -1.28157 0 0 0 0 -1.25624
520 521 0.0118741 0 -0 0 0 0 0 0.0118741
521 522 0.0245356 0 0 0 0 0 0 0.0245356
522 523 0.0124309 0 -0.790673 0 0 0 0 -0.778242
523 524 0.00273521 0 -1.04993 0 0 0 0 -1.04719
524 525 3.28818e-05 0 -1.33989 0 0 0 0 -1.33986
525 526 0.0229799 0 -1.41132 0 0 0 0 -1.38834
526 527 0.124486 0 -1.24704 0 0 0 0 -1.12256
527 528 0.0168379 0 -1.23217 0 0 0 0 -1.21534
528 529 0.0561734 0 -0.307009 0 0 0 0 -0.250836
529 530 0.0964839 0 -1.26838 0 0 0 0 -1.17189
530 531 0.0645423 0 -1.20863 0 0 0 0 -1.14409
531 532 0.00150552 0 0 0 0 0 0 0.00150552
532 533 0.0227117 0 -1.12391 0 0 0 0 -1.1012
533 534 0.0244162 0 -0 0 0 0 0 0.0244162
534 535 0.034595 0 0 0 0 0 0 0.034595
535 536 0.289263 0 0 0 0 0 0 0.289263
536 537 0.042319 0 -1.00369 0 0 0 0 -0.961375
537 538 0.0102238 0 -1.07393 0 0 0 0 -1.06371
538 539 0.0119822 0 0 0 0 0 0 0.0119822
540 541 0.00543446 0 -1.28728 0 0 0 0 -1.28184
541 542 0.163243 0 -1.24438 0 0 0 0 -1.08114
542 543 0.040006 0 -0.837736 0 0 0 0 -0.79773
543 544 0.000839087 0 -1.12945 0 0 0 0 -1.12862
544 545 0.0509459 0 -0.923372 0 0 0 0 -0.872426
545 546 0.0115177 0 0 0 0 0 0 0.0115177
546 547 4.69133e-05 0 0 0 0 0 0 4.69133e-05
547 548 0.0334128 0.0191807 -0 0 0 0 0 0.0525935
548 549 0.0408461 0 -1.10891 0 0 0 0 -1.06807
549 550 0.116031 0 -0.872731 0 0 0 0 -0.7567
550 551 0.00948078 0 -0.914126 0 0 0 0 -0.904645
551 552 9.86322e-05 0 -1.12061 0 0 0 0 -1.12052
552 553 0.069986 0 -1.30009 0 0 0 0 -1.23011
553 554 0.132216 0 -1.44265 0 0 0 0 -1.31044
554 555 0.0214211 0 -0 0 0 0 0 0.0214211
555 556 0.290053 0 -1.15434 0 0 0 0 -0.864288
556 557 0.0451415 0 0 0 0 0 0 0.0451415
557 558 3.27333e-05 0 -0 0 0 0 0 3.27333e-05
558 559 0.0466023 0 0 0 0 0 0 0.0466023
560 561 0.161936 0 -0 0 0 0 0 0.161936
561 562 0.0153494 0 -0 0 0 0 0 0.0153494
562 563 0.0909123 0 -1.27466 0 0 0 0 -1.18375
563 564 0.00773015 0 -0.960193 0 0 0 0 -0.952463
564 565 0.00133655 0 0 0 0 0 0 0.00133655
565 566 0.165514 0 0 0 0 0 0 0.165514
566 567 0.134422 0 -1.22232 0 0 0 0 -1.0879
567 568 0.231573 0 -1.12407 0 0 0 0 -0.8925
568 569 0.0375623 0 -1.15268 0 0 0 0 -1.11512
569 570 0.0136278 0 -1.2012 0 0 0 0 -1.18758
570 571 0.00373653 0 -1.18074 0 0 0 0 -1.17701
571 572 0.0383309 0 0 0 0 0 0 0.0383309
572 573 0.125532 0 0 0 0 0 0 0.125532
573 574 0.0134486 0 0 0 0 0 0 0.0134486
574 575 0.0407699 0 0 0 0 0 0 0.0407699
575 576 0.221438 0 -1.28501 0 0 0 0 -1.06358
576 577 0.00892598 0 0 0 0 0 0 0.00892598
577 578 0.000592263 0 0 0 0 0 0 0.000592263
578 579 0.0219354 0.0124129 -0.994561 0 0 0 0 -0.960213
580 581 0.0299595 0 0 0 0 0 0 0.0299595
581 582 0.00164609 0 0 0 0 0 0 0.00164609
582 583 0.00103386 0 -0.852625 0 0 0 0 -0.851591
583 584 0.0651942 0 -1.14725 0 0 0 0 -1.08205
584 585 0.00793044 0 -0.998379 0 0 0 0 -0.990448
585 586 0.0119516 0 -1.22381 0 0 0 0 -1.21186
586 587 0.016757 0 -1.25314 0 0 0 0 -1.23638
587 588 0.0122226 0 -1.16532 0 0 0 0 -1.1531
588 589 0.209667 0 -0.761357 0 0 0 0 -0.55169
589 590 0.00184251 0 -1.06245 0 0 0 0 -1.06061
590 591 0.172458 0 -0.993906 0 0 0 0 -0.821448
591 592 0.0253058 0 -0.371283 0 0 0 0 -0.345978
592 593 0.0394747 0 -1.25626 0 0 0 0 -1.21678
593 594 0.0233712 0 0 0 0 0 0 0.0233712
594 595 0.0374462 0 0 0 0 0 0 0.0374462
595 596 0.0374386 0 0 0 0 0 0 0.0374386
596 597 0.127632 0 -0.505235 0 0 0 0 -0.377603
597 598 0.0962131 0 -0.928172 0 0 0 0 -0.831959
598 599 0.0332089 0 -1.26866 0 0 0 0 -1.23545
600 601 0.0313354 0 0 0 0 0 0 0.0313354
601 602 0.00380168 0 -0.626386 0 0 0 0 -0.622584
602 603 0.00643774 0 0 0 0 0 0 0.00643774
603 604 0.0828243 0 0 0 0 0 0 0.0828243
604 605 0.154646 0 -1.36978 0 0 0 0 -1.21514
605 606 0.0123968 0 0 0 0 0 0 0.0123968
606 607 0.218208 0 0 0 0 0 0 0.218208
607 608 0.0981692 0 -1.05458 0 0 0 0 -0.95641
608 609 0.00683983 0 0 0 0 0 0 0.00683983
609 610 0.00117532 0 -1.35361 0 0 0 0 -1.35243
610 611 0.0301619 0 0 0 0 0 0 0.0301619
611 612 0.216208 0 0 0 0 0 0 0.216208
612 613 0.0623488 0 -0.882023 0 0 0 0 -0.819674
613 614 0.169617 0 -1.29966 0 0 0 0 -1.13004
614 615 0.0667334 0 -0.874732 0 0 0 0 -0.807999
615 616 0.135984 0 0 0 0 0 0 0.135984
616 617 0.173477 0 -0.945219 0 0 0 0 -0.771742
617 618 0.0274574 0 -1.05898 0 0 0 0 -1.03152
618 619 0.00502509 0 -0 0 0 0 0 0.00502509
620 621 0.0643246 0 0 0 0 0 0 0.0643246
621 622 0.00179087 0 -0.807522 0 0 0 0 -0.805731
622 623 0.0286009 0 0 0 0 0 0 0.0286009
623 624 0.0655817 0 -0.616034 0 0 0 0 -0.550453
624 625 0.110275 0 -1.21043 0 0 0 0 -1.10016
625 626 0.00531925 0 0 0 0 0 0 0.00531925
626 627 0.000895499 0 -0 0 0 0 0 0.000895499
627 628 0.010859 0 0 0 0 0 0 0.010859
628 629 0.00117819 0 0 0 0 0 0 0.00117819
629 630 0.0183255 0 -0.928821 0 0 0 0 -0.910495
630 631 0.0284385 0 0 0 0 0 0 0.0284385
631 632 0.0548134 0 0 0 0 0 0 0.0548134
632 633 0.000916593 0 -1.39385 0 0 0 0 -1.39293
633 634 0.0712084 0 -0.160199 0 0 0 0 -0.0889903
634 635 0.00197583 0 -1.038 0 0 0 0 -1.03602
635 636 0.0268596 0 -1.36429 0 0 0 0 -1.33743
636 637 0.00528621 0 -1.26015 0 0 0 0 -1.25487
637 638 0.269942 0 0 0 0 0 0 0.269942
638 639 0.0026608 0 0 0 0 0 0 0.0026608
640 641 0.151103 0 -0.000328205 0 0 0 0 0.150775
641 642 0.0137864 0 -1.20886 0 0 0 0 -1.19507
642 643 6.61306e-05 0 -1.25089 0 0 0 0 -1.25082
643 644 0.000567412 0 0 0 0 0 0 0.000567412
644 645 0.0123875 0 0 0 0 0 0 0.0123875
645 646 0.0115508 0 -0 0 0 0 0 0.0115508
646 647 0.00747617 0 0 0 0 0 0 0.00747617
647 648 0.00276859 0 0 0 0 0 0 0.00276859
648 649 0.000912766 0 -1.38538 0 0 0 0 -1.38446
649 650 0.0177349 0 0 0 0 0 0 0.0177349
650 651 0.0741564 0 -1.30218 0 0 0 0 -1.22802
651 652 0.00793652 0 -1.10331 0 0 0 0 -1.09538
652 653 0.00534034 0 -1.11769 0 0 0 0 -1.11235
653 654 0.00667358 0 0 0 0 0 0 0.00667358
654 655 0.190634 0 0 0 0 0 0 0.190634
655 656 0.00433845 0 0 0 0 0 0 0.00433845
656 657 0.123415 0 -1.38824 0 0 0 0 -1.26482
657 658 0.116211 0 -1.09882 0 0 0 0 -0.982605
658 659 0.0153174 0 0 0 0 0 0 0.0153174
660 661 0.145243 0 -0 0 0 0 0 0.145243
661 662 0.0331446 0 0 0 0 0 0 0.0331446
662 663 0.0150019 0 0 0 0 0 0 0.0150019
663 664 0.00112365 0 -1.04725 0 0 0 0 -1.04613
664 665 0.0160885 0 -0.529631 0 0 0 0 -0.513543
665 666 0.0142892 0 -1.19579 0 0 0 0 -1.1815
666 667 0.0231038 0 -0.987502 0 0 0 0 -0.964398
667 668 8.39829e-06 0 0 0 0 0 0 8.39829e-06
668 669 0.221596 0 -1.3256 0 0 0 0 -1.10401
669 670 0.00892227 0 0 0 0 0 0 0.00892227
670 671 0.0447662 0 -0.0128785 0 0 0 0 0.0318877
671 672 0.0404441 0 -1.28842 0 0 0 0 -1.24797
672 673 0.00171671 0 -1.03586 0 0 0 0 -1.03414
673 674 0.00481197 0 -1.35419 0 0 0 0 -1.34938
674 675 0.0353735 0 0 0 0 0 0 0.0353735
675 676 0.0428052 0 -0 0 0 0 0 0.0428052
676 677 0.0302371 0 -1.20975 0 0 0 0 -1.17951
677 678 0.000660462 0 -1.39725 0 0 0 0 -1.39659
678 679 0.0342159 0 0 0 0 0 0 0.0342159
680 681 0.0105855 0 0 0 0 0 0 0.0105855
681 682 0.000118963 0 -1.21851 0 0 0 0 -1.21839
682 683 0.131397 0 -1.04537 0 0 0 0 -0.913977
683 684 0.234154 0 -1.38895 0 0 0 0 -1.1548
684 685 0.00923158 0 0 0 0 0 0 0.00923158
685 686 0.00792768 0 0 0 0 0 0 0.00792768
686 687 0.0739165 0 -1.08328 0 0 0 0 -1.00937
687 688 0.0896008 0 -0.925087 0 0 0 0 -0.835486
688 689 0.00289126 0 -1.44601 0 0 0 0 -1.44312
689 690 0.237085 0 -1.08967 0 0 0 0 -0.852582
690 691 0.075664 0 -1.35684 0 0 0 0 -1.28118
691 692 0.202814 0 -0.947875 0 0 0 0 -0.745061
692 693 0.0191587 0 -1.35595 0 0 0 0 -1.3368
693 694 0.000639843 0 -1.18064 0 0 0 0 -1.18
694 695 0.000519913 0 -1.32517 0 0 0 0 -1.32465
695 696 0.0363645 0 -1.08061 0 0 0 0 -1.04425
696 697 0.000424158 0 0 0 0 0 0 0.000424158
697 698 0.000684609 0 -0 0 0 0 0 0.000684609
698 699 2.54178e-05 0 0 0 0 0 0 2.54178e-05
700 701 0.000408955 0 0 0 0 0 0 0.000408955
701 702 0.0775482 0 -1.23585 0 0 0 0 -1.15831
702 703 0.388538 0 -1.20744 0 0 0 0 -0.818901
703 704 0.0048236 0 0 0 0 0 0 0.0048236
704 705 0.00545936 0 -1.3854 0 0 0 0 -1.37994
705 706 0.00457427 0 0 0 0 0 0 0.00457427
706 707 0.023477 0 -1.22477 0 0 0 0 -1.20129
707 708 0.00120606 0 0 0 0 0 0 0.00120606
708 709 6.28399e-05 0 0 0 0 0 0 6.28399e-05
709 710 0.000646235 0 0 0 0 0 0 0.000646235
710 711 0.0142718 0 -1.08156 0 0 0 0 -1.06728
711 712 0.000112726 0 0 0 0 0 0 0.000112726
712 713 0.266018 0 -1.20065 0 0 0 0 -0.934631
713 714 0.000325578 0 0 0 0 0 0 0.000325578
714 715 0.00139383 0 -1.16682 0 0 0 0 -1.16543
715 716 0.0315814 0 0 0 0 0 0 0.0315814
716 717 0.0352787 0 -1.04233 0 0 0 0 -1.00705
717 718 0.0381716 0 -1.34069 0 0 0 0 -1.30252
718 719 0.0903733 0 -1.16589 0 0 0 0 -1.07551
720 721 0.0638872 0 -0 0 0 0 0 0.0638872
721 722 0.0014917 0 0 0 0 0 0 0.0014917
722 723 0.129746 0 -1.12878 0 0 0 0 -0.999035
723 724 0.0502315 0 -1.42404 0 0 0 0 -1.37381
724 725 0.00487685 0 -1.08927 0 0 0 0 -1.08439
725 726 0.00894859 0 -1.1468 0 0 0 0 -1.13785
726 727 0.0484333 0 -1.35428 0 0 0 0 -1.30585
727 728 0.158295 0 0 0 0 0 0 0.158295
728 729 0.0870261 0 0 0 0 0 0 0.0870261
729 730 0.0634649 0 -1.15891 0 0 0 0 -1.09545
730 731 8.73647e-05 0 0 0 0 0 0 8.73647e-05
731 732 0.00911123 0 -1.25045 0 0 0 0 -1.24134
732 733 0.001273 0 -0.304473 0 0 0 0 -0.3032
733 734 0.085267 0 0 0 0 0 0 0.085267
734 735 0.185555 0 0 0 0 0 0 0.185555
735 736 0.0515179 0 0 0 0 0 0 0.0515179
736 737 0.0372492 0 0 0 0 0 0 0.0372492
737 738 0.00474763 0 -1.29508 0 0 0 0 -1.29033
738 739 0.000888722 0 -0.967982 0 0 0 0 -0.967094
740 741 0.00387694 0 -1.37373 0 0 0 0 -1.36986
741 742 0.0210466 0 -1.15412 0 0 0 0 -1.13307
742 743 0.0333223 0 0 0 0 0 0 0.0333223
743 744 0.0993303 0 0 0 0 0 0 0.0993303
744 745 0.0457243 0 0 0 0 0 0 0.0457243
745 746 0.0941016 0 -1.1528 0 0 0 0 -1.05869
746 747 0.0531022 0 -0.941745 0 0 0 0 -0.888643
747 748 0.0101826 0 0 0 0 0 0 0.0101826
748 749 0.054645 0 -0.609204 0 0 0 0 -0.554559
749 750 0.272041 0 0 0 0 0 0 0.272041
750 751 0.109319 0 -0.911423 0 0 0 0 -0.802103
751 752 0.0829659 0 0 0 0 0 0 0.0829659
752 753 0.00435048 0 0 0 0 0 0 0.00435048
753 754 0.112874 0 0 0 0 0 0 0.112874
754 755 0.00592809 0 -0.675427 0 0 0 0 -0.669499
755 756 0.302985 0 0 0 0 0 0 0.302985
756 757 0.0467602 0 -1.3298 0 0 0 0 -1.28304
757 758 0.0115238 0 -0.846083 0 0 0 0 -0.834559
758 759 0.0106568 0 0 0 0 0 0 0.0106568
760 761 0.0232743 0 -1.0928 0 0 0 0 -1.06952
761 762 0.00667281 0 -1.36677 0 0 0 0 -1.3601
762 763 0.0311064 0 -1.0448 0 0 0 0 -1.0137
763 764 0.0624315 0 -0.843182 0 0 0 0 -0.780751
764 765 0.00699336 0 -1.2762 0 0 0 0 -1.26921
765 766 0.112297 0 -1.05642 0 0 0 0 -0.944124
766 767 0.00291206 0 0 0 0 0 0 0.00291206
767 768 0.0461856 0 0 0 0 0 0 0.0461856
768 769 0.00357351 0 -1.03444 0 0 0 0 -1.03087
769 770 3.07147e-05 0 -1.10498 0 0 0 0 -1.10495
770 771 0.00271774 0 -1.24005 0 0 0 0 -1.23734
771 772 0.146474 0 0 0 0 0 0 0.146474
772 773 0.0190304 0 0 0 0 0 0 0.0190304
773 774 0.392258 0 0 0 0 0 0 0.392258
774 775 0.00282362 0 -0.769399 0 0 0 0 -0.766575
775 776 0.075273 0 -1.38903 0 0 0 0 -1.31375
776 777 0.0019275 0 0 0 0 0 0 0.0019275
777 778 0.0177376 0 -1.25258 0 0 0 0 -1.23484
778 779 0.0106909 0 -0.503537 0 0 0 0 -0.492846
780 781 0.00234414 0 0 0 0 0 0 0.00234414
781 782 0.083668 0 0 0 0 0 0 0.083668
782 783 5.17454e-07 0 -1.17793 0 0 0 0 -1.17793
783 784 0.116616 0 -0.889426 0 0 0 0 -0.77281
784 785 0.0284684 0 -1.16314 0 0 0 0 -1.13467
785 786 0.060538 0 -1.17281 0 0 0 0 -1.11227
786 787 0.0276151 0 0 0 0 0 0 0.0276151
787 788 0.107002 0 0 0 0 0 0 0.107002
788 789 0.0341278 0 -1.23521 0 0 0 0 -1.20108
789 790 0.00203058 0 -1.00424 0 0 0 0 -1.00221
790 791 0.00529651 0 -1.14687 0 0 0 0 -1.14158
791 792 0.212006 0 -1.38911 0 0 0 0 -1.17711
792 793 0.0382599 0 -1.20124 0 0 0 0 -1.16298
793 794 0.00377039 0 -0.518246 0 0 0 0 -0.514476
794 795 0.000491076 0 0 0 0 0 0 0.000491076
795 796 0.0515755 0 -0.299458 0 0 0 0 -0.247883
796 797 0.0509196 0 0 0 0 0 0 0.0509196
797 798 0.0262495 0 -1.15474 0 0 0 0 -1.12849
798 799 0.195521 0 -0.00066574 0 0 0 0 0.194856
800 801 0.00374452 0 -0 0 0 0 0 0.00374452
801 802 0.000609746 0 -1.42189 0 0 0 0 -1.42128
802 803 0.030751 0 -1.30181 0 0 0 0 -1.27106
803 804 0.00160738 0 -0.933578 0 0 0 0 -0.931971
804 805 0.00483299 0 -0.86534 0 0 0 0 -0.860507
805 806 0.00204548 0 -1.44057 0 0 0 0 -1.43852
806 807 0.115515 0 -1.26018 0 0 0 0 -1.14466
807 808 0.000379521 0 -1.2528 0 0 0 0 -1.25242
808 809 0.0329212 0 -1.06746 0 0 0 0 -1.03454
809 810 0.0112761 0 -1.05782 0 0 0 0 -1.04654
810 811 0.0210132 0 0 0 0 0 0 0.0210132
806 812 0 0 0 0 0 -0.00130721 -0 -0.00130721
811 812 0.0153036 0 -1.29548 0 0 0 0 -1.28018
805 813 0 0 0 0 0 -0.181388 0 -0.181388
812 813 0.0246228 0 -1.16631 0 0 0 0 -1.14169
806 814 0 0 0 0 0 -0.177113 0 -0.177113
805 814 0 0 0 0 -0.824825 0 -0 -0.824825
804 814 0 0 0 0 0 -0.0650863 0 -0.0650863
813 814 0.0431104 0 -1.36606 0 0 0 0 -1.32295
805 815 0 0 0 0 0 -0.150601 -0 -0.150601
804 815 0 0 0 0 -0.735203 -1.89869e-29 -0 -0.735203
803 815 0 0 0 0 -0 -0.1662 0 -0.1662
814 815 0.0463141 0 -1.15021 0 0 0 0 -1.1039
804 816 0 0 0 0 -0 -0.116597 0 -0.116597
803 816 0 0 0 0 -0.693669 0 -0 -0.693669
802 816 0 0 0 0 0 -0.176615 0 -0.176615
815 816 0.0973176 0 -1.33777 0 0 0 0 -1.24046
803 817 0 0 0 0 0 -0.145271 0 -0.145271
802 817 0 0 0 0 -0.682908 0 -0 -0.682908
801 817 0 0 0 0 0 -0.1362 0 -0.1362
816 817 0.0392702 0 -0.891556 0 0 0 0 -0.852286
817 818 0.00152005 0 0 0 0 0 0 0.00152005
818 819 0.00174595 0 -0.731348 0 0 0 0 -0.729602
820 821 1.51479e-07 0 -1.2882 0 0 0 0 -1.2882
821 822 2.89634e-05 0 -0.777784 0 0 0 0 -0.777755
822 823 0.021976 0 0 0 0 0 0 0.021976
823 824 0.0134137 0 0 0 0 0 0 0.0134137
824 825 0.179431 0 0 0 0 0 0 0.179431
825 826 0.0314491 0 -1.14464 0 0 0 0 -1.1132
826 827 0.010903 0 -0.973678 0 0 0 0 -0.962775
827 828 0.00945484 0 0 0 0 0 0 0.00945484
828 829 0.0543678 0 -0.655339 0 0 0 0 -0.600971
829 830 0.000224785 0 -1.32016 0 0 0 0 -1.31993
830 831 0.0338193 0 0 0 0 0 0 0.0338193
831 832 0.00510299 0 0 0 0 0 0 0.00510299
832 833 0.160986 0 -1.32078 0 0 0 0 -1.1598
833 834 0.0322466 0 -1.11931 0 0 0 0 -1.08706
834 835 0.0103307 0 -1.18426 0 0 0 0 -1.17393
835 836 0.00413741 0 0 0 0 0 0 0.00413741
836 837 0.0118099 0 -1.00972 0 0 0 0 -0.99791
837 838 0.0186643 0 0 0 0 0 0 0.0186643
838 839 0.00590816 0 -1.05882 0 0 0 0 -1.05291
840 841 0.276435 0 -0 0 0 0 0 0.276435
841 842 0.19125 0 0 0 0 0 0 0.19125
842 843 0.0637421 0 -1.24217 0 0 0 0 -1.17843
843 844 1.92712e-05 0 -1.40525 0 0 0 0 -1.40523
844 845 0.0100581 0 0 0 0 0 0 0.0100581
845 846 0.00458039 0 0 0 0 0 0 0.00458039
846 847 0.332628 0 -1.18744 0 0 0 0 -0.85481
847 848 0.291611 0 0 0 0 0 0 0.291611
848 849 0.0056421 0 -0.663328 0 0 0 0 -0.657686
849 850 0.000235707 0 0 0 0 0 0 0.000235707
850 851 0.0539994 0 0 0 0 0 0 0.0539994
851 852 0.00199462 0 -1.16976 0 0 0 0 -1.16777
852 853 0.0352682 0 -1.25108 0 0 0 0 -1.21581
853 854 0.0202118 0 0 0 0 0 0 0.0202118
854 855 3.76973e-07 0 0 0 0 0 0 3.76973e-07
855 856 0.0654641 0 -1.39261 0 0 0 0 -1.32714
856 857 0.0187471 0 -1.11487 0 0 0 0 -1.09612
854 858 0 0 0 0 0 -0.0532812 0 -0.0532812
857 858 0.0408714 0 -1.38702 0 0 0 0 -1.34615
858 859 0.0429653 0 0 0 0 0 0 0.0429653
860 861 0.0015117 0 -1.1836 0 0 0 0 -1.18209
861 862 0.0332232 0 -1.16786 0 0 0 0 -1.13464
862 863 0.0716206 0 -0.998466 0 0 0 0 -0.926845
863 864 0.0610581 0 0 0 0 0 0 0.0610581
864 865 0.0658396 0 0 0 0 0 0 0.0658396
865 866 0.00208561 0 -1.23315 0 0 0 0 -1.23106
866 867 0.230817 0 -1.00438 0 0 0 0 -0.773558
867 868 0.000450894 0 -1.08694 0 0 0 0 -1.08649
868 869 0.0544547 0 0 0 0 0 0 0.0544547
869 870 0.0123178 0 -1.20659 0 0 0 0 -1.19428
870 871 0.00018032 0 -0.59866 0 0 0 0 -0.598479
871 872 0.00890372 0 -1.3051 0 0 0 0 -1.2962
872 873 0.000929831 0 -1.34029 0 0 0 0 -1.33936
873 874 0.00512892 0 0 0 0 0 0 0.00512892
874 875 0.185724 0 -1.3347 0 0 0 0 -1.14898
875 876 0.201989 0 -0.900326 0 0 0 0 -0.698337
876 877 0.015211 0 -1.37426 0 0 0 0 -1.35905
877 878 0.0192957 0 -1.14575 0 0 0 0 -1.12646
878 879 0.0164671 0 -1.06061 0 0 0 0 -1.04414
880 881 0.000950755 0 0 0 0 0 0 0.000950755
881 882 0.119178 0 -1.2336 0 0 0 0 -1.11442
882 883 0.0282766 0 0 0 0 0 0 0.0282766
883 884 0.00806848 0 -1.18868 0 0 0 0 -1.18061
884 885 0.00084007 0 0 0 0 0 0 0.00084007
885 886 0.00447649 0 -0.959918 0 0 0 0 -0.955441
886 887 0.0792857 0 0 0 0 0 0 0.0792857
887 888 0.00705685 0 0 0 0 0 0 0.00705685
888 889 0.016461 0 -1.12978 0 0 0 0 -1.11331
889 890 0.0198966 0 0 0 0 0 0 0.0198966
890 891 0.143832 0 0 0 0 0 0 0.143832
891 892 0.0156138 0 -1.27938 0 0 0 0 -1.26376
892 893 0.0142562 0 0 0 0 0 0 0.0142562
893 894 0.0394208 0 -1.28808 0 0 0 0 -1.24866
894 895 0.0453294 0 -0 0 0 0 0 0.0453294
895 896 0.000101975 0 -1.19238 0 0 0 0 -1.19228
896 897 0.0441534 0 -0.82384 0 0 0 0 -0.779687
897 898 0.0072634 0 -0.326072 0 0 0 0 -0.318808
898 899 0.0378691 0 -0.813122 0 0 0 0 -0.775253
900 901 0.0758563 0 -1.27071 0 0 0 0 -1.19485
901 902 0.109786 0 -1.10983 0 0 0 0 -1.00004
902 903 0.0824408 0 -1.43071 0 0 0 0 -1.34827
903 904 0.0523781 0 0 0 0 0 0 0.0523781
904 905 0.000123998 0 -1.35834 0 0 0 0 -1.35822
905 906 0.013274 0 -1.05491 0 0 0 0 -1.04164
906 907 0.00264399 0 -1.22632 0 0 0 0 -1.22368
907 908 0.00102276 0 -1.37887 0 0 0 0 -1.37784
908 909 0.0155946 0 0 0 0 0 0 0.0155946
909 910 0.00945241 0 -1.34879 0 0 0 0 -1.33934
910 911 0.417786 0 -1.43308 0 0 0 0 -1.01529
911 912 0.248925 0 -1.0394 0 0 0 0 -0.790472
912 913 0.00165544 0 0 0 0 0 0 0.00165544
913 914 0.000609757 0 0 0 0 0 0 0.000609757
914 915 0.198965 0 -1.16731 0 0 0 0 -0.968348
915 916 0.149173 0 -1.15842 0 0 0 0 -1.00925
916 917 0.101361 0 -0.792981 0 0 0 0 -0.69162
917 918 0.0761084 0 -0.998771 0 0 0 0 -0.922663
918 919 4.80195e-06 0 -1.23693 0 0 0 0 -1.23692
920 921 0.0427034 0 0 0 0 0 0 0.0427034
921 922 0.00582445 0 0 0 0 0 0 0.00582445
922 923 0.154365 0 0 0 0 0 0 0.154365
922 924 0 0 0 0 -0 -1.49881e-05 0 -1.49881e-05
923 924 0.0646463 0 0 0 0 0 0 0.0646463
924 925 0.0115477 0 -1.24643 0 0 0 0 -1.23488
925 926 0.00655021 0 -0.918125 0 0 0 0 -0.911575
926 927 0.07206 0 -0.942115 0 0 0 0 -0.870054
927 928 0.000382157 0 -1.39584 0 0 0 0 -1.39546
928 929 0.000263673 0 -1.27507 0 0 0 0 -1.27481
929 930 0.0365381 0 -1.1093 0 0 0 0 -1.07276
930 931 0.072964 0 -0.941404 0 0 0 0 -0.86844
931 932 0.0342375 0 -0.401103 0 0 0 0 -0.366865
932 933 0.00129385 0 0 0 0 0 0 0.00129385
933 934 2.28707e-05 0 -1.24614 0 0 0 0 -1.24612
934 935 0.00902987 0 0 0 0 0 0 0.00902987
935 936 0.102774 0 -0 0 0 0 0 0.102774
936 937 0.399237 0 -1.08507 0 0 0 0 -0.685834
937 938 1.10642e-06 0 -1.06371 0 0 0 0 -1.0637
938 939 0.0920071 0 0 0 0 0 0 0.0920071
940 941 0.0406768 0 -1.32571 0 0 0 0 -1.28503
941 942 0.157985 0 -0.689891 0 0 0 0 -0.531906
942 943 0.000107726 0 -1.43397 0 0 0 0 -1.43387
943 944 0.0682123 0 -1.36796 0 0 0 0 -1.29974
944 945 0.00144688 0 -0.943731 0 0 0 0 -0.942284
945 946 0.0885711 0 -1.12333 0 0 0 0 -1.03476
946 947 0.0405946 0 -1.26773 0 0 0 0 -1.22714
947 948 4.45797e-07 0 -1.32501 0 0 0 0 -1.32501
948 949 0.02219 0 -1.28197 0 0 0 0 -1.25978
949 950 0.0497334 0 -1.05852 0 0 0 0 -1.00879
950 951 0.00826864 0 0 0 0 0 0 0.00826864
951 952 1.25382e-05 0 -0.537505 0 0 0 0 -0.537492
947 953 0 0 0 0 0 -0.147781 0 -0.147781
946 953 0 0 0 0 -0.757624 0 -0 -0.757624
945 953 0 0 0 0 0 -0.150247 0 -0.150247
952 953 0.0065971 0 -0 0 0 0 0 0.0065971
946 954 0 0 0 0 0 -0.0790663 -0 -0.0790663
945 954 0 0 0 0 -0.75799 0 -0 -0.75799
944 954 0 0 0 0 0 -0.0669525 -0 -0.0669525
953 954 0.10921 0 -1.20251 0 0 0 0 -1.0933
945 955 0 0 0 0 0 -0.0687128 -0 -0.0687128
944 955 0 0 0 0 -0.510023 0 -0 -0.510023
943 955 0 0 0 0 -0 -0.198734 0 -0.198734
954 955 0.0322163 0 -0.676545 0 0 0 0 -0.644329
944 956 0 0 0 0 -0 -0.158571 0 -0.158571
943 956 0 0 0 0 -0.386834 0 -0 -0.386834
942 956 0 0 0 0 0 -0.138001 -0 -0.138001
955 956 0.0603362 0 -1.32244 0 0 0 0 -1.26211
943 957 0 0 0 0 0 -0.0776022 0 -0.0776022
941 957 0 0 0 0 0 -0.0167675 -0 -0.0167675
956 957 0.0162701 0 -0.924914 0 0 0 0 -0.908644
940 958 0 0 0 0 0 -0.0592777 0 -0.0592777
957 958 0.00582663 0 0 0 0 0 0 0.00582663
958 959 0.0122368 0 -1.27225 0 0 0 0 -1.26001
960 961 0.0016637 0 -0 0 0 0 0 0.0016637
961 962 0.00264207 0 -0.970525 0 0 0 0 -0.967883
960 963 0 0 0 0 0 -0 -2.73954e-15 -2.73954e-15
962 963 0.0967511 0 -1.43001 0 0 0 0 -1.33326
963 964 0.0316904 0 0 0 0 0 0 0.0316904
964 965 0.0931899 0 -1.27439 0 0 0 0 -1.1812
965 966 0.0341021 0 -0.95938 0 0 0 0 -0.925278
966 967 0.0384769 0 -1.46212 0 0 0 0 -1.42365
967 968 0.0562033 0 0 0 0 0 0 0.0562033
968 969 0.581803 0 -1.14332 0 0 0 0 -0.561518
969 970 0.0498711 0 -1.15198 0 0 0 0 -1.1021
970 971 0.00111038 0 -1.09969 0 0 0 0 -1.09858
971 972 0.0149624 0 0 0 0 0 0 0.0149624
972 973 0.00958412 0 0 0 0 0 0 0.00958412
968 974 0 0 0 0 0 -0 -0.00310441 -0.00310441
973 974 0.0253086 0 0 0 0 0 0 0.0253086
969 975 0 0 0 0 -0 -0.0995293 0 -0.0995293
974 975 0.0850674 0 -1.15374 0 0 0 0 -1.06867
975 976 0.00719241 0 -0.587947 0 0 0 0 -0.580755
971 977 0 0 0 0 -0 -0 -0.000847078 -0.000847078
976 977 0.0784423 0 -1.20745 0 0 0 0 -1.12901
977 978 0.184008 0 0 0 0 0 0 0.184008
978 979 0.0555021 0 -1.44606 0 0 0 0 -1.39056
980 981 0.102283 0 -1.29969 0 0 0 0 -1.19741
981 982 0.00511654 0 0 0 0 0 0 0.00511654
982 983 0.00611137 0 -0 0 0 0 0 0.00611137
983 984 0.11856 0 0 0 0 0 0 0.11856
984 985 0.0515445 0 0 0 0 0 0 0.0515445
985 986 0.00464208 0 -0.999745 0 0 0 0 -0.995103
986 987 0.0172041 0 0 0 0 0 0 0.0172041
987 988 0.0173602 0 0 0 0 0 0 0.0173602
988 989 0.0195842 0 0 0 0 0 0 0.0195842
989 990 0.000281323 0 -1.11485 0 0 0 0 -1.11457
990 991 0.0461917 0 -1.18872 0 0 0 0 -1.14253
991 992 0.0120324 0 0 0 0 0 0 0.0120324
992 993 0.00164749 0 -1.24051 0 0 0 0 -1.23887
993 994 0.0321004 0 -1.13552 0 0 0 0 -1.10342
994 995 0.0120215 0 0 0 0 0 0 0.0120215
995 996 0.0155788 0 -0 0 0 0 0 0.0155788
996 997 0.0240486 0 -1.20748 0 0 0 0 -1.18343
997 998 0.061932 0 -1.27079 0 0 0 0 -1.20886
998 999 0.00694933 0 -1.31984 0 0 0 0 -1.3129
#Total energy per particle is  -0.596649 and should be -0.59664910
