#id1 id2 FENE BEXC STCK NEXC HB CRSTCK CXSTCK total, t = 200000
0 1 0.0014381 0 -0 0 0 0 0 0.0014381
1 2 0.218257 0 0 0 0 0 0 0.218257
2 3 0.0238821 0 -1.29245 0 0 0 0 -1.26857
3 4 0.0987582 0 -0.351248 0 0 0 0 -0.25249
4 5 0.00123826 0 -1.24151 0 0 0 0 -1.24027
5 6 0.0271361 0 -1.08149 0 0 0 0 -1.05435
6 7 0.0113953 0 -1.0523 0 0 0 0 -1.04091
7 8 0.00142724 0 -1.09381 0 0 0 0 -1.09238
8 9 0.0344244 0 -1.00441 0 0 0 0 -0.969989
9 10 0.092443 0 -0.660285 0 0 0 0 -0.567842
10 11 0.145939 0 -1.14262 0 0 0 0 -0.996677
11 12 0.000901334 0 -1.37095 0 0 0 0 -1.37005
12 13 0.0822838 0 -0.998846 0 0 0 0 -0.916562
13 14 0.0324417 0 -1.06483 0 0 0 0 -1.03239
14 15 0.0552188 0 -0.877975 0 0 0 0 -0.822756
15 16 0.140499 0 -1.17183 0 0 0 0 -1.03133
16 17 0.120777 0 -1.29548 0 0 0 0 -1.1747
17 18 0.201068 0 0 0 0 0 0 0.201068
18 19 0.000543384 0 -1.4332 0 0 0 0 -1.43265
19 20 0.0400238 0 -1.33506 0 0 0 0 -1.29503
20 21 0.00775842 0 -1.47138 0 0 0 0 -1.46362
21 22 0.0885688 0 -1.25984 0 0 0 0 -1.17127
22 23 0.00564399 0 0 0 0 0 0 0.00564399
23 24 0.0137881 0 -1.10871 0 0 0 0 -1.09493
24 25 0.125128 0 -1.35319 0 0 0 0 -1.22806
25 26 0.0301582 0 -1.1983 0 0 0 0 -1.16815
26 27 0.00351856 0 -0 0 0 0 0 0.00351856
27 28 0.00692764 0 -0 0 0 0 0 0.00692764
27 29 0 0 0 0 0 -0 -5.21022e-15 -5.21022e-15
28 29 0.0383371 0 -1.19049 0 0 0 0 -1.15215
29 30 0.0541817 0 -0.994018 0 0 0 0 -0.939837
27 31 0 0 0 0 0 -0.000416135 -0 -0.000416135
30 31 0.0114708 0 -1.46002 0 0 0 0 -1.44854
31 32 0.131611 0 0 0 0 0 0 0.131611
32 33 0.00117336 0 -1.09625 0 0 0 0 -1.09507
33 34 0.10152 0 0 0 0 0 0 0.10152
34 35 0.00803005 0 -1.28961 0 0 0 0 -1.28158
35 36 0.00587933 0 0 0 0 0 0 0.00587933
36 37 0.00493383 0 -0.880685 0 0 0 0 -0.875751
37 38 0.0183146 0 -1.15268 0 0 0 0 -1.13437
38 39 3.60995e-05 0 -1.02714 0 0 0 0 -1.0271
39 40 0.0135075 0 -0.86174 0 0 0 0 -0.848233
40 41 0.118855 0 -1.29659 0 0 0 0 -1.17773
41 42 0.0052545 0 -1.24743 0 0 0 0 -1.24218
42 43 0.0593737 0 -1.08608 0 0 0 0 -1.02671
43 44 0.132852 0 0 0 0 0 0 0.132852
44 45 0.0499668 0 -1.08741 0 0 0 0 -1.03745
45 46 0.00740461 0 -1.3355 0 0 0 0 -1.32809
46 47 1.45931e-05 0 -1.15675 0 0 0 0 -1.15673
47 48 0.00631693 0 -1.16272 0 0 0 0 -1.1564
49 50 0.00163594 0 0 0 0 0 0 0.00163594
49 51 0 0 0 0 0 -0 -3.5538e-15 -3.5538e-15
50 51 0.000212314 0 0 0 0 0 0 0.000212314
51 52 0.00496742 0 0 0 0 0 0 0.00496742
52 53 0.134638 0 -0 0 0 0 0 0.134638
53 54 0.00295073 0 0 0 0 0 0 0.00295073
54 55 0.039267 0 0 0 0 0 0 0.039267
55 56 0.0990171 0 -1.00331 0 0 0 0 -0.904289
56 57 0.025237 0 -0 0 0 0 0 0.025237
57 58 0.0653699 0 0 0 0 0 0 0.0653699
58 59 0.121424 0 0 0 0 0 0 0.121424
59 60 0.261335 0 -1.11674 0 0 0 0 -0.855406
58 61 0 0 0 0 0 -0.000963041 -0 -0.000963041
60 61 0.00733992 0 -1.25101 0 0 0 0 -1.24367
61 62 0.0190676 0 0 0 0 0 0 0.0190676
62 63 0.0188021 0 -1.05106 0 0 0 0 -1.03226
63 64 0.0102365 0 -1.27561 0 0 0 0 -1.26538
64 65 0.0305123 0 0 0 0 0 0 0.0305123
65 66 0.0147977 0 0 0 0 0 0 0.0147977
66 67 0.114724 0 -1.12232 0 0 0 0 -1.0076
67 68 0.0329424 0 -1.34219 0 0 0 0 -1.30925
68 69 0.0587179 0 0 0 0 0 0 0.0587179
69 70 0.00317695 0 -1.23187 0 0 0 0 -1.22869
70 71 0.142276 0 -0.801892 0 0 0 0 -0.659616
71 72 0.0441514 0 -0 0 0 0 0 0.0441514
72 73 0.000222658 0 0 0 0 0 0 0.000222658
73 74 0.00611336 0 -0.840638 0 0 0 0 -0.834525
74 75 0.000513893 0 0 0 0 0 0 0.000513893
75 76 0.0274322 0 -1.12338 0 0 0 0 -1.09595
76 77 0.00162322 0 0 0 0 0 0 0.00162322
77 78 0.00692188 0 -1.42402 0 0 0 0 -1.4171
78 79 0.00735655 0 0 0 0 0 0 0.00735655
79 80 0.0222244 0 -1.28066 0 0 0 0 -1.25844
80 81 0.0515563 0 -0.992959 0 0 0 0 -0.941402
81 82 0.0509098 0 -1.27417 0 0 0 0 -1.22326
82 83 0.0718841 0 -1.25003 0 0 0 0 -1.17814
83 84 0.0787407 0 0 0 0 0 0 0.0787407
84 85 0.0124765 0 -0.916574 0 0 0 0 -0.904098
85 86 0.00075108 0 -1.41727 0 0 0 0 -1.41652
86 87 0.000769581 0 -1.26291 0 0 0 0 -1.26214
87 88 0.0234486 0 -1.21741 0 0 0 0 -1.19396
88 89 0.278861 0 -1.32981 0 0 0 0 -1.05094
89 90 0.00118891 0 0 0 0 0 0 0.00118891
90 91 0.0828696 0 -0 0 0 0 0 0.0828696
91 92 0.0903385 0 0 0 0 0 0 0.0903385
92 93 0.0693996 0 -1.03384 0 0 0 0 -0.964445
93 94 0.0669265 0 -1.3212 0 0 0 0 -1.25427
94 95 0.130651 0 -1.17876 0 0 0 0 -1.04811
95 96 0.0174435 0 -1.26458 0 0 0 0 -1.24713
96 97 0.00784509 0 0 0 0 0 0 0.00784509
98 99 0.0873887 0 -0 0 0 0 0 0.0873887
99 100 0.0113172 0 0 0 0 0 0 0.0113172
100 101 0.0185694 0 0 0 0 0 0 0.0185694
101 102 0.0291315 0 -0 0 0 0 0 0.0291315
102 103 0.0110301 0 0 0 0 0 0 0.0110301
103 104 0.0984436 0 -0 0 0 0 0 0.0984436
104 105 0.0869512 0 -0.0346859 0 0 0 0 0.0522654
105 106 0.0206137 0 -1.30047 0 0 0 0 -1.27985
106 107 0.000589998 0 -1.12339 0 0 0 0 -1.1228
107 108 0.00424352 0 0 0 0 0 0 0.00424352
108 109 0.197618 0 -0 0 0 0 0 0.197618
109 110 0.117189 0 -0 0 0 0 0 0.117189
110 111 0.0238934 0 0 0 0 0 0 0.0238934
111 112 0.00181483 0 0 0 0 0 0 0.00181483
112 113 0.000190509 0 0 0 0 0 0 0.000190509
113 114 0.0165549 0 0 0 0 0 0 0.0165549
114 115 0.017748 0 0 0 0 0 0 0.017748
115 116 0.0658711 0 -0 0 0 0 0 0.0658711
116 117 0.156314 0 -0.711589 0 0 0 0 -0.555275
117 118 0.168538 0 -0.78826 0 0 0 0 -0.619722
118 119 0.154318 0 -1.29184 0 0 0 0 -1.13752
119 120 0.0214014 0 -1.08679 0 0 0 0 -1.06539
120 121 0.0672458 0 -1.2487 0 0 0 0 -1.18146
121 122 0.00161278 0 -1.19832 0 0 0 0 -1.19671
122 123 0.00914823 0 -1.17504 0 0 0 0 -1.1659
123 124 0.0133923 0 0 0 0 0 0 0.0133923
121 125 0 0 0 0 0 -0.0367352 0 -0.0367352
120 125 0 0 0 0 -0.151906 0 -0 -0.151906
119 125 0 0 0 0 0 -0.185917 0 -0.185917
124 125 0.00354427 0 -0.304923 0 0 0 0 -0.301378
118 126 0 0 0 0 0 -0.180202 0 -0.180202
120 126 0 0 0 0 0 -0.180047 0 -0.180047
119 126 0 0 0 0 -0.905144 0 -0 -0.905144
125 126 0.0565005 0 -1.39365 0 0 0 0 -1.33715
118 127 0 0 0 0 -0.678904 0 -0 -0.678904
117 127 0 0 0 0 0 -0.174915 0 -0.174915
119 127 0 0 0 0 0 -0.15788 0 -0.15788
126 127 2.88633e-06 0 -0.884793 0 0 0 0 -0.88479
118 128 0 0 0 0 0 -0.0851882 0 -0.0851882
117 128 0 0 0 0 -0.861219 0 -0 -0.861219
116 128 0 0 0 0 0 -0.0738609 0 -0.0738609
127 128 0.174901 0 -1.0714 0 0 0 0 -0.896503
117 129 0 0 0 0 0 -0.208249 0 -0.208249
128 129 9.3289e-05 0 -1.44073 0 0 0 0 -1.44064
129 130 0.00101441 0 0 0 0 0 0 0.00101441
130 131 0.000108513 0 -1.35276 0 0 0 0 -1.35265
131 132 0.0221209 0 -1.18357 0 0 0 0 -1.16145
132 133 0.0441879 0 -0.744173 0 0 0 0 -0.699985
133 134 0.283345 0 0 0 0 0 0 0.283345
134 135 0.0493387 0 0 0 0 0 0 0.0493387
135 136 0.247208 0 -0.956437 0 0 0 0 -0.709229
136 137 0.135837 0 -1.06625 0 0 0 0 -0.930417
137 138 0.157995 0 -1.35797 0 0 0 0 -1.19997
138 139 0.23151 0 0 0 0 0 0 0.23151
139 140 0.00590156 0 -1.15081 0 0 0 0 -1.1449
140 141 0.137579 0 -0 0 0 0 0 0.137579
141 142 0.0733878 0 0 0 0 0 0 0.0733878
142 143 0.0145178 0 -0 0 0 0 0 0.0145178
143 144 0.0332725 0 0 0 0 0 0 0.0332725
139 145 0 0 0 0 -0.0121102 -0 0 -0.0121102
144 145 0.00024662 0 -1.06656 0 0 0 0 -1.06631
145 146 0.0718738 0 0 0 0 0 0 0.0718738
147 148 0.177401 0 -0.0221632 0 0 0 0 0.155238
148 149 0.00123397 0 -0.919877 0 0 0 0 -0.918643
149 150 0.0559485 0 -1.22521 0 0 0 0 -1.16926
150 151 0.00133675 0 0 0 0 0 0 0.00133675
151 152 2.13142e-05 0 -1.24301 0 0 0 0 -1.24299
152 153 0.025121 0 -0.00659577 0 0 0 0 0.0185252
153 154 0.0103086 0 -0.470662 0 0 0 0 -0.460354
154 155 0.360977 0 -0.831301 0 0 0 0 -0.470325
155 156 0.000689658 0 -1.16397 0 0 0 0 -1.16328
156 157 0.0594222 0 0 0 0 0 0 0.0594222
157 158 0.0303065 0 0 0 0 0 0 0.0303065
153 159 0 0 0 0 0 -0.0569556 0 -0.0569556
158 159 0.00839678 0 -1.19137 0 0 0 0 -1.18297
159 160 0.513737 0 0 0 0 0 0 0.513737
160 161 0.055517 0 -1.07582 0 0 0 0 -1.0203
161 162 0.00714819 0 -1.27233 0 0 0 0 -1.26518
162 163 0.0544883 0 0 0 0 0 0 0.0544883
163 164 0.00144458 0 -1.17048 0 0 0 0 -1.16903
164 165 1.91223e-05 0 0 0 0 0 0 1.91223e-05
165 166 0.0286429 0 -1.29066 0 0 0 0 -1.26202
166 167 0.0654335 0 -1.31761 0 0 0 0 -1.25218
167 168 0.302715 0 -1.13348 0 0 0 0 -0.830765
168 169 0.00330319 0 -1.00903 0 0 0 0 -1.00573
169 170 0.0423743 0 -1.21709 0 0 0 0 -1.17472
170 171 0.0034491 0 -1.34862 0 0 0 0 -1.34517
171 172 0.12916 0 0 0 0 0 0 0.12916
172 173 0.00871782 0 -1.26293 0 0 0 0 -1.25421
173 174 0.000588491 0 0 0 0 0 0 0.000588491
174 175 0.112125 0 -1.46657 0 0 0 0 -1.35444
175 176 0.00045168 0 0 0 0 0 0 0.00045168
176 177 0.0787771 0 -1.17048 0 0 0 0 -1.0917
177 178 0.159658 0 0 0 0 0 0 0.159658
178 179 0.027269 0 0 0 0 0 0 0.027269
179 180 0.00946898 0 0 0 0 0 0 0.00946898
180 181 0.134997 0 -1.35511 0 0 0 0 -1.22011
181 182 0.000229512 0 0 0 0 0 0 0.000229512
182 183 0.00472443 0 0 0 0 0 0 0.00472443
183 184 0.0810011 0 -1.32362 0 0 0 0 -1.24262
184 185 0.115393 0 -1.25597 0 0 0 0 -1.14058
185 186 0.00107216 0 -0.850983 0 0 0 0 -0.849911
186 187 0.0387871 0 -1.22954 0 0 0 0 -1.19075
187 188 0.0853136 0 -0.599718 0 0 0 0 -0.514404
188 189 0.0186248 0 -1.27656 0 0 0 0 -1.25793
189 190 0.00335558 0 -0.661817 0 0 0 0 -0.658461
190 191 0.0865095 0 -1.2883 0 0 0 0 -1.20179
191 192 0.126331 0 -1.38556 0 0 0 0 -1.25923
192 193 0.0034543 0 0 0 0 0 0 0.0034543
193 194 0.00161798 0 -1.02273 0 0 0 0 -1.02111
194 195 0.0341612 0 0 0 0 0 0 0.0341612
196 197 0.0961555 0 -1.14893 0 0 0 0 -1.05278
197 198 0.0274146 0 0 0 0 0 0 0.0274146
198 199 0.051222 0 0 0 0 0 0 0.051222
199 200 0.00135338 0 -1.22783 0 0 0 0 -1.22647
200 201 0.000322847 0 -1.2945 0 0 0 0 -1.29418
201 202 0.0768991 0 0 0 0 0 0 0.0768991
202 203 0.00723495 0 0 0 0 0 0 0.00723495
203 204 0.136591 0 -1.37491 0 0 0 0 -1.23832
204 205 0.00593821 0 0 0 0 0 0 0.00593821
205 206 0.0271237 0 -0.993324 0 0 0 0 -0.9662
206 207 0.00277109 0 -1.0535 0 0 0 0 -1.05073
207 208 0.0939541 0 0 0 0 0 0 0.0939541
208 209 0.000475371 0 -0.803561 0 0 0 0 -0.803086
209 210 0.0439269 0 0 0 0 0 0 0.0439269
210 211 0.00495654 0 0 0 0 0 0 0.00495654
211 212 0.00770051 0 0 0 0 0 0 0.00770051
212 213 0.000119782 0 -1.42641 0 0 0 0 -1.42629
213 214 0.00751777 0 0 0 0 0 0 0.00751777
214 215 0.0153876 0 -0.768988 0 0 0 0 -0.753601
215 216 0.0942883 0 -0.218389 0 0 0 0 -0.124101
216 217 0.0597986 0 -1.34286 0 0 0 0 -1.28307
217 218 0.0186532 0 0 0 0 0 0 0.0186532
218 219 0.0248346 0 0 0 0 0 0 0.0248346
219 220 0.0218269 0 -1.33623 0 0 0 0 -1.3144
220 221 0.120794 0 -1.16496 0 0 0 0 -1.04417
221 222 0.0226234 0 -0.899571 0 0 0 0 -0.876948
222 223 0.00696136 0 -0 0 0 0 0 0.00696136
223 224 0.000492936 0 0 0 0 0 0 0.000492936
224 225 0.00262381 0 0 0 0 0 0 0.00262381
225 226 0.0576936 0 0 0 0 0 0 0.0576936
226 227 0.00685176 0 -1.26317 0 0 0 0 -1.25632
227 228 0.0701168 0 0 0 0 0 0 0.0701168
228 229 0.0339718 0 -1.29921 0 0 0 0 -1.26523
229 230 0.000837359 0 -1.12916 0 0 0 0 -1.12832
230 231 3.17719e-05 0 0 0 0 0 0 3.17719e-05
231 232 0.0216272 0 -1.16898 0 0 0 0 -1.14735
232 233 0.082215 0 -1.28763 0 0 0 0 -1.20541
233 234 0.000151098 0 -1.07078 0 0 0 0 -1.07063
234 235 0.0086234 0 -1.43691 0 0 0 0 -1.42828
235 236 0.0729836 0 -0.723738 0 0 0 0 -0.650754
236 237 0.00526798 0 0 0 0 0 0 0.00526798
237 238 0.0638782 0 -1.13187 0 0 0 0 -1.068
238 239 0.0474269 0 -1.1916 0 0 0 0 -1.14417
239 240 0.246401 0 0 0 0 0 0 0.246401
240 241 0.00014044 0 -1.10886 0 0 0 0 -1.10872
241 242 0.0834769 0 -0.923326 0 0 0 0 -0.839849
242 243 0.0047085 0 0 0 0 0 0 0.0047085
243 244 0.00959982 0 -1.23341 0 0 0 0 -1.22381
245 246 0.102824 0 0 0 0 0 0 0.102824
246 247 0.056907 0 -1.38351 0 0 0 0 -1.3266
247 248 0.0286134 0 0 0 0 0 0 0.0286134
248 249 0.121086 0 0 0 0 0 0 0.121086
249 250 0.0171497 0 0 0 0 0 0 0.0171497
249 251 0 0 0 0 0 0 -1.99216e-20 -1.99216e-20
250 251 0.0866992 0 0 0 0 0 0 0.0866992
251 252 0.000297696 0 -1.4048 0 0 0 0 -1.4045
252 253 0.133295 0 0 0 0 0 0 0.133295
253 254 0.00900012 0 -0.354617 0 0 0 0 -0.345617
254 255 0.141908 0 -0.915924 0 0 0 0 -0.774015
255 256 0.0568267 0 -1.42741 0 0 0 0 -1.37058
256 257 0.00509672 0 0 0 0 0 0 0.00509672
257 258 0.112844 0 -1.05873 0 0 0 0 -0.945889
258 259 0.0324291 0 -1.18714 0 0 0 0 -1.15471
259 260 0.255568 0 -1.16818 0 0 0 0 -0.912609
260 261 0.00047343 0 -1.0091 0 0 0 0 -1.00863
261 262 0.173528 0 -1.21393 0 0 0 0 -1.0404
262 263 0.352478 0 -1.12876 0 0 0 0 -0.776286
263 264 0.0148237 0 -1.2065 0 0 0 0 -1.19168
264 265 0.0130412 0 -1.26135 0 0 0 0 -1.24831
265 266 0.0366917 0 -0.843199 0 0 0 0 -0.806508
266 267 0.00864703 0.0132967 -0.651441 0 0 0 0 -0.629497
267 268 0.00173007 0 -0.524294 0 0 0 0 -0.522564
268 269 0.0863383 0 0 0 0 0 0 0.0863383
269 270 0.00825297 0 -1.17712 0 0 0 0 -1.16887
270 271 0.187753 0 -1.17184 0 0 0 0 -0.984087
271 272 0.00574424 0 -1.11996 0 0 0 0 -1.11421
272 273 0.00816433 0 -1.30436 0 0 0 0 -1.29619
273 274 0.0187273 0 0 0 0 0 0 0.0187273
274 275 0.239647 0 -1.29955 0 0 0 0 -1.05991
275 276 0.157058 0 -1.1902 0 0 0 0 -1.03315
276 277 0.00278404 0 -1.23943 0 0 0 0 -1.23665
277 278 0.00845275 0 -1.02457 0 0 0 0 -1.01612
278 279 0.00210056 0 0 0 0 0 0 0.00210056
279 280 0.00611204 0 0 0 0 0 0 0.00611204
280 281 0.0661791 0 -0.50195 0 0 0 0 -0.435771
281 282 0.0074263 0 -1.29657 0 0 0 0 -1.28914
282 283 0.0204781 0 -1.23756 0 0 0 0 -1.21708
283 284 0.0178498 0 0 0 0 0 0 0.0178498
284 285 0.189905 0 -1.27604 0 0 0 0 -1.08613
285 286 0.0983051 0 0 0 0 0 0 0.0983051
286 287 0.355265 0 -0.703162 0 0 0 0 -0.347898
284 288 0 0 0 0 -0 -0.199286 0 -0.199286
285 288 0 0 0 0 0 -0.00767606 -0 -0.00767606
287 288 0.0120455 0 -1.16172 0 0 0 0 -1.14967
284 289 0 0 0 0 -0.651129 0 -0 -0.651129
285 289 0 0 0 0 0 -0.131204 0 -0.131204
288 289 0.0153103 0 -1.21984 0 0 0 0 -1.20453
284 290 0 0 0 0 0 -0.135678 0 -0.135678
289 290 0.154967 0 -0.865639 0 0 0 0 -0.710672
290 291 0.00160712 0 0 0 0 0 0 0.00160712
291 292 0.0771497 0 0 0 0 0 0 0.0771497
292 293 0.0619644 0 -1.15787 0 0 0 0 -1.0959
294 295 0.0143194 0 -0 0 0 0 0 0.0143194
295 296 0.013062 0 -1.26776 0 0 0 0 -1.2547
296 297 0.238883 0 -1.22316 0 0 0 0 -0.984278
297 298 0.14548 0 0 0 0 0 0 0.14548
298 299 0.00610347 0 0 0 0 0 0 0.00610347
299 300 0.00305465 0 -1.29186 0 0 0 0 -1.28881
300 301 0.0435048 0 -1.24667 0 0 0 0 -1.20316
301 302 0.00229953 0 -1.19208 0 0 0 0 -1.18978
302 303 0.00691611 0 -1.01272 0 0 0 0 -1.0058
303 304 0.000409871 0 -1.35465 0 0 0 0 -1.35424
304 305 0.0629972 0 0 0 0 0 0 0.0629972
305 306 0.00183768 0 -1.32656 0 0 0 0 -1.32473
306 307 0.0129614 0 -0.728321 0 0 0 0 -0.71536
307 308 0.0265802 0 -0.542389 0 0 0 0 -0.515809
308 309 0.0679788 0 0 0 0 0 0 0.0679788
309 310 0.0464073 0 -0.677863 0 0 0 0 -0.631456
310 311 0.144732 0 0 0 0 0 0 0.144732
311 312 0.0266212 0 0 0 0 0 0 0.0266212
312 313 0.00545372 0 0 0 0 0 0 0.00545372
313 314 0.0616663 0 -1.3295 0 0 0 0 -1.26783
314 315 0.230651 0 0 0 0 0 0 0.230651
315 316 0.000160547 0 -0 0 0 0 0 0.000160547
316 317 0.0119248 0 0 0 0 0 0 0.0119248
317 318 0.0896263 0 0 0 0 0 0 0.0896263
318 319 0.0284988 0 -0 0 0 0 0 0.0284988
319 320 0.0206889 0 -1.23204 0 0 0 0 -1.21136
320 321 0.00177943 0 -0.886357 0 0 0 0 -0.884577
321 322 0.0187198 0 0 0 0 0 0 0.0187198
322 323 0.221081 0 0 0 0 0 0 0.221081
323 324 0.1996 0 -1.21863 0 0 0 0 -1.01903
324 325 7.36553e-06 0 -1.27364 0 0 0 0 -1.27363
325 326 0.00224372 0 -1.20483 0 0 0 0 -1.20259
326 327 0.0953834 0 0 0 0 0 0 0.0953834
327 328 0.0421145 0 -0.860086 0 0 0 0 -0.817972
328 329 0.0169809 0 -0 0 0 0 0 0.0169809
329 330 0.095335 0 0 0 0 0 0 0.095335
330 331 0.00932303 0 0 0 0 0 0 0.00932303
331 332 0.0348847 0 0 0 0 0 0 0.0348847
332 333 0.125606 0 -1.1674 0 0 0 0 -1.04179
333 334 0.000191834 0 -0.21645 0 0 0 0 -0.216258
334 335 0.0158561 0 -1.20561 0 0 0 0 -1.18975
335 336 0.000239152 0 0 0 0 0 0 0.000239152
336 337 0.00814402 0 0 0 0 0 0 0.00814402
337 338 0.0156948 0 -0 0 0 0 0 0.0156948
338 339 0.0339869 0 -0 0 0 0 0 0.0339869
339 340 0.00429939 0 -1.19371 0 0 0 0 -1.18941
340 341 0.000725509 0 0 0 0 0 0 0.000725509
341 342 0.0091165 0 -1.14417 0 0 0 0 -1.13505
343 344 0.0252884 0 -1.20286 0 0 0 0 -1.17757
344 345 0.0293507 0 -1.269 0 0 0 0 -1.23965
345 346 0.0372916 0 -1.17726 0 0 0 0 -1.13997
346 347 0.00102461 0 -1.24825 0 0 0 0 -1.24723
347 348 0.0478938 0 -0.257831 0 0 0 0 -0.209937
348 349 0.0104835 0 -1.22272 0 0 0 0 -1.21224
349 350 0.136517 0 -1.14004 0 0 0 0 -1.00352
350 351 0.0902646 0 0 0 0 0 0 0.0902646
351 352 0.0158396 0 0 0 0 0 0 0.0158396
352 353 0.00447582 0 0 0 0 0 0 0.00447582
353 354 0.178282 0 -1.19633 0 0 0 0 -1.01805
354 355 0.0474063 0 -1.1761 0 0 0 0 -1.1287
355 356 0.000318887 0 -0.837517 0 0 0 0 -0.837198
356 357 0.006308 0 -1.11896 0 0 0 0 -1.11265
357 358 0.0109907 0 -0.885291 0 0 0 0 -0.8743
358 359 0.066167 0 0 0 0 0 0 0.066167
359 360 0.000525581 0 -0 0 0 0 0 0.000525581
360 361 0.0114056 0 0 0 0 0 0 0.0114056
361 362 0.00189572 0 -1.19591 0 0 0 0 -1.19402
362 363 0.0140987 0 0 0 0 0 0 0.0140987
363 364 0.0832402 0 -1.18206 0 0 0 0 -1.09882
364 365 0.0157882 0 -0.619601 0 0 0 0 -0.603813
365 366 0.161353 0 -1.36443 0 0 0 0 -1.20308
366 367 0.128976 0 0 0 0 0 0 0.128976
367 368 0.0828092 0 -1.13329 0 0 0 0 -1.05048
368 369 0.0295775 0 0 0 0 0 0 0.0295775
369 370 0.020249 0 -1.37163 0 0 0 0 -1.35138
370 371 1.71776e-06 0 -1.17084 0 0 0 0 -1.17083
371 372 0.0294071 0 0 0 0 0 0 0.0294071
372 373 0.123018 0 -1.36948 0 0 0 0 -1.24646
373 374 0.133518 0 -0.677011 0 0 0 0 -0.543493
374 375 0.130141 0 -1.13132 0 0 0 0 -1.00118
375 376 0.0359741 0 -0.904622 0 0 0 0 -0.868648
376 377 0.224626 0 -1.21855 0 0 0 0 -0.993927
377 378 0.0181291 0 -1.20799 0 0 0 0 -1.18986
378 379 0.0980224 0 -1.24686 0 0 0 0 -1.14884
379 380 0.276254 0 -0 0 0 0 0 0.276254
380 381 0.0141288 0 -0 0 0 0 0 0.0141288
381 382 0.0376767 0 -1.19062 0 0 0 0 -1.15294
382 383 0.00744918 0 -0.957878 0 0 0 0 -0.950429
383 384 0.0686187 0 0 0 0 0 0 0.0686187
384 385 0.00499082 0 -0.883657 0 0 0 0 -0.878667
385 386 0.00905986 0 -1.18251 0 0 0 0 -1.17345
386 387 0.0129232 0 -0 0 0 0 0 0.0129232
387 388 0.0887397 0 -0 0 0 0 0 0.0887397
388 389 0.00471192 0 0 0 0 0 0 0.00471192
389 390 0.00191864 0 0 0 0 0 0 0.00191864
390 391 0.0184013 0 0 0 0 0 0 0.0184013
392 393 0.000210696 0 -1.29641 0 0 0 0 -1.2962
393 394 0.00297033 0 -0.909224 0 0 0 0 -0.906254
394 395 0.0790005 0 -1.23659 0 0 0 0 -1.15759
395 396 0.000708272 0 -1.15165 0 0 0 0 -1.15094
396 397 0.0391655 0 0 0 0 0 0 0.0391655
397 398 0.00655957 0 -1.32804 0 0 0 0 -1.32148
398 399 0.0472325 0 -1.24836 0 0 0 0 -1.20113
399 400 0.209561 0 0 0 0 0 0 0.209561
400 401 0.0112054 0 -1.35444 0 0 0 0 -1.34324
401 402 0.039132 0 0 0 0 0 0 0.039132
402 403 0.0292414 0 -1.34419 0 0 0 0 -1.31495
403 404 0.104337 0 0 0 0 0 0 0.104337
404 405 0.000991866 0 0 0 0 0 0 0.000991866
405 406 0.0258974 0 -1.16695 0 0 0 0 -1.14105
406 407 0.0206707 0 -0 0 0 0 0 0.0206707
407 408 0.11635 0 0 0 0 0 0 0.11635
408 409 0.000253307 0 0 0 0 0 0 0.000253307
409 410 0.0223461 0 -1.23561 0 0 0 0 -1.21327
410 411 0.303161 0 -1.05643 0 0 0 0 -0.753268
411 412 0.262319 0 0 0 0 0 0 0.262319
412 413 0.0317893 0 0 0 0 0 0 0.0317893
413 414 0.0645341 0 -1.26038 0 0 0 0 -1.19584
414 415 0.0787328 0 -1.18874 0 0 0 0 -1.11001
415 416 0.00211272 0 0 0 0 0 0 0.00211272
416 417 0.000587452 0 -1.38903 0 0 0 0 -1.38845
417 418 0.0068515 0 -1.43813 0 0 0 0 -1.43128
418 419 0.0930843 0 -0.997663 0 0 0 0 -0.904578
419 420 0.00968371 0 0 0 0 0 0 0.00968371
420 421 0.00259123 0 -1.1306 0 0 0 0 -1.12801
421 422 0.0258665 0 -0 0 0 0 0 0.0258665
422 423 0.0003441 0 0 0 0 0 0 0.0003441
423 424 0.0561094 0 0 0 0 0 0 0.0561094
424 425 4.35362e-05 0 0 0 0 0 0 4.35362e-05
425 426 2.67716e-05 0 0 0 0 0 0 2.67716e-05
426 427 0.00497769 0 -0.782267 0 0 0 0 -0.777289
427 428 0.0202293 0 -1.31112 0 0 0 0 -1.29089
428 429 0.0181391 0 -1.3554 0 0 0 0 -1.33727
429 430 0.00353036 0 -1.27389 0 0 0 0 -1.27036
430 431 0.000333922 0 -1.05995 0 0 0 0 -1.05961
431 432 0.00224899 0 -1.3681 0 0 0 0 -1.36585
432 433 0.000366315 0 -1.10728 0 0 0 0 -1.10692
433 434 0.00145553 0 0 0 0 0 0 0.00145553
434 435 0.00406603 0 0 0 0 0 0 0.00406603
435 436 0.0218361 0 -1.18369 0 0 0 0 -1.16185
436 437 0.0968968 0 -1.35313 0 0 0 0 -1.25623
437 438 0.00740251 0 -1.00179 0 0 0 0 -0.994391
438 439 0.0062768 0 -1.14512 0 0 0 0 -1.13884
439 440 0.00969627 0 -0.969397 0 0 0 0 -0.959701
441 442 0.0909309 0 -1.06282 0 0 0 0 -0.971894
442 443 0.148269 0 -0.862218 0 0 0 0 -0.71395
443 444 0.0679703 0 -1.18484 0 0 0 0 -1.11687
444 445 0.000149462 0 -0.402729 0 0 0 0 -0.40258
445 446 0.00210429 0 -1.15465 0 0 0 0 -1.15254
446 447 0.131097 0 0 0 0 0 0 0.131097
447 448 0.0405266 0 -1.04047 0 0 0 0 -0.99994
448 449 0.00263062 0 -1.21821 0 0 0 0 -1.21558
449 450 0.00938871 0 -1.40483 0 0 0 0 -1.39544
450 451 0.00373428 0 0 0 0 0 0 0.00373428
451 452 0.0106938 0 0 0 0 0 0 0.0106938
452 453 0.0905998 0 -0 0 0 0 0 0.0905998
453 454 0.036027 0 0 0 0 0 0 0.036027
454 455 0.0125151 0 -0 0 0 0 0 0.0125151
455 456 0.214026 0 -1.00942 0 0 0 0 -0.795393
456 457 0.127803 0 0 0 0 0 0 0.127803
457 458 0.0160375 0 0 0 0 0 0 0.0160375
458 459 0.01439 0 0 0 0 0 0 0.01439
459 460 0.0207822 0 -0.844494 0 0 0 0 -0.823711
460 461 0.00613545 0 0 0 0 0 0 0.00613545
461 462 0.103839 0 0 0 0 0 0 0.103839
462 463 0.0196986 0 -0.829029 0 0 0 0 -0.80933
463 464 0.0207754 0 -1.35015 0 0 0 0 -1.32938
464 465 0.0163706 0 0 0 0 0 0 0.0163706
465 466 1.77053e-06 0 0 0 0 0 0 1.77053e-06
466 467 0.140379 0 0 0 0 0 0 0.140379
467 468 0.0112947 0 -1.42197 0 0 0 0 -1.41068
468 469 0.149458 0 -1.37742 0 0 0 0 -1.22796
469 470 0.0531667 0 0 0 0 0 0 0.0531667
470 471 0.0826767 0 -1.45851 0 0 0 0 -1.37583
471 472 0.310131 0 -0.995747 0 0 0 0 -0.685616
472 473 0.146256 0 -1.0492 0 0 0 0 -0.902945
473 474 0.0085311 0 0 0 0 0 0 0.0085311
474 475 0.0360486 0 -1.13465 0 0 0 0 -1.0986
475 476 0.118974 0 -1.35042 0 0 0 0 -1.23145
476 477 0.0581096 0 -0.780961 0 0 0 0 -0.722851
477 478 0.0171632 0 0 0 0 0 0 0.0171632
478 479 0.0365552 0 0 0 0 0 0 0.0365552
479 480 0.118154 0 -1.18247 0 0 0 0 -1.06431
480 481 4.50998e-05 0 -1.14356 0 0 0 0 -1.14351
481 482 0.252035 0 0 0 0 0 0 0.252035
482 483 0.000708684 0 0 0 0 0 0 0.000708684
483 484 0.104877 0 -0.787691 0 0 0 0 -0.682814
484 485 0.00127629 0 0 0 0 0 0 0.00127629
485 486 0.183457 0 -1.36805 0 0 0 0 -1.18459
486 487 0.031574 0 -1.12724 0 0 0 0 -1.09567
487 488 0.00610292 0 0 0 0 0 0 0.00610292
488 489 0.0173165 0 -0.744443 0 0 0 0 -0.727127
490 491 0.000965814 0 0 0 0 0 0 0.000965814
491 492 0.0842348 0 0 0 0 0 0 0.0842348
492 493 0.000551523 0 0 0 0 0 0 0.000551523
493 494 0.00837122 0 -0.893757 0 0 0 0 -0.885385
494 495 0.219378 0 0 0 0 0 0 0.219378
495 496 0.00494987 0 0 0 0 0 0 0.00494987
496 497 0.00436016 0 -1.41113 0 0 0 0 -1.40677
497 498 0.0248786 0 -1.13859 0 0 0 0 -1.11371
498 499 0.000491553 0 0 0 0 0 0 0.000491553
499 500 0.00879377 0 0 0 0 0 0 0.00879377
500 501 0.00977061 0 0 0 0 0 0 0.00977061
501 502 0.0659635 0 -1.19687 0 0 0 0 -1.13091
502 503 0.0266296 0 -1.29521 0 0 0 0 -1.26858
503 504 0.01672 0 0 0 0 0 0 0.01672
504 505 0.000738347 0 0 0 0 0 0 0.000738347
505 506 4.10474e-05 0 -0.802942 0 0 0 0 -0.802901
506 507 0.00130937 0 -1.41838 0 0 0 0 -1.41707
507 508 0.00181816 0 0 0 0 0 0 0.00181816
508 509 0.000463054 0 -1.36854 0 0 0 0 -1.36808
509 510 0.00925845 0 -1.41218 0 0 0 0 -1.40293
510 511 0.0182306 0 -1.30607 0 0 0 0 -1.28784
511 512 0.039901 0 -1.22531 0 0 0 0 -1.18541
512 513 0.00630229 0 -1.18081 0 0 0 0 -1.17451
513 514 0.0258875 0 -1.39549 0 0 0 0 -1.3696
514 515 0.00199683 0 -0.717383 0 0 0 0 -0.715386
515 516 0.0123512 0 0 0 0 0 0 0.0123512
516 517 0.0106028 0 -0.757795 0 0 0 0 -0.747192
517 518 8.893e-05 0 0 0 0 0 0 8.893e-05
518 519 0.01092 0 -0 0 0 0 0 0.01092
519 520 0.00216906 0 -1.35706 0 0 0 0 -1.35489
520 521 5.19079e-08 0 -1.38189 0 0 0 0 -1.38189
521 522 0.0141837 0 0 0 0 0 0 0.0141837
522 523 0.00279401 0 -0.995404 0 0 0 0 -0.99261
523 524 0.0134703 0 -1.25813 0 0 0 0 -1.24466
524 525 0.00568588 0 -1.03022 0 0 0 0 -1.02453
525 526 0.0292575 0 -1.25009 0 0 0 0 -1.22083
526 527 0.0631805 0 -1.33862 0 0 0 0 -1.27544
527 528 0.00194996 0 -0.903055 0 0 0 0 -0.901105
528 529 0.150707 0 -1.19713 0 0 0 0 -1.04642
529 530 0.00557308 0 0 0 0 0 0 0.00557308
530 531 0.0532539 0 -1.042 0 0 0 0 -0.988744
531 532 0.0540614 0 0 0 0 0 0 0.0540614
532 533 0.204107 0 -1.28487 0 0 0 0 -1.08077
533 534 0.0868721 0 -1.29527 0 0 0 0 -1.20839
534 535 0.0122423 0 0 0 0 0 0 0.0122423
535 536 0.0316449 0 -1.11384 0 0 0 0 -1.0822
536 537 0.00897732 0 0 0 0 0 0 0.00897732
537 538 0.0138781 0 -1.10968 0 0 0 0 -1.09581
538 539 0.000242288 0 0 0 0 0 0 0.000242288
539 540 0.0669468 0 -1.28465 0 0 0 0 -1.2177
541 542 0.0406447 0 -1.26767 0 0 0 0 -1.22703
542 543 1.49764e-05 0 -1.31805 0 0 0 0 -1.31804
543 544 0.0251809 0 -1.14761 0 0 0 0 -1.12243
544 545 0.00302163 0 0 0 0 0 0 0.00302163
545 546 0.00370245 0 -1.37927 0 0 0 0 -1.37557
546 547 0.115638 0 -1.41539 0 0 0 0 -1.29975
547 548 0.155503 0 -0 0 0 0 0 0.155503
548 549 0.337221 0 0 0 0 0 0 0.337221
549 550 0.0317908 0 -1.14843 0 0 0 0 -1.11664
550 551 0.00463535 0 0 0 0 0 0 0.00463535
551 552 0.380724 0 -1.34549 0 0 0 0 -0.964768
552 553 0.0268197 0 -1.11144 0 0 0 0 -1.08462
553 554 0.00753832 0 -1.13853 0 0 0 0 -1.13099
554 555 0.00857051 0 -1.33376 0 0 0 0 -1.32519
555 556 0.0201648 0 -1.35799 0 0 0 0 -1.33782
556 557 0.0400144 0 -1.33331 0 0 0 0 -1.29329
557 558 0.0832217 0 -1.21167 0 0 0 0 -1.12845
558 559 0.00519034 0 0 0 0 0 0 0.00519034
559 560 0.0686553 0 -1.41228 0 0 0 0 -1.34363
560 561 9.98447e-05 0 0 0 0 0 0 9.98447e-05
561 562 0.0853898 0 -1.31425 0 0 0 0 -1.22886
562 563 0.0548232 0 -1.43009 0 0 0 0 -1.37526
563 564 0.0541779 0 0 0 0 0 0 0.0541779
564 565 6.68612e-05 0 -1.08148 0 0 0 0 -1.08142
565 566 0.111128 0 -0.955344 0 0 0 0 -0.844216
566 567 0.0052187 0 -0.483464 0 0 0 0 -0.478245
567 568 0.012916 0 -0.840067 0 0 0 0 -0.827151
568 569 0.1097 0 -1.29772 0 0 0 0 -1.18802
569 570 0.00195327 0 0 0 0 0 0 0.00195327
570 571 0.0159626 0 -1.32246 0 0 0 0 -1.30649
571 572 0.0478338 0 -1.38062 0 0 0 0 -1.33278
572 573 0.11991 0 -1.12981 0 0 0 0 -1.0099
573 574 0.186747 0 0 0 0 0 0 0.186747
574 575 0.0567996 0 -1.02371 0 0 0 0 -0.966907
575 576 0.000990825 0 -1.36375 0 0 0 0 -1.36276
576 577 0.0296449 0 -1.32591 0 0 0 0 -1.29626
577 578 0.0621445 0 -1.10634 0 0 0 0 -1.04419
578 579 0.000122738 0 0 0 0 0 0 0.000122738
579 580 0.235041 0 -1.3481 0 0 0 0 -1.11306
580 581 0.0278191 0 -0.845787 0 0 0 0 -0.817968
581 582 0.0787048 0 0 0 0 0 0 0.0787048
582 583 0.0319189 0 0 0 0 0 0 0.0319189
583 584 0.000400757 0 -1.28261 0 0 0 0 -1.2822
584 585 0.00256919 0 -1.2621 0 0 0 0 -1.25953
585 586 0.0170096 0 -0.635986 0 0 0 0 -0.618977
586 587 0.00925494 0 0 0 0 0 0 0.00925494
587 588 0.0530251 0 0 0 0 0 0 0.0530251
588 589 0.00407119 0 -0 0 0 0 0 0.00407119
589 590 0.00834052 0 -1.20817 0 0 0 0 -1.19983
590 591 0.000188307 0 -1.31304 0 0 0 0 -1.31286
592 593 0.0391318 0 0 0 0 0 0 0.0391318
593 594 0.000517796 0 0 0 0 0 0 0.000517796
594 595 0.0350925 0 0 0 0 0 0 0.0350925
595 596 0.0136595 0 -1.12909 0 0 0 0 -1.11543
596 597 0.0675148 0 0 0 0 0 0 0.0675148
597 598 0.109917 0 -1.31806 0 0 0 0 -1.20814
598 599 0.00302103 0 -1.39714 0 0 0 0 -1.39412
599 600 4.03892e-05 0 0 0 0 0 0 4.03892e-05
600 601 0.129938 0 -1.38415 0 0 0 0 -1.25421
601 602 0.145798 0 0 0 0 0 0 0.145798
602 603 0.0963886 0 -0 0 0 0 0 0.0963886
603 604 0.0722944 0 -0.89162 0 0 0 0 -0.819325
604 605 0.0688797 0 -1.09852 0 0 0 0 -1.02964
605 606 0.259923 0 -1.23748 0 0 0 0 -0.97756
606 607 0.000249973 0 -0 0 0 0 0 0.000249973
607 608 0.0585052 0 0 0 0 0 0 0.0585052
608 609 0.00755969 0 -0.854984 0 0 0 0 -0.847424
609 610 0.0475911 0 -0.753189 0 0 0 0 -0.705598
610 611 0.00530623 0 -0 0 0 0 0 0.00530623
611 612 0.0392483 0 0 0 0 0 0 0.0392483
612 613 0.0637437 0 -1.44678 0 0 0 0 -1.38303
613 614 0.0805984 0 -1.44143 0 0 0 0 -1.36083
614 615 0.0254483 0 -1.2805 0 0 0 0 -1.25505
615 616 0.076447 0 -1.24151 0 0 0 0 -1.16507
616 617 0.00968418 0 0 0 0 0 0 0.00968418
617 618 0.00544795 0 -1.35535 0 0 0 0 -1.3499
618 619 0.155641 0 -1.22583 0 0 0 0 -1.07019
619 620 0.0596783 0 0 0 0 0 0 0.0596783
620 621 0.00188908 0 0 0 0 0 0 0.00188908
621 622 0.0149194 0 -1.26284 0 0 0 0 -1.24792
622 623 4.78642e-05 0 -0.00292272 0 0 0 0 -0.00287486
623 624 0.0379952 0 -1.4168 0 0 0 0 -1.3788
624 625 0.0259784 0 -1.05351 0 0 0 0 -1.02754
625 626 0.0396041 0 0 0 0 0 0 0.0396041
626 627 0.0744354 0 0 0 0 0 0 0.0744354
627 628 0.105623 0 -1.15576 0 0 0 0 -1.05013
628 629 0.0256516 0 -1.22584 0 0 0 0 -1.20019
629 630 0.0529672 0 -0.43359 0 0 0 0 -0.380623
630 631 0.127097 0 -1.45044 0 0 0 0 -1.32335
631 632 0.000887215 0 0 0 0 0 0 0.000887215
632 633 0.101187 0 -1.37442 0 0 0 0 -1.27324
633 634 0.0667655 0 -1.41121 0 0 0 0 -1.34445
634 635 0.0169985 0 0 0 0 0 0 0.0169985
635 636 0.0941603 0 -1.25421 0 0 0 0 -1.16005
636 637 0.0969064 0 -1.18953 0 0 0 0 -1.09263
637 638 0.0304721 0 -1.12294 0 0 0 0 -1.09246
638 639 0.00296493 0 -0 0 0 0 0 0.00296493
639 640 0.000994955 0 0 0 0 0 0 0.000994955
640 641 0.261117 0 -0 0 0 0 0 0.261117
641 642 0.0380207 0 -1.41714 0 0 0 0 -1.37912
643 644 0.000239885 0 -1.33875 0 0 0 0 -1.33851
644 645 0.00399608 0 -1.37651 0 0 0 0 -1.37252
645 646 0.0652408 0 -0.463773 0 0 0 0 -0.398532
646 647 6.82802e-05 0 0 0 0 0 0 6.82802e-05
647 648 0.00096714 0 0 0 0 0 0 0.00096714
648 649 0.000704021 0 -1.37967 0 0 0 0 -1.37896
649 650 0.000245745 0 -0.639062 0 0 0 0 -0.638816
650 651 0.0278117 0 -1.27311 0 0 0 0 -1.2453
651 652 0.0260084 0 0 0 0 0 0 0.0260084
652 653 0.000549279 0 -1.16792 0 0 0 0 -1.16737
653 654 0.00342438 0 -1.13945 0 0 0 0 -1.13602
654 655 0.00622354 0 0 0 0 0 0 0.00622354
655 656 0.0515251 0 -1.24108 0 0 0 0 -1.18956
656 657 0.000341266 0 -1.27335 0 0 0 0 -1.27301
657 658 0.0586741 0 -1.26832 0 0 0 0 -1.20965
658 659 1.78009e-06 0 0 0 0 0 0 1.78009e-06
659 660 0.0393674 0 -0 0 0 0 0 0.0393674
660 661 0.078318 0 0 0 0 0 0 0.078318
661 662 0.0164295 0 0 0 0 0 0 0.0164295
662 663 0.244843 0 0 0 0 0 0 0.244843
663 664 0.00716715 0 -1.05862 0 0 0 0 -1.05146
664 665 0.0670035 0 0 0 0 0 0 0.0670035
665 666 0.00336912 0 -1.28548 0 0 0 0 -1.28211
666 667 0.000195821 0 -0.361617 0 0 0 0 -0.361422
667 668 0.00151274 0 -1.14792 0 0 0 0 -1.1464
668 669 0.0881571 0 -1.19141 0 0 0 0 -1.10326
669 670 0.0040725 0 -0 0 0 0 0 0.0040725
670 671 0.0134742 0 0 0 0 0 0 0.0134742
671 672 0.00792718 0 -1.08375 0 0 0 0 -1.07582
672 673 0.0184794 0 0 0 0 0 0 0.0184794
673 674 0.000429603 0 -1.36653 0 0 0 0 -1.3661
674 675 0.137083 0 -1.13457 0 0 0 0 -0.997486
675 676 0.000497731 0 -1.0219 0 0 0 0 -1.02141
676 677 0.014097 0 -0.359317 0 0 0 0 -0.34522
677 678 0.000260138 0 0 0 0 0 0 0.000260138
678 679 0.00162551 0 -0.554334 0 0 0 0 -0.552708
679 680 0.183588 0 0 0 0 0 0 0.183588
680 681 0.0949594 0 -0.767851 0 0 0 0 -0.672892
681 682 0.000770097 0 -1.24098 0 0 0 0 -1.24021
682 683 0.0671365 0 -0.811294 0 0 0 0 -0.744157
683 684 0.0753204 0 0 0 0 0 0 0.0753204
684 685 0.0231129 0 -1.25648 0 0 0 0 -1.23337
685 686 0.00158195 0 0 0 0 0 0 0.00158195
686 687 0.0170896 0 -1.15828 0 0 0 0 -1.14119
687 688 0.0173625 0 -0 0 0 0 0 0.0173625
688 689 0.0267754 0 -0.00282074 0 0 0 0 0.0239547
689 690 0.606574 0 -1.36576 0 0 0 0 -0.759184
690 691 0.167363 0 -1.05432 0 0 0 0 -0.886955
691 692 0.00833714 0 -0.999677 0 0 0 0 -0.99134
692 693 0.00291053 0 0 0 0 0 0 0.00291053
694 695 0.212459 0 -1.13088 0 0 0 0 -0.918423
695 696 0.0596415 0 -1.31357 0 0 0 0 -1.25392
696 697 0.0867796 0 -1.17432 0 0 0 0 -1.08754
697 698 0.0124088 0 -1.3888 0 0 0 0 -1.37639
698 699 0.0172759 0 0 0 0 0 0 0.0172759
699 700 0.023716 0 -1.2017 0 0 0 0 -1.17799
700 701 0.514052 0 -1.37879 0 0 0 0 -0.864735
701 702 0.20167 0 -1.37282 0 0 0 0 -1.17115
702 703 0.000267688 0 0 0 0 0 0 0.000267688
703 704 0.000965309 0 0 0 0 0 0 0.000965309
704 705 0.141781 0 0 0 0 0 0 0.141781
705 706 0.00227026 0 0 0 0 0 0 0.00227026
706 707 0.0037266 0 0 0 0 0 0 0.0037266
707 708 8.06554e-05 0 -1.18106 0 0 0 0 -1.18098
708 709 0.000612111 0 0 0 0 0 0 0.000612111
709 710 0.04072 0 -1.34674 0 0 0 0 -1.30602
710 711 0.0599367 0 0 0 0 0 0 0.0599367
711 712 0.0308998 0 0 0 0 0 0 0.0308998
712 713 0.126769 0 -1.29761 0 0 0 0 -1.17084
713 714 0.117468 0 0 0 0 0 0 0.117468
714 715 0.3029 0 0 0 0 0 0 0.3029
715 716 0.0233721 0 0 0 0 0 0 0.0233721
716 717 0.0223712 0 -0.917476 0 0 0 0 -0.895104
717 718 0.0279511 0 -0.883373 0 0 0 0 -0.855422
718 719 0.00237344 0 -1.13005 0 0 0 0 -1.12768
719 720 0.00156951 0 -0.704021 0 0 0 0 -0.702452
720 721 0.0653249 0 -1.1974 0 0 0 0 -1.13208
721 722 0.00804226 0 0 0 0 0 0 0.00804226
722 723 0.00747728 0 -0.543286 0 0 0 0 -0.535809
723 724 0.00762869 0 -1.02681 0 0 0 0 -1.01919
724 725 0.000701914 0 -1.14998 0 0 0 0 -1.14927
725 726 0.000180788 0 -1.22751 0 0 0 0 -1.22733
726 727 0.0190821 0 -0.659482 0 0 0 0 -0.6404
727 728 0.00186405 0 -0.840965 0 0 0 0 -0.839101
728 729 0.0288273 0 -0.938429 0 0 0 0 -0.909602
729 730 0.00286881 0 -1.10086 0 0 0 0 -1.09799
730 731 5.59683e-09 0 -1.32043 0 0 0 0 -1.32043
731 732 0.0901422 0 -1.27499 0 0 0 0 -1.18485
732 733 0.276041 0 -1.24745 0 0 0 0 -0.971412
733 734 0.0287904 0 0 0 0 0 0 0.0287904
734 735 0.0372245 0 -1.32767 0 0 0 0 -1.29044
735 736 0.0582615 0 0 0 0 0 0 0.0582615
736 737 0.0120293 0 0 0 0 0 0 0.0120293
737 738 0.00931504 0 0 0 0 0 0 0.00931504
738 739 0.140907 0 -0.794018 0 0 0 0 -0.653111
739 740 0.0403152 0 0 0 0 0 0 0.0403152
740 741 0.077672 0 -0 0 0 0 0 0.077672
741 742 0.00864645 0 -0.273368 0 0 0 0 -0.264721
742 743 0.0216557 0 -0 0 0 0 0 0.0216557
742 744 0 0 0 0.0178102 0 -0 0 0.0178102
743 744 0.200587 0 -1.37084 0 0 0 0 -1.17026
745 746 0.0989111 0 0 0 0 0 0 0.0989111
746 747 0.0873408 0 -1.2972 0 0 0 0 -1.20986
747 748 0.00236612 0 0 0 0 0 0 0.00236612
748 749 0.0381668 0 0 0 0 0 0 0.0381668
749 750 0.000886525 0 0 0 0 0 0 0.000886525
750 751 0.020081 0 0 0 0 0 0 0.020081
751 752 0.020187 0 0 0 0 0 0 0.020187
752 753 0.0041613 0 -0.563277 0 0 0 0 -0.559115
753 754 0.199588 0 0 0 0 0 0 0.199588
754 755 0.103109 0 0 0 0 0 0 0.103109
755 756 0.0410786 0 0 0 0 0 0 0.0410786
756 757 0.0274932 0 -1.07018 0 0 0 0 -1.04269
757 758 0.00986877 0 0 0 0 0 0 0.00986877
758 759 0.00608545 0 0 0 0 0 0 0.00608545
759 760 0.018684 0 -1.15639 0 0 0 0 -1.13771
760 761 0.00442779 0 0 0 0 0 0 0.00442779
761 762 0.0828763 0 -1.29212 0 0 0 0 -1.20925
762 763 0.00702482 0 0 0 0 0 0 0.00702482
763 764 0.00420338 0 0 0 0 0 0 0.00420338
764 765 0.153513 0 0 0 0 0 0 0.153513
765 766 0.0281971 0 -1.1153 0 0 0 0 -1.0871
766 767 0.0872959 0 -0 0 0 0 0 0.0872959
767 768 0.275092 0 -1.06582 0 0 0 0 -0.790729
768 769 0.0160294 0 -1.06653 0 0 0 0 -1.0505
769 770 0.000360313 0 -0.710733 0 0 0 0 -0.710373
770 771 0.00363767 0 -1.06635 0 0 0 0 -1.06271
771 772 0.0268985 0 -1.17949 0 0 0 0 -1.15259
772 773 0.0566265 0 -0.93372 0 0 0 0 -0.877094
773 774 0.0831562 0 -1.15143 0 0 0 0 -1.06828
774 775 0.00986405 0 -0.777464 0 0 0 0 -0.7676
775 776 0.00511322 0 -1.2203 0 0 0 0 -1.21519
776 777 0.0195758 0 0 0 0 0 0 0.0195758
777 778 0.147862 0 0 0 0 0 0 0.147862
778 779 0.0305971 0 0 0 0 0 0 0.0305971
779 780 0.237935 0 0 0 0 0 0 0.237935
780 781 0.0391329 0 0 0 0 0 0 0.0391329
781 782 0.0307748 0 -1.39303 0 0 0 0 -1.36225
782 783 0.000102182 0 0 0 0 0 0 0.000102182
783 784 0.0081825 0 0 0 0 0 0 0.0081825
784 785 0.00506428 0 -1.36453 0 0 0 0 -1.35946
785 786 0.000450966 0 -1.28537 0 0 0 0 -1.28491
786 787 0.082174 0 -1.20213 0 0 0 0 -1.11996
787 788 0.000518824 0 -1.40181 0 0 0 0 -1.40129
788 789 0.128173 0 -0 0 0 0 0 0.128173
789 790 0.0123999 0 -1.09046 0 0 0 0 -1.07806
790 791 0.0242313 0 -1.25606 0 0 0 0 -1.23183
791 792 0.000550093 0 -1.17726 0 0 0 0 -1.17671
792 793 0.0596219 0 -1.15969 0 0 0 0 -1.10007
793 794 0.0472289 0 -1.35556 0 0 0 0 -1.30833
794 795 0.0196037 0 0 0 0 0 0 0.0196037
796 797 0.0696538 0 -1.13188 0 0 0 0 -1.06223
797 798 0.123188 0 -1.29652 0 0 0 0 -1.17333
798 799 0.259859 0 0 0 0 0 0 0.259859
799 800 0.00589019 0 0 0 0 0 0 0.00589019
800 801 0.0982924 0 -0 0 0 0 0 0.0982924
801 802 0.00372525 0 -1.22851 0 0 0 0 -1.22479
802 803 0.231537 0 -1.03488 0 0 0 0 -0.803346
803 804 0.00676676 0 -1.41577 0 0 0 0 -1.409
804 805 0.00139376 0 0 0 0 0 0 0.00139376
805 806 0.0231282 0 0 0 0 0 0 0.0231282
806 807 0.0355249 0 -1.13249 0 0 0 0 -1.09696
807 808 0.0107775 0 -1.06872 0 0 0 0 -1.05794
808 809 0.0685956 0 -1.24601 0 0 0 0 -1.17741
809 810 0.0301807 0 -0.962805 0 0 0 0 -0.932624
810 811 0.0161665 0 -1.11115 0 0 0 0 -1.09498
811 812 0.00699745 0 0 0 0 0 0 0.00699745
812 813 0.0639454 0 0 0 0 0 0 0.0639454
813 814 0.0751784 0 -0.93522 0 0 0 0 -0.860041
814 815 0.0109506 0 0 0 0 0 0 0.0109506
815 816 0.073928 0 -0.903988 0 0 0 0 -0.830061
816 817 0.217175 0 -1.2955 0 0 0 0 -1.07832
817 818 0.118709 0 0 0 0 0 0 0.118709
818 819 0.0682547 0 -0.585303 0 0 0 0 -0.517048
819 820 0.00108614 0 0 0 0 0 0 0.00108614
820 821 0.0822747 0 0 0 0 0 0 0.0822747
821 822 0.00440273 0 -1.36751 0 0 0 0 -1.3631
822 823 0.0255268 0 -0 0 0 0 0 0.0255268
823 824 0.00495596 0 0 0 0 0 0 0.00495596
824 825 0.0146906 0 0 0 0 0 0 0.0146906
825 826 0.0123826 0 0 0 0 0 0 0.0123826
826 827 0.0131891 0 0 0 0 0 0 0.0131891
827 828 0.00543 0 0 0 0 0 0 0.00543
828 829 0.195233 0 -1.36066 0 0 0 0 -1.16543
829 830 0.0155786 0 -1.30202 0 0 0 0 -1.28644
830 831 0.00307488 0 -0 0 0 0 0 0.00307488
831 832 0.0190029 0 0 0 0 0 0 0.0190029
832 833 0.00395474 0 -1.28859 0 0 0 0 -1.28463
833 834 0.013184 0 -1.28483 0 0 0 0 -1.27164
834 835 0.112214 0 -0.894402 0 0 0 0 -0.782188
835 836 0.0347428 0 0 0 0 0 0 0.0347428
836 837 0.0781516 0 0 0 0 0 0 0.0781516
837 838 0.000817725 0 -1.24549 0 0 0 0 -1.24467
838 839 0.00522411 0 -0.849002 0 0 0 0 -0.843778
839 840 0.0194202 0 -1.33763 0 0 0 0 -1.31821
840 841 0.0248517 0 -1.24544 0 0 0 0 -1.22059
841 842 0.156646 0 0 0 0 0 0 0.156646
842 843 0.00144819 0 -0 0 0 0 0 0.00144819
843 844 0.272763 0 -0.650345 0 0 0 0 -0.377581
844 845 0.000633634 0 0 0 0 0 0 0.000633634
845 846 0.000225533 0 0 0 0 0 0 0.000225533
847 848 0.246258 0 -1.1322 0 0 0 0 -0.885946
848 849 0.00406981 0 0 0 0 0 0 0.00406981
849 850 0.0187357 0 0 0 0 0 0 0.0187357
850 851 0.00204181 0 -1.07619 0 0 0 0 -1.07414
851 852 0.00769067 0 0 0 0 0 0 0.00769067
852 853 0.0182225 0 -1.16289 0 0 0 0 -1.14467
853 854 2.06907e-06 0 0 0 0 0 0 2.06907e-06
854 855 0.0451405 0 0 0 0 0 0 0.0451405
855 856 0.0480393 0 -0.932224 0 0 0 0 -0.884185
856 857 0.000510603 0 -1.33721 0 0 0 0 -1.3367
857 858 0.0211193 0 0 0 0 0 0 0.0211193
858 859 0.00291533 0 -1.28237 0 0 0 0 -1.27945
859 860 0.0304576 0 -1.26892 0 0 0 0 -1.23846
860 861 0.0393054 0 0 0 0 0 0 0.0393054
861 862 0.0357619 0 -1.39659 0 0 0 0 -1.36083
862 863 0.139797 0 0 0 0 0 0 0.139797
863 864 0.00234718 0 0 0 0 0 0 0.00234718
864 865 0.130217 0 -1.22352 0 0 0 0 -1.09331
865 866 0.000185476 0 -0.545263 0 0 0 0 -0.545077
866 867 0.35883 0 0 0 0 0 0 0.35883
866 868 0 0 0 0 0 0 -0.740125 -0.740125
867 868 0.0470424 0 0 0 0 0 0 0.0470424
868 869 0.0208998 0 -1.30763 0 0 0 0 -1.28673
869 870 0.0162298 0 -1.17033 0 0 0 0 -1.1541
870 871 0.112765 0 -1.29519 0 0 0 0 -1.18243
871 872 0.0752229 0 0 0 0 0 0 0.0752229
872 873 0.00270488 0 -1.36693 0 0 0 0 -1.36422
873 874 0.0314298 0 -0.954755 0 0 0 0 -0.923325
874 875 0.0148798 0 -1.15844 0 0 0 0 -1.14356
875 876 0.00377209 0 0 0 0 0 0 0.00377209
876 877 0.0736185 0 -0 0 0 0 0 0.0736185
877 878 0.396262 0 -1.15099 0 0 0 0 -0.754724
876 879 0 0 0 0 0 -9.77396e-05 0 -9.77396e-05
878 879 0.0187645 0 -1.32448 0 0 0 0 -1.30572
879 880 0.0821245 0 -1.18459 0 0 0 0 -1.10247
880 881 0.00988151 0 -1.06059 0 0 0 0 -1.05071
881 882 0.0493341 0 0 0 0 0 0 0.0493341
882 883 0.00473736 0 -1.24254 0 0 0 0 -1.2378
883 884 0.468924 0 0 0 0 0 0 0.468924
884 885 0.168378 0 -0.991407 0 0 0 0 -0.823029
885 886 0.0379438 0 -1.1682 0 0 0 0 -1.13026
886 887 0.0752226 0 -1.1741 0 0 0 0 -1.09888
887 888 7.71165e-05 0 -0.74762 0 0 0 0 -0.747543
888 889 0.0666334 0 0 0 0 0 0 0.0666334
889 890 0.0391766 0 -0 0 0 0 0 0.0391766
890 891 0.084782 0 0 0 0 0 0 0.084782
891 892 0.109514 0 0 0 0 0 0 0.109514
892 893 0.17646 0 -1.28485 0 0 0 0 -1.10839
893 894 0.101301 0 0 0 0 0 0 0.101301
894 895 0.0194001 0 -0.961872 0 0 0 0 -0.942472
895 896 0.000166741 0 -1.38685 0 0 0 0 -1.38668
896 897 0.0271924 0 0 0 0 0 0 0.0271924
898 899 0.0401977 0 -0.994956 0 0 0 0 -0.954758
899 900 0.0800173 0 -1.20983 0 0 0 0 -1.12981
900 901 0.019417 0 -1.10092 0 0 0 0 -1.0815
901 902 0.000623227 0 -0.974222 0 0 0 0 -0.973599
902 903 0.0177146 0 -0.847602 0 0 0 0 -0.829888
903 904 0.0203481 0 -1.37857 0 0 0 0 -1.35822
904 905 0.125632 0 -1.10136 0 0 0 0 -0.975732
905 906 0.152377 0 -1.214 0 0 0 0 -1.06162
906 907 0.0439425 0 -1.42667 0 0 0 0 -1.38273
907 908 0.0283006 0 -1.08384 0 0 0 0 -1.05554
908 909 0.00901318 0 -1.26431 0 0 0 0 -1.2553
909 910 0.058021 0 -1.39043 0 0 0 0 -1.33241
910 911 0.237744 0 -1.36249 0 0 0 0 -1.12474
911 912 0.0633424 0 -1.0771 0 0 0 0 -1.01376
912 913 0.0176033 0 -0.972716 0 0 0 0 -0.955112
913 914 0.017296 0 -1.10546 0 0 0 0 -1.08816
914 915 0.0236237 0 -1.35863 0 0 0 0 -1.33501
915 916 0.0168117 0 0 0 0 0 0 0.0168117
913 917 0 0 0 0 0 -0.0791202 0 -0.0791202
912 917 0 0 0 0 -0.539556 -2.7288e-07 -0 -0.539557
911 917 0 0 0 0 0 -0.112625 0 -0.112625
916 917 0.0350326 0 0 0 0 0 0 0.0350326
912 918 0 0 0 0 0 -0.114391 0 -0.114391
911 918 0 0 0 0 -0.518513 0 -0 -0.518513
910 918 0 0 0 0 0 -0.135713 0 -0.135713
917 918 0.164775 0 -1.20769 0 0 0 0 -1.04292
911 919 0 0 0 0 0 -0.0560303 -0 -0.0560303
910 919 0 0 0 0 -0.284684 0 -0 -0.284684
909 919 0 0 0 0 -0 -0.0880645 0 -0.0880645
918 919 0.0124974 0 -1.24953 0 0 0 0 -1.23703
910 920 0 0 0 0 -0 -0.145856 0 -0.145856
909 920 0 0 0 0 -0.590167 0 -0 -0.590167
908 920 0 0 0 0 0 -0.122947 0 -0.122947
919 920 0.0159418 0 -0.540813 0 0 0 0 -0.524872
907 921 0 0 0 0 0 -0.131623 -0 -0.131623
909 921 0 0 0 0 0 -0.0852543 0 -0.0852543
920 921 0.0468166 0 -1.41511 0 0 0 0 -1.36829
907 922 0 0 0 0 -0.80022 0 -0 -0.80022
906 922 0 0 0 0 -0 -0.115078 -0 -0.115078
908 922 0 0 0 0 0 -0.0599288 -0 -0.0599288
921 922 0.0159908 0 -1.19342 0 0 0 0 -1.17743
907 923 0 0 0 0 -0 -0.0480132 0 -0.0480132
906 923 0 0 0 0 -0.509353 0 -0 -0.509353
905 923 0 0 0 0 -0 -0.137504 0 -0.137504
922 923 0.061483 0 -1.02595 0 0 0 0 -0.964463
906 924 0 0 0 0 -0 -0.0132293 -0 -0.0132293
905 924 0 0 0 0 -0.566823 0 -0 -0.566823
904 924 0 0 0 0 0 -0.0694985 0 -0.0694985
923 924 0.136385 0 -1.21799 0 0 0 0 -1.08161
905 925 0 0 0 0 0 -0.0572654 -0 -0.0572654
904 925 0 0 0 0 -0.778065 0 -0 -0.778065
903 925 0 0 0 0 0 -0.147071 0 -0.147071
924 925 0.0957928 0 -1.34631 0 0 0 0 -1.25052
904 926 0 0 0 0 -0 -0.10068 0 -0.10068
902 926 0 0 0 0 0 -0.0514742 -0 -0.0514742
925 926 0.0394942 0 -1.24907 0 0 0 0 -1.20957
903 927 0 0 0 0 0 -0.0181146 -0 -0.0181146
902 927 0 0 0 0 -0.621697 0 -0 -0.621697
901 927 0 0 0 0 0 -0.203361 0 -0.203361
926 927 0.0315494 0 -0.423568 0 0 0 0 -0.392019
900 928 0 0 0 0 0 -0.150169 0 -0.150169
902 928 0 0 0 0 0 -0.143795 0 -0.143795
901 928 0 0 0 0 -0.658424 0 -0 -0.658424
927 928 0.000216579 0 -1.12318 0 0 0 0 -1.12297
900 929 0 0 0 0 -0.430801 0 -0 -0.430801
899 929 0 0 0 0 0 -0.0780978 0 -0.0780978
901 929 0 0 0 0 0 -0.0936622 0 -0.0936622
928 929 0.0601955 0 -1.27125 0 0 0 0 -1.21105
900 930 0 0 0 0 0 -0.157758 -0 -0.157758
899 930 0 0 0 0 -0.654675 0 -0 -0.654675
898 930 0 0 0 0 0 -0.0860063 0 -0.0860063
929 930 0.00113564 0 -1.14715 0 0 0 0 -1.14602
899 931 0 0 0 0 0 -0.0214364 0 -0.0214364
898 931 0 0 0 0 -0.244663 -8.75658e-05 -0 -0.244751
930 931 0.771135 0 -1.23725 0 0 0 0 -0.466118
931 932 0.062277 0 0 0 0 0 0 0.062277
932 933 0.0785773 0 -1.40725 0 0 0 0 -1.32867
933 934 0.0115257 0 -1.20191 0 0 0 0 -1.19039
934 935 0.00822656 0 0 0 0 0 0 0.00822656
935 936 0.00070105 0 0 0 0 0 0 0.00070105
936 937 0.11353 0 -1.33761 0 0 0 0 -1.22408
937 938 0.0236846 0 -0.968642 0 0 0 0 -0.944957
938 939 0.0102882 0 -1.16867 0 0 0 0 -1.15838
939 940 0.000795896 0 -1.35676 0 0 0 0 -1.35597
940 941 0.0146793 0 -1.30468 0 0 0 0 -1.29
941 942 0.00537204 0 0 0 0 0 0 0.00537204
942 943 0.0267544 0 -1.16006 0 0 0 0 -1.13331
943 944 0.00208671 0 0 0 0 0 0 0.00208671
944 945 0.213626 0 0 0 0 0 0 0.213626
945 946 0.0779418 0 -1.32697 0 0 0 0 -1.24903
946 947 0.000198056 0 -0.833814 0 0 0 0 -0.833616
947 948 0.000287906 0 -1.02619 0 0 0 0 -1.0259
949 950 0.0368563 0 -1.31898 0 0 0 0 -1.28212
950 951 0.051319 0 0 0 0 0 0 0.051319
951 952 0.0110241 0 0 0 0 0 0 0.0110241
952 953 0.243658 0 -0 0 0 0 0 0.243658
953 954 0.00638946 0 -1.44199 0 0 0 0 -1.43561
954 955 0.0530171 0 -1.36504 0 0 0 0 -1.31202
955 956 0.00161996 0 -1.29212 0 0 0 0 -1.2905
956 957 0.01973 0 -0.656632 0 0 0 0 -0.636902
957 958 0.190474 0 -1.32163 0 0 0 0 -1.13115
958 959 0.0123118 0 -1.17105 0 0 0 0 -1.15873
959 960 0.00114912 0 -0.994892 0 0 0 0 -0.993743
960 961 0.00330042 0 -0.95577 0 0 0 0 -0.952469
961 962 0.0842731 0 -1.37917 0 0 0 0 -1.29489
962 963 0.0732775 0 -0.782709 0 0 0 0 -0.709432
963 964 0.0119878 0 -1.32836 0 0 0 0 -1.31637
964 965 0.0033154 0 -0 0 0 0 0 0.0033154
965 966 0.0154484 0 -1.33791 0 0 0 0 -1.32247
963 967 0 0 0 0 0 -0.1297 -0 -0.1297
966 967 0.000283052 0 -1.08903 0 0 0 0 -1.08875
964 968 0 0 0 0 0 -0.170989 0 -0.170989
963 968 0 0 0 0 -0.822148 0 -0 -0.822148
962 968 0 0 0 0 0 -0.197077 0 -0.197077
967 968 0.0197653 0 -1.42994 0 0 0 0 -1.41017
963 969 0 0 0 0 0 -0.102416 -0 -0.102416
962 969 0 0 0 0 -0.701234 0 -0 -0.701234
961 969 0 0 0 0 0 -0.119699 0 -0.119699
968 969 0.118563 0 -1.19936 0 0 0 0 -1.08079
962 970 0 0 0 0 0 -0.17301 0 -0.17301
961 970 0 0 0 0 -0.767539 0 -0 -0.767539
960 970 0 0 0 0 -3.27592e-30 -0.0703197 0 -0.0703197
969 970 0.138543 0 -1.33539 0 0 0 0 -1.19684
961 971 0 0 0 0 -0 -0.169216 0 -0.169216
960 971 0 0 0 0 -0.801381 0 -0 -0.801381
959 971 0 0 0 0 0 -0.0462031 0 -0.0462031
970 971 0.15857 0 -1.14897 0 0 0 0 -0.990397
960 972 0 0 0 0 0 -0.0785759 -0 -0.0785759
958 972 0 0 0 0 0 -0.175315 0 -0.175315
971 972 0.00234271 0 -0.588121 0 0 0 0 -0.585778
959 973 0 0 0 0 0 -0.0657229 -0 -0.0657229
958 973 0 0 0 0 -0.672882 0 -0 -0.672882
957 973 0 0 0 0 -4.13368e-29 -0.125136 0 -0.125136
972 973 0.0111712 0 -1.10563 0 0 0 0 -1.09446
958 974 0 0 0 0 -0 -0.110881 0 -0.110881
957 974 0 0 0 0 -0.462776 0 -0 -0.462776
956 974 0 0 0 0 -1.67808e-33 0 -0 -1.67808e-33
973 974 0.00102195 0 -1.17631 0 0 0 0 -1.17529
957 975 0 0 0 0 -0 -0.0851334 -0 -0.0851334
956 975 0 0 0 0 -0.5215 0 -0 -0.5215
955 975 0 0 0 0 0 -0.14284 0 -0.14284
974 975 0.0223426 0 -1.18772 0 0 0 0 -1.16538
956 976 0 0 0 0 0 -0.0990715 -0 -0.0990715
955 976 0 0 0 0 -0.555734 0 -0 -0.555734
954 976 0 0 0 0 0 -0.164659 0 -0.164659
975 976 0.00413651 0 -1.13919 0 0 0 0 -1.13506
955 977 0 0 0 0 -0 -0.0504139 -0 -0.0504139
953 977 0 0 0 0 0 -0.0439771 0 -0.0439771
976 977 0.151115 0 -1.2991 0 0 0 0 -1.14798
977 978 0.0049481 0 0 0 0 0 0 0.0049481
978 979 0.0425905 0 0 0 0 0 0 0.0425905
979 980 0.0623491 0 -0.837576 0 0 0 0 -0.775227
980 981 0.00151225 0 -1.07589 0 0 0 0 -1.07438
981 982 0.00503615 0 -0 0 0 0 0 0.00503615
982 983 0.000481999 0 -1.03885 0 0 0 0 -1.03837
983 984 0.070381 0 -1.27882 0 0 0 0 -1.20844
984 985 0.000328614 0 0 0 0 0 0 0.000328614
985 986 0.0255719 0 -0.994861 0 0 0 0 -0.969289
986 987 0.012025 0 -0.795903 0 0 0 0 -0.783878
987 988 0.0178771 0 -1.37812 0 0 0 0 -1.36024
988 989 0.0894831 0 -1.20483 0 0 0 0 -1.11534
989 990 0.00502969 0 0 0 0 0 0 0.00502969
990 991 0.00575515 0 -1.40223 0 0 0 0 -1.39648
991 992 0.0307519 0 0 0 0 0 0 0.0307519
992 993 0.102366 0 0 0 0 0 0 0.102366
993 994 0.00036251 0 -1.24084 0 0 0 0 -1.24048
994 995 0.043875 0 0 0 0 0 0 0.043875
995 996 0.0184571 0 -1.09891 0 0 0 0 -1.08046
996 997 0.00154673 0 0 0 0 0 0 0.00154673
997 998 0.169795 0 -0.925834 0 0 0 0 -0.756039
998 999 0.0343569 0 -1.35056 0 0 0 0 -1.3162
1000 1001 8.02639e-05 0 -1.36238 0 0 0 0 -1.3623
1001 1002 0.0766186 0 -1.23771 0 0 0 0 -1.16109
1002 1003 0.00491344 0 -1.14968 0 0 0 0 -1.14476
1003 1004 0.0139206 0 -0.0455359 0 0 0 0 -0.0316152
1004 1005 0.124214 0 -1.23995 0 0 0 0 -1.11574
1005 1006 0.0530441 0 0 0 0 0 0 0.0530441
1006 1007 0.0772295 0 -0.0820717 0 0 0 0 -0.00484219
1007 1008 0.00280312 0 -1.21104 0 0 0 0 -1.20824
1008 1009 0.150436 0 -1.27325 0 0 0 0 -1.12281
1009 1010 0.27876 0 -1.10122 0 0 0 0 -0.822463
1010 1011 0.0263898 0 0 0 0 0 0 0.0263898
1011 1012 0.0530334 0 0 0 0 0 0 0.0530334
1012 1013 0.0144808 0 -1.28342 0 0 0 0 -1.26893
1013 1014 0.0421874 0 -1.41208 0 0 0 0 -1.36989
1014 1015 0.000932752 0 -1.11581 0 0 0 0 -1.11488
1015 1016 0.0196449 0 -1.17222 0 0 0 0 -1.15258
1016 1017 0.0283288 0 -1.27394 0 0 0 0 -1.24561
1017 1018 0.0968591 0 -1.09255 0 0 0 0 -0.99569
1018 1019 0.0323319 0 -1.34216 0 0 0 0 -1.30982
1019 1020 0.0126249 0 -1.16284 0 0 0 0 -1.15022
1020 1021 0.0228024 0 -1.11536 0 0 0 0 -1.09256
1021 1022 0.00034148 0 -1.37763 0 0 0 0 -1.37729
1022 1023 0.227279 0 -1.11091 0 0 0 0 -0.883634
1023 1024 0.0248271 0 -1.44254 0 0 0 0 -1.41771
1024 1025 0.0308046 0 0 0 0 0 0 0.0308046
1022 1026 0 0 0 0 0 -0.06926 0 -0.06926
1021 1026 0 0 0 0 0 -0.00136485 -0 -0.00136485
1020 1026 0 0 0 0 -0 -0.0972494 0 -0.0972494
1025 1026 0.0785063 0 0 0 0 0 0 0.0785063
1021 1027 0 0 0 0 0 -0.0872111 0 -0.0872111
1020 1027 0 0 0 0 -0.834787 0 -0 -0.834787
1019 1027 0 0 0 0 -0 -0.0727088 -0 -0.0727088
1026 1027 0.0235764 0 -1.22099 0 0 0 0 -1.19741
1020 1028 0 0 0 0 -0 -0.185611 0 -0.185611
1019 1028 0 0 0 0 -0.826927 0 -0 -0.826927
1018 1028 0 0 0 0 0 -0.128282 -0 -0.128282
1027 1028 0.007593 0 -1.08121 0 0 0 0 -1.07362
1019 1029 0 0 0 0 0 -0.125259 0 -0.125259
1018 1029 0 0 0 0 -0.433064 0 -0 -0.433064
1017 1029 0 0 0 0 0 -0.0014159 0 -0.0014159
1028 1029 0.00815939 0 -0.971691 0 0 0 0 -0.963532
1029 1030 0.00474361 0 0 0 0 0 0 0.00474361
1030 1031 0.00149743 0 0 0 0 0 0 0.00149743
1031 1032 3.94591e-05 0 -0.896763 0 0 0 0 -0.896723
1032 1033 0.0222377 0 0 0 0 0 0 0.0222377
1033 1034 0.0430465 0 -0.711315 0 0 0 0 -0.668269
1034 1035 0.0124742 0 -1.32724 0 0 0 0 -1.31476
1035 1036 3.91749e-06 0 -0.81035 0 0 0 0 -0.810346
1036 1037 0.0914006 0 -1.05807 0 0 0 0 -0.966673
1037 1038 0.00119541 0 -0.961965 0 0 0 0 -0.96077
1038 1039 0.00725818 0 -0.27174 0 0 0 0 -0.264482
1039 1040 0.0080813 0 -0.779045 0 0 0 0 -0.770964
1040 1041 3.03189e-06 0 0 0 0 0 0 3.03189e-06
1041 1042 0.0398575 0 -1.15241 0 0 0 0 -1.11255
1042 1043 0.00754044 0 -0.932083 0 0 0 0 -0.924543
1043 1044 0.0964264 0 -0.892385 0 0 0 0 -0.795959
1044 1045 6.12059e-06 0 -1.29745 0 0 0 0 -1.29745
1045 1046 0.00117175 0 -0.916418 0 0 0 0 -0.915246
1046 1047 0.00808293 0 -1.19721 0 0 0 0 -1.18913
1047 1048 0.0358219 0 -0 0 0 0 0 0.0358219
1048 1049 0.0331041 0 0 0 0 0 0 0.0331041
1049 1050 0.00746777 0.0719608 -0 0 0 0 0 0.0794286
1051 1052 0.00263704 0 -1.04491 0 0 0 0 -1.04227
1052 1053 0.0161738 0 -1.28026 0 0 0 0 -1.26409
1053 1054 0.0364708 0 0 0 0 0 0 0.0364708
1054 1055 0.0175956 0 0 0 0 0 0 0.0175956
1055 1056 0.0370881 0 -1.28429 0 0 0 0 -1.2472
1056 1057 0.00399951 0 0 0 0 0 0 0.00399951
1057 1058 0.066245 0 -1.29795 0 0 0 0 -1.2317
1058 1059 0.0560034 0 -1.31287 0 0 0 0 -1.25687
1059 1060 0.00740082 0 -1.2502 0 0 0 0 -1.2428
1060 1061 0.2249 0 -1.143 0 0 0 0 -0.918095
1061 1062 0.0424719 0 -1.25729 0 0 0 0 -1.21482
1062 1063 0.011879 0 -0.850634 0 0 0 0 -0.838755
1063 1064 0.167584 0 -0.458246 0 0 0 0 -0.290662
1064 1065 0.0601967 0 -1.03862 0 0 0 0 -0.97842
1065 1066 0.0364108 0 -1.25912 0 0 0 0 -1.22271
1066 1067 0.0611996 0 -1.14621 0 0 0 0 -1.08501
1067 1068 0.0170836 0 -0.852329 0 0 0 0 -0.835245
1068 1069 0.0848336 0 0 0 0 0 0 0.0848336
1069 1070 0.00670644 0 0 0 0 0 0 0.00670644
1070 1071 0.0164534 0 -1.35158 0 0 0 0 -1.33513
1071 1072 0.0163034 0 -1.36049 0 0 0 0 -1.34419
1072 1073 0.0576451 0 0 0 0 0 0 0.0576451
1073 1074 0.0867071 0 0 0 0 0 0 0.0867071
1074 1075 0.104592 0 -1.28358 0 0 0 0 -1.17899
1075 1076 0.0632046 0 -0.915113 0 0 0 0 -0.851909
1076 1077 0.00169246 0 -1.31808 0 0 0 0 -1.31639
1077 1078 0.132848 0 -0.686899 0 0 0 0 -0.554051
1077 1079 0 0 0 0.00351024 0 0 0 0.00351024
1078 1079 0.000870215 0 0 0 0 0 0 0.000870215
1079 1080 0.0211665 0 -1.31128 0 0 0 0 -1.29011
1080 1081 0.0474528 0 -1.11433 0 0 0 0 -1.06688
1081 1082 0.000937847 0 0 0 0 0 0 0.000937847
1082 1083 0.00292194 0 0 0 0 0 0 0.00292194
1083 1084 0.203642 0 -1.04644 0 0 0 0 -0.842798
1084 1085 0.0927932 0 0 0 0 0 0 0.0927932
1085 1086 0.0290973 0 0 0 0 0 0 0.0290973
1086 1087 0.00285922 0 0 0 0 0 0 0.00285922
1087 1088 0.030236 0 0 0 0 0 0 0.030236
1088 1089 0.00220024 0 0 0 0 0 0 0.00220024
1089 1090 0.211859 0 0 0 0 0 0 0.211859
1090 1091 8.91145e-05 0 -0 0 0 0 0 8.91145e-05
1091 1092 0.00885081 0 -0 0 0 0 0 0.00885081
1092 1093 0.0171012 0 -1.33424 0 0 0 0 -1.31714
1090 1094 0 0 0 0 0 -1.81533e-05 0 -1.81533e-05
1093 1094 0.00818393 0 -1.42863 0 0 0 0 -1.42045
1094 1095 0.0137318 0 0 0 0 0 0 0.0137318
1095 1096 0.111966 0 -0 0 0 0 0 0.111966
1096 1097 0.00045772 0 -0.96158 0 0 0 0 -0.961122
1097 1098 0.00847305 0 -1.09866 0 0 0 0 -1.09019
1098 1099 0.00490152 0 0 0 0 0 0 0.00490152
1099 1100 0.0631203 0 -1.38316 0 0 0 0 -1.32004
1100 1101 0.00911221 0 0 0 0 0 0 0.00911221
1102 1103 0.0211001 0 0 0 0 0 0 0.0211001
1103 1104 0.0548882 0 -1.36591 0 0 0 0 -1.31102
1104 1105 0.00108702 0 -1.38167 0 0 0 0 -1.38059
1105 1106 0.0263819 0 0 0 0 0 0 0.0263819
1106 1107 0.069783 0 0 0 0 0 0 0.069783
1107 1108 0.0690604 0 0 0 0 0 0 0.0690604
1108 1109 0.0889228 0 -1.40129 0 0 0 0 -1.31237
1109 1110 0.00894837 0 0 0 0 0 0 0.00894837
1110 1111 0.0409406 0 0 0 0 0 0 0.0409406
1111 1112 0.000313873 0 0 0 0 0 0 0.000313873
1112 1113 0.0042188 0 -1.19317 0 0 0 0 -1.18895
1113 1114 0.0307184 0 -0 0 0 0 0 0.0307184
1114 1115 0.0504071 0 -1.36429 0 0 0 0 -1.31389
1115 1116 0.0138909 0 -0.970634 0 0 0 0 -0.956743
1116 1117 0.101304 0 0 0 0 0 0 0.101304
1117 1118 0.0682661 0 0 0 0 0 0 0.0682661
1118 1119 0.19842 0 0 0 0 0 0 0.19842
1119 1120 0.0884888 0 -0.789163 0 0 0 0 -0.700674
1120 1121 0.0110343 0 -1.16456 0 0 0 0 -1.15353
1121 1122 0.0199296 0 -1.18134 0 0 0 0 -1.16141
1122 1123 0.0711525 0 -1.10904 0 0 0 0 -1.03789
1123 1124 0.16963 0 -1.3804 0 0 0 0 -1.21077
1124 1125 0.197567 0 0 0 0 0 0 0.197567
1125 1126 0.00299236 0 0 0 0 0 0 0.00299236
1126 1127 0.187026 0 -0 0 0 0 0 0.187026
1127 1128 0.00521676 0 0 0 0 0 0 0.00521676
1123 1129 0 0 0 0 0 -0.145129 0 -0.145129
1122 1129 0 0 0 0 -0.568461 0 -0 -0.568461
1121 1129 0 0 0 0 -0 -0.189946 0 -0.189946
1128 1129 0.0488923 0 0 0 0 0 0 0.0488923
1122 1130 0 0 0 0 -0 -0.104552 -0 -0.104552
1121 1130 0 0 0 0 -0.789226 0 -0 -0.789226
1120 1130 0 0 0 0 0 -0.0196211 -0 -0.0196211
1129 1130 0.00546587 0 -1.39945 0 0 0 0 -1.39398
1121 1131 0 0 0 0 0 -0.118119 0 -0.118119
1120 1131 0 0 0 0 -0.565267 0 -0 -0.565267
1119 1131 0 0 0 0 0 -0.0396293 0 -0.0396293
1130 1131 0.00552501 0 -1.27662 0 0 0 0 -1.2711
1120 1132 0 0 0 0 -0 -0.142987 0 -0.142987
1131 1132 0.0415742 0 -1.21686 0 0 0 0 -1.17528
1119 1133 0 0 0 0 0 -0.00289968 -0 -0.00289968
1132 1133 0.0346239 0 -1.16127 0 0 0 0 -1.12665
1133 1134 0.0516064 0 -1.28844 0 0 0 0 -1.23683
1134 1135 0.0715877 0 -0 0 0 0 0 0.0715877
1135 1136 0.0812088 0 -0.574016 0 0 0 0 -0.492807
1132 1137 0 0 0 0 -0 -0.0777617 0 -0.0777617
1119 1137 0 0 0 0 0 -2.76302e-07 -3.9185e-15 -2.76302e-07
1136 1137 0.00474599 0 -1.21626 0 0 0 0 -1.21151
1133 1138 0 0 0 0 0 -0.0417017 -0 -0.0417017
1132 1138 0 0 0 0 -0.788387 0 -0 -0.788387
1131 1138 0 0 0 0 -0 -0.173697 -0 -0.173697
1120 1138 0 0 0 0 0 -0 -2.08615e-05 -2.08615e-05
1137 1138 0.10493 0 -1.1756 0 0 0 0 -1.07067
1138 1139 0.0227581 0 0 0 0 0 0 0.0227581
1139 1140 0.000934915 0 -1.30845 0 0 0 0 -1.30751
1140 1141 0.0107871 0 0 0 0 0 0 0.0107871
1141 1142 0.114378 0 0 0 0 0 0 0.114378
1142 1143 0.189477 0 -0.902823 0 0 0 0 -0.713346
1143 1144 0.0691239 0 0 0 0 0 0 0.0691239
1144 1145 0.0047464 0 0 0 0 0 0 0.0047464
1145 1146 0.100902 0 -1.3239 0 0 0 0 -1.22299
1146 1147 0.010182 0 -1.20293 0 0 0 0 -1.19275
1147 1148 0.00414733 0 -1.129 0 0 0 0 -1.12485
1148 1149 0.00153814 0 -1.1693 0 0 0 0 -1.16776
1149 1150 0.0456936 0 -1.31479 0 0 0 0 -1.2691
1150 1151 0.014732 0 -1.16348 0 0 0 0 -1.14875
1151 1152 0.168432 0 0 0 0 0 0 0.168432
1153 1154 0.00492818 0 -0 0 0 0 0 0.00492818
1154 1155 0.000610693 0 0 0 0 0 0 0.000610693
1155 1156 0.142627 0 -1.40233 0 0 0 0 -1.25971
1156 1157 0.00957493 0 -1.11708 0 0 0 0 -1.10751
1157 1158 0.00245421 0 -1.28803 0 0 0 0 -1.28558
1158 1159 0.0532529 0 -1.38699 0 0 0 0 -1.33374
1159 1160 0.120858 0 -1.19952 0 0 0 0 -1.07866
1160 1161 0.148516 0 -1.10608 0 0 0 0 -0.957562
1161 1162 0.125091 0 -1.12592 0 0 0 0 -1.00083
1162 1163 0.0016558 0 -1.41425 0 0 0 0 -1.41259
1163 1164 0.0354643 0 -0.8494 0 0 0 0 -0.813935
1164 1165 0.13418 0 0 0 0 0 0 0.13418
1165 1166 0.0128644 0 -1.2259 0 0 0 0 -1.21304
1166 1167 0.0173294 0 -1.41492 0 0 0 0 -1.39759
1167 1168 0.388856 0 0 0 0 0 0 0.388856
1168 1169 0.172105 0 0 0 0 0 0 0.172105
1169 1170 0.0046635 0 -0.828011 0 0 0 0 -0.823347
1170 1171 0.0295638 0 0 0 0 0 0 0.0295638
1171 1172 0.0087712 0 -1.39272 0 0 0 0 -1.38395
1172 1173 0.061296 0 -1.1197 0 0 0 0 -1.0584
1173 1174 0.0528813 0 0 0 0 0 0 0.0528813
1174 1175 0.0204767 0 -0 0 0 0 0 0.0204767
1175 1176 0.0296132 0 -0.539327 0 0 0 0 -0.509714
1174 1177 0 0 0 0 0 -0.00469455 0 -0.00469455
1176 1177 0.149287 0 -1.08421 0 0 0 0 -0.93492
1177 1178 6.70466e-06 0 0 0 0 0 0 6.70466e-06
1178 1179 2.0361e-05 0 -1.42174 0 0 0 0 -1.42172
1179 1180 0.0326745 0 -1.12639 0 0 0 0 -1.09371
1180 1181 0.000718897 0 0 0 0 0 0 0.000718897
1181 1182 0.0085226 0 0 0 0 0 0 0.0085226
1182 1183 0.108259 0 0 0 0 0 0 0.108259
1183 1184 0.0194938 0 0 0 0 0 0 0.0194938
1184 1185 0.00668429 0 -0.95913 0 0 0 0 -0.952446
1185 1186 0.00317157 0 -0.959062 0 0 0 0 -0.955891
1186 1187 0.0118335 0 -1.12354 0 0 0 0 -1.1117
1187 1188 0.450597 0 -1.18667 0 0 0 0 -0.736074
1188 1189 0.127754 0 0 0 0 0 0 0.127754
1189 1190 0.26702 0 -0.683845 0 0 0 0 -0.416824
1190 1191 0.0236486 0 0 0 0 0 0 0.0236486
1191 1192 0.0291913 0 0 0 0 0 0 0.0291913
1192 1193 0.16374 0 -0.959594 0 0 0 0 -0.795854
1193 1194 0.00930931 0 -1.14297 0 0 0 0 -1.13366
1194 1195 0.00193859 0 0 0 0 0 0 0.00193859
1195 1196 0.096855 0 -1.38548 0 0 0 0 -1.28863
1196 1197 0.0110914 0 -1.28911 0 0 0 0 -1.27802
1197 1198 0.000370655 0 0 0 0 0 0 0.000370655
1198 1199 0.00742426 0 0 0 0 0 0 0.00742426
1199 1200 0.000403394 0 0 0 0 0 0 0.000403394
1200 1201 0.0719786 0 -0.252839 0 0 0 0 -0.180861
1201 1202 0.0508006 0 -1.41154 0 0 0 0 -1.36074
1202 1203 9.80488e-05 0 -1.44471 0 0 0 0 -1.44461
1204 1205 0.00807968 0 -0.646324 0 0 0 0 -0.638244
1205 1206 0.000153547 0 -1.25094 0 0 0 0 -1.25078
1206 1207 0.0365197 0 -1.05597 0 0 0 0 -1.01945
1207 1208 0.00559123 0 -1.2461 0 0 0 0 -1.2405
1208 1209 0.000127667 0 -1.22561 0 0 0 0 -1.22548
1209 1210 0.0780168 0 -1.09169 0 0 0 0 -1.01368
1210 1211 1.31072e-05 0 -1.31385 0 0 0 0 -1.31383
1211 1212 0.0213968 0 -1.23008 0 0 0 0 -1.20869
1212 1213 0.00134795 0 -1.11531 0 0 0 0 -1.11396
1213 1214 0.0568178 0 -0.991149 0 0 0 0 -0.934331
1214 1215 0.0328294 0 -1.13944 0 0 0 0 -1.10661
1215 1216 0.16674 0 0 0 0 0 0 0.16674
1216 1217 0.000801097 0 -1.41725 0 0 0 0 -1.41645
1217 1218 0.133197 0 -1.24047 0 0 0 0 -1.10727
1213 1219 0 0 0 0 0 -0.00483422 0 -0.00483422
1218 1219 0.387087 0 -0.990607 0 0 0 0 -0.60352
1212 1220 0 0 0 0 -0.00849972 -0.0157521 0 -0.0242518
1211 1220 0 0 0 0 0 -0.0548302 0 -0.0548302
1219 1220 0.259757 0 -1.18199 0 0 0 0 -0.922228
1212 1221 0 0 0 0 0 -0.102498 0 -0.102498
1211 1221 0 0 0 0 -0.490064 -1.77041e-17 -0 -0.490064
1210 1221 0 0 0 0 -0 -0.000952487 0 -0.000952487
1220 1221 8.8901e-05 0 -1.36611 0 0 0 0 -1.36602
1210 1222 0 0 0 0 0 -0.10994 -0 -0.10994
1221 1222 0.164559 0 -0.000173155 0 0 0 0 0.164386
1211 1223 0 0 0 0 -0 -0.00267164 0 -0.00267164
1210 1223 0 0 0 0 -0.392373 0 -0 -0.392373
1209 1223 0 0 0 0 -0 -0.155498 0 -0.155498
1222 1223 0.13931 0 -1.13829 0 0 0 0 -0.998981
1210 1224 0 0 0 0 -0 -0.174321 0 -0.174321
1209 1224 0 0 0 0 -0.54786 -2.42745e-08 -0 -0.54786
1208 1224 0 0 0 0 0 -0.137018 0 -0.137018
1223 1224 0.29779 0 -1.06111 0 0 0 0 -0.763315
1209 1225 0 0 0 0 0 -0.187505 0 -0.187505
1208 1225 0 0 0 0 -0.762619 0 -0 -0.762619
1207 1225 0 0 0 0 0 -0.163938 0 -0.163938
1224 1225 0.0313809 0 -1.08475 0 0 0 0 -1.05337
1208 1226 0 0 0 0 -0 -0.105979 0 -0.105979
1206 1226 0 0 0 0 -9.5648e-29 -0.174752 0 -0.174752
1225 1226 0.0389373 0 -0.992273 0 0 0 0 -0.953336
1207 1227 0 0 0 0 0 -0.0547562 0 -0.0547562
1206 1227 0 0 0 0 -0.815249 0 -0 -0.815249
1205 1227 0 0 0 0 -0 -0.168124 0 -0.168124
1226 1227 0.00503416 0 -1.10441 0 0 0 0 -1.09937
1206 1228 0 0 0 0 -0 -0.16975 0 -0.16975
1205 1228 0 0 0 0 -0.856041 0 -0 -0.856041
1204 1228 0 0 0 0 0 -0.154906 0 -0.154906
1227 1228 0.0257857 0 -1.17097 0 0 0 0 -1.14519
1205 1229 0 0 0 0 -0 -0.189447 0 -0.189447
1204 1229 0 0 0 0 0 -0.00277799 -0 -0.00277799
1228 1229 0.0232315 0 -1.44105 0 0 0 0 -1.41782
1229 1230 0.127132 0 -1.21433 0 0 0 0 -1.0872
1230 1231 0.027343 0 0 0 0 0 0 0.027343
1231 1232 0.107096 0 -0.886958 0 0 0 0 -0.779862
1232 1233 0.0263603 0 -1.36731 0 0 0 0 -1.34095
1233 1234 0.00776854 0 -1.28415 0 0 0 0 -1.27638
1234 1235 0.0195461 0 0 0 0 0 0 0.0195461
1235 1236 0.0328198 0 0 0 0 0 0 0.0328198
1236 1237 0.0754367 0 -1.22404 0 0 0 0 -1.1486
1237 1238 0.00423877 0.114265 -0 0 0 0 0 0.118504
1238 1239 0.299135 0 -1.29894 0 0 0 0 -0.999802
1239 1240 0.106535 0 -1.35948 0 0 0 0 -1.25294
1240 1241 0.0165598 0 -0.555313 0 0 0 0 -0.538753
1241 1242 0.0758973 0 -1.29836 0 0 0 0 -1.22246
1242 1243 0.0124221 0 -1.11796 0 0 0 0 -1.10554
1243 1244 0.00657605 0 -1.28529 0 0 0 0 -1.27871
1244 1245 0.00242378 0 0 0 0 0 0 0.00242378
1245 1246 0.00204019 0 -0 0 0 0 0 0.00204019
1245 1247 0 0 0 0.000411081 0 0 0 0.000411081
1246 1247 0.0886414 0 0 0 0 0 0 0.0886414
1247 1248 0.0329414 0 0 0 0 0 0 0.0329414
1248 1249 0.0429731 0 0 0 0 0 0 0.0429731
1249 1250 0.0023999 0 -1.21321 0 0 0 0 -1.21081
1250 1251 0.100163 0 -1.36157 0 0 0 0 -1.26141
1251 1252 0.0774914 0 0 0 0 0 0 0.0774914
1252 1253 0.0447903 0 -1.42753 0 0 0 0 -1.38274
1253 1254 0.0346152 0 0 0 0 0 0 0.0346152
1255 1256 0.0488408 0 -0 0 0 0 0 0.0488408
1256 1257 0.000203708 0 -0.463008 0 0 0 0 -0.462804
1255 1258 0 0 0 0 0 -0.0051768 0 -0.0051768
1257 1258 0.121248 0 -1.25722 0 0 0 0 -1.13597
1258 1259 0.00133501 0 0 0 0 0 0 0.00133501
1259 1260 0.0145852 0 0 0 0 0 0 0.0145852
1260 1261 0.00497879 0 -0.422269 0 0 0 0 -0.41729
1261 1262 0.046974 0 0 0 0 0 0 0.046974
1262 1263 0.0899278 0 -1.04933 0 0 0 0 -0.959401
1263 1264 0.152827 0 -0 0 0 0 0 0.152827
1264 1265 0.345338 0 0 0 0 0 0 0.345338
1265 1266 0.0125381 0 0 0 0 0 0 0.0125381
1266 1267 0.050658 0 -0.783291 0 0 0 0 -0.732633
1267 1268 0.124792 0 0 0 0 0 0 0.124792
1268 1269 0.00140544 0 -1.01343 0 0 0 0 -1.01202
1269 1270 0.0333948 0 0 0 0 0 0 0.0333948
1270 1271 0.134648 0 -1.01806 0 0 0 0 -0.883408
1271 1272 0.0154381 0 -1.20303 0 0 0 0 -1.18759
1272 1273 0.0187611 0 -0.961293 0 0 0 0 -0.942532
1273 1274 0.254343 0 -0.997207 0 0 0 0 -0.742864
1274 1275 0.00212983 0 -1.00514 0 0 0 0 -1.00301
1275 1276 0.0919429 0 -1.12726 0 0 0 0 -1.03532
1276 1277 0.000413596 0 0 0 0 0 0 0.000413596
1277 1278 0.0229223 0 -0 0 0 0 0 0.0229223
1278 1279 0.441906 0 0 0 0 0 0 0.441906
1279 1280 0.0734015 0 0 0 0 0 0 0.0734015
1280 1281 0.00448119 0 -1.10487 0 0 0 0 -1.10039
1281 1282 0.00140693 0 -1.2181 0 0 0 0 -1.21669
1282 1283 0.0279956 0 -1.32084 0 0 0 0 -1.29285
1283 1284 0.0972223 0 -1.20331 0 0 0 0 -1.10608
1284 1285 0.000329456 0 0 0 0 0 0 0.000329456
1285 1286 0.0237259 0 0 0 0 0 0 0.0237259
1286 1287 0.0420008 0 0 0 0 0 0 0.0420008
1287 1288 0.143212 0 0 0 0 0 0 0.143212
1288 1289 0.00524801 0 -1.24749 0 0 0 0 -1.24224
1289 1290 0.0162585 0 -1.06888 0 0 0 0 -1.05262
1290 1291 0.0141901 0 -1.27055 0 0 0 0 -1.25636
1291 1292 0.108945 0 -1.43794 0 0 0 0 -1.329
1292 1293 0.00556583 0 -1.20301 0 0 0 0 -1.19744
1293 1294 0.00248309 0 -1.07441 0 0 0 0 -1.07193
1294 1295 0.00416542 0 -0.863783 0 0 0 0 -0.859618
1295 1296 0.076135 0 0 0 0 0 0 0.076135
1296 1297 0.00140859 0 -1.07556 0 0 0 0 -1.07415
1297 1298 0.00553031 0 -1.06146 0 0 0 0 -1.05593
1298 1299 2.68621e-05 0 -1.44093 0 0 0 0 -1.4409
1299 1300 0.116246 0 0 0 0 0 0 0.116246
1300 1301 0.184878 0 -1.36345 0 0 0 0 -1.17857
1301 1302 0.033421 0 -1.17776 0 0 0 0 -1.14434
1302 1303 0.0632008 0 -0.915193 0 0 0 0 -0.851992
1303 1304 0.00170961 0 0 0 0 0 0 0.00170961
1304 1305 0.00818834 0 0 0 0 0 0 0.00818834
1306 1307 0.0482601 0 -1.43998 0 0 0 0 -1.39172
1307 1308 0.0200342 0 0 0 0 0 0 0.0200342
1308 1309 0.00131162 0 0 0 0 0 0 0.00131162
1309 1310 0.0224065 0 -1.23959 0 0 0 0 -1.21718
1310 1311 0.0781548 0 0 0 0 0 0 0.0781548
1311 1312 0.378836 0 0 0 0 0 0 0.378836
1312 1313 0.0459666 0 -0 0 0 0 0 0.0459666
1313 1314 0.0112608 0 0 0 0 0 0 0.0112608
1314 1315 0.000661349 0 0 0 0 0 0 0.000661349
1315 1316 0.141963 0 -1.05384 0 0 0 0 -0.911881
1316 1317 9.05339e-05 0 0 0 0 0 0 9.05339e-05
1317 1318 0.00465443 0 -0 0 0 0 0 0.00465443
1318 1319 0.129114 0 -1.36908 0 0 0 0 -1.23997
1319 1320 0.000940219 0 -1.14911 0 0 0 0 -1.14817
1320 1321 0.0173374 0 0 0 0 0 0 0.0173374
1321 1322 0.00456697 0 -1.17207 0 0 0 0 -1.1675
1322 1323 0.0255256 0 -1.2963 0 0 0 0 -1.27078
1323 1324 0.00663853 0 -1.40056 0 0 0 0 -1.39392
1324 1325 0.0576683 0 0 0 0 0 0 0.0576683
1325 1326 0.00325089 0 -0.876272 0 0 0 0 -0.873021
1326 1327 0.0016286 0 0 0 0 0 0 0.0016286
1327 1328 2.80286e-05 0 -1.12061 0 0 0 0 -1.12058
1328 1329 0.028158 0 0 0 0 0 0 0.028158
1329 1330 0.243972 0 0 0 0 0 0 0.243972
1330 1331 0.177184 0 -0 0 0 0 0 0.177184
1331 1332 0.000366545 0 0 0 0 0 0 0.000366545
1332 1333 0.0285407 0 -1.17343 0 0 0 0 -1.14489
1333 1334 0.138819 0 -1.31136 0 0 0 0 -1.17254
1334 1335 0.0222238 0 -1.18995 0 0 0 0 -1.16773
1335 1336 0.0023157 0 0 0 0 0 0 0.0023157
1336 1337 0.047819 0 0 0 0 0 0 0.047819
1337 1338 0.131221 0 0 0 0 0 0 0.131221
1338 1339 0.0093328 0 -1.19701 0 0 0 0 -1.18768
1339 1340 0.268012 0 -1.46417 0 0 0 0 -1.19616
1340 1341 0.000402537 0 -1.20237 0 0 0 0 -1.20196
1341 1342 0.0157813 0 -1.39537 0 0 0 0 -1.37958
1342 1343 0.00905738 0 -1.37243 0 0 0 0 -1.36337
1343 1344 0.00682705 0 -1.02302 0 0 0 0 -1.01619
1344 1345 0.0945899 0 0 0 0 0 0 0.0945899
1345 1346 0.0204137 0 -1.31984 0 0 0 0 -1.29943
1343 1347 0 0 0 0 0 -0.00189322 -0 -0.00189322
1342 1347 0 0 0 0 0 -0.0814157 0 -0.0814157
1346 1347 0.127634 0 -1.22577 0 0 0 0 -1.09814
1343 1348 0 0 0 0 0 -0.122139 0 -0.122139
1342 1348 0 0 0 0 -0.750152 0 -0 -0.750152
1341 1348 0 0 0 0 -1.43961e-31 -0.191385 0 -0.191385
1347 1348 0.0168906 0 -1.09596 0 0 0 0 -1.07907
1348 1349 0.000135992 0 0 0 0 0 0 0.000135992
1349 1350 0.0467384 0 0 0 0 0 0 0.0467384
1350 1351 0.000287688 0 -1.2008 0 0 0 0 -1.20052
1351 1352 0.0117824 0 0 0 0 0 0 0.0117824
1351 1353 0 0 0 0.229105 0 0 0 0.229105
1352 1353 0.219364 0 -0.841127 0 0 0 0 -0.621763
1353 1354 0.00545436 0 -0.758005 0 0 0 0 -0.752551
1354 1355 3.94343e-05 0 -1.31431 0 0 0 0 -1.31427
1355 1356 0.0936008 0 0 0 0 0 0 0.0936008
1357 1358 0.0876309 0 -0.408247 0 0 0 0 -0.320617
1358 1359 0.00988755 0 -1.37408 0 0 0 0 -1.36419
1359 1360 0.00114576 0 -1.45437 0 0 0 0 -1.45322
1360 1361 0.0166212 0 -1.0216 0 0 0 0 -1.00498
1361 1362 0.0560166 0 -0.937032 0 0 0 0 -0.881016
1362 1363 0.177182 0 -1.27531 0 0 0 0 -1.09813
1363 1364 0.0701184 0 -1.22613 0 0 0 0 -1.15601
1364 1365 0.308232 0 -1.15317 0 0 0 0 -0.844942
1365 1366 0.023596 0 0 0 0 0 0 0.023596
1366 1367 0.00449809 0 -1.31984 0 0 0 0 -1.31534
1367 1368 2.16025e-05 0 -1.26141 0 0 0 0 -1.26139
1368 1369 0.00974985 0 -0 0 0 0 0 0.00974985
1369 1370 0.0784789 0 -0 0 0 0 0 0.0784789
1370 1371 0.011073 0 -0.822798 0 0 0 0 -0.811725
1371 1372 0.0383858 0 -1.37811 0 0 0 0 -1.33973
1372 1373 0.144222 0 0 0 0 0 0 0.144222
1365 1374 0 0 0 0 0 -0.0918786 0 -0.0918786
1373 1374 0.0138522 0 0 0 0 0 0 0.0138522
1364 1375 0 0 0 0 0 -0.0741718 0 -0.0741718
1365 1375 0 0 0 0 -0.694468 0 -0 -0.694468
1374 1375 0.0533658 0 -1.32327 0 0 0 0 -1.26991
1364 1376 0 0 0 0 -0.655103 0 -0 -0.655103
1363 1376 0 0 0 0 -2.44574e-29 -0.072618 0 -0.072618
1365 1376 0 0 0 0 0 -0.0221658 0 -0.0221658
1375 1376 0.237874 0 -1.31034 0 0 0 0 -1.07246
1364 1377 0 0 0 0 -0 -0.124244 -0 -0.124244
1363 1377 0 0 0 0 -0.781076 0 -0 -0.781076
1362 1377 0 0 0 0 -6.90614e-30 -0.129023 0 -0.129023
1376 1377 0.0160126 0 -1.11887 0 0 0 0 -1.10286
1363 1378 0 0 0 0 0 -0.110645 0 -0.110645
1362 1378 0 0 0 0 0 -0.00194465 -0 -0.00194465
1361 1378 0 0 0 0 -0 -0.113848 -0 -0.113848
1377 1378 0.082568 0 -1.26968 0 0 0 0 -1.18712
1362 1379 0 0 0 0 0 -0.152613 0 -0.152613
1361 1379 0 0 0 0 -0.488013 0 -0 -0.488013
1360 1379 0 0 0 0 0 -0.0320644 0 -0.0320644
1378 1379 0.000210573 0 -0.597376 0 0 0 0 -0.597165
1379 1380 0.000343544 0 0 0 0 0 0 0.000343544
1380 1381 0.0493177 0 0 0 0 0 0 0.0493177
1381 1382 0.0268282 0 -1.42309 0 0 0 0 -1.39627
1382 1383 0.0171677 0 -1.12964 0 0 0 0 -1.11248
1383 1384 0.00426855 0 -0 0 0 0 0 0.00426855
1384 1385 0.0248264 0 -1.0663 0 0 0 0 -1.04147
1385 1386 0.0272038 0 -1.3788 0 0 0 0 -1.35159
1386 1387 0.00611829 0 0 0 0 0 0 0.00611829
1387 1388 0.00495455 0 -1.15381 0 0 0 0 -1.14885
1388 1389 0.0229523 0 0 0 0 0 0 0.0229523
1389 1390 0.0214543 0 0 0 0 0 0 0.0214543
1390 1391 0.0275647 0 0 0 0 0 0 0.0275647
1391 1392 1.44997e-05 0 -1.08839 0 0 0 0 -1.08838
1392 1393 0.148096 0 -0.92756 0 0 0 0 -0.779464
1393 1394 0.00566461 0 -0.955631 0 0 0 0 -0.949966
1394 1395 0.241849 0 -1.13439 0 0 0 0 -0.892546
1395 1396 0.0533616 0 -0.637164 0 0 0 0 -0.583802
1396 1397 0.0533148 0 0 0 0 0 0 0.0533148
1397 1398 0.000150336 0 0 0 0 0 0 0.000150336
1398 1399 0.0470831 0 0 0 0 0 0 0.0470831
1399 1400 0.0956671 0 -0.922255 0 0 0 0 -0.826588
1400 1401 4.22533e-06 0 0 0 0 0 0 4.22533e-06
1401 1402 0.0535176 0 -1.2139 0 0 0 0 -1.16038
1402 1403 0.191027 0 -1.27909 0 0 0 0 -1.08806
1403 1404 0.0903887 0 -1.19156 0 0 0 0 -1.10117
1404 1405 0.0110654 0 -1.08031 0 0 0 0 -1.06925
1405 1406 0.00504129 0 0 0 0 0 0 0.00504129
1406 1407 0.00898577 0 -1.08422 0 0 0 0 -1.07524
1408 1409 0.0544771 0 -1.21021 0 0 0 0 -1.15574
1409 1410 0.00221924 0 0 0 0 0 0 0.00221924
1410 1411 0.0385917 0 -0.96729 0 0 0 0 -0.928699
1411 1412 0.00045933 0 -1.01535 0 0 0 0 -1.01489
1412 1413 0.0216934 0 -1.16786 0 0 0 0 -1.14616
1413 1414 0.00177771 0 0 0 0 0 0 0.00177771
1414 1415 0.0347675 0 0 0 0 0 0 0.0347675
1415 1416 0.0883782 0 0 0 0 0 0 0.0883782
1416 1417 0.0950689 0 -1.34787 0 0 0 0 -1.2528
1417 1418 0.00036705 0 -0.870981 0 0 0 0 -0.870614
1418 1419 0.0894586 0 0 0 0 0 0 0.0894586
1419 1420 0.0727397 0 -1.35895 0 0 0 0 -1.28621
1420 1421 0.0790372 0 0 0 0 0 0 0.0790372
1421 1422 0.00122862 0 -0.731025 0 0 0 0 -0.729796
1422 1423 0.0328444 0 0 0 0 0 0 0.0328444
1423 1424 0.0050496 0 -1.03995 0 0 0 0 -1.0349
1424 1425 0.0526732 0 -0.886293 0 0 0 0 -0.83362
1425 1426 0.127489 0 0 0 0 0 0 0.127489
1426 1427 0.0119277 0 -0.90278 0 0 0 0 -0.890852
1427 1428 0.0825333 0 0 0 0 0 0 0.0825333
1428 1429 0.00204145 0 -1.16217 0 0 0 0 -1.16013
1429 1430 0.13777 0 0 0 0 0 0 0.13777
1428 1431 0 0 0 0.110678 0 0 0 0.110678
1430 1431 0.0058521 0 0 0 0 0 0 0.0058521
1431 1432 0.0235845 0 0 0 0 0 0 0.0235845
1432 1433 0.303125 0 -1.2423 0 0 0 0 -0.939177
1433 1434 6.09618e-05 0 -1.37152 0 0 0 0 -1.37146
1434 1435 0.00452214 0 -1.27571 0 0 0 0 -1.27119
1435 1436 0.00737154 0 0 0 0 0 0 0.00737154
1436 1437 0.0833601 0 -0.953934 0 0 0 0 -0.870574
1436 1438 0 0 0 0 0 -8.27417e-07 0 -8.27417e-07
1437 1438 0.030229 0 -0.716799 0 0 0 0 -0.68657
1438 1439 0.0535456 0 0 0 0 0 0 0.0535456
1439 1440 0.00459608 0 0 0 0 0 0 0.00459608
1440 1441 0.0360633 0 -0.574073 0 0 0 0 -0.538009
1441 1442 0.00259148 0 -1.07806 0 0 0 0 -1.07547
1442 1443 0.000908811 0 -1.18764 0 0 0 0 -1.18673
1443 1444 6.67678e-05 0 -1.30557 0 0 0 0 -1.3055
1444 1445 0.065311 0 0 0 0 0 0 0.065311
1445 1446 0.0435936 0 -1.14145 0 0 0 0 -1.09785
1446 1447 0.0010222 0 0 0 0 0 0 0.0010222
1447 1448 0.0694906 0 0 0 0 0 0 0.0694906
1448 1449 0.000547859 0 -0.704764 0 0 0 0 -0.704216
1449 1450 0.177908 0 -0.622925 0 0 0 0 -0.445017
1450 1451 0.0996256 0 0 0 0 0 0 0.0996256
1451 1452 0.112364 0 -0.829353 0 0 0 0 -0.716989
1452 1453 0.0030593 0 -1.36446 0 0 0 0 -1.3614
1453 1454 0.103519 0 0 0 0 0 0 0.103519
1454 1455 0.00257464 0 -1.26103 0 0 0 0 -1.25846
1455 1456 0.0738597 0 0 0 0 0 0 0.0738597
1456 1457 0.00769463 0 0 0 0 0 0 0.00769463
1457 1458 0.0204927 0 -0.781499 0 0 0 0 -0.761006
1459 1460 0.00546437 0 -0.697362 0 0 0 0 -0.691897
1460 1461 0.000663248 0 -1.40343 0 0 0 0 -1.40277
1461 1462 0.0108175 0 -0.941238 0 0 0 0 -0.930421
1462 1463 0.0147532 0 -1.31374 0 0 0 0 -1.29899
1463 1464 0.00107718 0 -0.832522 0 0 0 0 -0.831444
1464 1465 0.139561 0 -0.205352 0 0 0 0 -0.0657916
1465 1466 0.0382989 0 -0.7424 0 0 0 0 -0.704101
1466 1467 0.0061949 0 0 0 0 0 0 0.0061949
1467 1468 0.0754033 0 0 0 0 0 0 0.0754033
1468 1469 0.0200465 0 -1.01414 0 0 0 0 -0.994089
1469 1470 0.0506249 0 -1.06094 0 0 0 0 -1.01031
1470 1471 0.0237829 0 -1.32298 0 0 0 0 -1.2992
1471 1472 0.0800147 0 0 0 0 0 0 0.0800147
1472 1473 0.215027 0 -1.37016 0 0 0 0 -1.15513
1473 1474 0.0647648 0 0 0 0 0 0 0.0647648
1474 1475 0.117603 0 0 0 0 0 0 0.117603
1475 1476 0.0516155 0 -1.18002 0 0 0 0 -1.12841
1476 1477 0.0464817 0 -1.43731 0 0 0 0 -1.39083
1477 1478 0.0127664 0 0 0 0 0 0 0.0127664
1478 1479 0.151841 0 -0 0 0 0 0 0.151841
1479 1480 0.0623216 0 0 0 0 0 0 0.0623216
1480 1481 0.141718 0 -1.04725 0 0 0 0 -0.905533
1481 1482 0.165128 0 0 0 0 0 0 0.165128
1482 1483 0.11284 0 0 0 0 0 0 0.11284
1483 1484 0.035501 0 -1.24 0 0 0 0 -1.2045
1484 1485 0.00505432 0 -1.24226 0 0 0 0 -1.23721
1485 1486 0.0248984 0 -1.34593 0 0 0 0 -1.32103
1486 1487 0.000608378 0 -1.30813 0 0 0 0 -1.30752
1487 1488 0.00784328 0 0 0 0 0 0 0.00784328
1488 1489 0.0110888 0 0 0 0 0 0 0.0110888
1489 1490 0.00236244 0 -1.25356 0 0 0 0 -1.2512
1490 1491 0.0192898 0 -0.438374 0 0 0 0 -0.419084
1491 1492 0.00600096 0 -1.24359 0 0 0 0 -1.23759
1492 1493 0.0027813 0 0 0 0 0 0 0.0027813
1493 1494 0.116687 0 0 0 0 0 0 0.116687
1494 1495 0.145569 0 -1.28269 0 0 0 0 -1.13712
1495 1496 0.121775 0 -1.40963 0 0 0 0 -1.28786
1496 1497 0.00180777 0 -1.28814 0 0 0 0 -1.28633
1497 1498 0.0445511 0 0 0 0 0 0 0.0445511
1498 1499 0.0147783 0 0 0 0 0 0 0.0147783
1499 1500 0.0543255 0 -0.972882 0 0 0 0 -0.918557
1500 1501 0.00376786 0 0 0 0 0 0 0.00376786
1501 1502 0.00125152 0 -1.09727 0 0 0 0 -1.09602
1502 1503 0.0901502 0 0 0 0 0 0 0.0901502
1503 1504 0.0251343 0 -1.03607 0 0 0 0 -1.01094
1504 1505 0.0538891 0 -1.18757 0 0 0 0 -1.13369
1505 1506 0.0106454 0 -1.39104 0 0 0 0 -1.38039
1506 1507 0.0182832 0 0 0 0 0 0 0.0182832
1507 1508 0.0910576 0 0 0 0 0 0 0.0910576
1508 1509 0.164227 0 -1.2756 0 0 0 0 -1.11138
1510 1511 0.0106322 0 -1.3131 0 0 0 0 -1.30247
1511 1512 0.000978735 0 -1.26624 0 0 0 0 -1.26526
1512 1513 0.0289153 0 -1.35088 0 0 0 0 -1.32196
1513 1514 0.0213252 0 -1.21808 0 0 0 0 -1.19675
1514 1515 0.00546727 0 -1.24723 0 0 0 0 -1.24177
1515 1516 0.0390767 0 -0.832607 0 0 0 0 -0.79353
1516 1517 0.0186192 0 -0.992397 0 0 0 0 -0.973778
1517 1518 0.196177 0 0 0 0 0 0 0.196177
1518 1519 0.0549268 0 -1.42334 0 0 0 0 -1.36841
1519 1520 0.0841349 0 0 0 0 0 0 0.0841349
1520 1521 0.0274036 0 -1.09542 0 0 0 0 -1.06801
1521 1522 0.0587995 0 0 0 0 0 0 0.0587995
1522 1523 0.0179483 0 -1.0545 0 0 0 0 -1.03656
1523 1524 0.0241457 0 -1.3018 0 0 0 0 -1.27766
1524 1525 0.0415995 0 0 0 0 0 0 0.0415995
1525 1526 0.0118602 0 -1.13471 0 0 0 0 -1.12285
1526 1527 0.00151776 0 -1.19391 0 0 0 0 -1.1924
1527 1528 0.00122147 0 -1.37743 0 0 0 0 -1.37621
1528 1529 0.157697 0 0 0 0 0 0 0.157697
1529 1530 0.016081 0 -0.959486 0 0 0 0 -0.943405
1530 1531 0.0377617 0 0 0 0 0 0 0.0377617
1531 1532 0.115901 0 0 0 0 0 0 0.115901
1532 1533 0.000623757 0 -1.22023 0 0 0 0 -1.21961
1533 1534 0.0225815 0 0 0 0 0 0 0.0225815
1534 1535 0.538714 0 0 0 0 0 0 0.538714
1535 1536 0.000665228 0 -0.876596 0 0 0 0 -0.875931
1536 1537 0.150291 0 0 0 0 0 0 0.150291
1537 1538 0.374708 0 0 0 0 0 0 0.374708
1538 1539 0.0951488 0 -1.30079 0 0 0 0 -1.20564
1539 1540 0.00291103 0 -0.940907 0 0 0 0 -0.937996
1540 1541 0.0940956 0 0 0 0 0 0 0.0940956
1541 1542 0.0809738 0 0 0 0 0 0 0.0809738
1542 1543 0.00993892 0 0 0 0 0 0 0.00993892
1543 1544 0.00201419 0 -1.30923 0 0 0 0 -1.30721
1544 1545 0.111558 0 -0 0 0 0 0 0.111558
1545 1546 0.00247932 0 0 0 0 0 0 0.00247932
1546 1547 0.00493827 0 -0 0 0 0 0 0.00493827
1547 1548 0.162918 0 -1.32905 0 0 0 0 -1.16613
1548 1549 0.0655662 0 -1.31179 0 0 0 0 -1.24622
1549 1550 0.0962948 0 -1.33971 0 0 0 0 -1.24342
1550 1551 1.42484e-05 0 -1.09282 0 0 0 0 -1.09281
1551 1552 0.0354556 0 -0.992871 0 0 0 0 -0.957416
1552 1553 0.011844 0 0 0 0 0 0 0.011844
1553 1554 0.0659054 0 0 0 0 0 0 0.0659054
1554 1555 0.023486 0 -0 0 0 0 0 0.023486
1555 1556 0.0231938 0 -1.09126 0 0 0 0 -1.06806
1556 1557 0.00023577 0 0 0 0 0 0 0.00023577
1557 1558 0.0219454 0 0 0 0 0 0 0.0219454
1558 1559 0.0379249 0 -0.0500465 0 0 0 0 -0.0121216
1559 1560 3.25377e-06 0 0 0 0 0 0 3.25377e-06
1561 1562 0.0121889 0 0 0 0 0 0 0.0121889
1562 1563 0.0659555 0 0 0 0 0 0 0.0659555
1563 1564 0.00797623 0 0 0 0 0 0 0.00797623
1564 1565 0.000534859 0 -1.40885 0 0 0 0 -1.40831
1565 1566 0.0683065 0 -1.05487 0 0 0 0 -0.986563
1566 1567 0.0112779 0 -1.3938 0 0 0 0 -1.38253
1567 1568 0.000467114 0 0 0 0 0 0 0.000467114
1568 1569 0.0026372 0 -0.668965 0 0 0 0 -0.666328
1569 1570 0.101611 0 0 0 0 0 0 0.101611
1570 1571 0.0202377 0 -1.29289 0 0 0 0 -1.27266
1571 1572 0.0585371 0 -1.38329 0 0 0 0 -1.32475
1572 1573 0.000377051 0 0 0 0 0 0 0.000377051
1573 1574 0.000429815 0 0 0 0 0 0 0.000429815
1574 1575 0.0001127 0 -0.920175 0 0 0 0 -0.920062
1575 1576 0.0509525 0 0 0 0 0 0 0.0509525
1576 1577 0.0134072 0 0 0 0 0 0 0.0134072
1577 1578 0.258985 0 -1.40512 0 0 0 0 -1.14614
1578 1579 0.000353463 0 0 0 0 0 0 0.000353463
1579 1580 0.0329119 0 0 0 0 0 0 0.0329119
1580 1581 0.232419 0 0 0 0 0 0 0.232419
1581 1582 0.162346 0 -1.3259 0 0 0 0 -1.16355
1582 1583 0.000867448 0 -1.042 0 0 0 0 -1.04113
1583 1584 0.0760206 0 -1.45799 0 0 0 0 -1.38197
1584 1585 0.0297266 0 -1.23542 0 0 0 0 -1.2057
1585 1586 0.0500845 0 -1.18939 0 0 0 0 -1.13931
1586 1587 0.00846739 0 -1.09032 0 0 0 0 -1.08186
1587 1588 0.00933949 0 -0 0 0 0 0 0.00933949
1588 1589 0.222695 0 0 0 0 0 0 0.222695
1589 1590 0.0849168 0 -0.957204 0 0 0 0 -0.872287
1590 1591 0.0369644 0 -1.18637 0 0 0 0 -1.1494
1591 1592 0.0153459 0 0 0 0 0 0 0.0153459
1592 1593 0.00969075 0 0 0 0 0 0 0.00969075
1593 1594 0.0515644 0 -0.886704 0 0 0 0 -0.83514
1594 1595 0.216724 0 -1.10855 0 0 0 0 -0.891822
1595 1596 0.0138621 0 -0 0 0 0 0 0.0138621
1596 1597 0.0215596 0 0 0 0 0 0 0.0215596
1597 1598 0.0386826 0 -1.28215 0 0 0 0 -1.24346
1598 1599 0.0198302 0 0 0 0 0 0 0.0198302
1599 1600 0.00403701 0 0 0 0 0 0 0.00403701
1600 1601 0.000462197 0 0 0 0 0 0 0.000462197
1601 1602 0.0795587 0 0 0 0 0 0 0.0795587
1602 1603 0.00816433 0 -1.32145 0 0 0 0 -1.31329
1603 1604 0.000161608 0 -1.18369 0 0 0 0 -1.18353
1604 1605 0.0566589 0 0 0 0 0 0 0.0566589
1605 1606 0.0113426 0 -1.05716 0 0 0 0 -1.04582
1606 1607 0.0311764 0 0 0 0 0 0 0.0311764
1607 1608 0.0164666 0 0 0 0 0 0 0.0164666
1608 1609 0.162847 0 0 0 0 0 0 0.162847
1609 1610 0.0740522 0 0 0 0 0 0 0.0740522
1610 1611 0.176086 0 0 0 0 0 0 0.176086
1612 1613 0.00469581 0 -1.30681 0 0 0 0 -1.30212
1613 1614 0.00426292 0 -0.974225 0 0 0 0 -0.969962
1614 1615 0.0990172 0 -1.05029 0 0 0 0 -0.951269
1615 1616 0.03199 0 -1.22649 0 0 0 0 -1.1945
1616 1617 0.0222182 0 -1.40725 0 0 0 0 -1.38503
1617 1618 0.175038 0 -1.16527 0 0 0 0 -0.990236
1618 1619 0.0199824 0 -0.861338 0 0 0 0 -0.841356
1619 1620 0.0822741 0 0 0 0 0 0 0.0822741
1620 1621 0.0147026 0 -1.3303 0 0 0 0 -1.31559
1621 1622 0.119758 0 -1.09479 0 0 0 0 -0.975029
1622 1623 0.00171949 0 -1.19903 0 0 0 0 -1.19731
1623 1624 0.000103667 0 -1.27613 0 0 0 0 -1.27603
1624 1625 0.0240559 0 0 0 0 0 0 0.0240559
1625 1626 0.000350151 0 0 0 0 0 0 0.000350151
1626 1627 0.0539017 0 -1.33747 0 0 0 0 -1.28356
1627 1628 0.016256 0 0 0 0 0 0 0.016256
1628 1629 0.00630669 0 -1.38749 0 0 0 0 -1.38118
1629 1630 0.00944658 0 -1.07201 0 0 0 0 -1.06256
1630 1631 0.0473487 0 -1.35461 0 0 0 0 -1.30726
1631 1632 0.038188 0 0 0 0 0 0 0.038188
1632 1633 0.00654136 0 -0 0 0 0 0 0.00654136
1633 1634 0.251022 0 -0.976559 0 0 0 0 -0.725537
1634 1635 0.00403789 0 0 0 0 0 0 0.00403789
1635 1636 0.039405 0 -0.815075 0 0 0 0 -0.77567
1636 1637 0.0671844 0 -1.0757 0 0 0 0 -1.00852
1637 1638 0.0579445 0 -1.34223 0 0 0 0 -1.28428
1638 1639 5.17858e-05 0 0 0 0 0 0 5.17858e-05
1639 1640 0.0217558 0 0 0 0 0 0 0.0217558
1640 1641 0.0228856 0 -1.18069 0 0 0 0 -1.1578
1641 1642 0.00916682 0 -1.00559 0 0 0 0 -0.996428
1642 1643 0.000118757 0 0 0 0 0 0 0.000118757
1643 1644 0.0539487 0 -1.42425 0 0 0 0 -1.3703
1644 1645 0.0042198 0 0 0 0 0 0 0.0042198
1645 1646 0.000233309 0 -0 0 0 0 0 0.000233309
1646 1647 0.0184316 0 -0.941247 0 0 0 0 -0.922815
1647 1648 0.00494153 0 -1.18048 0 0 0 0 -1.17553
1648 1649 0.0200162 0 -0 0 0 0 0 0.0200162
1649 1650 0.130709 0 -0 0 0 0 0 0.130709
1650 1651 0.190246 0 -1.33323 0 0 0 0 -1.14298
1651 1652 0.0529505 0 -1.13199 0 0 0 0 -1.07904
1652 1653 0.000495426 0 -1.34599 0 0 0 0 -1.3455
1653 1654 0.0135167 0 -1.20002 0 0 0 0 -1.1865
1654 1655 0.000420956 0 -1.29428 0 0 0 0 -1.29386
1655 1656 0.000187158 0 -1.26415 0 0 0 0 -1.26396
1656 1657 0.122545 0 -0.875534 0 0 0 0 -0.752989
1657 1658 0.00177316 0 0 0 0 0 0 0.00177316
1658 1659 2.25069e-07 0 -1.15621 0 0 0 0 -1.15621
1659 1660 0.00138722 0 -0.738732 0 0 0 0 -0.737344
1660 1661 0.00315779 0 -1.3204 0 0 0 0 -1.31724
1661 1662 0.091209 0 0 0 0 0 0 0.091209
1663 1664 7.18949e-05 0 0 0 0 0 0 7.18949e-05
1664 1665 0.626283 0 0 0 0 0 0 0.626283
1665 1666 4.76535e-05 0 -1.22381 0 0 0 0 -1.22377
1666 1667 0.00225954 0 -1.21731 0 0 0 0 -1.21505
1667 1668 0.0193287 0 -1.12108 0 0 0 0 -1.10175
1668 1669 0.0123766 0 -1.38277 0 0 0 0 -1.37039
1669 1670 0.0439997 0 -1.27409 0 0 0 0 -1.23009
1670 1671 0.0200165 0 -1.19643 0 0 0 0 -1.17642
1671 1672 0.0483079 0 -1.10561 0 0 0 0 -1.0573
1672 1673 0.00189645 0 -1.25632 0 0 0 0 -1.25442
1673 1674 0.0576353 0 0 0 0 0 0 0.0576353
1674 1675 0.00155253 0 -1.3955 0 0 0 0 -1.39395
1675 1676 0.0335136 0 0 0 0 0 0 0.0335136
1676 1677 0.18942 0 -1.04255 0 0 0 0 -0.853126
1677 1678 0.0233319 0 -1.14212 0 0 0 0 -1.11879
1678 1679 0.00018947 0 -1.25349 0 0 0 0 -1.2533
1679 1680 0.0163802 0 -1.13379 0 0 0 0 -1.11741
1680 1681 0.0295108 0 -1.13944 0 0 0 0 -1.10993
1681 1682 0.00635287 0 0 0 0 0 0 0.00635287
1682 1683 0.0828973 0 0 0 0 0 0 0.0828973
1683 1684 0.0571344 0 -1.29185 0 0 0 0 -1.23471
1684 1685 0.0856116 0 -1.2485 0 0 0 0 -1.16289
1685 1686 0.0664334 0 0 0 0 0 0 0.0664334
1686 1687 0.00788838 0 -0.654131 0 0 0 0 -0.646243
1687 1688 0.000674361 0 -0.999115 0 0 0 0 -0.998441
1688 1689 0.0920989 0 -1.06347 0 0 0 0 -0.971375
1689 1690 0.0790469 0 0 0 0 0 0 0.0790469
1690 1691 0.0512864 0 -0.64603 0 0 0 0 -0.594743
1691 1692 0.0163128 0 -1.01005 0 0 0 0 -0.993737
1692 1693 0.00157946 0 -0.977347 0 0 0 0 -0.975768
1693 1694 0.00425908 0 -1.27408 0 0 0 0 -1.26982
1694 1695 0.00653253 0 -1.39768 0 0 0 0 -1.39115
1693 1696 0 0 0 0 0 -1.41567e-18 -0 -1.41567e-18
1692 1696 0 0 0 0 -0 -0.00169081 0 -0.00169081
1695 1696 0.157723 0 0 0 0 0 0 0.157723
1695 1697 0 0 0 0 0 0 -0.558213 -0.558213
1696 1697 0.223981 0 0 0 0 0 0 0.223981
1697 1698 0.0157005 0 0 0 0 0 0 0.0157005
1698 1699 0.000370999 0 0 0 0 0 0 0.000370999
1698 1700 0 0 0 0.00625703 0 0 0 0.00625703
1699 1700 0.0026065 0 -1.41474 0 0 0 0 -1.41214
1698 1701 0 0 0 0 0 -0.000460741 0 -0.000460741
1700 1701 0.0215038 0 -1.26478 0 0 0 0 -1.24328
1701 1702 0.00682588 0 0 0 0 0 0 0.00682588
1702 1703 0.0099389 0 -0 0 0 0 0 0.0099389
1703 1704 0.118685 0 0 0 0 0 0 0.118685
1704 1705 0.0930938 0 -1.04323 0 0 0 0 -0.95014
1705 1706 0.0311646 0 -1.16292 0 0 0 0 -1.13176
1706 1707 0.121661 0 0 0 0 0 0 0.121661
1707 1708 0.00484803 0 0 0 0 0 0 0.00484803
1708 1709 0.0384307 0 -0 0 0 0 0 0.0384307
1709 1710 0.116359 0 0 0 0 0 0 0.116359
1710 1711 0.010129 0 -1.10929 0 0 0 0 -1.09916
1711 1712 0.0124138 0 0 0 0 0 0 0.0124138
1712 1713 0.100695 0 0 0 0 0 0 0.100695
1714 1715 0.0389471 0 -1.24732 0 0 0 0 -1.20837
1715 1716 0.000593145 0 0 0 0 0 0 0.000593145
1716 1717 0.0631781 0 0 0 0 0 0 0.0631781
1717 1718 0.0283362 0 0 0 0 0 0 0.0283362
1718 1719 0.0746735 0 -0 0 0 0 0 0.0746735
1719 1720 2.25584e-05 0 -1.46901 0 0 0 0 -1.46898
1720 1721 0.00472228 0 -1.18237 0 0 0 0 -1.17765
1721 1722 0.0637976 0 0 0 0 0 0 0.0637976
1722 1723 0.00607209 0 0 0 0 0 0 0.00607209
1723 1724 0.0221709 0 -1.25422 0 0 0 0 -1.23205
1724 1725 0.00321854 0 -1.01356 0 0 0 0 -1.01034
1725 1726 0.0592845 0 0 0 0 0 0 0.0592845
1724 1727 0 0 0 0 0 0 -1.88531e-15 -1.88531e-15
1726 1727 0.0143424 0 -1.24591 0 0 0 0 -1.23156
1725 1728 0 0 0 0 0 0 -0.000613991 -0.000613991
1724 1728 0 0 0 0.0023644 0 0 -0 0.0023644
1723 1728 0 0 0 0 0 -0.0591067 0 -0.0591067
1727 1728 0.0106714 0 -1.16812 0 0 0 0 -1.15745
1728 1729 0.0804824 0 0 0 0 0 0 0.0804824
1729 1730 0.0128187 0 0 0 0 0 0 0.0128187
1730 1731 3.69792e-05 0 -1.36688 0 0 0 0 -1.36684
1731 1732 0.0111662 0 -0.953903 0 0 0 0 -0.942737
1732 1733 0.177744 0 -1.33529 0 0 0 0 -1.15755
1733 1734 0.0301722 0 -0.791743 0 0 0 0 -0.76157
1734 1735 0.0162364 0 0 0 0 0 0 0.0162364
1735 1736 0.0246731 0 -1.25647 0 0 0 0 -1.23179
1736 1737 0.00491282 0 0 0 0 0 0 0.00491282
1737 1738 0.00933252 0 0 0 0 0 0 0.00933252
1738 1739 0.00783156 0 -1.16659 0 0 0 0 -1.15876
1739 1740 0.0528916 0 -1.31407 0 0 0 0 -1.26117
1740 1741 0.000767317 0 0 0 0 0 0 0.000767317
1741 1742 0.0790326 0 0 0 0 0 0 0.0790326
1742 1743 0.00244518 0 -0.993269 0 0 0 0 -0.990823
1743 1744 0.0679771 0 -1.29677 0 0 0 0 -1.22879
1744 1745 0.0658793 0 0 0 0 0 0 0.0658793
1745 1746 0.258133 0 -0.693417 0 0 0 0 -0.435284
1746 1747 0.270666 0 -0 0 0 0 0 0.270666
1747 1748 0.070305 0 0 0 0 0 0 0.070305
1748 1749 0.0529957 0 -1.1952 0 0 0 0 -1.14221
1749 1750 0.040518 0 -1.1379 0 0 0 0 -1.09738
1750 1751 0.0343434 0 -1.29358 0 0 0 0 -1.25924
1751 1752 0.015869 0 -1.19392 0 0 0 0 -1.17805
1752 1753 0.00584088 0 -1.29603 0 0 0 0 -1.29018
1753 1754 0.00296218 0 -0 0 0 0 0 0.00296218
1754 1755 0.0560056 0 -1.07277 0 0 0 0 -1.01676
1755 1756 0.058392 0 -1.22965 0 0 0 0 -1.17126
1756 1757 0.0665884 0 0 0 0 0 0 0.0665884
1757 1758 0.0250687 0 -1.30714 0 0 0 0 -1.28208
1758 1759 0.0711264 0 -1.23835 0 0 0 0 -1.16722
1759 1760 0.0361696 0 -0.166474 0 0 0 0 -0.130305
1760 1761 0.105122 0 -1.01175 0 0 0 0 -0.906628
1761 1762 0.00011376 0 -0.879457 0 0 0 0 -0.879343
1762 1763 0.0545816 0 -1.01596 0 0 0 0 -0.961375
1763 1764 0.0978657 0 -1.2383 0 0 0 0 -1.14044
1765 1766 0.00605877 0 -0.460127 0 0 0 0 -0.454068
1766 1767 0.205763 0 -1.10774 0 0 0 0 -0.901973
1767 1768 0.0282755 0 -1.19848 0 0 0 0 -1.1702
1768 1769 0.0353675 0 -1.37549 0 0 0 0 -1.34012
1769 1770 0.0114011 0 0 0 0 0 0 0.0114011
1770 1771 0.0223904 0 0 0 0 0 0 0.0223904
1771 1772 0.0754242 0 0 0 0 0 0 0.0754242
1772 1773 0.0103536 0 -1.07825 0 0 0 0 -1.06789
1773 1774 0.0942233 0 -1.40092 0 0 0 0 -1.3067
1774 1775 0.119778 0 -0.945503 0 0 0 0 -0.825725
1775 1776 0.0423533 0 -1.07361 0 0 0 0 -1.03125
1776 1777 0.0153027 0 -1.16734 0 0 0 0 -1.15204
1777 1778 0.0722051 0 -1.06854 0 0 0 0 -0.996338
1778 1779 0.0178396 0 0 0 0 0 0 0.0178396
1779 1780 0.00589544 0 -0.838309 0 0 0 0 -0.832414
1780 1781 0.023067 0 0 0 0 0 0 0.023067
1781 1782 0.00159494 0 0 0 0 0 0 0.00159494
1782 1783 0.058296 0 -1.04308 0 0 0 0 -0.984779
1783 1784 0.00079919 0 -1.29833 0 0 0 0 -1.29753
1784 1785 0.186811 0 0 0 0 0 0 0.186811
1785 1786 0.0393582 0 -1.11617 0 0 0 0 -1.07681
1786 1787 0.0544218 0 -1.13776 0 0 0 0 -1.08334
1787 1788 0.337355 0 -0.715305 0 0 0 0 -0.37795
1784 1789 0 0 0 0 0 -0.0708059 0 -0.0708059
1782 1789 0 0 0 0 0 -0.135172 -0 -0.135172
1788 1789 0.0409662 0 -1.15123 0 0 0 0 -1.11027
1783 1790 0 0 0 0 0 -0.132443 0 -0.132443
1782 1790 0 0 0 0 -0.555055 0 -0 -0.555055
1789 1790 0.166285 0 -1.41804 0 0 0 0 -1.25175
1782 1791 0 0 0 0 0 -0.0831923 0 -0.0831923
1790 1791 0.0367318 0 -1.45113 0 0 0 0 -1.4144
1791 1792 0.00775177 0 -1.25722 0 0 0 0 -1.24947
1792 1793 0.0880438 0 -1.09377 0 0 0 0 -1.00573
1793 1794 0.115552 0 -1.35099 0 0 0 0 -1.23544
1794 1795 0.00207318 0 -1.16818 0 0 0 0 -1.1661
1795 1796 0.00222545 0 0 0 0 0 0 0.00222545
1796 1797 0.0513322 0 -0.716748 0 0 0 0 -0.665415
1797 1798 0.00300623 0 0 0 0 0 0 0.00300623
1798 1799 0.00257961 0 -1.22272 0 0 0 0 -1.22014
1799 1800 0.0333952 0 -1.12907 0 0 0 0 -1.09567
1800 1801 0.0719567 0 -0.935683 0 0 0 0 -0.863726
1801 1802 0.0240866 0 -1.15043 0 0 0 0 -1.12635
1802 1803 0.0703345 0 -1.2094 0 0 0 0 -1.13907
1803 1804 0.0232702 0 0 0 0 0 0 0.0232702
1804 1805 0.0139209 0 -1.23155 0 0 0 0 -1.21763
1805 1806 0.00777368 0 -1.32414 0 0 0 0 -1.31637
1806 1807 0.0658254 0 0 0 0 0 0 0.0658254
1807 1808 0.00127189 0 0 0 0 0 0 0.00127189
1808 1809 0.0131198 0 0 0 0 0 0 0.0131198
1809 1810 0.000334009 0 0 0 0 0 0 0.000334009
1810 1811 0.00464401 0 0 0 0 0 0 0.00464401
1811 1812 0.00631749 0 -1.31894 0 0 0 0 -1.31262
1812 1813 0.0843949 0 -1.42325 0 0 0 0 -1.33886
1813 1814 0.00139681 0 0 0 0 0 0 0.00139681
1814 1815 0.00137102 0 0 0 0 0 0 0.00137102
1816 1817 0.00183857 0 -1.0407 0 0 0 0 -1.03886
1817 1818 0.00203961 0 0 0 0 0 0 0.00203961
1818 1819 0.00148167 0 0 0 0 0 0 0.00148167
1819 1820 0.075898 0 -0.967752 0 0 0 0 -0.891854
1820 1821 0.00122561 0 0 0 0 0 0 0.00122561
1821 1822 0.0942477 0 0 0 0 0 0 0.0942477
1822 1823 0.0670015 0 -0.711671 0 0 0 0 -0.64467
1823 1824 0.0563408 0 0 0 0 0 0 0.0563408
1824 1825 0.00533325 0 0 0 0 0 0 0.00533325
1825 1826 0.00676078 0 -1.07614 0 0 0 0 -1.06938
1826 1827 3.63706e-08 0 -1.25421 0 0 0 0 -1.25421
1827 1828 0.042025 0 -1.20856 0 0 0 0 -1.16653
1828 1829 0.0628205 0 0 0 0 0 0 0.0628205
1829 1830 0.00200328 0 -1.24165 0 0 0 0 -1.23964
1830 1831 0.0289555 0 0 0 0 0 0 0.0289555
1831 1832 0.0564125 0 -1.36623 0 0 0 0 -1.30982
1832 1833 0.000548247 0 -1.41906 0 0 0 0 -1.41851
1833 1834 0.0442788 0 -1.33244 0 0 0 0 -1.28816
1834 1835 0.0922666 0 0 0 0 0 0 0.0922666
1835 1836 0.0701752 0 0 0 0 0 0 0.0701752
1836 1837 0.204429 0 0 0 0 0 0 0.204429
1836 1838 0 0 0 0.000969033 0 0 0 0.000969033
1837 1838 0.000270754 0 -0.773605 0 0 0 0 -0.773334
1838 1839 0.0168496 0 -1.39809 0 0 0 0 -1.38124
1839 1840 0.0216823 0 -1.41403 0 0 0 0 -1.39235
1840 1841 0.047385 0 0 0 0 0 0 0.047385
1841 1842 0.0390815 0 0 0 0 0 0 0.0390815
1842 1843 0.00123076 0 -1.2494 0 0 0 0 -1.24817
1843 1844 0.000122946 0 -1.04442 0 0 0 0 -1.0443
1844 1845 0.00034902 0 -1.20476 0 0 0 0 -1.20441
1845 1846 0.00211121 0 0 0 0 0 0 0.00211121
1846 1847 0.00505912 0 0 0 0 0 0 0.00505912
1847 1848 0.00317739 0 0 0 0 0 0 0.00317739
1848 1849 0.0558666 0 -0.555637 0 0 0 0 -0.49977
1849 1850 0.00233471 0 -1.28087 0 0 0 0 -1.27854
1850 1851 0.00448457 0 -1.2933 0 0 0 0 -1.28881
1851 1852 0.00851262 0 -1.29556 0 0 0 0 -1.28704
1852 1853 0.00309399 0 0 0 0 0 0 0.00309399
1853 1854 0.0017855 0 0 0 0 0 0 0.0017855
1854 1855 0.0470137 0 0 0 0 0 0 0.0470137
1855 1856 0.000243589 0 -1.37548 0 0 0 0 -1.37523
1856 1857 0.00550294 0 -1.30099 0 0 0 0 -1.29549
1857 1858 0.0176637 0 0 0 0 0 0 0.0176637
1858 1859 0.00506656 0 -0.00415568 0 0 0 0 0.000910877
1859 1860 0.0584637 0 0 0 0 0 0 0.0584637
1860 1861 0.000539434 0 -1.25704 0 0 0 0 -1.2565
1861 1862 0.010944 0 0 0 0 0 0 0.010944
1862 1863 0.00426413 0 -1.28036 0 0 0 0 -1.2761
1863 1864 0.118142 0 0 0 0 0 0 0.118142
1864 1865 0.00169281 0 0 0 0 0 0 0.00169281
1865 1866 0.0743982 0 0 0 0 0 0 0.0743982
1867 1868 0.000888394 0 0 0 0 0 0 0.000888394
1868 1869 8.53085e-07 0 0 0 0 0 0 8.53085e-07
1869 1870 0.00261928 0 -0.410841 0 0 0 0 -0.408222
1870 1871 0.316448 0 -1.03904 0 0 0 0 -0.722592
1871 1872 0.0251493 0 0 0 0 0 0 0.0251493
1872 1873 0.126049 0 -1.23485 0 0 0 0 -1.1088
1873 1874 0.0892182 0 -1.16455 0 0 0 0 -1.07534
1874 1875 0.0194261 0 0 0 0 0 0 0.0194261
1875 1876 0.0423457 0 0 0 0 0 0 0.0423457
1876 1877 0.0192869 0 -0 0 0 0 0 0.0192869
1877 1878 0.000570547 0 0 0 0 0 0 0.000570547
1878 1879 0.206102 0 -1.03164 0 0 0 0 -0.825538
1879 1880 0.0328108 0 -1.23293 0 0 0 0 -1.20012
1880 1881 0.225344 0 0 0 0 0 0 0.225344
1881 1882 0.00069918 0 -1.25372 0 0 0 0 -1.25302
1882 1883 0.0222147 0 -1.41551 0 0 0 0 -1.39329
1883 1884 0.0779958 0 0 0 0 0 0 0.0779958
1884 1885 0.0770612 0 -1.15096 0 0 0 0 -1.0739
1885 1886 0.00208041 0 -1.07054 0 0 0 0 -1.06846
1886 1887 0.118305 0 0 0 0 0 0 0.118305
1887 1888 0.0460877 0 -1.31578 0 0 0 0 -1.2697
1888 1889 0.0305588 0 0 0 0 0 0 0.0305588
1889 1890 0.0998666 0 -1.30701 0 0 0 0 -1.20714
1890 1891 0.0704538 0 -0.997771 0 0 0 0 -0.927317
1891 1892 0.0378461 0 -1.22607 0 0 0 0 -1.18822
1892 1893 0.0115425 0 -1.17796 0 0 0 0 -1.16642
1893 1894 0.152193 0 -1.12887 0 0 0 0 -0.976673
1894 1895 0.0608326 0 0 0 0 0 0 0.0608326
1895 1896 0.0053019 0 -1.18064 0 0 0 0 -1.17534
1896 1897 0.106387 0 -1.24859 0 0 0 0 -1.1422
1897 1898 1.86713e-05 0 -0.943131 0 0 0 0 -0.943112
1898 1899 0.0829472 0 -0 0 0 0 0 0.0829472
1899 1900 0.00945223 0 0 0 0 0 0 0.00945223
1900 1901 0.324465 0 -1.13574 0 0 0 0 -0.811273
1901 1902 0.00352917 0 -1.20187 0 0 0 0 -1.19834
1902 1903 0.01948 0 -0.873258 0 0 0 0 -0.853778
1903 1904 0.163043 0 -1.42727 0 0 0 0 -1.26423
1904 1905 0.0176584 0 0 0 0 0 0 0.0176584
1905 1906 0.100575 0 -0.923822 0 0 0 0 -0.823247
1906 1907 0.0701929 0 -1.03002 0 0 0 0 -0.959824
1907 1908 0.00467132 0 0 0 0 0 0 0.00467132
1908 1909 0.262986 0 0 0 0 0 0 0.262986
1909 1910 0.178075 0 0 0 0 0 0 0.178075
1910 1911 0.00207269 0 -1.01936 0 0 0 0 -1.01729
1911 1912 0.0503129 0 -0.919653 0 0 0 0 -0.86934
1912 1913 0.029018 0 0 0 0 0 0 0.029018
1913 1914 0.00230773 0 -1.31285 0 0 0 0 -1.31054
1914 1915 0.0346888 0 -1.08533 0 0 0 0 -1.05064
1915 1916 0.0050639 0 -1.41251 0 0 0 0 -1.40744
1916 1917 0.0670134 0 -1.32463 0 0 0 0 -1.25762
1918 1919 0.230028 0 0 0 0 0 0 0.230028
1919 1920 0.00880553 0 -1.12533 0 0 0 0 -1.11653
1920 1921 0.000456069 0 0 0 0 0 0 0.000456069
1921 1922 0.0309539 0 -1.36733 0 0 0 0 -1.33638
1922 1923 0.0452546 0 -1.23309 0 0 0 0 -1.18784
1923 1924 0.124183 0 -1.1525 0 0 0 0 -1.02832
1924 1925 0.147345 0 -1.0983 0 0 0 0 -0.950959
1925 1926 0.0745075 0 0 0 0 0 0 0.0745075
1926 1927 0.0168727 0 -1.1494 0 0 0 0 -1.13253
1927 1928 0.0731122 0 0 0 0 0 0 0.0731122
1928 1929 0.0656882 0 -0.320438 0 0 0 0 -0.25475
1929 1930 0.13951 0 0 0 0 0 0 0.13951
1930 1931 0.21512 0 0 0 0 0 0 0.21512
1931 1932 0.0525384 0 0 0 0 0 0 0.0525384
1932 1933 0.0356197 0 0 0 0 0 0 0.0356197
1933 1934 0.00240318 0 0 0 0 0 0 0.00240318
1934 1935 0.00559268 0 0 0 0 0 0 0.00559268
1935 1936 0.000255199 0 -1.24187 0 0 0 0 -1.24162
1936 1937 0.0519516 0 0 0 0 0 0 0.0519516
1937 1938 0.0635634 0 -1.34416 0 0 0 0 -1.2806
1938 1939 0.000253564 0 0 0 0 0 0 0.000253564
1939 1940 6.30215e-05 0 -0 0 0 0 0 6.30215e-05
1940 1941 0.0130379 0 0 0 0 0 0 0.0130379
1941 1942 0.0847614 0 -1.44953 0 0 0 0 -1.36477
1942 1943 0.0141038 0 0 0 0 0 0 0.0141038
1943 1944 5.60175e-05 0 -1.36477 0 0 0 0 -1.36471
1944 1945 0.0106548 0 -0.000403442 0 0 0 0 0.0102514
1945 1946 0.00118854 0 -0.529338 0 0 0 0 -0.52815
1946 1947 0.13074 0 -0.441573 0 0 0 0 -0.310833
1947 1948 0.0178538 0 -0.869723 0 0 0 0 -0.851869
1948 1949 0.0209305 0 -1.40825 0 0 0 0 -1.38732
1949 1950 0.014077 0 -1.37187 0 0 0 0 -1.35779
1950 1951 1.40657e-05 0 0 0 0 0 0 1.40657e-05
1951 1952 0.104987 0 -0.622302 0 0 0 0 -0.517315
1952 1953 0.0270061 0 -1.22296 0 0 0 0 -1.19595
1953 1954 0.0200594 0 -1.36578 0 0 0 0 -1.34572
1954 1955 0.275342 0 -0.890961 0 0 0 0 -0.61562
1955 1956 0.000236964 0 0 0 0 0 0 0.000236964
1953 1957 0 0 0 0 0 -0.00083086 0 -0.00083086
1956 1957 0.0105655 0 0 0 0 0 0 0.0105655
1957 1958 0.0341331 0 -1.06403 0 0 0 0 -1.0299
1958 1959 0.00468758 0 -0.996367 0 0 0 0 -0.991679
1959 1960 0.0072234 0 -1.42256 0 0 0 0 -1.41534
1960 1961 0.0599371 0 -1.16005 0 0 0 0 -1.10011
1961 1962 0.102 0 -1.06852 0 0 0 0 -0.966522
1962 1963 0.0224856 0 -1.29197 0 0 0 0 -1.26949
1963 1964 0.0320577 0 0 0 0 0 0 0.0320577
1964 1965 0.0752756 0 -0.946047 0 0 0 0 -0.870771
1965 1966 0.225113 0 -1.10034 0 0 0 0 -0.875227
1966 1967 0.0101323 0 -1.03498 0 0 0 0 -1.02484
1967 1968 0.262991 0 -0 0 0 0 0 0.262991
1969 1970 0.00322294 0 -1.34345 0 0 0 0 -1.34022
1970 1971 0.0623889 0 -0.988111 0 0 0 0 -0.925722
1971 1972 0.00886034 0 0 0 0 0 0 0.00886034
1972 1973 0.0282533 0 -1.12542 0 0 0 0 -1.09716
1973 1974 0.00692763 0 -1.16052 0 0 0 0 -1.15359
1974 1975 0.0693098 0 -1.24378 0 0 0 0 -1.17447
1975 1976 0.00624986 0 -1.36962 0 0 0 0 -1.36337
1976 1977 0.528791 0 -1.1138 0 0 0 0 -0.585004
1977 1978 0.000187353 0 0 0 0 0 0 0.000187353
1978 1979 0.000221463 0 0 0 0 0 0 0.000221463
1979 1980 0.00556967 0 0 0 0 0 0 0.00556967
1980 1981 9.98924e-05 0 0 0 0 0 0 9.98924e-05
1981 1982 1.83257e-06 0 0 0 0 0 0 1.83257e-06
1982 1983 0.25775 0 -0 0 0 0 0 0.25775
1983 1984 0.00824447 0 -0 0 0 0 0 0.00824447
1984 1985 0.0357142 0 -1.06787 0 0 0 0 -1.03216
1985 1986 0.0188939 0 0 0 0 0 0 0.0188939
1986 1987 0.00712751 0 0 0 0 0 0 0.00712751
1987 1988 0.0540278 0 -0.763151 0 0 0 0 -0.709124
1988 1989 0.0310641 0 0 0 0 0 0 0.0310641
1989 1990 0.0777665 0 -1.22302 0 0 0 0 -1.14526
1990 1991 0.332134 0 -1.33126 0 0 0 0 -0.999126
1991 1992 0.0143563 0 -0.717021 0 0 0 0 -0.702665
1992 1993 0.0107873 0 -1.36307 0 0 0 0 -1.35228
1993 1994 0.0894531 0 -1.33695 0 0 0 0 -1.2475
1994 1995 0.000215235 0 0 0 0 0 0 0.000215235
1995 1996 0.0123161 0 0 0 0 0 0 0.0123161
1996 1997 0.0242016 0 -1.39008 0 0 0 0 -1.36588
1997 1998 0.00113929 0 -1.26965 0 0 0 0 -1.26851
1998 1999 0.0065122 0 -0.85095 0 0 0 0 -0.844438
1999 2000 0.00110496 0 -1.21795 0 0 0 0 -1.21685
2000 2001 0.00251302 0 -0.710965 0 0 0 0 -0.708452
2001 2002 0.0501979 0 -1.06156 0 0 0 0 -1.01137
2002 2003 0.084465 0 -1.39938 0 0 0 0 -1.31491
2003 2004 0.100664 0 -1.13323 0 0 0 0 -1.03256
2004 2005 0.15303 0 0 0 0 0 0 0.15303
2005 2006 0.0379718 0 0 0 0 0 0 0.0379718
2006 2007 0.115557 0 -1.25767 0 0 0 0 -1.14212
2007 2008 0.0454559 0 -0.900524 0 0 0 0 -0.855068
2008 2009 0.0318231 0 -1.05149 0 0 0 0 -1.01967
2008 2010 0 0 0 0 0 -3.57882e-08 0 -3.57882e-08
2009 2010 0.0106345 0 -1.06389 0 0 0 0 -1.05326
2010 2011 0.0160361 0 -1.4552 0 0 0 0 -1.43916
2011 2012 0.0363023 0 0 0 0 0 0 0.0363023
2012 2013 0.038176 0 -0.733392 0 0 0 0 -0.695216
2013 2014 0.0771147 0 -1.32422 0 0 0 0 -1.24711
2014 2015 0.0242354 0 0 0 0 0 0 0.0242354
2015 2016 0.015359 0 0 0 0 0 0 0.015359
2016 2017 0.0528754 0 0 0 0 0 0 0.0528754
2017 2018 0.0107138 0 -0.904154 0 0 0 0 -0.89344
2018 2019 0.190845 0.0558078 -0.809123 0 0 0 0 -0.56247
#Total energy per particle is  -0.635667 and should be -0.63566710
