#id1 id2 FENE BEXC STCK NEXC HB CRSTCK CXSTCK total, t = 200000
0 1 3.1687e-06 0 -1.07014 0 0 0 0 -1.07014
1 2 0.0129036 0 -0.946324 0 0 0 0 -0.93342
2 3 0.0565794 0 -1.06307 0 0 0 0 -1.00649
3 4 0.0191198 0 -1.41254 0 0 0 0 -1.39342
4 5 0.00278272 0 0 0 0 0 0 0.00278272
5 6 4.95593e-05 0 0 0 0 0 0 4.95593e-05
6 7 0.0599255 0 -1.11454 0 0 0 0 -1.05461
7 8 0.0182787 0 -0 0 0 0 0 0.0182787
8 9 0.266961 0 0 0 0 0 0 0.266961
9 10 0.00106397 0 -1.45827 0 0 0 0 -1.4572
10 11 0.126476 0 0 0 0 0 0 0.126476
11 12 0.0203517 0 -1.30736 0 0 0 0 -1.28701
12 13 0.0693611 0 -1.28932 0 0 0 0 -1.21996
13 14 0.0345076 0 -1.31442 0 0 0 0 -1.27991
14 15 0.0145489 0 0 0 0 0 0 0.0145489
15 16 0.148307 0 -1.15794 0 0 0 0 -1.00964
16 17 0.0230573 0 -1.28108 0 0 0 0 -1.25802
17 18 0.0421259 0 -1.2454 0 0 0 0 -1.20328
18 19 0.122691 0 0 0 0 0 0 0.122691
20 21 0.00513703 0 0 0 0 0 0 0.00513703
21 22 0.0059596 0 0 0 0 0 0 0.0059596
22 23 0.0210342 0 -1.24451 0 0 0 0 -1.22347
23 24 0.0944069 0 0 0 0 0 0 0.0944069
24 25 0.0898109 0 -1.10095 0 0 0 0 -1.01113
25 26 0.0179016 0 -1.12207 0 0 0 0 -1.10416
26 27 0.00932439 0 -1.29917 0 0 0 0 -1.28984
27 28 0.0365193 0 -1.34991 0 0 0 0 -1.31339
28 29 0.0445527 0 -1.23282 0 0 0 0 -1.18827
29 30 0.152322 0 0 0 0 0 0 0.152322
30 31 9.26367e-06 0 0 0 0 0 0 9.26367e-06
31 32 0.0207167 0 -0.904778 0 0 0 0 -0.884061
32 33 0.0159312 0 -1.25683 0 0 0 0 -1.2409
33 34 0.0449529 0 -1.3104 0 0 0 0 -1.26545
34 35 0.0100275 0 0 0 0 0 0 0.0100275
35 36 0.107249 0 -1.36401 0 0 0 0 -1.25676
36 37 0.145144 0 -0.983371 0 0 0 0 -0.838226
37 38 0.0160334 0 -0.772123 0 0 0 0 -0.75609
38 39 0.00711068 0 -0.950318 0 0 0 0 -0.943208
40 41 7.32027e-06 0 -1.04899 0 0 0 0 -1.04898
41 42 0.137495 0 -1.11231 0 0 0 0 -0.97482
42 43 0.0087865 0 -1.2968 0 0 0 0 -1.28801
43 44 0.0300447 0 -0.315042 0 0 0 0 -0.284997
44 45 0.0458395 0 -1.17265 0 0 0 0 -1.12682
45 46 0.0128547 0 0 0 0 0 0 0.0128547
46 47 9.25261e-05 0 -0.761278 0 0 0 0 -0.761186
47 48 0.0821606 0 -1.37051 0 0 0 0 -1.28835
48 49 0.0250691 0 0 0 0 0 0 0.0250691
49 50 0.00104849 0 0 0 0 0 0 0.00104849
50 51 0.0325318 0 -1.33194 0 0 0 0 -1.29941
51 52 0.00285811 0 0 0 0 0 0 0.00285811
52 53 0.0123533 0 -1.16079 0 0 0 0 -1.14844
53 54 0.11726 0 -1.06166 0 0 0 0 -0.944399
54 55 0.0149897 0 0 0 0 0 0 0.0149897
55 56 0.105098 0 -1.17974 0 0 0 0 -1.07464
56 57 0.0686462 0 -0.972865 0 0 0 0 -0.904219
57 58 0.000811192 0 -1.32856 0 0 0 0 -1.32775
58 59 5.38223e-06 0 -1.29046 0 0 0 0 -1.29045
60 61 0.0110166 0 0 0 0 0 0 0.0110166
61 62 0.0168739 0 -1.38982 0 0 0 0 -1.37294
62 63 0.039308 0 -1.00235 0 0 0 0 -0.963038
63 64 0.00684459 0 -1.13404 0 0 0 0 -1.12719
64 65 0.0221174 0 -0.786592 0 0 0 0 -0.764474
65 66 0.162943 0 0 0 0 0 0 0.162943
66 67 0.00368561 0 0 0 0 0 0 0.00368561
67 68 0.0384008 0 -1.42804 0 0 0 0 -1.38964
68 69 0.0185761 0 -1.13198 0 0 0 0 -1.1134
69 70 0.00321166 0 -0.834084 0 0 0 0 -0.830873
70 71 0.000318113 0 -1.35959 0 0 0 0 -1.35928
71 72 0.105489 0 0 0 0 0 0 0.105489
72 73 0.0486096 0 -1.28119 0 0 0 0 -1.23258
73 74 0.018521 0 0 0 0 0 0 0.018521
74 75 0.189087 0 0 0 0 0 0 0.189087
75 76 0.029479 0 0 0 0 0 0 0.029479
76 77 6.66371e-05 0 0 0 0 0 0 6.66371e-05
77 78 0.0170944 0 -0 0 0 0 0 0.0170944
78 79 0.153506 0 0 0 0 0 0 0.153506
80 81 0.00457969 0 -1.37432 0 0 0 0 -1.36974
81 82 0.00302247 0 0 0 0 0 0 0.00302247
82 83 0.0421712 0 -0.931702 0 0 0 0 -0.88953
83 84 0.0180602 0 0 0 0 0 0 0.0180602
84 85 0.0800505 0 0 0 0 0 0 0.0800505
85 86 9.18532e-06 0 0 0 0 0 0 9.18532e-06
86 87 0.0136914 0 -1.19006 0 0 0 0 -1.17637
87 88 0.00269152 0 -1.29219 0 0 0 0 -1.2895
88 89 0.0404489 0 -1.35787 0 0 0 0 -1.31742
89 90 0.0130708 0 -1.00868 0 0 0 0 -0.995605
90 91 0.00355149 0 -1.09888 0 0 0 0 -1.09532
91 92 0.0319207 0 -1.25625 0 0 0 0 -1.22433
92 93 0.00872378 0 0 0 0 0 0 0.00872378
93 94 1.00156e-05 0 -1.05311 0 0 0 0 -1.0531
94 95 0.0831579 0 -1.27609 0 0 0 0 -1.19293
95 96 0.108702 0 -1.02237 0 0 0 0 -0.913667
96 97 0.000473371 0 0 0 0 0 0 0.000473371
97 98 0.0264036 0 0 0 0 0 0 0.0264036
98 99 0.0675239 0 0 0 0 0 0 0.0675239
100 101 0.016328 0 0 0 0 0 0 0.016328
101 102 0.00411676 0 -0 0 0 0 0 0.00411676
102 103 0.164042 0 -1.22297 0 0 0 0 -1.05893
103 104 0.161548 0 -1.14389 0 0 0 0 -0.982343
104 105 0.143842 0 -1.06446 0 0 0 0 -0.92062
105 106 0.00666447 0 -0.616414 0 0 0 0 -0.609749
106 107 0.00516893 0 -1.13813 0 0 0 0 -1.13296
107 108 0.00205936 0 0 0 0 0 0 0.00205936
108 109 0.156202 0 0 0 0 0 0 0.156202
109 110 0.0293219 0 0 0 0 0 0 0.0293219
110 111 0.0257046 0 0 0 0 0 0 0.0257046
111 112 0.0261864 0 -1.18557 0 0 0 0 -1.15939
112 113 0.0070606 0 -0.685983 0 0 0 0 -0.678922
113 114 0.00972362 0 0 0 0 0 0 0.00972362
114 115 0.0933502 0 0 0 0 0 0 0.0933502
115 116 0.00211221 0 -1.22025 0 0 0 0 -1.21814
116 117 0.00138487 0 -0.849233 0 0 0 0 -0.847848
117 118 0.00429273 0 -1.24341 0 0 0 0 -1.23912
118 119 0.0424342 0 0 0 0 0 0 0.0424342
120 121 0.0114351 0 0 0 0 0 0 0.0114351
121 122 0.0181642 0 0 0 0 0 0 0.0181642
122 123 0.0257147 0 -0.860902 0 0 0 0 -0.835187
123 124 0.0129696 0 -1.03615 0 0 0 0 -1.02318
121 125 0 0 0 0 0 -7.32925e-06 0 -7.32925e-06
124 125 2.86981e-06 0 -1.18982 0 0 0 0 -1.18982
125 126 0.0592303 0 -0.601348 0 0 0 0 -0.542118
126 127 0.0102335 0 -1.11104 0 0 0 0 -1.1008
127 128 0.000120933 0 0 0 0 0 0 0.000120933
128 129 0.0456695 0 -1.06394 0 0 0 0 -1.01827
129 130 0.00902277 0 -1.23189 0 0 0 0 -1.22286
130 131 0.0469473 0 -0 0 0 0 0 0.0469473
131 132 0.0340695 0 0 0 0 0 0 0.0340695
131 133 0 0 0 0.000233089 -0 0 -0 0.000233089
132 133 0.235078 0 0 0 0 0 0 0.235078
133 134 0.00313698 0 -1.21823 0 0 0 0 -1.21509
134 135 0.0306635 0 -1.29245 0 0 0 0 -1.26178
135 136 0.000153525 0 -0.000209078 0 0 0 0 -5.55529e-05
136 137 0.00145511 0 -1.42359 0 0 0 0 -1.42213
137 138 0.038418 0 -1.20491 0 0 0 0 -1.16649
138 139 0.151699 0 0 0 0 0 0 0.151699
140 141 0.18461 0 0 0 0 0 0 0.18461
141 142 0.179876 0 -0 0 0 0 0 0.179876
142 143 0.0144983 0 0 0 0 0 0 0.0144983
143 144 0.0233536 0 0 0 0 0 0 0.0233536
144 145 0.025764 0 -0.890025 0 0 0 0 -0.864261
145 146 0.0317481 0 -1.29146 0 0 0 0 -1.25971
146 147 0.00628565 0 -1.15553 0 0 0 0 -1.14925
147 148 0.160015 0 -1.28284 0 0 0 0 -1.12283
148 149 0.0924838 0 0 0 0 0 0 0.0924838
149 150 0.0666956 0 -1.07317 0 0 0 0 -1.00648
150 151 0.00232569 0 -0.734943 0 0 0 0 -0.732617
151 152 0.0406491 0 0 0 0 0 0 0.0406491
152 153 0.0234412 0 -1.16578 0 0 0 0 -1.14234
153 154 0.026727 0 -0.230177 0 0 0 0 -0.20345
154 155 0.0395471 0 -0.959099 0 0 0 0 -0.919552
155 156 0.00015835 0 0 0 0 0 0 0.00015835
156 157 0.00253438 0 -1.31394 0 0 0 0 -1.3114
157 158 0.0322831 0 -0 0 0 0 0 0.0322831
158 159 0.0189715 0 0 0 0 0 0 0.0189715
160 161 0.103749 0 0 0 0 0 0 0.103749
161 162 0.0276497 0 0 0 0 0 0 0.0276497
162 163 0.083002 0 0 0 0 0 0 0.083002
163 164 0.0459642 0 -1.29206 0 0 0 0 -1.2461
164 165 0.00106018 0 -1.1474 0 0 0 0 -1.14634
165 166 0.00087237 0 -0.823549 0 0 0 0 -0.822677
166 167 0.00999917 0 0 0 0 0 0 0.00999917
167 168 0.0781958 0 -1.35049 0 0 0 0 -1.2723
168 169 0.0184683 0 -0.603043 0 0 0 0 -0.584575
169 170 0.000962373 0 -1.33848 0 0 0 0 -1.33752
170 171 0.00180786 0 0 0 0 0 0 0.00180786
171 172 0.0340161 0 -0.625352 0 0 0 0 -0.591336
172 173 0.454814 0 0 0 0 0 0 0.454814
173 174 0.0731782 0 -1.02019 0 0 0 0 -0.94701
174 175 0.0178089 0 -1.3723 0 0 0 0 -1.35449
175 176 0.0631681 0 -1.06914 0 0 0 0 -1.00597
176 177 0.0417154 0 0 0 0 0 0 0.0417154
177 178 0.0360628 0 0 0 0 0 0 0.0360628
178 179 0.0387627 0 -1.16748 0 0 0 0 -1.12872
180 181 0.0006586 0 -0 0 0 0 0 0.0006586
181 182 0.0155203 0 -0.980986 0 0 0 0 -0.965465
182 183 0.0257293 0 0 0 0 0 0 0.0257293
183 184 0.0489568 0 -1.13963 0 0 0 0 -1.09067
184 185 0.00837558 0 0 0 0 0 0 0.00837558
185 186 0.000281168 0 -1.37534 0 0 0 0 -1.37506
186 187 0.0180775 0 0 0 0 0 0 0.0180775
187 188 0.00815659 0 -1.41275 0 0 0 0 -1.40459
188 189 0.0452582 0 -1.31629 0 0 0 0 -1.27103
189 190 0.0100914 0 -1.43856 0 0 0 0 -1.42847
190 191 0.051706 0 0 0 0 0 0 0.051706
191 192 0.177617 0 -0 0 0 0 0 0.177617
192 193 0.200218 0 -1.27538 0 0 0 0 -1.07516
193 194 0.129785 0 -1.04033 0 0 0 0 -0.910546
194 195 0.0114039 0 0 0 0 0 0 0.0114039
195 196 0.00678205 0 -1.39881 0 0 0 0 -1.39203
196 197 0.0365445 0 -1.12879 0 0 0 0 -1.09225
197 198 0.0136826 0 0 0 0 0 0 0.0136826
198 199 0.0106338 0 -1.17728 0 0 0 0 -1.16664
200 201 0.00178295 0 -1.1637 0 0 0 0 -1.16192
201 202 0.073892 0 -1.27864 0 0 0 0 -1.20475
202 203 0.00528895 0 -1.40688 0 0 0 0 -1.40159
203 204 0.0116857 0 -1.07833 0 0 0 0 -1.06664
204 205 0.00076233 0 0 0 0 0 0 0.00076233
205 206 0.00648714 0 -1.16991 0 0 0 0 -1.16342
206 207 0.114308 0 -1.15944 0 0 0 0 -1.04513
207 208 0.0010546 0 -1.15325 0 0 0 0 -1.1522
206 209 0 0 0 0 0 -4.97e-05 -0 -4.97e-05
208 209 0.107802 0 0 0 0 0 0 0.107802
209 210 0.00266961 0 0 0 0 0 0 0.00266961
210 211 0.023508 0 -1.12007 0 0 0 0 -1.09657
211 212 0.00818342 0 -1.16322 0 0 0 0 -1.15503
212 213 0.004914 0 -0.704877 0 0 0 0 -0.699963
213 214 0.000364289 0 -1.01711 0 0 0 0 -1.01675
214 215 0.0389851 0 -0.825983 0 0 0 0 -0.786997
215 216 8.42697e-05 0 -1.40001 0 0 0 0 -1.39992
216 217 0.258639 0 -0.489493 0 0 0 0 -0.230854
217 218 4.90082e-05 0 0 0 0 0 0 4.90082e-05
218 219 0.000376028 0 0 0 0 0 0 0.000376028
220 221 0.0101039 0 -1.32875 0 0 0 0 -1.31864
221 222 0.000126853 0 -0.969061 0 0 0 0 -0.968934
222 223 0.00328412 0 0 0 0 0 0 0.00328412
223 224 0.031372 0 0 0 0 0 0 0.031372
224 225 0.0101687 0 0 0 0 0 0 0.0101687
225 226 0.0183668 0 0 0 0 0 0 0.0183668
226 227 0.000211059 0 -1.33349 0 0 0 0 -1.33328
227 228 0.146281 0 0 0 0 0 0 0.146281
228 229 0.140091 0 -1.28838 0 0 0 0 -1.14828
229 230 0.0142358 0 -0.792463 0 0 0 0 -0.778227
230 231 0.000378781 0 -0.945802 0 0 0 0 -0.945423
231 232 0.00127001 0 -1.25971 0 0 0 0 -1.25844
232 233 0.124678 0 -1.0656 0 0 0 0 -0.940919
233 234 0.00467003 0 0 0 0 0 0 0.00467003
234 235 0.0903287 0 -1.26721 0 0 0 0 -1.17688
235 236 0.003158 0 0 0 0 0 0 0.003158
236 237 0.0051212 0 0 0 0 0 0 0.0051212
237 238 0.0166852 0 -0.770634 0 0 0 0 -0.753949
238 239 0.0388558 0 -0.864279 0 0 0 0 -0.825424
240 241 0.0189621 0 -1.38625 0 0 0 0 -1.36729
241 242 0.0304814 0 -0 0 0 0 0 0.0304814
242 243 0.0150773 0 -1.36218 0 0 0 0 -1.3471
243 244 0.0454473 0 0 0 0 0 0 0.0454473
244 245 0.0115734 0 -1.19683 0 0 0 0 -1.18526
245 246 2.76945e-05 0 0 0 0 0 0 2.76945e-05
246 247 0.00530918 0 -1.04309 0 0 0 0 -1.03778
246 248 0 0 0 0 0 0 -1.70192e-05 -1.70192e-05
247 248 0.00699219 0 -0 0 0 0 0 0.00699219
248 249 0.0217179 0 0 0 0 0 0 0.0217179
249 250 0.0916379 0 0 0 0 0 0 0.0916379
250 251 0.0272647 0 -1.22911 0 0 0 0 -1.20184
251 252 0.0768757 0 0 0 0 0 0 0.0768757
252 253 0.00102827 0 -0.93202 0 0 0 0 -0.930992
253 254 0.0227527 0 0 0 0 0 0 0.0227527
254 255 0.0630294 0 -0.392295 0 0 0 0 -0.329266
255 256 0.0361757 0 -1.18886 0 0 0 0 -1.15269
256 257 0.00156684 0 0 0 0 0 0 0.00156684
257 258 0.0741939 0 -1.19497 0 0 0 0 -1.12077
258 259 0.182925 0 0 0 0 0 0 0.182925
260 261 0.000795336 0 -1.31138 0 0 0 0 -1.31058
261 262 0.0084077 0 -1.04027 0 0 0 0 -1.03186
262 263 0.0275969 0 -0.937862 0 0 0 0 -0.910265
263 264 0.0512469 0 -0.867823 0 0 0 0 -0.816576
264 265 0.00493106 0 -1.20585 0 0 0 0 -1.20092
265 266 0.0269595 0 0 0 0 0 0 0.0269595
266 267 0.109809 0 0 0 0 0 0 0.109809
267 268 0.21893 0 0 0 0 0 0 0.21893
268 269 0.385335 0 -1.17645 0 0 0 0 -0.791111
269 270 0.0267369 0 0 0 0 0 0 0.0267369
270 271 0.0130526 0 -1.19312 0 0 0 0 -1.18007
271 272 0.0142865 0 -1.38274 0 0 0 0 -1.36845
272 273 0.0230097 0 -1.43094 0 0 0 0 -1.40793
273 274 0.100122 0 -0.286415 0 0 0 0 -0.186293
274 275 0.0279338 0 -1.35404 0 0 0 0 -1.32611
275 276 0.0337893 0 0 0 0 0 0 0.0337893
276 277 0.0207077 0 -1.37589 0 0 0 0 -1.35519
277 278 0.0334372 0 -0.545581 0 0 0 0 -0.512144
278 279 0.0123984 0 0 0 0 0 0 0.0123984
280 281 0.0239926 0 -0 0 0 0 0 0.0239926
281 282 0.0156241 0 -1.27326 0 0 0 0 -1.25763
282 283 0.00666221 0 0 0 0 0 0 0.00666221
283 284 0.000103393 0 -1.08664 0 0 0 0 -1.08654
284 285 0.0304745 0 -1.44462 0 0 0 0 -1.41414
285 286 0.0168966 0 -1.43113 0 0 0 0 -1.41423
286 287 0.0690102 0.395274 -0.869007 0 0 0 0 -0.404723
287 288 0.00817152 0 0 0 0 0 0 0.00817152
288 289 0.139236 0 -1.33037 0 0 0 0 -1.19113
289 290 0.0413559 0 0 0 0 0 0 0.0413559
290 291 0.00801104 0 0 0 0 0 0 0.00801104
291 292 0.0300184 0 0 0 0 0 0 0.0300184
292 293 0.0101793 0 0 0 0 0 0 0.0101793
293 294 0.00313899 0 -0.907243 0 0 0 0 -0.904104
294 295 0.015483 0 0 0 0 0 0 0.015483
295 296 0.410558 0 0 0 0 0 0 0.410558
296 297 0.000942146 0 -0.834252 0 0 0 0 -0.83331
297 298 0.0143395 0 -0 0 0 0 0 0.0143395
298 299 0.0132809 0 -0 0 0 0 0 0.0132809
300 301 0.000255743 0 -1.24671 0 0 0 0 -1.24646
301 302 0.000411715 0 0 0 0 0 0 0.000411715
302 303 0.00555481 0 0 0 0 0 0 0.00555481
303 304 0.00224221 0 -0.595906 0 0 0 0 -0.593664
304 305 0.108282 0 0 0 0 0 0 0.108282
305 306 0.00790487 0 0 0 0 0 0 0.00790487
306 307 0.0286635 0 -1.14545 0 0 0 0 -1.11679
307 308 0.0832301 0 0 0 0 0 0 0.0832301
308 309 0.0204792 0 -1.33029 0 0 0 0 -1.30981
309 310 0.0604463 0 0 0 0 0 0 0.0604463
310 311 0.00395552 0 -1.12836 0 0 0 0 -1.12441
311 312 0.084908 0 0 0 0 0 0 0.084908
312 313 0.0226915 0 -1.37795 0 0 0 0 -1.35526
313 314 0.0519014 0 -1.12649 0 0 0 0 -1.07459
314 315 0.233532 0 0 0 0 0 0 0.233532
315 316 0.212867 0 0 0 0 0 0 0.212867
316 317 0.00010089 0 -0 0 0 0 0 0.00010089
317 318 0.00139797 0 0 0 0 0 0 0.00139797
318 319 0.425609 0 -1.34582 0 0 0 0 -0.920207
320 321 0.00107128 0 -1.35883 0 0 0 0 -1.35776
321 322 0.0353842 0 -1.35267 0 0 0 0 -1.31728
322 323 0.400229 0 -0 0 0 0 0 0.400229
323 324 0.0451894 0 -1.31426 0 0 0 0 -1.26907
324 325 0.044693 0 -1.24581 0 0 0 0 -1.20112
325 326 0.11194 0 -0.560611 0 0 0 0 -0.448671
326 327 0.00719278 0 -0 0 0 0 0 0.00719278
326 328 0 0 0 0 0 -0 -4.08555e-06 -4.08555e-06
327 328 0.000392055 0 0 0 0 0 0 0.000392055
328 329 0.0607531 0 -0.917147 0 0 0 0 -0.856393
329 330 0.0127119 0 -1.03049 0 0 0 0 -1.01778
330 331 0.0151431 0 -1.39631 0 0 0 0 -1.38117
330 332 0 0 0 0.0085473 0 0 0 0.0085473
331 332 0.0234197 0 0 0 0 0 0 0.0234197
332 333 0.0581796 0 -1.21043 0 0 0 0 -1.15225
333 334 0.00392501 0 0 0 0 0 0 0.00392501
334 335 0.0821541 0 -1.30536 0 0 0 0 -1.22321
335 336 0.0069472 0 -1.12394 0 0 0 0 -1.11699
336 337 0.000981763 0 -0.960608 0 0 0 0 -0.959626
337 338 0.158517 0 -0 0 0 0 0 0.158517
338 339 0.050279 0 -0.95203 0 0 0 0 -0.901751
340 341 0.0250974 0 -0.863957 0 0 0 0 -0.838859
341 342 0.0071676 0 -1.19749 0 0 0 0 -1.19032
342 343 0.128184 0 -0.861294 0 0 0 0 -0.733109
343 344 0.0101292 0 -1.0088 0 0 0 0 -0.998667
344 345 0.0375511 0 -1.01173 0 0 0 0 -0.974178
345 346 0.492876 0 -1.31032 0 0 0 0 -0.81744
346 347 0.00794223 0 0 0 0 0 0 0.00794223
344 348 0 0 0 0 -0.00038346 -0 0 -0.00038346
347 348 0.0126867 0 -1.01456 0 0 0 0 -1.00187
348 349 0.258477 0 -1.20881 0 0 0 0 -0.950331
349 350 0.0186513 0 -1.06937 0 0 0 0 -1.05072
350 351 0.386885 0 -1.381 0 0 0 0 -0.994112
351 352 0.045047 0 -1.36288 0 0 0 0 -1.31783
352 353 0.0119896 0 0 0 0 0 0 0.0119896
353 354 0.00577367 0 -0 0 0 0 0 0.00577367
354 355 0.00207347 0 -1.25461 0 0 0 0 -1.25254
355 356 0.0734254 0 0 0 0 0 0 0.0734254
356 357 0.00607178 0 -0.877819 0 0 0 0 -0.871747
357 358 0.00509208 0 -1.3049 0 0 0 0 -1.29981
355 359 0 0 0 0 0 -0.00107958 -0 -0.00107958
358 359 0.0354589 0 0 0 0 0 0 0.0354589
360 361 0.0149457 0 -1.24541 0 0 0 0 -1.23047
361 362 0.0201527 0 0 0 0 0 0 0.0201527
362 363 0.000781004 0 0 0 0 0 0 0.000781004
363 364 0.0293364 0 0 0 0 0 0 0.0293364
364 365 0.00106477 0 0 0 0 0 0 0.00106477
365 366 0.106668 0 0 0 0 0 0 0.106668
366 367 0.0424091 0 -0 0 0 0 0 0.0424091
367 368 0.0350479 0 0 0 0 0 0 0.0350479
368 369 0.0163372 0 0 0 0 0 0 0.0163372
369 370 0.00441901 0 0 0 0 0 0 0.00441901
370 371 0.0569219 0 -1.2592 0 0 0 0 -1.20228
371 372 0.296719 0 0 0 0 0 0 0.296719
372 373 0.00334166 0 -0.767429 0 0 0 0 -0.764087
373 374 0.0515031 0 -1.01327 0 0 0 0 -0.961767
374 375 0.0471299 0 -1.3567 0 0 0 0 -1.30957
375 376 0.0153802 0 -0.43638 0 0 0 0 -0.420999
376 377 0.00125406 0 -0.885 0 0 0 0 -0.883746
377 378 0.0276259 0 -0 0 0 0 0 0.0276259
378 379 0.225015 0 0 0 0 0 0 0.225015
380 381 0.1423 0 -1.3843 0 0 0 0 -1.242
381 382 0.163565 0 -1.33289 0 0 0 0 -1.16932
382 383 0.07191 0 0 0 0 0 0 0.07191
383 384 0.00356226 0 -1.31497 0 0 0 0 -1.31141
384 385 0.000123728 0 -1.38561 0 0 0 0 -1.38549
385 386 0.0020014 0 -1.31503 0 0 0 0 -1.31303
386 387 0.00480736 0 -0.365869 0 0 0 0 -0.361062
387 388 0.0675977 0 0 0 0 0 0 0.0675977
388 389 0.00991345 0 -0.924629 0 0 0 0 -0.914716
389 390 0.0412537 0 -1.00544 0 0 0 0 -0.964188
390 391 0.207389 0 -1.09831 0 0 0 0 -0.890925
391 392 0.0650803 0 0 0 0 0 0 0.0650803
392 393 0.012497 0 -1.08422 0 0 0 0 -1.07173
393 394 9.40613e-07 0 -1.2021 0 0 0 0 -1.2021
394 395 0.0141896 0 0 0 0 0 0 0.0141896
395 396 0.0260532 0 -1.19499 0 0 0 0 -1.16893
396 397 9.50988e-06 0 -1.33657 0 0 0 0 -1.33656
397 398 0.0190928 0 -1.24352 0 0 0 0 -1.22443
398 399 0.0188961 0 -0 0 0 0 0 0.0188961
400 401 0.000211619 0 0 0 0 0 0 0.000211619
401 402 0.00974888 0 -1.33813 0 0 0 0 -1.32839
402 403 0.000112809 0 -1.09067 0 0 0 0 -1.09056
403 404 0.0202736 0 -1.36783 0 0 0 0 -1.34755
404 405 0.126676 0 -1.35099 0 0 0 0 -1.22431
405 406 0.0203256 0 0 0 0 0 0 0.0203256
406 407 0.0217306 0 -1.25755 0 0 0 0 -1.23582
407 408 0.0979177 0 0 0 0 0 0 0.0979177
408 409 0.135092 0 -1.27839 0 0 0 0 -1.1433
409 410 0.0145263 0 0 0 0 0 0 0.0145263
410 411 0.000359469 0 -0 0 0 0 0 0.000359469
411 412 0.14685 0 0 0 0 0 0 0.14685
412 413 0.000346111 0 -0.513577 0 0 0 0 -0.513231
413 414 0.00524316 0 -0.589264 0 0 0 0 -0.584021
414 415 0.0704698 0 0 0 0 0 0 0.0704698
415 416 0.00156112 0 0 0 0 0 0 0.00156112
416 417 0.0168087 0 -0.999596 0 0 0 0 -0.982787
417 418 0.00274677 0 -1.08787 0 0 0 0 -1.08512
418 419 0.00525962 0 -1.31474 0 0 0 0 -1.30948
420 421 0.0608574 0 0 0 0 0 0 0.0608574
421 422 0.0522322 0 -1.11234 0 0 0 0 -1.0601
422 423 5.37985e-06 0 0 0 0 0 0 5.37985e-06
423 424 0.00556105 0 -0 0 0 0 0 0.00556105
423 425 0 0 0 0.00444902 0 0 0 0.00444902
424 425 0.00120256 0 0 0 0 0 0 0.00120256
425 426 0.079878 0 0 0 0 0 0 0.079878
426 427 0.0824965 0 -0 0 0 0 0 0.0824965
427 428 0.00288944 0 0 0 0 0 0 0.00288944
428 429 0.021904 0 0 0 0 0 0 0.021904
429 430 0.118473 0 -1.1325 0 0 0 0 -1.01403
430 431 0.145054 0 0 0 0 0 0 0.145054
431 432 4.75519e-05 0 -0.789867 0 0 0 0 -0.789819
432 433 0.00012654 0 -1.32479 0 0 0 0 -1.32467
433 434 0.0159549 0 -0 0 0 0 0 0.0159549
434 435 0.01927 0 -1.41654 0 0 0 0 -1.39727
435 436 0.0598813 0 0 0 0 0 0 0.0598813
436 437 0.000286876 0 0 0 0 0 0 0.000286876
437 438 0.000464821 0 0 0 0 0 0 0.000464821
438 439 0.000116302 0 0 0 0 0 0 0.000116302
440 441 0.00463683 0 0 0 0 0 0 0.00463683
441 442 0.0461539 0 0 0 0 0 0 0.0461539
442 443 0.028826 0 -1.42027 0 0 0 0 -1.39144
443 444 0.00268483 0 0 0 0 0 0 0.00268483
444 445 0.0489301 0 -0.00327724 0 0 0 0 0.0456529
445 446 0.0533702 0 -0.584112 0 0 0 0 -0.530742
446 447 0.0216381 0 -1.12642 0 0 0 0 -1.10479
447 448 0.0033194 0 -0 0 0 0 0 0.0033194
448 449 0.0252929 0 -1.04994 0 0 0 0 -1.02465
449 450 0.00133722 0 0 0 0 0 0 0.00133722
450 451 6.99385e-05 0 0 0 0 0 0 6.99385e-05
451 452 0.00429821 0 -0.699397 0 0 0 0 -0.695099
452 453 0.0180437 0 -0.881488 0 0 0 0 -0.863444
453 454 0.000154212 0 -1.00311 0 0 0 0 -1.00295
454 455 0.0132121 0 -1.34505 0 0 0 0 -1.33184
455 456 0.0888385 0 -0.895749 0 0 0 0 -0.806911
456 457 0.00927732 0 -1.15702 0 0 0 0 -1.14775
457 458 0.0222937 0 0 0 0 0 0 0.0222937
458 459 0.0328666 0 -1.30216 0 0 0 0 -1.26929
460 461 0.139129 0 0 0 0 0 0 0.139129
461 462 0.138024 0 0 0 0 0 0 0.138024
462 463 0.0130525 0 -1.31933 0 0 0 0 -1.30627
463 464 0.0136142 0 0 0 0 0 0 0.0136142
464 465 0.0728502 0 -1.4295 0 0 0 0 -1.35665
465 466 1.5253e-06 0 -0.763431 0 0 0 0 -0.763429
466 467 0.094098 0 -0.784669 0 0 0 0 -0.690571
467 468 0.00731245 0 0 0 0 0 0 0.00731245
468 469 0.141937 0 -0 0 0 0 0 0.141937
469 470 0.00683605 0 -0.901066 0 0 0 0 -0.89423
470 471 0.136079 0 -1.01476 0 0 0 0 -0.878681
471 472 0.036211 0 -0.917615 0 0 0 0 -0.881404
472 473 0.00799497 0 -0.829813 0 0 0 0 -0.821818
473 474 0.0075747 0 0 0 0 0 0 0.0075747
474 475 0.00290244 0 0 0 0 0 0 0.00290244
475 476 0.134077 0 -0 0 0 0 0 0.134077
476 477 0.212092 0 0 0 0 0 0 0.212092
477 478 8.08142e-05 0 0 0 0 0 0 8.08142e-05
478 479 0.00657243 0 -1.13713 0 0 0 0 -1.13056
480 481 0.00192271 0 -1.31824 0 0 0 0 -1.31631
481 482 0.0088071 0 0 0 0 0 0 0.0088071
482 483 0.0050413 0 -0.951794 0 0 0 0 -0.946753
483 484 0.070963 0 -0.890959 0 0 0 0 -0.819996
484 485 0.0153901 0 -1.42965 0 0 0 0 -1.41426
485 486 0.024947 0 -1.17147 0 0 0 0 -1.14653
486 487 0.233669 0 -1.13725 0 0 0 0 -0.90358
487 488 0.0816716 0 -1.06106 0 0 0 0 -0.979391
488 489 0.00868897 0 -0.566662 0 0 0 0 -0.557973
489 490 0.0345023 0 -1.43936 0 0 0 0 -1.40486
490 491 0.0105372 0 -1.34322 0 0 0 0 -1.33269
491 492 0.0609193 0 0 0 0 0 0 0.0609193
492 493 0.000103727 0 -1.30939 0 0 0 0 -1.30928
493 494 0.0982935 0 -1.14567 0 0 0 0 -1.04738
494 495 0.00620634 0 0 0 0 0 0 0.00620634
495 496 0.00465343 0 -0.797767 0 0 0 0 -0.793113
496 497 0.0291428 0 -1.23236 0 0 0 0 -1.20322
497 498 0.00120009 0 -1.04723 0 0 0 0 -1.04603
498 499 0.0286466 0 -1.34223 0 0 0 0 -1.31358
500 501 0.0903937 0 -0 0 0 0 0 0.0903937
501 502 0.0518267 0 -1.01767 0 0 0 0 -0.965843
502 503 0.0370457 0 -1.03745 0 0 0 0 -1.00041
503 504 0.2661 0 -1.23547 0 0 0 0 -0.969373
504 505 0.082396 0 0 0 0 0 0 0.082396
505 506 0.109978 0 -0 0 0 0 0 0.109978
506 507 0.0368995 0 -1.26961 0 0 0 0 -1.23271
507 508 3.0346e-05 0 -1.12678 0 0 0 0 -1.12675
508 509 0.109155 0 -1.03087 0 0 0 0 -0.921712
509 510 0.0436483 0 -0 0 0 0 0 0.0436483
510 511 0.0260333 0 0 0 0 0 0 0.0260333
511 512 0.0200481 0 0 0 0 0 0 0.0200481
512 513 0.0365601 0 -1.19215 0 0 0 0 -1.15559
513 514 4.88882e-06 0 0 0 0 0 0 4.88882e-06
514 515 0.143959 0 -1.00649 0 0 0 0 -0.862527
515 516 3.36568e-06 0 -1.02844 0 0 0 0 -1.02844
516 517 0.00744785 0 0 0 0 0 0 0.00744785
517 518 0.0411568 0 -0.945143 0 0 0 0 -0.903987
518 519 0.00110572 0 0 0 0 0 0 0.00110572
520 521 0.0171052 0 -1.01086 0 0 0 0 -0.993759
521 522 0.000157205 0 -1.3903 0 0 0 0 -1.39014
522 523 0.0737567 0 0 0 0 0 0 0.0737567
523 524 0.0024803 0 -1.14437 0 0 0 0 -1.14189
524 525 0.000753526 0 -1.19488 0 0 0 0 -1.19413
525 526 0.00437636 0 0 0 0 0 0 0.00437636
526 527 0.0442357 0 -1.1744 0 0 0 0 -1.13017
527 528 0.00248335 0 -0.619244 0 0 0 0 -0.61676
528 529 0.0109695 0 0 0 0 0 0 0.0109695
529 530 0.0175759 0 -0.888711 0 0 0 0 -0.871135
530 531 0.0241845 0 -1.40207 0 0 0 0 -1.37789
531 532 0.00158751 0 -1.31032 0 0 0 0 -1.30874
532 533 0.00291167 0 -0 0 0 0 0 0.00291167
533 534 0.00105578 0 0 0 0 0 0 0.00105578
534 535 3.60586e-05 0 0 0 0 0 0 3.60586e-05
535 536 0.0998025 0 -1.37792 0 0 0 0 -1.27812
536 537 0.122117 0 -1.0074 0 0 0 0 -0.885286
537 538 0.0127255 0 0 0 0 0 0 0.0127255
538 539 0.0135832 0 0 0 0 0 0 0.0135832
540 541 0.0218296 0 -0.975754 0 0 0 0 -0.953925
541 542 0.0531743 0 -1.04167 0 0 0 0 -0.988493
542 543 0.0187468 0 0 0 0 0 0 0.0187468
543 544 0.0189731 0 0 0 0 0 0 0.0189731
544 545 0.0435264 0 -0.767582 0 0 0 0 -0.724055
545 546 0.285778 0 -1.35001 0 0 0 0 -1.06423
546 547 0.101468 0 -1.3833 0 0 0 0 -1.28184
547 548 0.13819 0 -1.2613 0 0 0 0 -1.12311
548 549 0.403345 0 -1.04115 0 0 0 0 -0.637803
549 550 0.0096228 0 0 0 0 0 0 0.0096228
550 551 0.0298787 0 0 0 0 0 0 0.0298787
551 552 0.0775999 0 -1.30591 0 0 0 0 -1.22831
552 553 0.0405873 0 0 0 0 0 0 0.0405873
553 554 0.00223569 0 -0 0 0 0 0 0.00223569
554 555 0.0342524 0.0216555 -0 0 0 0 0 0.0559079
555 556 0.00880322 0 0 0 0 0 0 0.00880322
556 557 0.00034924 0 -1.28264 0 0 0 0 -1.28229
557 558 0.000252668 0 0 0 0 0 0 0.000252668
558 559 0.0168538 0 -1.44779 0 0 0 0 -1.43094
560 561 0.0197814 0 -1.32394 0 0 0 0 -1.30416
561 562 0.00504203 0 0 0 0 0 0 0.00504203
562 563 0.1162 0 -1.23716 0 0 0 0 -1.12096
563 564 0.00955808 0 0 0 0 0 0 0.00955808
564 565 0.0165056 0 0 0 0 0 0 0.0165056
565 566 0.00459656 0 -0.867279 0 0 0 0 -0.862683
566 567 0.00822947 0 0 0 0 0 0 0.00822947
567 568 0.0597624 0 -0.802052 0 0 0 0 -0.742289
568 569 0.0825864 0 -1.19429 0 0 0 0 -1.1117
569 570 0.145991 0 0 0 0 0 0 0.145991
570 571 0.0940077 0 -1.10557 0 0 0 0 -1.01157
571 572 0.00359476 0 0 0 0 0 0 0.00359476
572 573 0.00369906 0 -0.676753 0 0 0 0 -0.673054
573 574 0.00158578 0 -0.986936 0 0 0 0 -0.98535
574 575 0.00694521 0 -1.35727 0 0 0 0 -1.35033
575 576 0.169026 0 -1.29441 0 0 0 0 -1.12539
576 577 0.118343 0 0 0 0 0 0 0.118343
577 578 0.0791115 0 0 0 0 0 0 0.0791115
578 579 0.167503 0 -1.37916 0 0 0 0 -1.21166
580 581 0.0379008 0 -1.14421 0 0 0 0 -1.10631
581 582 0.0147748 0 -1.27096 0 0 0 0 -1.25619
582 583 0.032065 0 -1.14654 0 0 0 0 -1.11448
583 584 0.430019 0 -0.899569 0 0 0 0 -0.46955
584 585 0.0963692 0 -1.09586 0 0 0 0 -0.999492
585 586 0.0055209 0 -0.903843 0 0 0 0 -0.898322
586 587 0.000913593 0 -0 0 0 0 0 0.000913593
587 588 0.166399 0 -1.40829 0 0 0 0 -1.24189
588 589 0.00502461 0 -1.03031 0 0 0 0 -1.02528
589 590 0.0775931 0 0 0 0 0 0 0.0775931
590 591 0.024205 0 -1.13396 0 0 0 0 -1.10976
591 592 0.000284356 0 -1.34306 0 0 0 0 -1.34278
592 593 0.186428 0 -1.13101 0 0 0 0 -0.944581
593 594 0.0509833 0 -1.05347 0 0 0 0 -1.00248
594 595 0.0379454 0 -0.847214 0 0 0 0 -0.809268
595 596 0.0999209 0 -0.699069 0 0 0 0 -0.599148
596 597 0.0236333 0 -1.25103 0 0 0 0 -1.22739
597 598 2.83729e-05 0 0 0 0 0 0 2.83729e-05
598 599 0.0224579 0 -1.33934 0 0 0 0 -1.31688
600 601 0.0653505 0 0 0 0 0 0 0.0653505
601 602 0.167501 0 0 0 0 0 0 0.167501
602 603 0.0850459 0 0 0 0 0 0 0.0850459
603 604 0.0177108 0 0 0 0 0 0 0.0177108
604 605 0.0926959 0 -1.25016 0 0 0 0 -1.15746
605 606 0.508122 0 0 0 0 0 0 0.508122
606 607 0.00453619 0 0 0 0 0 0 0.00453619
607 608 0.0482947 0 -1.1902 0 0 0 0 -1.1419
608 609 0.0121339 0 0 0 0 0 0 0.0121339
609 610 0.0041275 0 0 0 0 0 0 0.0041275
610 611 0.0507678 0 -0 0 0 0 0 0.0507678
611 612 0.0284363 0 0 0 0 0 0 0.0284363
612 613 0.0965087 0 0 0 0 0 0 0.0965087
613 614 0.0223102 0 0 0 0 0 0 0.0223102
614 615 0.0596903 0 -1.31429 0 0 0 0 -1.2546
615 616 0.00667444 0 0 0 0 0 0 0.00667444
616 617 0.0459398 0 -1.15718 0 0 0 0 -1.11124
617 618 7.84685e-05 0 -0.650966 0 0 0 0 -0.650887
618 619 2.36007e-07 0 0 0 0 0 0 2.36007e-07
620 621 0.0329251 0 0 0 0 0 0 0.0329251
621 622 0.0102269 0 -0.911466 0 0 0 0 -0.901239
622 623 0.0125897 0 -1.32562 0 0 0 0 -1.31303
623 624 0.000944644 0 -1.09245 0 0 0 0 -1.0915
624 625 0.02502 0 -1.15645 0 0 0 0 -1.13143
625 626 0.000713718 0 -1.29556 0 0 0 0 -1.29485
626 627 0.0410418 0 -0 0 0 0 0 0.0410418
627 628 0.0169676 0 0 0 0 0 0 0.0169676
628 629 0.225728 0 0 0 0 0 0 0.225728
629 630 0.0219573 0 -1.2553 0 0 0 0 -1.23334
630 631 0.0385618 0 -0.847016 0 0 0 0 -0.808454
631 632 0.0045275 0 -1.28198 0 0 0 0 -1.27745
632 633 0.0341412 0 -0.449906 0 0 0 0 -0.415765
633 634 0.0579993 0 -1.103 0 0 0 0 -1.045
634 635 0.179701 0 0 0 0 0 0 0.179701
635 636 0.00228979 0 0 0 0 0 0 0.00228979
636 637 0.0376791 0 -0.600741 0 0 0 0 -0.563062
637 638 0.0404294 0 0 0 0 0 0 0.0404294
638 639 0.0314648 0 0 0 0 0 0 0.0314648
640 641 0.00093082 0 0 0 0 0 0 0.00093082
641 642 1.00624e-06 0 -0.918748 0 0 0 0 -0.918747
642 643 0.30171 0 -1.35898 0 0 0 0 -1.05727
643 644 0.0892748 0 -1.29122 0 0 0 0 -1.20194
644 645 0.0529745 0 0 0 0 0 0 0.0529745
645 646 0.0593031 0 -0.974775 0 0 0 0 -0.915472
646 647 0.00397351 0 -1.13994 0 0 0 0 -1.13597
647 648 0.105738 0 0 0 0 0 0 0.105738
648 649 0.00337696 0 -1.22436 0 0 0 0 -1.22099
649 650 5.96626e-05 0 0 0 0 0 0 5.96626e-05
650 651 0.010611 0 0 0 0 0 0 0.010611
651 652 0.00348379 0 -1.28739 0 0 0 0 -1.28391
652 653 0.00289428 0 -1.42679 0 0 0 0 -1.42389
653 654 0.0191499 0 -1.33353 0 0 0 0 -1.31438
654 655 0.00607311 0 0 0 0 0 0 0.00607311
655 656 0.100376 0 -1.19248 0 0 0 0 -1.0921
656 657 0.085386 0 -1.34047 0 0 0 0 -1.25508
657 658 0.0293326 0 0 0 0 0 0 0.0293326
658 659 0.0328824 0 0 0 0 0 0 0.0328824
660 661 8.88293e-05 0 0 0 0 0 0 8.88293e-05
661 662 0.0141433 0 0 0 0 0 0 0.0141433
662 663 0.0245685 0 -1.13249 0 0 0 0 -1.10792
663 664 0.00311575 0 -0.922482 0 0 0 0 -0.919367
664 665 0.0124331 0 -0 0 0 0 0 0.0124331
665 666 0.00109956 0 0 0 0 0 0 0.00109956
666 667 0.0117414 0 -1.27024 0 0 0 0 -1.2585
667 668 0.0190813 0 -1.20119 0 0 0 0 -1.1821
668 669 1.69351e-06 0 -1.01674 0 0 0 0 -1.01673
669 670 0.00068093 0 -1.28303 0 0 0 0 -1.28235
670 671 0.000399675 0 0 0 0 0 0 0.000399675
670 672 0 0 0 0.0387091 0 0 0 0.0387091
671 672 0.00185767 0 0 0 0 0 0 0.00185767
672 673 0.109728 0 -1.30679 0 0 0 0 -1.19706
673 674 0.00999891 0 0 0 0 0 0 0.00999891
674 675 0.0121018 0 -0 0 0 0 0 0.0121018
675 676 0.0205312 0 -1.25677 0 0 0 0 -1.23624
676 677 0.0388132 0 -0.894965 0 0 0 0 -0.856151
677 678 0.0164425 0 -1.38287 0 0 0 0 -1.36643
678 679 0.311086 0 -0.912576 0 0 0 0 -0.60149
680 681 0.0079884 0 -1.38464 0 0 0 0 -1.37665
681 682 0.0605477 0 -1.16798 0 0 0 0 -1.10743
682 683 0.219446 0 -1.14383 0 0 0 0 -0.924389
683 684 0.00938192 0 -0 0 0 0 0 0.00938192
684 685 0.0142119 0 0 0 0 0 0 0.0142119
685 686 0.0183804 0 -0.866367 0 0 0 0 -0.847987
686 687 0.0204338 0 -1.12289 0 0 0 0 -1.10246
687 688 0.0208693 0 -0.966758 0 0 0 0 -0.945889
688 689 3.67627e-05 0 -1.05353 0 0 0 0 -1.05349
689 690 0.0512027 0 -0.378475 0 0 0 0 -0.327272
690 691 0.0117646 0 0 0 0 0 0 0.0117646
691 692 0.0030371 0 0 0 0 0 0 0.0030371
692 693 0.00920401 0 0 0 0 0 0 0.00920401
693 694 0.118371 0 -1.10707 0 0 0 0 -0.9887
694 695 0.164924 0 -1.23182 0 0 0 0 -1.0669
695 696 0.00751406 0 -1.3079 0 0 0 0 -1.30039
696 697 7.20505e-07 0 0 0 0 0 0 7.20505e-07
697 698 0.00558284 0 -1.2495 0 0 0 0 -1.24391
698 699 0.0910498 0 0 0 0 0 0 0.0910498
700 701 0.00545231 0 -0.840067 0 0 0 0 -0.834614
701 702 0.00140158 0 0 0 0 0 0 0.00140158
702 703 0.0863141 0 -0.617426 0 0 0 0 -0.531112
703 704 0.000263886 0 -1.03607 0 0 0 0 -1.03581
704 705 0.118872 0 -0.596202 0 0 0 0 -0.477331
705 706 0.114663 0 0 0 0 0 0 0.114663
706 707 0.11073 0 -0.336911 0 0 0 0 -0.226181
707 708 0.00170056 0 0 0 0 0 0 0.00170056
708 709 0.0186237 0 0 0 0 0 0 0.0186237
709 710 0.0169605 0 -0.507822 0 0 0 0 -0.490862
710 711 0.517394 0 -1.24613 0 0 0 0 -0.72874
711 712 0.0546196 0 -1.26371 0 0 0 0 -1.20909
712 713 0.00135677 0 -1.17803 0 0 0 0 -1.17668
713 714 0.0632213 0 0 0 0 0 0 0.0632213
714 715 0.00286836 0 -1.35381 0 0 0 0 -1.35095
715 716 0.00443126 0 0 0 0 0 0 0.00443126
716 717 0.191044 0 0 0 0 0 0 0.191044
717 718 0.0648046 0 -1.28649 0 0 0 0 -1.22169
718 719 0.00427075 0 -1.31106 0 0 0 0 -1.30679
720 721 0.00840804 0 0 0 0 0 0 0.00840804
721 722 0.008429 0 0 0 0 0 0 0.008429
722 723 0.00171195 0 -0.545711 0 0 0 0 -0.543999
723 724 0.10327 0 -1.09314 0 0 0 0 -0.989873
724 725 0.222118 0 0 0 0 0 0 0.222118
725 726 0.0271234 0 -1.30562 0 0 0 0 -1.2785
726 727 0.0728353 0 -0.919127 0 0 0 0 -0.846291
727 728 0.00976868 0 0 0 0 0 0 0.00976868
728 729 0.210078 0 -0.803241 0 0 0 0 -0.593164
729 730 0.00562582 0 -1.27894 0 0 0 0 -1.27331
730 731 0.0323705 0 -1.39725 0 0 0 0 -1.36488
731 732 0.00589365 0 -1.16623 0 0 0 0 -1.16034
732 733 0.126194 0 -1.17221 0 0 0 0 -1.04602
733 734 0.0171159 0 -0 0 0 0 0 0.0171159
734 735 0.000454205 0 -1.27847 0 0 0 0 -1.27802
735 736 0.0487448 0 0 0 0 0 0 0.0487448
736 737 0.0547669 0 -0 0 0 0 0 0.0547669
737 738 0.00254579 0 0 0 0 0 0 0.00254579
738 739 0.117477 0 -0.895878 0 0 0 0 -0.778401
740 741 0.0310282 0 -0 0 0 0 0 0.0310282
741 742 0.0312254 0 -1.15942 0 0 0 0 -1.1282
742 743 0.224386 0 -1.41225 0 0 0 0 -1.18786
743 744 0.0179226 0 -1.27145 0 0 0 0 -1.25353
744 745 0.0488634 0 -1.17212 0 0 0 0 -1.12326
745 746 0.00644008 0 -1.09127 0 0 0 0 -1.08483
746 747 0.0464969 0 -1.12911 0 0 0 0 -1.08261
747 748 0.00590634 0 -1.24676 0 0 0 0 -1.24086
748 749 0.0331121 0 -0.737392 0 0 0 0 -0.704279
749 750 0.023851 0 0 0 0 0 0 0.023851
750 751 0.0555304 0 -0 0 0 0 0 0.0555304
751 752 0.0497329 0 0 0 0 0 0 0.0497329
752 753 0.00159099 0 -1.32318 0 0 0 0 -1.32159
753 754 0.0582936 0 -0.892026 0 0 0 0 -0.833732
754 755 0.0342014 0 0 0 0 0 0 0.0342014
755 756 0.0323865 0 0 0 0 0 0 0.0323865
756 757 0.107592 0 -1.25202 0 0 0 0 -1.14443
757 758 0.0484097 0 -1.12616 0 0 0 0 -1.07775
758 759 0.0137926 0 0 0 0 0 0 0.0137926
760 761 0.000332229 0 -1.30726 0 0 0 0 -1.30693
761 762 0.0221276 0 -0 0 0 0 0 0.0221276
762 763 0.032606 0 -1.05006 0 0 0 0 -1.01745
763 764 0.000854819 0 -0.271208 0 0 0 0 -0.270353
764 765 0.0373714 0 0 0 0 0 0 0.0373714
765 766 0.00859632 0 0 0 0 0 0 0.00859632
766 767 0.0158865 0 -1.20797 0 0 0 0 -1.19208
767 768 0.125721 0 -1.41844 0 0 0 0 -1.29272
768 769 0.131655 0 -0 0 0 0 0 0.131655
769 770 0.0126831 0 0 0 0 0 0 0.0126831
770 771 0.00392206 0 -0.974945 0 0 0 0 -0.971023
771 772 0.000163224 0 -1.41692 0 0 0 0 -1.41675
772 773 0.00482772 0 -0.859419 0 0 0 0 -0.854591
772 774 0 0 0 0 0 0 -1.20967e-06 -1.20967e-06
771 774 0 0 0 0 0 -0.00623652 0 -0.00623652
773 774 0.0990951 0 -0 0 0 0 0 0.0990951
774 775 0.0403482 0 0 0 0 0 0 0.0403482
775 776 0.0236923 0 -1.18457 0 0 0 0 -1.16088
776 777 0.0982052 0 0 0 0 0 0 0.0982052
777 778 0.00133937 0 0 0 0 0 0 0.00133937
778 779 0.00708834 0 -1.00647 0 0 0 0 -0.999386
780 781 0.00179862 0 -0.880107 0 0 0 0 -0.878308
781 782 0.000738517 0 -1.08371 0 0 0 0 -1.08297
782 783 0.0412434 0 0 0 0 0 0 0.0412434
783 784 0.0257023 0 -1.09732 0 0 0 0 -1.07161
784 785 0.0053569 0 -1.09239 0 0 0 0 -1.08703
785 786 0.00701946 0 -1.34489 0 0 0 0 -1.33787
786 787 0.0379376 0 -1.2018 0 0 0 0 -1.16386
787 788 0.335796 0 -1.10701 0 0 0 0 -0.771217
788 789 0.00860684 0 -0 0 0 0 0 0.00860684
789 790 0.0204538 0 0 0 0 0 0 0.0204538
790 791 0.0313578 0 -1.02175 0 0 0 0 -0.99039
791 792 0.0614568 0 -1.38563 0 0 0 0 -1.32417
792 793 2.61275e-05 0 0 0 0 0 0 2.61275e-05
793 794 0.00397163 0 0 0 0 0 0 0.00397163
794 795 5.9428e-05 0 0 0 0 0 0 5.9428e-05
795 796 0.000797708 0 -1.19967 0 0 0 0 -1.19887
796 797 0.0714496 0 0 0 0 0 0 0.0714496
797 798 0.027566 0 -0.759034 0 0 0 0 -0.731468
798 799 0.0130002 0 0 0 0 0 0 0.0130002
800 801 0.154177 0 -0.214575 0 0 0 0 -0.0603974
801 802 0.00788592 0 -0.985313 0 0 0 0 -0.977427
802 803 0.0127296 0 0 0 0 0 0 0.0127296
803 804 0.0501953 0 -1.39477 0 0 0 0 -1.34458
804 805 0.154658 0 -1.03296 0 0 0 0 -0.8783
805 806 0.00603037 0 -1.22388 0 0 0 0 -1.21785
806 807 0.152732 0 -1.21571 0 0 0 0 -1.06297
807 808 0.000816331 0 -1.20987 0 0 0 0 -1.20905
808 809 0.0266232 0 -0.892625 0 0 0 0 -0.866001
809 810 0.000324678 0 -0 0 0 0 0 0.000324678
810 811 0.0501731 0 0 0 0 0 0 0.0501731
811 812 0.075927 0 0 0 0 0 0 0.075927
812 813 0.00967646 0 -0.922639 0 0 0 0 -0.912962
813 814 0.0359985 0 0 0 0 0 0 0.0359985
814 815 0.0265968 0 0 0 0 0 0 0.0265968
815 816 0.0490857 0 0 0 0 0 0 0.0490857
816 817 0.00599221 0 -0 0 0 0 0 0.00599221
817 818 0.0845678 0 0 0 0 0 0 0.0845678
818 819 0.0276584 0 0 0 0 0 0 0.0276584
820 821 2.43682e-05 0 -1.32247 0 0 0 0 -1.32245
821 822 0.0817864 0 0 0 0 0 0 0.0817864
822 823 0.0362081 0 -1.0438 0 0 0 0 -1.00759
823 824 0.088638 0 -1.25439 0 0 0 0 -1.16575
824 825 0.103037 0 -1.03704 0 0 0 0 -0.934004
825 826 0.0162926 0 -1.35151 0 0 0 0 -1.33522
826 827 0.0451186 0 -0.329948 0 0 0 0 -0.28483
827 828 0.0385521 0 -1.18643 0 0 0 0 -1.14788
828 829 0.0222207 0 -1.37547 0 0 0 0 -1.35325
829 830 0.00996674 0 -1.32744 0 0 0 0 -1.31747
830 831 0.0109677 0 -1.2643 0 0 0 0 -1.25334
831 832 0.0327717 0 -1.06719 0 0 0 0 -1.03441
832 833 0.0154112 0 0 0 0 0 0 0.0154112
833 834 0.0911161 0 -1.23187 0 0 0 0 -1.14076
834 835 0.00439288 0 -1.43512 0 0 0 0 -1.43073
835 836 0.0821468 0 0 0 0 0 0 0.0821468
836 837 0.157391 0 -1.05337 0 0 0 0 -0.895975
837 838 0.000674227 0 0 0 0 0 0 0.000674227
838 839 0.0688332 0.062909 -0 0 0 0 0 0.131742
840 841 0.00940304 0 -1.05317 0 0 0 0 -1.04376
841 842 0.000915147 0 -1.4219 0 0 0 0 -1.42098
842 843 0.0574888 0 0 0 0 0 0 0.0574888
843 844 0.00415742 0 0 0 0 0 0 0.00415742
844 845 0.0229388 0 -1.38866 0 0 0 0 -1.36572
845 846 0.0124228 0 -1.45054 0 0 0 0 -1.43812
846 847 0.00526058 0 -0.794305 0 0 0 0 -0.789045
847 848 0.0421679 0 -1.00715 0 0 0 0 -0.964982
848 849 0.0187257 0 -1.23813 0 0 0 0 -1.2194
849 850 0.229246 0 0 0 0 0 0 0.229246
850 851 0.107549 0 -0.866621 0 0 0 0 -0.759072
851 852 0.0234409 0 -0.744697 0 0 0 0 -0.721256
852 853 0.00358091 0 0 0 0 0 0 0.00358091
853 854 0.263133 0 0 0 0 0 0 0.263133
854 855 0.0240917 0 0 0 0 0 0 0.0240917
855 856 0.0106568 0 -1.28506 0 0 0 0 -1.2744
856 857 0.0195648 0 0 0 0 0 0 0.0195648
857 858 0.10604 0 -1.20259 0 0 0 0 -1.09655
858 859 2.19051e-05 0 -1.3183 0 0 0 0 -1.31827
860 861 0.0804019 0 -0.611323 0 0 0 0 -0.530921
861 862 0.0397462 0 -0.982895 0 0 0 0 -0.943149
862 863 0.00577525 0 0 0 0 0 0 0.00577525
863 864 0.0868987 0 -1.27233 0 0 0 0 -1.18543
864 865 0.182629 0 -1.09244 0 0 0 0 -0.909812
865 866 0.0158365 0 -1.36017 0 0 0 0 -1.34433
866 867 0.00160944 0 -0.655535 0 0 0 0 -0.653925
867 868 0.0077576 0 -1.07603 0 0 0 0 -1.06827
868 869 0.0811803 0 -0.911481 0 0 0 0 -0.830301
869 870 0.0147645 0 -0 0 0 0 0 0.0147645
870 871 0.00223698 0 -1.18157 0 0 0 0 -1.17933
871 872 0.0770897 0 -0.849443 0 0 0 0 -0.772353
872 873 0.0204246 0 -1.35491 0 0 0 0 -1.33449
873 874 0.00131868 0 0 0 0 0 0 0.00131868
874 875 0.104287 0 -1.32825 0 0 0 0 -1.22396
875 876 0.0472414 0 -1.04694 0 0 0 0 -0.999699
876 877 0.0599052 0 0 0 0 0 0 0.0599052
877 878 0.0181405 0 -1.00261 0 0 0 0 -0.984465
878 879 0.00289103 0 -0.972314 0 0 0 0 -0.969423
880 881 0.00360918 0 0 0 0 0 0 0.00360918
881 882 0.0101848 0 -0 0 0 0 0 0.0101848
882 883 0.0283966 0 -0 0 0 0 0 0.0283966
883 884 0.00593308 0 0 0 0 0 0 0.00593308
884 885 0.113722 0 -1.2891 0 0 0 0 -1.17538
885 886 0.371869 0 -1.2505 0 0 0 0 -0.878632
886 887 0.00136282 0 -1.12241 0 0 0 0 -1.12104
887 888 0.00378422 0 0 0 0 0 0 0.00378422
888 889 0.000358887 0 -0 0 0 0 0 0.000358887
889 890 0.0012878 0 0 0 0 0 0 0.0012878
890 891 0.000673673 0 0 0 0 0 0 0.000673673
891 892 0.0404488 0 -1.39691 0 0 0 0 -1.35646
892 893 0.06953 0 -1.16777 0 0 0 0 -1.09824
893 894 0.0141323 0 0 0 0 0 0 0.0141323
894 895 0.000213114 0 0 0 0 0 0 0.000213114
895 896 0.040766 0 -1.23488 0 0 0 0 -1.19412
896 897 0.00734072 0 -0.994048 0 0 0 0 -0.986707
897 898 0.0308295 0 -1.30346 0 0 0 0 -1.27263
898 899 0.0265655 0 0 0 0 0 0 0.0265655
900 901 0.42061 0 -1.40944 0 0 0 0 -0.988831
901 902 0.0660132 0 0 0 0 0 0 0.0660132
902 903 0.0321658 0 0 0 0 0 0 0.0321658
903 904 0.116403 0 -0.960209 0 0 0 0 -0.843806
904 905 0.00249474 0 -0 0 0 0 0 0.00249474
905 906 0.0195035 0 0 0 0 0 0 0.0195035
906 907 0.137364 0 -1.18254 0 0 0 0 -1.04518
907 908 0.0231133 0 -1.24914 0 0 0 0 -1.22603
908 909 0.013373 0 0 0 0 0 0 0.013373
909 910 0.0017401 0 0 0 0 0 0 0.0017401
910 911 0.00244855 0 0 0 0 0 0 0.00244855
911 912 0.0051506 0 0 0 0 0 0 0.0051506
912 913 0.0186694 0 0 0 0 0 0 0.0186694
913 914 0.0454704 0 -0 0 0 0 0 0.0454704
914 915 0.0230543 0 -1.30463 0 0 0 0 -1.28158
915 916 0.014553 0 -1.20745 0 0 0 0 -1.1929
916 917 0.000988383 0 -1.21493 0 0 0 0 -1.21394
917 918 0.00213641 0 -0.317509 0 0 0 0 -0.315372
918 919 0.0664137 0 -1.12979 0 0 0 0 -1.06338
920 921 0.0286093 0 -0 0 0 0 0 0.0286093
921 922 0.0354638 0 -0 0 0 0 0 0.0354638
922 923 0.147876 0 0 0 0 0 0 0.147876
923 924 0.00839849 0 -1.34199 0 0 0 0 -1.33359
924 925 0.0426919 0 -1.4613 0 0 0 0 -1.41861
925 926 0.00295299 0 -1.25253 0 0 0 0 -1.24958
926 927 0.143189 0 0 0 0 0 0 0.143189
927 928 0.266845 0 -0.878957 0 0 0 0 -0.612113
928 929 0.100891 0 -1.12068 0 0 0 0 -1.01979
929 930 0.0391385 0 -1.31977 0 0 0 0 -1.28063
930 931 0.0935208 0 -1.29733 0 0 0 0 -1.20381
931 932 0.0368789 0 -0.580117 0 0 0 0 -0.543238
932 933 0.028891 0 0 0 0 0 0 0.028891
933 934 0.00184129 0 0 0 0 0 0 0.00184129
934 935 0.0304425 0 -0.914653 0 0 0 0 -0.884211
935 936 0.0321068 0 -1.26101 0 0 0 0 -1.22891
936 937 0.208704 0 -1.17204 0 0 0 0 -0.963339
937 938 0.000580618 0 0 0 0 0 0 0.000580618
938 939 0.0725292 0 -0.938508 0 0 0 0 -0.865979
940 941 0.00791317 0 -1.23223 0 0 0 0 -1.22432
941 942 0.0712093 0 -1.27353 0 0 0 0 -1.20232
942 943 6.49792e-06 0 -1.13555 0 0 0 0 -1.13554
943 944 0.00262293 0 -1.07874 0 0 0 0 -1.07612
944 945 0.0031052 0 -1.23557 0 0 0 0 -1.23246
945 946 0.00176782 0 0 0 0 0 0 0.00176782
943 947 0 0 0 0 0 -1.23201e-14 -0 -1.23201e-14
942 947 0 0 0 0 0 -0.139211 -4.09274e-17 -0.139211
946 947 0.48686 0 0 0 0 0 0 0.48686
947 948 0.182841 0 0 0 0 0 0 0.182841
948 949 0.0700265 0 0 0 0 0 0 0.0700265
949 950 0.012129 0 -1.32842 0 0 0 0 -1.3163
950 951 0.190147 0 -0 0 0 0 0 0.190147
951 952 0.130077 0 -1.0816 0 0 0 0 -0.951528
952 953 0.0110631 0 -1.18701 0 0 0 0 -1.17595
953 954 0.00126962 0 0 0 0 0 0 0.00126962
954 955 0.0390044 0 -1.09795 0 0 0 0 -1.05894
955 956 0.0954611 0 0 0 0 0 0 0.0954611
956 957 0.166845 0 0 0 0 0 0 0.166845
957 958 0.00230381 0 -1.36861 0 0 0 0 -1.36631
958 959 2.60672e-05 0 -0 0 0 0 0 2.60672e-05
960 961 0.00315998 0 -0.868749 0 0 0 0 -0.865589
961 962 0.0297023 0 -0.960978 0 0 0 0 -0.931276
962 963 0.00878011 0 -1.39727 0 0 0 0 -1.38849
963 964 0.265343 0 -0.99982 0 0 0 0 -0.734477
964 965 0.0403272 0 0 0 0 0 0 0.0403272
965 966 0.0346741 0 -1.27908 0 0 0 0 -1.24441
966 967 0.0831157 0 0 0 0 0 0 0.0831157
967 968 0.000513216 0 -1.27174 0 0 0 0 -1.27122
968 969 0.000356075 0 -1.19627 0 0 0 0 -1.19591
969 970 0.00334384 0 0 0 0 0 0 0.00334384
970 971 0.0373727 0 -0.967816 0 0 0 0 -0.930443
971 972 0.0514145 0 0 0 0 0 0 0.0514145
972 973 0.0574338 0 -0 0 0 0 0 0.0574338
973 974 3.07124e-05 0 -1.36676 0 0 0 0 -1.36672
974 975 0.000777533 0 -1.28026 0 0 0 0 -1.27948
975 976 0.0300012 0 -1.27612 0 0 0 0 -1.24612
976 977 0.0468618 0 0 0 0 0 0 0.0468618
977 978 0.0320456 0 -1.32399 0 0 0 0 -1.29194
978 979 0.0302731 0 -1.17699 0 0 0 0 -1.14671
980 981 0.245533 0 0 0 0 0 0 0.245533
981 982 0.000254641 0 -1.31944 0 0 0 0 -1.31919
982 983 0.0292929 0 -0.708527 0 0 0 0 -0.679234
983 984 0.0108153 0 0 0 0 0 0 0.0108153
984 985 0.0271637 0 -1.36018 0 0 0 0 -1.33301
985 986 0.101274 0 -1.37836 0 0 0 0 -1.27709
986 987 0.11698 0 -1.19779 0 0 0 0 -1.08081
987 988 7.57919e-05 0 0 0 0 0 0 7.57919e-05
988 989 0.0778143 0 0 0 0 0 0 0.0778143
989 990 0.0463332 0 -1.38914 0 0 0 0 -1.34281
990 991 0.00236719 0 0 0 0 0 0 0.00236719
991 992 0.0451453 0 -1.4243 0 0 0 0 -1.37915
992 993 0.0272902 0 0 0 0 0 0 0.0272902
993 994 0.00185621 0 0 0 0 0 0 0.00185621
994 995 0.0756339 0 -0 0 0 0 0 0.0756339
995 996 0.0159535 0 0 0 0 0 0 0.0159535
996 997 0.00831439 0 -0.825777 0 0 0 0 -0.817463
997 998 0.0769526 0 0 0 0 0 0 0.0769526
998 999 0.018487 0 0 0 0 0 0 0.018487
1000 1001 0.0657184 0 0 0 0 0 0 0.0657184
1001 1002 0.00578749 0 -1.05892 0 0 0 0 -1.05313
1002 1003 0.0107134 0 -1.28765 0 0 0 0 -1.27694
1003 1004 0.00536462 0 -1.40384 0 0 0 0 -1.39847
1004 1005 0.014513 0 -1.24693 0 0 0 0 -1.23242
1005 1006 0.0306448 0 -1.21304 0 0 0 0 -1.1824
1006 1007 0.000141191 0 0 0 0 0 0 0.000141191
1007 1008 0.0422977 0 -0.641149 0 0 0 0 -0.598851
1008 1009 0.000339051 0 -1.21598 0 0 0 0 -1.21564
1009 1010 0.0759771 0 0 0 0 0 0 0.0759771
1010 1011 0.0205329 0 0 0 0 0 0 0.0205329
1011 1012 0.0739591 0 -0.901871 0 0 0 0 -0.827912
1012 1013 0.00101945 0 -1.4297 0 0 0 0 -1.42868
1013 1014 0.038004 0 -1.09863 0 0 0 0 -1.06062
1014 1015 0.144033 0 0 0 0 0 0 0.144033
1015 1016 0.000802253 0 -0.841398 0 0 0 0 -0.840596
1016 1017 0.0203822 0 -0.990478 0 0 0 0 -0.970096
1017 1018 0.206523 0 -1.25626 0 0 0 0 -1.04974
1018 1019 0.00670415 0 -1.19144 0 0 0 0 -1.18473
1020 1021 0.0108654 0 0 0 0 0 0 0.0108654
1021 1022 0.0020821 0 0 0 0 0 0 0.0020821
1022 1023 0.00905756 0 0 0 0 0 0 0.00905756
1023 1024 0.00133146 0 -1.40149 0 0 0 0 -1.40016
1024 1025 0.0625506 0 -1.23003 0 0 0 0 -1.16748
1025 1026 0.0453138 0 0 0 0 0 0 0.0453138
1026 1027 0.0468283 0 0 0 0 0 0 0.0468283
1027 1028 0.0137091 0 -1.26251 0 0 0 0 -1.2488
1028 1029 0.0130548 0 0 0 0 0 0 0.0130548
1029 1030 0.0784796 0 -0 0 0 0 0 0.0784796
1030 1031 0.0103032 0 0 0 0 0 0 0.0103032
1031 1032 0.0379675 0 0 0 0 0 0 0.0379675
1032 1033 0.00631202 0 0 0 0 0 0 0.00631202
1033 1034 0.0171752 0 0 0 0 0 0 0.0171752
1031 1035 0 0 0 0.0549702 0 0 -0 0.0549702
1034 1035 0.0882511 0 0 0 0 0 0 0.0882511
1031 1036 0 0 0 0 0 -0.00444602 -0 -0.00444602
1035 1036 0.0260309 0 -1.29786 0 0 0 0 -1.27183
1036 1037 0.0546417 0 0 0 0 0 0 0.0546417
1037 1038 0.0391195 0 -1.1143 0 0 0 0 -1.07518
1038 1039 0.00458391 0 0 0 0 0 0 0.00458391
1040 1041 0.0499504 0 -1.34626 0 0 0 0 -1.29631
1041 1042 0.0464064 0 0 0 0 0 0 0.0464064
1042 1043 0.0633521 0 0 0 0 0 0 0.0633521
1043 1044 0.000724713 0 0 0 0 0 0 0.000724713
1044 1045 0.00133372 0 -0 0 0 0 0 0.00133372
1045 1046 0.0250456 0 0 0 0 0 0 0.0250456
1046 1047 0.0469518 0 0 0 0 0 0 0.0469518
1047 1048 0.0367182 0 -1.09433 0 0 0 0 -1.05761
1048 1049 0.00915268 0 -1.22282 0 0 0 0 -1.21367
1049 1050 0.00297346 0 -0 0 0 0 0 0.00297346
1050 1051 5.34083e-06 0 0 0 0 0 0 5.34083e-06
1051 1052 0.0191083 0 0 0 0 0 0 0.0191083
1052 1053 0.0127941 0 0 0 0 0 0 0.0127941
1053 1054 0.0369926 0 0 0 0 0 0 0.0369926
1054 1055 0.0323916 0 -0 0 0 0 0 0.0323916
1055 1056 0.0955505 0 -1.36095 0 0 0 0 -1.2654
1056 1057 1.01109e-05 0 0 0 0 0 0 1.01109e-05
1057 1058 0.0349151 0 -1.3166 0 0 0 0 -1.28168
1058 1059 0.0475976 0 0 0 0 0 0 0.0475976
1060 1061 0.097361 0 0 0 0 0 0 0.097361
1061 1062 0.0281425 0 0 0 0 0 0 0.0281425
1062 1063 0.0577681 0 0 0 0 0 0 0.0577681
1061 1064 0 0 0 0.133598 0 0 -0 0.133598
1063 1064 0.00633185 0 -1.24406 0 0 0 0 -1.23772
1064 1065 0.00370033 0 0 0 0 0 0 0.00370033
1060 1066 0 0 0 0 -0 -0 -2.47219e-16 -2.47219e-16
1065 1066 0.00410517 0 0 0 0 0 0 0.00410517
1066 1067 0.000589548 0 -0.988101 0 0 0 0 -0.987512
1067 1068 0.0685421 0 -1.03229 0 0 0 0 -0.963745
1068 1069 0.0325802 0 -0.905474 0 0 0 0 -0.872894
1069 1070 0.201862 0 -1.18394 0 0 0 0 -0.982074
1070 1071 0.0196679 0 -1.19636 0 0 0 0 -1.17669
1071 1072 0.00057535 0 -0 0 0 0 0 0.00057535
1072 1073 0.0241619 0 -1.13736 0 0 0 0 -1.11319
1073 1074 0.0243996 0 -1.34062 0 0 0 0 -1.31622
1074 1075 0.00187886 0 -1.32857 0 0 0 0 -1.3267
1075 1076 0.0400425 0 0 0 0 0 0 0.0400425
1076 1077 0.0259291 0 -1.09962 0 0 0 0 -1.0737
1077 1078 0.0120745 0 -1.01841 0 0 0 0 -1.00634
1078 1079 0.0744256 0 -1.30753 0 0 0 0 -1.2331
1080 1081 0.159627 0 0 0 0 0 0 0.159627
1081 1082 0.0505901 0 -0.873774 0 0 0 0 -0.823184
1082 1083 0.011959 0 -0 0 0 0 0 0.011959
1083 1084 0.00615767 0 0 0 0 0 0 0.00615767
1084 1085 0.083426 0 -1.28297 0 0 0 0 -1.19955
1085 1086 0.0189754 0 -1.0499 0 0 0 0 -1.03092
1086 1087 0.00263611 0 0 0 0 0 0 0.00263611
1087 1088 0.0504528 0 -0.781931 0 0 0 0 -0.731479
1088 1089 0.000780818 0 0 0 0 0 0 0.000780818
1089 1090 0.0387184 0 -1.36011 0 0 0 0 -1.32139
1090 1091 0.0192747 0 -1.35149 0 0 0 0 -1.33221
1091 1092 0.0580288 0 -1.17758 0 0 0 0 -1.11955
1092 1093 0.117137 0 -1.32558 0 0 0 0 -1.20845
1093 1094 0.000715721 0 0 0 0 0 0 0.000715721
1094 1095 0.00712615 0 0 0 0 0 0 0.00712615
1095 1096 0.000335486 0 -0.779556 0 0 0 0 -0.779221
1096 1097 0.00248115 0 -0.906909 0 0 0 0 -0.904428
1097 1098 0.00284671 0 -1.37997 0 0 0 0 -1.37712
1098 1099 0.0126415 0 0 0 0 0 0 0.0126415
1100 1101 0.00808162 0 0 0 0 0 0 0.00808162
1101 1102 0.176926 0 -1.04289 0 0 0 0 -0.865964
1102 1103 0.26986 0 0 0 0 0 0 0.26986
1103 1104 0.0248413 0 -0 0 0 0 0 0.0248413
1104 1105 0.0690867 0 0 0 0 0 0 0.0690867
1105 1106 0.00498025 0 -0.889954 0 0 0 0 -0.884973
1106 1107 0.129296 0 -1.34844 0 0 0 0 -1.21915
1107 1108 0.00193576 0 -0 0 0 0 0 0.00193576
1108 1109 0.00589419 0 0 0 0 0 0 0.00589419
1109 1110 0.13239 0 0 0 0 0 0 0.13239
1110 1111 0.0347482 0 0 0 0 0 0 0.0347482
1111 1112 0.00120759 0 -0.725358 0 0 0 0 -0.724151
1112 1113 0.00144604 0 0 0 0 0 0 0.00144604
1113 1114 0.0204938 0 0 0 0 0 0 0.0204938
1114 1115 0.0247394 0 -1.38797 0 0 0 0 -1.36323
1115 1116 0.0846165 0 -1.00178 0 0 0 0 -0.917167
1116 1117 0.175097 0 0 0 0 0 0 0.175097
1117 1118 0.0116823 0 0 0 0 0 0 0.0116823
1118 1119 0.000420679 0 0 0 0 0 0 0.000420679
1120 1121 0.0115982 0 -1.35135 0 0 0 0 -1.33976
1121 1122 0.132739 0 0 0 0 0 0 0.132739
1122 1123 0.00733408 0 -1.27843 0 0 0 0 -1.2711
1123 1124 0.171385 0 -1.1592 0 0 0 0 -0.987816
1124 1125 0.011871 0 -1.35273 0 0 0 0 -1.34086
1125 1126 0.0406915 0 -1.35776 0 0 0 0 -1.31707
1126 1127 8.47996e-08 0 -1.15213 0 0 0 0 -1.15213
1127 1128 0.0120265 0 -0.910843 0 0 0 0 -0.898817
1128 1129 0.117744 0 -1.15471 0 0 0 0 -1.03697
1129 1130 0.0049556 0 -1.18956 0 0 0 0 -1.1846
1130 1131 0.00286073 0 -1.1032 0 0 0 0 -1.10034
1131 1132 0.042445 0 -1.05387 0 0 0 0 -1.01143
1132 1133 0.0458891 0 -1.15528 0 0 0 0 -1.1094
1133 1134 0.109047 0 0 0 0 0 0 0.109047
1134 1135 0.0512057 0 0 0 0 0 0 0.0512057
1135 1136 0.242945 0 -1.41164 0 0 0 0 -1.16869
1136 1137 0.0514493 0 0 0 0 0 0 0.0514493
1137 1138 0.00544066 0 -0 0 0 0 0 0.00544066
1138 1139 0.00444114 0 0 0 0 0 0 0.00444114
1140 1141 0.091704 0 -0.77964 0 0 0 0 -0.687936
1141 1142 0.319563 0 -0.638258 0 0 0 0 -0.318695
1142 1143 0.000112216 0 -1.01144 0 0 0 0 -1.01132
1143 1144 0.0552685 0 0 0 0 0 0 0.0552685
1144 1145 0.00245475 0 -1.32192 0 0 0 0 -1.31947
1145 1146 0.0510112 0 -1.16966 0 0 0 0 -1.11865
1146 1147 0.0242354 0 -1.2716 0 0 0 0 -1.24736
1147 1148 0.000178415 0 -1.23262 0 0 0 0 -1.23244
1148 1149 0.182132 0 0 0 0 0 0 0.182132
1149 1150 0.0479835 0 0 0 0 0 0 0.0479835
1150 1151 0.140209 0 -0.771946 0 0 0 0 -0.631736
1151 1152 0.0241037 0 -1.34871 0 0 0 0 -1.3246
1152 1153 0.0274325 0 0 0 0 0 0 0.0274325
1153 1154 0.00202557 0 -1.39952 0 0 0 0 -1.39749
1154 1155 0.016514 0.0242848 -0.410632 0 0 0 0 -0.369833
1155 1156 0.00947688 0 -1.16476 0 0 0 0 -1.15528
1156 1157 0.0177295 0 -0.752606 0 0 0 0 -0.734877
1157 1158 0.0384168 0 -1.44721 0 0 0 0 -1.4088
1158 1159 8.63657e-05 0 -1.37779 0 0 0 0 -1.3777
1160 1161 0.0139624 0 -0.947662 0 0 0 0 -0.933699
1161 1162 0.218478 0 -1.27999 0 0 0 0 -1.06152
1162 1163 0.0217357 0 0 0 0 0 0 0.0217357
1163 1164 0.13925 0 -1.33696 0 0 0 0 -1.19771
1164 1165 0.0115985 0 0 0 0 0 0 0.0115985
1165 1166 0.0429099 0 -1.36387 0 0 0 0 -1.32096
1166 1167 0.0373102 0 -1.3461 0 0 0 0 -1.30879
1167 1168 0.0661019 0 0 0 0 0 0 0.0661019
1168 1169 0.0802341 0 0 0 0 0 0 0.0802341
1169 1170 0.143265 0 0 0 0 0 0 0.143265
1169 1171 0 0 0 0 0 0 -0.387142 -0.387142
1170 1171 0.00131162 0 0 0 0 0 0 0.00131162
1171 1172 0.0663613 0 -0 0 0 0 0 0.0663613
1172 1173 0.00720702 0 0 0 0 0 0 0.00720702
1173 1174 0.00116963 0 0 0 0 0 0 0.00116963
1174 1175 0.125496 0 0 0 0 0 0 0.125496
1175 1176 0.0263847 0 -0.550809 0 0 0 0 -0.524424
1176 1177 0.0662346 0 -1.43921 0 0 0 0 -1.37298
1177 1178 0.00648464 0 -0.97818 0 0 0 0 -0.971696
1178 1179 0.000367857 0 -1.22825 0 0 0 0 -1.22789
1180 1181 0.0127005 0 0 0 0 0 0 0.0127005
1181 1182 0.000603575 0 -1.36335 0 0 0 0 -1.36274
1182 1183 0.204555 0 -1.33885 0 0 0 0 -1.1343
1183 1184 0.0395005 0 -1.19527 0 0 0 0 -1.15577
1184 1185 0.156743 0 -0.650212 0 0 0 0 -0.493469
1185 1186 0.0404633 0 0 0 0 0 0 0.0404633
1186 1187 0.0271501 0 0 0 0 0 0 0.0271501
1187 1188 0.0222412 0 0 0 0 0 0 0.0222412
1188 1189 0.000444968 0 0 0 0 0 0 0.000444968
1189 1190 0.0571373 0 -1.1646 0 0 0 0 -1.10746
1190 1191 0.0140443 0 -0.926915 0 0 0 0 -0.912871
1191 1192 0.0239285 0 -1.29571 0 0 0 0 -1.27178
1192 1193 0.000659706 0 -1.22358 0 0 0 0 -1.22292
1193 1194 5.05685e-05 0 -1.26382 0 0 0 0 -1.26377
1194 1195 0.104567 0 -1.01886 0 0 0 0 -0.914297
1195 1196 0.10171 0 -1.12504 0 0 0 0 -1.02333
1196 1197 0.000289898 0 -1.12534 0 0 0 0 -1.12505
1197 1198 0.0178049 0 -0.142954 0 0 0 0 -0.125149
1198 1199 0.0100659 0 -1.18997 0 0 0 0 -1.1799
#Total energy per particle is  -0.562826 and should be -0.56282610
