           0   0.000000
       10000  -1.365680
       20000  -3.323771
       30000  -2.370419
       40000  -3.309999
       50000  -3.299855
       60000  -5.628985
       70000  -5.201321
       80000  -4.846566
       90000  -6.576446
      100000  -6.835186
      110000  -8.183228
      120000  -9.510175
      130000  -8.030345
      140000  -7.897683
      150000  -5.589542
      160000  -9.911252
      170000  -9.652760
      180000  -8.470280
      190000  -7.372932
      200000  -8.312012
