#id1 id2 FENE BEXC STCK NEXC HB CRSTCK CXSTCK total, t = 200000
0 1 0.0279474 0 -1.25263 0 0 0 0 -1.22468
1 2 0.315614 0 -1.22055 0 0 0 0 -0.90494
2 3 9.85025e-06 0 -1.11111 0 0 0 0 -1.1111
3 4 0.0049905 0 0 0 0 0 0 0.0049905
4 5 0.0715942 0 -1.3056 0 0 0 0 -1.23401
5 6 1.70943e-05 0 0 0 0 0 0 1.70943e-05
6 7 0.00140621 0 0 0 0 0 0 0.00140621
7 8 0.0686194 0 -1.17488 0 0 0 0 -1.10626
8 9 0.0301367 0 -1.29745 0 0 0 0 -1.26731
9 10 0.0792096 0 -1.3509 0 0 0 0 -1.27169
10 11 0.00315263 0 0 0 0 0 0 0.00315263
11 12 0.119044 0 0 0 0 0 0 0.119044
12 13 0.0234234 0 -0 0 0 0 0 0.0234234
13 14 0.0431686 0 -1.10821 0 0 0 0 -1.06504
14 15 0.0128501 0 -0 0 0 0 0 0.0128501
15 16 0.0676028 0 -1.05493 0 0 0 0 -0.987331
16 17 0.00144506 0 0 0 0 0 0 0.00144506
17 18 0.0105178 0 -1.13369 0 0 0 0 -1.12317
18 19 0.0323702 0 0 0 0 0 0 0.0323702
20 21 0.296273 0 -0.540832 0 0 0 0 -0.244559
21 22 0.00316569 0 0 0 0 0 0 0.00316569
22 23 0.0225903 0 -0 0 0 0 0 0.0225903
23 24 0.0892471 0 0 0 0 0 0 0.0892471
24 25 0.0146024 0 -0.97729 0 0 0 0 -0.962687
25 26 0.00104268 0 -1.12262 0 0 0 0 -1.12158
26 27 0.0179485 0 0 0 0 0 0 0.0179485
27 28 0.0335951 0 -0 0 0 0 0 0.0335951
24 29 0 0 0 0 0 -9.70721e-08 -6.39206e-15 -9.70721e-08
28 29 0.0341739 0 0 0 0 0 0 0.0341739
29 30 0.511576 0 0 0 0 0 0 0.511576
30 31 3.46254e-06 0 -1.17379 0 0 0 0 -1.17379
31 32 0.185252 0 -1.12871 0 0 0 0 -0.943454
32 33 0.00568117 0 -1.16636 0 0 0 0 -1.16068
33 34 0.000352139 0 -1.22917 0 0 0 0 -1.22881
34 35 0.0105454 0 0 0 0 0 0 0.0105454
35 36 0.0437724 0 -0 0 0 0 0 0.0437724
36 37 0.000618559 0 -0 0 0 0 0 0.000618559
37 38 0.0150937 0 -1.09788 0 0 0 0 -1.08279
38 39 0.00908024 0 0 0 0 0 0 0.00908024
40 41 0.000515289 0 -0.938465 0 0 0 0 -0.93795
41 42 0.186037 0 0 0 0 0 0 0.186037
42 43 0.00978539 0 -1.28008 0 0 0 0 -1.27029
43 44 0.0254524 0 -1.23677 0 0 0 0 -1.21132
44 45 0.0403487 0 -1.40478 0 0 0 0 -1.36443
45 46 0.037283 0 -1.33126 0 0 0 0 -1.29398
46 47 0.195851 0 -0.951533 0 0 0 0 -0.755682
47 48 0.0882203 0 -1.20336 0 0 0 0 -1.11514
48 49 0.00662991 0 0 0 0 0 0 0.00662991
49 50 0.0202459 0 -0 0 0 0 0 0.0202459
50 51 0.0039547 0 0 0 0 0 0 0.0039547
48 52 0 0 0 0 0 -0.104445 0 -0.104445
51 52 0.00688706 0 0 0 0 0 0 0.00688706
52 53 0.0791064 0 -0.612957 0 0 0 0 -0.53385
53 54 0.0155249 0 -0.959002 0 0 0 0 -0.943477
54 55 0.00269859 0 -1.07985 0 0 0 0 -1.07715
55 56 0.000241351 0 -1.44775 0 0 0 0 -1.44751
56 57 0.317526 0 -1.25392 0 0 0 0 -0.936396
57 58 0.0053558 0 0 0 0 0 0 0.0053558
58 59 0.0308856 0 0 0 0 0 0 0.0308856
60 61 0.00620226 0 -1.18591 0 0 0 0 -1.17971
61 62 5.9272e-05 0 0 0 0 0 0 5.9272e-05
62 63 0.0260523 0 -1.28062 0 0 0 0 -1.25457
63 64 0.0751429 0 -1.29548 0 0 0 0 -1.22033
64 65 0.000197753 0 -1.21954 0 0 0 0 -1.21934
65 66 0.00806981 0 0 0 0 0 0 0.00806981
66 67 0.0810059 0 -1.08861 0 0 0 0 -1.0076
67 68 0.0343236 0 0 0 0 0 0 0.0343236
68 69 0.0532211 0 -0 0 0 0 0 0.0532211
69 70 0.02442 0 -0.93551 0 0 0 0 -0.91109
70 71 0.00120724 0 -0.73106 0 0 0 0 -0.729853
71 72 0.0142889 0 0 0 0 0 0 0.0142889
72 73 0.00337254 0 0 0 0 0 0 0.00337254
73 74 0.0527391 0 -1.02952 0 0 0 0 -0.976784
74 75 0.0256496 0 0 0 0 0 0 0.0256496
75 76 0.0145682 0 -1.41715 0 0 0 0 -1.40258
76 77 0.0615639 0 -0.616443 0 0 0 0 -0.554879
77 78 0.00412473 0 -1.01971 0 0 0 0 -1.01558
78 79 0.160848 0 -0 0 0 0 0 0.160848
80 81 0.0106371 0 -1.08461 0 0 0 0 -1.07397
81 82 0.18179 0 0 0 0 0 0 0.18179
82 83 0.0473334 0 -1.13017 0 0 0 0 -1.08284
83 84 0.00971252 0 -1.12448 0 0 0 0 -1.11477
84 85 0.00472499 0 0 0 0 0 0 0.00472499
85 86 0.0235704 0 -0 0 0 0 0 0.0235704
86 87 0.0020688 0 0 0 0 0 0 0.0020688
87 88 0.00284703 0 0 0 0 0 0 0.00284703
88 89 0.0196266 0 0 0 0 0 0 0.0196266
89 90 0.000431864 0 -1.25833 0 0 0 0 -1.2579
90 91 0.00840181 0 0 0 0 0 0 0.00840181
91 92 0.222016 0 -0.776297 0 0 0 0 -0.554282
92 93 0.0930745 0 0 0 0 0 0 0.0930745
93 94 0.0279631 0 -1.26518 0 0 0 0 -1.23722
94 95 0.0280307 0 0 0 0 0 0 0.0280307
95 96 0.00012133 0 0 0 0 0 0 0.00012133
96 97 0.00829249 0 0 0 0 0 0 0.00829249
97 98 0.00132605 0 -1.35234 0 0 0 0 -1.35101
98 99 0.0179722 0 -1.21258 0 0 0 0 -1.19461
100 101 0.0359517 0 -1.37469 0 0 0 0 -1.33874
101 102 0.00139629 0 -1.1302 0 0 0 0 -1.1288
102 103 0.37292 0 0 0 0 0 0 0.37292
103 104 0.0861131 0 0 0 0 0 0 0.0861131
104 105 0.0102706 0 0 0 0 0 0 0.0102706
105 106 2.9128e-05 0 -0 0 0 0 0 2.9128e-05
106 107 0.0149344 0 -1.42559 0 0 0 0 -1.41066
107 108 0.0230175 0 0 0 0 0 0 0.0230175
108 109 0.000821177 0 -1.32328 0 0 0 0 -1.32246
109 110 0.0822738 0 -1.36172 0 0 0 0 -1.27945
110 111 0.01556 0 0 0 0 0 0 0.01556
111 112 6.23998e-05 0 -1.38592 0 0 0 0 -1.38586
112 113 0.05363 0 0 0 0 0 0 0.05363
113 114 0.00251199 0 0 0 0 0 0 0.00251199
114 115 0.0173706 0 -0 0 0 0 0 0.0173706
115 116 0.00162429 0 0 0 0 0 0 0.00162429
116 117 0.00127539 0 -0 0 0 0 0 0.00127539
117 118 0.00115639 0 -1.35177 0 0 0 0 -1.35061
118 119 0.00103427 0 0 0 0 0 0 0.00103427
120 121 0.0249769 0 -1.08146 0 0 0 0 -1.05648
121 122 0.00148048 0 -1.37907 0 0 0 0 -1.37759
122 123 0.0687815 0 0 0 0 0 0 0.0687815
123 124 0.112429 0 -1.34857 0 0 0 0 -1.23614
124 125 0.00702124 0 -1.23873 0 0 0 0 -1.23171
125 126 0.0150707 0 -1.30386 0 0 0 0 -1.28879
126 127 0.0813761 0 -0.835289 0 0 0 0 -0.753913
127 128 0.0521593 0 -1.17667 0 0 0 0 -1.12451
127 129 0 0 0 0 0 0 -1.76806e-05 -1.76806e-05
128 129 0.00524871 0 -0 0 0 0 0 0.00524871
129 130 0.00322928 0 -1.06417 0 0 0 0 -1.06094
130 131 0.000383048 0.0194572 0 0 0 0 0 0.0198403
131 132 0.115652 0 0 0 0 0 0 0.115652
132 133 0.0237622 0 0 0 0 0 0 0.0237622
133 134 0.00273044 0 -0 0 0 0 0 0.00273044
134 135 0.345837 0 -1.34325 0 0 0 0 -0.997416
134 136 0 0 0 0.0657753 0 0 0 0.0657753
135 136 0.00154157 0 0 0 0 0 0 0.00154157
136 137 0.337793 0 0 0 0 0 0 0.337793
137 138 0.0501095 0 -0.961771 0 0 0 0 -0.911662
138 139 0.121332 0 0 0 0 0 0 0.121332
140 141 0.349067 0 -1.28401 0 0 0 0 -0.93494
141 142 0.13144 0 -1.34495 0 0 0 0 -1.21351
142 143 0.00577445 0 0 0 0 0 0 0.00577445
143 144 3.9919e-05 0 -1.19225 0 0 0 0 -1.19221
144 145 0.169989 0 0 0 0 0 0 0.169989
145 146 0.136665 0 0 0 0 0 0 0.136665
146 147 0.00489217 0 0 0 0 0 0 0.00489217
147 148 0.0387072 0 0 0 0 0 0 0.0387072
148 149 0.0643428 0 -1.10149 0 0 0 0 -1.03715
149 150 0.0105038 0 -0.912696 0 0 0 0 -0.902192
150 151 0.00236571 0 -1.27195 0 0 0 0 -1.26959
151 152 0.0713907 0 0 0 0 0 0 0.0713907
152 153 0.182744 0 -1.32384 0 0 0 0 -1.1411
153 154 0.00932791 0 -0.851613 0 0 0 0 -0.842285
154 155 0.01901 0 -1.2495 0 0 0 0 -1.23049
155 156 0.120651 0 -0.483872 0 0 0 0 -0.363221
156 157 0.0713939 0 -1.46528 0 0 0 0 -1.39389
157 158 0.367735 0 -0.98428 0 0 0 0 -0.616545
158 159 0.0755336 0 0 0 0 0 0 0.0755336
160 161 0.119802 0 -1.07475 0 0 0 0 -0.954946
161 162 0.0115981 0 -1.32127 0 0 0 0 -1.30967
162 163 0.0187733 0 0 0 0 0 0 0.0187733
163 164 0.000439011 0 0 0 0 0 0 0.000439011
164 165 0.00488061 0 0 0 0 0 0 0.00488061
165 166 0.0309381 0 -0 0 0 0 0 0.0309381
166 167 0.0559491 0 -0.987138 0 0 0 0 -0.931189
167 168 0.0471989 0 -1.13029 0 0 0 0 -1.08309
168 169 0.0466781 0 -0.545364 0 0 0 0 -0.498686
169 170 0.0500161 0 -0.913737 0 0 0 0 -0.863721
170 171 0.00945099 0 -0 0 0 0 0 0.00945099
171 172 0.0609388 0 -1.28894 0 0 0 0 -1.228
172 173 0.00379274 0 0 0 0 0 0 0.00379274
173 174 0.00671176 0 -1.33117 0 0 0 0 -1.32446
174 175 0.00612191 0 -1.13156 0 0 0 0 -1.12544
175 176 0.0195602 0 0 0 0 0 0 0.0195602
176 177 0.164343 0 0 0 0 0 0 0.164343
177 178 0.286604 0 -1.17218 0 0 0 0 -0.885575
178 179 0.00140539 0 0 0 0 0 0 0.00140539
180 181 0.0514294 0 -0.955445 0 0 0 0 -0.904015
181 182 0.0599543 0 0 0 0 0 0 0.0599543
182 183 0.0663791 0 -1.00481 0 0 0 0 -0.938434
183 184 0.000711022 0 0 0 0 0 0 0.000711022
184 185 0.0342094 0 -1.10103 0 0 0 0 -1.06682
185 186 0.179922 0 0 0 0 0 0 0.179922
186 187 0.00514882 0 -1.3537 0 0 0 0 -1.34855
187 188 0.0411176 0 0 0 0 0 0 0.0411176
188 189 0.0688534 0 -0.853648 0 0 0 0 -0.784795
189 190 0.12601 0 0 0 0 0 0 0.12601
190 191 0.193644 0 0 0 0 0 0 0.193644
191 192 0.145176 0 0 0 0 0 0 0.145176
192 193 0.0286077 0 -0.819555 0 0 0 0 -0.790948
193 194 0.0292914 0 -0.987946 0 0 0 0 -0.958654
194 195 0.00452822 0 -1.17575 0 0 0 0 -1.17122
195 196 0.00860083 0 -1.22359 0 0 0 0 -1.21499
196 197 0.00225212 0 0 0 0 0 0 0.00225212
197 198 0.374248 0 0 0 0 0 0 0.374248
198 199 0.00843594 0 -1.1463 0 0 0 0 -1.13786
200 201 0.00424757 0 0 0 0 0 0 0.00424757
201 202 0.0393225 0 -1.35384 0 0 0 0 -1.31451
202 203 0.0999472 0 0 0 0 0 0 0.0999472
203 204 0.0635207 0 -0 0 0 0 0 0.0635207
204 205 0.00182455 0 -1.16057 0 0 0 0 -1.15874
205 206 0.00720249 0 -1.27111 0 0 0 0 -1.26391
206 207 0.00212313 0 -0.881269 0 0 0 0 -0.879145
207 208 0.000505896 0 -1.36642 0 0 0 0 -1.36591
208 209 0.0186661 0 -1.27129 0 0 0 0 -1.25262
209 210 0.0162039 0 -0.737987 0 0 0 0 -0.721783
210 211 0.000724079 0 0 0 0 0 0 0.000724079
211 212 0.0890422 0 -0.893711 0 0 0 0 -0.804668
212 213 0.241968 0 -1.29798 0 0 0 0 -1.05601
213 214 0.00110413 0 -0.923596 0 0 0 0 -0.922492
214 215 0.123371 0 -0.991778 0 0 0 0 -0.868407
215 216 0.130906 0 0 0 0 0 0 0.130906
216 217 0.00235412 0 0 0 0 0 0 0.00235412
217 218 0.00173337 0 -0 0 0 0 0 0.00173337
218 219 0.00813113 0 0 0 0 0 0 0.00813113
220 221 0.0382005 0 -1.3667 0 0 0 0 -1.3285
221 222 0.257657 0 -0.600393 0 0 0 0 -0.342736
222 223 0.0469664 0 0 0 0 0 0 0.0469664
223 224 0.00421643 0 0 0 0 0 0 0.00421643
224 225 0.0219782 0 0 0 0 0 0 0.0219782
225 226 0.00627624 0 0 0 0 0 0 0.00627624
226 227 0.0504801 0 0 0 0 0 0 0.0504801
227 228 0.00682782 0 -1.11456 0 0 0 0 -1.10773
228 229 0.217768 0 -1.10874 0 0 0 0 -0.890974
229 230 0.19896 0 -1.0499 0 0 0 0 -0.850941
230 231 0.00216971 0 -0 0 0 0 0 0.00216971
231 232 0.14838 0 0 0 0 0 0 0.14838
232 233 0.0598464 0 -0 0 0 0 0 0.0598464
233 234 0.178578 0 -1.38837 0 0 0 0 -1.20979
234 235 0.154594 0 -1.23185 0 0 0 0 -1.07726
235 236 0.00739302 0 -1.20822 0 0 0 0 -1.20083
236 237 0.0708355 0 0 0 0 0 0 0.0708355
237 238 0.0336906 0 -1.25525 0 0 0 0 -1.22156
238 239 0.0914516 0 0 0 0 0 0 0.0914516
240 241 0.00241872 0 0 0 0 0 0 0.00241872
241 242 0.0102518 0 -1.20835 0 0 0 0 -1.1981
242 243 0.0980258 0 -1.11759 0 0 0 0 -1.01956
243 244 0.12281 0 -1.27155 0 0 0 0 -1.14874
244 245 0.0425693 0 -1.3066 0 0 0 0 -1.26403
245 246 0.0856481 0 0 0 0 0 0 0.0856481
246 247 0.0183551 0 -1.38665 0 0 0 0 -1.36829
247 248 0.000686714 0 -1.13326 0 0 0 0 -1.13257
248 249 0.010919 0 0 0 0 0 0 0.010919
249 250 0.0516651 0 -0 0 0 0 0 0.0516651
250 251 0.00896855 0 -1.0838 0 0 0 0 -1.07483
251 252 0.062068 0 -1.03669 0 0 0 0 -0.974617
252 253 0.18918 0 -1.2643 0 0 0 0 -1.07512
253 254 0.0591172 0 -1.09653 0 0 0 0 -1.03741
254 255 0.0355684 0 -1.38671 0 0 0 0 -1.35114
255 256 0.00396237 0 -1.1768 0 0 0 0 -1.17284
256 257 0.000337004 0 -1.45436 0 0 0 0 -1.45402
257 258 0.0934985 0 0 0 0 0 0 0.0934985
258 259 0.279787 0 -0 0 0 0 0 0.279787
260 261 0.00809169 0 -0.92522 0 0 0 0 -0.917128
261 262 0.035025 0 0 0 0 0 0 0.035025
262 263 0.057837 0 -1.02014 0 0 0 0 -0.962305
263 264 0.0149586 0 -1.16041 0 0 0 0 -1.14545
264 265 7.76719e-05 0 -1.37286 0 0 0 0 -1.37278
265 266 0.0652255 0 0 0 0 0 0 0.0652255
266 267 0.0112671 0 -1.05407 0 0 0 0 -1.0428
267 268 0.0211506 0 -1.37094 0 0 0 0 -1.34979
268 269 0.0339872 0 0 0 0 0 0 0.0339872
269 270 0.0170608 0 -0.978713 0 0 0 0 -0.961653
270 271 0.0618327 0 -0.428407 0 0 0 0 -0.366574
271 272 0.0669401 0 0 0 0 0 0 0.0669401
272 273 0.155232 0 0 0 0 0 0 0.155232
273 274 0.000359722 0 0 0 0 0 0 0.000359722
274 275 0.0016937 0 -1.0373 0 0 0 0 -1.03561
275 276 0.00503071 0 0 0 0 0 0 0.00503071
276 277 0.117809 0 -0.964718 0 0 0 0 -0.846909
277 278 0.170365 0 -1.05982 0 0 0 0 -0.889458
278 279 0.048067 0 0 0 0 0 0 0.048067
280 281 0.0680695 0 -0 0 0 0 0 0.0680695
281 282 0.171396 0 0 0 0 0 0 0.171396
282 283 0.00421195 0 -0.920032 0 0 0 0 -0.91582
283 284 0.0335109 0 0 0 0 0 0 0.0335109
284 285 0.0480635 0 0 0 0 0 0 0.0480635
285 286 0.00783774 0 -1.02113 0 0 0 0 -1.0133
286 287 0.0120569 0 -1.36053 0 0 0 0 -1.34847
287 288 0.129619 0 -1.06057 0 0 0 0 -0.930956
288 289 0.0497677 0 0 0 0 0 0 0.0497677
289 290 1.05558e-05 0 -0.830261 0 0 0 0 -0.83025
290 291 0.00305773 0 0 0 0 0 0 0.00305773
291 292 0.0178209 0 0 0 0 0 0 0.0178209
292 293 0.0197898 0 -0.380082 0 0 0 0 -0.360292
293 294 0.138094 0 0 0 0 0 0 0.138094
294 295 0.0573723 0 0 0 0 0 0 0.0573723
295 296 0.00492518 0 0 0 0 0 0 0.00492518
296 297 0.000533479 0 0 0 0 0 0 0.000533479
297 298 9.56998e-05 0 0 0 0 0 0 9.56998e-05
298 299 0.114506 0 -1.27583 0 0 0 0 -1.16133
300 301 0.0283936 0 0 0 0 0 0 0.0283936
301 302 0.0380046 0 -1.06746 0 0 0 0 -1.02946
302 303 0.00877747 0 -1.38892 0 0 0 0 -1.38015
303 304 0.00309806 0 0 0 0 0 0 0.00309806
304 305 0.0850604 0 0 0 0 0 0 0.0850604
305 306 0.000913559 0 -1.31946 0 0 0 0 -1.31855
306 307 0.166657 0 -0.813585 0 0 0 0 -0.646928
307 308 0.029668 0 -1.38048 0 0 0 0 -1.35081
308 309 0.0532069 0 -1.41431 0 0 0 0 -1.3611
309 310 0.00290798 0 -1.11665 0 0 0 0 -1.11374
310 311 0.132174 0 -1.27972 0 0 0 0 -1.14754
308 312 0 0 0 0 0 -0.0162856 0 -0.0162856
311 312 0.00314902 0 0 0 0 0 0 0.00314902
312 313 0.00239599 0 0 0 0 0 0 0.00239599
313 314 0.00798948 0 -0.929471 0 0 0 0 -0.921482
314 315 0.111596 0 -1.07162 0 0 0 0 -0.960022
315 316 0.00963326 0 -1.35229 0 0 0 0 -1.34266
316 317 0.162535 0 -1.34616 0 0 0 0 -1.18362
317 318 0.00310393 0 -1.226 0 0 0 0 -1.2229
318 319 0.036129 0 0 0 0 0 0 0.036129
320 321 0.00278522 0 -0.921896 0 0 0 0 -0.919111
321 322 0.118245 0 -1.25775 0 0 0 0 -1.13951
322 323 0.00223572 0 -1.36098 0 0 0 0 -1.35874
323 324 0.181476 0 0 0 0 0 0 0.181476
324 325 0.00265991 0 0 0 0 0 0 0.00265991
325 326 0.0615942 0 0 0 0 0 0 0.0615942
326 327 0.0873416 0 -1.19826 0 0 0 0 -1.11092
327 328 0.00237388 0 0 0 0 0 0 0.00237388
328 329 0.00775415 0 0 0 0 0 0 0.00775415
329 330 0.0296543 0 0 0 0 0 0 0.0296543
330 331 0.120822 0 -1.40832 0 0 0 0 -1.2875
331 332 0.0418101 0 0 0 0 0 0 0.0418101
332 333 0.000371336 0 -1.35153 0 0 0 0 -1.35116
333 334 0.00957928 0 -0.917504 0 0 0 0 -0.907925
334 335 0.0142799 0 -1.25184 0 0 0 0 -1.23756
335 336 0.0186074 0 -0.761218 0 0 0 0 -0.742611
336 337 0.0088473 0 -1.23148 0 0 0 0 -1.22263
330 338 0 0 0 0 0 0 -0.608387 -0.608387
337 338 0.0445664 0 0 0 0 0 0 0.0445664
338 339 0.0245418 0 0 0 0 0 0 0.0245418
340 341 0.00908947 0 -0.791621 0 0 0 0 -0.782531
341 342 0.00714064 0 -0 0 0 0 0 0.00714064
342 343 0.016852 0 -1.01835 0 0 0 0 -1.0015
343 344 0.0295237 0 0 0 0 0 0 0.0295237
344 345 0.000347143 0 -1.38682 0 0 0 0 -1.38647
345 346 0.0163619 0 -1.12515 0 0 0 0 -1.10879
346 347 0.0714946 0 -1.17901 0 0 0 0 -1.10752
347 348 0.0083175 0 -0 0 0 0 0 0.0083175
348 349 0.0987635 0 -0 0 0 0 0 0.0987635
349 350 0.0129817 0 0 0 0 0 0 0.0129817
350 351 0.000562168 0 -1.31682 0 0 0 0 -1.31626
351 352 0.120843 0 -1.07109 0 0 0 0 -0.950249
352 353 0.00231245 0 -1.20941 0 0 0 0 -1.2071
353 354 0.0435094 0 -1.41194 0 0 0 0 -1.36843
354 355 1.88053e-05 0 0 0 0 0 0 1.88053e-05
355 356 0.0789033 0 -0.872292 0 0 0 0 -0.793389
356 357 0.134704 0 -1.22396 0 0 0 0 -1.08926
357 358 0.00387689 0 -1.37243 0 0 0 0 -1.36856
358 359 0.128691 0 -0.908887 0 0 0 0 -0.780196
360 361 0.209701 0 0 0 0 0 0 0.209701
361 362 0.0430773 0 -1.22183 0 0 0 0 -1.17876
362 363 0.00947595 0 0 0 0 0 0 0.00947595
363 364 0.0163847 0 -1.19987 0 0 0 0 -1.18348
364 365 0.239879 0 0 0 0 0 0 0.239879
365 366 0.022605 0 -1.23203 0 0 0 0 -1.20942
366 367 0.0267653 0 0 0 0 0 0 0.0267653
367 368 0.000239677 0 0 0 0 0 0 0.000239677
368 369 0.0128309 0 0 0 0 0 0 0.0128309
369 370 0.0278931 0 0 0 0 0 0 0.0278931
370 371 0.139206 0 -1.17734 0 0 0 0 -1.03813
371 372 0.0454807 0 -1.10482 0 0 0 0 -1.05934
372 373 0.0123373 0 -1.25251 0 0 0 0 -1.24018
373 374 0.204205 0 -1.32793 0 0 0 0 -1.12373
374 375 0.00234488 0 0 0 0 0 0 0.00234488
375 376 0.00570943 0 -1.19391 0 0 0 0 -1.1882
376 377 0.0351222 0 0 0 0 0 0 0.0351222
377 378 0.00511427 0 -1.33783 0 0 0 0 -1.33272
378 379 0.287315 0 -0 0 0 0 0 0.287315
380 381 0.0990694 0 0 0 0 0 0 0.0990694
381 382 0.0322163 0 0 0 0 0 0 0.0322163
382 383 0.00130192 0 -1.42793 0 0 0 0 -1.42663
383 384 0.0625214 0 -1.14359 0 0 0 0 -1.08107
384 385 0.0574671 0 0 0 0 0 0 0.0574671
385 386 0.0278436 0 -1.25535 0 0 0 0 -1.2275
386 387 0.038896 0 -1.09027 0 0 0 0 -1.05138
387 388 0.0231689 0 -0.98064 0 0 0 0 -0.957471
388 389 0.000209476 0 0 0 0 0 0 0.000209476
389 390 0.1903 0 0 0 0 0 0 0.1903
390 391 0.0371865 0 -1.38254 0 0 0 0 -1.34535
391 392 0.000705234 0 -1.37928 0 0 0 0 -1.37858
392 393 0.311813 0 -1.02746 0 0 0 0 -0.715649
393 394 0.000195483 0 -0.799248 0 0 0 0 -0.799053
394 395 0.0101194 0 -1.29243 0 0 0 0 -1.28231
395 396 0.0434377 0 -1.22238 0 0 0 0 -1.17895
396 397 0.0194058 0 -1.25086 0 0 0 0 -1.23146
397 398 0.00686419 0 0 0 0 0 0 0.00686419
398 399 0.00821246 0 0 0 0 0 0 0.00821246
400 401 0.00411244 0 -1.35351 0 0 0 0 -1.34939
401 402 0.00762346 0 0 0 0 0 0 0.00762346
402 403 0.00929431 0 -0.622691 0 0 0 0 -0.613397
403 404 0.0764437 0 -0.909942 0 0 0 0 -0.833499
404 405 0.000521398 0 -0.560111 0 0 0 0 -0.55959
405 406 0.00445181 0 -1.18218 0 0 0 0 -1.17773
406 407 0.00447139 0 -1.40542 0 0 0 0 -1.40095
407 408 0.000353366 0 0 0 0 0 0 0.000353366
408 409 0.0169275 0 -1.24406 0 0 0 0 -1.22713
409 410 0.00431678 0 -0.889992 0 0 0 0 -0.885676
410 411 0.000440953 0 0 0 0 0 0 0.000440953
411 412 0.158583 0 -1.20414 0 0 0 0 -1.04556
412 413 0.0118383 0 -1.26547 0 0 0 0 -1.25364
413 414 6.96468e-05 0 -1.16594 0 0 0 0 -1.16587
414 415 0.0192181 0 -0.605642 0 0 0 0 -0.586424
415 416 0.01819 0 -1.38006 0 0 0 0 -1.36187
416 417 0.0271754 0 0 0 0 0 0 0.0271754
417 418 0.00361515 0 -1.07163 0 0 0 0 -1.06801
418 419 0.000315204 0 -1.18721 0 0 0 0 -1.18689
420 421 0.0106933 0 0 0 0 0 0 0.0106933
421 422 0.0178475 0 -1.08183 0 0 0 0 -1.06398
422 423 0.0287044 0 -1.14974 0 0 0 0 -1.12103
423 424 0.0183992 0 -1.31743 0 0 0 0 -1.29903
424 425 0.0894346 0 0 0 0 0 0 0.0894346
425 426 0.0720158 0 0 0 0 0 0 0.0720158
426 427 0.0201556 0 -0.393538 0 0 0 0 -0.373382
427 428 0.0337724 0 0 0 0 0 0 0.0337724
428 429 0.0286867 0 -1.35505 0 0 0 0 -1.32637
429 430 0.104321 0 -1.01766 0 0 0 0 -0.913334
430 431 0.0455583 0 -1.23708 0 0 0 0 -1.19152
431 432 0.0623686 0 0 0 0 0 0 0.0623686
432 433 0.00288144 0 -0.584152 0 0 0 0 -0.581271
433 434 0.0967601 0 -0.84444 0 0 0 0 -0.74768
434 435 0.0303347 0 0 0 0 0 0 0.0303347
435 436 0.00388596 0 -0 0 0 0 0 0.00388596
436 437 0.0891044 0 0 0 0 0 0 0.0891044
437 438 0.015355 0 0 0 0 0 0 0.015355
438 439 0.0256474 0 -1.38033 0 0 0 0 -1.35468
440 441 0.00184068 0 -1.28144 0 0 0 0 -1.2796
441 442 0.0553827 0 0 0 0 0 0 0.0553827
442 443 0.0405242 0 -1.2275 0 0 0 0 -1.18697
443 444 0.0445282 0 -1.40981 0 0 0 0 -1.36528
444 445 0.000388374 0 -1.06753 0 0 0 0 -1.06714
445 446 3.95128e-08 0 0 0 0 0 0 3.95128e-08
446 447 0.0333429 0 -1.1765 0 0 0 0 -1.14316
447 448 0.124233 0 -1.12932 0 0 0 0 -1.00509
448 449 0.038875 0 -1.23366 0 0 0 0 -1.19479
449 450 0.0063835 0 -1.18914 0 0 0 0 -1.18275
450 451 0.0213297 0 -1.30493 0 0 0 0 -1.2836
451 452 0.0767281 0 0 0 0 0 0 0.0767281
452 453 0.152378 0 -1.10094 0 0 0 0 -0.948558
453 454 0.023718 0 -1.15387 0 0 0 0 -1.13016
454 455 0.0216143 0 -1.35043 0 0 0 0 -1.32882
455 456 0.38433 0 -1.19439 0 0 0 0 -0.810059
456 457 0.00115114 0 -1.29338 0 0 0 0 -1.29223
457 458 0.0741992 0 -0.975882 0 0 0 0 -0.901683
458 459 0.142167 0 0 0 0 0 0 0.142167
460 461 0.0483973 0 0 0 0 0 0 0.0483973
461 462 0.0199121 0 -1.16935 0 0 0 0 -1.14943
462 463 0.0106026 0 -1.40971 0 0 0 0 -1.39911
463 464 0.0414264 0 0 0 0 0 0 0.0414264
464 465 0.0145701 0 -1.11039 0 0 0 0 -1.09582
465 466 0.0974173 0 0 0 0 0 0 0.0974173
466 467 8.72528e-05 0 -1.44102 0 0 0 0 -1.44094
467 468 0.00133525 0 -1.23858 0 0 0 0 -1.23725
468 469 0.00743573 0 -1.05743 0 0 0 0 -1.04999
469 470 0.0314319 0 -1.14094 0 0 0 0 -1.10951
470 471 0.00923451 0 -1.1687 0 0 0 0 -1.15946
471 472 0.0202162 0 0 0 0 0 0 0.0202162
472 473 0.000645951 0 -1.12672 0 0 0 0 -1.12608
473 474 0.256395 0 -1.33006 0 0 0 0 -1.07366
474 475 2.14346e-05 0 0 0 0 0 0 2.14346e-05
475 476 0.00314234 0 -1.05279 0 0 0 0 -1.04965
476 477 0.0304321 0 -1.2388 0 0 0 0 -1.20837
477 478 0.022872 0 0 0 0 0 0 0.022872
478 479 0.21478 0 0 0 0 0 0 0.21478
480 481 0.0941536 0 0 0 0 0 0 0.0941536
481 482 0.00640997 0 0 0 0 0 0 0.00640997
482 483 0.00788159 0 -1.18273 0 0 0 0 -1.17485
483 484 4.39942e-06 0 0 0 0 0 0 4.39942e-06
484 485 0.0416843 0 -1.31657 0 0 0 0 -1.27489
485 486 0.0393766 0 -0.105348 0 0 0 0 -0.0659716
486 487 0.000322143 0 -1.01766 0 0 0 0 -1.01734
487 488 0.0469575 0 -0.943131 0 0 0 0 -0.896173
488 489 0.0533328 0 0 0 0 0 0 0.0533328
489 490 0.00952228 0 0 0 0 0 0 0.00952228
490 491 0.00014157 0 0 0 0 0 0 0.00014157
491 492 0.00578122 0 -1.04363 0 0 0 0 -1.03784
492 493 0.132631 0 0 0 0 0 0 0.132631
493 494 0.0202807 0 -0 0 0 0 0 0.0202807
494 495 0.0128156 0 -1.2454 0 0 0 0 -1.23259
495 496 0.307211 0 0 0 0 0 0 0.307211
496 497 0.00463134 0 0 0 0 0 0 0.00463134
497 498 0.00123964 0 -0 0 0 0 0 0.00123964
498 499 0.286054 0 0 0 0 0 0 0.286054
500 501 0.00211656 0 -1.26043 0 0 0 0 -1.25832
501 502 0.0316962 0 0 0 0 0 0 0.0316962
502 503 0.0972954 0 0 0 0 0 0 0.0972954
503 504 0.0596837 0 -1.37443 0 0 0 0 -1.31475
504 505 2.87476e-05 0 -0.78259 0 0 0 0 -0.782562
505 506 0.0450522 0 0 0 0 0 0 0.0450522
506 507 0.377664 0 0 0 0 0 0 0.377664
507 508 9.24405e-06 0 -0.709322 0 0 0 0 -0.709313
508 509 0.0166724 0 -1.24537 0 0 0 0 -1.2287
509 510 0.0236232 0 0 0 0 0 0 0.0236232
510 511 0.293219 0 0 0 0 0 0 0.293219
511 512 0.184623 0 -1.0016 0 0 0 0 -0.816977
512 513 0.0263275 0 0 0 0 0 0 0.0263275
513 514 0.00221982 0 0 0 0 0 0 0.00221982
514 515 0.000145381 0 -1.35149 0 0 0 0 -1.35135
515 516 1.10942e-05 0 0 0 0 0 0 1.10942e-05
516 517 0.000911876 0 0 0 0 0 0 0.000911876
517 518 0.140729 0 -0.14092 0 0 0 0 -0.000190563
518 519 0.0164926 0 -0 0 0 0 0 0.0164926
520 521 0.0475028 0 -1.3065 0 0 0 0 -1.259
521 522 0.00630775 0 -1.20366 0 0 0 0 -1.19735
522 523 0.0551073 0 -0 0 0 0 0 0.0551073
523 524 0.0755417 0 -0.944985 0 0 0 0 -0.869443
524 525 0.0322338 0 0 0 0 0 0 0.0322338
525 526 0.0646929 0 0 0 0 0 0 0.0646929
526 527 0.0249726 0 0 0 0 0 0 0.0249726
527 528 0.236079 0.0838382 0 0 0 0 0 0.319917
528 529 4.26095e-06 0 -1.09323 0 0 0 0 -1.09323
523 530 0 0 0 0 -0 -0.0550197 0 -0.0550197
529 530 0.171679 0 0 0 0 0 0 0.171679
530 531 0.119392 0 0 0 0 0 0 0.119392
531 532 0.00271559 0 -1.25791 0 0 0 0 -1.2552
532 533 0.00048197 0 -0.80922 0 0 0 0 -0.808738
533 534 0.00349893 0 -1.18863 0 0 0 0 -1.18513
534 535 0.0237784 0 -0.903399 0 0 0 0 -0.87962
535 536 0.00850327 0 -1.22157 0 0 0 0 -1.21307
536 537 0.0184904 0 -1.20649 0 0 0 0 -1.188
537 538 0.0202082 0 -1.45207 0 0 0 0 -1.43186
538 539 0.00283499 0 0 0 0 0 0 0.00283499
540 541 0.00134895 0 -1.13151 0 0 0 0 -1.13016
541 542 7.32752e-05 0 0 0 0 0 0 7.32752e-05
542 543 0.00994176 0 -1.24474 0 0 0 0 -1.2348
543 544 0.173074 0 -0 0 0 0 0 0.173074
544 545 0.00896008 0 -0.971087 0 0 0 0 -0.962127
545 546 0.000765906 0 0 0 0 0 0 0.000765906
546 547 0.00546447 0 0 0 0 0 0 0.00546447
546 548 0 0 0 0 0 -0 -2.05509e-07 -2.05509e-07
547 548 0.00293654 0 0 0 0 0 0 0.00293654
548 549 0.00186965 0 0 0 0 0 0 0.00186965
549 550 0.13453 0 0 0 0 0 0 0.13453
550 551 0.131333 0 -1.14742 0 0 0 0 -1.01609
551 552 0.0105749 0 -1.34343 0 0 0 0 -1.33286
552 553 0.0783196 0 -0.929046 0 0 0 0 -0.850727
553 554 0.249008 0 0 0 0 0 0 0.249008
554 555 0.0288799 0 -0 0 0 0 0 0.0288799
555 556 0.0324899 0 -1.31941 0 0 0 0 -1.28692
556 557 0.0167899 0 -1.2942 0 0 0 0 -1.27741
557 558 0.00100154 0 0 0 0 0 0 0.00100154
558 559 0.137022 0 -1.46433 0 0 0 0 -1.32731
560 561 0.040921 0 0 0 0 0 0 0.040921
561 562 0.0770096 0 0 0 0 0 0 0.0770096
562 563 0.000211393 0 -1.13597 0 0 0 0 -1.13576
563 564 0.0503136 0 0 0 0 0 0 0.0503136
564 565 0.0340475 0 -1.36672 0 0 0 0 -1.33267
565 566 0.000150213 0 -1.4134 0 0 0 0 -1.41325
566 567 0.0231961 0 -1.33802 0 0 0 0 -1.31483
567 568 0.0507369 0 0 0 0 0 0 0.0507369
568 569 0.0792617 0 0 0 0 0 0 0.0792617
569 570 0.0372525 0 -1.15062 0 0 0 0 -1.11337
570 571 0.00637694 0 -0.935141 0 0 0 0 -0.928764
571 572 0.110538 0 -1.01233 0 0 0 0 -0.901789
572 573 0.0532204 0 -1.38347 0 0 0 0 -1.33025
573 574 0.056413 0 -1.23624 0 0 0 0 -1.17982
574 575 0.301929 0 -0 0 0 0 0 0.301929
575 576 0.000951365 0 -0.557187 0 0 0 0 -0.556236
576 577 0.0238112 0 -1.19139 0 0 0 0 -1.16758
577 578 0.202314 0 0 0 0 0 0 0.202314
578 579 0.00228617 0 -1.22021 0 0 0 0 -1.21792
580 581 0.119045 0 -1.29697 0 0 0 0 -1.17792
581 582 0.00517815 0 -1.30929 0 0 0 0 -1.30411
582 583 0.342369 0 -0.846527 0 0 0 0 -0.504158
583 584 0.142639 0 0 0 0 0 0 0.142639
584 585 0.00366072 0 -1.23593 0 0 0 0 -1.23227
585 586 0.081913 0 -1.28176 0 0 0 0 -1.19985
586 587 0.00330812 0 -1.06701 0 0 0 0 -1.0637
587 588 0.0438001 0 0 0 0 0 0 0.0438001
588 589 0.071655 0 -1.22499 0 0 0 0 -1.15334
589 590 0.0275883 0 0 0 0 0 0 0.0275883
590 591 0.00011459 0 0 0 0 0 0 0.00011459
591 592 0.135592 0 -1.0196 0 0 0 0 -0.884005
592 593 0.0327748 0 -0.985413 0 0 0 0 -0.952638
593 594 0.206036 0 -1.17856 0 0 0 0 -0.972525
594 595 8.62418e-05 0 -1.33201 0 0 0 0 -1.33193
595 596 0.0812373 0 -1.44122 0 0 0 0 -1.35999
596 597 0.00612309 0 -1.40108 0 0 0 0 -1.39496
597 598 0.0577903 0 -0.966833 0 0 0 0 -0.909042
598 599 0.108097 0 -1.13573 0 0 0 0 -1.02763
#Total energy per particle is  -0.555905 and should be -0.55590510
