           0   0.000000
       10000  -0.743474
       20000  -1.749913
       30000  -0.161633
       40000  -7.021392
       50000  -6.544099
       60000  -6.221015
       70000  -4.812020
       80000  -5.220672
       90000  -4.901753
      100000  -6.123828
      110000  -4.869547
      120000  -4.528385
      130000  -7.042045
      140000  -4.661290
      150000  -8.603512
      160000  -5.641745
      170000  -4.100914
      180000  -5.108766
      190000  -4.606568
      200000  -8.241761
