           0   0.000000
       10000   0.000000
       20000   0.000000
       30000  -1.872752
       40000  -3.713320
       50000  -3.455173
       60000  -4.570131
       70000  -3.874214
       80000  -3.372984
       90000  -4.355020
      100000  -2.604918
      110000  -2.880493
      120000  -3.874637
      130000  -3.988498
      140000  -2.610911
      150000  -3.823529
      160000  -4.796292
      170000  -4.138451
      180000  -5.026246
      190000  -4.211371
      200000  -3.719796
