#id1 id2 FENE BEXC STCK NEXC HB CRSTCK CXSTCK total, t = 200000
0 1 0.0323889 0 0 0 0 0 0 0.0323889
1 2 0.00093382 0 -1.21191 0 0 0 0 -1.21098
2 3 0.056141 0 -1.13805 0 0 0 0 -1.08191
3 4 0.0250767 0 -1.20102 0 0 0 0 -1.17594
4 5 0.0117009 0 -1.01271 0 0 0 0 -1.00101
5 6 0.0484675 0 0 0 0 0 0 0.0484675
6 7 0.171538 0 -1.36069 0 0 0 0 -1.18915
7 8 0.0171896 0 -1.27105 0 0 0 0 -1.25386
8 9 0.00225686 0 -1.43403 0 0 0 0 -1.43177
9 10 0.000813057 0 -1.24971 0 0 0 0 -1.24889
10 11 0.0143659 0 0 0 0 0 0 0.0143659
11 12 0.00647072 0 0 0 0 0 0 0.00647072
12 13 0.0254871 0 0 0 0 0 0 0.0254871
13 14 0.144591 0 -0.919444 0 0 0 0 -0.774853
14 15 0.0406405 0 -1.23602 0 0 0 0 -1.19538
15 16 0.0157751 0 0 0 0 0 0 0.0157751
16 17 0.100295 0 -1.36953 0 0 0 0 -1.26923
17 18 0.00028821 0 -0.337449 0 0 0 0 -0.337161
18 19 0.0565994 0 -0.973478 0 0 0 0 -0.916878
20 21 0.000192313 0 -1.18122 0 0 0 0 -1.18103
21 22 0.00518537 0 0 0 0 0 0 0.00518537
22 23 0.0716321 0 -0.741983 0 0 0 0 -0.670351
23 24 0.0438529 0 -1.25119 0 0 0 0 -1.20734
24 25 0.0192839 0 -0.737241 0 0 0 0 -0.717957
25 26 0.134509 0 -1.29254 0 0 0 0 -1.15803
26 27 0.000320095 0 -0.998046 0 0 0 0 -0.997726
27 28 0.0225944 0 0 0 0 0 0 0.0225944
28 29 0.000904396 0 -1.15807 0 0 0 0 -1.15717
29 30 0.0699546 0 -1.02833 0 0 0 0 -0.958372
30 31 0.00675195 0 -1.36514 0 0 0 0 -1.35839
31 32 0.165186 0 -1.23956 0 0 0 0 -1.07437
32 33 0.00153695 0 -1.21826 0 0 0 0 -1.21672
33 34 0.00232569 0 -1.20145 0 0 0 0 -1.19913
34 35 0.0358749 0 -0 0 0 0 0 0.0358749
35 36 0.00026203 0 0 0 0 0 0 0.00026203
36 37 0.137836 0 -0.65349 0 0 0 0 -0.515654
37 38 0.00535777 0 -0.731406 0 0 0 0 -0.726048
38 39 0.00434841 0 0 0 0 0 0 0.00434841
40 41 0.000631689 0 -1.37388 0 0 0 0 -1.37324
41 42 0.00126474 0 -1.06231 0 0 0 0 -1.06105
42 43 0.0945477 0 -0 0 0 0 0 0.0945477
43 44 0.0630373 0 0 0 0 0 0 0.0630373
44 45 0.005807 0 -1.06352 0 0 0 0 -1.05772
45 46 0.040341 0 -1.35954 0 0 0 0 -1.3192
46 47 0.0116588 0 0 0 0 0 0 0.0116588
47 48 0.00187249 0 -1.22478 0 0 0 0 -1.22291
48 49 0.111513 0 -1.24163 0 0 0 0 -1.13012
49 50 0.0285857 0 -1.31398 0 0 0 0 -1.28539
50 51 0.0399439 0 0 0 0 0 0 0.0399439
51 52 0.026329 0 0 0 0 0 0 0.026329
52 53 0.147901 0 0 0 0 0 0 0.147901
53 54 0.0208481 0 -1.37606 0 0 0 0 -1.35522
54 55 0.0131776 0 -0.940091 0 0 0 0 -0.926914
55 56 0.000161309 0 -1.4144 0 0 0 0 -1.41423
56 57 0.000657898 0 -1.31652 0 0 0 0 -1.31586
57 58 0.0246661 0 -1.35308 0 0 0 0 -1.32842
58 59 0.0100942 0 0 0 0 0 0 0.0100942
60 61 0.0106905 0 0 0 0 0 0 0.0106905
61 62 0.00117502 0 -1.27999 0 0 0 0 -1.27881
62 63 0.011788 0 -1.19617 0 0 0 0 -1.18439
63 64 0.0831121 0 -1.00028 0 0 0 0 -0.917173
64 65 0.0641139 0 -0 0 0 0 0 0.0641139
65 66 4.58884e-07 0 -0.988058 0 0 0 0 -0.988057
66 67 0.0585205 0 0 0 0 0 0 0.0585205
67 68 0.0490004 0 -0.93869 0 0 0 0 -0.889689
68 69 7.39773e-06 0 0 0 0 0 0 7.39773e-06
69 70 0.051314 0 0 0 0 0 0 0.051314
70 71 0.0128982 0 0 0 0 0 0 0.0128982
71 72 6.39991e-05 0 -0.805856 0 0 0 0 -0.805792
72 73 0.0428077 0 -1.42662 0 0 0 0 -1.38382
73 74 0.125383 0 0 0 0 0 0 0.125383
74 75 0.0429163 0 -1.40841 0 0 0 0 -1.36549
75 76 0.114615 0 -0.825381 0 0 0 0 -0.710766
76 77 0.0294662 0 -1.30888 0 0 0 0 -1.27942
77 78 0.127066 0 -0.873661 0 0 0 0 -0.746595
78 79 0.0134148 0 -1.16668 0 0 0 0 -1.15327
80 81 0.0764017 0 -1.26791 0 0 0 0 -1.19151
81 82 0.00133388 0 0 0 0 0 0 0.00133388
82 83 0.000117145 0 0 0 0 0 0 0.000117145
83 84 0.0398975 0 -0 0 0 0 0 0.0398975
84 85 0.00425067 0 -1.43705 0 0 0 0 -1.4328
85 86 0.075904 0 0 0 0 0 0 0.075904
86 87 0.0272288 0 0 0 0 0 0 0.0272288
87 88 0.00662394 0 -1.40517 0 0 0 0 -1.39855
88 89 0.01517 0 0 0 0 0 0 0.01517
89 90 0.00115346 0 0 0 0 0 0 0.00115346
90 91 0.0122473 0 -1.29804 0 0 0 0 -1.28579
91 92 0.0066423 0 -1.05989 0 0 0 0 -1.05325
92 93 0.0510573 0 -0 0 0 0 0 0.0510573
93 94 0.000537242 0 0 0 0 0 0 0.000537242
94 95 0.0142807 0 -1.16791 0 0 0 0 -1.15362
95 96 0.00274895 0 -1.1969 0 0 0 0 -1.19415
96 97 0.00931159 0 0 0 0 0 0 0.00931159
97 98 0.00931226 0 -0.987409 0 0 0 0 -0.978097
98 99 0.0349459 0 -1.2078 0 0 0 0 -1.17286
100 101 0.0600323 0 -0 0 0 0 0 0.0600323
100 102 0 0 0 0.119555 -0 -0 -0 0.119555
101 102 0.000454541 0 -1.13155 0 0 0 0 -1.13109
102 103 0.00458663 0 0 0 0 0 0 0.00458663
103 104 0.0265337 0 0 0 0 0 0 0.0265337
104 105 0.0176748 0 0 0 0 0 0 0.0176748
105 106 0.0641127 0 0 0 0 0 0 0.0641127
106 107 0.05524 0 -1.1309 0 0 0 0 -1.07566
107 108 0.0843455 0 -1.3012 0 0 0 0 -1.21686
108 109 0.0707361 0 -1.19405 0 0 0 0 -1.12331
109 110 0.00111993 0 -1.38631 0 0 0 0 -1.38519
110 111 0.167519 0 0 0 0 0 0 0.167519
111 112 0.387456 0 0 0 0 0 0 0.387456
112 113 0.0239237 0 0 0 0 0 0 0.0239237
113 114 0.000722384 0 -1.20816 0 0 0 0 -1.20744
114 115 0.269659 0 0 0 0 0 0 0.269659
115 116 0.065425 0 0 0 0 0 0 0.065425
116 117 0.0701927 0 -0 0 0 0 0 0.0701927
117 118 0.0298278 0 0 0 0 0 0 0.0298278
118 119 0.000339698 0 0 0 0 0 0 0.000339698
120 121 0.0446608 0 -0.90933 0 0 0 0 -0.864669
121 122 0.0229502 0 0 0 0 0 0 0.0229502
122 123 0.000625506 0 0 0 0 0 0 0.000625506
123 124 0.0358939 0 -1.46034 0 0 0 0 -1.42445
124 125 0.036439 0 -1.26571 0 0 0 0 -1.22927
125 126 0.0225388 0 -1.15872 0 0 0 0 -1.13618
126 127 0.0891358 0 -1.22974 0 0 0 0 -1.1406
127 128 0.00607792 0 -1.14033 0 0 0 0 -1.13425
128 129 0.0045125 0 -1.04361 0 0 0 0 -1.03909
129 130 0.0645216 0 -1.23784 0 0 0 0 -1.17332
130 131 0.281119 0 0 0 0 0 0 0.281119
131 132 0.114035 0 0 0 0 0 0 0.114035
132 133 0.00649427 0 -0 0 0 0 0 0.00649427
133 134 0.0339222 0 0 0 0 0 0 0.0339222
134 135 0.172471 0 0 0 0 0 0 0.172471
135 136 0.0217018 0 0 0 0 0 0 0.0217018
136 137 0.0563895 0 -1.23972 0 0 0 0 -1.18333
137 138 0.278836 0 0 0 0 0 0 0.278836
138 139 0.0450451 0 -1.17143 0 0 0 0 -1.12639
140 141 0.00338976 0 0 0 0 0 0 0.00338976
141 142 0.00344656 0 -0.910452 0 0 0 0 -0.907006
142 143 0.370497 0 -0.800456 0 0 0 0 -0.429959
143 144 0.0146135 0 -1.15774 0 0 0 0 -1.14313
144 145 0.0475056 0 -1.32179 0 0 0 0 -1.27428
145 146 0.0299599 0 -0.906239 0 0 0 0 -0.876279
146 147 0.00681758 0 -1.25911 0 0 0 0 -1.25229
147 148 0.0135826 0 -0.920344 0 0 0 0 -0.906761
148 149 0.0394395 0 -1.24326 0 0 0 0 -1.20382
149 150 0.132858 0 -1.20867 0 0 0 0 -1.07581
150 151 0.0184249 0 0 0 0 0 0 0.0184249
151 152 0.280997 0 0 0 0 0 0 0.280997
152 153 0.205281 0 -0 0 0 0 0 0.205281
153 154 0.102267 0 -0.890613 0 0 0 0 -0.788347
154 155 0.024924 0 -6.52107e-06 0 0 0 0 0.0249175
155 156 0.00944363 0 -1.06204 0 0 0 0 -1.0526
156 157 0.0508593 0 -0.476409 0 0 0 0 -0.42555
157 158 0.0679066 0 -1.14273 0 0 0 0 -1.07482
158 159 0.0142846 0 0 0 0 0 0 0.0142846
160 161 0.0986142 0 -1.37242 0 0 0 0 -1.2738
161 162 0.000103963 0 -1.33569 0 0 0 0 -1.33559
162 163 0.0885901 0 -1.30973 0 0 0 0 -1.22114
163 164 0.00213358 0 -1.45247 0 0 0 0 -1.45034
164 165 0.00528766 0 -0.52692 0 0 0 0 -0.521632
165 166 0.000577977 0 -1.36064 0 0 0 0 -1.36006
166 167 0.00535925 0 0 0 0 0 0 0.00535925
167 168 0.0491268 0 -0.832138 0 0 0 0 -0.783011
168 169 0.0330289 0 0 0 0 0 0 0.0330289
169 170 0.00922033 0 -1.18417 0 0 0 0 -1.17495
170 171 0.000391906 0 -1.2419 0 0 0 0 -1.24151
171 172 0.00417199 0 -1.22068 0 0 0 0 -1.21651
172 173 0.100058 0 0 0 0 0 0 0.100058
173 174 0.00664827 0 -1.33886 0 0 0 0 -1.33221
174 175 0.0356021 0 -1.33266 0 0 0 0 -1.29706
175 176 0.0558757 0 0 0 0 0 0 0.0558757
176 177 0.00213422 0 0 0 0 0 0 0.00213422
177 178 0.00507222 0 0 0 0 0 0 0.00507222
178 179 0.00209185 0 -0 0 0 0 0 0.00209185
180 181 0.0283611 0 0 0 0 0 0 0.0283611
181 182 0.000876818 0 -1.2413 0 0 0 0 -1.24042
182 183 0.0792949 0 -1.12343 0 0 0 0 -1.04413
183 184 0.0181073 0 0 0 0 0 0 0.0181073
184 185 0.038416 0 -1.3681 0 0 0 0 -1.32968
185 186 0.00447138 0 -1.2552 0 0 0 0 -1.25073
186 187 0.0255852 0 -1.20436 0 0 0 0 -1.17878
187 188 0.383895 0 -0.867594 0 0 0 0 -0.483699
188 189 0.00440876 0 -0.928573 0 0 0 0 -0.924164
189 190 0.0727185 0 -0.969135 0 0 0 0 -0.896417
190 191 0.0642822 0 -1.25058 0 0 0 0 -1.1863
191 192 0.316097 0 0 0 0 0 0 0.316097
192 193 0.00314111 0 0 0 0 0 0 0.00314111
193 194 0.00429121 0 0 0 0 0 0 0.00429121
194 195 0.00246985 0 -1.30029 0 0 0 0 -1.29782
195 196 0.0260165 0 0 0 0 0 0 0.0260165
196 197 0.395048 0 -1.40079 0 0 0 0 -1.00575
197 198 0.0669934 0 0 0 0 0 0 0.0669934
198 199 0.117561 0 0 0 0 0 0 0.117561
200 201 0.184907 0 -1.19289 0 0 0 0 -1.00798
201 202 0.000657678 0 0 0 0 0 0 0.000657678
202 203 0.0953296 0 0 0 0 0 0 0.0953296
203 204 0.0895448 0 -1.03394 0 0 0 0 -0.944399
204 205 0.00583405 0 -1.25207 0 0 0 0 -1.24624
205 206 0.000194531 0 -1.40585 0 0 0 0 -1.40565
206 207 0.0135607 0 -1.34216 0 0 0 0 -1.3286
207 208 0.0213168 0 -1.08933 0 0 0 0 -1.06801
208 209 0.00361119 0 -1.37129 0 0 0 0 -1.36767
209 210 0.0367764 0 -0.953765 0 0 0 0 -0.916989
210 211 0.251221 0 0 0 0 0 0 0.251221
211 212 0.00735223 0 0 0 0 0 0 0.00735223
212 213 0.0109111 0.00100605 -0 0 0 0 0 0.0119171
213 214 0.0963186 0 0 0 0 0 0 0.0963186
214 215 0.0935394 0 -1.10741 0 0 0 0 -1.01387
215 216 0.00541113 0 -1.22274 0 0 0 0 -1.21733
216 217 0.00391412 0 -1.15422 0 0 0 0 -1.1503
217 218 0.122222 0 -1.42602 0 0 0 0 -1.3038
218 219 0.0108223 0 -1.32199 0 0 0 0 -1.31116
220 221 0.014179 0 -1.33715 0 0 0 0 -1.32297
221 222 0.05125 0 -1.25208 0 0 0 0 -1.20083
222 223 0.0411987 0 0 0 0 0 0 0.0411987
223 224 0.00785356 0 0 0 0 0 0 0.00785356
224 225 0.299402 0 -0.96389 0 0 0 0 -0.664488
225 226 0.0113942 0 -0 0 0 0 0 0.0113942
226 227 0.0848354 0 -1.08428 0 0 0 0 -0.999443
227 228 0.107832 0 -1.22395 0 0 0 0 -1.11612
228 229 0.0267947 0 0 0 0 0 0 0.0267947
229 230 1.78204e-05 0 0 0 0 0 0 1.78204e-05
230 231 0.0384309 0 -1.36497 0 0 0 0 -1.32654
231 232 0.0270747 0 -1.30342 0 0 0 0 -1.27635
232 233 0.12489 0 0 0 0 0 0 0.12489
233 234 0.0149045 0 -1.05255 0 0 0 0 -1.03765
234 235 0.0139971 0 -0.0144406 0 0 0 0 -0.000443471
235 236 0.0168711 0 -1.39527 0 0 0 0 -1.3784
236 237 0.152906 0 0 0 0 0 0 0.152906
237 238 0.245503 0 -0.810579 0 0 0 0 -0.565076
238 239 0.062716 0 -0.543334 0 0 0 0 -0.480618
240 241 0.0226074 0 0 0 0 0 0 0.0226074
241 242 0.0931599 0 0 0 0 0 0 0.0931599
242 243 0.071539 0 -1.20216 0 0 0 0 -1.13062
243 244 0.0287664 0 -1.01227 0 0 0 0 -0.983506
244 245 0.00155051 0 -1.25442 0 0 0 0 -1.25287
245 246 0.00728202 0 -1.41234 0 0 0 0 -1.40506
246 247 0.148255 0 -1.31926 0 0 0 0 -1.17101
247 248 0.0848574 0 -0.912289 0 0 0 0 -0.827432
248 249 0.0155876 0 -0.717052 0 0 0 0 -0.701465
249 250 0.054333 0 -0.710177 0 0 0 0 -0.655844
250 251 0.00388603 0 -0.990511 0 0 0 0 -0.986625
251 252 0.017719 0 -1.29164 0 0 0 0 -1.27392
252 253 0.00599491 0 -1.43184 0 0 0 0 -1.42585
253 254 0.0512614 0 -1.19867 0 0 0 0 -1.14741
254 255 0.0376683 0 -0.615554 0 0 0 0 -0.577886
255 256 0.0332057 0 -1.1388 0 0 0 0 -1.10559
256 257 0.111722 0 -1.40089 0 0 0 0 -1.28917
257 258 0.0279734 0 -1.43697 0 0 0 0 -1.409
258 259 0.0173534 0 -1.11214 0 0 0 0 -1.09478
260 261 0.00270432 0 0 0 0 0 0 0.00270432
261 262 0.00393105 0 -0.861389 0 0 0 0 -0.857458
262 263 0.0279845 0 0 0 0 0 0 0.0279845
263 264 0.0312777 0 -1.28642 0 0 0 0 -1.25515
264 265 0.474089 0 -1.11187 0 0 0 0 -0.637777
265 266 0.00501625 0 0 0 0 0 0 0.00501625
266 267 0.00591549 0 -1.04939 0 0 0 0 -1.04347
267 268 0.171029 0 -0.869855 0 0 0 0 -0.698826
268 269 0.00827154 0 0 0 0 0 0 0.00827154
269 270 0.188534 0 0 0 0 0 0 0.188534
270 271 0.0265658 0 -1.22908 0 0 0 0 -1.20252
271 272 0.0254599 0 0 0 0 0 0 0.0254599
272 273 0.013662 0 0 0 0 0 0 0.013662
273 274 0.00478334 0 -1.28443 0 0 0 0 -1.27965
274 275 0.00450936 0 -0.941147 0 0 0 0 -0.936637
275 276 0.0109209 0 0 0 0 0 0 0.0109209
276 277 0.0327687 0 -1.19355 0 0 0 0 -1.16078
277 278 0.0452354 0 -1.16342 0 0 0 0 -1.11819
278 279 0.112631 0 0 0 0 0 0 0.112631
280 281 0.0705301 0 -1.35872 0 0 0 0 -1.28819
281 282 0.00404492 0 -1.13591 0 0 0 0 -1.13187
282 283 0.0919027 0 0 0 0 0 0 0.0919027
283 284 0.0347307 0 0 0 0 0 0 0.0347307
284 285 0.0148485 0 -1.40729 0 0 0 0 -1.39244
285 286 0.0078253 0 -0.776625 0 0 0 0 -0.7688
286 287 0.0834978 0 -1.22092 0 0 0 0 -1.13743
287 288 0.0106436 0 -1.30407 0 0 0 0 -1.29343
288 289 0.0198044 0 -1.27073 0 0 0 0 -1.25093
289 290 0.112533 0 0 0 0 0 0 0.112533
290 291 0.0101463 0 -1.04871 0 0 0 0 -1.03856
291 292 0.00311826 0 0 0 0 0 0 0.00311826
292 293 0.00261145 0 -1.01846 0 0 0 0 -1.01585
293 294 0.00418267 0 0 0 0 0 0 0.00418267
294 295 0.0014455 0 -1.21335 0 0 0 0 -1.21191
295 296 0.101268 0 -1.40428 0 0 0 0 -1.30301
296 297 0.0318786 0 -1.36915 0 0 0 0 -1.33727
297 298 0.150011 0 -1.05027 0 0 0 0 -0.900259
298 299 0.016962 0 -1.10452 0 0 0 0 -1.08756
300 301 0.0091267 0 0 0 0 0 0 0.0091267
301 302 0.193179 0 -1.24767 0 0 0 0 -1.05449
302 303 1.83524e-05 0 0 0 0 0 0 1.83524e-05
303 304 0.00467706 0 0 0 0 0 0 0.00467706
304 305 0.00120614 0 0 0 0 0 0 0.00120614
305 306 0.00031759 0 -1.35923 0 0 0 0 -1.35891
306 307 0.0041122 0 0 0 0 0 0 0.0041122
307 308 0.00646334 0 0 0 0 0 0 0.00646334
308 309 0.000473294 0 0 0 0 0 0 0.000473294
309 310 0.00540958 0 0 0 0 0 0 0.00540958
310 311 0.00241823 0 -1.25193 0 0 0 0 -1.24951
311 312 0.0300334 0 -1.30339 0 0 0 0 -1.27336
312 313 0.000874998 0 -1.41292 0 0 0 0 -1.41204
313 314 1.81388e-05 0 -1.2389 0 0 0 0 -1.23888
314 315 0.000205087 0 0 0 0 0 0 0.000205087
315 316 0.0529849 0 0 0 0 0 0 0.0529849
316 317 0.00384474 0 -1.19703 0 0 0 0 -1.19318
317 318 0.0705108 0 -1.28038 0 0 0 0 -1.20987
318 319 0.10408 0 -1.06959 0 0 0 0 -0.965512
320 321 0.00137772 0 -1.25613 0 0 0 0 -1.25476
321 322 0.000353952 0 0 0 0 0 0 0.000353952
322 323 0.00112838 0 -0.825325 0 0 0 0 -0.824197
323 324 0.000679062 0 0 0 0 0 0 0.000679062
324 325 0.0320548 0 -1.06331 0 0 0 0 -1.03126
325 326 8.64246e-05 0 -1.2628 0 0 0 0 -1.26271
326 327 0.0194866 0 0 0 0 0 0 0.0194866
327 328 0.000101038 0 0 0 0 0 0 0.000101038
328 329 0.00319987 0 0 0 0 0 0 0.00319987
329 330 0.00741931 0 -0.615036 0 0 0 0 -0.607617
330 331 0.00035199 0 0 0 0 0 0 0.00035199
331 332 0.0785807 0 -0.865754 0 0 0 0 -0.787173
332 333 0.0836953 0 -1.04197 0 0 0 0 -0.958278
333 334 0.273595 0 0 0 0 0 0 0.273595
334 335 0.00519761 0 -1.29124 0 0 0 0 -1.28604
335 336 0.202394 0 0 0 0 0 0 0.202394
336 337 0.228907 0 -1.32897 0 0 0 0 -1.10006
337 338 0.0021106 0 -1.18578 0 0 0 0 -1.18367
338 339 0.00767006 0 0 0 0 0 0 0.00767006
340 341 0.234682 0 0 0 0 0 0 0.234682
341 342 0.0158303 0 -1.31397 0 0 0 0 -1.29814
342 343 0.125969 0 -1.34448 0 0 0 0 -1.21851
343 344 0.046625 0 -1.24569 0 0 0 0 -1.19906
344 345 0.0229037 0 0 0 0 0 0 0.0229037
345 346 0.0894069 0 -0 0 0 0 0 0.0894069
346 347 0.00764829 0 0 0 0 0 0 0.00764829
347 348 0.00976757 0 -0.00369413 0 0 0 0 0.00607344
348 349 0.00485329 0 0 0 0 0 0 0.00485329
349 350 0.0114718 0 -1.01037 0 0 0 0 -0.998901
350 351 0.00544527 0 -1.3478 0 0 0 0 -1.34235
351 352 0.000230907 0 -1.33805 0 0 0 0 -1.33782
352 353 0.0793337 0 0 0 0 0 0 0.0793337
353 354 0.0348519 0 0 0 0 0 0 0.0348519
354 355 0.00127999 0 -1.318 0 0 0 0 -1.31672
355 356 0.00405062 0 0 0 0 0 0 0.00405062
356 357 0.000728205 0 0 0 0 0 0 0.000728205
357 358 0.166315 0 0 0 0 0 0 0.166315
358 359 0.000410056 0 0 0 0 0 0 0.000410056
360 361 0.0269022 0 -1.16984 0 0 0 0 -1.14294
361 362 0.0538694 0 0 0 0 0 0 0.0538694
362 363 0.000269177 0 0 0 0 0 0 0.000269177
363 364 0.0277629 0 -1.23739 0 0 0 0 -1.20962
364 365 0.00598443 0 -0.527258 0 0 0 0 -0.521274
365 366 0.0790902 0 0 0 0 0 0 0.0790902
366 367 0.0269277 0 -1.35731 0 0 0 0 -1.33038
367 368 0.131763 0 -1.42495 0 0 0 0 -1.29319
368 369 0.142818 0 -1.3149 0 0 0 0 -1.17208
369 370 0.0136827 0 -1.30924 0 0 0 0 -1.29556
370 371 0.0124476 0 -1.15139 0 0 0 0 -1.13894
371 372 0.0357125 0 -1.29705 0 0 0 0 -1.26133
372 373 0.00479362 0 -1.33032 0 0 0 0 -1.32553
373 374 0.0239973 0 -0.664489 0 0 0 0 -0.640492
374 375 9.77046e-07 0 -1.09649 0 0 0 0 -1.09649
375 376 0.090141 0 0 0 0 0 0 0.090141
376 377 0.0748157 0 -1.19594 0 0 0 0 -1.12112
377 378 0.00583018 0 -1.14619 0 0 0 0 -1.14036
378 379 0.000923092 0 -1.23369 0 0 0 0 -1.23277
380 381 0.0992375 0 -1.34628 0 0 0 0 -1.24704
381 382 0.000105129 0 -1.24614 0 0 0 0 -1.24603
382 383 0.0396398 0 0 0 0 0 0 0.0396398
383 384 0.0287064 0 -0.341705 0 0 0 0 -0.312998
384 385 0.0011058 0 -1.11708 0 0 0 0 -1.11597
385 386 0.0976093 0 -1.02695 0 0 0 0 -0.929342
386 387 0.0456008 0 -0 0 0 0 0 0.0456008
387 388 0.00698409 0 -1.29683 0 0 0 0 -1.28985
388 389 0.220387 0 -1.32378 0 0 0 0 -1.10339
389 390 0.00500793 0 0 0 0 0 0 0.00500793
390 391 0.0265614 0 -0.795293 0 0 0 0 -0.768731
391 392 0.00574539 0 -1.29095 0 0 0 0 -1.28521
392 393 0.0251623 0 0 0 0 0 0 0.0251623
393 394 0.00578737 0 0 0 0 0 0 0.00578737
394 395 0.00735283 0 0 0 0 0 0 0.00735283
395 396 0.0162557 0 0 0 0 0 0 0.0162557
396 397 0.442851 0 -1.24902 0 0 0 0 -0.80617
397 398 0.107331 0 0 0 0 0 0 0.107331
398 399 0.157328 0 0 0 0 0 0 0.157328
400 401 0.191441 0 0 0 0 0 0 0.191441
401 402 0.00120364 0 -0.910631 0 0 0 0 -0.909427
402 403 0.0533694 0 0 0 0 0 0 0.0533694
403 404 0.00387485 0 -1.06054 0 0 0 0 -1.05666
404 405 5.97742e-05 0 -1.3011 0 0 0 0 -1.30104
405 406 0.0897787 0 0 0 0 0 0 0.0897787
406 407 0.0127401 0 -1.40772 0 0 0 0 -1.39498
407 408 0.000814077 0 -0.831771 0 0 0 0 -0.830957
408 409 0.020936 0 -1.37683 0 0 0 0 -1.35589
409 410 0.0163658 0 -1.27711 0 0 0 0 -1.26074
410 411 0.0920654 0 -0.483714 0 0 0 0 -0.391649
411 412 0.0292733 0 0 0 0 0 0 0.0292733
412 413 0.00740446 0 0 0 0 0 0 0.00740446
413 414 0.0291507 0 -0.964898 0 0 0 0 -0.935747
414 415 0.00269661 0 0 0 0 0 0 0.00269661
415 416 0.0636187 0 -1.27382 0 0 0 0 -1.21021
416 417 0.00936766 0 -1.19902 0 0 0 0 -1.18965
417 418 0.000271024 0 -1.08285 0 0 0 0 -1.08258
418 419 0.00432143 0 -1.22419 0 0 0 0 -1.21987
420 421 0.151284 0 -1.13982 0 0 0 0 -0.988533
421 422 0.0116272 0 0 0 0 0 0 0.0116272
422 423 0.140078 0 -0 0 0 0 0 0.140078
423 424 0.127074 0 -1.34719 0 0 0 0 -1.22011
424 425 0.0661706 0 0 0 0 0 0 0.0661706
425 426 0.0221345 0 0 0 0 0 0 0.0221345
426 427 0.0340732 0 0 0 0 0 0 0.0340732
427 428 0.00879481 0 -1.13312 0 0 0 0 -1.12433
425 429 0 0 0 0.00588031 -0 -0 -0 0.00588031
428 429 5.61449e-05 0 -1.28465 0 0 0 0 -1.2846
425 430 0 0 0 0 0 -0.00377961 -0 -0.00377961
429 430 0.00144065 0 -0.990314 0 0 0 0 -0.988874
430 431 0.0490671 0 0 0 0 0 0 0.0490671
431 432 0.000255935 0 0 0 0 0 0 0.000255935
432 433 0.00448315 0 -1.14308 0 0 0 0 -1.1386
433 434 0.0783342 0 -1.26 0 0 0 0 -1.18166
434 435 0.0962877 0 0 0 0 0 0 0.0962877
435 436 0.000272356 0 -0.943033 0 0 0 0 -0.942761
436 437 0.030089 0 -1.30834 0 0 0 0 -1.27825
437 438 0.0244619 0 -1.30012 0 0 0 0 -1.27566
438 439 0.0985727 0 -0 0 0 0 0 0.0985727
440 441 0.00195222 0 0 0 0 0 0 0.00195222
441 442 0.000377744 0 0 0 0 0 0 0.000377744
442 443 0.0307043 0 -0 0 0 0 0 0.0307043
443 444 0.0402298 0 0 0 0 0 0 0.0402298
444 445 0.0238969 0 0 0 0 0 0 0.0238969
445 446 0.0158238 0 -0.904234 0 0 0 0 -0.88841
446 447 0.0575555 0 0 0 0 0 0 0.0575555
447 448 0.00287469 0 0 0 0 0 0 0.00287469
448 449 0.169771 0 -1.05627 0 0 0 0 -0.886497
449 450 0.0366715 0 -1.24257 0 0 0 0 -1.2059
450 451 0.0197149 0 -0 0 0 0 0 0.0197149
451 452 0.0169867 0 0 0 0 0 0 0.0169867
452 453 0.155108 0 0 0 0 0 0 0.155108
453 454 0.00274078 0 0 0 0 0 0 0.00274078
454 455 0.0579286 0 -1.28421 0 0 0 0 -1.22628
455 456 0.0149784 0 0 0 0 0 0 0.0149784
456 457 0.0423954 0 -1.03091 0 0 0 0 -0.988512
457 458 0.25342 0 0 0 0 0 0 0.25342
458 459 0.000125715 0 -1.38144 0 0 0 0 -1.38131
460 461 0.0205756 0 -1.2524 0 0 0 0 -1.23182
461 462 0.0906185 0 0 0 0 0 0 0.0906185
462 463 0.0188437 0 -0.7813 0 0 0 0 -0.762456
463 464 0.212526 0 0 0 0 0 0 0.212526
464 465 0.118711 0 -1.23905 0 0 0 0 -1.12034
465 466 0.0063221 0 -1.43266 0 0 0 0 -1.42634
466 467 0.0787743 0 -0.150255 0 0 0 0 -0.0714802
467 468 0.180137 0 0 0 0 0 0 0.180137
468 469 0.0077254 0 -1.10458 0 0 0 0 -1.09686
469 470 0.00474796 0 -0.830843 0 0 0 0 -0.826095
470 471 0.173943 0 -1.2096 0 0 0 0 -1.03565
471 472 0.00904921 0 -1.20283 0 0 0 0 -1.19378
472 473 0.00444435 0 -1.22287 0 0 0 0 -1.21843
473 474 0.0876696 0 -1.05315 0 0 0 0 -0.965483
474 475 0.0088184 0 0 0 0 0 0 0.0088184
475 476 0.00897211 0 0 0 0 0 0 0.00897211
476 477 0.102406 0 -1.02582 0 0 0 0 -0.923416
477 478 0.0367708 0 0 0 0 0 0 0.0367708
465 479 0 0 0 0 0 -0.00565466 0 -0.00565466
464 479 0 0 0 0 0 -0.0203051 -0 -0.0203051
478 479 0.00172072 0 0 0 0 0 0 0.00172072
480 481 0.00183621 0 -1.14028 0 0 0 0 -1.13844
481 482 0.00199307 0 -1.24127 0 0 0 0 -1.23928
482 483 0.0467632 0 -1.21133 0 0 0 0 -1.16456
483 484 0.0101351 0 -1.24523 0 0 0 0 -1.2351
484 485 0.011922 0 -1.09862 0 0 0 0 -1.0867
483 486 0 0 0 0 0 -0.00011023 -0 -0.00011023
485 486 0.00180503 0 -0 0 0 0 0 0.00180503
482 487 0 0 0 0 0 -0.176831 0 -0.176831
486 487 0.00243624 0 -0 0 0 0 0 0.00243624
483 488 0 0 0 0 0 -0.0986027 -0 -0.0986027
482 488 0 0 0 0 -0.618519 0 -0 -0.618519
481 488 0 0 0 0 0 -0.175333 0 -0.175333
487 488 0.0150797 0 -1.29972 0 0 0 0 -1.28464
482 489 0 0 0 0 0 -0.15458 0 -0.15458
481 489 0 0 0 0 -0.684064 0 -0 -0.684064
480 489 0 0 0 0 0 -0.000893663 0 -0.000893663
488 489 0.00122925 0 -1.13862 0 0 0 0 -1.13739
481 490 0 0 0 0 0 -0.0908746 0 -0.0908746
480 490 0 0 0 0 0 -0.0431749 0 -0.0431749
489 490 0.0225244 0 -1.15916 0 0 0 0 -1.13663
490 491 0.049918 0 -0.906283 0 0 0 0 -0.856365
491 492 0.0168446 0 0 0 0 0 0 0.0168446
492 493 0.0797184 0 -1.35994 0 0 0 0 -1.28023
493 494 0.0137552 0 -0.655558 0 0 0 0 -0.641803
494 495 0.00389996 0 0 0 0 0 0 0.00389996
495 496 0.0302572 0 0 0 0 0 0 0.0302572
496 497 0.00799272 0 -0.967903 0 0 0 0 -0.959911
497 498 0.00828464 0 -1.17256 0 0 0 0 -1.16427
498 499 1.90647e-05 0 -1.06459 0 0 0 0 -1.06457
500 501 0.0697281 0 0 0 0 0 0 0.0697281
501 502 0.0235688 0 -1.47591 0 0 0 0 -1.45235
502 503 0.00422304 0 -1.08212 0 0 0 0 -1.07789
503 504 0.152509 0 0 0 0 0 0 0.152509
504 505 0.0441938 0 -1.18698 0 0 0 0 -1.14278
505 506 0.000806028 0 0 0 0 0 0 0.000806028
506 507 0.0463503 0 -1.22333 0 0 0 0 -1.17698
507 508 0.00388766 0 -1.36654 0 0 0 0 -1.36266
508 509 4.75737e-06 0 -1.28755 0 0 0 0 -1.28754
509 510 0.0162881 0 -0 0 0 0 0 0.0162881
510 511 0.00600555 0 -1.22653 0 0 0 0 -1.22053
511 512 0.0182466 0 -1.19405 0 0 0 0 -1.1758
512 513 0.0380061 0 0 0 0 0 0 0.0380061
513 514 0.0700012 0 0 0 0 0 0 0.0700012
514 515 0.281598 0 -1.10909 0 0 0 0 -0.827491
515 516 0.0969161 0 0 0 0 0 0 0.0969161
516 517 0.00602372 0 -1.23299 0 0 0 0 -1.22697
517 518 0.0226495 0 -1.07837 0 0 0 0 -1.05572
518 519 0.0541964 0 0 0 0 0 0 0.0541964
520 521 0.00381861 0 0 0 0 0 0 0.00381861
521 522 0.0478596 0 -1.23324 0 0 0 0 -1.18539
522 523 0.000393126 0 -1.23354 0 0 0 0 -1.23315
523 524 0.0437622 0 -1.41196 0 0 0 0 -1.3682
524 525 0.0727909 0 -1.22588 0 0 0 0 -1.15309
525 526 0.00203378 0 -1.28574 0 0 0 0 -1.2837
526 527 0.00647875 0 0 0 0 0 0 0.00647875
527 528 0.00800825 0 -1.1324 0 0 0 0 -1.12439
528 529 0.250658 0 -1.42777 0 0 0 0 -1.17711
529 530 0.0156429 0 -1.05633 0 0 0 0 -1.04069
530 531 0.00246031 0 0 0 0 0 0 0.00246031
531 532 0.00117126 0 0 0 0 0 0 0.00117126
532 533 0.0590562 0 0 0 0 0 0 0.0590562
533 534 0.0278857 0 -1.13391 0 0 0 0 -1.10603
534 535 0.00412127 0 0 0 0 0 0 0.00412127
535 536 0.000612273 0 -1.22931 0 0 0 0 -1.2287
536 537 0.103586 0 -1.36201 0 0 0 0 -1.25843
537 538 0.0998759 0 0 0 0 0 0 0.0998759
538 539 0.0428324 0 -1.31476 0 0 0 0 -1.27193
540 541 0.0101048 0 0 0 0 0 0 0.0101048
541 542 0.00173043 0 -0.91504 0 0 0 0 -0.913309
542 543 0.458016 0 -0.797548 0 0 0 0 -0.339532
542 544 0 0 0 0.0423254 0 0 0 0.0423254
543 544 0.0173744 0 -0 0 0 0 0 0.0173744
544 545 0.00518133 0 0 0 0 0 0 0.00518133
545 546 0.0101824 0 -1.29148 0 0 0 0 -1.2813
546 547 0.109859 0 0 0 0 0 0 0.109859
547 548 0.0119412 0 -1.43779 0 0 0 0 -1.42585
548 549 0.0513568 0 -1.24557 0 0 0 0 -1.19422
549 550 0.00160731 0 0 0 0 0 0 0.00160731
550 551 6.97389e-06 0 -1.21944 0 0 0 0 -1.21943
551 552 0.00455579 0 0 0 0 0 0 0.00455579
552 553 0.00722988 0 0 0 0 0 0 0.00722988
553 554 0.0662895 0 0 0 0 0 0 0.0662895
554 555 0.0684464 0 -0 0 0 0 0 0.0684464
555 556 0.0479167 0 -0 0 0 0 0 0.0479167
555 557 0 0 0 0 0 -0 -0.000376555 -0.000376555
556 557 0.019291 0 -1.18225 0 0 0 0 -1.16296
557 558 0.0273044 0 -1.21422 0 0 0 0 -1.18691
558 559 0.00520401 0 -0.955048 0 0 0 0 -0.949844
560 561 0.122777 0 -1.15798 0 0 0 0 -1.03521
561 562 0.0249094 0 -1.06017 0 0 0 0 -1.03526
562 563 5.37099e-05 0 -1.15226 0 0 0 0 -1.15221
563 564 0.251017 0 -0.655892 0 0 0 0 -0.404875
564 565 0.00445751 0 -1.16018 0 0 0 0 -1.15573
565 566 0.016303 0 -0.829006 0 0 0 0 -0.812703
566 567 0.0230453 0 0 0 0 0 0 0.0230453
567 568 0.0100094 0 -1.31767 0 0 0 0 -1.30766
568 569 0.0070718 0 -1.3273 0 0 0 0 -1.32023
569 570 0.0420799 0 0 0 0 0 0 0.0420799
570 571 0.185027 0 -1.30191 0 0 0 0 -1.11688
571 572 0.030322 0 -1.30618 0 0 0 0 -1.27586
572 573 0.0117075 0 -1.06451 0 0 0 0 -1.0528
573 574 0.00554751 0 0 0 0 0 0 0.00554751
574 575 0.019607 0 -1.16186 0 0 0 0 -1.14225
575 576 0.0354872 0 -1.22015 0 0 0 0 -1.18466
576 577 0.0820139 0 -1.47194 0 0 0 0 -1.38993
577 578 0.179679 0 0 0 0 0 0 0.179679
578 579 0.00149468 0 -1.30357 0 0 0 0 -1.30207
580 581 0.675298 0 -1.12285 0 0 0 0 -0.447551
581 582 0.00308947 0 -1.12208 0 0 0 0 -1.11899
582 583 0.00658987 0 -1.32483 0 0 0 0 -1.31824
583 584 0.0897758 0 -1.07155 0 0 0 0 -0.981776
584 585 0.107141 0 -0.861699 0 0 0 0 -0.754557
585 586 0.0319649 0 0 0 0 0 0 0.0319649
586 587 0.0665937 0 0 0 0 0 0 0.0665937
587 588 0.0904374 0 0 0 0 0 0 0.0904374
588 589 0.15758 0 -0.845275 0 0 0 0 -0.687695
589 590 0.0504607 0 0 0 0 0 0 0.0504607
590 591 0.0193805 0 -1.27933 0 0 0 0 -1.25995
589 592 0 0 0 0 -0 -0.079158 -0 -0.079158
591 592 0.00069768 0 -0.780141 0 0 0 0 -0.779444
588 593 0 0 0 0 0 -0.0694867 -0 -0.0694867
592 593 0.00322028 0 -1.33902 0 0 0 0 -1.3358
589 594 0 0 0 0 0 -0.095187 -0 -0.095187
593 594 0.00183962 0 -1.40526 0 0 0 0 -1.40342
594 595 0.00489152 0 0 0 0 0 0 0.00489152
595 596 0.0319363 0 0 0 0 0 0 0.0319363
596 597 0.00206019 0 0 0 0 0 0 0.00206019
597 598 0.00599371 0 0 0 0 0 0 0.00599371
598 599 0.0181208 0 -1.22587 0 0 0 0 -1.20775
600 601 0.154524 0 -0 0 0 0 0 0.154524
601 602 0.00075175 0 0 0 0 0 0 0.00075175
602 603 0.086532 0 0 0 0 0 0 0.086532
603 604 0.000314221 0 0 0 0 0 0 0.000314221
604 605 0.0140803 0 -1.03713 0 0 0 0 -1.02304
605 606 0.0100842 0 -1.22258 0 0 0 0 -1.2125
606 607 0.000140782 0 0 0 0 0 0 0.000140782
607 608 8.54275e-05 0 -1.22403 0 0 0 0 -1.22394
608 609 0.0732246 0 -0.979444 0 0 0 0 -0.90622
609 610 0.0531889 0 0 0 0 0 0 0.0531889
610 611 0.000808289 0 0 0 0 0 0 0.000808289
611 612 0.131566 0 0 0 0 0 0 0.131566
612 613 0.00465772 0 -1.04896 0 0 0 0 -1.0443
613 614 0.00875526 0 -1.12299 0 0 0 0 -1.11423
614 615 0.00201833 0 0 0 0 0 0 0.00201833
615 616 0.00182452 0 0 0 0 0 0 0.00182452
616 617 0.0492452 0 -1.28432 0 0 0 0 -1.23508
617 618 0.0358994 0 -0.89204 0 0 0 0 -0.856141
618 619 0.0077281 0 -1.38032 0 0 0 0 -1.37259
620 621 0.0628779 0 0 0 0 0 0 0.0628779
621 622 0.0143335 0 0 0 0 0 0 0.0143335
622 623 0.000284822 0 -1.16441 0 0 0 0 -1.16412
623 624 0.0023752 0 -1.32056 0 0 0 0 -1.31819
624 625 0.103837 0 -0.91534 0 0 0 0 -0.811503
625 626 0.0347248 0 0 0 0 0 0 0.0347248
626 627 0.000507278 0 0 0 0 0 0 0.000507278
627 628 0.135858 0 0 0 0 0 0 0.135858
628 629 0.000166753 0 0 0 0 0 0 0.000166753
629 630 0.231677 0 0 0 0 0 0 0.231677
630 631 0.327735 0 0 0 0 0 0 0.327735
631 632 0.000171769 0 0 0 0 0 0 0.000171769
632 633 0.189906 0 -1.28166 0 0 0 0 -1.09175
633 634 0.000205206 0 -1.4326 0 0 0 0 -1.43239
634 635 0.0246491 0 -1.21939 0 0 0 0 -1.19474
635 636 0.00304761 0 0 0 0 0 0 0.00304761
636 637 0.00271177 0 -1.29672 0 0 0 0 -1.29401
637 638 0.0250155 0 -4.65005e-05 0 0 0 0 0.024969
638 639 9.16078e-05 0 0 0 0 0 0 9.16078e-05
640 641 5.47929e-05 0 -1.05109 0 0 0 0 -1.05103
641 642 0.00546497 0 -1.15849 0 0 0 0 -1.15303
642 643 0.00412234 0 -0.991371 0 0 0 0 -0.987248
643 644 0.00683874 0 -0.833836 0 0 0 0 -0.826997
644 645 0.199934 0 -1.3903 0 0 0 0 -1.19037
645 646 0.00140026 0 -1.31554 0 0 0 0 -1.31414
646 647 0.0650516 0 -0.988935 0 0 0 0 -0.923883
647 648 0.0875398 0 0 0 0 0 0 0.0875398
648 649 0.0179168 0 0 0 0 0 0 0.0179168
649 650 0.0568975 0 -1.05306 0 0 0 0 -0.996166
650 651 0.137804 0 -1.29171 0 0 0 0 -1.15391
651 652 0.0978488 0 -1.36607 0 0 0 0 -1.26822
652 653 4.50724e-06 0 -1.12255 0 0 0 0 -1.12254
653 654 0.06308 0 -0 0 0 0 0 0.06308
654 655 0.0461108 0 0 0 0 0 0 0.0461108
655 656 0.0270796 0 -1.01153 0 0 0 0 -0.984455
656 657 0.124389 0 0 0 0 0 0 0.124389
657 658 0.0803804 0 -1.15215 0 0 0 0 -1.07177
658 659 0.100706 0 -0 0 0 0 0 0.100706
660 661 0.0241956 0 -1.4222 0 0 0 0 -1.39801
661 662 0.0549563 0 -1.07017 0 0 0 0 -1.01521
662 663 0.012217 0 -0.909485 0 0 0 0 -0.897268
663 664 0.0270866 0 -1.44742 0 0 0 0 -1.42034
664 665 0.0965125 0 -0.36178 0 0 0 0 -0.265268
665 666 0.0103472 0 -1.1469 0 0 0 0 -1.13655
666 667 0.0663414 0 0 0 0 0 0 0.0663414
667 668 0.0587806 0 -1.13412 0 0 0 0 -1.07534
668 669 0.0144582 0 -1.13462 0 0 0 0 -1.12016
669 670 0.0280816 0 0 0 0 0 0 0.0280816
670 671 0.00209383 0 -1.01858 0 0 0 0 -1.01649
671 672 0.303226 0 0 0 0 0 0 0.303226
672 673 0.0646967 0 -1.31952 0 0 0 0 -1.25482
673 674 0.179092 0 -1.2309 0 0 0 0 -1.0518
674 675 0.0804664 0 -1.32206 0 0 0 0 -1.24159
675 676 0.0948748 0 0 0 0 0 0 0.0948748
676 677 0.00159794 0 -1.40472 0 0 0 0 -1.40312
677 678 0.0029559 0 0 0 0 0 0 0.0029559
678 679 0.0490811 0 -0 0 0 0 0 0.0490811
680 681 0.0461625 0 0 0 0 0 0 0.0461625
681 682 0.0448261 0 0 0 0 0 0 0.0448261
682 683 0.00742587 0 0 0 0 0 0 0.00742587
683 684 0.345568 0 0 0 0 0 0 0.345568
684 685 0.0715251 0 -1.07271 0 0 0 0 -1.00118
685 686 0.00277484 0 0 0 0 0 0 0.00277484
686 687 0.122868 0 0 0 0 0 0 0.122868
687 688 0.00901001 0 -0.922622 0 0 0 0 -0.913612
688 689 0.0249455 0 -0 0 0 0 0 0.0249455
689 690 0.106698 0 -0.858116 0 0 0 0 -0.751418
690 691 0.0159748 0 -0 0 0 0 0 0.0159748
690 692 0 0 0 0.00242967 0 0 0 0.00242967
691 692 0.0177643 0 -1.38034 0 0 0 0 -1.36257
692 693 0.0984123 0 -1.40012 0 0 0 0 -1.30171
693 694 0.102705 0 -0.754621 0 0 0 0 -0.651916
694 695 0.0331053 0 -1.31369 0 0 0 0 -1.28059
695 696 0.00520899 0 -1.17367 0 0 0 0 -1.16847
696 697 0.0168941 0 -1.4152 0 0 0 0 -1.3983
697 698 0.0136713 0 -1.20528 0 0 0 0 -1.19161
698 699 0.0585472 0 0 0 0 0 0 0.0585472
700 701 0.0353912 0 -1.39176 0 0 0 0 -1.35637
701 702 0.132298 0 0 0 0 0 0 0.132298
702 703 0.0518374 0 -0.893394 0 0 0 0 -0.841556
703 704 0.192936 0 -1.37682 0 0 0 0 -1.18388
704 705 0.0111543 0 0 0 0 0 0 0.0111543
705 706 0.00195668 0 -1.26891 0 0 0 0 -1.26695
706 707 0.000719609 0 -1.30336 0 0 0 0 -1.30264
707 708 0.058948 0 -1.24304 0 0 0 0 -1.1841
708 709 0.00059293 0 -1.21282 0 0 0 0 -1.21223
709 710 0.172428 0 0 0 0 0 0 0.172428
710 711 6.1019e-05 0 -0.981085 0 0 0 0 -0.981024
711 712 0.0240521 0 -1.17821 0 0 0 0 -1.15415
712 713 0.000772615 0 0 0 0 0 0 0.000772615
713 714 0.00534793 0 0 0 0 0 0 0.00534793
714 715 0.0169644 0 -0.700221 0 0 0 0 -0.683257
715 716 4.36008e-07 0 -1.28969 0 0 0 0 -1.28969
716 717 0.00114064 0 0 0 0 0 0 0.00114064
717 718 0.0348325 0 -1.10025 0 0 0 0 -1.06542
718 719 0.282815 0 -0.973111 0 0 0 0 -0.690296
720 721 0.00119576 0 -1.20513 0 0 0 0 -1.20394
721 722 0.0714582 0 -1.07949 0 0 0 0 -1.00804
722 723 0.223151 0 -1.46686 0 0 0 0 -1.24371
723 724 0.0193422 0 -1.28467 0 0 0 0 -1.26533
724 725 0.172757 0 -1.18005 0 0 0 0 -1.00729
725 726 0.0392955 0 -0.607478 0 0 0 0 -0.568183
726 727 0.0582715 0 0 0 0 0 0 0.0582715
726 728 0 0 0 0.0383727 0 0 0 0.0383727
727 728 0.0317137 0 -1.33131 0 0 0 0 -1.2996
728 729 0.033034 0 0 0 0 0 0 0.033034
729 730 0.00304626 0 0 0 0 0 0 0.00304626
730 731 0.168061 0 0 0 0 0 0 0.168061
731 732 0.001854 0 -1.34625 0 0 0 0 -1.34439
732 733 0.105666 0 0 0 0 0 0 0.105666
733 734 0.0190935 0 -0.303897 0 0 0 0 -0.284804
734 735 0.382799 0 -1.13726 0 0 0 0 -0.754465
735 736 0.0197255 0 0 0 0 0 0 0.0197255
736 737 0.0220483 0 -1.17155 0 0 0 0 -1.1495
737 738 0.00994559 0 0 0 0 0 0 0.00994559
738 739 0.00578339 0 -1.15776 0 0 0 0 -1.15198
740 741 0.00152499 0 0 0 0 0 0 0.00152499
741 742 0.00826166 0 -1.3436 0 0 0 0 -1.33534
742 743 0.0418092 0 -0.887661 0 0 0 0 -0.845852
743 744 0.00568681 0 0 0 0 0 0 0.00568681
744 745 0.0578466 0 -0.844457 0 0 0 0 -0.786611
744 746 0 0 0 0 0 -7.70892e-06 0 -7.70892e-06
745 746 0.00252956 0 -0.888689 0 0 0 0 -0.88616
746 747 0.0520321 0 -1.28343 0 0 0 0 -1.23139
747 748 0.00899026 0 -1.31762 0 0 0 0 -1.30863
748 749 0.103234 0 -0.649537 0 0 0 0 -0.546304
742 750 0 0 0 0 -4.28578e-05 -3.88564e-05 0 -8.17142e-05
749 750 0.00301603 0 0 0 0 0 0 0.00301603
743 751 0 0 0 0 -0 -0.000474107 0 -0.000474107
750 751 0.0101684 0 -1.36347 0 0 0 0 -1.3533
751 752 0.0169587 0 0 0 0 0 0 0.0169587
752 753 0.0575721 0 0 0 0 0 0 0.0575721
753 754 0.393947 0 -0.829501 0 0 0 0 -0.435554
754 755 0.0170969 0 -1.32694 0 0 0 0 -1.30984
755 756 0.00089671 0 -1.01861 0 0 0 0 -1.01772
756 757 0.00863866 0 -1.35882 0 0 0 0 -1.35018
757 758 0.0210249 0 0 0 0 0 0 0.0210249
758 759 0.0359851 0 0 0 0 0 0 0.0359851
760 761 1.53711e-05 0 -1.28275 0 0 0 0 -1.28274
760 762 0 0 0 0 -0 -0 -8.58697e-16 -8.58697e-16
761 762 0.0162914 0.0192218 -0.00878743 0 0 0 0 0.0267258
762 763 0.00175958 0 0 0 0 0 0 0.00175958
763 764 0.0019539 0 -0.994672 0 0 0 0 -0.992718
764 765 0.0100527 0 -0 0 0 0 0 0.0100527
765 766 0.00046236 0 -1.34196 0 0 0 0 -1.34149
766 767 0.22744 0 -1.35625 0 0 0 0 -1.12881
767 768 0.0290324 0 -1.19668 0 0 0 0 -1.16764
768 769 0.072279 0 -1.08255 0 0 0 0 -1.01027
769 770 0.145753 0 -1.12253 0 0 0 0 -0.976779
770 771 0.00184933 0 -0.989163 0 0 0 0 -0.987314
771 772 0.00166937 0 -0.971769 0 0 0 0 -0.970099
772 773 0.126256 0 -1.09636 0 0 0 0 -0.9701
773 774 0.0179311 0 -0.950646 0 0 0 0 -0.932715
774 775 0.0114758 0 0 0 0 0 0 0.0114758
775 776 6.52796e-05 0 -1.28967 0 0 0 0 -1.2896
776 777 0.0027773 0 -1.26863 0 0 0 0 -1.26586
777 778 0.0513112 0 -0.441875 0 0 0 0 -0.390564
778 779 0.00193641 0 0 0 0 0 0 0.00193641
780 781 0.0506138 0 0 0 0 0 0 0.0506138
781 782 0.0066145 0 0 0 0 0 0 0.0066145
782 783 0.15767 0 0 0 0 0 0 0.15767
783 784 0.0128915 0 0 0 0 0 0 0.0128915
784 785 0.0346204 0 -1.28551 0 0 0 0 -1.25089
785 786 0.0774638 0 0 0 0 0 0 0.0774638
786 787 0.0225254 0 -1.10182 0 0 0 0 -1.0793
787 788 0.00173909 0 -1.01556 0 0 0 0 -1.01382
788 789 0.00165593 0 0 0 0 0 0 0.00165593
789 790 0.0286246 0 0 0 0 0 0 0.0286246
790 791 0.0605732 0 -1.11378 0 0 0 0 -1.0532
791 792 0.0158716 0 -1.2392 0 0 0 0 -1.22333
792 793 0.0245773 0 -1.2896 0 0 0 0 -1.26502
793 794 0.000476889 0 -1.34097 0 0 0 0 -1.34049
794 795 0.251643 0 -1.18268 0 0 0 0 -0.931035
795 796 0.0927083 0 0 0 0 0 0 0.0927083
796 797 0.0124169 0 0 0 0 0 0 0.0124169
797 798 0.127853 0 -0.582656 0 0 0 0 -0.454803
798 799 0.0019014 0 -1.14657 0 0 0 0 -1.14467
800 801 0.019508 0 -1.08229 0 0 0 0 -1.06278
801 802 0.0217528 0 -1.28219 0 0 0 0 -1.26044
802 803 0.00181139 0 0 0 0 0 0 0.00181139
803 804 0.000202221 0 0 0 0 0 0 0.000202221
804 805 0.00274728 0 -1.15203 0 0 0 0 -1.14928
801 806 0 0 0 0 0 -3.06252e-05 0 -3.06252e-05
805 806 0.0320862 0 -0.80296 0 0 0 0 -0.770874
802 807 0 0 0 0 0 -0.100625 0 -0.100625
801 807 0 0 0 0 -0.331548 -3.50136e-05 -0 -0.331583
800 807 0 0 0 0 0 -0.00314321 0 -0.00314321
806 807 0.0116063 0 -0 0 0 0 0 0.0116063
807 808 0.0022575 0 0 0 0 0 0 0.0022575
808 809 0.0200214 0 -1.08 0 0 0 0 -1.05998
809 810 0.0168639 0 -1.24937 0 0 0 0 -1.23251
810 811 0.177627 0 -0.751736 0 0 0 0 -0.574109
811 812 0.0765058 0 -1.36475 0 0 0 0 -1.28824
812 813 0.014805 0 -1.16196 0 0 0 0 -1.14716
813 814 0.000649581 0 -1.13638 0 0 0 0 -1.13573
814 815 0.0113827 0 0 0 0 0 0 0.0113827
815 816 0.0429948 0 0 0 0 0 0 0.0429948
816 817 0.050334 0 -0 0 0 0 0 0.050334
817 818 0.00810848 0 0 0 0 0 0 0.00810848
818 819 0.0277002 0 -0 0 0 0 0 0.0277002
820 821 0.0410731 0 0 0 0 0 0 0.0410731
821 822 0.00872247 0 0 0 0 0 0 0.00872247
822 823 0.0903629 0 -1.03396 0 0 0 0 -0.943594
823 824 0.00465336 0 0 0 0 0 0 0.00465336
824 825 0.01074 0 -0 0 0 0 0 0.01074
825 826 0.00672745 0 0 0 0 0 0 0.00672745
826 827 0.077024 0 0 0 0 0 0 0.077024
827 828 0.0264808 0 -0 0 0 0 0 0.0264808
828 829 0.092891 0 -1.03644 0 0 0 0 -0.94355
829 830 0.0229798 0 0 0 0 0 0 0.0229798
830 831 0.0579082 0 -1.41088 0 0 0 0 -1.35297
831 832 0.114769 0 0 0 0 0 0 0.114769
832 833 0.19256 0 0 0 0 0 0 0.19256
833 834 0.0176365 0 -1.24072 0 0 0 0 -1.22308
834 835 3.48841e-06 0 -1.41605 0 0 0 0 -1.41604
835 836 0.0150387 0 0 0 0 0 0 0.0150387
836 837 0.0589463 0 0 0 0 0 0 0.0589463
837 838 0.00783335 0 -1.43728 0 0 0 0 -1.42944
838 839 0.00331704 0 -1.0188 0 0 0 0 -1.01549
840 841 0.018201 0 0 0 0 0 0 0.018201
841 842 0.0256872 0 -0.00095235 0 0 0 0 0.0247349
842 843 0.00815984 0 0 0 0 0 0 0.00815984
843 844 0.000411543 0 -1.20718 0 0 0 0 -1.20677
844 845 0.00899984 0 -1.18993 0 0 0 0 -1.18093
845 846 0.0503568 0 0 0 0 0 0 0.0503568
846 847 0.0492782 0 -1.17698 0 0 0 0 -1.1277
847 848 0.00976919 0 0 0 0 0 0 0.00976919
848 849 0.000337366 0 0 0 0 0 0 0.000337366
849 850 0.00567326 0 -1.27806 0 0 0 0 -1.27239
850 851 0.0505589 0 -0 0 0 0 0 0.0505589
851 852 0.0551641 0 0 0 0 0 0 0.0551641
852 853 0.102709 0 0 0 0 0 0 0.102709
853 854 0.0241347 0 0 0 0 0 0 0.0241347
854 855 0.0480099 0 0 0 0 0 0 0.0480099
855 856 4.67751e-06 0 0 0 0 0 0 4.67751e-06
856 857 0.130861 0 0 0 0 0 0 0.130861
857 858 0.0139146 0 -0.641275 0 0 0 0 -0.62736
858 859 0.0520031 0 -1.11358 0 0 0 0 -1.06158
860 861 0.0212123 0 -0.897028 0 0 0 0 -0.875816
861 862 0.0480388 0 -0.514197 0 0 0 0 -0.466158
862 863 0.146124 0 0 0 0 0 0 0.146124
863 864 0.179607 0 0 0 0 0 0 0.179607
864 865 0.46749 0 -0.0962363 0 0 0 0 0.371254
865 866 0.140624 0 -1.35742 0 0 0 0 -1.2168
866 867 0.0689223 0 -1.30158 0 0 0 0 -1.23266
867 868 0.228465 0 -1.27043 0 0 0 0 -1.04197
868 869 0.0166378 0 -0.874788 0 0 0 0 -0.858151
869 870 0.288532 0 -0 0 0 0 0 0.288532
870 871 0.0247358 0 0 0 0 0 0 0.0247358
871 872 0.0383365 0 -0.888067 0 0 0 0 -0.849731
872 873 0.18973 0 -1.32008 0 0 0 0 -1.13035
873 874 0.55442 0 -1.07375 0 0 0 0 -0.519327
874 875 0.0269534 0 -1.32374 0 0 0 0 -1.29679
875 876 0.223841 0 -0.945755 0 0 0 0 -0.721914
876 877 0.0112783 0 0 0 0 0 0 0.0112783
877 878 0.066084 0 -1.37844 0 0 0 0 -1.31236
878 879 0.00148052 0 -1.26416 0 0 0 0 -1.26268
880 881 0.0053941 0 0 0 0 0 0 0.0053941
881 882 0.00732392 0 -0 0 0 0 0 0.00732392
882 883 0.0368164 0 -0.768198 0 0 0 0 -0.731382
883 884 0.0546364 0 -1.10127 0 0 0 0 -1.04663
884 885 1.19762e-05 0 -0.604834 0 0 0 0 -0.604822
885 886 0.0389118 0 0 0 0 0 0 0.0389118
886 887 0.0473885 0 0 0 0 0 0 0.0473885
887 888 0.0337218 0 -1.11548 0 0 0 0 -1.08176
888 889 7.86385e-05 0 0 0 0 0 0 7.86385e-05
889 890 0.017332 0 0 0 0 0 0 0.017332
890 891 0.0169011 0 0 0 0 0 0 0.0169011
891 892 0.000380516 0 -0.885464 0 0 0 0 -0.885083
892 893 0.0279521 0 0 0 0 0 0 0.0279521
893 894 0.0263691 0 0 0 0 0 0 0.0263691
894 895 0.179589 0 -1.15759 0 0 0 0 -0.978004
895 896 0.0205339 0 -1.26303 0 0 0 0 -1.2425
896 897 0.000255511 0 -1.28188 0 0 0 0 -1.28163
897 898 0.0173704 0 -1.26791 0 0 0 0 -1.25054
898 899 0.0338365 0 -1.14422 0 0 0 0 -1.11038
900 901 0.00581427 0 0 0 0 0 0 0.00581427
901 902 0.0516952 0 0 0 0 0 0 0.0516952
902 903 0.0148284 0 -1.22701 0 0 0 0 -1.21218
903 904 0.375241 0 -0.0170002 0 0 0 0 0.35824
904 905 0.0293836 0 0 0 0 0 0 0.0293836
905 906 0.0141298 0 0 0 0 0 0 0.0141298
906 907 0.00510603 0 0 0 0 0 0 0.00510603
907 908 0.0772674 0 -1.28791 0 0 0 0 -1.21065
908 909 0.0152037 0 -1.20317 0 0 0 0 -1.18797
909 910 0.00571669 0 -1.14141 0 0 0 0 -1.13569
910 911 0.0938561 0 -1.08086 0 0 0 0 -0.987008
911 912 0.00906039 0 -1.37009 0 0 0 0 -1.36103
912 913 0.155877 0 0 0 0 0 0 0.155877
913 914 0.00933617 0 -1.28781 0 0 0 0 -1.27848
914 915 0.00191004 0 0 0 0 0 0 0.00191004
915 916 0.0338521 0 -1.34363 0 0 0 0 -1.30978
916 917 0.0341196 0 -0 0 0 0 0 0.0341196
917 918 0.0314796 0 -0 0 0 0 0 0.0314796
918 919 0.00877042 0 0 0 0 0 0 0.00877042
920 921 0.0120318 0 -0 0 0 0 0 0.0120318
921 922 9.56471e-09 0 0 0 0 0 0 9.56471e-09
922 923 0.149662 0 0 0 0 0 0 0.149662
923 924 0.0566307 0 0 0 0 0 0 0.0566307
924 925 0.0114146 0 0 0 0 0 0 0.0114146
925 926 3.38486e-07 0 -1.22745 0 0 0 0 -1.22745
926 927 0.000603601 0 -0.933348 0 0 0 0 -0.932744
927 928 8.85554e-05 0 -0.986364 0 0 0 0 -0.986275
928 929 0.000319719 0 -1.37193 0 0 0 0 -1.37161
929 930 0.00714775 0 0 0 0 0 0 0.00714775
930 931 0.0880555 0 -0 0 0 0 0 0.0880555
931 932 0.086663 0 -0.988952 0 0 0 0 -0.902289
932 933 0.00755774 0 -1.23599 0 0 0 0 -1.22844
933 934 0.000468151 0 -1.45072 0 0 0 0 -1.45025
934 935 0.0576841 0 -1.26869 0 0 0 0 -1.211
935 936 0.00425457 0 -1.15904 0 0 0 0 -1.15479
936 937 0.0581922 0 0 0 0 0 0 0.0581922
937 938 0.00243628 0 -1.10994 0 0 0 0 -1.1075
938 939 0.000315745 0 -1.33871 0 0 0 0 -1.33839
940 941 0.0702738 0 -1.38462 0 0 0 0 -1.31435
941 942 0.104737 0 0 0 0 0 0 0.104737
942 943 0.0951693 0 -1.06829 0 0 0 0 -0.973122
943 944 0.0199405 0 0 0 0 0 0 0.0199405
944 945 0.0647847 0 -1.1301 0 0 0 0 -1.06532
945 946 0.108173 0 -0.760394 0 0 0 0 -0.652221
946 947 0.00687788 0 -1.12733 0 0 0 0 -1.12045
947 948 0.0221273 0 -1.19153 0 0 0 0 -1.1694
948 949 0.0279174 0 -1.3679 0 0 0 0 -1.33998
949 950 0.161982 0 0 0 0 0 0 0.161982
950 951 0.0174246 0 -0.879029 0 0 0 0 -0.861604
951 952 0.00127275 0 -1.30702 0 0 0 0 -1.30575
952 953 0.00237582 0 -0.701279 0 0 0 0 -0.698903
953 954 0.156298 0 0 0 0 0 0 0.156298
954 955 0.00927243 0 -1.30773 0 0 0 0 -1.29845
955 956 0.064049 0 -1.32813 0 0 0 0 -1.26408
956 957 0.0084354 0 -1.30021 0 0 0 0 -1.29177
957 958 0.0176584 0 0 0 0 0 0 0.0176584
958 959 0.00354751 0 0 0 0 0 0 0.00354751
960 961 0.00054246 0 0 0 0 0 0 0.00054246
961 962 5.42095e-06 0 -1.32067 0 0 0 0 -1.32066
962 963 0.00973889 0 0 0 0 0 0 0.00973889
963 964 0.0275496 0 -1.31446 0 0 0 0 -1.28691
964 965 0.0104349 0 -1.09382 0 0 0 0 -1.08338
965 966 0.0212054 0 0 0 0 0 0 0.0212054
966 967 0.0153798 0 0 0 0 0 0 0.0153798
967 968 0.187234 0 0 0 0 0 0 0.187234
968 969 0.04735 0 0 0 0 0 0 0.04735
969 970 0.174314 0 0 0 0 0 0 0.174314
970 971 3.72903e-05 0 -0.886614 0 0 0 0 -0.886577
971 972 0.0147677 0 -1.19123 0 0 0 0 -1.17646
972 973 0.0776341 0 -0.283458 0 0 0 0 -0.205824
973 974 0.129812 0 -1.04118 0 0 0 0 -0.911365
974 975 0.241778 0 -0.645663 0 0 0 0 -0.403885
975 976 0.00771452 0 0 0 0 0 0 0.00771452
976 977 0.000183105 0 -1.00315 0 0 0 0 -1.00297
977 978 0.0234933 0 -1.05783 0 0 0 0 -1.03434
978 979 0.0669457 0 0 0 0 0 0 0.0669457
980 981 5.52604e-06 0 -1.26758 0 0 0 0 -1.26758
981 982 0.00108824 0 -0.847673 0 0 0 0 -0.846585
982 983 0.124235 0 -1.06539 0 0 0 0 -0.941154
983 984 0.00259882 0 0 0 0 0 0 0.00259882
984 985 0.0379698 0 -1.00997 0 0 0 0 -0.971996
985 986 0.00095245 0 -1.32354 0 0 0 0 -1.32258
986 987 0.0424648 0 -0 0 0 0 0 0.0424648
987 988 0.0557913 0 0 0 0 0 0 0.0557913
988 989 0.0359356 0 -1.26274 0 0 0 0 -1.22681
989 990 0.0909042 0 -1.22953 0 0 0 0 -1.13863
990 991 9.23434e-05 0 -1.30775 0 0 0 0 -1.30766
991 992 0.0139628 0 -1.03382 0 0 0 0 -1.01985
992 993 0.00984707 0 0 0 0 0 0 0.00984707
993 994 0.00572383 0 -0 0 0 0 0 0.00572383
994 995 0.00111657 0 -1.21445 0 0 0 0 -1.21334
995 996 0.113418 0 0 0 0 0 0 0.113418
996 997 0.00295074 0 0 0 0 0 0 0.00295074
997 998 0.0918603 0 -1.15928 0 0 0 0 -1.06742
998 999 0.00656435 0 -0.98552 0 0 0 0 -0.978956
#Total energy per particle is  -0.588386 and should be -0.58838610
