           0   0.000000
       10000  -0.760713
       20000   0.000000
       30000  -2.078267
       40000  -2.862373
       50000  -1.930034
       60000  -3.336763
       70000  -2.332763
       80000  -2.647953
       90000  -5.367952
      100000  -2.422003
      110000  -3.318172
      120000  -2.300183
      130000  -3.312931
      140000  -1.812919
      150000  -2.767056
      160000  -4.224372
      170000  -2.731269
      180000  -3.502721
      190000  -5.370530
      200000  -7.244905
