           0   0.000000
       10000   0.000000
       20000  -0.961079
       30000  -0.948804
       40000  -2.067209
       50000  -1.524950
       60000   0.000000
       70000   0.000000
       80000  -2.441597
       90000  -1.472182
      100000  -0.000698
      110000  -0.208069
      120000   0.000000
      130000  -1.563360
      140000   0.000000
      150000  -0.090884
      160000  -0.753788
      170000   0.000000
      180000  -1.356623
      190000  -0.769835
      200000   0.000000
