           0   0.000000
       10000   0.000000
       20000  -2.469038
       30000  -3.409385
       40000  -3.701784
       50000  -0.390798
       60000  -1.483458
       70000  -3.380469
       80000  -4.018786
       90000  -3.304088
      100000  -2.867490
      110000  -1.096058
      120000  -4.299229
      130000  -2.449131
      140000  -3.006553
      150000  -2.769145
      160000  -1.496112
      170000  -1.191469
      180000   0.000000
      190000  -1.691177
      200000  -4.103101
