           0   0.000000
       10000  -0.000000
       20000  -2.302958
       30000  -1.821592
       40000  -6.208314
       50000  -2.390891
       60000  -0.711523
       70000  -0.000000
       80000  -2.407701
       90000  -0.561566
      100000   0.000000
      110000  -2.458523
      120000  -3.151853
      130000  -4.135821
      140000   0.000000
      150000   0.000000
      160000  -1.727027
      170000  -1.559343
      180000  -1.938967
      190000  -1.308278
      200000  -2.193268
