#id1 id2 FENE BEXC STCK NEXC HB CRSTCK CXSTCK total, t = 200000
0 1 0.0363378 0 -1.29254 0 0 0 0 -1.2562
1 2 0.0448548 0 -0.998874 0 0 0 0 -0.954019
2 3 0.0683208 0 -0.708626 0 0 0 0 -0.640305
3 4 0.0138663 0 0 0 0 0 0 0.0138663
4 5 0.000591239 0 0 0 0 0 0 0.000591239
5 6 4.59106e-07 0 0 0 0 0 0 4.59106e-07
6 7 0.309563 0 0 0 0 0 0 0.309563
7 8 0.000487946 0 -1.42865 0 0 0 0 -1.42817
8 9 0.109067 0 -1.01289 0 0 0 0 -0.903822
9 10 0.0561158 0 -0.808862 0 0 0 0 -0.752746
10 11 0.0130335 0 -1.34206 0 0 0 0 -1.32903
11 12 0.461635 0 -1.22614 0 0 0 0 -0.76451
12 13 0.0112751 0 -1.18411 0 0 0 0 -1.17283
13 14 0.0619024 0 -1.07487 0 0 0 0 -1.01297
14 15 0.0578664 0 -1.17015 0 0 0 0 -1.11229
15 16 0.0743482 0 -1.06203 0 0 0 0 -0.987682
16 17 0.140489 0 0 0 0 0 0 0.140489
17 18 0.0772259 0 -0.000556187 0 0 0 0 0.0766698
18 19 0.0358257 0 -1.05848 0 0 0 0 -1.02266
20 21 0.0293003 0 -0.941679 0 0 0 0 -0.912379
21 22 0.00838136 0 -0.859515 0 0 0 0 -0.851134
22 23 0.221652 0 0 0 0 0 0 0.221652
23 24 0.109336 0 -1.20788 0 0 0 0 -1.09854
24 25 0.170148 0 -1.4124 0 0 0 0 -1.24226
25 26 0.0261028 0 -0.979892 0 0 0 0 -0.953789
26 27 0.00795448 0 -1.39135 0 0 0 0 -1.3834
27 28 0.0531449 0 0 0 0 0 0 0.0531449
28 29 0.0382734 0 -1.23654 0 0 0 0 -1.19827
29 30 0.010776 0 -0.723437 0 0 0 0 -0.712661
30 31 0.0144923 0 -0.911522 0 0 0 0 -0.897029
30 32 0 0 0 0 0 -0.000327862 0 -0.000327862
31 32 0.0666679 0 -0.750572 0 0 0 0 -0.683904
32 33 0.00682716 0 0 0 0 0 0 0.00682716
33 34 0.0135096 0 -0.671708 0 0 0 0 -0.658198
34 35 0.0500973 0 -1.28833 0 0 0 0 -1.23823
35 36 0.00179985 0 0 0 0 0 0 0.00179985
36 37 0.00405883 0 -1.18069 0 0 0 0 -1.17664
37 38 0.0019721 0 -0.88065 0 0 0 0 -0.878678
38 39 0.00805089 0 0 0 0 0 0 0.00805089
40 41 0.000952461 0 -1.26828 0 0 0 0 -1.26733
41 42 0.0176161 0 -1.20055 0 0 0 0 -1.18293
42 43 5.99816e-05 0 -1.39769 0 0 0 0 -1.39763
43 44 0.312937 0 0 0 0 0 0 0.312937
44 45 0.000698268 0 -1.2363 0 0 0 0 -1.2356
45 46 0.135487 0 -1.24218 0 0 0 0 -1.10669
46 47 0.0145527 0 0 0 0 0 0 0.0145527
47 48 0.390453 0 0 0 0 0 0 0.390453
48 49 0.00326111 0 -0 0 0 0 0 0.00326111
49 50 0.00605909 0 -0.916771 0 0 0 0 -0.910712
50 51 0.00307324 0 0 0 0 0 0 0.00307324
51 52 0.146794 0 0 0 0 0 0 0.146794
52 53 0.470832 0 0 0 0 0 0 0.470832
53 54 0.0832866 0 -1.23682 0 0 0 0 -1.15353
54 55 0.0606271 0 -1.28577 0 0 0 0 -1.22514
55 56 0.00615871 0 0 0 0 0 0 0.00615871
56 57 0.0133964 0 0 0 0 0 0 0.0133964
57 58 0.0730194 0 -1.08352 0 0 0 0 -1.0105
58 59 0.140147 0 0 0 0 0 0 0.140147
60 61 0.00169855 0 0 0 0 0 0 0.00169855
61 62 0.0152366 0 -1.04703 0 0 0 0 -1.03179
62 63 0.00156417 0 0 0 0 0 0 0.00156417
63 64 0.0117929 0 -0.97844 0 0 0 0 -0.966647
64 65 0.00866021 0 -0.911061 0 0 0 0 -0.902401
65 66 0.0653555 0 -1.28261 0 0 0 0 -1.21726
66 67 0.105325 0 -0 0 0 0 0 0.105325
67 68 0.120119 0 -0.942737 0 0 0 0 -0.822617
68 69 0.0261808 0 -1.40978 0 0 0 0 -1.3836
69 70 0.000106195 0 -0.669608 0 0 0 0 -0.669501
70 71 0.0355049 0 -0.733569 0 0 0 0 -0.698064
71 72 0.00655294 0 0 0 0 0 0 0.00655294
72 73 0.0581357 0 0 0 0 0 0 0.0581357
73 74 0.0584712 0 -1.29275 0 0 0 0 -1.23428
74 75 0.037672 0 -1.37262 0 0 0 0 -1.33494
75 76 0.000831194 0 0 0 0 0 0 0.000831194
76 77 0.104027 0 -0.735157 0 0 0 0 -0.631131
77 78 0.0203451 0 0 0 0 0 0 0.0203451
78 79 0.193335 0 0 0 0 0 0 0.193335
80 81 0.0253217 0 -0 0 0 0 0 0.0253217
81 82 0.16573 0 0 0 0 0 0 0.16573
82 83 0.00807225 0 0 0 0 0 0 0.00807225
83 84 8.20671e-05 0 -1.3548 0 0 0 0 -1.35472
84 85 0.25808 0 0 0 0 0 0 0.25808
85 86 0.0329144 0 -1.33258 0 0 0 0 -1.29967
86 87 0.0385219 0 -0.839214 0 0 0 0 -0.800692
87 88 0.441088 0 -1.33003 0 0 0 0 -0.888941
88 89 9.7101e-05 0 0 0 0 0 0 9.7101e-05
89 90 0.00297903 0 -1.3787 0 0 0 0 -1.37572
90 91 0.0879374 0 -0.817378 0 0 0 0 -0.729441
91 92 0.0054561 0 0 0 0 0 0 0.0054561
92 93 0.00406406 0 -0 0 0 0 0 0.00406406
93 94 0.00593424 0 0 0 0 0 0 0.00593424
94 95 0.00464121 0 0 0 0 0 0 0.00464121
95 96 0.0949171 0 -1.29762 0 0 0 0 -1.20271
96 97 0.000540762 0 -1.24389 0 0 0 0 -1.24335
97 98 0.000178683 0 -1.25233 0 0 0 0 -1.25215
98 99 0.0914 0 0 0 0 0 0 0.0914
100 101 0.000107505 0 -1.06561 0 0 0 0 -1.0655
101 102 0.000922202 0 0 0 0 0 0 0.000922202
102 103 0.0458494 0 0 0 0 0 0 0.0458494
103 104 0.0091067 0 -1.43161 0 0 0 0 -1.4225
104 105 5.31413e-05 0 -0.853376 0 0 0 0 -0.853323
105 106 0.0175745 0 -1.29105 0 0 0 0 -1.27348
106 107 0.000555516 0 -1.34791 0 0 0 0 -1.34735
107 108 0.0842152 0 0 0 0 0 0 0.0842152
108 109 0.329009 0 -1.13216 0 0 0 0 -0.803151
109 110 0.0514626 0 -0.8506 0 0 0 0 -0.799137
110 111 0.119249 0 -1.41438 0 0 0 0 -1.29513
111 112 0.0674617 0 0 0 0 0 0 0.0674617
112 113 0.0354872 0 0 0 0 0 0 0.0354872
113 114 0.0203197 0 -1.16608 0 0 0 0 -1.14576
114 115 0.0122341 0 -1.16228 0 0 0 0 -1.15005
115 116 0.0187539 0 -0.970756 0 0 0 0 -0.952002
116 117 0.0091272 0 0 0 0 0 0 0.0091272
117 118 0.00044781 0 0 0 0 0 0 0.00044781
118 119 0.055753 0 -0.663277 0 0 0 0 -0.607524
120 121 0.383909 0 -1.42999 0 0 0 0 -1.04609
121 122 0.0213615 0 -0.931225 0 0 0 0 -0.909864
122 123 0.00564945 0 -1.16 0 0 0 0 -1.15435
123 124 0.000196243 0 0 0 0 0 0 0.000196243
124 125 0.0115546 0 -1.2473 0 0 0 0 -1.23575
125 126 0.285838 0 0 0 0 0 0 0.285838
126 127 0.00913141 0 -1.24518 0 0 0 0 -1.23605
127 128 0.000889278 0 -1.07062 0 0 0 0 -1.06973
128 129 0.0675849 0 -0.45773 0 0 0 0 -0.390146
129 130 0.0341813 0 0 0 0 0 0 0.0341813
130 131 0.000278168 0 -1.24989 0 0 0 0 -1.24961
131 132 0.00563393 0 -1.12375 0 0 0 0 -1.11812
132 133 0.0125737 0 -1.42418 0 0 0 0 -1.4116
133 134 0.0233078 0 -1.36675 0 0 0 0 -1.34344
134 135 0.00602868 0 -1.136 0 0 0 0 -1.12997
135 136 0.0407778 0 -0.0212836 0 0 0 0 0.0194942
136 137 0.000212169 0 -1.27433 0 0 0 0 -1.27412
137 138 0.069084 0 -0.953512 0 0 0 0 -0.884428
138 139 0.0160299 0 -1.2155 0 0 0 0 -1.19947
140 141 0.0135473 0 0 0 0 0 0 0.0135473
141 142 4.98589e-05 0 -1.32787 0 0 0 0 -1.32782
142 143 0.051707 0 0 0 0 0 0 0.051707
143 144 0.0424385 0 -1.10166 0 0 0 0 -1.05922
144 145 0.0093733 0 0 0 0 0 0 0.0093733
145 146 0.0201323 0 0 0 0 0 0 0.0201323
146 147 0.0293023 0 -1.27523 0 0 0 0 -1.24593
147 148 0.260718 0 -1.13113 0 0 0 0 -0.870411
148 149 0.0838139 0 0 0 0 0 0 0.0838139
149 150 0.00981149 0 -1.09612 0 0 0 0 -1.08631
150 151 0.0123661 0 -1.12669 0 0 0 0 -1.11432
151 152 0.00179241 0 -1.41614 0 0 0 0 -1.41435
152 153 0.126747 0 -1.13641 0 0 0 0 -1.00967
153 154 0.101857 0 -0 0 0 0 0 0.101857
154 155 0.00862298 0 0 0 0 0 0 0.00862298
155 156 0.00506741 0 -1.29723 0 0 0 0 -1.29217
156 157 0.147241 0 -1.18843 0 0 0 0 -1.04119
157 158 0.0119684 0 0 0 0 0 0 0.0119684
158 159 0.0129153 0 0 0 0 0 0 0.0129153
160 161 0.010901 0 -0 0 0 0 0 0.010901
161 162 0.0814316 0 0 0 0 0 0 0.0814316
162 163 0.00389302 0 -0.639086 0 0 0 0 -0.635193
163 164 0.0146507 0 -1.39999 0 0 0 0 -1.38534
164 165 0.0463947 0 0 0 0 0 0 0.0463947
165 166 0.0806804 0 -1.38539 0 0 0 0 -1.3047
166 167 0.021945 0 0 0 0 0 0 0.021945
167 168 0.0285294 0 0 0 0 0 0 0.0285294
168 169 0.0838359 0 -0.719819 0 0 0 0 -0.635983
169 170 0.0326868 0 -0.887216 0 0 0 0 -0.854529
166 171 0 0 0 0 -0 -0.00422521 0 -0.00422521
170 171 0.0214181 0 -1.3748 0 0 0 0 -1.35338
166 172 0 0 0 0 0 -3.16024e-05 -0 -3.16024e-05
171 172 0.081336 0 -1.41213 0 0 0 0 -1.33079
172 173 0.02924 0 0 0 0 0 0 0.02924
173 174 0.00366465 0 0 0 0 0 0 0.00366465
174 175 0.0380942 0 -0.895695 0 0 0 0 -0.857601
175 176 0.030279 0 -1.12891 0 0 0 0 -1.09864
176 177 0.0026773 0 -1.07747 0 0 0 0 -1.0748
177 178 0.0321569 0 -1.14302 0 0 0 0 -1.11087
178 179 0.00472594 0 -0.521316 0 0 0 0 -0.51659
180 181 0.00857787 0 0 0 0 0 0 0.00857787
181 182 0.0275369 0 -1.27896 0 0 0 0 -1.25142
182 183 0.00528475 0 -1.46472 0 0 0 0 -1.45943
183 184 4.72639e-05 0 -1.05908 0 0 0 0 -1.05904
184 185 0.0572346 0 0 0 0 0 0 0.0572346
185 186 0.0609688 0 -1.1979 0 0 0 0 -1.13693
186 187 0.0340792 0 0 0 0 0 0 0.0340792
187 188 0.0159653 0 -0 0 0 0 0 0.0159653
188 189 0.00258042 0 -1.21121 0 0 0 0 -1.20863
189 190 0.222014 0 0 0 0 0 0 0.222014
190 191 0.00317254 0 -0.566789 0 0 0 0 -0.563617
191 192 0.0759752 0 0 0 0 0 0 0.0759752
192 193 3.23507e-05 0 -1.1791 0 0 0 0 -1.17907
193 194 0.0104752 0 -0.939565 0 0 0 0 -0.92909
194 195 0.0332833 0 -1.14527 0 0 0 0 -1.11198
195 196 0.0435986 0 0 0 0 0 0 0.0435986
196 197 0.0177238 0.0802022 0 0 0 0 0 0.0979261
197 198 0.000141801 0 0 0 0 0 0 0.000141801
198 199 0.0388721 0 -1.26728 0 0 0 0 -1.22841
200 201 0.00367595 0 -0.581339 0 0 0 0 -0.577663
201 202 0.006766 0 0 0 0 0 0 0.006766
202 203 2.77757e-05 0 -1.30326 0 0 0 0 -1.30323
203 204 0.0434952 0 -1.19384 0 0 0 0 -1.15034
204 205 0.000157812 0 0 0 0 0 0 0.000157812
205 206 0.00590889 0 0 0 0 0 0 0.00590889
206 207 7.53752e-05 0 -0.717412 0 0 0 0 -0.717336
207 208 0.00306115 0 0 0 0 0 0 0.00306115
208 209 0.0126006 0 -1.04545 0 0 0 0 -1.03285
209 210 0.125975 0 -1.00291 0 0 0 0 -0.876933
210 211 0.0321069 0 0 0 0 0 0 0.0321069
211 212 0.0474698 0 -1.1517 0 0 0 0 -1.10423
212 213 0.0301705 0 0 0 0 0 0 0.0301705
213 214 1.58161e-06 0 0 0 0 0 0 1.58161e-06
214 215 0.159824 0 -1.2445 0 0 0 0 -1.08468
215 216 0.0240289 0 -0.409299 0 0 0 0 -0.38527
216 217 0.00415303 0 -1.32608 0 0 0 0 -1.32192
217 218 0.0721848 0 -1.0195 0 0 0 0 -0.947319
218 219 0.03161 0 0 0 0 0 0 0.03161
220 221 0.000257898 0 -1.33232 0 0 0 0 -1.33206
221 222 0.000197797 0 0 0 0 0 0 0.000197797
222 223 0.000410047 0 0 0 0 0 0 0.000410047
223 224 0.000364494 0 0 0 0 0 0 0.000364494
224 225 0.0237284 0 -1.33216 0 0 0 0 -1.30843
225 226 0.0392159 0 -1.24967 0 0 0 0 -1.21046
226 227 0.00820437 0 -1.0465 0 0 0 0 -1.0383
227 228 0.00589917 0 -1.34949 0 0 0 0 -1.34359
228 229 0.394564 0 0 0 0 0 0 0.394564
229 230 0.01959 0 -0 0 0 0 0 0.01959
230 231 0.00547457 0 0 0 0 0 0 0.00547457
231 232 0.00476389 0 0 0 0 0 0 0.00476389
232 233 0.00552016 0 -1.00268 0 0 0 0 -0.997164
233 234 0.00679817 0 0 0 0 0 0 0.00679817
234 235 0.00436231 0 0 0 0 0 0 0.00436231
235 236 0.0720067 0 -1.1298 0 0 0 0 -1.05779
236 237 0.182349 0 -1.27664 0 0 0 0 -1.09429
237 238 0.00088083 0 -1.21904 0 0 0 0 -1.21816
238 239 0.114806 0 0 0 0 0 0 0.114806
240 241 0.173377 0 -0.784444 0 0 0 0 -0.611067
241 242 0.000694494 0 -1.1941 0 0 0 0 -1.1934
242 243 0.0252361 0 -0.663509 0 0 0 0 -0.638273
243 244 0.0736764 0 0 0 0 0 0 0.0736764
244 245 0.0312244 0 0 0 0 0 0 0.0312244
245 246 0.0342674 0 -1.39547 0 0 0 0 -1.36121
246 247 0.101199 0 -0.687166 0 0 0 0 -0.585967
247 248 0.00256232 0 0 0 0 0 0 0.00256232
248 249 0.0307811 0 -1.08004 0 0 0 0 -1.04926
249 250 0.195043 0 0 0 0 0 0 0.195043
250 251 0.0182882 0 0 0 0 0 0 0.0182882
251 252 0.243426 0 -1.18295 0 0 0 0 -0.939524
252 253 0.00033492 0 -1.03391 0 0 0 0 -1.03357
253 254 0.0171809 0 -1.08612 0 0 0 0 -1.06894
254 255 0.181975 0 -1.24874 0 0 0 0 -1.06677
255 256 0.0274759 0 -1.27661 0 0 0 0 -1.24913
256 257 0.000970766 0 -1.372 0 0 0 0 -1.37103
257 258 0.00569617 0 0 0 0 0 0 0.00569617
258 259 0.0346672 0 -1.32176 0 0 0 0 -1.28709
260 261 0.100232 0 -0 0 0 0 0 0.100232
261 262 0.0191503 0 -0.898953 0 0 0 0 -0.879803
262 263 0.0633046 0 -1.40951 0 0 0 0 -1.3462
263 264 0.0431918 0 -1.03298 0 0 0 0 -0.989786
264 265 0.0429656 0 -1.24259 0 0 0 0 -1.19962
265 266 0.426642 0 -1.15206 0 0 0 0 -0.72542
266 267 5.08358e-05 0 -1.3394 0 0 0 0 -1.33935
267 268 0.00399201 0 0 0 0 0 0 0.00399201
268 269 0.00184499 0 0 0 0 0 0 0.00184499
269 270 0.0898607 0 -0.928264 0 0 0 0 -0.838403
270 271 0.0181201 0 -1.26575 0 0 0 0 -1.24763
271 272 0.0678003 0 -0.542208 0 0 0 0 -0.474408
272 273 0.219995 0 -1.29844 0 0 0 0 -1.07845
273 274 0.0289986 0 -0.88784 0 0 0 0 -0.858841
274 275 0.00162308 0 0 0 0 0 0 0.00162308
275 276 0.000508908 0 0 0 0 0 0 0.000508908
276 277 0.0127815 0 -1.16484 0 0 0 0 -1.15206
277 278 0.0274988 0 -1.16123 0 0 0 0 -1.13373
278 279 0.00417783 0 -1.44098 0 0 0 0 -1.43681
280 281 0.103955 0 -1.24892 0 0 0 0 -1.14497
281 282 0.132937 0 -1.34514 0 0 0 0 -1.2122
282 283 0.0142382 0 -1.28875 0 0 0 0 -1.27451
283 284 0.0593486 0 0 0 0 0 0 0.0593486
284 285 0.0992127 0 -1.19023 0 0 0 0 -1.09102
285 286 0.0527208 0 -1.17208 0 0 0 0 -1.11936
286 287 0.0180828 0 0 0 0 0 0 0.0180828
287 288 0.0323947 0 0 0 0 0 0 0.0323947
288 289 0.0254808 0 -0.859067 0 0 0 0 -0.833587
289 290 0.129846 0 -1.06672 0 0 0 0 -0.936877
290 291 0.012754 0 -1.06238 0 0 0 0 -1.04963
291 292 0.0030113 0 -1.1608 0 0 0 0 -1.15779
292 293 0.0283146 0 0 0 0 0 0 0.0283146
293 294 0.00134189 0 -0.889923 0 0 0 0 -0.888582
294 295 0.0342963 0 -1.12469 0 0 0 0 -1.09039
295 296 0.0475079 0 0 0 0 0 0 0.0475079
296 297 0.106888 0 0 0 0 0 0 0.106888
297 298 0.0209614 0 -1.33744 0 0 0 0 -1.31648
298 299 0.000117408 0 0 0 0 0 0 0.000117408
300 301 0.326704 0 -1.20987 0 0 0 0 -0.883171
301 302 0.00248554 0 0 0 0 0 0 0.00248554
302 303 0.18663 0 -0.967976 0 0 0 0 -0.781346
303 304 0.0547372 0 -1.27327 0 0 0 0 -1.21853
304 305 0.0180788 0 -1.22817 0 0 0 0 -1.21009
305 306 0.00358248 0 0 0 0 0 0 0.00358248
306 307 0.00622593 0 -1.1951 0 0 0 0 -1.18888
307 308 0.0175369 0 0 0 0 0 0 0.0175369
308 309 0.052933 0 -1.29942 0 0 0 0 -1.24649
309 310 0.00851281 0 -0.928122 0 0 0 0 -0.91961
307 311 0 0 0 0 0 -0.0177925 -0 -0.0177925
310 311 0.0411661 0 -1.15295 0 0 0 0 -1.11179
307 312 0 0 0 0 -0.486373 -1.08888e-06 -0 -0.486375
306 312 0 0 0 0 0 -0.203026 0 -0.203026
311 312 0.266054 0 -1.12499 0 0 0 0 -0.858937
307 313 0 0 0 0 0 -0.176334 0 -0.176334
306 313 0 0 0 0 -0.675693 0 -0 -0.675693
312 313 0.0102971 0 -1.32966 0 0 0 0 -1.31936
306 314 0 0 0 0 0 -0.146294 0 -0.146294
313 314 0.0358296 0 -1.36147 0 0 0 0 -1.32564
314 315 0.00498167 0 -1.30913 0 0 0 0 -1.30414
315 316 0.00328793 0 -1.19543 0 0 0 0 -1.19215
316 317 0.126206 0 -1.26449 0 0 0 0 -1.13828
317 318 0.0997895 0 -0.971068 0 0 0 0 -0.871278
318 319 0.186175 0 -1.23793 0 0 0 0 -1.05176
320 321 0.0644078 0 0 0 0 0 0 0.0644078
321 322 0.00334648 0 -1.30558 0 0 0 0 -1.30224
322 323 0.0753008 0 -1.24265 0 0 0 0 -1.16735
323 324 0.286704 0 0 0 0 0 0 0.286704
324 325 0.0761173 0 -1.11213 0 0 0 0 -1.03601
325 326 0.00934985 0 -1.41847 0 0 0 0 -1.40912
326 327 0.0489409 0 -1.11935 0 0 0 0 -1.07041
327 328 0.0355572 0 -1.3234 0 0 0 0 -1.28785
328 329 0.0966972 0 -0.923121 0 0 0 0 -0.826424
329 330 0.539909 0 -1.01681 0 0 0 0 -0.476903
330 331 0.00241798 0 -1.25281 0 0 0 0 -1.25039
331 332 0.0477411 0 0 0 0 0 0 0.0477411
332 333 0.032467 0 -1.2047 0 0 0 0 -1.17224
333 334 0.0779815 0 0 0 0 0 0 0.0779815
334 335 0.116138 0 0 0 0 0 0 0.116138
335 336 0.000633023 0 0 0 0 0 0 0.000633023
336 337 0.0109888 0 0 0 0 0 0 0.0109888
337 338 0.0114527 0 -0 0 0 0 0 0.0114527
338 339 0.0558982 0 -1.00483 0 0 0 0 -0.948935
340 341 0.0141997 0 -0.995323 0 0 0 0 -0.981124
341 342 0.0171108 0 -0.418502 0 0 0 0 -0.401391
342 343 0.128642 0 0 0 0 0 0 0.128642
343 344 0.00348624 0 -1.18076 0 0 0 0 -1.17728
344 345 0.00570773 0 -1.01968 0 0 0 0 -1.01397
345 346 0.00715333 0 -1.24105 0 0 0 0 -1.2339
346 347 0.0842248 0 -1.23606 0 0 0 0 -1.15183
347 348 0.0031487 0 -1.22379 0 0 0 0 -1.22064
348 349 0.106282 0 0 0 0 0 0 0.106282
349 350 0.127159 0 -0 0 0 0 0 0.127159
350 351 0.0367708 0 -0 0 0 0 0 0.0367708
351 352 0.00568974 0 -1.34514 0 0 0 0 -1.33946
352 353 0.0342468 0 -0.426514 0 0 0 0 -0.392267
353 354 0.00650908 0 -0.995349 0 0 0 0 -0.988839
354 355 0.0041513 0 0 0 0 0 0 0.0041513
355 356 0.0752843 0 -1.20841 0 0 0 0 -1.13313
356 357 0.00979825 0 0 0 0 0 0 0.00979825
357 358 0.0805455 0 -1.33857 0 0 0 0 -1.25802
358 359 0.0100608 0 -1.2429 0 0 0 0 -1.23284
360 361 0.0479022 0 0 0 0 0 0 0.0479022
361 362 0.00748964 0 0 0 0 0 0 0.00748964
362 363 0.0557067 0 -1.18076 0 0 0 0 -1.12505
363 364 0.013871 0 -1.10923 0 0 0 0 -1.09536
364 365 0.0325751 0 0 0 0 0 0 0.0325751
365 366 0.00277632 0 -1.38333 0 0 0 0 -1.38056
366 367 0.0155076 0 -0.93714 0 0 0 0 -0.921632
367 368 0.00140968 0 -1.19578 0 0 0 0 -1.19437
368 369 0.232995 0 -0.497249 0 0 0 0 -0.264254
369 370 0.0590693 0 0 0 0 0 0 0.0590693
370 371 0.0348706 0 -0.885904 0 0 0 0 -0.851034
371 372 0.114873 0 -1.1392 0 0 0 0 -1.02433
372 373 0.0108659 0 -1.24879 0 0 0 0 -1.23792
373 374 0.0256727 0 -0.828348 0 0 0 0 -0.802676
374 375 0.0297464 0 -1.18426 0 0 0 0 -1.15452
375 376 0.0228669 0 -1.08347 0 0 0 0 -1.06061
376 377 0.0917526 0 0 0 0 0 0 0.0917526
377 378 0.0166895 0 0 0 0 0 0 0.0166895
378 379 0.00490181 0 0 0 0 0 0 0.00490181
380 381 0.000193669 0 0 0 0 0 0 0.000193669
381 382 0.00474912 0 0 0 0 0 0 0.00474912
382 383 0.0355569 0 -1.43469 0 0 0 0 -1.39913
383 384 0.108141 0 0 0 0 0 0 0.108141
384 385 0.11923 0 -1.22848 0 0 0 0 -1.10925
385 386 0.0536307 0 -1.16402 0 0 0 0 -1.11039
386 387 0.0231955 0 -0 0 0 0 0 0.0231955
387 388 0.0221929 0 -1.23751 0 0 0 0 -1.21531
388 389 0.0609706 0 -1.23051 0 0 0 0 -1.16954
389 390 0.172099 0 -0.812436 0 0 0 0 -0.640337
390 391 0.00513965 0 0 0 0 0 0 0.00513965
391 392 0.00613426 0 -0 0 0 0 0 0.00613426
392 393 0.129871 0 0 0 0 0 0 0.129871
393 394 0.177233 0 -1.22377 0 0 0 0 -1.04654
394 395 0.000393027 0 -1.05937 0 0 0 0 -1.05897
395 396 0.0596808 0 0 0 0 0 0 0.0596808
396 397 4.01295e-06 0 -1.09677 0 0 0 0 -1.09677
397 398 0.00967343 0 0 0 0 0 0 0.00967343
398 399 0.129868 0 0 0 0 0 0 0.129868
400 401 0.0416983 0 -1.41411 0 0 0 0 -1.37241
401 402 0.0234805 0 -1.10242 0 0 0 0 -1.07894
402 403 0.00102806 0 -1.35719 0 0 0 0 -1.35616
403 404 0.0513684 0 0 0 0 0 0 0.0513684
404 405 0.0475237 0 -1.31033 0 0 0 0 -1.26281
405 406 0.0859235 0 -1.1841 0 0 0 0 -1.09817
406 407 0.00182243 0 -1.0122 0 0 0 0 -1.01038
407 408 0.00434067 0 -0.620443 0 0 0 0 -0.616102
408 409 0.0109638 0 -0.518918 0 0 0 0 -0.507954
409 410 0.0166116 0 0 0 0 0 0 0.0166116
410 411 0.00741143 0 -0.682681 0 0 0 0 -0.675269
411 412 0.0129726 0 -0.607699 0 0 0 0 -0.594727
412 413 0.000103159 0 0 0 0 0 0 0.000103159
413 414 0.02633 0 -1.38664 0 0 0 0 -1.36031
414 415 0.169834 0 0 0 0 0 0 0.169834
415 416 0.130305 0 0 0 0 0 0 0.130305
416 417 0.0040165 0 -1.40259 0 0 0 0 -1.39857
417 418 0.0809947 0 -1.10735 0 0 0 0 -1.02635
418 419 0.0796055 0 -0.365542 0 0 0 0 -0.285936
420 421 0.00222907 0 -1.31838 0 0 0 0 -1.31615
421 422 0.025749 0 -1.1806 0 0 0 0 -1.15485
422 423 0.0772767 0 -1.32522 0 0 0 0 -1.24795
423 424 0.125186 0 -1.3506 0 0 0 0 -1.22542
424 425 0.00144801 0 0 0 0 0 0 0.00144801
425 426 0.0412019 0 -1.0813 0 0 0 0 -1.0401
426 427 0.0570168 0 -0.989824 0 0 0 0 -0.932807
427 428 0.0399273 0 -0.827842 0 0 0 0 -0.787915
428 429 0.00167942 0 -0 0 0 0 0 0.00167942
429 430 0.00566892 0 -1.05226 0 0 0 0 -1.04659
430 431 3.84997e-05 0 -1.16192 0 0 0 0 -1.16188
431 432 0.0113851 0 -1.05527 0 0 0 0 -1.04389
432 433 0.0357939 0 0 0 0 0 0 0.0357939
433 434 0.0655159 0 0 0 0 0 0 0.0655159
434 435 0.0369919 0 0 0 0 0 0 0.0369919
435 436 0.00338684 0 -1.35915 0 0 0 0 -1.35576
436 437 0.0674429 0 -0.371593 0 0 0 0 -0.30415
437 438 1.94877e-05 0 -1.22542 0 0 0 0 -1.2254
438 439 0.0378805 0 0 0 0 0 0 0.0378805
440 441 0.143066 0 -1.14842 0 0 0 0 -1.00535
441 442 0.00344608 0 0 0 0 0 0 0.00344608
442 443 0.00640035 0 -1.08378 0 0 0 0 -1.07738
443 444 0.0140491 0 -1.18248 0 0 0 0 -1.16843
444 445 0.0864388 0 -1.19957 0 0 0 0 -1.11313
445 446 0.0102443 0 0 0 0 0 0 0.0102443
446 447 0.0962899 0 -1.07851 0 0 0 0 -0.982219
447 448 0.00457189 0 -1.09562 0 0 0 0 -1.09105
448 449 0.0155761 0 0 0 0 0 0 0.0155761
449 450 0.000962278 0 0 0 0 0 0 0.000962278
450 451 0.21418 0 -0 0 0 0 0 0.21418
451 452 0.000121611 0 -0.921042 0 0 0 0 -0.920921
452 453 0.0808865 0 -0.820303 0 0 0 0 -0.739417
453 454 0.0763816 0 -1.1553 0 0 0 0 -1.07892
454 455 0.0047365 0 -1.02548 0 0 0 0 -1.02074
455 456 0.000132535 0 -1.15558 0 0 0 0 -1.15545
456 457 0.0404167 0 0 0 0 0 0 0.0404167
457 458 0.00592056 0 0 0 0 0 0 0.00592056
458 459 0.0911874 0 -1.00402 0 0 0 0 -0.912831
460 461 0.0790489 0 -0.873994 0 0 0 0 -0.794945
461 462 0.0406945 0 -0.576347 0 0 0 0 -0.535652
462 463 0.000249812 0 -1.11674 0 0 0 0 -1.11649
463 464 0.0107342 0 -1.29993 0 0 0 0 -1.28919
464 465 0.00237692 0 -1.27573 0 0 0 0 -1.27336
465 466 0.0260878 0 0 0 0 0 0 0.0260878
466 467 0.0164714 0 -1.097 0 0 0 0 -1.08053
467 468 0.00751497 0 -0 0 0 0 0 0.00751497
468 469 0.0632211 0 -0.861931 0 0 0 0 -0.79871
469 470 0.040142 0 -1.30001 0 0 0 0 -1.25987
470 471 0.00304987 0 -1.03459 0 0 0 0 -1.03154
471 472 0.00704736 0 -1.01367 0 0 0 0 -1.00662
472 473 0.022548 0 0 0 0 0 0 0.022548
473 474 0.0164166 0 0 0 0 0 0 0.0164166
474 475 0.130376 0 0 0 0 0 0 0.130376
475 476 0.0955232 0 -1.20535 0 0 0 0 -1.10983
476 477 0.0170313 0 0 0 0 0 0 0.0170313
477 478 0.140399 0 -1.42014 0 0 0 0 -1.27974
478 479 0.0131497 0 -1.26837 0 0 0 0 -1.25522
480 481 0.00197757 0 0 0 0 0 0 0.00197757
481 482 0.0250415 0 -1.37999 0 0 0 0 -1.35495
482 483 0.00677742 0 -1.15452 0 0 0 0 -1.14774
483 484 0.000448284 0 0 0 0 0 0 0.000448284
484 485 0.0076097 0 0 0 0 0 0 0.0076097
485 486 0.14112 0 -1.17773 0 0 0 0 -1.03661
486 487 0.116097 0 -1.44614 0 0 0 0 -1.33004
487 488 0.220399 0 -1.33751 0 0 0 0 -1.11711
488 489 0.0096558 0 -0.978391 0 0 0 0 -0.968735
489 490 0.15414 0 -1.25328 0 0 0 0 -1.09914
487 491 0 0 0 0 0 -0.0799865 -0 -0.0799865
490 491 0.0447162 0 -0 0 0 0 0 0.0447162
488 492 0 0 0 0 0 -0.0626616 -0 -0.0626616
487 492 0 0 0 0 -0.614437 0 -0 -0.614437
486 492 0 0 0 0 0 -0.159568 -0 -0.159568
491 492 0.0582232 0 -1.14119 0 0 0 0 -1.08297
487 493 0 0 0 0 0 -0.164413 -0 -0.164413
486 493 0 0 0 0 -0.622154 0 -0 -0.622154
485 493 0 0 0 0 0 -0.110074 0 -0.110074
492 493 0.00541656 0 -1.13094 0 0 0 0 -1.12552
486 494 0 0 0 0 0 -0.120519 -0 -0.120519
485 494 0 0 0 0 -0.315182 -2.38484e-05 -0 -0.315206
493 494 0.0336397 0 -1.11326 0 0 0 0 -1.07962
494 495 0.0703648 0 0 0 0 0 0 0.0703648
495 496 8.50173e-05 0 -1.11989 0 0 0 0 -1.11981
496 497 0.00254321 0 0 0 0 0 0 0.00254321
497 498 0.101457 0 -1.33455 0 0 0 0 -1.2331
498 499 0.0260995 0 -1.43796 0 0 0 0 -1.41186
500 501 0.00568224 0 -0 0 0 0 0 0.00568224
501 502 0.000381668 0 -1.45983 0 0 0 0 -1.45945
502 503 0.0256823 0 -1.29487 0 0 0 0 -1.26919
503 504 0.00176432 0 -1.35203 0 0 0 0 -1.35027
504 505 0.105971 0 0 0 0 0 0 0.105971
505 506 0.00228588 0 -1.20549 0 0 0 0 -1.20321
506 507 0.152947 0 -0.885674 0 0 0 0 -0.732727
507 508 0.0186913 0 -1.16928 0 0 0 0 -1.15059
508 509 0.322684 0 -1.15658 0 0 0 0 -0.833893
509 510 0.0720433 0 0 0 0 0 0 0.0720433
510 511 0.0201284 0 0 0 0 0 0 0.0201284
511 512 0.00385825 0 0 0 0 0 0 0.00385825
512 513 0.270724 0 -0.564184 0 0 0 0 -0.29346
513 514 0.00564078 0 -1.01536 0 0 0 0 -1.00972
514 515 0.0286527 0 -0.880691 0 0 0 0 -0.852038
515 516 0.00851427 0 -1.10276 0 0 0 0 -1.09425
516 517 0.00459155 0 -1.0137 0 0 0 0 -1.00911
517 518 0.0178097 0 0 0 0 0 0 0.0178097
518 519 0.14425 0 -1.30091 0 0 0 0 -1.15666
520 521 0.00478956 0 -0.987084 0 0 0 0 -0.982295
521 522 0.000254742 0 -1.17983 0 0 0 0 -1.17957
522 523 0.0141496 0 -1.24326 0 0 0 0 -1.22911
523 524 0.0369585 0 -0.984961 0 0 0 0 -0.948003
524 525 0.0115094 0 -0 0 0 0 0 0.0115094
525 526 0.0159003 0 0 0 0 0 0 0.0159003
526 527 0.00128877 0 -1.28126 0 0 0 0 -1.27997
527 528 0.0231919 0 0 0 0 0 0 0.0231919
528 529 0.127623 0 -1.27078 0 0 0 0 -1.14315
529 530 0.00126548 0 -1.23714 0 0 0 0 -1.23588
530 531 0.15388 0 -1.30969 0 0 0 0 -1.15581
531 532 0.000128146 0 -1.34124 0 0 0 0 -1.34112
532 533 0.000201301 0 -1.3501 0 0 0 0 -1.3499
533 534 8.76419e-05 0 -1.03034 0 0 0 0 -1.03025
534 535 0.0196012 0 0 0 0 0 0 0.0196012
535 536 0.0175855 0 0 0 0 0 0 0.0175855
536 537 0.219935 0 -0.896966 0 0 0 0 -0.677031
537 538 0.0928538 0 0 0 0 0 0 0.0928538
538 539 0.0490066 0 0 0 0 0 0 0.0490066
540 541 0.368365 0 0 0 0 0 0 0.368365
541 542 0.0722438 0 0 0 0 0 0 0.0722438
542 543 0.0425067 0 -1.28647 0 0 0 0 -1.24396
543 544 0.0436165 0 -0.935803 0 0 0 0 -0.892186
544 545 0.00955785 0 -1.28991 0 0 0 0 -1.28035
545 546 0.0395231 0 -1.33694 0 0 0 0 -1.29742
546 547 0.0477392 0 -1.26521 0 0 0 0 -1.21747
547 548 0.0489221 0 0 0 0 0 0 0.0489221
548 549 0.0906025 0 0 0 0 0 0 0.0906025
549 550 0.0524305 0 -1.2072 0 0 0 0 -1.15477
550 551 0.00117666 0 -0.943794 0 0 0 0 -0.942617
551 552 0.00137183 0 -1.23506 0 0 0 0 -1.23369
552 553 0.418124 0 -1.33105 0 0 0 0 -0.912927
553 554 0.000265521 0 -1.3056 0 0 0 0 -1.30533
554 555 0.00742569 0 0 0 0 0 0 0.00742569
555 556 0.012255 0 -0.914081 0 0 0 0 -0.901826
556 557 0.000393905 0 -0.904724 0 0 0 0 -0.90433
557 558 0.0479296 0 -0.872829 0 0 0 0 -0.8249
558 559 0.0505506 0 0 0 0 0 0 0.0505506
560 561 0.217713 0 0 0 0 0 0 0.217713
561 562 0.00178213 0 -0 0 0 0 0 0.00178213
562 563 0.143776 0 0 0 0 0 0 0.143776
563 564 0.0113125 0 0 0 0 0 0 0.0113125
564 565 0.0984972 0 -1.28154 0 0 0 0 -1.18305
565 566 0.0330305 0 0 0 0 0 0 0.0330305
566 567 0.0268701 0 -1.12962 0 0 0 0 -1.10275
567 568 0.00292575 0 -1.39857 0 0 0 0 -1.39564
568 569 0.00315745 0 0 0 0 0 0 0.00315745
569 570 0.00378189 0 -0.618254 0 0 0 0 -0.614472
570 571 0.00723977 0 -1.08814 0 0 0 0 -1.0809
571 572 0.114085 0 0 0 0 0 0 0.114085
572 573 0.140692 0 -1.37613 0 0 0 0 -1.23544
573 574 0.00462911 0 -1.2571 0 0 0 0 -1.25247
574 575 0.016055 0 -1.09439 0 0 0 0 -1.07833
575 576 0.074251 0 -1.21062 0 0 0 0 -1.13637
576 577 0.0899173 0 -0 0 0 0 0 0.0899173
577 578 0.162201 0 0 0 0 0 0 0.162201
578 579 0.0309722 0 -1.35036 0 0 0 0 -1.31939
580 581 0.0088913 0 -1.3705 0 0 0 0 -1.36161
581 582 0.109711 0 -1.36493 0 0 0 0 -1.25522
582 583 0.00661408 0 -1.30994 0 0 0 0 -1.30332
583 584 0.0173105 0 -1.33927 0 0 0 0 -1.32196
584 585 0.00136175 0 -1.1805 0 0 0 0 -1.17914
585 586 0.0684783 0 -1.31566 0 0 0 0 -1.24718
586 587 0.000307918 0 -1.24862 0 0 0 0 -1.24831
587 588 0.0460578 0 -1.30251 0 0 0 0 -1.25645
588 589 0.129069 0 -0 0 0 0 0 0.129069
589 590 0.0959924 0 -1.00598 0 0 0 0 -0.909992
590 591 0.00012591 0 -0 0 0 0 0 0.00012591
591 592 0.0348558 0 -0 0 0 0 0 0.0348558
592 593 0.00230779 0 0 0 0 0 0 0.00230779
593 594 0.00402149 0 0 0 0 0 0 0.00402149
594 595 0.00525128 0 0 0 0 0 0 0.00525128
595 596 0.000191188 0 0 0 0 0 0 0.000191188
596 597 0.00756648 0 0 0 0 0 0 0.00756648
597 598 2.74028e-05 0 -1.0079 0 0 0 0 -1.00788
598 599 0.0113725 0 -0.916037 0 0 0 0 -0.904665
600 601 0.000110703 0 0 0 0 0 0 0.000110703
601 602 0.108305 0 -1.31907 0 0 0 0 -1.21077
602 603 0.289389 0.0641855 0 0 0 0 0 0.353575
603 604 0.0054451 0 0 0 0 0 0 0.0054451
604 605 0.0335142 0 -1.2649 0 0 0 0 -1.23138
603 606 0 0 0 0 0 -0.000303691 0 -0.000303691
605 606 0.056331 0 -1.17588 0 0 0 0 -1.11955
603 607 0 0 0 0 0 -0.0182538 0 -0.0182538
606 607 0.162839 0 -1.0695 0 0 0 0 -0.90666
607 608 0.0794654 0 -1.36144 0 0 0 0 -1.28198
608 609 0.193761 0 -1.20166 0 0 0 0 -1.0079
609 610 0.102647 0 -0.577511 0 0 0 0 -0.474863
610 611 0.15294 0 -1.15009 0 0 0 0 -0.997155
611 612 4.39827e-05 0 -1.4016 0 0 0 0 -1.40156
612 613 0.000849311 0 -1.10303 0 0 0 0 -1.10218
613 614 0.0196405 0 -1.11349 0 0 0 0 -1.09384
614 615 0.0720141 0 -1.28177 0 0 0 0 -1.20976
615 616 0.000859749 0 0 0 0 0 0 0.000859749
616 617 0.0480751 0 -1.29127 0 0 0 0 -1.24319
617 618 0.0818631 0 -1.13212 0 0 0 0 -1.05026
618 619 0.147634 0 0 0 0 0 0 0.147634
620 621 0.0836156 0 -0.736709 0 0 0 0 -0.653093
621 622 0.0258015 0 -1.0076 0 0 0 0 -0.981794
622 623 0.17332 0 -1.22731 0 0 0 0 -1.05399
623 624 0.00989305 0 -1.41891 0 0 0 0 -1.40901
624 625 0.0882308 0 -1.1357 0 0 0 0 -1.04747
625 626 0.00537807 0 -1.34833 0 0 0 0 -1.34295
626 627 0.0182634 0 -1.15642 0 0 0 0 -1.13815
627 628 0.00231541 0 -0 0 0 0 0 0.00231541
628 629 0.00294529 0 -0 0 0 0 0 0.00294529
629 630 0.016179 0 -0.529014 0 0 0 0 -0.512835
630 631 0.101597 0 -1.34145 0 0 0 0 -1.23986
631 632 0.128517 0 -1.20725 0 0 0 0 -1.07873
632 633 0.0681493 0 -0.903881 0 0 0 0 -0.835732
633 634 0.000385225 0 0 0 0 0 0 0.000385225
634 635 4.42042e-07 0 -1.21881 0 0 0 0 -1.21881
635 636 0.0499135 0 0 0 0 0 0 0.0499135
636 637 0.00268443 0 -1.32313 0 0 0 0 -1.32045
637 638 0.00411453 0 -1.44648 0 0 0 0 -1.44236
638 639 0.106093 0 -1.28069 0 0 0 0 -1.17459
640 641 0.000444858 0 -0.306548 0 0 0 0 -0.306104
641 642 0.0977999 0 -1.23372 0 0 0 0 -1.13592
642 643 0.106016 0 -0.790526 0 0 0 0 -0.684509
643 644 0.0373605 0 -1.31871 0 0 0 0 -1.28135
644 645 0.0333909 0 0 0 0 0 0 0.0333909
645 646 0.00343829 0 0 0 0 0 0 0.00343829
646 647 4.02361e-05 0 0 0 0 0 0 4.02361e-05
647 648 0.0470933 0 0 0 0 0 0 0.0470933
648 649 0.35027 0 -1.13215 0 0 0 0 -0.781881
649 650 0.00916177 0 0 0 0 0 0 0.00916177
650 651 0.0698858 0 -1.27432 0 0 0 0 -1.20444
651 652 0.0285933 0 -0.634557 0 0 0 0 -0.605964
652 653 0.0605165 0 -1.17814 0 0 0 0 -1.11762
653 654 0.0546989 0 -1.35983 0 0 0 0 -1.30513
654 655 0.0187259 0 -0.84688 0 0 0 0 -0.828154
655 656 0.00516191 0 -1.09657 0 0 0 0 -1.09141
656 657 0.00542412 0 0 0 0 0 0 0.00542412
657 658 0.0382773 0 -0.613828 0 0 0 0 -0.57555
658 659 0.0379823 0 0 0 0 0 0 0.0379823
660 661 0.00185182 0 -1.3005 0 0 0 0 -1.29864
661 662 0.00585365 0 -1.10944 0 0 0 0 -1.10359
662 663 0.00608912 0 -0.974307 0 0 0 0 -0.968218
663 664 0.146796 0 -1.24353 0 0 0 0 -1.09674
664 665 0.149998 0 -1.269 0 0 0 0 -1.119
665 666 0.137952 0 -1.22561 0 0 0 0 -1.08766
666 667 0.0358186 0 0 0 0 0 0 0.0358186
667 668 0.0940277 0 -0.228805 0 0 0 0 -0.134777
668 669 0.0650765 0 0 0 0 0 0 0.0650765
669 670 0.00801828 0 -0.871736 0 0 0 0 -0.863718
670 671 0.000160733 0 -1.13136 0 0 0 0 -1.1312
671 672 0.0376144 0 -0 0 0 0 0 0.0376144
672 673 0.0602448 0 0 0 0 0 0 0.0602448
673 674 0.03704 0 0 0 0 0 0 0.03704
674 675 0.00265414 0 0 0 0 0 0 0.00265414
675 676 0.409383 0 -1.39562 0 0 0 0 -0.986232
676 677 0.0529665 0 -1.09124 0 0 0 0 -1.03827
677 678 0.0928051 0 -1.12066 0 0 0 0 -1.02786
678 679 0.102136 0 -1.15636 0 0 0 0 -1.05423
680 681 0.0128256 0 0 0 0 0 0 0.0128256
681 682 6.2166e-05 0 -0.744573 0 0 0 0 -0.74451
682 683 0.00145279 0 -1.0798 0 0 0 0 -1.07835
683 684 0.054648 0 -0.665955 0 0 0 0 -0.611307
684 685 0.0558393 0 -0 0 0 0 0 0.0558393
685 686 0.0294439 0 -1.33863 0 0 0 0 -1.30919
686 687 0.0324225 0 0 0 0 0 0 0.0324225
687 688 0.157991 0 -0 0 0 0 0 0.157991
688 689 0.000394785 0 -1.36321 0 0 0 0 -1.36281
689 690 0.00271024 0 0 0 0 0 0 0.00271024
690 691 0.000714382 0 -0 0 0 0 0 0.000714382
691 692 0.000602306 0 0 0 0 0 0 0.000602306
692 693 0.019311 0 -1.23672 0 0 0 0 -1.21741
693 694 0.00196378 0 -0.308319 0 0 0 0 -0.306355
694 695 0.000679549 0 -1.10611 0 0 0 0 -1.10543
695 696 0.0618115 0 -1.16348 0 0 0 0 -1.10167
696 697 0.112457 0 -1.17893 0 0 0 0 -1.06648
697 698 0.0514607 0 -1.20869 0 0 0 0 -1.15723
698 699 0.0678653 0 -0 0 0 0 0 0.0678653
700 701 0.00461707 0 -1.09346 0 0 0 0 -1.08885
701 702 0.00585171 0 0 0 0 0 0 0.00585171
702 703 0.00220187 0 0 0 0 0 0 0.00220187
703 704 0.0427376 0 0 0 0 0 0 0.0427376
704 705 0.0102079 0 0 0 0 0 0 0.0102079
705 706 0.0239629 0 0 0 0 0 0 0.0239629
706 707 0.00230702 0 0 0 0 0 0 0.00230702
707 708 0.00026066 0 -1.32523 0 0 0 0 -1.32497
708 709 0.090745 0 0 0 0 0 0 0.090745
709 710 0.00331088 0 0 0 0 0 0 0.00331088
710 711 0.0213958 0 -1.45978 0 0 0 0 -1.43838
711 712 0.0460532 0 0 0 0 0 0 0.0460532
712 713 0.0158639 0 -0.765685 0 0 0 0 -0.749821
713 714 0.00899702 0 -0.812999 0 0 0 0 -0.804002
714 715 0.0188826 0 0 0 0 0 0 0.0188826
715 716 0.00881894 0 0 0 0 0 0 0.00881894
716 717 0.0749087 0 0 0 0 0 0 0.0749087
717 718 0.0073354 0 -1.39917 0 0 0 0 -1.39183
718 719 0.295172 0 -0.913684 0 0 0 0 -0.618513
720 721 0.00971766 0 -1.25687 0 0 0 0 -1.24715
721 722 0.00467779 0 0 0 0 0 0 0.00467779
722 723 0.0179197 0 -1.28226 0 0 0 0 -1.26434
723 724 0.0767453 0 -1.37441 0 0 0 0 -1.29766
724 725 0.00014274 0 -1.34972 0 0 0 0 -1.34958
725 726 0.0140577 0 0 0 0 0 0 0.0140577
726 727 1.42084e-05 0 -1.25102 0 0 0 0 -1.251
727 728 0.0116908 0 0 0 0 0 0 0.0116908
728 729 0.00550478 0 0 0 0 0 0 0.00550478
729 730 0.0641502 0 0 0 0 0 0 0.0641502
730 731 0.0072244 0 -1.40591 0 0 0 0 -1.39868
731 732 0.0113999 0 0 0 0 0 0 0.0113999
732 733 0.00455162 0 -1.29104 0 0 0 0 -1.28649
733 734 0.00115208 0 -1.23546 0 0 0 0 -1.23431
734 735 0.0166141 0 0 0 0 0 0 0.0166141
735 736 0.108035 0 -0.99689 0 0 0 0 -0.888855
736 737 0.0365283 0 0 0 0 0 0 0.0365283
737 738 0.023563 0 0 0 0 0 0 0.023563
738 739 0.000624853 0 -1.34059 0 0 0 0 -1.33997
740 741 0.0316536 0 -0.939049 0 0 0 0 -0.907395
741 742 0.00368305 0 0 0 0 0 0 0.00368305
742 743 0.0254979 0 -0.864449 0 0 0 0 -0.838951
743 744 0.000203251 0 0 0 0 0 0 0.000203251
744 745 0.0543099 0 -1.08412 0 0 0 0 -1.02981
745 746 0.00331482 0 0 0 0 0 0 0.00331482
746 747 0.0307406 0 -0.943689 0 0 0 0 -0.912949
747 748 0.0326136 0 -1.35457 0 0 0 0 -1.32196
748 749 0.164773 0 -1.04728 0 0 0 0 -0.882505
749 750 0.103132 0 -1.02436 0 0 0 0 -0.921233
750 751 0.107355 0 0 0 0 0 0 0.107355
751 752 0.0338701 0 0 0 0 0 0 0.0338701
751 753 0 0 0 0.0295796 0 0 0 0.0295796
752 753 0.148912 0 0 0 0 0 0 0.148912
753 754 0.12835 0 0 0 0 0 0 0.12835
754 755 0.0418022 0 0 0 0 0 0 0.0418022
755 756 0.00458605 0 -1.22496 0 0 0 0 -1.22037
756 757 0.00166402 0 -0.972185 0 0 0 0 -0.970521
757 758 0.219628 0 -1.31175 0 0 0 0 -1.09212
758 759 0.0019458 0 -1.06053 0 0 0 0 -1.05858
760 761 0.036974 0 -1.09944 0 0 0 0 -1.06247
761 762 0.0521986 0 -1.2779 0 0 0 0 -1.2257
762 763 0.120332 0 -1.36308 0 0 0 0 -1.24275
763 764 0.00370406 0 -1.07839 0 0 0 0 -1.07468
764 765 0.159319 0 -1.17176 0 0 0 0 -1.01244
765 766 0.0507096 0 -1.41772 0 0 0 0 -1.36701
766 767 0.00691194 0 -1.09176 0 0 0 0 -1.08485
767 768 0.0104061 0 0 0 0 0 0 0.0104061
768 769 0.00825988 0 -1.23839 0 0 0 0 -1.23013
769 770 0.00644099 0 0 0 0 0 0 0.00644099
770 771 0.12759 0 0 0 0 0 0 0.12759
771 772 0.0166206 0 -1.41981 0 0 0 0 -1.40319
772 773 0.00896697 0 -1.29629 0 0 0 0 -1.28732
773 774 0.0245638 0 0 0 0 0 0 0.0245638
774 775 0.0268638 0 -0.109316 0 0 0 0 -0.0824521
775 776 0.0333781 0 -1.30291 0 0 0 0 -1.26953
776 777 0.0091999 0 0 0 0 0 0 0.0091999
777 778 0.0979845 0 0 0 0 0 0 0.0979845
778 779 0.014479 0 -1.23927 0 0 0 0 -1.22479
780 781 0.0908832 0 -1.26742 0 0 0 0 -1.17654
781 782 0.0650574 0 -1.2757 0 0 0 0 -1.21065
782 783 0.00268636 0 -1.35256 0 0 0 0 -1.34987
783 784 0.0314908 0 -0 0 0 0 0 0.0314908
784 785 0.00408315 0 -1.28704 0 0 0 0 -1.28295
785 786 0.189058 0 -1.29752 0 0 0 0 -1.10846
786 787 0.006123 0 -0.953152 0 0 0 0 -0.947029
787 788 0.0212495 0 0 0 0 0 0 0.0212495
788 789 0.0309788 0 0 0 0 0 0 0.0309788
789 790 0.0206584 0 -0 0 0 0 0 0.0206584
790 791 0.128686 0 -1.03662 0 0 0 0 -0.907938
791 792 0.026915 0 -1.09651 0 0 0 0 -1.0696
792 793 0.0139673 0 -1.34181 0 0 0 0 -1.32785
793 794 0.0194046 0 -1.28394 0 0 0 0 -1.26454
794 795 0.0866704 0 0 0 0 0 0 0.0866704
795 796 0.0617505 0 0 0 0 0 0 0.0617505
796 797 0.00442379 0 0 0 0 0 0 0.00442379
797 798 0.0221518 0 -1.26897 0 0 0 0 -1.24681
798 799 0.0111539 0 0 0 0 0 0 0.0111539
800 801 0.00604189 0 -0.866629 0 0 0 0 -0.860587
801 802 0.0332297 0 0 0 0 0 0 0.0332297
802 803 0.164989 0 -1.34293 0 0 0 0 -1.17794
803 804 0.00388734 0 0 0 0 0 0 0.00388734
804 805 0.055464 0 0 0 0 0 0 0.055464
805 806 0.000962703 0 -0.902064 0 0 0 0 -0.901101
806 807 0.00623953 0 0 0 0 0 0 0.00623953
807 808 0.00976326 0 -0 0 0 0 0 0.00976326
808 809 0.020803 0 -1.27993 0 0 0 0 -1.25913
809 810 0.0325779 0 -1.44678 0 0 0 0 -1.4142
810 811 0.279784 0 -0.70181 0 0 0 0 -0.422027
811 812 2.23926e-05 0 -1.17237 0 0 0 0 -1.17235
812 813 0.00145871 0 -1.3422 0 0 0 0 -1.34075
813 814 0.048788 0 -1.08261 0 0 0 0 -1.03383
814 815 0.0157512 0 -1.21825 0 0 0 0 -1.2025
815 816 0.285865 0 0 0 0 0 0 0.285865
816 817 0.15564 0 -1.31214 0 0 0 0 -1.1565
817 818 0.0606063 0 -1.0107 0 0 0 0 -0.950093
818 819 0.0397202 0 0 0 0 0 0 0.0397202
820 821 0.0737362 0 0 0 0 0 0 0.0737362
821 822 0.00328291 0 -1.34394 0 0 0 0 -1.34066
822 823 0.0056872 0 -0.741358 0 0 0 0 -0.735671
823 824 0.0162117 0 0 0 0 0 0 0.0162117
824 825 0.198656 0 0 0 0 0 0 0.198656
825 826 0.256498 0 0 0 0 0 0 0.256498
826 827 0.0291623 0 0 0 0 0 0 0.0291623
827 828 0.0651088 0 0 0 0 0 0 0.0651088
828 829 0.0061263 0 -0.581933 0 0 0 0 -0.575806
829 830 0.141953 0 0 0 0 0 0 0.141953
830 831 0.112519 0 0 0 0 0 0 0.112519
831 832 0.0117852 0 0 0 0 0 0 0.0117852
832 833 0.0565225 0 0 0 0 0 0 0.0565225
833 834 0.0493993 0 0 0 0 0 0 0.0493993
834 835 0.0192633 0 0 0 0 0 0 0.0192633
835 836 0.0250347 0 -1.32484 0 0 0 0 -1.2998
836 837 0.00627742 0 -0.224054 0 0 0 0 -0.217776
837 838 0.0272017 0 -1.28597 0 0 0 0 -1.25877
838 839 0.149486 0 0 0 0 0 0 0.149486
840 841 0.0472549 0 -0.994447 0 0 0 0 -0.947192
841 842 0.111062 0 0 0 0 0 0 0.111062
842 843 0.00625366 0 -1.34959 0 0 0 0 -1.34334
843 844 0.0936683 0 0 0 0 0 0 0.0936683
844 845 0.00269557 0 0 0 0 0 0 0.00269557
845 846 0.0661411 0 0 0 0 0 0 0.0661411
846 847 0.0142904 0 -1.19373 0 0 0 0 -1.17944
847 848 0.0752075 0 -1.22688 0 0 0 0 -1.15168
848 849 0.00157114 0 -1.39598 0 0 0 0 -1.39441
849 850 0.0268726 0 0 0 0 0 0 0.0268726
850 851 0.102677 0 0 0 0 0 0 0.102677
851 852 0.0171982 0 -1.12688 0 0 0 0 -1.10968
852 853 0.0624178 0 0 0 0 0 0 0.0624178
853 854 0.00407282 0 0 0 0 0 0 0.00407282
854 855 0.0291023 0 -1.23606 0 0 0 0 -1.20695
855 856 0.0728798 0 -1.11751 0 0 0 0 -1.04463
856 857 0.0375934 0 -1.47794 0 0 0 0 -1.44035
857 858 0.0102286 0 0 0 0 0 0 0.0102286
858 859 0.00190686 0 -1.00494 0 0 0 0 -1.00303
860 861 0.185031 0 -1.28337 0 0 0 0 -1.09834
861 862 0.000476911 0 0 0 0 0 0 0.000476911
862 863 0.00394212 0 -0 0 0 0 0 0.00394212
863 864 0.0232384 0 -1.4317 0 0 0 0 -1.40846
864 865 0.065731 0 0 0 0 0 0 0.065731
865 866 0.275541 0 -1.13155 0 0 0 0 -0.856006
866 867 0.276748 0 0 0 0 0 0 0.276748
867 868 0.162412 0 -1.22009 0 0 0 0 -1.05767
868 869 0.0504941 0 -0.350677 0 0 0 0 -0.300183
869 870 0.215998 0 -1.13633 0 0 0 0 -0.920337
870 871 0.0353527 0 0 0 0 0 0 0.0353527
871 872 0.108397 0 0 0 0 0 0 0.108397
872 873 0.220258 0 0 0 0 0 0 0.220258
873 874 0.000138541 0 0 0 0 0 0 0.000138541
874 875 0.0253099 0 0 0 0 0 0 0.0253099
875 876 0.0026097 0 0 0 0 0 0 0.0026097
876 877 0.0426536 0 -0 0 0 0 0 0.0426536
877 878 0.0154969 0 0 0 0 0 0 0.0154969
878 879 0.000243004 0 -0 0 0 0 0 0.000243004
880 881 0.00244779 0 -1.32033 0 0 0 0 -1.31788
881 882 0.0550868 0 0 0 0 0 0 0.0550868
882 883 0.0140536 0 -1.40384 0 0 0 0 -1.38979
883 884 0.0398949 0 0 0 0 0 0 0.0398949
884 885 0.063268 0 0 0 0 0 0 0.063268
885 886 0.030493 0 0 0 0 0 0 0.030493
886 887 0.00421935 0 -0.337972 0 0 0 0 -0.333753
887 888 0.00762388 0 -1.35898 0 0 0 0 -1.35136
888 889 0.040302 0 -1.26746 0 0 0 0 -1.22716
889 890 3.38351e-05 0 -1.22648 0 0 0 0 -1.22645
890 891 0.0111593 0 -0.95926 0 0 0 0 -0.9481
891 892 0.0221148 0 -1.40629 0 0 0 0 -1.38418
892 893 0.107762 0 -0 0 0 0 0 0.107762
893 894 0.00429031 0 -1.41596 0 0 0 0 -1.41167
894 895 0.0113671 0 0 0 0 0 0 0.0113671
895 896 0.0298001 0 -1.3447 0 0 0 0 -1.3149
896 897 0.0208635 0 0 0 0 0 0 0.0208635
897 898 0.000416066 0 0 0 0 0 0 0.000416066
898 899 0.0178949 0 -1.35829 0 0 0 0 -1.3404
900 901 0.0311848 0 0 0 0 0 0 0.0311848
901 902 0.160077 0 0 0 0 0 0 0.160077
902 903 0.167603 0 -1.37483 0 0 0 0 -1.20723
903 904 0.0456869 0 -1.03299 0 0 0 0 -0.987305
904 905 0.0158259 0 -1.17552 0 0 0 0 -1.1597
905 906 0.000452407 0 0 0 0 0 0 0.000452407
906 907 0.0320453 0 -0.883037 0 0 0 0 -0.850992
907 908 0.0509249 0 -1.11355 0 0 0 0 -1.06263
908 909 0.185427 0 0 0 0 0 0 0.185427
909 910 0.0955471 0 -0 0 0 0 0 0.0955471
910 911 0.0187364 0 0 0 0 0 0 0.0187364
911 912 0.00978611 0 -0.97434 0 0 0 0 -0.964554
912 913 0.0297939 0 0 0 0 0 0 0.0297939
913 914 0.0328839 0 -1.39541 0 0 0 0 -1.36252
914 915 0.00120091 0 0 0 0 0 0 0.00120091
915 916 0.00986896 0 -1.32576 0 0 0 0 -1.31589
916 917 0.125526 0 -1.22244 0 0 0 0 -1.09691
917 918 0.0412483 0 -1.37414 0 0 0 0 -1.33289
918 919 0.0410683 0 -1.29473 0 0 0 0 -1.25366
920 921 0.0266156 0 -1.29383 0 0 0 0 -1.26722
921 922 0.054677 0 -0 0 0 0 0 0.054677
922 923 0.228395 0 0 0 0 0 0 0.228395
923 924 0.114077 0 -0 0 0 0 0 0.114077
924 925 0.029154 0 0 0 0 0 0 0.029154
925 926 0.000943479 0 -1.41722 0 0 0 0 -1.41628
926 927 0.0467266 0 -1.24894 0 0 0 0 -1.20222
927 928 0.00800286 0 -1.0513 0 0 0 0 -1.0433
928 929 2.79652e-05 0 0 0 0 0 0 2.79652e-05
929 930 0.0562803 0 -1.16767 0 0 0 0 -1.11139
930 931 0.00696492 0 -1.30498 0 0 0 0 -1.29802
931 932 0.0181151 0 -1.10927 0 0 0 0 -1.09116
932 933 0.0238039 0 -1.09794 0 0 0 0 -1.07414
933 934 0.039805 0 -1.34762 0 0 0 0 -1.30782
934 935 0.235693 0 0 0 0 0 0 0.235693
935 936 0.140169 0 0 0 0 0 0 0.140169
936 937 0.00360157 0 0 0 0 0 0 0.00360157
937 938 0.150397 0 -0.993348 0 0 0 0 -0.842951
938 939 0.025275 0 0 0 0 0 0 0.025275
940 941 0.0575002 0 0 0 0 0 0 0.0575002
941 942 0.0027115 0 -0.784412 0 0 0 0 -0.7817
942 943 0.0153664 0 -1.31383 0 0 0 0 -1.29846
943 944 0.0377248 0 -1.40103 0 0 0 0 -1.3633
944 945 0.501188 0 -0.744921 0 0 0 0 -0.243733
945 946 0.0321454 0 -1.07366 0 0 0 0 -1.04151
946 947 0.0705966 0 -0.84753 0 0 0 0 -0.776933
947 948 0.0292051 0 0 0 0 0 0 0.0292051
948 949 0.0341279 0 0 0 0 0 0 0.0341279
949 950 0.0869695 0 -0 0 0 0 0 0.0869695
949 951 0 0 0 0.0550049 0 0 0 0.0550049
950 951 0.0115178 0 0 0 0 0 0 0.0115178
951 952 0.0025922 0 -1.30968 0 0 0 0 -1.30708
952 953 0.198387 0 0 0 0 0 0 0.198387
953 954 0.0434749 0 -0.70532 0 0 0 0 -0.661845
954 955 0.0701925 0 0 0 0 0 0 0.0701925
955 956 0.12876 0 0 0 0 0 0 0.12876
956 957 0.0438952 0 -1.3709 0 0 0 0 -1.327
957 958 0.00616718 0 -1.32576 0 0 0 0 -1.31959
944 959 0 0 0 0 -0.774268 0 -0 -0.774268
943 959 0 0 0 0 0 -0.165902 0 -0.165902
958 959 0.00585287 0 0 0 0 0 0 0.00585287
960 961 0.00466822 0 -1.38387 0 0 0 0 -1.3792
961 962 0.000469234 0 0 0 0 0 0 0.000469234
962 963 0.0275885 0 -0 0 0 0 0 0.0275885
963 964 0.0162258 0 -0 0 0 0 0 0.0162258
964 965 0.0983874 0 0 0 0 0 0 0.0983874
965 966 0.00126215 0 -1.17503 0 0 0 0 -1.17377
966 967 0.0273517 0 -0 0 0 0 0 0.0273517
966 968 0 0 0 0 0 -0.00036479 -0 -0.00036479
967 968 0.00839272 0 -1.18684 0 0 0 0 -1.17845
968 969 0.0143627 0 0 0 0 0 0 0.0143627
969 970 0.0381637 0 -0.946624 0 0 0 0 -0.90846
970 971 0.0250589 0 0 0 0 0 0 0.0250589
971 972 0.00558041 0 -0.945571 0 0 0 0 -0.93999
972 973 0.000609168 0 -0.966902 0 0 0 0 -0.966293
973 974 0.00538978 0 -0 0 0 0 0 0.00538978
974 975 0.0117335 0 -0.923721 0 0 0 0 -0.911988
975 976 0.0448166 0 -1.26926 0 0 0 0 -1.22444
976 977 0.0140758 0 0 0 0 0 0 0.0140758
977 978 0.00438928 0 -0 0 0 0 0 0.00438928
978 979 0.0393536 0 -0 0 0 0 0 0.0393536
980 981 0.143518 0 0 0 0 0 0 0.143518
981 982 0.00941207 0 0 0 0 0 0 0.00941207
982 983 0.0739366 0 -0.97998 0 0 0 0 -0.906043
983 984 0.00446997 0 0 0 0 0 0 0.00446997
984 985 0.0728653 0 -1.3212 0 0 0 0 -1.24834
985 986 0.030216 0 0 0 0 0 0 0.030216
986 987 0.0198369 0 -0.661063 0 0 0 0 -0.641227
987 988 0.0176322 0 -0.887513 0 0 0 0 -0.869881
988 989 0.0953628 0 -1.29032 0 0 0 0 -1.19496
989 990 0.00864495 0 -1.28856 0 0 0 0 -1.27991
990 991 0.0164469 0 -1.24776 0 0 0 0 -1.23131
991 992 0.0338572 0 -1.24017 0 0 0 0 -1.20632
992 993 0.0145696 0 0 0 0 0 0 0.0145696
993 994 0.0407324 0 0 0 0 0 0 0.0407324
994 995 0.00574198 0 0 0 0 0 0 0.00574198
995 996 0.0340688 0 -1.38949 0 0 0 0 -1.35542
996 997 0.000803786 0 -1.08249 0 0 0 0 -1.08169
997 998 0.0130107 0 -1.12923 0 0 0 0 -1.11622
998 999 0.0111669 0 -1.2598 0 0 0 0 -1.24863
#Total energy per particle is  -0.60011 and should be -0.6001110
