           0   0.000000
       10000  -0.521862
       20000  -0.364598
       30000  -0.566503
       40000  -0.541004
       50000  -0.000000
       60000  -3.921428
       70000  -1.502622
       80000  -2.237029
       90000  -4.417937
      100000  -2.149948
      110000  -2.937401
      120000  -2.539871
      130000  -3.821271
      140000  -6.262600
      150000  -6.656478
      160000  -9.071119
      170000  -7.928744
      180000  -6.511525
      190000  -4.585038
      200000  -3.488108
