#id1 id2 FENE BEXC STCK NEXC HB CRSTCK CXSTCK total, t = 200000
0 1 0.101347 0 -1.10954 0 0 0 0 -1.00819
1 2 0.00989875 0 -1.08005 0 0 0 0 -1.07015
2 3 0.000397232 0 -0.7089 0 0 0 0 -0.708503
3 4 0.00125382 0 -0.959902 0 0 0 0 -0.958648
4 5 0.00525055 0 -1.22265 0 0 0 0 -1.2174
5 6 0.0321382 0 0 0 0 0 0 0.0321382
5 7 0 0 0 0 0 0 -0.386934 -0.386934
6 7 0.00650317 0 0 0 0 0 0 0.00650317
7 8 0.0139459 0 -1.37016 0 0 0 0 -1.35622
8 9 0.0563266 0 0 0 0 0 0 0.0563266
9 10 0.0921059 0 0 0 0 0 0 0.0921059
10 11 0.0621032 0 -1.01404 0 0 0 0 -0.951942
11 12 0.061672 0 -1.07407 0 0 0 0 -1.0124
12 13 7.03748e-07 0 -0.537463 0 0 0 0 -0.537463
13 14 0.0181093 0 -1.27457 0 0 0 0 -1.25646
14 15 0.0101566 0 0 0 0 0 0 0.0101566
15 16 0.000637338 0 -1.28404 0 0 0 0 -1.2834
16 17 0.0477867 0 0 0 0 0 0 0.0477867
17 18 0.110415 0 -1.00848 0 0 0 0 -0.898067
18 19 0.00980516 0 -0.76348 0 0 0 0 -0.753675
20 21 0.0130706 0 0 0 0 0 0 0.0130706
21 22 0.000459222 0 0 0 0 0 0 0.000459222
22 23 3.16551e-05 0 -0.954409 0 0 0 0 -0.954378
23 24 0.00776603 0 0 0 0 0 0 0.00776603
24 25 0.0601961 0 -1.0035 0 0 0 0 -0.943305
25 26 0.213037 0 -0 0 0 0 0 0.213037
26 27 0.0186757 0 0 0 0 0 0 0.0186757
27 28 0.0208336 0 -0 0 0 0 0 0.0208336
28 29 0.0291435 0 -1.18271 0 0 0 0 -1.15356
29 30 0.0117604 0 -1.05677 0 0 0 0 -1.04501
30 31 7.61291e-05 0 -1.10099 0 0 0 0 -1.10091
31 32 0.101413 0 -1.18476 0 0 0 0 -1.08334
32 33 0.119417 0 -0.785525 0 0 0 0 -0.666107
33 34 0.000716024 0 -1.20985 0 0 0 0 -1.20913
34 35 0.0334945 0 -1.37791 0 0 0 0 -1.34442
35 36 0.0723061 0 -0.798141 0 0 0 0 -0.725834
36 37 0.024606 0 0 0 0 0 0 0.024606
37 38 0.0014497 0 -0 0 0 0 0 0.0014497
38 39 0.000703115 0 -1.20312 0 0 0 0 -1.20241
40 41 0.0387398 0 -0 0 0 0 0 0.0387398
41 42 0.00739266 0 -1.18998 0 0 0 0 -1.18258
42 43 0.0524771 0 0 0 0 0 0 0.0524771
43 44 0.0665752 0 0 0 0 0 0 0.0665752
44 45 0.0382683 0 0 0 0 0 0 0.0382683
45 46 0.00719265 0 -1.30804 0 0 0 0 -1.30085
46 47 0.120337 0 0 0 0 0 0 0.120337
47 48 0.00541559 0 0 0 0 0 0 0.00541559
48 49 0.000910077 0 0 0 0 0 0 0.000910077
49 50 0.0434515 0 0 0 0 0 0 0.0434515
46 51 0 0 0 0 0 -0.000394838 0 -0.000394838
50 51 0.0516648 0 0 0 0 0 0 0.0516648
51 52 0.0247625 0 -1.23385 0 0 0 0 -1.20909
52 53 0.00160592 0 -0.604896 0 0 0 0 -0.60329
53 54 3.16495e-05 0 0 0 0 0 0 3.16495e-05
54 55 0.00705751 0 -1.14382 0 0 0 0 -1.13676
55 56 0.00820151 0 -0.941766 0 0 0 0 -0.933564
56 57 0.0235778 0 -1.21842 0 0 0 0 -1.19484
57 58 0.0483646 0 0 0 0 0 0 0.0483646
58 59 0.166319 0 0 0 0 0 0 0.166319
60 61 0.105014 0 -1.30648 0 0 0 0 -1.20146
61 62 0.0314538 0 -1.25365 0 0 0 0 -1.22219
62 63 0.000378198 0 -0.915968 0 0 0 0 -0.915589
63 64 9.69393e-05 0 0 0 0 0 0 9.69393e-05
64 65 0.0277842 0 0 0 0 0 0 0.0277842
65 66 0.179434 0 -0.994468 0 0 0 0 -0.815034
65 67 0 0 0 0.0118337 0 0 0 0.0118337
66 67 0.00275399 0 0 0 0 0 0 0.00275399
67 68 0.0513919 0 0 0 0 0 0 0.0513919
68 69 0.19294 0 -1.24253 0 0 0 0 -1.04959
69 70 1.78598e-05 0 0 0 0 0 0 1.78598e-05
70 71 0.00586088 0 -1.07592 0 0 0 0 -1.07006
71 72 0.000416814 0 -1.30003 0 0 0 0 -1.29962
72 73 0.0213153 0 0 0 0 0 0 0.0213153
73 74 0.0524729 0 0 0 0 0 0 0.0524729
74 75 0.00596484 0 -1.24662 0 0 0 0 -1.24065
75 76 0.193095 0 0 0 0 0 0 0.193095
76 77 0.0115771 0 0 0 0 0 0 0.0115771
77 78 0.361081 0 0 0 0 0 0 0.361081
78 79 0.00245882 0 -0.744116 0 0 0 0 -0.741657
80 81 0.0201186 0 0 0 0 0 0 0.0201186
81 82 0.0347042 0 0 0 0 0 0 0.0347042
82 83 0.116519 0 -0 0 0 0 0 0.116519
83 84 0.0844256 0 0 0 0 0 0 0.0844256
84 85 0.00150604 0 0 0 0 0 0 0.00150604
85 86 0.000600769 0 0 0 0 0 0 0.000600769
86 87 0.153496 0 -1.15634 0 0 0 0 -1.00284
87 88 0.0689577 0 -1.12035 0 0 0 0 -1.0514
88 89 0.133867 0 0 0 0 0 0 0.133867
89 90 0.000117135 0 0 0 0 0 0 0.000117135
90 91 0.011748 0 0 0 0 0 0 0.011748
91 92 0.0895231 0 -1.26908 0 0 0 0 -1.17956
92 93 0.29162 0 -1.22074 0 0 0 0 -0.929119
93 94 0.0316974 0 -0 0 0 0 0 0.0316974
94 95 0.107381 0 0 0 0 0 0 0.107381
95 96 0.0298363 0 -0.316578 0 0 0 0 -0.286742
96 97 0.00369657 0 0 0 0 0 0 0.00369657
97 98 0.197343 0 -0.997759 0 0 0 0 -0.800415
98 99 0.101226 0 0 0 0 0 0 0.101226
100 101 0.000426679 0 -1.0233 0 0 0 0 -1.02288
101 102 0.0004447 0 -1.13164 0 0 0 0 -1.1312
102 103 0.000341718 0 0 0 0 0 0 0.000341718
103 104 0.000586721 0 0 0 0 0 0 0.000586721
104 105 0.284212 0 0 0 0 0 0 0.284212
105 106 0.00234373 0 -1.28824 0 0 0 0 -1.2859
106 107 0.0148768 0 0 0 0 0 0 0.0148768
107 108 0.0456881 0 -0 0 0 0 0 0.0456881
108 109 9.5245e-05 0 -1.11951 0 0 0 0 -1.11942
107 110 0 0 0 0 0 -0.0275598 0 -0.0275598
109 110 0.0201542 0 -1.27601 0 0 0 0 -1.25585
110 111 0.20869 0 -0 0 0 0 0 0.20869
111 112 0.00272099 0 -0 0 0 0 0 0.00272099
112 113 0.0261813 0 -1.38598 0 0 0 0 -1.3598
113 114 0.00216314 0 -1.43926 0 0 0 0 -1.4371
114 115 0.0212682 0 -1.09156 0 0 0 0 -1.07029
115 116 0.0167529 0 -1.39813 0 0 0 0 -1.38138
116 117 0.0036274 0 0 0 0 0 0 0.0036274
117 118 0.0484228 0 -0.715841 0 0 0 0 -0.667418
118 119 0.0602534 0 0 0 0 0 0 0.0602534
120 121 0.102895 0 0 0 0 0 0 0.102895
121 122 0.161378 0 0 0 0 0 0 0.161378
122 123 0.00695676 0 0 0 0 0 0 0.00695676
123 124 0.179232 0 -0 0 0 0 0 0.179232
124 125 0.000605271 0 -1.36304 0 0 0 0 -1.36244
125 126 0.105369 0 -1.32111 0 0 0 0 -1.21574
126 127 0.189855 0 -1.23367 0 0 0 0 -1.04381
127 128 0.261039 0 -1.25998 0 0 0 0 -0.998946
128 129 0.000612692 0 -1.39456 0 0 0 0 -1.39394
129 130 0.1232 0 -1.07024 0 0 0 0 -0.947044
130 131 0.0288293 0 -1.38693 0 0 0 0 -1.3581
131 132 0.136038 0 -1.06965 0 0 0 0 -0.933611
132 133 0.108409 0 -1.26924 0 0 0 0 -1.16083
133 134 0.00599006 0 -1.04121 0 0 0 0 -1.03522
134 135 0.00041001 0 -1.20098 0 0 0 0 -1.20057
135 136 0.344429 0 0 0 0 0 0 0.344429
136 137 0.00823644 0 -1.17429 0 0 0 0 -1.16605
137 138 0.00760486 0 -1.29392 0 0 0 0 -1.28632
138 139 0.0454325 0 -8.60048e-05 0 0 0 0 0.0453465
140 141 0.0202985 0 0 0 0 0 0 0.0202985
141 142 0.0064067 0 -0.689571 0 0 0 0 -0.683165
142 143 0.0378552 0 0 0 0 0 0 0.0378552
143 144 0.00531904 0 -1.35922 0 0 0 0 -1.3539
144 145 0.010663 0 -0.991292 0 0 0 0 -0.980629
145 146 0.0431483 0 -1.14593 0 0 0 0 -1.10278
146 147 0.00399941 0 0 0 0 0 0 0.00399941
147 148 1.55244e-05 0 -1.40311 0 0 0 0 -1.40309
148 149 0.0161976 0 -1.25984 0 0 0 0 -1.24364
149 150 0.00383105 0 0 0 0 0 0 0.00383105
150 151 0.0828475 0 -0.704696 0 0 0 0 -0.621849
151 152 0.2687 0 0 0 0 0 0 0.2687
152 153 0.00127944 0 -0 0 0 0 0 0.00127944
153 154 0.164723 0 0 0 0 0 0 0.164723
154 155 0.188297 0 -0.726351 0 0 0 0 -0.538054
155 156 0.00567074 0 -1.35989 0 0 0 0 -1.35422
156 157 0.0883437 0 -1.42253 0 0 0 0 -1.33419
157 158 0.0213448 0 -1.43415 0 0 0 0 -1.4128
158 159 0.00545663 0 -0.918353 0 0 0 0 -0.912896
160 161 0.043703 0 -1.09519 0 0 0 0 -1.05149
161 162 0.000785789 0 -1.29009 0 0 0 0 -1.2893
162 163 0.00246873 0 -1.15328 0 0 0 0 -1.15081
163 164 0.0112024 0 -1.40769 0 0 0 0 -1.39649
164 165 0.0258147 0 -1.2863 0 0 0 0 -1.26048
165 166 0.000803113 0 -0 0 0 0 0 0.000803113
166 167 0.195052 0 -1.0316 0 0 0 0 -0.83655
167 168 0.000158079 0 -0.783635 0 0 0 0 -0.783477
168 169 0.0918466 0 0 0 0 0 0 0.0918466
169 170 0.109431 0 -0.957231 0 0 0 0 -0.8478
170 171 0.0365211 0 0 0 0 0 0 0.0365211
171 172 0.0016628 0 -1.26665 0 0 0 0 -1.26499
172 173 0.0488192 0 -0 0 0 0 0 0.0488192
173 174 0.0846884 0 0 0 0 0 0 0.0846884
174 175 0.00139771 0 -1.19019 0 0 0 0 -1.18879
175 176 0.0247439 0 -0.866902 0 0 0 0 -0.842159
176 177 0.0108304 0 -0.948919 0 0 0 0 -0.938089
177 178 0.0209149 0 -0 0 0 0 0 0.0209149
178 179 0.0634918 0 0 0 0 0 0 0.0634918
180 181 0.0166067 0 -0 0 0 0 0 0.0166067
181 182 0.000492931 0 0 0 0 0 0 0.000492931
182 183 0.0518139 0 -1.34065 0 0 0 0 -1.28884
183 184 0.337424 0 -0.761588 0 0 0 0 -0.424164
184 185 0.0102912 0 -1.35248 0 0 0 0 -1.34219
185 186 0.0905421 0 -1.30093 0 0 0 0 -1.21039
186 187 0.0444372 0 -1.37394 0 0 0 0 -1.3295
187 188 0.0129277 0 -1.19862 0 0 0 0 -1.18569
188 189 0.0156244 0 -0.540927 0 0 0 0 -0.525303
189 190 0.138985 0 0 0 0 0 0 0.138985
190 191 0.0353717 0 -0 0 0 0 0 0.0353717
191 192 0.0755948 0 0 0 0 0 0 0.0755948
192 193 0.00931464 0 -1.09751 0 0 0 0 -1.08819
193 194 0.016654 0 -0 0 0 0 0 0.016654
194 195 0.120447 0 0 0 0 0 0 0.120447
195 196 0.0103119 0 -1.40276 0 0 0 0 -1.39245
196 197 0.390282 0 0 0 0 0 0 0.390282
197 198 0.000386857 0 0 0 0 0 0 0.000386857
198 199 0.0053449 0 -0.698774 0 0 0 0 -0.693429
200 201 0.00189238 0 -0.915265 0 0 0 0 -0.913373
201 202 0.117843 0 -1.13299 0 0 0 0 -1.01515
202 203 0.147971 0 -0.867489 0 0 0 0 -0.719518
203 204 0.109486 0 0 0 0 0 0 0.109486
204 205 0.0503147 0 -1.09726 0 0 0 0 -1.04694
205 206 0.0701565 0 -1.16381 0 0 0 0 -1.09365
206 207 0.0890365 0 -1.1054 0 0 0 0 -1.01636
207 208 0.00212233 0 -0.381232 0 0 0 0 -0.37911
208 209 0.00831372 0 -1.36972 0 0 0 0 -1.3614
209 210 0.0687972 0 -1.36264 0 0 0 0 -1.29384
210 211 0.447603 0 0 0 0 0 0 0.447603
211 212 0.00478119 0 0 0 0 0 0 0.00478119
212 213 0.0150559 0 -1.15921 0 0 0 0 -1.14416
213 214 0.0228013 0 -1.27453 0 0 0 0 -1.25173
214 215 0.0229364 0 -0 0 0 0 0 0.0229364
215 216 0.0529196 0 0 0 0 0 0 0.0529196
216 217 0.223509 0 -1.24145 0 0 0 0 -1.01794
217 218 0.0287718 0 0 0 0 0 0 0.0287718
218 219 0.0321303 0 0 0 0 0 0 0.0321303
220 221 0.0055069 0 -1.0232 0 0 0 0 -1.0177
221 222 0.0400797 0 -1.37597 0 0 0 0 -1.33589
222 223 0.014518 0 -1.25939 0 0 0 0 -1.24487
223 224 0.0048137 0 -1.32414 0 0 0 0 -1.31932
224 225 0.0172715 0 -1.25165 0 0 0 0 -1.23438
225 226 0.00558361 0 -1.0757 0 0 0 0 -1.07012
226 227 0.0935406 0 -1.11645 0 0 0 0 -1.02291
227 228 0.094113 0 -1.23868 0 0 0 0 -1.14457
228 229 0.00336907 0 -0.990257 0 0 0 0 -0.986888
229 230 0.0216999 0 -1.09584 0 0 0 0 -1.07414
230 231 0.0274954 0 -1.37476 0 0 0 0 -1.34727
231 232 0.0549512 0 -1.43061 0 0 0 0 -1.37566
232 233 0.00307093 0 -0.677493 0 0 0 0 -0.674422
233 234 0.0197912 0 0 0 0 0 0 0.0197912
234 235 0.105955 0 0 0 0 0 0 0.105955
235 236 0.018998 0 0 0 0 0 0 0.018998
236 237 0.0180611 0 -1.17428 0 0 0 0 -1.15622
237 238 0.0289101 0 -1.39859 0 0 0 0 -1.36968
238 239 0.00232358 0 -1.1652 0 0 0 0 -1.16288
240 241 0.0838195 0 -0.697514 0 0 0 0 -0.613695
241 242 0.000343798 0 -1.40651 0 0 0 0 -1.40617
242 243 0.0063706 0 -0.700777 0 0 0 0 -0.694406
243 244 0.00104555 0 0 0 0 0 0 0.00104555
244 245 0.0341288 0 -0 0 0 0 0 0.0341288
245 246 0.0118018 0 0 0 0 0 0 0.0118018
246 247 0.265773 0 -1.20412 0 0 0 0 -0.938347
247 248 0.190142 0 -0.924225 0 0 0 0 -0.734083
248 249 0.0354461 0 -1.11425 0 0 0 0 -1.0788
249 250 0.00743485 0 0 0 0 0 0 0.00743485
250 251 0.00494758 0 -1.1899 0 0 0 0 -1.18495
251 252 0.0140282 0 0 0 0 0 0 0.0140282
252 253 0.00730253 0 0 0 0 0 0 0.00730253
253 254 0.000163115 0 0 0 0 0 0 0.000163115
254 255 0.034254 0 -0 0 0 0 0 0.034254
255 256 0.0208261 0 -1.36627 0 0 0 0 -1.34545
256 257 0.0218241 0 -1.17512 0 0 0 0 -1.1533
257 258 0.0168652 0 -1.31873 0 0 0 0 -1.30186
258 259 0.0705858 0 -1.07397 0 0 0 0 -1.00338
260 261 0.0580296 0 0 0 0 0 0 0.0580296
261 262 0.0010715 0 -1.01096 0 0 0 0 -1.00989
262 263 0.0485431 0 0 0 0 0 0 0.0485431
263 264 0.00128709 0 0 0 0 0 0 0.00128709
264 265 0.113667 0 -0.9469 0 0 0 0 -0.833233
265 266 0.00131601 0 -1.13881 0 0 0 0 -1.13749
266 267 0.0200074 0 -1.09421 0 0 0 0 -1.0742
267 268 0.0433312 0 0 0 0 0 0 0.0433312
268 269 0.0183189 0 -1.1537 0 0 0 0 -1.13538
269 270 0.676191 0 -1.05534 0 0 0 0 -0.379153
270 271 0.000789171 0 0 0 0 0 0 0.000789171
271 272 0.0145471 0 0 0 0 0 0 0.0145471
272 273 0.0939089 0 0 0 0 0 0 0.0939089
273 274 0.00192578 0 0 0 0 0 0 0.00192578
274 275 0.0652163 0 0 0 0 0 0 0.0652163
275 276 0.0274904 0 -0.92837 0 0 0 0 -0.90088
276 277 0.00241588 0 0 0 0 0 0 0.00241588
277 278 0.0223649 0 -1.27665 0 0 0 0 -1.25428
278 279 0.0061135 0 0 0 0 0 0 0.0061135
280 281 0.00176853 0 -0.41424 0 0 0 0 -0.412472
281 282 0.0359942 0 -0.568544 0 0 0 0 -0.53255
282 283 0.000206821 0 -1.24737 0 0 0 0 -1.24717
283 284 0.0485871 0 -1.33985 0 0 0 0 -1.29127
284 285 0.0848538 0 -1.32667 0 0 0 0 -1.24182
285 286 0.00074974 0 -1.16785 0 0 0 0 -1.1671
286 287 0.0787124 0 0 0 0 0 0 0.0787124
287 288 0.0384587 0 -1.07526 0 0 0 0 -1.0368
288 289 0.00378568 0 -1.37704 0 0 0 0 -1.37325
289 290 3.62512e-05 0 0 0 0 0 0 3.62512e-05
290 291 0.00342328 0 0 0 0 0 0 0.00342328
291 292 0.0600992 0 -1.3751 0 0 0 0 -1.315
292 293 0.00844317 0 0 0 0 0 0 0.00844317
293 294 0.0726021 0 -0 0 0 0 0 0.0726021
294 295 0.000470688 0 0 0 0 0 0 0.000470688
295 296 0.306044 0 0 0 0 0 0 0.306044
296 297 0.16574 0 -1.29909 0 0 0 0 -1.13335
297 298 0.100514 0 -1.34045 0 0 0 0 -1.23993
298 299 0.163184 0 -0.770408 0 0 0 0 -0.607224
300 301 0.0241143 0 -0.838028 0 0 0 0 -0.813914
301 302 0.0282418 0 0 0 0 0 0 0.0282418
302 303 0.00140011 0 0 0 0 0 0 0.00140011
303 304 0.00787926 0 0 0 0 0 0 0.00787926
304 305 0.0163518 0 -1.25588 0 0 0 0 -1.23953
305 306 0.146997 0 -0 0 0 0 0 0.146997
306 307 0.1796 0 -1.17188 0 0 0 0 -0.992277
307 308 0.0327696 0 -1.3152 0 0 0 0 -1.28243
308 309 0.015826 0 -1.31158 0 0 0 0 -1.29576
309 310 0.00554726 0 0 0 0 0 0 0.00554726
310 311 0.00842195 0 0 0 0 0 0 0.00842195
311 312 0.00762676 0 0 0 0 0 0 0.00762676
312 313 0.303163 0 0 0 0 0 0 0.303163
313 314 0.0607617 0 0 0 0 0 0 0.0607617
314 315 0.0416421 0 -0 0 0 0 0 0.0416421
315 316 0.000178024 0 -1.20104 0 0 0 0 -1.20086
316 317 0.289388 0 0 0 0 0 0 0.289388
317 318 0.00292696 0 0 0 0 0 0 0.00292696
318 319 0.0267142 0 0 0 0 0 0 0.0267142
320 321 0.0304911 0 -1.13721 0 0 0 0 -1.10672
321 322 0.17434 0 0 0 0 0 0 0.17434
322 323 0.000677787 0 -0.565015 0 0 0 0 -0.564337
323 324 0.029228 0 0 0 0 0 0 0.029228
324 325 0.0138525 0 -1.33817 0 0 0 0 -1.32432
325 326 0.00530358 0 -1.31052 0 0 0 0 -1.30522
326 327 0.00611246 0 -1.18007 0 0 0 0 -1.17395
327 328 0.0424415 0 -1.09642 0 0 0 0 -1.05398
328 329 0.206648 0 0 0 0 0 0 0.206648
329 330 0.000216551 0 0 0 0 0 0 0.000216551
330 331 0.00863801 0 0 0 0 0 0 0.00863801
331 332 0.0025875 0 0 0 0 0 0 0.0025875
331 333 0 0 0 0.0128795 0 0 0 0.0128795
332 333 0.0058954 0 0 0 0 0 0 0.0058954
333 334 0.0312861 0 -0.985043 0 0 0 0 -0.953757
334 335 0.0456555 0 0 0 0 0 0 0.0456555
335 336 0.00129826 0 -1.41877 0 0 0 0 -1.41747
336 337 0.000433102 0 0 0 0 0 0 0.000433102
337 338 0.0501125 0 -1.36574 0 0 0 0 -1.31563
338 339 0.0122672 0 -1.33461 0 0 0 0 -1.32234
340 341 0.0720136 0 -1.21191 0 0 0 0 -1.13989
341 342 0.0189866 0 -0.796122 0 0 0 0 -0.777136
342 343 0.0211348 0 0 0 0 0 0 0.0211348
343 344 0.0678388 0 -1.46014 0 0 0 0 -1.3923
344 345 0.339876 0 -1.21654 0 0 0 0 -0.876664
345 346 0.000215381 0 0 0 0 0 0 0.000215381
346 347 0.000269119 0 -1.05583 0 0 0 0 -1.05556
347 348 0.24214 0 -0 0 0 0 0 0.24214
348 349 0.0204985 0 -1.08606 0 0 0 0 -1.06556
349 350 0.000494337 0 -0.671467 0 0 0 0 -0.670973
350 351 0.0190713 0 0 0 0 0 0 0.0190713
351 352 0.0141754 0 -0.92739 0 0 0 0 -0.913215
352 353 0.00807536 0 -1.37278 0 0 0 0 -1.36471
353 354 0.0442547 0 0 0 0 0 0 0.0442547
354 355 0.0103453 0 -1.46056 0 0 0 0 -1.45022
355 356 0.0897756 0 -0.899076 0 0 0 0 -0.809301
356 357 0.450287 0 -1.19893 0 0 0 0 -0.748646
357 358 0.0030614 0 0 0 0 0 0 0.0030614
358 359 0.0349233 0 -1.21344 0 0 0 0 -1.17851
360 361 0.0108758 0 -0.408697 0 0 0 0 -0.397821
361 362 0.0433567 0 0 0 0 0 0 0.0433567
362 363 0.132051 0 -0.888557 0 0 0 0 -0.756506
363 364 0.0141438 0 -0.604578 0 0 0 0 -0.590434
364 365 0.0224132 0 -1.13044 0 0 0 0 -1.10803
365 366 0.0219369 0 0 0 0 0 0 0.0219369
366 367 6.19528e-07 0 0 0 0 0 0 6.19528e-07
367 368 0.00968358 0 -0.860294 0 0 0 0 -0.85061
368 369 0.00260767 0 -1.01507 0 0 0 0 -1.01246
369 370 0.0402767 0 -1.25847 0 0 0 0 -1.21819
370 371 0.00349422 0 -1.21796 0 0 0 0 -1.21447
371 372 0.0382123 0 -1.25612 0 0 0 0 -1.21791
372 373 0.0857882 0 0 0 0 0 0 0.0857882
373 374 0.113636 0 0 0 0 0 0 0.113636
374 375 0.187835 0 -1.22833 0 0 0 0 -1.0405
375 376 0.0649024 0 0 0 0 0 0 0.0649024
376 377 0.214596 0 -1.30253 0 0 0 0 -1.08794
377 378 0.000801349 0 -1.36298 0 0 0 0 -1.36218
378 379 0.149356 0 -1.16154 0 0 0 0 -1.01218
380 381 0.0261373 0 -1.03188 0 0 0 0 -1.00575
381 382 0.00106515 0 -1.13959 0 0 0 0 -1.13853
382 383 0.0356162 0 -1.14925 0 0 0 0 -1.11363
383 384 0.0011187 0 0 0 0 0 0 0.0011187
384 385 0.0108749 0 -1.15157 0 0 0 0 -1.14069
385 386 0.0335152 0 0 0 0 0 0 0.0335152
386 387 0.0020774 0 0 0 0 0 0 0.0020774
387 388 0.033995 0 -1.16377 0 0 0 0 -1.12977
388 389 0.20517 0 0 0 0 0 0 0.20517
389 390 0.0717482 0 -1.38867 0 0 0 0 -1.31693
390 391 0.103855 0 -1.31083 0 0 0 0 -1.20697
391 392 0.00664291 0 0 0 0 0 0 0.00664291
392 393 0.00551344 0 0 0 0 0 0 0.00551344
393 394 0.0320473 0 0 0 0 0 0 0.0320473
394 395 0.0232555 0 0 0 0 0 0 0.0232555
395 396 0.00172891 0 -0.00612153 0 0 0 0 -0.00439262
396 397 0.00568083 0 -0.800628 0 0 0 0 -0.794947
397 398 0.135565 0 -1.4422 0 0 0 0 -1.30664
398 399 0.00593628 0 -1.32966 0 0 0 0 -1.32373
400 401 0.0482934 0 0 0 0 0 0 0.0482934
401 402 0.0857708 0 0 0 0 0 0 0.0857708
402 403 0.233944 0 0 0 0 0 0 0.233944
403 404 0.00413453 0 -1.20294 0 0 0 0 -1.19881
404 405 0.00585735 0 0 0 0 0 0 0.00585735
405 406 0.0368432 0 0 0 0 0 0 0.0368432
406 407 0.0183031 0 -1.01767 0 0 0 0 -0.999364
407 408 0.0486419 0 -1.11113 0 0 0 0 -1.06249
408 409 0.257009 0 0 0 0 0 0 0.257009
409 410 9.85114e-07 0 -1.06246 0 0 0 0 -1.06246
410 411 0.00894755 0 -1.44219 0 0 0 0 -1.43324
411 412 0.471318 0 0 0 0 0 0 0.471318
412 413 0.0335881 0 0 0 0 0 0 0.0335881
413 414 0.00134426 0 -1.34093 0 0 0 0 -1.33959
414 415 0.0137851 0 -1.44384 0 0 0 0 -1.43006
415 416 0.0095507 0 0 0 0 0 0 0.0095507
416 417 0.0138131 0 -0 0 0 0 0 0.0138131
417 418 0.0206126 0 0 0 0 0 0 0.0206126
418 419 0.00248077 0 -1.21234 0 0 0 0 -1.20986
420 421 0.00301773 0 -1.28163 0 0 0 0 -1.27862
421 422 0.00412246 0 -1.31749 0 0 0 0 -1.31337
422 423 0.100185 0 0 0 0 0 0 0.100185
423 424 0.0027397 0 -1.29682 0 0 0 0 -1.29408
424 425 0.00673939 0 -0.99494 0 0 0 0 -0.988201
425 426 0.0319205 0 -1.31624 0 0 0 0 -1.28432
426 427 0.00620327 0 -0.92428 0 0 0 0 -0.918077
427 428 0.0505791 0 -1.30823 0 0 0 0 -1.25765
428 429 0.00474366 0 0 0 0 0 0 0.00474366
429 430 0.00404125 0 -1.16855 0 0 0 0 -1.1645
430 431 0.0174234 0 -1.24085 0 0 0 0 -1.22342
431 432 0.096859 0 -1.28866 0 0 0 0 -1.19181
432 433 0.00145531 0 0 0 0 0 0 0.00145531
433 434 0.0480981 0 -1.21546 0 0 0 0 -1.16737
434 435 0.182486 0 0 0 0 0 0 0.182486
435 436 0.0339219 0 -0.894244 0 0 0 0 -0.860322
436 437 0.0327963 0 -1.06749 0 0 0 0 -1.0347
437 438 0.160585 0 0 0 0 0 0 0.160585
438 439 0.00290833 0 -1.21317 0 0 0 0 -1.21027
440 441 0.0303142 0 -0.985273 0 0 0 0 -0.954959
441 442 0.00348375 0 -1.41881 0 0 0 0 -1.41532
442 443 0.0235593 0 -1.25837 0 0 0 0 -1.23481
443 444 0.138497 0 -1.05916 0 0 0 0 -0.920663
444 445 0.00217031 0 -0 0 0 0 0 0.00217031
442 446 0 0 0 0 0 -0.00700987 0 -0.00700987
441 446 0 0 0 0 0 -0.0403265 0 -0.0403265
445 446 0.305107 0 -1.2908 0 0 0 0 -0.985694
442 447 0 0 0 0 0 -0.0641762 0 -0.0641762
441 447 0 0 0 0 -0.691855 0 -0 -0.691855
440 447 0 0 0 0 -0 -0.0688517 -0 -0.0688517
446 447 0.033483 0 -1.30174 0 0 0 0 -1.26826
447 448 0.0778451 0 -0.91798 0 0 0 0 -0.840135
448 449 0.0318321 0 0 0 0 0 0 0.0318321
449 450 0.0600935 0 -0.594147 0 0 0 0 -0.534054
450 451 0.0300671 0 -0.91963 0 0 0 0 -0.889563
451 452 0.0186236 0 -1.10775 0 0 0 0 -1.08913
451 453 0 0 0 0 0 -1.51762e-07 0 -1.51762e-07
452 453 0.00346585 0 -1.08847 0 0 0 0 -1.085
453 454 0.120888 0 0 0 0 0 0 0.120888
454 455 0.0204828 0 -1.07852 0 0 0 0 -1.05804
449 456 0 0 0 0 0 0 -1.5491e-15 -1.5491e-15
455 456 0.0145397 0 0 0 0 0 0 0.0145397
456 457 0.00239265 0 0 0 0 0 0 0.00239265
457 458 0.0392299 0 0 0 0 0 0 0.0392299
458 459 0.0628458 0 0 0 0 0 0 0.0628458
460 461 0.0381763 0 0 0 0 0 0 0.0381763
461 462 6.43055e-05 0 -0.743307 0 0 0 0 -0.743243
462 463 0.00693096 0 -0 0 0 0 0 0.00693096
463 464 0.00760567 0 -1.34111 0 0 0 0 -1.3335
464 465 0.00118554 0 0 0 0 0 0 0.00118554
465 466 0.0396437 0 0 0 0 0 0 0.0396437
466 467 0.206051 0 -1.20484 0 0 0 0 -0.998785
467 468 0.00173421 0 0 0 0 0 0 0.00173421
468 469 0.152542 0 -0 0 0 0 0 0.152542
469 470 0.306558 0 0 0 0 0 0 0.306558
470 471 0.0174887 0 0 0 0 0 0 0.0174887
471 472 0.0313539 0 0 0 0 0 0 0.0313539
472 473 0.0261713 0 -1.09436 0 0 0 0 -1.06818
473 474 0.011337 0 -1.37794 0 0 0 0 -1.36661
474 475 0.436981 0 0 0 0 0 0 0.436981
475 476 0.131738 0 -1.16618 0 0 0 0 -1.03444
476 477 0.0434686 0 0 0 0 0 0 0.0434686
477 478 0.001057 0 -0 0 0 0 0 0.001057
478 479 0.0112991 0 -0 0 0 0 0 0.0112991
480 481 0.0102342 0 -1.31086 0 0 0 0 -1.30063
481 482 0.000717955 0 -0.638587 0 0 0 0 -0.637869
482 483 0.00540542 0 -1.22641 0 0 0 0 -1.221
483 484 0.0216203 0 -1.22188 0 0 0 0 -1.20026
484 485 0.0207058 0 0 0 0 0 0 0.0207058
485 486 0.00286019 0 -1.33424 0 0 0 0 -1.33138
486 487 0.0066601 0 0 0 0 0 0 0.0066601
487 488 0.0416163 0 0 0 0 0 0 0.0416163
488 489 0.0411483 0 0 0 0 0 0 0.0411483
489 490 0.0171034 0 -1.10723 0 0 0 0 -1.09012
490 491 0.0563497 0 0 0 0 0 0 0.0563497
491 492 0.000241121 0 -1.07135 0 0 0 0 -1.0711
492 493 0.00568355 0 0 0 0 0 0 0.00568355
493 494 0.0319735 0 -1.19232 0 0 0 0 -1.16034
494 495 0.0202116 0 -0.919253 0 0 0 0 -0.899042
495 496 0.0189135 0 -1.23092 0 0 0 0 -1.212
496 497 0.0337434 0 0 0 0 0 0 0.0337434
497 498 0.172291 0 0 0 0 0 0 0.172291
498 499 0.00153975 0 -1.12062 0 0 0 0 -1.11908
500 501 0.0145112 0 -0.890591 0 0 0 0 -0.87608
501 502 0.0948402 0 -1.25834 0 0 0 0 -1.1635
502 503 0.0845331 0 -1.32152 0 0 0 0 -1.23698
503 504 0.00646852 0 0 0 0 0 0 0.00646852
504 505 0.0860333 0 -0.766563 0 0 0 0 -0.68053
505 506 0.0235616 0 0 0 0 0 0 0.0235616
506 507 0.00147175 0 -1.33666 0 0 0 0 -1.33518
507 508 0.00770352 0 0 0 0 0 0 0.00770352
508 509 0.00405208 0 -1.40389 0 0 0 0 -1.39984
509 510 0.0896007 0 -0.433654 0 0 0 0 -0.344053
510 511 0.0762083 0 -1.08668 0 0 0 0 -1.01047
511 512 0.0784312 0 -0 0 0 0 0 0.0784312
512 513 0.0257911 0 -0.499314 0 0 0 0 -0.473523
513 514 0.0183213 0 -1.23573 0 0 0 0 -1.21741
514 515 0.0381382 0 -1.3125 0 0 0 0 -1.27436
515 516 3.01872e-06 0 -1.21061 0 0 0 0 -1.21061
516 517 0.0520063 0 -1.00321 0 0 0 0 -0.9512
517 518 0.0419358 0 -0.758512 0 0 0 0 -0.716576
518 519 0.272813 0 -1.06926 0 0 0 0 -0.796451
520 521 0.436565 0 -0.268357 0 0 0 0 0.168208
521 522 0.0263456 0 -1.01986 0 0 0 0 -0.993519
522 523 0.119361 0 -1.13953 0 0 0 0 -1.02017
523 524 0.0127157 0 -1.44795 0 0 0 0 -1.43524
524 525 0.101381 0 -1.17965 0 0 0 0 -1.07827
525 526 0.0212029 0 0 0 0 0 0 0.0212029
526 527 0.0278696 0 -1.35399 0 0 0 0 -1.32612
527 528 0.0918631 0 0 0 0 0 0 0.0918631
528 529 0.11851 0 -1.26924 0 0 0 0 -1.15073
529 530 0.000413892 0 -1.06405 0 0 0 0 -1.06364
530 531 0.111088 0 -0.913768 0 0 0 0 -0.802679
531 532 2.92365e-05 0 -1.33663 0 0 0 0 -1.3366
532 533 0.00255533 0 -1.38977 0 0 0 0 -1.38722
533 534 0.000789375 0 -0.220983 0 0 0 0 -0.220193
534 535 0.238402 0 0 0 0 0 0 0.238402
535 536 0.0117625 0 0 0 0 0 0 0.0117625
536 537 0.0294402 0 -1.18451 0 0 0 0 -1.15507
537 538 0.000520617 0 0 0 0 0 0 0.000520617
538 539 0.014393 0 0 0 0 0 0 0.014393
540 541 0.00131135 0 -0 0 0 0 0 0.00131135
541 542 0.096101 0 -1.27353 0 0 0 0 -1.17743
542 543 0.000816555 0 -1.37784 0 0 0 0 -1.37703
543 544 0.0824868 0 -0.766789 0 0 0 0 -0.684302
544 545 0.0244205 0 -1.06295 0 0 0 0 -1.03853
545 546 0.0114877 0 0 0 0 0 0 0.0114877
546 547 0.138404 0 -1.23385 0 0 0 0 -1.09544
547 548 0.000861798 0 -0 0 0 0 0 0.000861798
548 549 0.189478 0 -1.15111 0 0 0 0 -0.961632
549 550 0.0579449 0 -1.16133 0 0 0 0 -1.10338
550 551 0.01553 0 0 0 0 0 0 0.01553
551 552 0.0752059 0 -1.31465 0 0 0 0 -1.23945
552 553 0.0725742 0 0 0 0 0 0 0.0725742
553 554 0.0111794 0 -1.35654 0 0 0 0 -1.34536
554 555 0.0325524 0 -1.18342 0 0 0 0 -1.15087
555 556 0.00115954 0 -1.27194 0 0 0 0 -1.27078
556 557 0.175362 0 -1.25488 0 0 0 0 -1.07951
557 558 0.0143663 0 -1.06474 0 0 0 0 -1.05037
558 559 0.0468176 0 0 0 0 0 0 0.0468176
560 561 0.42464 0 -0.954365 0 0 0 0 -0.529725
561 562 0.000242516 0 -1.4508 0 0 0 0 -1.45056
562 563 0.0164071 0 -1.17006 0 0 0 0 -1.15365
563 564 0.011981 0 0 0 0 0 0 0.011981
564 565 0.0307148 0 -1.27379 0 0 0 0 -1.24307
565 566 0.015534 0 -1.19807 0 0 0 0 -1.18254
566 567 0.00211041 0 -1.26099 0 0 0 0 -1.25888
567 568 0.0245779 0 -1.03203 0 0 0 0 -1.00745
568 569 0.000311493 0 -0 0 0 0 0 0.000311493
569 570 1.01851e-05 0 0 0 0 0 0 1.01851e-05
570 571 0.00047934 0 0 0 0 0 0 0.00047934
571 572 0.109031 0 0 0 0 0 0 0.109031
572 573 0.0748416 0 -1.28949 0 0 0 0 -1.21464
573 574 0.0609861 0 -1.00812 0 0 0 0 -0.947133
574 575 0.000173486 0 -1.032 0 0 0 0 -1.03183
567 576 0 0 0 0 -2.73909e-18 0 0 -2.73909e-18
575 576 0.0393232 0 -1.20763 0 0 0 0 -1.16831
576 577 0.0237283 0 0 0 0 0 0 0.0237283
577 578 0.081463 0 -1.13445 0 0 0 0 -1.05298
578 579 0.127132 0 0 0 0 0 0 0.127132
580 581 0.101064 0 -1.19616 0 0 0 0 -1.0951
581 582 0.026461 0 -1.20621 0 0 0 0 -1.17975
582 583 0.0151861 0 -1.35931 0 0 0 0 -1.34413
583 584 0.00504665 0 -0.933054 0 0 0 0 -0.928007
584 585 0.00630018 0 -1.33186 0 0 0 0 -1.32556
585 586 0.0170386 0 -1.26776 0 0 0 0 -1.25072
586 587 0.159236 0 -1.14647 0 0 0 0 -0.987238
587 588 0.0498957 0 0 0 0 0 0 0.0498957
588 589 0.0311957 0 -1.34555 0 0 0 0 -1.31436
589 590 0.181104 0 -1.21529 0 0 0 0 -1.03419
590 591 0.03435 0 0 0 0 0 0 0.03435
591 592 0.0342308 0 -1.34952 0 0 0 0 -1.31528
592 593 0.0280631 0 0 0 0 0 0 0.0280631
593 594 0.0830184 0 -1.05252 0 0 0 0 -0.969499
587 595 0 0 0 0 -0.00225832 0 0 -0.00225832
594 595 0.0344231 0 -1.38347 0 0 0 0 -1.34904
587 596 0 0 0 0 -0 -0.053348 0 -0.053348
586 596 0 0 0 0 0 -0.00116712 -0 -0.00116712
585 596 0 0 0 0 0 -0.155509 0 -0.155509
595 596 0.0072888 0 -0.151974 0 0 0 0 -0.144685
586 597 0 0 0 0 0 -0.168562 0 -0.168562
585 597 0 0 0 0 -0.735265 0 -0 -0.735265
584 597 0 0 0 0 0 -0.165417 0 -0.165417
596 597 0.120643 0 -1.27589 0 0 0 0 -1.15524
585 598 0 0 0 0 0 -0.112304 -0 -0.112304
584 598 0 0 0 0 -0.750223 0 -0 -0.750223
583 598 0 0 0 0 0 -0.159059 0 -0.159059
597 598 0.00379262 0 -1.25344 0 0 0 0 -1.24965
584 599 0 0 0 0 0 -0.141965 -0 -0.141965
583 599 0 0 0 0 -0.787729 0 -0 -0.787729
582 599 0 0 0 0 0 -0.144188 0 -0.144188
598 599 0.136919 0 -1.32146 0 0 0 0 -1.18454
600 601 0.0272839 0 -1.09151 0 0 0 0 -1.06423
601 602 0.136461 0 -1.23869 0 0 0 0 -1.10223
602 603 0.00193931 0 0 0 0 0 0 0.00193931
603 604 0.185683 0 0 0 0 0 0 0.185683
604 605 0.0019922 0 -1.16015 0 0 0 0 -1.15815
605 606 0.00138345 0 -1.02435 0 0 0 0 -1.02296
606 607 0.00174703 0 -1.05182 0 0 0 0 -1.05007
607 608 0.0151041 0 -0.746284 0 0 0 0 -0.731179
608 609 0.000925644 0 -0.409638 0 0 0 0 -0.408712
609 610 0.000766426 0 0 0 0 0 0 0.000766426
610 611 0.00938951 0 -1.07986 0 0 0 0 -1.07047
611 612 0.000131855 0 -1.18979 0 0 0 0 -1.18966
612 613 0.0020334 0 0 0 0 0 0 0.0020334
613 614 0.0105962 0 -1.42602 0 0 0 0 -1.41542
614 615 0.0145829 0 -1.36169 0 0 0 0 -1.34711
615 616 0.0192649 0 -1.22653 0 0 0 0 -1.20726
616 617 0.211909 0 -0.878594 0 0 0 0 -0.666685
617 618 0.0526286 0 -1.34466 0 0 0 0 -1.29203
618 619 0.00477162 0 0 0 0 0 0 0.00477162
620 621 0.0661782 0 -1.21857 0 0 0 0 -1.15239
621 622 0.0989653 0 0 0 0 0 0 0.0989653
622 623 0.0934675 0 0 0 0 0 0 0.0934675
623 624 0.00143431 0 0 0 0 0 0 0.00143431
624 625 0.0624356 0 -1.14303 0 0 0 0 -1.08059
625 626 0.000167518 0 -0.466218 0 0 0 0 -0.466051
626 627 0.0661309 0 -1.38509 0 0 0 0 -1.31896
627 628 0.235315 0 -1.07704 0 0 0 0 -0.841729
628 629 0.0112774 0 -1.12372 0 0 0 0 -1.11245
629 630 0.00839316 0 0 0 0 0 0 0.00839316
630 631 0.00924384 0 -1.17495 0 0 0 0 -1.16571
631 632 0.0464038 0 0 0 0 0 0 0.0464038
632 633 0.00296384 0 -0.932125 0 0 0 0 -0.929161
629 634 0 0 0 0 0 -0.142877 -0 -0.142877
633 634 0.0253244 0 -0.446666 0 0 0 0 -0.421342
629 635 0 0 0 0 -0.600261 0 -0 -0.600261
628 635 0 0 0 0 0 -0.124351 0 -0.124351
634 635 0.0425783 0 -1.29154 0 0 0 0 -1.24896
629 636 0 0 0 0 0 -0.164244 -0 -0.164244
628 636 0 0 0 0 -0.693904 0 -0 -0.693904
627 636 0 0 0 0 0 -0.0594206 -0 -0.0594206
635 636 0.0089906 0 -1.14154 0 0 0 0 -1.13255
628 637 0 0 0 0 0 -0.0833583 0 -0.0833583
627 637 0 0 0 0 -0.757166 0 -0 -0.757166
626 637 0 0 0 0 0 -0.0883356 -0 -0.0883356
636 637 0.0657651 0 -0.992914 0 0 0 0 -0.927149
627 638 0 0 0 0 0 -0.180668 0 -0.180668
626 638 0 0 0 0 -0.62894 0 -0 -0.62894
625 638 0 0 0 0 0 -0.129163 -0 -0.129163
637 638 0.000568098 0 -1.11489 0 0 0 0 -1.11433
626 639 0 0 0 0 0 -0.143823 -0 -0.143823
625 639 0 0 0 0 -0.854617 0 -0 -0.854617
624 639 0 0 0 0 0 -0.163294 -0 -0.163294
638 639 0.0630282 0 -1.33038 0 0 0 0 -1.26735
640 641 0.101037 0 -1.31345 0 0 0 0 -1.21242
641 642 0.000130156 0 -1.42819 0 0 0 0 -1.42806
642 643 0.0150849 0 -1.16333 0 0 0 0 -1.14825
643 644 0.0939249 0 -1.16223 0 0 0 0 -1.0683
644 645 0.00140426 0 0 0 0 0 0 0.00140426
645 646 0.273962 0 -1.35851 0 0 0 0 -1.08455
646 647 0.000591161 0 -1.06062 0 0 0 0 -1.06003
647 648 0.0633623 0 -1.39654 0 0 0 0 -1.33318
648 649 0.00437726 0 -1.24963 0 0 0 0 -1.24526
649 650 0.0329989 0 -0 0 0 0 0 0.0329989
650 651 0.00025859 0 -0 0 0 0 0 0.00025859
651 652 0.0807233 0 -1.2375 0 0 0 0 -1.15678
652 653 0.0414458 0 -1.25514 0 0 0 0 -1.21369
653 654 0.0359356 0 -1.13667 0 0 0 0 -1.10074
649 655 0 0 0 0 -0.624975 0 -0 -0.624975
648 655 0 0 0 0 0 -0.0521373 -0 -0.0521373
654 655 0.0118487 0 -0 0 0 0 0 0.0118487
649 656 0 0 0 0 0 -0.0849917 -0 -0.0849917
648 656 0 0 0 0 -0.515215 0 -0 -0.515215
647 656 0 0 0 0 0 -0.106669 0 -0.106669
655 656 0.0207339 0 -1.0873 0 0 0 0 -1.06657
648 657 0 0 0 0 0 -0.0817473 -0 -0.0817473
647 657 0 0 0 0 -0.590239 0 -0 -0.590239
646 657 0 0 0 0 0 -0.145088 0 -0.145088
656 657 0.00453526 0 -1.40963 0 0 0 0 -1.4051
647 658 0 0 0 0 0 -0.0838279 0 -0.0838279
646 658 0 0 0 0 -0.810268 0 -0 -0.810268
645 658 0 0 0 0 0 -0.132634 -0 -0.132634
657 658 0.0220796 0 -1.13567 0 0 0 0 -1.11359
646 659 0 0 0 0 0 -0.120271 -0 -0.120271
645 659 0 0 0 0 -0.191949 0 -0 -0.191949
658 659 0.000700744 0 -1.2917 0 0 0 0 -1.291
660 661 0.0526568 0 -1.11576 0 0 0 0 -1.0631
661 662 0.104818 0 -1.35308 0 0 0 0 -1.24826
662 663 0.0840228 0 -1.18608 0 0 0 0 -1.10205
663 664 0.00780352 0 -0.985456 0 0 0 0 -0.977653
664 665 0.00693526 0 0 0 0 0 0 0.00693526
665 666 0.00111786 0 -1.33386 0 0 0 0 -1.33274
663 667 0 0 0 0 0 -0.0894076 0 -0.0894076
662 667 0 0 0 0 -0.787276 0 -0 -0.787276
661 667 0 0 0 0 0 -0.0682213 -0 -0.0682213
666 667 0.505086 0 0 0 0 0 0 0.505086
662 668 0 0 0 0 0 -0.0599772 0 -0.0599772
661 668 0 0 0 0 -0.626123 -1.34975e-18 -0 -0.626123
660 668 0 0 0 0 0 -0.0185192 0 -0.0185192
667 668 0.0158184 0 -0.855356 0 0 0 0 -0.839537
661 669 0 0 0 0 0 -0.138658 0 -0.138658
660 669 0 0 0 0 -0.516394 -4.63143e-16 -0 -0.516394
668 669 0.0161807 0 -1.18235 0 0 0 0 -1.16617
660 670 0 0 0 0 0 -0.10548 0 -0.10548
669 670 0.111188 0 -1.33034 0 0 0 0 -1.21915
670 671 0.00145892 0 -1.4199 0 0 0 0 -1.41844
671 672 0.0531067 0 -1.14823 0 0 0 0 -1.09512
672 673 0.0305958 0 -1.05469 0 0 0 0 -1.02409
673 674 0.0103569 0 -1.19538 0 0 0 0 -1.18502
674 675 3.84393e-05 0 -1.26227 0 0 0 0 -1.26223
675 676 0.0160158 0 -1.39589 0 0 0 0 -1.37988
676 677 0.00368657 0 -0.431211 0 0 0 0 -0.427524
677 678 0.0183905 0 0 0 0 0 0 0.0183905
678 679 0.0503133 0 -1.27954 0 0 0 0 -1.22923
680 681 0.0339519 0 0 0 0 0 0 0.0339519
681 682 0.0327787 0 0 0 0 0 0 0.0327787
682 683 0.00675673 0 -0 0 0 0 0 0.00675673
683 684 0.344814 0 -1.36242 0 0 0 0 -1.01761
684 685 0.00831859 0 0 0 0 0 0 0.00831859
685 686 0.130301 0 -1.09992 0 0 0 0 -0.969618
686 687 0.00740411 0 -1.3217 0 0 0 0 -1.3143
687 688 0.102404 0 0 0 0 0 0 0.102404
688 689 0.030706 0 0 0 0 0 0 0.030706
689 690 0.000253825 0 -1.41375 0 0 0 0 -1.4135
690 691 0.0583796 0 -1.39607 0 0 0 0 -1.33769
691 692 0.0139585 0 -1.42681 0 0 0 0 -1.41285
692 693 1.84131e-05 0 -1.25594 0 0 0 0 -1.25592
693 694 0.0282011 0 0 0 0 0 0 0.0282011
694 695 0.0127152 0 0 0 0 0 0 0.0127152
695 696 0.0285382 0 -1.38986 0 0 0 0 -1.36132
696 697 0.492583 4.83536e-05 -1.09009 0 0 0 0 -0.597458
697 698 1.2438e-05 0 -1.28376 0 0 0 0 -1.28374
698 699 0.0794011 0 -1.33167 0 0 0 0 -1.25227
700 701 0.0171766 0 -0.971001 0 0 0 0 -0.953824
701 702 0.165663 0 0 0 0 0 0 0.165663
702 703 0.0860515 0 0 0 0 0 0 0.0860515
703 704 0.041587 0 -1.25942 0 0 0 0 -1.21783
704 705 0.0104445 0 -1.02361 0 0 0 0 -1.01316
705 706 0.127403 0 0 0 0 0 0 0.127403
706 707 0.0442752 0 -1.01026 0 0 0 0 -0.96598
707 708 0.0517506 0 0 0 0 0 0 0.0517506
708 709 0.094419 0 -1.0992 0 0 0 0 -1.00478
709 710 0.0399553 0 -1.23273 0 0 0 0 -1.19277
707 711 0 0 0 0 0 -3.02321e-05 0 -3.02321e-05
706 711 0 0 0 0 -0.00016913 0 -0 -0.00016913
710 711 0.0307072 0 -1.30882 0 0 0 0 -1.27811
711 712 0.116027 0 0 0 0 0 0 0.116027
712 713 0.0491903 0 -0 0 0 0 0 0.0491903
713 714 0.0129973 0 -0 0 0 0 0 0.0129973
714 715 0.000242597 0 0 0 0 0 0 0.000242597
715 716 0.0115096 0 -1.21552 0 0 0 0 -1.20401
716 717 0.197398 0 -1.24417 0 0 0 0 -1.04677
717 718 0.178597 0 0 0 0 0 0 0.178597
718 719 0.000316658 0 -1.03587 0 0 0 0 -1.03556
720 721 0.0106946 0 0 0 0 0 0 0.0106946
721 722 0.00422263 0 -1.2678 0 0 0 0 -1.26357
722 723 0.0322166 0 -1.30453 0 0 0 0 -1.27232
723 724 0.0787511 0 -1.39235 0 0 0 0 -1.3136
724 725 0.0784794 0 -1.32445 0 0 0 0 -1.24597
725 726 0.00475406 0 -1.20051 0 0 0 0 -1.19576
726 727 0.00882695 0 0 0 0 0 0 0.00882695
727 728 0.0123765 0 -0.987525 0 0 0 0 -0.975148
728 729 0.0221647 0 -0 0 0 0 0 0.0221647
729 730 0.00718885 0 -1.40797 0 0 0 0 -1.40078
730 731 0.0158433 0 0 0 0 0 0 0.0158433
731 732 0.0297416 0 -1.00151 0 0 0 0 -0.971773
732 733 0.056405 0 0 0 0 0 0 0.056405
733 734 0.0974657 0 0 0 0 0 0 0.0974657
734 735 0.00853456 0 -1.03624 0 0 0 0 -1.02771
735 736 0.142725 0 -0 0 0 0 0 0.142725
736 737 0.00753435 0 -1.0994 0 0 0 0 -1.09187
737 738 0.0286114 0 -1.2592 0 0 0 0 -1.23059
738 739 0.0179082 0 -1.44999 0 0 0 0 -1.43208
740 741 0.198786 0 -0.843986 0 0 0 0 -0.645201
741 742 0.0257357 0 -1.31231 0 0 0 0 -1.28657
742 743 0.0204665 0 0 0 0 0 0 0.0204665
743 744 0.00382123 0 0 0 0 0 0 0.00382123
744 745 0.0113537 0 -0.784395 0 0 0 0 -0.773041
745 746 0.176395 0 0 0 0 0 0 0.176395
746 747 0.114631 0 -1.385 0 0 0 0 -1.27036
747 748 0.0692263 0 -1.30608 0 0 0 0 -1.23685
748 749 0.125427 0 -0.914096 0 0 0 0 -0.788669
749 750 0.177642 0 0 0 0 0 0 0.177642
750 751 0.0148529 0 -0.961941 0 0 0 0 -0.947088
751 752 0.210859 0 -1.15268 0 0 0 0 -0.941823
752 753 0.115319 0 0 0 0 0 0 0.115319
753 754 0.0755861 0 -0.990426 0 0 0 0 -0.91484
754 755 0.00144217 0 -0.901599 0 0 0 0 -0.900157
755 756 0.00729953 0 0 0 0 0 0 0.00729953
756 757 0.00715658 0 0 0 0 0 0 0.00715658
757 758 0.0219277 0 -0 0 0 0 0 0.0219277
758 759 0.00158494 0 -0.823892 0 0 0 0 -0.822307
760 761 0.153579 0 0 0 0 0 0 0.153579
761 762 0.0081929 0 -1.42676 0 0 0 0 -1.41856
762 763 0.117167 0 0 0 0 0 0 0.117167
763 764 0.157725 0 -1.03032 0 0 0 0 -0.872596
764 765 4.16422e-06 0 0 0 0 0 0 4.16422e-06
765 766 0.0139782 0 -1.06277 0 0 0 0 -1.04879
766 767 0.00452795 0 0 0 0 0 0 0.00452795
767 768 0.156522 0 0 0 0 0 0 0.156522
768 769 0.0018371 0 -1.29206 0 0 0 0 -1.29023
769 770 0.00721554 0 0 0 0 0 0 0.00721554
769 771 0 0 0 0.029307 0 -0 -0.000268894 0.0290381
770 771 0.0126154 0 -0 0 0 0 0 0.0126154
771 772 0.0178328 0 0 0 0 0 0 0.0178328
772 773 0.0515608 0 -1.35123 0 0 0 0 -1.29967
773 774 0.258567 0 0 0 0 0 0 0.258567
774 775 0.00462619 0 -1.22519 0 0 0 0 -1.22056
775 776 0.0585764 0 0 0 0 0 0 0.0585764
770 777 0 0 0 0 0 -0.054751 0 -0.054751
776 777 0.00454055 0 -0.717236 0 0 0 0 -0.712695
777 778 0.00524286 0 0 0 0 0 0 0.00524286
778 779 0.0305134 0 -0.870387 0 0 0 0 -0.839874
780 781 0.0984494 0 -1.01737 0 0 0 0 -0.918925
781 782 0.00563798 0 -1.31596 0 0 0 0 -1.31032
782 783 0.129561 0 -1.46319 0 0 0 0 -1.33363
783 784 0.116699 0 -1.16246 0 0 0 0 -1.04576
784 785 0.0260705 0 0 0 0 0 0 0.0260705
785 786 0.000173375 0 -1.3314 0 0 0 0 -1.33123
786 787 0.0586533 0 0 0 0 0 0 0.0586533
787 788 0.00026281 0 -0.747928 0 0 0 0 -0.747665
788 789 0.0149065 0 0 0 0 0 0 0.0149065
789 790 0.00441399 0 -1.13881 0 0 0 0 -1.1344
790 791 0.0329885 0 -1.22917 0 0 0 0 -1.19618
791 792 0.0933003 0 -1.26477 0 0 0 0 -1.17147
792 793 0.026523 0 -1.2804 0 0 0 0 -1.25388
793 794 0.0766623 0 -1.32466 0 0 0 0 -1.248
794 795 0.0461265 0 0 0 0 0 0 0.0461265
795 796 0.238663 0 -0.909249 0 0 0 0 -0.670586
796 797 0.0139383 0 -0.906662 0 0 0 0 -0.892724
797 798 0.021751 0 -1.24998 0 0 0 0 -1.22823
798 799 0.00861579 0 -1.35965 0 0 0 0 -1.35104
800 801 0.145023 0 -0.711902 0 0 0 0 -0.566879
801 802 0.0223627 0 -1.07784 0 0 0 0 -1.05548
802 803 0.174545 0 0 0 0 0 0 0.174545
803 804 0.0104821 0 0 0 0 0 0 0.0104821
804 805 0.0191923 0 0 0 0 0 0 0.0191923
805 806 0.076451 0 -1.36672 0 0 0 0 -1.29027
806 807 0.0808587 0 -0.347998 0 0 0 0 -0.267139
807 808 0.00240549 0 0 0 0 0 0 0.00240549
808 809 0.000333942 0 -1.19686 0 0 0 0 -1.19652
809 810 0.00501588 0 -1.4076 0 0 0 0 -1.40259
810 811 0.00299349 0 -0.650394 0 0 0 0 -0.6474
811 812 0.000670423 0 0 0 0 0 0 0.000670423
812 813 0.0285124 0 -1.41397 0 0 0 0 -1.38546
813 814 0.00250444 0 -1.16437 0 0 0 0 -1.16187
814 815 0.0718925 0 0 0 0 0 0 0.0718925
815 816 0.000959479 0 -1.28551 0 0 0 0 -1.28455
816 817 0.00514532 0 -1.17858 0 0 0 0 -1.17344
817 818 0.000674124 0 -1.13445 0 0 0 0 -1.13378
818 819 0.0153863 0 -0 0 0 0 0 0.0153863
820 821 0.00103441 0 -1.0085 0 0 0 0 -1.00747
821 822 0.0180982 0 -0 0 0 0 0 0.0180982
822 823 0.00353713 0 -1.12458 0 0 0 0 -1.12104
823 824 0.030226 0 -1.29844 0 0 0 0 -1.26821
824 825 0.0249242 0 -1.2152 0 0 0 0 -1.19027
825 826 0.00355829 0 -1.40308 0 0 0 0 -1.39952
826 827 0.092628 0 0 0 0 0 0 0.092628
827 828 0.419992 0 -1.32238 0 0 0 0 -0.902386
828 829 0.32738 0 -1.23054 0 0 0 0 -0.903164
829 830 0.00173195 0 -1.34591 0 0 0 0 -1.34417
830 831 0.0257351 0 -0.858537 0 0 0 0 -0.832802
831 832 0.000888194 0 -0.94537 0 0 0 0 -0.944482
832 833 0.000252729 0 -0.932046 0 0 0 0 -0.931793
833 834 0.0182311 0 -1.40993 0 0 0 0 -1.3917
831 835 0 0 0 0 0 -0.000280679 -0 -0.000280679
830 835 0 0 0 0 -0 -0.0596482 -0 -0.0596482
834 835 0.0313675 0 0 0 0 0 0 0.0313675
831 836 0 0 0 0 0 -0.0996546 0 -0.0996546
830 836 0 0 0 0 -0.452974 0 -0 -0.452974
829 836 0 0 0 0 0 -0.163299 0 -0.163299
835 836 0.000539253 0 -0.725247 0 0 0 0 -0.724708
830 837 0 0 0 0 0 -0.104178 0 -0.104178
829 837 0 0 0 0 -0.517097 0 -0 -0.517097
828 837 0 0 0 0 0 -0.0950237 0 -0.0950237
836 837 0.0312704 0 -1.12876 0 0 0 0 -1.09749
827 838 0 0 0 0 0 -0.128418 0 -0.128418
829 838 0 0 0 0 0 -0.0302449 -0 -0.0302449
828 838 0 0 0 0 -0.798389 0 -0 -0.798389
837 838 0.0114171 0 -1.05181 0 0 0 0 -1.0404
827 839 0 0 0 0 -0.667218 0 -0 -0.667218
828 839 0 0 0 0 0 -0.0191022 -0 -0.0191022
838 839 0.0408511 0 -0.821478 0 0 0 0 -0.780627
840 841 0.161194 0 0 0 0 0 0 0.161194
841 842 0.0147311 0 0 0 0 0 0 0.0147311
842 843 0.00676191 0 -1.12713 0 0 0 0 -1.12036
843 844 0.0954925 0 -0.903391 0 0 0 0 -0.807899
844 845 0.0350044 0 -1.25034 0 0 0 0 -1.21534
845 846 0.000312029 0 0 0 0 0 0 0.000312029
846 847 0.0774677 0 -1.42507 0 0 0 0 -1.3476
847 848 0.00405024 0 -1.33521 0 0 0 0 -1.33116
848 849 2.83919e-06 0 0 0 0 0 0 2.83919e-06
849 850 0.0160855 0 -1.43242 0 0 0 0 -1.41633
850 851 0.0575346 0 -0.998319 0 0 0 0 -0.940785
851 852 0.000280809 0 -0.926845 0 0 0 0 -0.926564
852 853 0.0409131 0 0 0 0 0 0 0.0409131
853 854 0.00859914 0 -0 0 0 0 0 0.00859914
854 855 0.0452795 0 0 0 0 0 0 0.0452795
855 856 0.000461041 0 -1.39033 0 0 0 0 -1.38987
856 857 0.00526421 0 0 0 0 0 0 0.00526421
857 858 0.000254181 0 -1.22725 0 0 0 0 -1.227
858 859 0.00782558 0 -0.742817 0 0 0 0 -0.734991
860 861 0.0851948 0 -0.95596 0 0 0 0 -0.870765
861 862 0.0388875 0 -1.36724 0 0 0 0 -1.32835
862 863 0.0242277 0 -0 0 0 0 0 0.0242277
863 864 0.00904174 0 0 0 0 0 0 0.00904174
864 865 2.87748e-05 0 -1.11044 0 0 0 0 -1.11041
865 866 0.160412 0 0 0 0 0 0 0.160412
866 867 0.0835535 0 -1.28283 0 0 0 0 -1.19927
867 868 0.000357006 0 0 0 0 0 0 0.000357006
868 869 0.263554 0 -1.1085 0 0 0 0 -0.844949
869 870 0.00531586 0 -1.32691 0 0 0 0 -1.32159
870 871 0.0399389 0 -1.10997 0 0 0 0 -1.07003
871 872 0.0667853 0 -1.05767 0 0 0 0 -0.990882
872 873 0.00472715 0 0 0 0 0 0 0.00472715
873 874 0.00987967 0 0 0 0 0 0 0.00987967
874 875 0.0668455 0 -1.38269 0 0 0 0 -1.31584
875 876 0.00584729 0 -0.994466 0 0 0 0 -0.988619
876 877 0.0365632 0 -0 0 0 0 0 0.0365632
877 878 0.00148147 0 0 0 0 0 0 0.00148147
878 879 0.0170398 0 0 0 0 0 0 0.0170398
880 881 0.00826622 0 0 0 0 0 0 0.00826622
881 882 0.0717425 0 0 0 0 0 0 0.0717425
882 883 0.030403 0 -0 0 0 0 0 0.030403
883 884 0.0149172 0 -0 0 0 0 0 0.0149172
884 885 0.028554 0 -0 0 0 0 0 0.028554
885 886 0.0704275 0 0 0 0 0 0 0.0704275
886 887 0.0191515 0 -1.10238 0 0 0 0 -1.08323
887 888 0.0213158 0 0 0 0 0 0 0.0213158
888 889 0.0540359 0 -1.35614 0 0 0 0 -1.3021
889 890 0.0204107 0 -1.40293 0 0 0 0 -1.38252
880 891 0 0 0 0 0 -0 -5.34961e-14 -5.34961e-14
890 891 0.000350471 0 0 0 0 0 0 0.000350471
880 892 0 0 0 0 0 -0 -5.10331e-17 -5.10331e-17
891 892 0.0714217 0 -0 0 0 0 0 0.0714217
892 893 0.00144105 0 0 0 0 0 0 0.00144105
893 894 0.0510129 0 0 0 0 0 0 0.0510129
894 895 0.0430661 0 -1.00517 0 0 0 0 -0.9621
895 896 0.0449754 0 -1.33628 0 0 0 0 -1.29131
896 897 0.0635692 0 -1.08128 0 0 0 0 -1.01771
897 898 0.0342012 0 -1.29886 0 0 0 0 -1.26466
898 899 0.0302007 0 -0.996867 0 0 0 0 -0.966666
900 901 0.00028881 0 -0 0 0 0 0 0.00028881
901 902 0.0125984 0 -1.18664 0 0 0 0 -1.17404
902 903 0.0187411 0 -0.981676 0 0 0 0 -0.962935
903 904 0.0237619 0 -1.05615 0 0 0 0 -1.03239
903 905 0 0 0 0.00821577 0 0 0 0.00821577
904 905 0.0624698 0 0 0 0 0 0 0.0624698
905 906 0.111375 0 -1.37992 0 0 0 0 -1.26855
906 907 0.0391675 0 0 0 0 0 0 0.0391675
907 908 0.00254442 0 0 0 0 0 0 0.00254442
908 909 0.0150541 0 -1.42528 0 0 0 0 -1.41023
909 910 0.0228598 0 0 0 0 0 0 0.0228598
910 911 0.163214 0 0 0 0 0 0 0.163214
911 912 0.370788 0 -0.973302 0 0 0 0 -0.602514
912 913 0.148356 0 -1.36091 0 0 0 0 -1.21255
913 914 0.0244286 0 -0.254221 0 0 0 0 -0.229793
914 915 0.0110748 0 -1.26382 0 0 0 0 -1.25275
915 916 0.0294059 0 0 0 0 0 0 0.0294059
916 917 0.0150924 0 0 0 0 0 0 0.0150924
917 918 0.000995871 0 -1.16288 0 0 0 0 -1.16189
918 919 0.00407724 0 -1.38264 0 0 0 0 -1.37856
920 921 0.0425312 0 -0.456491 0 0 0 0 -0.41396
921 922 0.0104989 0 -1.21327 0 0 0 0 -1.20277
922 923 0.00165638 0 -1.29669 0 0 0 0 -1.29503
923 924 0.0985826 0 -1.34352 0 0 0 0 -1.24494
924 925 0.0738375 0 -1.27339 0 0 0 0 -1.19955
925 926 0.0112127 0 0 0 0 0 0 0.0112127
926 927 0.0108835 0 -0 0 0 0 0 0.0108835
927 928 0.0441692 0 -1.39805 0 0 0 0 -1.35388
928 929 0.0762012 0 0 0 0 0 0 0.0762012
929 930 0.13465 0 0 0 0 0 0 0.13465
930 931 0.0104588 0 0 0 0 0 0 0.0104588
931 932 0.0291491 0 0 0 0 0 0 0.0291491
932 933 0.117612 0 0 0 0 0 0 0.117612
933 934 0.0134975 0 -1.33742 0 0 0 0 -1.32393
934 935 0.0124296 0 -1.20868 0 0 0 0 -1.19625
935 936 0.00118822 0 0 0 0 0 0 0.00118822
936 937 0.000226385 0 -0.803047 0 0 0 0 -0.80282
937 938 0.0151018 0 0 0 0 0 0 0.0151018
938 939 0.000607526 0 -1.06028 0 0 0 0 -1.05967
940 941 0.11319 0 0 0 0 0 0 0.11319
941 942 0.0105088 0 -1.31239 0 0 0 0 -1.30188
942 943 0.355823 0 0 0 0 0 0 0.355823
943 944 0.108525 0 -1.14526 0 0 0 0 -1.03673
944 945 0.0493104 0 -0.837261 0 0 0 0 -0.78795
945 946 0.00469044 0 -1.43468 0 0 0 0 -1.42999
946 947 0.000228427 0 -1.28599 0 0 0 0 -1.28576
947 948 0.0191681 0 -0.779373 0 0 0 0 -0.760205
948 949 0.0237862 0 -1.19122 0 0 0 0 -1.16743
949 950 0.00153242 0 -1.05219 0 0 0 0 -1.05066
950 951 0.00422055 0 -0.995852 0 0 0 0 -0.991631
951 952 0.00876907 0 0 0 0 0 0 0.00876907
952 953 0.00398805 0 0 0 0 0 0 0.00398805
953 954 0.193429 0 0 0 0 0 0 0.193429
954 955 0.0159293 0 0 0 0 0 0 0.0159293
955 956 0.00107746 0 -1.26749 0 0 0 0 -1.26642
956 957 0.00486595 0 -1.16916 0 0 0 0 -1.16429
957 958 0.0452562 0 0 0 0 0 0 0.0452562
958 959 0.000108647 0 -1.11334 0 0 0 0 -1.11323
960 961 0.000110862 0 -1.21502 0 0 0 0 -1.21491
961 962 0.0211796 0 -1.30568 0 0 0 0 -1.2845
962 963 0.0871478 0 0 0 0 0 0 0.0871478
963 964 0.0211776 0 0 0 0 0 0 0.0211776
964 965 0.125804 0 -0 0 0 0 0 0.125804
965 966 0.000654004 0 0 0 0 0 0 0.000654004
966 967 0.00016757 0 0 0 0 0 0 0.00016757
967 968 0.171093 0 -1.19311 0 0 0 0 -1.02201
968 969 0.0245693 0 0 0 0 0 0 0.0245693
969 970 0.0127468 0 -1.18539 0 0 0 0 -1.17264
970 971 0.0798309 0 -1.29119 0 0 0 0 -1.21136
971 972 0.376533 0 0 0 0 0 0 0.376533
972 973 0.0133641 0 0 0 0 0 0 0.0133641
973 974 0.0297147 0 -0.953847 0 0 0 0 -0.924133
974 975 0.0600222 0 -1.36963 0 0 0 0 -1.30961
975 976 0.0467125 0 -1.29271 0 0 0 0 -1.246
976 977 3.15949e-06 0 -0 0 0 0 0 3.15949e-06
977 978 0.00321455 0 0 0 0 0 0 0.00321455
978 979 0.00712644 0 0 0 0 0 0 0.00712644
980 981 0.0676235 0 0 0 0 0 0 0.0676235
981 982 0.000346337 0 0 0 0 0 0 0.000346337
982 983 0.0512781 0 -1.05082 0 0 0 0 -0.999543
983 984 0.126951 0 0 0 0 0 0 0.126951
984 985 0.0156569 0 -1.3916 0 0 0 0 -1.37594
985 986 0.00981785 0 -1.40698 0 0 0 0 -1.39716
986 987 0.0805609 0 -0 0 0 0 0 0.0805609
986 988 0 0 0 0 0 0 -2.55814e-16 -2.55814e-16
987 988 0.107727 0 -1.34185 0 0 0 0 -1.23412
988 989 0.00111649 0 -0.996186 0 0 0 0 -0.99507
989 990 0.00216093 0 0 0 0 0 0 0.00216093
990 991 0.000124373 0 -1.33963 0 0 0 0 -1.3395
991 992 0.0397736 0 -1.1596 0 0 0 0 -1.11983
992 993 0.0231881 0 0 0 0 0 0 0.0231881
993 994 0.000217516 0 -1.17228 0 0 0 0 -1.17206
994 995 0.0918859 0 -0.909558 0 0 0 0 -0.817672
995 996 0.00259569 0 0 0 0 0 0 0.00259569
996 997 0.0133159 0 -1.24871 0 0 0 0 -1.23539
997 998 0.254585 0 -1.19078 0 0 0 0 -0.936191
998 999 0.0961923 0 0 0 0 0 0 0.0961923
#Total energy per particle is  -0.615096 and should be -0.61509610
