           0   0.000000
       10000  -6.956743
       20000  -2.233758
       30000  -7.773326
       40000  -5.758318
       50000 -10.918912
       60000 -19.700627
       70000 -16.530823
       80000 -12.338767
       90000  -9.270280
      100000 -12.730924
      110000 -12.605989
      120000  -8.626503
      130000 -10.713914
      140000  -8.435213
      150000  -9.796024
      160000 -16.098333
      170000 -14.000853
      180000 -15.253878
      190000 -13.495410
      200000 -13.005195
