#id1 id2 FENE BEXC STCK NEXC HB CRSTCK CXSTCK total, t = 200000
0 1 0.00335056 0 0 0 0 0 0 0.00335056
1 2 0.0797611 0 -1.04851 0 0 0 0 -0.968749
2 3 0.00398202 0 -0 0 0 0 0 0.00398202
3 4 0.139895 0 -0.819283 0 0 0 0 -0.679388
4 5 0.000485569 0 -1.20272 0 0 0 0 -1.20223
5 6 0.00184729 0 0 0 0 0 0 0.00184729
6 7 0.188276 0 -0 0 0 0 0 0.188276
7 8 0.00867285 0 0 0 0 0 0 0.00867285
8 9 0.0268372 0 0 0 0 0 0 0.0268372
9 10 0.065337 0 -1.27087 0 0 0 0 -1.20553
10 11 0.00119824 0 -1.25743 0 0 0 0 -1.25623
11 12 0.205611 0 -1.35702 0 0 0 0 -1.15141
12 13 0.0878604 0 -1.41066 0 0 0 0 -1.3228
13 14 0.0524954 0 -1.27714 0 0 0 0 -1.22464
14 15 0.0175731 0 -0.576616 0 0 0 0 -0.559043
15 16 0.00564063 0 0 0 0 0 0 0.00564063
16 17 0.00166435 0 -1.39837 0 0 0 0 -1.3967
17 18 0.0540215 0 0 0 0 0 0 0.0540215
18 19 0.0206714 0 -1.34933 0 0 0 0 -1.32866
20 21 0.00365309 0 -1.1322 0 0 0 0 -1.12855
21 22 0.00164267 0 -1.25764 0 0 0 0 -1.256
22 23 0.00707964 0 0 0 0 0 0 0.00707964
23 24 0.0760537 0 -1.09602 0 0 0 0 -1.01997
24 25 0.000514893 0 -0.756138 0 0 0 0 -0.755624
25 26 0.00960732 0 -1.25226 0 0 0 0 -1.24265
26 27 0.394484 0 -0.564844 0 0 0 0 -0.17036
27 28 0.00902684 0 0 0 0 0 0 0.00902684
28 29 0.0235661 0 -1.34238 0 0 0 0 -1.31881
29 30 0.0102639 0 -0.903279 0 0 0 0 -0.893015
30 31 0.0657997 0 -0.860528 0 0 0 0 -0.794728
31 32 0.0218183 0 -1.26625 0 0 0 0 -1.24444
32 33 0.0319432 0 -0.995324 0 0 0 0 -0.963381
33 34 0.0498487 0 -1.18508 0 0 0 0 -1.13523
34 35 0.239792 0 -1.04531 0 0 0 0 -0.805522
35 36 8.08583e-05 0 -1.21074 0 0 0 0 -1.21066
36 37 0.0210281 0 0 0 0 0 0 0.0210281
37 38 0.0695384 0 -0.92386 0 0 0 0 -0.854321
38 39 0.00251548 0 0 0 0 0 0 0.00251548
40 41 0.0308737 0 -1.09195 0 0 0 0 -1.06108
41 42 0.0125097 0 -0 0 0 0 0 0.0125097
42 43 0.0294954 0 0 0 0 0 0 0.0294954
43 44 0.151868 0 0 0 0 0 0 0.151868
44 45 0.00302438 0 0 0 0 0 0 0.00302438
40 46 0 0 0 0 0 -0.000255109 0 -0.000255109
45 46 0.0634935 0 -1.21844 0 0 0 0 -1.15494
41 47 0 0 0 0 0 -0.0575927 0 -0.0575927
40 47 0 0 0 0 -0.439356 -4.87481e-19 -0 -0.439356
46 47 0.025207 0 -0.86398 0 0 0 0 -0.838773
47 48 0.0484753 0 -1.20152 0 0 0 0 -1.15305
48 49 0.0582623 0 -1.312 0 0 0 0 -1.25373
49 50 0.0204816 0 0 0 0 0 0 0.0204816
50 51 0.117089 0 0 0 0 0 0 0.117089
51 52 0.134813 0 -0.937995 0 0 0 0 -0.803181
52 53 0.00771304 0 -1.29077 0 0 0 0 -1.28305
53 54 0.0349294 0 -0.967617 0 0 0 0 -0.932688
54 55 0.00195274 0 -1.20564 0 0 0 0 -1.20369
55 56 0.0970175 0 -0 0 0 0 0 0.0970175
56 57 0.00374056 0 0 0 0 0 0 0.00374056
57 58 0.00286625 0 -1.22895 0 0 0 0 -1.22608
58 59 0.0154289 0 0 0 0 0 0 0.0154289
60 61 0.0707407 0 0 0 0 0 0 0.0707407
61 62 0.119981 0 0 0 0 0 0 0.119981
62 63 0.00463669 0 0 0 0 0 0 0.00463669
63 64 0.213411 0 -0 0 0 0 0 0.213411
64 65 0.0684414 0 0 0 0 0 0 0.0684414
65 66 0.0298915 0 -1.23124 0 0 0 0 -1.20135
66 67 0.0417306 0 -1.33111 0 0 0 0 -1.28938
67 68 0.0443664 0 0 0 0 0 0 0.0443664
68 69 0.0954075 0 -0.729711 0 0 0 0 -0.634304
69 70 0.011273 0 0 0 0 0 0 0.011273
70 71 0.000296208 0 -1.14148 0 0 0 0 -1.14119
71 72 0.000209651 0 0 0 0 0 0 0.000209651
72 73 0.0165989 0 0 0 0 0 0 0.0165989
73 74 0.0686413 0 0 0 0 0 0 0.0686413
74 75 0.0308076 0 -0.9961 0 0 0 0 -0.965293
75 76 0.00192348 0 -1.25359 0 0 0 0 -1.25167
76 77 0.0705553 0 0 0 0 0 0 0.0705553
77 78 0.0756074 0 0 0 0 0 0 0.0756074
77 79 0 0 0 0.000502076 0 0 0 0.000502076
78 79 0.0478958 0 0 0 0 0 0 0.0478958
80 81 0.00610495 0 -1.39908 0 0 0 0 -1.39298
81 82 0.300831 0 -1.35014 0 0 0 0 -1.0493
82 83 0.018742 0 -1.27758 0 0 0 0 -1.25883
83 84 0.000635232 0 0 0 0 0 0 0.000635232
84 85 0.0976417 0 -1.38392 0 0 0 0 -1.28628
85 86 0.107818 0 -1.12298 0 0 0 0 -1.01516
86 87 0.0528679 0 0 0 0 0 0 0.0528679
87 88 0.0344399 0 -1.11719 0 0 0 0 -1.08275
88 89 0.00391269 0 -0.007675 0 0 0 0 -0.00376232
89 90 4.85624e-05 0 -1.23125 0 0 0 0 -1.2312
90 91 0.016861 0 -1.29483 0 0 0 0 -1.27797
91 92 0.00437001 0 -1.21566 0 0 0 0 -1.21129
92 93 0.0093835 0 0 0 0 0 0 0.0093835
93 94 0.443562 0 0 0 0 0 0 0.443562
94 95 0.0104609 0 -1.17061 0 0 0 0 -1.16015
95 96 0.0335701 0 0 0 0 0 0 0.0335701
96 97 0.00310909 0 -0.777169 0 0 0 0 -0.77406
97 98 0.00196829 0 -0 0 0 0 0 0.00196829
98 99 0.02873 0 -1.11862 0 0 0 0 -1.08989
100 101 0.18652 0 -0.805531 0 0 0 0 -0.619011
101 102 0.033379 0 0 0 0 0 0 0.033379
102 103 0.0131492 0 0 0 0 0 0 0.0131492
103 104 0.0023051 0 0 0 0 0 0 0.0023051
104 105 4.6462e-06 0 -1.00989 0 0 0 0 -1.00988
105 106 0.0676661 0 -1.02428 0 0 0 0 -0.956613
106 107 0.131616 0 0 0 0 0 0 0.131616
107 108 0.0369663 0 0 0 0 0 0 0.0369663
108 109 0.0142039 0 -1.18125 0 0 0 0 -1.16705
109 110 0.00206634 0 0 0 0 0 0 0.00206634
110 111 0.172101 0 0 0 0 0 0 0.172101
111 112 0.0162464 0 -1.10434 0 0 0 0 -1.08809
112 113 0.0217649 0 -0 0 0 0 0 0.0217649
113 114 0.103524 0 -1.14495 0 0 0 0 -1.04142
114 115 0.0080925 0 0 0 0 0 0 0.0080925
115 116 0.0819834 0 -1.24581 0 0 0 0 -1.16383
116 117 0.115833 0 -1.08416 0 0 0 0 -0.968332
117 118 0.00371941 0 0 0 0 0 0 0.00371941
118 119 0.000455569 0 -1.42383 0 0 0 0 -1.42338
120 121 0.0624658 0 -1.02381 0 0 0 0 -0.961346
121 122 5.91478e-05 0 0 0 0 0 0 5.91478e-05
122 123 0.0394321 0 0 0 0 0 0 0.0394321
123 124 0.0430345 0 -0.464039 0 0 0 0 -0.421005
124 125 0.0247799 0 -0.10133 0 0 0 0 -0.0765502
125 126 0.00641129 0 -0.867958 0 0 0 0 -0.861547
126 127 0.0616422 0 -1.43599 0 0 0 0 -1.37435
127 128 0.0971292 0 -0.886843 0 0 0 0 -0.789714
128 129 0.00541333 0 0 0 0 0 0 0.00541333
129 130 0.0163572 0 -1.11958 0 0 0 0 -1.10323
130 131 0.0267609 0 -1.19795 0 0 0 0 -1.17119
131 132 0.0117795 0 -1.17401 0 0 0 0 -1.16223
132 133 0.00172709 0 0 0 0 0 0 0.00172709
133 134 0.0181103 0 -1.23914 0 0 0 0 -1.22103
134 135 0.00502414 0 -1.2507 0 0 0 0 -1.24567
135 136 0.000927986 0 0 0 0 0 0 0.000927986
136 137 0.0267939 0 -1.32142 0 0 0 0 -1.29463
137 138 0.0669964 0 -1.33039 0 0 0 0 -1.26339
138 139 0.0255499 0 0 0 0 0 0 0.0255499
140 141 0.0466685 0 0 0 0 0 0 0.0466685
141 142 0.00804375 0 0 0 0 0 0 0.00804375
142 143 0.107119 0 -0.92234 0 0 0 0 -0.81522
143 144 0.338481 0 0 0 0 0 0 0.338481
144 145 0.0165841 0 -1.39318 0 0 0 0 -1.37659
145 146 0.00214724 0 -1.17944 0 0 0 0 -1.17729
146 147 0.005253 0 0 0 0 0 0 0.005253
147 148 0.00711913 0 0 0 0 0 0 0.00711913
148 149 4.28541e-07 0 -1.41579 0 0 0 0 -1.41579
149 150 0.0764984 0 -1.39006 0 0 0 0 -1.31356
150 151 0.170228 0 -0 0 0 0 0 0.170228
151 152 0.000671666 0 0 0 0 0 0 0.000671666
148 153 0 0 0 0 0 -0.113918 0 -0.113918
152 153 0.139719 0 0 0 0 0 0 0.139719
153 154 0.00475838 0 0 0 0 0 0 0.00475838
154 155 0.0351142 0 0 0 0 0 0 0.0351142
155 156 0.0459233 0 -1.32599 0 0 0 0 -1.28007
156 157 0.0139844 0 -1.12168 0 0 0 0 -1.10769
157 158 0.11619 0 -0 0 0 0 0 0.11619
158 159 0.0500063 0 0 0 0 0 0 0.0500063
160 161 0.0805311 0 -0 0 0 0 0 0.0805311
161 162 0.00350394 0 0 0 0 0 0 0.00350394
162 163 0.0144267 0 -1.26808 0 0 0 0 -1.25365
163 164 0.00365938 0 -0.960092 0 0 0 0 -0.956433
164 165 0.00168583 0 0 0 0 0 0 0.00168583
165 166 0.0675085 0 -1.25448 0 0 0 0 -1.18698
166 167 0.031822 0 -1.27368 0 0 0 0 -1.24186
167 168 0.0633673 0 0 0 0 0 0 0.0633673
168 169 0.117736 0 0 0 0 0 0 0.117736
169 170 0.003324 0 0 0 0 0 0 0.003324
170 171 0.019653 0 0 0 0 0 0 0.019653
171 172 0.128081 0 -1.37737 0 0 0 0 -1.24929
172 173 0.000354698 0 -1.09471 0 0 0 0 -1.09436
173 174 0.0601623 0 -0.731834 0 0 0 0 -0.671671
174 175 0.202326 0 -1.31682 0 0 0 0 -1.11449
175 176 0.112446 0 0 0 0 0 0 0.112446
176 177 0.00658554 0 0 0 0 0 0 0.00658554
177 178 0.0431159 0 -1.27838 0 0 0 0 -1.23527
178 179 0.00855014 0 -0.919417 0 0 0 0 -0.910866
180 181 0.104739 0 0 0 0 0 0 0.104739
181 182 0.0430688 0 0 0 0 0 0 0.0430688
182 183 0.0216996 0 -0 0 0 0 0 0.0216996
183 184 0.00101274 0 0 0 0 0 0 0.00101274
184 185 0.118018 0 -1.24533 0 0 0 0 -1.12731
185 186 0.0406087 0 -0.952857 0 0 0 0 -0.912248
186 187 0.00738032 0 0 0 0 0 0 0.00738032
187 188 0.000516395 0 -1.05776 0 0 0 0 -1.05724
188 189 0.00971061 0 -1.29499 0 0 0 0 -1.28528
189 190 0.00269501 0 -1.33381 0 0 0 0 -1.33112
190 191 0.0489697 0 -1.26751 0 0 0 0 -1.21854
191 192 0.000368981 0 -1.36549 0 0 0 0 -1.36512
192 193 0.0982324 0 -1.07064 0 0 0 0 -0.972412
193 194 0.0117085 0 -1.08522 0 0 0 0 -1.07351
194 195 0.000619272 0 0 0 0 0 0 0.000619272
195 196 4.45663e-05 0 0 0 0 0 0 4.45663e-05
196 197 0.0303945 0 0 0 0 0 0 0.0303945
197 198 0.0340159 0 -1.2476 0 0 0 0 -1.21359
198 199 0.164651 0 -1.17905 0 0 0 0 -1.0144
200 201 0.134292 0 -0.777058 0 0 0 0 -0.642766
201 202 0.109471 0 0 0 0 0 0 0.109471
202 203 0.00117759 0 -0.137954 0 0 0 0 -0.136776
203 204 0.332689 0 -1.0347 0 0 0 0 -0.702009
204 205 0.0543636 0 -1.10337 0 0 0 0 -1.04901
205 206 0.0244408 0 -1.28124 0 0 0 0 -1.2568
206 207 0.0282409 0 -0 0 0 0 0 0.0282409
207 208 0.0615393 0 -1.20221 0 0 0 0 -1.14067
208 209 0.0987547 0 0 0 0 0 0 0.0987547
209 210 0.00337297 0 -1.23893 0 0 0 0 -1.23555
210 211 0.00761901 0 -1.05369 0 0 0 0 -1.04607
211 212 0.00181128 0 -1.20517 0 0 0 0 -1.20336
212 213 0.0186566 0 -0 0 0 0 0 0.0186566
213 214 0.525488 0 0 0 0 0 0 0.525488
214 215 0.0251014 0 0 0 0 0 0 0.0251014
215 216 0.00693181 0 -1.23433 0 0 0 0 -1.2274
216 217 0.0836265 0 -1.33004 0 0 0 0 -1.24642
217 218 0.070579 0 -1.32465 0 0 0 0 -1.25407
218 219 0.00932528 0 0 0 0 0 0 0.00932528
220 221 0.0109603 0 -0.999916 0 0 0 0 -0.988956
221 222 0.269552 0 0 0 0 0 0 0.269552
222 223 0.000853289 0 -1.08225 0 0 0 0 -1.08139
223 224 0.0532629 0 -1.192 0 0 0 0 -1.13873
224 225 0.0535263 0 -0 0 0 0 0 0.0535263
225 226 0.0086731 0 -0.539716 0 0 0 0 -0.531042
226 227 0.106035 0 0 0 0 0 0 0.106035
227 228 0.0885306 0 0 0 0 0 0 0.0885306
227 229 0 0 0 0.0577663 0 0 0 0.0577663
228 229 0.00316778 0 0 0 0 0 0 0.00316778
229 230 0.00219753 0 0 0 0 0 0 0.00219753
230 231 0.059272 0 0 0 0 0 0 0.059272
231 232 0.0124692 0 0 0 0 0 0 0.0124692
232 233 9.82519e-06 0 0 0 0 0 0 9.82519e-06
233 234 0.0123642 0 -1.35203 0 0 0 0 -1.33966
234 235 0.194653 0 -0.772323 0 0 0 0 -0.577669
235 236 0.288564 0 -1.26901 0 0 0 0 -0.98045
236 237 0.0892361 0 -1.40686 0 0 0 0 -1.31763
237 238 0.00141868 0 -1.25182 0 0 0 0 -1.2504
238 239 0.126678 0 -1.41533 0 0 0 0 -1.28865
240 241 0.0662394 0 0 0 0 0 0 0.0662394
241 242 0.00578576 0 -1.21117 0 0 0 0 -1.20538
242 243 0.086656 0 0 0 0 0 0 0.086656
243 244 2.0334e-06 0 0 0 0 0 0 2.0334e-06
244 245 0.000370246 0 -0 0 0 0 0 0.000370246
245 246 0.221696 0 -1.26246 0 0 0 0 -1.04076
246 247 3.84041e-09 0 0 0 0 0 0 3.84041e-09
247 248 0.00224428 0 -1.34151 0 0 0 0 -1.33927
248 249 0.0287907 0 -1.24134 0 0 0 0 -1.21255
249 250 0.0127339 0 0 0 0 0 0 0.0127339
250 251 0.00160166 0 0 0 0 0 0 0.00160166
251 252 0.196215 0 0 0 0 0 0 0.196215
252 253 0.0149842 0 -1.36189 0 0 0 0 -1.3469
253 254 0.242976 0 -1.09254 0 0 0 0 -0.849562
254 255 0.0499683 0 -0.944497 0 0 0 0 -0.894529
255 256 0.00457057 0 0 0 0 0 0 0.00457057
256 257 0.109082 0 -0 0 0 0 0 0.109082
257 258 0.107186 0 0 0 0 0 0 0.107186
258 259 0.0881798 0 -0 0 0 0 0 0.0881798
260 261 0.00022458 0 -1.24154 0 0 0 0 -1.24131
261 262 0.00701515 0 -1.03845 0 0 0 0 -1.03144
262 263 0.0182682 0 -1.26558 0 0 0 0 -1.24731
263 264 0.0421889 0 0 0 0 0 0 0.0421889
264 265 0.00918667 0 -0 0 0 0 0 0.00918667
265 266 0.101896 0 0 0 0 0 0 0.101896
266 267 0.078248 0 0 0 0 0 0 0.078248
267 268 0.104076 0 -0.80691 0 0 0 0 -0.702834
268 269 0.00640812 0 -1.14602 0 0 0 0 -1.13961
269 270 0.000334245 0 -1.33837 0 0 0 0 -1.33803
270 271 0.00712146 0 0 0 0 0 0 0.00712146
271 272 0.144469 0 -0.792594 0 0 0 0 -0.648125
272 273 0.0112822 0 -1.34633 0 0 0 0 -1.33505
273 274 0.290069 0 -0.99531 0 0 0 0 -0.705241
274 275 0.00229653 0 -0 0 0 0 0 0.00229653
275 276 0.119139 0 0 0 0 0 0 0.119139
276 277 0.00371431 0 0 0 0 0 0 0.00371431
277 278 0.0142805 0 -0.643768 0 0 0 0 -0.629487
278 279 0.000793903 0 -1.22573 0 0 0 0 -1.22493
280 281 0.0395122 0 0 0 0 0 0 0.0395122
281 282 0.053126 0 -1.34631 0 0 0 0 -1.29319
282 283 0.00433203 0 -1.38495 0 0 0 0 -1.38061
283 284 0.0262512 0 -1.27069 0 0 0 0 -1.24444
284 285 0.0100055 0 0 0 0 0 0 0.0100055
285 286 8.79131e-05 0 -1.09375 0 0 0 0 -1.09366
286 287 0.115296 0 0 0 0 0 0 0.115296
287 288 0.0541768 0 0 0 0 0 0 0.0541768
288 289 0.250736 0 -0.57683 0 0 0 0 -0.326093
289 290 0.349805 0 -1.02365 0 0 0 0 -0.673844
290 291 0.0288643 0 -1.27633 0 0 0 0 -1.24746
291 292 0.050264 0 -1.29326 0 0 0 0 -1.243
292 293 0.0500835 0 -1.13735 0 0 0 0 -1.08727
293 294 0.0883702 0 -1.08197 0 0 0 0 -0.993595
294 295 0.043146 0 -1.17094 0 0 0 0 -1.1278
295 296 0.0118011 0 0 0 0 0 0 0.0118011
296 297 0.0434839 0 0 0 0 0 0 0.0434839
297 298 0.0166089 0 -1.29156 0 0 0 0 -1.27495
298 299 0.0248901 0 -0 0 0 0 0 0.0248901
300 301 0.105085 0 0 0 0 0 0 0.105085
301 302 0.225721 0 -1.27768 0 0 0 0 -1.05196
302 303 0.0962775 0 -1.37303 0 0 0 0 -1.27676
303 304 0.0267748 0 -1.24794 0 0 0 0 -1.22116
304 305 0.136327 0 -1.04047 0 0 0 0 -0.904148
305 306 0.00339155 0 -0.741244 0 0 0 0 -0.737852
306 307 0.0179544 0 -1.26455 0 0 0 0 -1.2466
307 308 0.00564522 0 0 0 0 0 0 0.00564522
308 309 0.00269199 0 0 0 0 0 0 0.00269199
309 310 0.121605 0 -1.18282 0 0 0 0 -1.06121
307 311 0 0 0 0 0 -0.1022 0 -0.1022
310 311 0.102155 0 -1.18845 0 0 0 0 -1.08629
307 312 0 0 0 0 -0.264996 -0.000366204 0 -0.265362
306 312 0 0 0 0 0 -0.116809 0 -0.116809
311 312 0.00276721 0 -1.37238 0 0 0 0 -1.36961
307 313 0 0 0 0 0 -0.101619 0 -0.101619
306 313 0 0 0 0 -0.582746 0 -0 -0.582746
305 313 0 0 0 0 0 -0.0601172 0 -0.0601172
312 313 0.0145444 0 -1.35444 0 0 0 0 -1.3399
306 314 0 0 0 0 0 -0.160242 0 -0.160242
305 314 0 0 0 0 -0.734147 0 -0 -0.734147
304 314 0 0 0 0 0 -0.00527969 -0 -0.00527969
313 314 0.0121608 0 -0.874693 0 0 0 0 -0.862532
305 315 0 0 0 0 -0 -0.131276 0 -0.131276
303 315 0 0 0 0 0 -0.0742889 0 -0.0742889
314 315 0.0452742 0 -1.21108 0 0 0 0 -1.16581
304 316 0 0 0 0 0 -0.176103 0 -0.176103
303 316 0 0 0 0 -0.666199 0 -0 -0.666199
302 316 0 0 0 0 0 -0.13781 0 -0.13781
315 316 0.00187191 0 -1.17863 0 0 0 0 -1.17676
303 317 0 0 0 0 0 -0.149034 0 -0.149034
302 317 0 0 0 0 -0.22965 -8.01961e-05 -0 -0.229731
301 317 0 0 0 0 -0 -0.0673913 0 -0.0673913
316 317 0.0287472 0 -1.31619 0 0 0 0 -1.28744
302 318 0 0 0 0 -0 -0.0766865 0 -0.0766865
301 318 0 0 0 0 -0 -0.000562693 -0 -0.000562693
317 318 0.0323189 0 -1.26793 0 0 0 0 -1.23561
318 319 0.0947578 0 0 0 0 0 0 0.0947578
320 321 0.0299485 0 0 0 0 0 0 0.0299485
321 322 0.0128002 0 -1.26744 0 0 0 0 -1.25464
322 323 0.113592 0 -1.30712 0 0 0 0 -1.19353
323 324 0.0113112 0 -0.955311 0 0 0 0 -0.944
324 325 0.0337084 0 -1.24099 0 0 0 0 -1.20728
325 326 0.00627826 0 0 0 0 0 0 0.00627826
326 327 0.0205054 0 -1.36475 0 0 0 0 -1.34425
327 328 0.135908 0 -1.23716 0 0 0 0 -1.10125
328 329 0.109506 0 -1.19625 0 0 0 0 -1.08674
329 330 0.0911231 0 -1.1767 0 0 0 0 -1.08557
330 331 0.00282324 0 -1.40913 0 0 0 0 -1.4063
331 332 0.142061 0 0 0 0 0 0 0.142061
332 333 0.0006073 0 0 0 0 0 0 0.0006073
333 334 0.0522072 0 -1.3765 0 0 0 0 -1.32429
334 335 0.00536659 0 -1.28342 0 0 0 0 -1.27805
335 336 0.032339 0 -1.33289 0 0 0 0 -1.30055
336 337 0.0771431 0 -1.37706 0 0 0 0 -1.29991
337 338 0.0746021 0 -1.09586 0 0 0 0 -1.02125
338 339 0.0190528 0 -0.912303 0 0 0 0 -0.893251
340 341 0.0324508 0 -0.903324 0 0 0 0 -0.870874
341 342 0.193852 0 -1.36033 0 0 0 0 -1.16648
342 343 0.000376998 0 -1.44239 0 0 0 0 -1.44202
343 344 0.00465357 0 0 0 0 0 0 0.00465357
344 345 0.00270781 0 0 0 0 0 0 0.00270781
345 346 0.0984549 0 -1.28571 0 0 0 0 -1.18726
346 347 0.10987 0 -1.16174 0 0 0 0 -1.05187
347 348 0.014117 0 -1.36411 0 0 0 0 -1.35
348 349 0.0445386 0 0 0 0 0 0 0.0445386
349 350 0.000115607 0 -1.11761 0 0 0 0 -1.1175
350 351 0.0429117 0 0 0 0 0 0 0.0429117
351 352 0.0995958 0 -1.23837 0 0 0 0 -1.13877
352 353 0.0178823 0 -0.725735 0 0 0 0 -0.707853
353 354 0.00237321 0 -1.08245 0 0 0 0 -1.08008
354 355 0.00159612 0 0 0 0 0 0 0.00159612
355 356 0.0132608 0 0 0 0 0 0 0.0132608
356 357 0.338256 0 0 0 0 0 0 0.338256
357 358 0.0130238 0 0 0 0 0 0 0.0130238
358 359 0.176491 0 0 0 0 0 0 0.176491
360 361 0.0665391 0 0 0 0 0 0 0.0665391
361 362 0.135439 0 0 0 0 0 0 0.135439
362 363 0.37626 0 -1.30074 0 0 0 0 -0.924476
363 364 0.0744091 0 -1.25164 0 0 0 0 -1.17723
364 365 0.122109 0 0 0 0 0 0 0.122109
365 366 0.0188876 0 0 0 0 0 0 0.0188876
366 367 0.01295 0 -1.04265 0 0 0 0 -1.0297
367 368 0.0164051 0 0 0 0 0 0 0.0164051
368 369 0.00112013 0 -1.32839 0 0 0 0 -1.32727
369 370 6.8466e-06 0 0 0 0 0 0 6.8466e-06
370 371 0.0422504 0 -1.04848 0 0 0 0 -1.00623
371 372 0.0650005 0 -1.42954 0 0 0 0 -1.36454
372 373 0.031022 0 0 0 0 0 0 0.031022
373 374 1.99219e-05 0 -0.795294 0 0 0 0 -0.795274
374 375 0.0639715 0 -0.964362 0 0 0 0 -0.900391
375 376 0.0895084 0 0 0 0 0 0 0.0895084
376 377 0.00657377 0 -1.35945 0 0 0 0 -1.35288
377 378 0.000131845 0 -1.06088 0 0 0 0 -1.06075
378 379 0.00761748 0 -1.32949 0 0 0 0 -1.32187
380 381 0.00648832 0 0 0 0 0 0 0.00648832
381 382 0.0715002 0 -0.769344 0 0 0 0 -0.697844
382 383 0.000626577 0 -1.21524 0 0 0 0 -1.21461
383 384 0.0152456 0 -1.31956 0 0 0 0 -1.30432
384 385 0.0454974 0 -0.836505 0 0 0 0 -0.791007
385 386 0.124514 0 0 0 0 0 0 0.124514
386 387 8.7811e-05 0 -1.15411 0 0 0 0 -1.15403
387 388 1.08342e-05 0 0 0 0 0 0 1.08342e-05
388 389 0.0975526 0 -0 0 0 0 0 0.0975526
389 390 1.72988e-05 0 -1.04824 0 0 0 0 -1.04823
390 391 0.01404 0 -0.879415 0 0 0 0 -0.865375
391 392 0.419614 0 0 0 0 0 0 0.419614
392 393 0.176168 0 0 0 0 0 0 0.176168
393 394 0.232349 0 0 0 0 0 0 0.232349
394 395 5.0007e-06 0 -1.00315 0 0 0 0 -1.00315
395 396 0.0369234 0 0 0 0 0 0 0.0369234
396 397 0.132189 0 0 0 0 0 0 0.132189
397 398 9.96339e-05 0 -1.34107 0 0 0 0 -1.34098
398 399 0.000235077 0 0 0 0 0 0 0.000235077
#Total energy per particle is  -0.574302 and should be -0.57430210
