#id1 id2 FENE BEXC STCK NEXC HB CRSTCK CXSTCK total, t = 200000
0 1 0.0918989 0 -1.22226 0 0 0 0 -1.13036
1 2 0.347711 0 -1.01637 0 0 0 0 -0.668663
2 3 0.0162962 0 -1.18962 0 0 0 0 -1.17332
3 4 0.0898756 0 -1.36906 0 0 0 0 -1.27919
4 5 0.0251801 0 -1.41787 0 0 0 0 -1.39269
5 6 0.00326567 0 -0.900229 0 0 0 0 -0.896963
6 7 0.129393 0 -0.711727 0 0 0 0 -0.582334
7 8 0.0144792 0 -1.33383 0 0 0 0 -1.31935
8 9 0.0663068 0 0 0 0 0 0 0.0663068
9 10 0.00716867 0 -0.782512 0 0 0 0 -0.775344
10 11 0.00149604 0 -1.19742 0 0 0 0 -1.19592
11 12 0.00941797 0 -0 0 0 0 0 0.00941797
12 13 0.00147151 0 0 0 0 0 0 0.00147151
13 14 0.0190757 0 0 0 0 0 0 0.0190757
14 15 0.00649211 0 -0.775061 0 0 0 0 -0.768569
15 16 0.00899678 0 -1.16656 0 0 0 0 -1.15756
16 17 0.0290531 0 0 0 0 0 0 0.0290531
17 18 0.0553337 0 0 0 0 0 0 0.0553337
18 19 0.230643 0 0 0 0 0 0 0.230643
20 21 0.00657336 0 0 0 0 0 0 0.00657336
21 22 0.0275049 0 0 0 0 0 0 0.0275049
22 23 0.0401257 0 -0 0 0 0 0 0.0401257
23 24 0.0137114 0 0 0 0 0 0 0.0137114
24 25 0.0274722 0 -1.00076 0 0 0 0 -0.973289
25 26 0.110361 0 -1.12149 0 0 0 0 -1.01113
26 27 0.00487974 0 0 0 0 0 0 0.00487974
27 28 0.09364 0 -1.294 0 0 0 0 -1.20036
28 29 0.11149 0 0 0 0 0 0 0.11149
29 30 0.00409957 0 0 0 0 0 0 0.00409957
30 31 0.0321738 0 -1.2278 0 0 0 0 -1.19563
31 32 0.0381324 0 0 0 0 0 0 0.0381324
32 33 0.186946 0 -1.19637 0 0 0 0 -1.00942
33 34 0.00219402 0 -1.1357 0 0 0 0 -1.13351
34 35 0.0403869 0 0 0 0 0 0 0.0403869
35 36 0.100375 0 0 0 0 0 0 0.100375
36 37 0.101852 0 0 0 0 0 0 0.101852
37 38 0.00579393 0 -1.10027 0 0 0 0 -1.09447
38 39 0.0108742 0 -1.09296 0 0 0 0 -1.08209
40 41 0.0170797 0 0 0 0 0 0 0.0170797
41 42 0.00584289 0 0 0 0 0 0 0.00584289
42 43 0.0054332 0 0 0 0 0 0 0.0054332
43 44 0.0620171 0 -0 0 0 0 0 0.0620171
44 45 0.0390385 0 0 0 0 0 0 0.0390385
45 46 0.00139481 0 -0 0 0 0 0 0.00139481
46 47 0.0803385 0 0 0 0 0 0 0.0803385
47 48 7.77181e-05 0 0 0 0 0 0 7.77181e-05
48 49 0.0119735 0 -1.29378 0 0 0 0 -1.28181
49 50 0.0478826 0 -0.980929 0 0 0 0 -0.933047
50 51 0.00817001 0 0 0 0 0 0 0.00817001
51 52 0.0170255 0 0 0 0 0 0 0.0170255
52 53 0.022469 0 0 0 0 0 0 0.022469
53 54 0.070251 0 -0 0 0 0 0 0.070251
54 55 0.00994225 0 0 0 0 0 0 0.00994225
55 56 0.143757 0 0 0 0 0 0 0.143757
56 57 0.165596 0 -1.18753 0 0 0 0 -1.02193
57 58 0.0628195 0 -1.00439 0 0 0 0 -0.941573
58 59 0.0518519 0 0 0 0 0 0 0.0518519
60 61 0.0414489 0 -1.18188 0 0 0 0 -1.14043
61 62 0.00485069 0 0 0 0 0 0 0.00485069
62 63 0.00752835 0 -0.752271 0 0 0 0 -0.744742
63 64 0.165693 0 -1.28663 0 0 0 0 -1.12094
64 65 0.0401451 0 0 0 0 0 0 0.0401451
65 66 0.000650012 0 0 0 0 0 0 0.000650012
66 67 0.138062 0 0 0 0 0 0 0.138062
67 68 0.00866475 0 0 0 0 0 0 0.00866475
68 69 0.0402367 0 -0.465567 0 0 0 0 -0.425331
69 70 0.00957381 0 0 0 0 0 0 0.00957381
70 71 4.61532e-07 0 -0.607977 0 0 0 0 -0.607977
71 72 0.0161331 0 -1.25981 0 0 0 0 -1.24367
72 73 0.0200625 0 -0.797815 0 0 0 0 -0.777752
73 74 0.00277512 0 -1.40051 0 0 0 0 -1.39774
74 75 0.00354354 0 -0.157679 0 0 0 0 -0.154136
75 76 0.0283354 0 -1.15985 0 0 0 0 -1.13152
76 77 0.000167366 0 -1.24981 0 0 0 0 -1.24964
77 78 0.0105206 0 -0.585149 0 0 0 0 -0.574628
78 79 0.000850584 0 0 0 0 0 0 0.000850584
80 81 0.00398565 0 0 0 0 0 0 0.00398565
81 82 0.0632071 0 -1.10159 0 0 0 0 -1.03838
82 83 0.145933 0 -1.41625 0 0 0 0 -1.27032
83 84 0.194896 0 -1.22817 0 0 0 0 -1.03327
84 85 0.139809 0 -0.217352 0 0 0 0 -0.0775428
85 86 0.130608 0 0 0 0 0 0 0.130608
86 87 0.032714 0 -1.3013 0 0 0 0 -1.26859
87 88 0.193075 0 -0 0 0 0 0 0.193075
88 89 0.00170236 0 0 0 0 0 0 0.00170236
89 90 0.105558 0 -1.38179 0 0 0 0 -1.27623
90 91 0.025447 0 -1.35253 0 0 0 0 -1.32708
91 92 0.0603317 0 0 0 0 0 0 0.0603317
92 93 0.0345396 0 0 0 0 0 0 0.0345396
93 94 0.00775557 0 -1.01919 0 0 0 0 -1.01144
94 95 0.0984806 0 0 0 0 0 0 0.0984806
95 96 0.0013055 0 -0.868422 0 0 0 0 -0.867117
96 97 0.0308726 0 -1.31457 0 0 0 0 -1.2837
97 98 0.111735 0 -1.36694 0 0 0 0 -1.25521
98 99 0.0631422 0 -1.33182 0 0 0 0 -1.26868
100 101 0.0228138 0 0 0 0 0 0 0.0228138
101 102 0.00526793 0 -0.777068 0 0 0 0 -0.7718
102 103 0.000545121 0 -1.29694 0 0 0 0 -1.2964
103 104 0.020119 0 -1.32891 0 0 0 0 -1.30879
104 105 0.000518136 0 -1.32412 0 0 0 0 -1.3236
105 106 0.0744204 0 -1.27675 0 0 0 0 -1.20233
106 107 3.82242e-07 0 -1.3902 0 0 0 0 -1.3902
107 108 0.00881611 0 -0 0 0 0 0 0.00881611
108 109 0.0040603 0 0 0 0 0 0 0.0040603
109 110 0.0146848 0 -0.947802 0 0 0 0 -0.933117
110 111 0.0599296 0 -1.43307 0 0 0 0 -1.37314
111 112 0.0633299 0 0 0 0 0 0 0.0633299
112 113 0.00416281 0 0 0 0 0 0 0.00416281
113 114 0.00184333 0 -1.02151 0 0 0 0 -1.01966
114 115 0.269331 0 -1.1734 0 0 0 0 -0.904064
115 116 0.0162463 0 -1.19663 0 0 0 0 -1.18038
116 117 0.109162 0 -1.11172 0 0 0 0 -1.00256
117 118 0.000971625 0.0119075 -0 0 0 0 0 0.0128791
118 119 0.0120956 0 0 0 0 0 0 0.0120956
120 121 8.2085e-05 0 -0 0 0 0 0 8.2085e-05
121 122 0.00317526 0 -0.882533 0 0 0 0 -0.879358
122 123 0.0630502 0 -1.11784 0 0 0 0 -1.05479
123 124 0.00190075 0 -1.027 0 0 0 0 -1.02509
124 125 0.188923 0 0 0 0 0 0 0.188923
125 126 0.13979 0 0 0 0 0 0 0.13979
126 127 0.0400613 0 -0.963024 0 0 0 0 -0.922963
127 128 0.00281611 0 -1.17 0 0 0 0 -1.16718
128 129 0.000138346 0 -0.95241 0 0 0 0 -0.952272
129 130 0.0124278 0 0 0 0 0 0 0.0124278
130 131 0.00867034 0 -0 0 0 0 0 0.00867034
131 132 0.0359799 0 0 0 0 0 0 0.0359799
132 133 0.000458832 0 -1.38449 0 0 0 0 -1.38403
133 134 0.0100659 0 0 0 0 0 0 0.0100659
134 135 0.011116 0 0 0 0 0 0 0.011116
135 136 0.00140768 0 0 0 0 0 0 0.00140768
136 137 0.0747166 0 -1.25559 0 0 0 0 -1.18087
137 138 0.000727151 0 -1.00757 0 0 0 0 -1.00684
138 139 0.000369436 0 0 0 0 0 0 0.000369436
140 141 0.0504007 0 -0.00197844 0 0 0 0 0.0484222
141 142 0.00456156 0 0 0 0 0 0 0.00456156
142 143 0.00391876 0 -0.823926 0 0 0 0 -0.820007
143 144 0.0674903 0 -1.38558 0 0 0 0 -1.31809
144 145 0.0016545 0 0 0 0 0 0 0.0016545
145 146 0.000406085 0 0 0 0 0 0 0.000406085
146 147 0.0319669 0 0 0 0 0 0 0.0319669
147 148 0.00291258 0 -0.281896 0 0 0 0 -0.278983
148 149 0.0168134 0 -1.11987 0 0 0 0 -1.10306
149 150 0.0210752 0 -1.377 0 0 0 0 -1.35593
150 151 1.09586e-05 0 -1.06188 0 0 0 0 -1.06186
151 152 0.00537638 0 0 0 0 0 0 0.00537638
152 153 0.0543423 0 -1.024 0 0 0 0 -0.969656
153 154 0.0443521 0 -0.970165 0 0 0 0 -0.925813
154 155 0.0807005 0 -1.29652 0 0 0 0 -1.21582
155 156 0.0146395 0 -1.08696 0 0 0 0 -1.07232
156 157 0.0205414 0 -1.30675 0 0 0 0 -1.28621
157 158 0.0169735 0 -1.32659 0 0 0 0 -1.30961
158 159 0.00327432 0 -0 0 0 0 0 0.00327432
160 161 0.203181 0 -0 0 0 0 0 0.203181
161 162 0.0679876 0 0 0 0 0 0 0.0679876
162 163 0.0200582 0 0 0 0 0 0 0.0200582
163 164 0.0205095 0 0 0 0 0 0 0.0205095
164 165 0.00142035 0 0 0 0 0 0 0.00142035
165 166 0.000533372 0 0 0 0 0 0 0.000533372
166 167 0.060915 0 -1.257 0 0 0 0 -1.19609
167 168 0.213759 0 -1.4225 0 0 0 0 -1.20874
168 169 0.0101715 0 -0.975768 0 0 0 0 -0.965597
169 170 0.0136641 0 -0.442617 0 0 0 0 -0.428953
170 171 0.00721302 0 0 0 0 0 0 0.00721302
171 172 0.0844392 0 -1.14786 0 0 0 0 -1.06342
172 173 0.00705953 0 -1.23612 0 0 0 0 -1.22906
173 174 0.0387764 0 0 0 0 0 0 0.0387764
174 175 0.000146519 0 -0.979641 0 0 0 0 -0.979494
175 176 0.0203925 0 -1.38025 0 0 0 0 -1.35986
176 177 0.000280316 0 -1.18564 0 0 0 0 -1.18536
177 178 0.000201186 0 0 0 0 0 0 0.000201186
178 179 0.0334314 0 0 0 0 0 0 0.0334314
180 181 0.0152075 0 0 0 0 0 0 0.0152075
181 182 0.053463 0 -1.22195 0 0 0 0 -1.16849
182 183 0.00821133 0 0 0 0 0 0 0.00821133
183 184 0.0264895 0 -0.935053 0 0 0 0 -0.908563
184 185 0.167961 0 0 0 0 0 0 0.167961
185 186 0.308211 0 0 0 0 0 0 0.308211
186 187 0.1291 0 0 0 0 0 0 0.1291
187 188 5.91475e-05 0 -0 0 0 0 0 5.91475e-05
188 189 0.185236 0 -0 0 0 0 0 0.185236
189 190 0.0156904 0 -1.1578 0 0 0 0 -1.14211
190 191 0.0874135 0 -1.05726 0 0 0 0 -0.96985
191 192 0.021499 0 -1.07187 0 0 0 0 -1.05037
192 193 0.081279 0 -2.95107e-05 0 0 0 0 0.0812495
193 194 0.0845357 0 -1.11372 0 0 0 0 -1.02918
194 195 0.124597 0 0 0 0 0 0 0.124597
195 196 0.00438227 0 -1.3088 0 0 0 0 -1.30442
196 197 0.128094 0 0 0 0 0 0 0.128094
197 198 0.0141433 0 0 0 0 0 0 0.0141433
198 199 0.0581594 0 0 0 0 0 0 0.0581594
200 201 0.000421016 0 -0 0 0 0 0 0.000421016
201 202 0.0250571 0 0 0 0 0 0 0.0250571
202 203 0.0480571 0 0 0 0 0 0 0.0480571
203 204 0.000303294 0 0 0 0 0 0 0.000303294
204 205 0.000382837 0 -1.2718 0 0 0 0 -1.27141
205 206 0.0676666 0 -0.430703 0 0 0 0 -0.363037
206 207 0.0152219 0 0 0 0 0 0 0.0152219
207 208 0.00160276 0.0323667 0 0 0 0 0 0.0339695
208 209 0.0543525 0 -1.24661 0 0 0 0 -1.19225
209 210 0.120612 0 0 0 0 0 0 0.120612
210 211 0.0480895 0 -1.31544 0 0 0 0 -1.26735
211 212 0.221425 0 0 0 0 0 0 0.221425
212 213 0.000394849 0 -1.25286 0 0 0 0 -1.25247
213 214 1.45865e-05 0 -0.852293 0 0 0 0 -0.852278
214 215 0.12489 0 0 0 0 0 0 0.12489
215 216 0.000947793 0 -1.1341 0 0 0 0 -1.13315
216 217 0.152718 0 -1.1178 0 0 0 0 -0.965082
217 218 9.66301e-05 0 0 0 0 0 0 9.66301e-05
218 219 0.000204671 0 0 0 0 0 0 0.000204671
220 221 0.00036272 0 -1.06825 0 0 0 0 -1.06789
221 222 0.0179291 0 0 0 0 0 0 0.0179291
222 223 0.00140901 0 0 0 0 0 0 0.00140901
223 224 0.0930186 0 0 0 0 0 0 0.0930186
224 225 0.0114431 0 0 0 0 0 0 0.0114431
225 226 0.0270642 0 0 0 0 0 0 0.0270642
226 227 0.0205831 0 0 0 0 0 0 0.0205831
223 228 0 0 0 0 -0 0 -0.48324 -0.48324
227 228 0.0123924 0 0 0 0 0 0 0.0123924
228 229 0.0885192 0 -1.07435 0 0 0 0 -0.985833
229 230 0.135282 0 0 0 0 0 0 0.135282
230 231 0.00552496 0 0 0 0 0 0 0.00552496
231 232 0.0251478 0 -0.178073 0 0 0 0 -0.152925
232 233 0.182078 0 0 0 0 0 0 0.182078
233 234 0.00108694 0 -1.39955 0 0 0 0 -1.39846
234 235 0.0256972 0 0 0 0 0 0 0.0256972
235 236 0.0445952 0 0 0 0 0 0 0.0445952
236 237 0.0286096 0 -1.3272 0 0 0 0 -1.29859
237 238 0.00310975 0 -1.14202 0 0 0 0 -1.13891
238 239 0.0312877 0 0 0 0 0 0 0.0312877
240 241 0.0897775 0 0 0 0 0 0 0.0897775
241 242 0.0407666 0 -0 0 0 0 0 0.0407666
242 243 0.0711826 0 0 0 0 0 0 0.0711826
243 244 0.0216335 0 0 0 0 0 0 0.0216335
244 245 0.00168628 0 0 0 0 0 0 0.00168628
245 246 0.00885236 0 -0 0 0 0 0 0.00885236
246 247 0.000650778 0 0 0 0 0 0 0.000650778
247 248 0.166445 0 0 0 0 0 0 0.166445
248 249 0.0226208 0 -1.22721 0 0 0 0 -1.20458
249 250 4.63526e-05 0 -1.27799 0 0 0 0 -1.27795
250 251 0.0425648 0 -1.10005 0 0 0 0 -1.05749
251 252 0.0511395 0 -1.32223 0 0 0 0 -1.27109
252 253 0.00305677 0 -0.268426 0 0 0 0 -0.26537
253 254 0.000976661 0 0 0 0 0 0 0.000976661
254 255 0.0457673 0 0 0 0 0 0 0.0457673
255 256 0.0711568 0 -0.388215 0 0 0 0 -0.317058
256 257 0.103209 0 -1.18891 0 0 0 0 -1.0857
257 258 0.0336689 0 -1.20287 0 0 0 0 -1.16921
258 259 0.00849603 0 0 0 0 0 0 0.00849603
260 261 0.00236566 0 -1.14264 0 0 0 0 -1.14028
261 262 0.0130962 0 -1.18496 0 0 0 0 -1.17187
262 263 0.351012 0 -0.785502 0 0 0 0 -0.43449
263 264 0.0312202 0 -1.04226 0 0 0 0 -1.01104
264 265 0.0780895 0 -1.24907 0 0 0 0 -1.17098
265 266 0.0054761 0 -1.34977 0 0 0 0 -1.3443
266 267 0.0035409 0 -1.06011 0 0 0 0 -1.05657
267 268 0.000394079 0 -1.42377 0 0 0 0 -1.42338
268 269 0.0398634 0 -1.35986 0 0 0 0 -1.32
269 270 0.108933 0 0 0 0 0 0 0.108933
270 271 0.014404 0 -1.28614 0 0 0 0 -1.27174
271 272 0.000205414 0 -1.03313 0 0 0 0 -1.03292
272 273 3.41887e-05 0 -1.20926 0 0 0 0 -1.20922
273 274 0.0549792 0 -0.982532 0 0 0 0 -0.927553
274 275 0.00580485 0 0 0 0 0 0 0.00580485
275 276 0.0377199 0 0 0 0 0 0 0.0377199
275 277 0 0 0 0.156343 0 0 0 0.156343
276 277 0.00609335 0 -1.05119 0 0 0 0 -1.0451
277 278 0.00596051 0 0 0 0 0 0 0.00596051
278 279 0.0557987 0 0 0 0 0 0 0.0557987
280 281 0.189112 0 -1.10253 0 0 0 0 -0.913414
281 282 0.0036199 0 0 0 0 0 0 0.0036199
282 283 0.0728732 0 -1.33727 0 0 0 0 -1.2644
283 284 0.000137275 0 0 0 0 0 0 0.000137275
284 285 0.00915379 0 -1.20269 0 0 0 0 -1.19354
285 286 0.0113273 0 0 0 0 0 0 0.0113273
286 287 0.0136213 0 -0.754578 0 0 0 0 -0.740956
287 288 0.025442 0 -1.3908 0 0 0 0 -1.36535
288 289 0.00947177 0 -1.1994 0 0 0 0 -1.18993
289 290 0.000896873 0 0 0 0 0 0 0.000896873
290 291 0.000211145 0 -1.32874 0 0 0 0 -1.32853
291 292 0.0341553 0 -1.15415 0 0 0 0 -1.11999
292 293 0.0038054 0 -0.899677 0 0 0 0 -0.895872
293 294 3.23509e-05 0 -1.29194 0 0 0 0 -1.29191
294 295 0.00308557 0 -1.21497 0 0 0 0 -1.21189
295 296 0.0721833 0 -1.10629 0 0 0 0 -1.03411
296 297 0.0982027 0 0 0 0 0 0 0.0982027
297 298 0.00639817 0 -1.10745 0 0 0 0 -1.10105
298 299 0.0556257 0 -1.28517 0 0 0 0 -1.22954
300 301 0.235731 0 0 0 0 0 0 0.235731
301 302 0.0150253 0 -1.2759 0 0 0 0 -1.26088
302 303 0.000776404 0 0 0 0 0 0 0.000776404
303 304 0.0440579 0 -0.489608 0 0 0 0 -0.44555
304 305 0.133315 0 -1.19656 0 0 0 0 -1.06325
305 306 0.212012 0 0 0 0 0 0 0.212012
306 307 0.0580611 0 -1.13572 0 0 0 0 -1.07766
307 308 0.0308989 0 -1.30408 0 0 0 0 -1.27318
308 309 2.15409e-05 0 -0.999735 0 0 0 0 -0.999714
309 310 0.0199161 0 -1.31321 0 0 0 0 -1.29329
310 311 0.00576141 0 -0.980198 0 0 0 0 -0.974437
311 312 0.0241238 0 -1.28416 0 0 0 0 -1.26004
312 313 0.065904 0 -0.998614 0 0 0 0 -0.93271
313 314 0.0745153 0 -1.42519 0 0 0 0 -1.35068
314 315 0.130722 0 -1.05218 0 0 0 0 -0.921456
315 316 0.157496 0 0 0 0 0 0 0.157496
316 317 9.03409e-07 0 -1.02937 0 0 0 0 -1.02937
317 318 0.148978 0 -1.3185 0 0 0 0 -1.16952
318 319 9.40319e-05 0 -0.916166 0 0 0 0 -0.916072
320 321 0.0665702 0 0 0 0 0 0 0.0665702
321 322 0.01788 0 0 0 0 0 0 0.01788
322 323 0.0335193 0 0 0 0 0 0 0.0335193
323 324 5.03134e-05 0 -0.893313 0 0 0 0 -0.893263
324 325 0.00738908 0 -1.3089 0 0 0 0 -1.30151
325 326 0.0102696 0 -0.985095 0 0 0 0 -0.974826
326 327 0.0211679 0 0 0 0 0 0 0.0211679
327 328 0.0314264 0 -1.37552 0 0 0 0 -1.34409
328 329 0.0487308 0 0 0 0 0 0 0.0487308
329 330 0.000396647 0 -1.27389 0 0 0 0 -1.27349
330 331 0.112806 0 -0.911596 0 0 0 0 -0.79879
331 332 0.000495489 0 -0.576163 0 0 0 0 -0.575668
332 333 0.00442095 0 -1.29431 0 0 0 0 -1.28989
333 334 0.0195409 0 0 0 0 0 0 0.0195409
334 335 0.0445028 0 0 0 0 0 0 0.0445028
335 336 0.246619 0 -1.15128 0 0 0 0 -0.904661
336 337 0.190153 0 0 0 0 0 0 0.190153
337 338 0.0245922 0 -7.45737e-05 0 0 0 0 0.0245176
338 339 0.00251362 0 -0.960676 0 0 0 0 -0.958163
340 341 0.0610313 0 0 0 0 0 0 0.0610313
341 342 9.67581e-05 0 -1.18378 0 0 0 0 -1.18368
342 343 0.00778874 0 -0 0 0 0 0 0.00778874
343 344 0.00101569 0 -1.35369 0 0 0 0 -1.35267
344 345 0.00218759 0 -1.30183 0 0 0 0 -1.29964
345 346 0.0114317 0 0 0 0 0 0 0.0114317
346 347 0.0183923 0 -1.18461 0 0 0 0 -1.16622
347 348 0.0114363 0 -1.2159 0 0 0 0 -1.20446
348 349 0.0447153 0 -1.20893 0 0 0 0 -1.16421
349 350 0.0801612 0 0 0 0 0 0 0.0801612
350 351 0.00389076 0 -1.08099 0 0 0 0 -1.0771
351 352 0.0206994 0 -1.27273 0 0 0 0 -1.25203
352 353 0.205802 0 -1.40831 0 0 0 0 -1.20251
353 354 0.0273164 0 -0.683865 0 0 0 0 -0.656549
354 355 0.0414412 0 -1.31857 0 0 0 0 -1.27712
355 356 0.123279 0 -0.899933 0 0 0 0 -0.776654
356 357 0.00409215 0 -0.483555 0 0 0 0 -0.479463
357 358 0.000625622 0 -0.889726 0 0 0 0 -0.8891
358 359 0.318154 0 -1.11043 0 0 0 0 -0.792273
360 361 0.255262 0 0 0 0 0 0 0.255262
361 362 0.000304631 0 -0 0 0 0 0 0.000304631
362 363 0.12283 0 -1.13721 0 0 0 0 -1.01438
363 364 0.0108148 0 -0 0 0 0 0 0.0108148
364 365 0.159083 0 -1.2439 0 0 0 0 -1.08482
365 366 0.292465 0 0 0 0 0 0 0.292465
366 367 0.0921808 0 -1.34142 0 0 0 0 -1.24924
367 368 0.0178392 0 -0.587887 0 0 0 0 -0.570047
368 369 0.0841151 0 -0.939357 0 0 0 0 -0.855241
369 370 0.000437359 0 -0 0 0 0 0 0.000437359
370 371 0.0166867 0 -0.76948 0 0 0 0 -0.752794
371 372 0.0162556 0 -0.773675 0 0 0 0 -0.75742
372 373 0.221633 0 0 0 0 0 0 0.221633
373 374 0.0340602 0 -1.31473 0 0 0 0 -1.28067
374 375 0.0503286 0 -1.07624 0 0 0 0 -1.02591
375 376 0.000807984 0 -0.838929 0 0 0 0 -0.838121
376 377 0.0104185 0 -1.18566 0 0 0 0 -1.17524
377 378 0.110471 0 -1.30978 0 0 0 0 -1.19931
378 379 0.0772592 0 0 0 0 0 0 0.0772592
380 381 0.0293511 0 -1.12169 0 0 0 0 -1.09234
381 382 0.0304081 0 0 0 0 0 0 0.0304081
382 383 0.00512927 0 -0.853654 0 0 0 0 -0.848525
383 384 0.248321 0 -1.07407 0 0 0 0 -0.825746
384 385 0.0627517 0 -1.14901 0 0 0 0 -1.08626
385 386 1.02771e-07 0 -1.30461 0 0 0 0 -1.30461
386 387 0.190732 0 0 0 0 0 0 0.190732
387 388 0.114504 0 0 0 0 0 0 0.114504
388 389 0.0566767 0 -1.13964 0 0 0 0 -1.08297
389 390 0.000237059 0 -1.08453 0 0 0 0 -1.08429
390 391 0.0548604 0 0 0 0 0 0 0.0548604
391 392 0.000872243 0 -1.29507 0 0 0 0 -1.2942
392 393 0.176737 0 -1.30784 0 0 0 0 -1.1311
393 394 0.000453168 0 0 0 0 0 0 0.000453168
394 395 0.0536405 0 0 0 0 0 0 0.0536405
395 396 0.00215845 0 -1.351 0 0 0 0 -1.34884
396 397 0.040412 0 -1.1749 0 0 0 0 -1.13449
397 398 0.0448372 0 -0 0 0 0 0 0.0448372
398 399 0.210323 0 0 0 0 0 0 0.210323
400 401 0.0236979 0 0 0 0 0 0 0.0236979
401 402 0.0568867 0 -1.14267 0 0 0 0 -1.08579
402 403 0.00150879 0 -1.14621 0 0 0 0 -1.1447
403 404 0.0636526 0 -1.3781 0 0 0 0 -1.31445
404 405 0.00662247 0 -1.25548 0 0 0 0 -1.24886
405 406 0.162996 0 0 0 0 0 0 0.162996
406 407 0.0610808 0 0 0 0 0 0 0.0610808
407 408 1.09232e-06 0 0 0 0 0 0 1.09232e-06
408 409 0.0170872 0 -1.29101 0 0 0 0 -1.27393
409 410 8.98515e-07 0 -0 0 0 0 0 8.98515e-07
410 411 0.00896577 0 0 0 0 0 0 0.00896577
411 412 0.00694755 0 -0.924979 0 0 0 0 -0.918032
412 413 0.0298504 0 0 0 0 0 0 0.0298504
413 414 0.0477243 0 -0.699134 0 0 0 0 -0.651409
414 415 0.030383 0 -1.46068 0 0 0 0 -1.4303
415 416 0.0646416 0 -1.32378 0 0 0 0 -1.25913
416 417 0.0128408 0 -1.20653 0 0 0 0 -1.19369
417 418 0.0130044 0 -0.905954 0 0 0 0 -0.892949
418 419 0.0178886 0 -1.21074 0 0 0 0 -1.19285
420 421 0.125459 0 -1.09644 0 0 0 0 -0.970979
421 422 0.117948 0 -0.715914 0 0 0 0 -0.597965
422 423 0.015376 0 -1.35234 0 0 0 0 -1.33697
423 424 0.0165404 0 -1.17429 0 0 0 0 -1.15775
424 425 0.000344344 0 -1.37003 0 0 0 0 -1.36968
425 426 0.0706117 0 0 0 0 0 0 0.0706117
426 427 0.00119134 0 -1.29114 0 0 0 0 -1.28995
427 428 0.0304602 0 0 0 0 0 0 0.0304602
428 429 0.00232223 0 0 0 0 0 0 0.00232223
429 430 0.0567354 0 0 0 0 0 0 0.0567354
430 431 0.0020634 0 0 0 0 0 0 0.0020634
431 432 0.258359 0 -1.22397 0 0 0 0 -0.965613
432 433 0.015257 0 -1.42512 0 0 0 0 -1.40986
433 434 0.0336867 0 0 0 0 0 0 0.0336867
434 435 0.0250047 0 -0.0833583 0 0 0 0 -0.0583536
435 436 0.00238283 0 -0.648669 0 0 0 0 -0.646286
436 437 0.0817802 0 -1.42306 0 0 0 0 -1.34128
437 438 0.252654 0 -1.42618 0 0 0 0 -1.17353
438 439 0.0181993 0 0 0 0 0 0 0.0181993
440 441 0.00662108 0 -1.24545 0 0 0 0 -1.23883
441 442 0.16283 0 -1.24489 0 0 0 0 -1.08206
442 443 0.0854343 0 -1.04446 0 0 0 0 -0.959028
443 444 0.0379005 0 -1.38289 0 0 0 0 -1.34499
444 445 0.272857 0 0 0 0 0 0 0.272857
445 446 0.0946594 0 0 0 0 0 0 0.0946594
446 447 0.0245709 0 -1.11954 0 0 0 0 -1.09496
447 448 0.00157452 0 -0 0 0 0 0 0.00157452
447 449 0 0 0 0.0217888 0 0 -0 0.0217888
448 449 8.02124e-05 0 -1.2465 0 0 0 0 -1.24642
449 450 0.00910669 0 -1.06493 0 0 0 0 -1.05583
450 451 0.036129 0 -1.20972 0 0 0 0 -1.17359
451 452 0.0596929 0 -1.40212 0 0 0 0 -1.34243
452 453 0.046491 0 -1.32707 0 0 0 0 -1.28057
453 454 0.0249828 0 0 0 0 0 0 0.0249828
454 455 0.0551721 0 -0.975447 0 0 0 0 -0.920275
455 456 0.19241 0 0 0 0 0 0 0.19241
456 457 0.00428236 0 0 0 0 0 0 0.00428236
457 458 5.46761e-06 0 -1.21411 0 0 0 0 -1.2141
458 459 0.0134268 0 -0 0 0 0 0 0.0134268
460 461 0.293486 0 -1.29771 0 0 0 0 -1.00423
461 462 0.000809296 0 0 0 0 0 0 0.000809296
462 463 0.0404088 0 0 0 0 0 0 0.0404088
463 464 0.0747996 0.207458 -0 0 0 0 0 0.282258
464 465 0.0177326 0 0 0 0 0 0 0.0177326
465 466 0.0356657 0 -1.26216 0 0 0 0 -1.22649
466 467 0.0257074 0 0 0 0 0 0 0.0257074
467 468 0.258105 0 -1.10913 0 0 0 0 -0.851022
468 469 0.00358925 0 -1.16749 0 0 0 0 -1.1639
469 470 0.0920869 0 0 0 0 0 0 0.0920869
470 471 0.100112 0 -0 0 0 0 0 0.100112
471 472 0.044017 0 0 0 0 0 0 0.044017
472 473 0.000134037 0 0 0 0 0 0 0.000134037
473 474 0.00394093 0 -1.35907 0 0 0 0 -1.35513
474 475 0.00257153 0 -1.34645 0 0 0 0 -1.34387
475 476 0.000848188 0 -1.2094 0 0 0 0 -1.20855
476 477 0.0182406 0 0 0 0 0 0 0.0182406
477 478 0.0854544 0 0 0 0 0 0 0.0854544
478 479 0.00931794 0 -1.45065 0 0 0 0 -1.44133
480 481 0.172633 0 -1.35117 0 0 0 0 -1.17854
481 482 0.00731618 0 0 0 0 0 0 0.00731618
482 483 0.0133635 0 -0 0 0 0 0 0.0133635
483 484 0.0424669 0 0 0 0 0 0 0.0424669
484 485 0.0207148 0 -0.140404 0 0 0 0 -0.119689
485 486 0.00562124 0 0 0 0 0 0 0.00562124
486 487 0.0318679 0 -0 0 0 0 0 0.0318679
487 488 0.0304779 0 -0 0 0 0 0 0.0304779
488 489 0.013165 0 -1.13038 0 0 0 0 -1.11721
489 490 7.85995e-05 0 -1.35225 0 0 0 0 -1.35217
490 491 0.0745751 0 -0 0 0 0 0 0.0745751
491 492 0.00843613 0 -1.09572 0 0 0 0 -1.08728
492 493 0.000242976 0 0 0 0 0 0 0.000242976
493 494 0.0296524 0 -1.21845 0 0 0 0 -1.1888
494 495 0.0451845 0 -0 0 0 0 0 0.0451845
495 496 0.00208918 0 0 0 0 0 0 0.00208918
496 497 0.160586 0 -1.38394 0 0 0 0 -1.22336
497 498 0.125745 0 -1.15539 0 0 0 0 -1.02964
498 499 0.106699 0 0 0 0 0 0 0.106699
500 501 0.00655124 0 -1.00643 0 0 0 0 -0.999879
501 502 2.89054e-06 0 -1.21799 0 0 0 0 -1.21799
502 503 0.0131458 0 -0.850181 0 0 0 0 -0.837035
503 504 0.000110022 0 -0 0 0 0 0 0.000110022
504 505 0.00850199 0 -0 0 0 0 0 0.00850199
505 506 0.0525703 0 -1.30969 0 0 0 0 -1.25712
506 507 0.00346186 0 -0.856578 0 0 0 0 -0.853116
507 508 0.000228275 0 -1.14438 0 0 0 0 -1.14415
508 509 0.055216 0 -0.945587 0 0 0 0 -0.890371
509 510 0.0426779 0 -1.13016 0 0 0 0 -1.08748
510 511 0.028193 0 -1.09885 0 0 0 0 -1.07066
511 512 0.00103384 0 -1.2379 0 0 0 0 -1.23686
512 513 0.0109795 0 -0.977725 0 0 0 0 -0.966746
513 514 0.000604895 0 -1.44507 0 0 0 0 -1.44446
514 515 0.0712559 0 0 0 0 0 0 0.0712559
515 516 0.112802 0 -8.46703e-05 0 0 0 0 0.112717
516 517 0.0038895 0 0 0 0 0 0 0.0038895
517 518 0.0401792 0 -0.393474 0 0 0 0 -0.353295
518 519 0.0216314 0 0 0 0 0 0 0.0216314
520 521 0.0146557 0 0 0 0 0 0 0.0146557
521 522 0.0535178 0 0 0 0 0 0 0.0535178
522 523 0.0307772 0 0 0 0 0 0 0.0307772
523 524 0.0114569 0 -0 0 0 0 0 0.0114569
524 525 0.0169344 0 -1.11353 0 0 0 0 -1.09659
525 526 0.0191188 0 -1.14281 0 0 0 0 -1.12369
526 527 0.0257486 0 -1.15718 0 0 0 0 -1.13143
527 528 0.0332591 0 0 0 0 0 0 0.0332591
528 529 2.59939e-05 0 -1.24913 0 0 0 0 -1.24911
529 530 0.00105878 0 -1.30489 0 0 0 0 -1.30383
530 531 0.0320954 0 0 0 0 0 0 0.0320954
531 532 0.0378248 0 -0.945763 0 0 0 0 -0.907939
532 533 0.0206268 0 -1.32635 0 0 0 0 -1.30572
533 534 0.0567303 0 -1.34707 0 0 0 0 -1.29034
534 535 0.0782189 0 0 0 0 0 0 0.0782189
535 536 0.0947357 0 -0 0 0 0 0 0.0947357
536 537 0.0225206 0 -1.34547 0 0 0 0 -1.32295
537 538 0.0640997 0 -1.36107 0 0 0 0 -1.29697
538 539 0.0715408 0 -1.11332 0 0 0 0 -1.04178
540 541 0.127184 0 0 0 0 0 0 0.127184
541 542 0.154332 0 -1.08457 0 0 0 0 -0.930234
542 543 0.0182451 0 -1.25261 0 0 0 0 -1.23437
543 544 0.0272422 0 0 0 0 0 0 0.0272422
544 545 0.0488927 0 0 0 0 0 0 0.0488927
545 546 0.0576211 0 -0.743691 0 0 0 0 -0.68607
546 547 0.118124 0 0 0 0 0 0 0.118124
547 548 0.0111325 0 -1.19465 0 0 0 0 -1.18352
548 549 0.085016 0 -0.849556 0 0 0 0 -0.76454
546 550 0 0 0 0 0 -0.000577875 0 -0.000577875
545 550 0 0 0 0 -0 -1.49665e-15 0 -1.49665e-15
549 550 0.00742663 0 -1.36369 0 0 0 0 -1.35626
550 551 0.000743694 0 -1.37218 0 0 0 0 -1.37144
551 552 0.00222456 0 0 0 0 0 0 0.00222456
552 553 0.108292 0 -1.15928 0 0 0 0 -1.05098
553 554 0.144079 0 0 0 0 0 0 0.144079
554 555 0.0317753 0 -1.17257 0 0 0 0 -1.1408
555 556 0.000693013 0 0 0 0 0 0 0.000693013
556 557 0.0221273 0 -0.70747 0 0 0 0 -0.685342
557 558 0.191595 0 -1.16057 0 0 0 0 -0.968977
558 559 0.0662798 0 -1.27555 0 0 0 0 -1.20927
560 561 0.00101238 0 0 0 0 0 0 0.00101238
561 562 0.0811638 0 -1.35107 0 0 0 0 -1.26991
562 563 0.00125732 0 0 0 0 0 0 0.00125732
563 564 0.0451401 0 -0.746784 0 0 0 0 -0.701644
564 565 0.00119508 0 0 0 0 0 0 0.00119508
565 566 0.000815167 0 0 0 0 0 0 0.000815167
566 567 0.00362326 0 0 0 0 0 0 0.00362326
567 568 0.049185 0 -0.976444 0 0 0 0 -0.927259
568 569 0.225699 0 0 0 0 0 0 0.225699
569 570 0.00416845 0 -1.29953 0 0 0 0 -1.29536
570 571 2.87826e-05 0 -0.126129 0 0 0 0 -0.126101
571 572 0.013502 0 -1.04429 0 0 0 0 -1.03079
572 573 0.0109903 0 -1.38057 0 0 0 0 -1.36958
573 574 0.0831622 0 0 0 0 0 0 0.0831622
574 575 4.81238e-08 0 0 0 0 0 0 4.81238e-08
575 576 0.000370585 0 -0 0 0 0 0 0.000370585
576 577 0.00701086 0 -1.34846 0 0 0 0 -1.34145
577 578 0.0980807 0 -1.06508 0 0 0 0 -0.966995
578 579 0.00974873 0 -1.37477 0 0 0 0 -1.36502
580 581 0.170885 0 0 0 0 0 0 0.170885
581 582 0.00538539 0 -1.35536 0 0 0 0 -1.34998
582 583 0.000785653 0 -1.31153 0 0 0 0 -1.31074
583 584 0.144528 0 0 0 0 0 0 0.144528
584 585 8.97601e-05 0 0 0 0 0 0 8.97601e-05
585 586 0.0444209 0 0 0 0 0 0 0.0444209
586 587 0.00011436 0 -0 0 0 0 0 0.00011436
587 588 0.0125635 0 0 0 0 0 0 0.0125635
588 589 0.00326724 0 -0 0 0 0 0 0.00326724
589 590 0.0231257 0 -0.380197 0 0 0 0 -0.357071
590 591 0.598231 0 -1.29718 0 0 0 0 -0.69895
591 592 0.0397776 0 0 0 0 0 0 0.0397776
592 593 0.00145061 0 -0 0 0 0 0 0.00145061
593 594 0.000630004 0 -1.17802 0 0 0 0 -1.17739
594 595 0.143988 0 -0.998997 0 0 0 0 -0.855008
595 596 0.0611291 0 0 0 0 0 0 0.0611291
596 597 1.65294e-05 0 -1.15115 0 0 0 0 -1.15113
597 598 0.0300139 0 0 0 0 0 0 0.0300139
598 599 0.00502432 0 -0 0 0 0 0 0.00502432
600 601 0.0341507 0 0 0 0 0 0 0.0341507
601 602 0.254711 0 0 0 0 0 0 0.254711
602 603 0.00155201 0 -0.995323 0 0 0 0 -0.993771
603 604 0.0445604 0 0 0 0 0 0 0.0445604
604 605 0.00310323 0 0 0 0 0 0 0.00310323
605 606 0.0667832 0 -1.12106 0 0 0 0 -1.05427
606 607 0.116184 0 0 0 0 0 0 0.116184
607 608 0.0382721 0 -0.894338 0 0 0 0 -0.856066
608 609 0.00554926 0 0 0 0 0 0 0.00554926
609 610 0.00109441 0 -0.807941 0 0 0 0 -0.806847
610 611 0.000952118 0 -1.04197 0 0 0 0 -1.04102
611 612 0.0147045 0 -1.36817 0 0 0 0 -1.35346
612 613 0.144133 0 -0.718846 0 0 0 0 -0.574713
613 614 0.120384 0 -1.21302 0 0 0 0 -1.09263
614 615 0.00486156 0 -1.3363 0 0 0 0 -1.33144
615 616 0.0904826 0 -0.963766 0 0 0 0 -0.873284
616 617 0.0612134 0 -0 0 0 0 0 0.0612134
617 618 4.95645e-06 0 -1.03988 0 0 0 0 -1.03987
618 619 0.00381512 0 0 0 0 0 0 0.00381512
620 621 0.000960742 0 0 0 0 0 0 0.000960742
621 622 0.00513991 0 0 0 0 0 0 0.00513991
622 623 0.0285282 0 -0 0 0 0 0 0.0285282
623 624 0.0366347 0 0 0 0 0 0 0.0366347
624 625 0.0402951 0 -0.803258 0 0 0 0 -0.762963
625 626 0.0665783 0 0 0 0 0 0 0.0665783
626 627 0.041212 0 -0.781807 0 0 0 0 -0.740595
627 628 0.0868946 0 0 0 0 0 0 0.0868946
628 629 0.0582004 0 -1.409 0 0 0 0 -1.3508
629 630 0.0271747 0 -1.16664 0 0 0 0 -1.13947
630 631 0.0453442 0 -0.682139 0 0 0 0 -0.636795
631 632 2.80479e-05 0 -1.34168 0 0 0 0 -1.34165
632 633 0.232297 0 -0.961233 0 0 0 0 -0.728936
633 634 0.104749 0 -0 0 0 0 0 0.104749
634 635 0.0412854 0 0 0 0 0 0 0.0412854
635 636 0.203819 0 -0.53115 0 0 0 0 -0.327331
636 637 0.0919763 0 -1.29541 0 0 0 0 -1.20343
637 638 2.1654e-07 0 -0.822716 0 0 0 0 -0.822715
638 639 0.00324396 0 -1.04573 0 0 0 0 -1.04248
640 641 0.00135299 0 -1.39042 0 0 0 0 -1.38907
641 642 0.0142836 0 0 0 0 0 0 0.0142836
642 643 0.00249188 0 -1.32102 0 0 0 0 -1.31853
643 644 0.000305059 0 -1.31738 0 0 0 0 -1.31708
644 645 0.0640532 0 -1.29656 0 0 0 0 -1.2325
645 646 0.00960561 0 -1.18614 0 0 0 0 -1.17653
646 647 0.0582013 0 0 0 0 0 0 0.0582013
647 648 0.0256817 0 -1.08435 0 0 0 0 -1.05866
648 649 0.00466514 0 0 0 0 0 0 0.00466514
649 650 0.107986 0 -1.16503 0 0 0 0 -1.05704
650 651 0.0229238 0 -1.1949 0 0 0 0 -1.17197
651 652 0.0246485 0 -1.4349 0 0 0 0 -1.41026
652 653 0.000705855 0 -1.33694 0 0 0 0 -1.33623
653 654 0.382313 0 0 0 0 0 0 0.382313
654 655 0.00878998 0 0 0 0 0 0 0.00878998
655 656 0.00578896 0 -1.27939 0 0 0 0 -1.2736
654 657 0 0 0 0.017898 0 0 0 0.017898
656 657 0.0717493 0 0 0 0 0 0 0.0717493
657 658 0.139125 0 -1.06805 0 0 0 0 -0.928923
658 659 9.23452e-05 0 -1.02139 0 0 0 0 -1.02129
660 661 0.0415789 0 0 0 0 0 0 0.0415789
661 662 1.49505e-05 0 0 0 0 0 0 1.49505e-05
660 663 0 0 0 0 -0 -0.0748182 -1.37777e-15 -0.0748182
662 663 0.0786853 0 -0.932694 0 0 0 0 -0.854009
663 664 0.000803174 0 -1.39189 0 0 0 0 -1.39108
664 665 0.0168659 0 -1.15752 0 0 0 0 -1.14065
665 666 0.00581452 0 0 0 0 0 0 0.00581452
666 667 0.0499041 0 0 0 0 0 0 0.0499041
666 668 0 0 0 0.0189337 0 0 0 0.0189337
667 668 0.0382971 0 0 0 0 0 0 0.0382971
668 669 0.0384247 0 -1.24546 0 0 0 0 -1.20703
669 670 0.00164958 0 -1.11769 0 0 0 0 -1.11604
670 671 0.00942394 0 -1.27926 0 0 0 0 -1.26983
671 672 0.0433183 0 -0.809596 0 0 0 0 -0.766278
672 673 0.00777017 0 -0.942675 0 0 0 0 -0.934905
673 674 0.00331565 0 -1.0543 0 0 0 0 -1.05098
674 675 0.00234887 0 -1.30079 0 0 0 0 -1.29844
675 676 0.0378041 0 -1.38307 0 0 0 0 -1.34527
676 677 0.010267 0 -0.932621 0 0 0 0 -0.922354
677 678 0.0452431 0 0 0 0 0 0 0.0452431
678 679 0.00348884 0 0 0 0 0 0 0.00348884
680 681 0.0997549 0 -1.28063 0 0 0 0 -1.18087
681 682 0.0130322 0 -0.0729094 0 0 0 0 -0.0598772
682 683 0.0305267 0 0 0 0 0 0 0.0305267
683 684 0.00416016 0 0 0 0 0 0 0.00416016
684 685 0.0728438 0 -1.07024 0 0 0 0 -0.997392
685 686 0.00294133 0 -1.00726 0 0 0 0 -1.00432
686 687 0.101157 0 -0.64674 0 0 0 0 -0.545584
687 688 0.0160416 0 0 0 0 0 0 0.0160416
688 689 0.0244021 0 -0 0 0 0 0 0.0244021
689 690 0.0755287 0 -1.42317 0 0 0 0 -1.34764
690 691 0.00617992 0 0 0 0 0 0 0.00617992
691 692 0.00249301 0 -1.2064 0 0 0 0 -1.2039
692 693 0.0816074 0 0 0 0 0 0 0.0816074
693 694 0.00614176 0 -1.38379 0 0 0 0 -1.37765
694 695 0.00306026 0 -1.21477 0 0 0 0 -1.21171
695 696 0.283457 0 -1.25067 0 0 0 0 -0.967217
696 697 0.0354606 0 0 0 0 0 0 0.0354606
697 698 0.0062597 0 -0.006963 0 0 0 0 -0.0007033
698 699 0.0477058 0 0 0 0 0 0 0.0477058
700 701 0.00264142 0 -1.18472 0 0 0 0 -1.18208
701 702 0.0122374 0 0 0 0 0 0 0.0122374
702 703 0.00040628 0 -1.02536 0 0 0 0 -1.02495
703 704 0.0314645 0 -1.40906 0 0 0 0 -1.37759
704 705 0.00710144 0 0 0 0 0 0 0.00710144
705 706 0.0884683 0 -0.784424 0 0 0 0 -0.695956
706 707 0.0273554 0 -1.16174 0 0 0 0 -1.13438
707 708 0.00623878 0 -1.32315 0 0 0 0 -1.31691
708 709 0.0109019 0 -1.01812 0 0 0 0 -1.00721
709 710 0.0623915 0 -1.25641 0 0 0 0 -1.19402
710 711 0.00109331 0 -1.33879 0 0 0 0 -1.3377
711 712 2.82149e-05 0 0 0 0 0 0 2.82149e-05
712 713 0.00213502 0 -1.31356 0 0 0 0 -1.31143
713 714 0.000444614 0 0 0 0 0 0 0.000444614
714 715 5.26228e-06 0 -0.813956 0 0 0 0 -0.81395
715 716 0.0119811 0 0 0 0 0 0 0.0119811
716 717 0.0170565 0 0 0 0 0 0 0.0170565
717 718 0.0147454 0 -1.35721 0 0 0 0 -1.34247
718 719 0.0257767 0 0 0 0 0 0 0.0257767
720 721 0.0652082 0 -0.833213 0 0 0 0 -0.768005
721 722 0.0046681 0 -1.36346 0 0 0 0 -1.35879
722 723 0.0485934 0 -1.25075 0 0 0 0 -1.20216
723 724 0.0618934 0 -1.13329 0 0 0 0 -1.07139
724 725 0.00884435 0 -1.21198 0 0 0 0 -1.20313
725 726 0.00312473 0 0 0 0 0 0 0.00312473
726 727 0.00260961 0 -0 0 0 0 0 0.00260961
727 728 0.0735424 0 -0 0 0 0 0 0.0735424
728 729 0.157833 0 -1.3509 0 0 0 0 -1.19306
725 730 0 0 0 0 0 -0.0263405 -0 -0.0263405
724 730 0 0 0 0 -4.68095e-29 -0.0126494 0 -0.0126494
729 730 0.00456134 0 -1.43761 0 0 0 0 -1.43305
725 731 0 0 0 0 0 -0.160554 0 -0.160554
724 731 0 0 0 0 -0.752339 0 -0 -0.752339
723 731 0 0 0 0 -0 -0.176349 -0 -0.176349
730 731 3.31251e-05 0 -0.957457 0 0 0 0 -0.957424
724 732 0 0 0 0 -0 -0.0418003 0 -0.0418003
723 732 0 0 0 0 -0.630154 0 -0 -0.630154
722 732 0 0 0 0 0 -0.165811 -0 -0.165811
731 732 0.000406691 0 -0.76861 0 0 0 0 -0.768203
723 733 0 0 0 0 0 -0.0899664 0 -0.0899664
722 733 0 0 0 0 -0.661739 0 -0 -0.661739
721 733 0 0 0 0 -0 -0.0956995 -0 -0.0956995
732 733 0.0138095 0 -1.31247 0 0 0 0 -1.29866
722 734 0 0 0 0 -0 -0.135447 0 -0.135447
721 734 0 0 0 0 -0.216572 0 -0 -0.216572
720 734 0 0 0 0 -0 -2.99494e-06 -0 -2.99494e-06
733 734 0.121932 0 -1.35004 0 0 0 0 -1.22811
734 735 0.00510736 0 0 0 0 0 0 0.00510736
735 736 0.00184242 0 -0.964026 0 0 0 0 -0.962183
736 737 0.00934444 0 0 0 0 0 0 0.00934444
737 738 0.0291791 0 -0 0 0 0 0 0.0291791
738 739 0.05187 0 -0.760366 0 0 0 0 -0.708496
740 741 0.000258042 0 -1.15487 0 0 0 0 -1.15461
741 742 0.00443187 0 0 0 0 0 0 0.00443187
742 743 5.86217e-07 0 -0 0 0 0 0 5.86217e-07
743 744 0.00110534 0 0 0 0 0 0 0.00110534
744 745 0.0106614 0 -0.839651 0 0 0 0 -0.82899
745 746 4.0498e-05 0 -0.0245787 0 0 0 0 -0.0245382
746 747 0.0651047 0 -1.31653 0 0 0 0 -1.25143
747 748 0.00366866 0 -0.859143 0 0 0 0 -0.855475
748 749 0.144984 0 0 0 0 0 0 0.144984
749 750 0.0154511 0 -1.09288 0 0 0 0 -1.07743
750 751 0.102331 0 -1.26997 0 0 0 0 -1.16764
751 752 0.0259556 0 -1.35378 0 0 0 0 -1.32782
752 753 0.000874657 0 -1.15728 0 0 0 0 -1.15641
753 754 0.0307421 0 -1.24883 0 0 0 0 -1.21809
754 755 0.00937135 0 -1.22666 0 0 0 0 -1.21729
755 756 0.0317554 0 -1.13327 0 0 0 0 -1.10152
756 757 0.016988 0 0 0 0 0 0 0.016988
757 758 0.000624605 0 0 0 0 0 0 0.000624605
758 759 0.000434432 0 -0 0 0 0 0 0.000434432
760 761 0.080075 0 -1.2951 0 0 0 0 -1.21503
761 762 0.0495041 0 -0.848734 0 0 0 0 -0.79923
762 763 0.20545 0 -0 0 0 0 0 0.20545
763 764 3.22308e-05 0 0 0 0 0 0 3.22308e-05
764 765 0.0732264 0 -1.29402 0 0 0 0 -1.22079
765 766 0.00102398 0 0 0 0 0 0 0.00102398
766 767 0.00537973 0 -1.22773 0 0 0 0 -1.22235
767 768 6.67072e-05 0 -1.16903 0 0 0 0 -1.16897
768 769 0.0231594 0 0 0 0 0 0 0.0231594
769 770 0.00569995 0 0 0 0 0 0 0.00569995
770 771 1.04836e-06 0 -1.41759 0 0 0 0 -1.41759
771 772 2.38292e-05 0 0 0 0 0 0 2.38292e-05
772 773 0.00953229 0 -1.34703 0 0 0 0 -1.3375
773 774 0.012488 0 -0.902527 0 0 0 0 -0.890039
774 775 0.0534438 0 -0.861067 0 0 0 0 -0.807623
775 776 0.00528503 0 0 0 0 0 0 0.00528503
776 777 0.0999909 0 -0.89728 0 0 0 0 -0.797289
777 778 0.0432979 0 0 0 0 0 0 0.0432979
778 779 0.00532498 0 -1.0663 0 0 0 0 -1.06097
780 781 0.00524889 0 0 0 0 0 0 0.00524889
781 782 0.00395526 0 -1.45571 0 0 0 0 -1.45176
782 783 0.00183653 0 -1.37745 0 0 0 0 -1.37561
783 784 0.0220218 0 0 0 0 0 0 0.0220218
784 785 0.139585 0 -0 0 0 0 0 0.139585
785 786 0.0224856 0 -1.29702 0 0 0 0 -1.27453
786 787 0.105333 0 -1.38855 0 0 0 0 -1.28322
787 788 0.0647013 0 -0.857413 0 0 0 0 -0.792712
788 789 0.0848555 0 -0.900194 0 0 0 0 -0.815339
789 790 0.000786629 0 -1.4174 0 0 0 0 -1.41661
790 791 0.0263051 0 -1.12465 0 0 0 0 -1.09835
791 792 0.0240527 0 -0 0 0 0 0 0.0240527
792 793 0.00665001 0 0 0 0 0 0 0.00665001
793 794 0.172472 0 -1.19479 0 0 0 0 -1.02232
794 795 0.156516 0 -1.19494 0 0 0 0 -1.03842
795 796 0.00447477 0 0 0 0 0 0 0.00447477
796 797 0.0195026 0 -0 0 0 0 0 0.0195026
797 798 0.000439982 0 -1.11574 0 0 0 0 -1.1153
798 799 0.000957728 0 -1.2391 0 0 0 0 -1.23815
800 801 0.067485 0 0 0 0 0 0 0.067485
801 802 0.000104427 0 -0 0 0 0 0 0.000104427
802 803 0.00755139 0 -1.27627 0 0 0 0 -1.26872
801 804 0 0 0 0 -0 -0.0333675 0 -0.0333675
803 804 0.00941737 0 -1.25318 0 0 0 0 -1.24376
804 805 0.000105772 0 0 0 0 0 0 0.000105772
805 806 0.00199797 0 -1.27619 0 0 0 0 -1.2742
806 807 0.00566879 0 -1.38681 0 0 0 0 -1.38114
807 808 0.0831247 0 -0.93526 0 0 0 0 -0.852135
808 809 0.0347826 0 0 0 0 0 0 0.0347826
809 810 0.080959 0 -1.21667 0 0 0 0 -1.13571
810 811 0.0511627 0 -0.850543 0 0 0 0 -0.79938
811 812 0.000181548 0 0 0 0 0 0 0.000181548
812 813 0.055045 0 0 0 0 0 0 0.055045
813 814 0.0311536 0 0 0 0 0 0 0.0311536
814 815 0.00425531 0 0 0 0 0 0 0.00425531
815 816 0.14106 0 -1.22437 0 0 0 0 -1.08331
816 817 0.0504815 0 0 0 0 0 0 0.0504815
817 818 0.103638 0 -1.00537 0 0 0 0 -0.901735
818 819 0.00145901 0 0 0 0 0 0 0.00145901
820 821 0.0195793 0 -1.30734 0 0 0 0 -1.28777
821 822 0.00735366 0 -0.828087 0 0 0 0 -0.820733
822 823 2.58796e-05 0 -0.961615 0 0 0 0 -0.961589
823 824 0.000825655 0 -1.01923 0 0 0 0 -1.01841
824 825 0.018155 0 -1.23984 0 0 0 0 -1.22168
825 826 2.10831e-05 0 -0.615013 0 0 0 0 -0.614992
826 827 0.0675608 0 -0 0 0 0 0 0.0675608
827 828 0.256873 0 -1.21211 0 0 0 0 -0.955239
825 829 0 0 0 0 0 -0.0986105 -0 -0.0986105
828 829 0.0152936 0 -1.16755 0 0 0 0 -1.15226
826 830 0 0 0 0 -0 -0.0573221 0 -0.0573221
825 830 0 0 0 0 -0.831171 0 -0 -0.831171
824 830 0 0 0 0 0 -0.160962 0 -0.160962
829 830 0.000264571 0 -1.35295 0 0 0 0 -1.35269
829 831 0 0 0 0.17394 0 0 0 0.17394
830 831 0.00371469 0 0 0 0 0 0 0.00371469
831 832 0.0289786 0 0 0 0 0 0 0.0289786
832 833 0.0185101 0 -0.870027 0 0 0 0 -0.851516
833 834 0.00354377 0 -0 0 0 0 0 0.00354377
834 835 0.0208348 0 -1.2304 0 0 0 0 -1.20957
835 836 0.0194001 0 -0.759526 0 0 0 0 -0.740126
836 837 0.00823838 0 0 0 0 0 0 0.00823838
837 838 0.110803 0 0 0 0 0 0 0.110803
838 839 7.68373e-05 0 0 0 0 0 0 7.68373e-05
840 841 0.0404853 0 0 0 0 0 0 0.0404853
841 842 0.00437013 0 -0 0 0 0 0 0.00437013
842 843 0.01585 0 0 0 0 0 0 0.01585
843 844 0.0106888 0 -1.13557 0 0 0 0 -1.12488
844 845 0.0268319 0 -0.908364 0 0 0 0 -0.881532
845 846 0.102769 0 -1.39918 0 0 0 0 -1.29641
846 847 5.76831e-06 0 -0.979641 0 0 0 0 -0.979635
847 848 0.0126852 0 -1.1772 0 0 0 0 -1.16451
848 849 0.0707774 0 -0.0110855 0 0 0 0 0.0596919
847 850 0 0 0 0 0 -0.0879042 -0 -0.0879042
846 850 0 0 0 0 -0.648899 0 -0 -0.648899
845 850 0 0 0 0 -0 -0.176377 0 -0.176377
849 850 0.0921814 0 -0 0 0 0 0 0.0921814
850 851 0.061196 0 0 0 0 0 0 0.061196
851 852 0.00453132 0 -1.40614 0 0 0 0 -1.4016
852 853 0.0100734 0 -0 0 0 0 0 0.0100734
853 854 0.127943 0 0 0 0 0 0 0.127943
854 855 0.0472377 0 -1.17688 0 0 0 0 -1.12965
855 856 0.00068871 0 0 0 0 0 0 0.00068871
856 857 0.0972398 0 -1.18129 0 0 0 0 -1.08405
857 858 0.0700478 0 -1.1582 0 0 0 0 -1.08815
858 859 0.132342 0 -1.29541 0 0 0 0 -1.16307
860 861 0.000511214 0 -1.18082 0 0 0 0 -1.18031
861 862 0.034452 0 0 0 0 0 0 0.034452
862 863 0.0794928 0 0 0 0 0 0 0.0794928
863 864 0.0794822 0 0 0 0 0 0 0.0794822
864 865 0.000205714 0 0 0 0 0 0 0.000205714
865 866 0.0440514 0 0 0 0 0 0 0.0440514
866 867 0.00822566 0 0 0 0 0 0 0.00822566
867 868 0.0481652 0 0 0 0 0 0 0.0481652
868 869 0.00162755 0 -1.39588 0 0 0 0 -1.39426
869 870 0.208013 0 -1.23442 0 0 0 0 -1.0264
870 871 0.0241522 0 0 0 0 0 0 0.0241522
871 872 0.00138337 0 -0.890224 0 0 0 0 -0.888841
872 873 0.0359586 0 0 0 0 0 0 0.0359586
873 874 0.301478 0 -1.18125 0 0 0 0 -0.879777
874 875 0.0663381 0 -1.43937 0 0 0 0 -1.37303
875 876 0.00255196 0 0 0 0 0 0 0.00255196
876 877 0.0830476 0 -1.37824 0 0 0 0 -1.29519
877 878 0.0071223 0 -1.306 0 0 0 0 -1.29888
878 879 0.0871694 0 0 0 0 0 0 0.0871694
880 881 0.000570337 0 -1.43939 0 0 0 0 -1.43882
881 882 0.00110653 0 -1.31725 0 0 0 0 -1.31614
882 883 0.0264918 0 0 0 0 0 0 0.0264918
883 884 0.00477106 0 0 0 0 0 0 0.00477106
884 885 0.00555649 0 0 0 0 0 0 0.00555649
885 886 0.0152893 0 0 0 0 0 0 0.0152893
886 887 0.0604573 0 0 0 0 0 0 0.0604573
887 888 0.125094 0 -1.20258 0 0 0 0 -1.07749
888 889 0.0470602 0 -1.15607 0 0 0 0 -1.10901
889 890 0.0213552 0 -1.31071 0 0 0 0 -1.28935
890 891 0.00298284 0 -0.926475 0 0 0 0 -0.923492
891 892 0.0807166 0 0 0 0 0 0 0.0807166
892 893 0.0806183 0 -1.08537 0 0 0 0 -1.00475
893 894 0.00100221 0 0 0 0 0 0 0.00100221
894 895 0.009449 0 -0 0 0 0 0 0.009449
895 896 0.0398094 0 -1.05966 0 0 0 0 -1.01985
896 897 0.00432548 0 -1.1861 0 0 0 0 -1.18178
897 898 0.00825884 0 0 0 0 0 0 0.00825884
897 899 0 0 0 0.0429164 0 -0 -0 0.0429164
898 899 0.167013 0 0 0 0 0 0 0.167013
900 901 0.0680078 0 0 0 0 0 0 0.0680078
901 902 0.00144477 0 -1.29941 0 0 0 0 -1.29796
902 903 0.0140976 0 -1.27761 0 0 0 0 -1.26352
903 904 0.0542461 0 -1.19623 0 0 0 0 -1.14198
904 905 0.08451 0 -1.37263 0 0 0 0 -1.28812
905 906 0.0960755 0 0 0 0 0 0 0.0960755
906 907 0.0498841 0 0 0 0 0 0 0.0498841
907 908 9.1586e-05 0 -1.2749 0 0 0 0 -1.27481
908 909 1.41292e-05 0 -1.09745 0 0 0 0 -1.09744
909 910 0.0691162 0 -1.43292 0 0 0 0 -1.3638
910 911 0.0176132 0 -1.24504 0 0 0 0 -1.22743
911 912 0.0316958 0 0 0 0 0 0 0.0316958
912 913 0.0126489 0 -1.09438 0 0 0 0 -1.08174
913 914 0.0140085 0 -1.3337 0 0 0 0 -1.31969
914 915 0.0281287 0 0 0 0 0 0 0.0281287
915 916 0.00298939 0 0 0 0 0 0 0.00298939
916 917 0.000291499 0 0 0 0 0 0 0.000291499
917 918 0.00415449 0 -1.36049 0 0 0 0 -1.35633
918 919 0.105296 0 -0.909703 0 0 0 0 -0.804406
920 921 0.0130303 0 0 0 0 0 0 0.0130303
921 922 0.113922 0 0 0 0 0 0 0.113922
922 923 0.0181745 0 0 0 0 0 0 0.0181745
923 924 0.0194804 0 0 0 0 0 0 0.0194804
924 925 0.00260281 0 -0 0 0 0 0 0.00260281
925 926 0.0462588 0 -0.337242 0 0 0 0 -0.290983
926 927 0.0565321 0 -0.918234 0 0 0 0 -0.861702
927 928 0.0388153 0 -1.26277 0 0 0 0 -1.22396
928 929 0.0442781 0 -0 0 0 0 0 0.0442781
929 930 0.0357932 0 0 0 0 0 0 0.0357932
930 931 0.172165 0 0 0 0 0 0 0.172165
931 932 0.0073252 0 0 0 0 0 0 0.0073252
932 933 0.00659084 0 -1.27649 0 0 0 0 -1.2699
933 934 0.0767049 0 -1.13354 0 0 0 0 -1.05684
934 935 0.0014092 0 -0.949422 0 0 0 0 -0.948013
935 936 0.0356199 0 -0.796704 0 0 0 0 -0.761084
936 937 0.0297811 0 -1.31114 0 0 0 0 -1.28136
937 938 0.0194874 0 -1.03818 0 0 0 0 -1.0187
938 939 0.106883 0 0 0 0 0 0 0.106883
940 941 0.0115143 0 0 0 0 0 0 0.0115143
941 942 0.000516184 0 0 0 0 0 0 0.000516184
942 943 0.00323777 0 -1.4192 0 0 0 0 -1.41596
943 944 0.0114687 0 0 0 0 0 0 0.0114687
944 945 0.014988 0 -1.14513 0 0 0 0 -1.13014
945 946 0.0686166 0 -0 0 0 0 0 0.0686166
946 947 0.0112147 0 -0.965798 0 0 0 0 -0.954583
947 948 0.00101646 0 0 0 0 0 0 0.00101646
948 949 0.0130509 0 -1.39715 0 0 0 0 -1.3841
949 950 0.00117214 0 0 0 0 0 0 0.00117214
950 951 0.0319869 0 0 0 0 0 0 0.0319869
951 952 0.03898 0 -1.27151 0 0 0 0 -1.23253
952 953 0.00703041 0 0 0 0 0 0 0.00703041
953 954 0.00439007 0 -1.30338 0 0 0 0 -1.29899
954 955 0.0247163 0 -0.947253 0 0 0 0 -0.922537
955 956 0.0397963 0 -1.23479 0 0 0 0 -1.19499
956 957 0.163005 0 0 0 0 0 0 0.163005
956 958 0 0 0 0 0 -0 -0.24568 -0.24568
957 958 0.0320862 0 0 0 0 0 0 0.0320862
958 959 0.0464435 0 0 0 0 0 0 0.0464435
960 961 0.0422182 0 -1.15098 0 0 0 0 -1.10876
961 962 0.0061371 0 -1.24496 0 0 0 0 -1.23882
962 963 0.000257582 0 0 0 0 0 0 0.000257582
963 964 4.07818e-08 0 -1.17776 0 0 0 0 -1.17776
964 965 0.105597 0 -1.00265 0 0 0 0 -0.897057
965 966 0.000173808 0 0 0 0 0 0 0.000173808
966 967 0.0254917 0 0 0 0 0 0 0.0254917
967 968 0.00234751 0 -0.864524 0 0 0 0 -0.862177
968 969 0.0139635 0 -1.13145 0 0 0 0 -1.11749
969 970 0.0117772 0 -1.41752 0 0 0 0 -1.40574
970 971 0.00225723 0 0 0 0 0 0 0.00225723
971 972 0.00116599 0 -1.15071 0 0 0 0 -1.14954
972 973 0.0387218 0 0 0 0 0 0 0.0387218
973 974 0.0980844 0 -1.28121 0 0 0 0 -1.18313
974 975 0.00183451 0 -0.654181 0 0 0 0 -0.652346
975 976 0.0979358 0 0 0 0 0 0 0.0979358
976 977 0.0246509 0 0 0 0 0 0 0.0246509
977 978 0.00553591 0 0 0 0 0 0 0.00553591
978 979 0.00784412 0 -1.36831 0 0 0 0 -1.36047
980 981 0.00411001 0 -1.3424 0 0 0 0 -1.33829
981 982 0.0294659 0 -0.554623 0 0 0 0 -0.525157
982 983 0.00022706 0 -1.30545 0 0 0 0 -1.30522
983 984 0.000404089 0 0 0 0 0 0 0.000404089
984 985 0.0706998 0 -1.12068 0 0 0 0 -1.04998
985 986 0.00531674 0 -0.687357 0 0 0 0 -0.68204
986 987 8.24316e-06 0 0 0 0 0 0 8.24316e-06
987 988 0.00677456 0 0 0 0 0 0 0.00677456
988 989 0.0015032 0 -1.25964 0 0 0 0 -1.25813
989 990 0.072646 0 0 0 0 0 0 0.072646
990 991 0.195394 0 -0 0 0 0 0 0.195394
991 992 0.0650101 0 0 0 0 0 0 0.0650101
992 993 0.00639726 0 -1.3239 0 0 0 0 -1.3175
993 994 0.0538141 0 0 0 0 0 0 0.0538141
994 995 0.0356485 0 -0.677389 0 0 0 0 -0.641741
995 996 0.0683432 0 -1.27327 0 0 0 0 -1.20493
996 997 0.0279976 0 -1.30028 0 0 0 0 -1.27228
997 998 0.0922023 0 -1.16959 0 0 0 0 -1.07739
998 999 0.0156354 0 -1.25923 0 0 0 0 -1.2436
1000 1001 0.00411185 0 -1.39397 0 0 0 0 -1.38986
1001 1002 0.000679348 0 -1.08131 0 0 0 0 -1.08063
1002 1003 0.0176118 0 0 0 0 0 0 0.0176118
1003 1004 0.00118832 0 0 0 0 0 0 0.00118832
1004 1005 0.104784 0 -0 0 0 0 0 0.104784
1005 1006 0.00042311 0 0 0 0 0 0 0.00042311
1006 1007 0.172538 0 -1.19996 0 0 0 0 -1.02742
1007 1008 0.00817563 0 -1.12641 0 0 0 0 -1.11824
1008 1009 0.026586 0 0 0 0 0 0 0.026586
1009 1010 0.0541169 0 -1.01486 0 0 0 0 -0.960742
1010 1011 0.0114571 0 0 0 0 0 0 0.0114571
1011 1012 0.0434357 0 -1.22942 0 0 0 0 -1.18599
1012 1013 0.0400776 0 -1.42819 0 0 0 0 -1.38811
1013 1014 0.0369064 0 -0.782769 0 0 0 0 -0.745862
1014 1015 0.000225063 0 -0.819371 0 0 0 0 -0.819146
1015 1016 0.0474624 0 -1.28536 0 0 0 0 -1.2379
1016 1017 0.0101337 0 0 0 0 0 0 0.0101337
1017 1018 0.0156146 0 0 0 0 0 0 0.0156146
1018 1019 0.0674382 0 0 0 0 0 0 0.0674382
1020 1021 0.00739352 0 0 0 0 0 0 0.00739352
1021 1022 0.0915433 0 -1.26118 0 0 0 0 -1.16964
1022 1023 0.0449763 0 -1.41132 0 0 0 0 -1.36634
1023 1024 0.0939605 0 -1.36232 0 0 0 0 -1.26836
1024 1025 0.0140767 0 -1.2971 0 0 0 0 -1.28303
1025 1026 0.00114357 0 -1.32422 0 0 0 0 -1.32308
1026 1027 0.023125 0 0 0 0 0 0 0.023125
1027 1028 0.0184897 0 -1.00908 0 0 0 0 -0.990591
1028 1029 0.0108109 0 -1.24668 0 0 0 0 -1.23587
1029 1030 0.0219557 0 -1.02527 0 0 0 0 -1.00331
1030 1031 0.00916397 0 0 0 0 0 0 0.00916397
1031 1032 0.12059 0 0 0 0 0 0 0.12059
1032 1033 0.0987894 0 -0.929593 0 0 0 0 -0.830803
1033 1034 0.0114927 0 -1.2255 0 0 0 0 -1.21401
1034 1035 0.0588284 0 -0.95139 0 0 0 0 -0.892562
1035 1036 0.0922693 0 -1.17514 0 0 0 0 -1.08287
1036 1037 0.00652147 0 -0 0 0 0 0 0.00652147
1037 1038 0.0113165 0 -1.22155 0 0 0 0 -1.21024
1038 1039 0.0471835 0 -1.24265 0 0 0 0 -1.19547
1040 1041 0.000352178 0 0 0 0 0 0 0.000352178
1041 1042 0.0152514 0 -1.12579 0 0 0 0 -1.11054
1042 1043 0.0894968 0 -1.1607 0 0 0 0 -1.0712
1043 1044 0.143053 0 -1.0542 0 0 0 0 -0.911152
1042 1045 0 0 0 0.0487268 0 0 0 0.0487268
1044 1045 0.0154819 0 0 0 0 0 0 0.0154819
1045 1046 0.00412214 0 -0.865317 0 0 0 0 -0.861195
1046 1047 0.00811342 0 -1.09382 0 0 0 0 -1.0857
1047 1048 0.0185617 0 -0.696587 0 0 0 0 -0.678025
1048 1049 0.000153778 0 -1.09761 0 0 0 0 -1.09746
1049 1050 0.00685903 0 0 0 0 0 0 0.00685903
1050 1051 0.0303625 0 -1.41387 0 0 0 0 -1.3835
1051 1052 0.0114757 0 0 0 0 0 0 0.0114757
1052 1053 0.0239252 0 0 0 0 0 0 0.0239252
1053 1054 0.0563803 0 -1.24544 0 0 0 0 -1.18906
1054 1055 0.00768239 0 0 0 0 0 0 0.00768239
1055 1056 0.00413644 0 -1.31104 0 0 0 0 -1.30691
1056 1057 0.019655 0 -1.09629 0 0 0 0 -1.07664
1057 1058 0.000977233 0 -1.32594 0 0 0 0 -1.32496
1058 1059 0.0077324 0 -1.11448 0 0 0 0 -1.10675
1060 1061 0.331357 0 -0.899401 0 0 0 0 -0.568044
1061 1062 0.0894689 0 -1.22197 0 0 0 0 -1.1325
1062 1063 0.0347173 0 -1.43262 0 0 0 0 -1.3979
1063 1064 0.0379417 0 -1.44006 0 0 0 0 -1.40212
1064 1065 0.0903482 0 -1.40917 0 0 0 0 -1.31882
1065 1066 0.0599696 0 0 0 0 0 0 0.0599696
1066 1067 0.00316664 0 0 0 0 0 0 0.00316664
1067 1068 0.00131053 0 -1.0202 0 0 0 0 -1.01889
1068 1069 0.0678322 0 -1.05416 0 0 0 0 -0.986326
1069 1070 0.159314 0 -1.32346 0 0 0 0 -1.16414
1070 1071 0.193534 0 -1.35374 0 0 0 0 -1.16021
1071 1072 0.277767 0 0 0 0 0 0 0.277767
1072 1073 0.203891 0 0 0 0 0 0 0.203891
1073 1074 0.00106077 0 -1.26807 0 0 0 0 -1.26701
1074 1075 0.00362681 0 -1.05863 0 0 0 0 -1.05501
1075 1076 0.206159 0 -1.46832 0 0 0 0 -1.26216
1076 1077 0.00570482 0 0 0 0 0 0 0.00570482
1077 1078 0.0307511 0 0 0 0 0 0 0.0307511
1078 1079 0.120731 0 -0.877907 0 0 0 0 -0.757176
1080 1081 0.0125221 0 -1.23155 0 0 0 0 -1.21903
1081 1082 0.00116724 0 -0.748456 0 0 0 0 -0.747289
1082 1083 0.00011954 0 0 0 0 0 0 0.00011954
1083 1084 0.0273465 0 -1.29693 0 0 0 0 -1.26958
1084 1085 0.00308098 0 -1.05976 0 0 0 0 -1.05668
1085 1086 0.0631069 0 0 0 0 0 0 0.0631069
1086 1087 0.00010826 0 0 0 0 0 0 0.00010826
1087 1088 0.00928599 0 -0.719665 0 0 0 0 -0.710379
1088 1089 0.0422644 0 0 0 0 0 0 0.0422644
1089 1090 0.203814 0 0 0 0 0 0 0.203814
1090 1091 0.124362 0 -0.737467 0 0 0 0 -0.613105
1091 1092 0.0501795 0 -1.19101 0 0 0 0 -1.14083
1092 1093 0.0272477 0 -1.06769 0 0 0 0 -1.04044
1093 1094 0.0124696 0 0 0 0 0 0 0.0124696
1094 1095 0.00652923 0 -0 0 0 0 0 0.00652923
1095 1096 0.0349301 0 -1.22893 0 0 0 0 -1.194
1096 1097 0.0491073 0 -1.08152 0 0 0 0 -1.03241
1097 1098 0.0135672 0 -0.7043 0 0 0 0 -0.690733
1098 1099 0.0005653 0 -0 0 0 0 0 0.0005653
1100 1101 0.218768 0 -1.30172 0 0 0 0 -1.08295
1101 1102 0.000221427 0 0 0 0 0 0 0.000221427
1102 1103 0.0653173 0 0 0 0 0 0 0.0653173
1103 1104 0.00574999 0 -1.19601 0 0 0 0 -1.19026
1104 1105 0.0115354 0 0 0 0 0 0 0.0115354
1105 1106 0.00102391 0 0 0 0 0 0 0.00102391
1106 1107 0.0989328 0 -1.16484 0 0 0 0 -1.06591
1107 1108 0.0784422 0 -0.976125 0 0 0 0 -0.897683
1108 1109 0.00170102 0 -1.06851 0 0 0 0 -1.06681
1109 1110 0.170856 0 -1.16262 0 0 0 0 -0.991769
1110 1111 0.00139527 0 -0.691838 0 0 0 0 -0.690442
1111 1112 0.0761047 0 -1.27493 0 0 0 0 -1.19882
1112 1113 0.0720578 0 0 0 0 0 0 0.0720578
1113 1114 0.00111645 0 0 0 0 0 0 0.00111645
1114 1115 0.241337 0 -1.18258 0 0 0 0 -0.941248
1115 1116 0.0579589 0 -0.896652 0 0 0 0 -0.838693
1116 1117 0.00985703 0 0 0 0 0 0 0.00985703
1117 1118 0.00576485 0 0 0 0 0 0 0.00576485
1118 1119 0.0165643 0 -0.882944 0 0 0 0 -0.86638
1120 1121 0.00080833 0 0 0 0 0 0 0.00080833
1121 1122 0.0840444 0 -1.33554 0 0 0 0 -1.2515
1122 1123 0.00344076 0 -1.35712 0 0 0 0 -1.35368
1123 1124 0.211092 0 0 0 0 0 0 0.211092
1124 1125 0.00742 0 -1.36008 0 0 0 0 -1.35266
1125 1126 0.0129131 0 -1.28093 0 0 0 0 -1.26802
1126 1127 0.00877874 0 -1.29976 0 0 0 0 -1.29099
1127 1128 0.0144942 0 0 0 0 0 0 0.0144942
1128 1129 0.00600177 0 0 0 0 0 0 0.00600177
1129 1130 0.148463 0 -0.962566 0 0 0 0 -0.814103
1130 1131 0.0270361 0 -1.26655 0 0 0 0 -1.23951
1131 1132 0.0256886 0 0 0 0 0 0 0.0256886
1132 1133 0.0997858 0 0 0 0 0 0 0.0997858
1133 1134 0.199457 0 -1.13895 0 0 0 0 -0.939494
1134 1135 0.0120032 0 -1.15252 0 0 0 0 -1.14052
1135 1136 0.190463 0 -1.00884 0 0 0 0 -0.818376
1136 1137 0.0257925 0 -1.0652 0 0 0 0 -1.0394
1137 1138 0.00890563 0 -1.05122 0 0 0 0 -1.04231
1138 1139 0.00244516 0 -1.14431 0 0 0 0 -1.14187
1140 1141 0.020723 0 0 0 0 0 0 0.020723
1141 1142 0.0785763 0 -0 0 0 0 0 0.0785763
1142 1143 0.0172031 0 0 0 0 0 0 0.0172031
1143 1144 0.0481453 0 -0.567374 0 0 0 0 -0.519229
1144 1145 0.174743 0 -0.874073 0 0 0 0 -0.69933
1145 1146 0.175927 0 0 0 0 0 0 0.175927
1146 1147 0.0547106 0 -0 0 0 0 0 0.0547106
1147 1148 0.0104488 0 0 0 0 0 0 0.0104488
1148 1149 0.00365711 0 -0.828533 0 0 0 0 -0.824876
1149 1150 0.264126 0 -1.05133 0 0 0 0 -0.7872
1150 1151 0.187675 0 -1.16907 0 0 0 0 -0.981399
1151 1152 0.00677867 0 0 0 0 0 0 0.00677867
1152 1153 0.36512 0 -1.42238 0 0 0 0 -1.05726
1153 1154 0.0115999 0 -1.36172 0 0 0 0 -1.35012
1154 1155 0.00647333 0 -0.00349354 0 0 0 0 0.00297979
1155 1156 0.0554725 0 -1.26983 0 0 0 0 -1.21435
1156 1157 0.00446439 0 -1.2694 0 0 0 0 -1.26493
1157 1158 0.0327676 0 -0.68219 0 0 0 0 -0.649422
1158 1159 0.0121434 0 0 0 0 0 0 0.0121434
1160 1161 0.00033675 0 0 0 0 0 0 0.00033675
1161 1162 0.0020252 0 -0 0 0 0 0 0.0020252
1162 1163 0.158571 0 -1.10401 0 0 0 0 -0.945435
1163 1164 0.189994 0 0 0 0 0 0 0.189994
1164 1165 0.0994729 0 -1.17585 0 0 0 0 -1.07638
1165 1166 0.0132751 0 0 0 0 0 0 0.0132751
1166 1167 0.000974725 0 0 0 0 0 0 0.000974725
1167 1168 0.0180129 0 -1.13684 0 0 0 0 -1.11883
1168 1169 0.00915377 0 0 0 0 0 0 0.00915377
1169 1170 0.0010243 0 0 0 0 0 0 0.0010243
1170 1171 0.153113 0 -0.70893 0 0 0 0 -0.555817
1171 1172 0.00465345 0 -1.32285 0 0 0 0 -1.31819
1172 1173 0.00281664 0 -0.000177425 0 0 0 0 0.00263922
1173 1174 0.044408 0 -1.05523 0 0 0 0 -1.01082
1174 1175 0.00173299 0 -1.33955 0 0 0 0 -1.33782
1175 1176 0.0694364 0 0 0 0 0 0 0.0694364
1176 1177 0.0594614 0 0 0 0 0 0 0.0594614
1177 1178 0.0313735 0 -0.927501 0 0 0 0 -0.896127
1178 1179 0.0293626 0 -0.903849 0 0 0 0 -0.874486
1180 1181 0.00535014 0 -1.34729 0 0 0 0 -1.34194
1181 1182 0.00343353 0 -1.44797 0 0 0 0 -1.44453
1182 1183 0.236484 0 0 0 0 0 0 0.236484
1183 1184 0.0159823 0 0 0 0 0 0 0.0159823
1184 1185 0.000389452 0 0 0 0 0 0 0.000389452
1185 1186 0.00126181 0 0 0 0 0 0 0.00126181
1186 1187 0.24028 0 -1.32646 0 0 0 0 -1.08618
1187 1188 0.022325 0 -1.41914 0 0 0 0 -1.39682
1188 1189 0.000491917 0 0 0 0 0 0 0.000491917
1189 1190 0.172614 0 -1.24014 0 0 0 0 -1.06753
1190 1191 0.00971888 0 -1.08255 0 0 0 0 -1.07284
1191 1192 0.00457769 0 -1.31798 0 0 0 0 -1.3134
1192 1193 5.23523e-06 0 -1.15319 0 0 0 0 -1.15319
1193 1194 0.0582535 0 -1.32061 0 0 0 0 -1.26235
1194 1195 0.0220621 0 -1.23012 0 0 0 0 -1.20806
1195 1196 0.0818084 0 -1.17697 0 0 0 0 -1.09516
1196 1197 0.0776774 0 -1.33018 0 0 0 0 -1.25251
1197 1198 1.19616e-05 0 0 0 0 0 0 1.19616e-05
1198 1199 0.00794093 0 -0.412395 0 0 0 0 -0.404454
#Total energy per particle is  -0.567856 and should be -0.56785610
