#id1 id2 FENE BEXC STCK NEXC HB CRSTCK CXSTCK total, t = 200000
0 1 0.00014694 0 -0 0 0 0 0 0.00014694
1 2 3.75477e-06 0 -1.30685 0 0 0 0 -1.30684
2 3 0.0408076 0 -0.789844 0 0 0 0 -0.749036
3 4 0.0111883 0 -0 0 0 0 0 0.0111883
4 5 0.00506618 0 0 0 0 0 0 0.00506618
5 6 7.5691e-05 0 -1.07345 0 0 0 0 -1.07337
6 7 0.0476469 0 0 0 0 0 0 0.0476469
7 8 0.107153 0 -1.06666 0 0 0 0 -0.959503
8 9 0.0119147 0 0 0 0 0 0 0.0119147
9 10 0.125408 0 -0.917037 0 0 0 0 -0.791629
10 11 0.00743723 0 -1.30124 0 0 0 0 -1.29381
11 12 0.118505 0 -1.21956 0 0 0 0 -1.10105
12 13 0.0424786 0 -1.23774 0 0 0 0 -1.19526
13 14 0.0215875 0 -0.692984 0 0 0 0 -0.671397
14 15 0.00973704 0 -1.35937 0 0 0 0 -1.34963
15 16 0.0374922 0 0 0 0 0 0 0.0374922
16 17 0.0361331 0 -0.909326 0 0 0 0 -0.873193
17 18 0.00667028 0 -0.992944 0 0 0 0 -0.986274
18 19 0.0262682 0 -1.08526 0 0 0 0 -1.05899
20 21 0.022939 0 -1.12553 0 0 0 0 -1.1026
21 22 0.14332 0 -1.24593 0 0 0 0 -1.10261
22 23 0.262246 0 0 0 0 0 0 0.262246
23 24 0.00595316 0 -1.30014 0 0 0 0 -1.29418
24 25 0.222797 0 0 0 0 0 0 0.222797
25 26 0.153901 0 -1.24309 0 0 0 0 -1.08919
26 27 0.0239548 0 -1.2636 0 0 0 0 -1.23964
27 28 0.138676 0 -0 0 0 0 0 0.138676
28 29 0.0139686 0 0 0 0 0 0 0.0139686
29 30 0.0114125 0 -0.831136 0 0 0 0 -0.819723
30 31 0.00276589 0 -0 0 0 0 0 0.00276589
31 32 0.00367834 0 0 0 0 0 0 0.00367834
32 33 7.04551e-05 0 -0 0 0 0 0 7.04551e-05
33 34 0.0107657 0 0 0 0 0 0 0.0107657
34 35 0.00275643 0 0 0 0 0 0 0.00275643
35 36 0.00285967 0 0 0 0 0 0 0.00285967
36 37 0.0114297 0 0 0 0 0 0 0.0114297
37 38 0.0213627 0 -1.17961 0 0 0 0 -1.15824
38 39 0.0111741 0 -1.06924 0 0 0 0 -1.05807
40 41 0.118302 0 -1.22448 0 0 0 0 -1.10618
41 42 0.0135899 0 0 0 0 0 0 0.0135899
42 43 0.121765 0 -1.27248 0 0 0 0 -1.15071
43 44 0.124026 0 0 0 0 0 0 0.124026
44 45 0.018636 0 0 0 0 0 0 0.018636
45 46 0.0222145 0 -0.914861 0 0 0 0 -0.892646
46 47 0.16466 0 -1.09361 0 0 0 0 -0.928948
47 48 0.0360653 0 -1.07269 0 0 0 0 -1.03663
48 49 0.0585167 0 0 0 0 0 0 0.0585167
49 50 0.0202369 0 -1.30009 0 0 0 0 -1.27986
50 51 0.0877564 0 -1.31635 0 0 0 0 -1.2286
51 52 0.0288549 0 -1.01466 0 0 0 0 -0.985802
52 53 0.0133851 0 -1.07033 0 0 0 0 -1.05695
53 54 0.0146247 0 0 0 0 0 0 0.0146247
54 55 0.0821185 0 0 0 0 0 0 0.0821185
55 56 0.00228225 0 -1.41762 0 0 0 0 -1.41534
56 57 0.0403366 0 0 0 0 0 0 0.0403366
57 58 0.0331593 0 -1.15659 0 0 0 0 -1.12344
58 59 0.0481762 0 -1.02768 0 0 0 0 -0.979502
60 61 0.0438086 0 -1.41541 0 0 0 0 -1.3716
61 62 0.0181352 0 -0.954467 0 0 0 0 -0.936332
62 63 0.0265769 0 -1.18935 0 0 0 0 -1.16277
63 64 0.00828251 0 0 0 0 0 0 0.00828251
64 65 0.692771 0 -0.903378 0 0 0 0 -0.210607
65 66 0.00124971 0 0 0 0 0 0 0.00124971
66 67 0.00116657 0 -1.16285 0 0 0 0 -1.16169
67 68 0.000346523 0 0 0 0 0 0 0.000346523
68 69 0.260203 0 -1.10515 0 0 0 0 -0.84495
69 70 0.00235077 0 -0.942959 0 0 0 0 -0.940608
70 71 0.00313768 0 0 0 0 0 0 0.00313768
71 72 0.000323878 0 0 0 0 0 0 0.000323878
72 73 0.0756008 0 0 0 0 0 0 0.0756008
73 74 0.00111631 0 -1.28106 0 0 0 0 -1.27995
74 75 0.113966 0 0 0 0 0 0 0.113966
75 76 0.051329 0 0 0 0 0 0 0.051329
76 77 5.48211e-06 0 -0.353652 0 0 0 0 -0.353646
77 78 0.00177658 0 0 0 0 0 0 0.00177658
78 79 0.0928595 0 0 0 0 0 0 0.0928595
80 81 5.89839e-05 0 -1.35807 0 0 0 0 -1.35801
81 82 0.0297548 0 0 0 0 0 0 0.0297548
82 83 0.0865933 0 -1.11638 0 0 0 0 -1.02979
83 84 0.00390436 0 -1.30357 0 0 0 0 -1.29966
84 85 0.313404 0 -1.0905 0 0 0 0 -0.777097
85 86 0.00354717 0 0 0 0 0 0 0.00354717
86 87 0.167284 0 -1.22609 0 0 0 0 -1.0588
87 88 0.00189888 0 -0 0 0 0 0 0.00189888
88 89 0.0838602 0 -0.998522 0 0 0 0 -0.914662
89 90 0.0814596 0 -0 0 0 0 0 0.0814596
90 91 0.148721 0 0 0 0 0 0 0.148721
91 92 0.240911 0 -0.960118 0 0 0 0 -0.719207
92 93 0.091725 0 -1.0271 0 0 0 0 -0.935374
93 94 0.00503961 0 -1.09326 0 0 0 0 -1.08822
94 95 0.00628869 0 -0.947264 0 0 0 0 -0.940975
95 96 0.0870135 0 0 0 0 0 0 0.0870135
96 97 0.00759157 0 -1.29529 0 0 0 0 -1.2877
97 98 0.0471904 0 0 0 0 0 0 0.0471904
98 99 0.0010223 0 0 0 0 0 0 0.0010223
100 101 0.0515606 0 0 0 0 0 0 0.0515606
101 102 0.000131248 0 -1.27557 0 0 0 0 -1.27544
102 103 0.00144742 0 -1.37081 0 0 0 0 -1.36937
103 104 0.0110124 0 0 0 0 0 0 0.0110124
104 105 0.179056 0 -0 0 0 0 0 0.179056
105 106 0.0546051 0 0 0 0 0 0 0.0546051
106 107 0.156893 0 -1.22415 0 0 0 0 -1.06726
107 108 0.0626825 0 0 0 0 0 0 0.0626825
108 109 5.33392e-06 0 0 0 0 0 0 5.33392e-06
109 110 0.00994968 0 -0.879161 0 0 0 0 -0.869211
110 111 0.00651988 0 -0.98514 0 0 0 0 -0.97862
111 112 0.084976 0 -1.25942 0 0 0 0 -1.17445
112 113 0.020263 0 -1.12146 0 0 0 0 -1.1012
113 114 0.0838699 0 -1.33221 0 0 0 0 -1.24834
114 115 0.039635 0 0 0 0 0 0 0.039635
112 116 0 0 0 0 0 -0.00055775 0 -0.00055775
115 116 0.00965814 0 -0.948106 0 0 0 0 -0.938447
116 117 0.0554833 0 0 0 0 0 0 0.0554833
117 118 0.211642 0 -1.21865 0 0 0 0 -1.00701
118 119 0.0261793 0 -1.39641 0 0 0 0 -1.37023
120 121 0.0161819 0 0 0 0 0 0 0.0161819
121 122 0.122613 0 -1.30382 0 0 0 0 -1.18121
122 123 0.0505435 0 -1.01326 0 0 0 0 -0.962717
123 124 6.9437e-06 0 -0.761472 0 0 0 0 -0.761465
124 125 0.0367985 0 -1.30747 0 0 0 0 -1.27067
125 126 0.026845 0 -1.2228 0 0 0 0 -1.19595
126 127 0.0476778 0 0 0 0 0 0 0.0476778
127 128 0.026629 0 -1.23779 0 0 0 0 -1.21116
128 129 0.00233933 0 -1.17733 0 0 0 0 -1.17499
129 130 0.0412031 0 -1.18216 0 0 0 0 -1.14096
130 131 0.0459794 0 -1.37149 0 0 0 0 -1.32551
131 132 0.0152585 0 -1.11337 0 0 0 0 -1.09811
132 133 0.0966953 0 -0.749959 0 0 0 0 -0.653264
133 134 0.00252409 0 -0.378453 0 0 0 0 -0.375929
134 135 0.188015 0 0 0 0 0 0 0.188015
135 136 0.0291724 0 -0 0 0 0 0 0.0291724
136 137 0.00442313 0 -0.954858 0 0 0 0 -0.950435
137 138 0.162864 0 0 0 0 0 0 0.162864
138 139 0.0841468 0 -1.23264 0 0 0 0 -1.14849
140 141 0.0370987 0 0 0 0 0 0 0.0370987
141 142 0.00908727 0 0 0 0 0 0 0.00908727
141 143 0 0 0 0.00109965 0 0 0 0.00109965
142 143 0.0019274 0 -1.33352 0 0 0 0 -1.33159
143 144 0.0235539 0 -0.860747 0 0 0 0 -0.837193
144 145 0.0219756 0 -1.17488 0 0 0 0 -1.15291
145 146 0.0223908 0 -1.35818 0 0 0 0 -1.33579
146 147 0.11446 0 -1.4574 0 0 0 0 -1.34294
147 148 0.0169203 0 -0.93693 0 0 0 0 -0.920009
148 149 0.0669195 0 -1.32255 0 0 0 0 -1.25563
149 150 0.00189306 0 0 0 0 0 0 0.00189306
150 151 0.42211 0 0 0 0 0 0 0.42211
151 152 0.055141 0 -0.909663 0 0 0 0 -0.854522
152 153 0.000356009 0 -1.24816 0 0 0 0 -1.24781
153 154 0.0819529 0 -1.37378 0 0 0 0 -1.29183
154 155 0.172069 0 0 0 0 0 0 0.172069
155 156 0.00461588 0 0 0 0 0 0 0.00461588
156 157 0.00183807 0 0 0 0 0 0 0.00183807
157 158 0.00609364 0 -0.894352 0 0 0 0 -0.888258
158 159 0.0248147 0 -0 0 0 0 0 0.0248147
160 161 0.130881 0 -1.33904 0 0 0 0 -1.20816
161 162 0.000293994 0 0 0 0 0 0 0.000293994
162 163 0.0251949 0 -1.37329 0 0 0 0 -1.3481
163 164 0.0225423 0 -0 0 0 0 0 0.0225423
164 165 0.0157596 0 -0.839451 0 0 0 0 -0.823691
165 166 0.0150397 0 0 0 0 0 0 0.0150397
166 167 0.0127706 0 -1.35769 0 0 0 0 -1.34492
167 168 0.0873498 0 -1.26438 0 0 0 0 -1.17703
168 169 0.0126691 0 0 0 0 0 0 0.0126691
169 170 0.0328358 0 -1.22228 0 0 0 0 -1.18945
170 171 0.222332 0 0 0 0 0 0 0.222332
171 172 0.0975674 0 -1.12459 0 0 0 0 -1.02702
172 173 0.085145 0 -1.35334 0 0 0 0 -1.2682
173 174 0.00918296 0 0 0 0 0 0 0.00918296
174 175 0.0269255 0 -1.26733 0 0 0 0 -1.2404
175 176 0.000923914 0 0 0 0 0 0 0.000923914
176 177 0.254058 0 0 0 0 0 0 0.254058
177 178 0.0229306 0 -1.18097 0 0 0 0 -1.15804
178 179 0.0573485 0 -1.30213 0 0 0 0 -1.24478
180 181 0.0232365 0 0 0 0 0 0 0.0232365
181 182 0.00218779 0 -1.30283 0 0 0 0 -1.30064
182 183 0.0708126 0 -1.23353 0 0 0 0 -1.16272
183 184 0.0563938 0 0 0 0 0 0 0.0563938
184 185 0.00534333 0 -1.1062 0 0 0 0 -1.10085
185 186 0.178768 0 0 0 0 0 0 0.178768
186 187 0.0558028 0 0 0 0 0 0 0.0558028
187 188 0.299245 0 0 0 0 0 0 0.299245
188 189 0.0458154 0 -1.02422 0 0 0 0 -0.978401
189 190 0.503146 0 0 0 0 0 0 0.503146
190 191 0.00384653 0 -0 0 0 0 0 0.00384653
191 192 0.0120477 0 -0 0 0 0 0 0.0120477
192 193 0.000584222 0 0 0 0 0 0 0.000584222
193 194 0.0587295 0 0 0 0 0 0 0.0587295
194 195 0.019962 0 0 0 0 0 0 0.019962
195 196 0.00113221 0 -0.898978 0 0 0 0 -0.897846
196 197 0.0794439 0 -1.31073 0 0 0 0 -1.23129
197 198 0.0732978 0 0 0 0 0 0 0.0732978
198 199 4.26531e-06 0 0 0 0 0 0 4.26531e-06
200 201 0.000180061 0 -1.33338 0 0 0 0 -1.3332
201 202 0.038563 0 0 0 0 0 0 0.038563
202 203 0.332507 0 -1.14887 0 0 0 0 -0.816368
203 204 0.0234417 0 -1.42466 0 0 0 0 -1.40122
204 205 0.0311091 0 0 0 0 0 0 0.0311091
205 206 0.00279387 0 -1.0951 0 0 0 0 -1.0923
206 207 0.0531993 0 -1.2238 0 0 0 0 -1.1706
207 208 0.0335727 0 0 0 0 0 0 0.0335727
207 209 0 0 0 0.00601566 0 0 0 0.00601566
208 209 0.000726809 0 -1.23757 0 0 0 0 -1.23684
209 210 0.00160021 0 -0.767244 0 0 0 0 -0.765644
210 211 0.0286748 0 0 0 0 0 0 0.0286748
211 212 0.0466813 0 0 0 0 0 0 0.0466813
212 213 0.0153977 0 -0 0 0 0 0 0.0153977
213 214 0.0140237 0 -0 0 0 0 0 0.0140237
214 215 0.00405527 0 -0.187061 0 0 0 0 -0.183006
215 216 0.089724 0 -0.800847 0 0 0 0 -0.711123
216 217 0.0133212 0 -1.22835 0 0 0 0 -1.21503
217 218 0.0929493 0 -1.23854 0 0 0 0 -1.14559
218 219 0.00915829 0 -0 0 0 0 0 0.00915829
220 221 0.00011529 0 0 0 0 0 0 0.00011529
221 222 0.154573 0 -1.13365 0 0 0 0 -0.979077
222 223 0.11562 0 -1.35682 0 0 0 0 -1.2412
223 224 0.01252 0 -1.20814 0 0 0 0 -1.19562
224 225 0.00172079 0 -1.35109 0 0 0 0 -1.34937
225 226 0.0392643 0 0 0 0 0 0 0.0392643
226 227 0.00239772 0 0 0 0 0 0 0.00239772
227 228 0.0299462 0 0 0 0 0 0 0.0299462
228 229 0.240546 0 0 0 0 0 0 0.240546
229 230 0.00130363 0 -1.1541 0 0 0 0 -1.15279
230 231 0.00646258 0 -1.33617 0 0 0 0 -1.32971
231 232 0.0462168 0 -1.25493 0 0 0 0 -1.20872
232 233 0.157489 0 -0.934584 0 0 0 0 -0.777095
233 234 0.018473 0 -1.3115 0 0 0 0 -1.29303
234 235 1.88783e-05 0 0 0 0 0 0 1.88783e-05
235 236 0.00393069 0 -0 0 0 0 0 0.00393069
236 237 0.09335 0 0 0 0 0 0 0.09335
237 238 0.0076755 0 0 0 0 0 0 0.0076755
238 239 0.110642 0 0 0 0 0 0 0.110642
240 241 0.0170407 0 0 0 0 0 0 0.0170407
241 242 0.173599 0 0 0 0 0 0 0.173599
242 243 0.0380742 0 -1.10889 0 0 0 0 -1.07082
243 244 0.0244801 0 -1.39608 0 0 0 0 -1.3716
244 245 0.11439 0 -1.27101 0 0 0 0 -1.15662
245 246 0.027028 0 -1.10321 0 0 0 0 -1.07618
246 247 0.0313349 0 -1.25114 0 0 0 0 -1.21981
247 248 0.105758 0 -1.42582 0 0 0 0 -1.32006
248 249 0.0549727 0 -0.889223 0 0 0 0 -0.834251
249 250 8.67738e-05 0 -1.32349 0 0 0 0 -1.32341
250 251 0.148912 0 -0.526234 0 0 0 0 -0.377322
251 252 1.52837e-06 0 -0.797226 0 0 0 0 -0.797224
252 253 0.010876 0 -1.03124 0 0 0 0 -1.02036
253 254 0.036428 0 0 0 0 0 0 0.036428
254 255 0.0416106 0 -1.35541 0 0 0 0 -1.3138
255 256 0.00492491 0 -1.30232 0 0 0 0 -1.29739
256 257 0.00159519 0 0 0 0 0 0 0.00159519
257 258 0.0267853 0 -0.965644 0 0 0 0 -0.938859
258 259 0.174529 0 -0 0 0 0 0 0.174529
260 261 0.00769696 0 -1.34613 0 0 0 0 -1.33843
261 262 0.0767715 0 0 0 0 0 0 0.0767715
262 263 0.0137609 0 -0 0 0 0 0 0.0137609
263 264 0.0281573 0 -1.31775 0 0 0 0 -1.2896
264 265 0.185538 0 -1.38284 0 0 0 0 -1.19731
265 266 0.101297 0 0 0 0 0 0 0.101297
266 267 0.00872848 0 -1.25867 0 0 0 0 -1.24994
267 268 0.17408 0 0 0 0 0 0 0.17408
268 269 0.000919076 0 -1.33643 0 0 0 0 -1.33551
269 270 0.0208348 0 -1.21941 0 0 0 0 -1.19857
270 271 0.0154039 0 -1.33442 0 0 0 0 -1.31902
270 272 0 0 0 0.00814459 0 0 0 0.00814459
271 272 0.00359284 0 -0 0 0 0 0 0.00359284
272 273 0.0436221 0 0 0 0 0 0 0.0436221
273 274 0.154795 0 -1.44335 0 0 0 0 -1.28856
274 275 2.58055e-05 0 -1.25711 0 0 0 0 -1.25709
275 276 0.0637372 0 0 0 0 0 0 0.0637372
276 277 0.0426389 0 -1.2641 0 0 0 0 -1.22146
277 278 0.0348832 0 -0.310532 0 0 0 0 -0.275649
278 279 0.0587474 0 -0.868113 0 0 0 0 -0.809365
280 281 0.00534734 0 0 0 0 0 0 0.00534734
281 282 0.0136039 0 0 0 0 0 0 0.0136039
282 283 0.00868148 0 -1.2096 0 0 0 0 -1.20092
283 284 0.0241177 0 -1.07167 0 0 0 0 -1.04755
284 285 0.0128619 0 0 0 0 0 0 0.0128619
285 286 0.00369139 0 -1.3066 0 0 0 0 -1.3029
286 287 0.415156 0 -1.15681 0 0 0 0 -0.741654
287 288 1.08403e-05 0 -0.586315 0 0 0 0 -0.586305
288 289 0.0709256 0 -0.833619 0 0 0 0 -0.762693
289 290 5.41569e-05 0 -0.89682 0 0 0 0 -0.896766
290 291 0.0289893 0 -1.17521 0 0 0 0 -1.14622
291 292 0.139397 0 0 0 0 0 0 0.139397
292 293 0.294511 0 0 0 0 0 0 0.294511
293 294 0.00938782 0 0 0 0 0 0 0.00938782
294 295 0.00311842 0 -1.27912 0 0 0 0 -1.276
295 296 0.00887292 0 -1.24767 0 0 0 0 -1.2388
296 297 0.0193527 0 0 0 0 0 0 0.0193527
297 298 0.0705801 0 0 0 0 0 0 0.0705801
298 299 0.00164146 0 0 0 0 0 0 0.00164146
300 301 0.0010995 0 -1.07383 0 0 0 0 -1.07273
301 302 0.000824881 0 -1.15865 0 0 0 0 -1.15783
302 303 0.125098 0 -0.785919 0 0 0 0 -0.660821
303 304 0.00300742 0 -1.29851 0 0 0 0 -1.2955
304 305 4.21269e-06 0 -1.18666 0 0 0 0 -1.18666
305 306 0.15588 0 -0.421988 0 0 0 0 -0.266108
306 307 0.00479166 0 -0.740542 0 0 0 0 -0.735751
307 308 0.0531618 0 0 0 0 0 0 0.0531618
308 309 0.0296167 0 0 0 0 0 0 0.0296167
309 310 0.000957894 0 -1.35457 0 0 0 0 -1.35361
310 311 0.00761114 0 -0.77421 0 0 0 0 -0.766599
311 312 0.0370736 0 -1.26992 0 0 0 0 -1.23285
312 313 0.0184557 0 0 0 0 0 0 0.0184557
313 314 0.0610173 0 -1.18289 0 0 0 0 -1.12187
314 315 0.0617135 0 0 0 0 0 0 0.0617135
315 316 0.0403353 0 -1.14207 0 0 0 0 -1.10174
316 317 0.14651 0 -1.27443 0 0 0 0 -1.12792
317 318 4.47027e-05 0 -1.43656 0 0 0 0 -1.43651
318 319 0.238134 0 -1.24703 0 0 0 0 -1.00889
320 321 0.0249725 0 0 0 0 0 0 0.0249725
321 322 0.00558131 0 -0.698069 0 0 0 0 -0.692488
322 323 0.0419593 0 -0.0940281 0 0 0 0 -0.0520688
323 324 0.0435107 0 0 0 0 0 0 0.0435107
324 325 0.0549727 0 -0.843262 0 0 0 0 -0.78829
325 326 0.0495745 0 -1.21017 0 0 0 0 -1.16059
326 327 0.000423784 0 0 0 0 0 0 0.000423784
327 328 0.00163694 0 0 0 0 0 0 0.00163694
328 329 1.91493e-06 0 0 0 0 0 0 1.91493e-06
329 330 0.0189764 0 -0 0 0 0 0 0.0189764
330 331 0.0337847 0 0 0 0 0 0 0.0337847
331 332 0.0135177 0 0 0 0 0 0 0.0135177
332 333 0.065558 0 -1.26069 0 0 0 0 -1.19513
333 334 0.000652828 0 -0.893867 0 0 0 0 -0.893214
334 335 0.52309 0 -1.37306 0 0 0 0 -0.849969
333 336 0 0 0 0 -0 -0.00264944 0 -0.00264944
335 336 0.00277861 0 -0 0 0 0 0 0.00277861
334 337 0 0 0 0 0 -0.0290365 0 -0.0290365
336 337 0.0279696 0 -1.10622 0 0 0 0 -1.07825
337 338 0.00294061 0 -1.22131 0 0 0 0 -1.21837
335 339 0 0 0 0 0 -0.00265787 0 -0.00265787
338 339 0.0740028 0 -1.4188 0 0 0 0 -1.3448
340 341 0.0291475 0 -1.43958 0 0 0 0 -1.41043
341 342 0.00438962 0 -0.916152 0 0 0 0 -0.911762
342 343 0.0234624 0 -1.26154 0 0 0 0 -1.23807
343 344 0.000512967 0 0 0 0 0 0 0.000512967
344 345 0.0864918 0 0 0 0 0 0 0.0864918
345 346 0.00237938 0 -1.4243 0 0 0 0 -1.42192
346 347 0.00944598 0 -1.33955 0 0 0 0 -1.3301
347 348 0.0134403 0 -1.3776 0 0 0 0 -1.36415
348 349 1.92831e-05 0 0 0 0 0 0 1.92831e-05
349 350 0.0571204 0 -1.37294 0 0 0 0 -1.31582
350 351 0.0662077 0 -1.10975 0 0 0 0 -1.04354
351 352 0.244281 0 0 0 0 0 0 0.244281
352 353 0.086403 0 -1.13239 0 0 0 0 -1.04599
353 354 0.0255493 0 -1.31374 0 0 0 0 -1.28819
354 355 0.00839632 0 0 0 0 0 0 0.00839632
355 356 0.146709 0 0 0 0 0 0 0.146709
356 357 0.000113419 0 -1.32711 0 0 0 0 -1.327
357 358 0.0221509 0 -1.27483 0 0 0 0 -1.25268
358 359 0.16793 0 -1.28217 0 0 0 0 -1.11424
360 361 0.00166378 0 -0.829345 0 0 0 0 -0.827681
361 362 0.017475 0 0 0 0 0 0 0.017475
362 363 0.0781581 0 0 0 0 0 0 0.0781581
363 364 0.000605902 0 -0.803655 0 0 0 0 -0.80305
364 365 0.120586 0 -0.490004 0 0 0 0 -0.369418
365 366 0.0708174 0 0 0 0 0 0 0.0708174
366 367 0.156991 0 -1.03573 0 0 0 0 -0.878737
367 368 0.0141038 0 -0.755922 0 0 0 0 -0.741818
368 369 0.229737 0 -1.17051 0 0 0 0 -0.940774
369 370 0.408083 0 -0 0 0 0 0 0.408083
370 371 0.0689842 0 -1.12895 0 0 0 0 -1.05996
371 372 0.0130165 0 0 0 0 0 0 0.0130165
372 373 0.0332886 0 -0.216286 0 0 0 0 -0.182997
373 374 0.0144134 0 -1.11713 0 0 0 0 -1.10272
374 375 0.086091 0 0 0 0 0 0 0.086091
375 376 0.0478432 0 0 0 0 0 0 0.0478432
376 377 0.172728 0 -1.38972 0 0 0 0 -1.21699
377 378 0.00392503 0 -1.15942 0 0 0 0 -1.15549
378 379 0.00845108 0 0 0 0 0 0 0.00845108
380 381 0.129754 0 0 0 0 0 0 0.129754
381 382 0.00477931 0 -0.843738 0 0 0 0 -0.838959
381 383 0 0 0 0 0 0 -0.000267141 -0.000267141
382 383 0.00325559 0 -0 0 0 0 0 0.00325559
383 384 0.00258458 0 0 0 0 0 0 0.00258458
384 385 0.00359957 0 0 0 0 0 0 0.00359957
385 386 0.0690471 0 -1.33162 0 0 0 0 -1.26257
386 387 0.0321448 0 -0.0433851 0 0 0 0 -0.0112402
387 388 0.0630475 0 -1.22138 0 0 0 0 -1.15833
388 389 0.0108461 0 -1.30586 0 0 0 0 -1.29501
389 390 0.130667 0 -1.23309 0 0 0 0 -1.10242
390 391 0.01462 0 -1.0609 0 0 0 0 -1.04628
391 392 0.141298 0 -1.2955 0 0 0 0 -1.1542
392 393 0.106324 0 -1.04381 0 0 0 0 -0.937491
393 394 0.0332986 0 -0.881482 0 0 0 0 -0.848183
394 395 0.060659 0 -1.34209 0 0 0 0 -1.28143
395 396 0.0038875 0 0 0 0 0 0 0.0038875
396 397 0.0122382 0 -1.38127 0 0 0 0 -1.36903
397 398 0.00414473 0 -1.25679 0 0 0 0 -1.25264
398 399 0.54426 0 -1.41516 0 0 0 0 -0.870898
400 401 0.00949369 0 0 0 0 0 0 0.00949369
401 402 0.0256867 0 0 0 0 0 0 0.0256867
402 403 0.0518937 0 -1.06633 0 0 0 0 -1.01444
403 404 0.167498 0 0 0 0 0 0 0.167498
404 405 8.66244e-07 0 -1.33 0 0 0 0 -1.33
405 406 5.00317e-05 0 0 0 0 0 0 5.00317e-05
406 407 4.69173e-05 0 0 0 0 0 0 4.69173e-05
407 408 0.00223856 0 0 0 0 0 0 0.00223856
408 409 0.000145768 0 -1.13224 0 0 0 0 -1.1321
409 410 0.0383864 0 0 0 0 0 0 0.0383864
410 411 0.0131229 0 -1.33553 0 0 0 0 -1.32241
411 412 0.018871 0 -1.27381 0 0 0 0 -1.25494
412 413 0.00887967 0 -1.32691 0 0 0 0 -1.31803
413 414 0.0248908 0 0 0 0 0 0 0.0248908
414 415 0.184557 0 -1.3318 0 0 0 0 -1.14724
415 416 0.30284 0 0 0 0 0 0 0.30284
416 417 4.47857e-06 0 0 0 0 0 0 4.47857e-06
417 418 0.0215281 0 0 0 0 0 0 0.0215281
418 419 0.143708 0 0 0 0 0 0 0.143708
420 421 0.00248162 0 -1.31373 0 0 0 0 -1.31124
421 422 0.481481 0 -0.609971 0 0 0 0 -0.128491
422 423 0.133691 0 -1.1355 0 0 0 0 -1.0018
423 424 0.0602857 0 0 0 0 0 0 0.0602857
424 425 0.0614781 0 -1.20421 0 0 0 0 -1.14273
425 426 0.0319363 0 0 0 0 0 0 0.0319363
426 427 0.00456642 0 -1.03664 0 0 0 0 -1.03208
427 428 0.000946373 0 0 0 0 0 0 0.000946373
428 429 0.0787195 0 -0.973355 0 0 0 0 -0.894635
429 430 0.0373555 0 -1.33743 0 0 0 0 -1.30008
430 431 0.100124 0 0 0 0 0 0 0.100124
431 432 0.170783 0 0 0 0 0 0 0.170783
432 433 0.0948646 0 -1.30513 0 0 0 0 -1.21027
433 434 0.0130054 0 -1.32361 0 0 0 0 -1.31061
434 435 0.00299326 0 -1.20821 0 0 0 0 -1.20521
435 436 0.00689941 0 -0.0340831 0 0 0 0 -0.0271837
436 437 0.0230093 0 -1.33681 0 0 0 0 -1.3138
437 438 0.366338 0 0 0 0 0 0 0.366338
438 439 0.0189293 0 0 0 0 0 0 0.0189293
440 441 0.068967 0 -1.07345 0 0 0 0 -1.00448
441 442 0.00190368 0 0 0 0 0 0 0.00190368
442 443 0.0205046 0 -1.07673 0 0 0 0 -1.05622
443 444 0.00901582 0 -1.28613 0 0 0 0 -1.27712
444 445 0.00117582 0 -1.11279 0 0 0 0 -1.11161
445 446 0.0020191 0 -0.942326 0 0 0 0 -0.940307
446 447 0.0584762 0 -1.25981 0 0 0 0 -1.20134
447 448 0.0214557 0 -1.22206 0 0 0 0 -1.2006
448 449 0.156939 0 0 0 0 0 0 0.156939
449 450 0.00153988 0 0 0 0 0 0 0.00153988
450 451 0.00464217 0 0 0 0 0 0 0.00464217
451 452 0.0875963 0 0 0 0 0 0 0.0875963
452 453 0.0629115 0 -0 0 0 0 0 0.0629115
453 454 0.0086168 0 -0.95817 0 0 0 0 -0.949554
454 455 0.0723004 0 -1.43671 0 0 0 0 -1.36441
455 456 0.000225348 0 -1.31543 0 0 0 0 -1.31521
456 457 0.00110065 0 -1.1684 0 0 0 0 -1.16729
457 458 0.0217878 0 -1.31176 0 0 0 0 -1.28998
458 459 0.00999884 0 0 0 0 0 0 0.00999884
460 461 4.9532e-05 0 -1.22426 0 0 0 0 -1.22421
461 462 0.0405863 0 -0.909561 0 0 0 0 -0.868974
462 463 0.04758 0 -0.943875 0 0 0 0 -0.896295
463 464 0.0162979 0 -0.745927 0 0 0 0 -0.729629
464 465 0.00680116 0 -1.04357 0 0 0 0 -1.03677
465 466 0.0650677 0 -1.02611 0 0 0 0 -0.961047
466 467 0.0131289 0 -1.44505 0 0 0 0 -1.43192
467 468 0.000826672 0 0 0 0 0 0 0.000826672
468 469 0.00142277 0 -1.37872 0 0 0 0 -1.3773
469 470 0.00408635 0 -1.0404 0 0 0 0 -1.03631
470 471 0.00993256 0 -1.30473 0 0 0 0 -1.29479
471 472 0.00926611 0 0 0 0 0 0 0.00926611
472 473 0.000712699 0 -1.29304 0 0 0 0 -1.29233
473 474 0.141268 0 0 0 0 0 0 0.141268
474 475 0.156061 0 -1.09007 0 0 0 0 -0.934005
475 476 0.0288076 0 0 0 0 0 0 0.0288076
476 477 8.87005e-08 0 0 0 0 0 0 8.87005e-08
477 478 0.10512 0 -1.18566 0 0 0 0 -1.08054
478 479 0.157091 0 0 0 0 0 0 0.157091
480 481 0.00085092 0 -1.40245 0 0 0 0 -1.4016
481 482 0.00873597 0 -1.22573 0 0 0 0 -1.217
482 483 0.307128 0 -1.24677 0 0 0 0 -0.939646
483 484 0.00654332 0 -0.783135 0 0 0 0 -0.776592
484 485 0.00461088 0 -0.897547 0 0 0 0 -0.892936
485 486 1.51985e-05 0 -1.39594 0 0 0 0 -1.39593
486 487 0.0282727 0 -0.724265 0 0 0 0 -0.695992
487 488 0.00882439 0 -1.368 0 0 0 0 -1.35917
488 489 0.013285 0 -0 0 0 0 0 0.013285
489 490 0.00219957 0 -1.35956 0 0 0 0 -1.35736
487 491 0 0 0 0 0 -0.0501033 0 -0.0501033
490 491 0.0952959 0 -1.02417 0 0 0 0 -0.928876
488 492 0 0 0 0 0 -0.142562 0 -0.142562
487 492 0 0 0 0 -0.516316 0 -0 -0.516316
486 492 0 0 0 0 -0 -0.151138 0 -0.151138
491 492 0.00749339 0 -1.03421 0 0 0 0 -1.02671
487 493 0 0 0 0 -0 -0.0948231 0 -0.0948231
486 493 0 0 0 0 -0.628777 0 -0 -0.628777
485 493 0 0 0 0 -0 -0.100423 0 -0.100423
492 493 1.60263e-05 0 -1.17537 0 0 0 0 -1.17535
486 494 0 0 0 0 0 -0.00500794 -0 -0.00500794
484 494 0 0 0 0 0 -0.160567 0 -0.160567
493 494 0.0174057 0 -0.987257 0 0 0 0 -0.969852
484 495 0 0 0 0 -0.605275 0 -0 -0.605275
483 495 0 0 0 0 -0 -0.182453 0 -0.182453
494 495 0.0567477 0 -1.07549 0 0 0 0 -1.01874
484 496 0 0 0 0 -0 -0.123472 0 -0.123472
483 496 0 0 0 0 -0.869805 0 -0 -0.869805
482 496 0 0 0 0 0 -0.142315 0 -0.142315
495 496 0.190636 0 -1.24564 0 0 0 0 -1.055
483 497 0 0 0 0 0 -0.192764 0 -0.192764
482 497 0 0 0 0 -0.804413 0 -0 -0.804413
481 497 0 0 0 0 0 -0.153593 0 -0.153593
496 497 0.0101914 0 -1.26708 0 0 0 0 -1.25688
480 498 0 0 0 0 0 -0.154803 0 -0.154803
482 498 0 0 0 0 0 -0.133608 0 -0.133608
481 498 0 0 0 0 -0.593413 0 -0 -0.593413
497 498 0.183978 0 -0.989391 0 0 0 0 -0.805413
498 499 0.0128274 0 0 0 0 0 0 0.0128274
500 501 0.0377104 0 -1.24006 0 0 0 0 -1.20235
501 502 0.000718327 0 0 0 0 0 0 0.000718327
502 503 0.0123366 0 0 0 0 0 0 0.0123366
503 504 8.33049e-05 0 0 0 0 0 0 8.33049e-05
504 505 0.286797 0 -1.04374 0 0 0 0 -0.756945
505 506 0.0179852 0 -0.957965 0 0 0 0 -0.939979
506 507 0.000768583 0 0 0 0 0 0 0.000768583
507 508 0.004923 0 -1.34899 0 0 0 0 -1.34407
508 509 0.00329089 0 -1.3022 0 0 0 0 -1.29891
509 510 0.0509578 0 -1.324 0 0 0 0 -1.27304
510 511 0.000826387 0 0 0 0 0 0 0.000826387
511 512 0.0543333 0 -1.07559 0 0 0 0 -1.02126
512 513 0.00517314 0 -1.28771 0 0 0 0 -1.28254
513 514 0.0326415 0 -1.26773 0 0 0 0 -1.23509
514 515 0.0127866 0 -1.30876 0 0 0 0 -1.29597
515 516 0.0391236 0 -1.26865 0 0 0 0 -1.22952
516 517 0.0143742 0 0 0 0 0 0 0.0143742
517 518 0.0887173 0 -1.25933 0 0 0 0 -1.17061
518 519 0.00182152 0 0 0 0 0 0 0.00182152
520 521 0.012667 0 -1.34562 0 0 0 0 -1.33295
521 522 0.00915572 0 0 0 0 0 0 0.00915572
522 523 0.000331167 0 0 0 0 0 0 0.000331167
523 524 0.00563809 0 -0.863825 0 0 0 0 -0.858187
524 525 0.00724901 0 -0.309162 0 0 0 0 -0.301913
525 526 0.00470005 0 -0 0 0 0 0 0.00470005
526 527 0.0982758 0 -1.27633 0 0 0 0 -1.17805
527 528 0.0114636 0 0 0 0 0 0 0.0114636
528 529 0.0539565 0 0 0 0 0 0 0.0539565
529 530 0.0459745 0 -1.15846 0 0 0 0 -1.11249
530 531 0.0182207 0 0 0 0 0 0 0.0182207
531 532 0.101139 0 -1.28794 0 0 0 0 -1.1868
532 533 0.00032376 0 -1.19014 0 0 0 0 -1.18982
533 534 0.00026178 0 0 0 0 0 0 0.00026178
534 535 0.0173101 0 -0.925378 0 0 0 0 -0.908068
535 536 0.125426 0 0 0 0 0 0 0.125426
536 537 0.0264165 0 -0 0 0 0 0 0.0264165
537 538 0.000441835 0 -0.690878 0 0 0 0 -0.690436
538 539 0.0420577 0 0 0 0 0 0 0.0420577
540 541 0.000209062 0 0 0 0 0 0 0.000209062
541 542 3.90251e-06 0 -1.07941 0 0 0 0 -1.07941
542 543 0.00471577 0 0 0 0 0 0 0.00471577
543 544 0.00103402 0 -0 0 0 0 0 0.00103402
544 545 0.110239 0 -0.935936 0 0 0 0 -0.825697
545 546 0.167362 0 -1.29364 0 0 0 0 -1.12628
546 547 0.0176552 0 -1.39042 0 0 0 0 -1.37276
547 548 0.0290401 0 0 0 0 0 0 0.0290401
548 549 0.0906063 0 -0.473354 0 0 0 0 -0.382747
549 550 0.0673357 0 0 0 0 0 0 0.0673357
547 551 0 0 0 0 0 -0.158891 0 -0.158891
550 551 0.0515026 0 -1.16034 0 0 0 0 -1.10884
547 552 0 0 0 0 -0.783379 0 -0 -0.783379
546 552 0 0 0 0 -0 -0.157788 0 -0.157788
551 552 0.108526 0 -1.07855 0 0 0 0 -0.970024
547 553 0 0 0 0 -0 -0.176364 0 -0.176364
546 553 0 0 0 0 -0 -0.000377913 -0 -0.000377913
552 553 0.000652331 0 -1.289 0 0 0 0 -1.28835
553 554 0.0260329 0 0 0 0 0 0 0.0260329
554 555 0.00765088 0 0 0 0 0 0 0.00765088
555 556 0.0847447 0 -1.374 0 0 0 0 -1.28925
556 557 3.8371e-06 0 -1.29519 0 0 0 0 -1.29518
557 558 0.00220632 0 -0.829684 0 0 0 0 -0.827477
558 559 0.0827144 0 -1.27616 0 0 0 0 -1.19345
560 561 0.0535721 0 -0.867799 0 0 0 0 -0.814227
561 562 0.0122625 0 0 0 0 0 0 0.0122625
562 563 0.00205096 0 -1.12955 0 0 0 0 -1.1275
563 564 0.0218058 0 -1.18055 0 0 0 0 -1.15874
564 565 0.0582607 0 0 0 0 0 0 0.0582607
565 566 0.0242971 0 -1.11376 0 0 0 0 -1.08946
566 567 0.0608546 0 0 0 0 0 0 0.0608546
567 568 6.63236e-05 0 -0.76009 0 0 0 0 -0.760023
568 569 0.00484303 0 0 0 0 0 0 0.00484303
569 570 0.00938854 0 -1.35125 0 0 0 0 -1.34186
570 571 0.0724107 0 -1.21272 0 0 0 0 -1.14031
571 572 0.0104144 0 -1.02306 0 0 0 0 -1.01265
572 573 0.00600012 0 0 0 0 0 0 0.00600012
573 574 0.0396876 0 0 0 0 0 0 0.0396876
574 575 0.0329816 0 -1.04527 0 0 0 0 -1.01228
575 576 0.0430732 0 -0.852204 0 0 0 0 -0.809131
576 577 0.0490824 0 0 0 0 0 0 0.0490824
577 578 0.0372223 0 -1.05941 0 0 0 0 -1.02218
560 579 0 0 0 0.129005 0 0 0 0.129005
578 579 0.106801 0 -1.07283 0 0 0 0 -0.966032
580 581 0.0142451 0 0 0 0 0 0 0.0142451
581 582 0.00982065 0 -1.41862 0 0 0 0 -1.4088
582 583 0.108074 0 -1.28241 0 0 0 0 -1.17433
583 584 0.0996752 0 -1.30217 0 0 0 0 -1.20249
584 585 0.0162628 0 -1.1663 0 0 0 0 -1.15004
585 586 0.118786 0 0 0 0 0 0 0.118786
586 587 0.0695394 0 0 0 0 0 0 0.0695394
587 588 0.163019 0 0 0 0 0 0 0.163019
588 589 0.158565 0 -1.28951 0 0 0 0 -1.13095
589 590 0.221705 0 0 0 0 0 0 0.221705
590 591 0.0469787 0 -1.15441 0 0 0 0 -1.10743
591 592 0.0533336 0 -1.28397 0 0 0 0 -1.23063
592 593 0.0695624 0 0 0 0 0 0 0.0695624
593 594 0.157342 0 0 0 0 0 0 0.157342
594 595 0.117064 0 -0.780621 0 0 0 0 -0.663557
595 596 0.0245356 0 -1.38703 0 0 0 0 -1.36249
596 597 0.0183826 0 -1.31907 0 0 0 0 -1.30069
597 598 0.0854557 0 -1.20439 0 0 0 0 -1.11893
598 599 0.0182477 0 0 0 0 0 0 0.0182477
600 601 0.00968767 0 -1.31645 0 0 0 0 -1.30676
601 602 0.0885434 0 -0 0 0 0 0 0.0885434
602 603 0.0878181 0 -1.33582 0 0 0 0 -1.248
603 604 0.0206497 0 -1.33928 0 0 0 0 -1.31863
604 605 0.000399543 0 0 0 0 0 0 0.000399543
605 606 0.000898282 0 -1.28558 0 0 0 0 -1.28468
606 607 0.042373 0 -1.05844 0 0 0 0 -1.01607
607 608 0.000391397 0 -1.41249 0 0 0 0 -1.4121
608 609 0.0555327 0 0 0 0 0 0 0.0555327
609 610 0.0739296 0 -1.06754 0 0 0 0 -0.993612
610 611 0.00414092 0 -1.2949 0 0 0 0 -1.29075
611 612 0.11055 0 -1.20555 0 0 0 0 -1.095
612 613 0.000414152 0 -1.21434 0 0 0 0 -1.21392
613 614 0.0257471 0 0 0 0 0 0 0.0257471
614 615 0.00246724 0 -1.30653 0 0 0 0 -1.30406
615 616 0.00282713 0 0 0 0 0 0 0.00282713
616 617 0.297257 0 -1.29193 0 0 0 0 -0.99467
617 618 0.0226399 0 -1.19473 0 0 0 0 -1.17209
618 619 0.270844 0 -1.19421 0 0 0 0 -0.923368
620 621 0.0338381 0 0 0 0 0 0 0.0338381
621 622 0.0821323 0 -1.14973 0 0 0 0 -1.0676
622 623 0.0766141 0 -0.971118 0 0 0 0 -0.894504
623 624 0.000498448 0 0 0 0 0 0 0.000498448
624 625 0.163643 0 0 0 0 0 0 0.163643
625 626 0.0736097 0 -1.20796 0 0 0 0 -1.13435
626 627 0.0030433 0 -1.02988 0 0 0 0 -1.02684
627 628 0.122762 0 -0.882008 0 0 0 0 -0.759245
628 629 0.137711 0 0 0 0 0 0 0.137711
628 630 0 0 0 0.00547332 0 0 0 0.00547332
629 630 0.0114958 0 -0.73628 0 0 0 0 -0.724784
630 631 0.010686 0 -0.902912 0 0 0 0 -0.892226
628 632 0 0 0 0 0 -0.0517322 -0 -0.0517322
627 632 0 0 0 0 -0 -0.0955199 0 -0.0955199
631 632 0.00578022 0 -1.23454 0 0 0 0 -1.22876
627 633 0 0 0 0 -0.488205 -6.38676e-15 -0 -0.488205
632 633 0.0297074 0 -1.21195 0 0 0 0 -1.18224
626 634 0 0 0 0 -0.00543944 -2.14969e-08 0 -0.00543946
633 634 0.016574 0 -1.11686 0 0 0 0 -1.10028
634 635 0.0269577 0 0 0 0 0 0 0.0269577
635 636 0.0474083 0 0 0 0 0 0 0.0474083
636 637 0.0328912 0 -0.748599 0 0 0 0 -0.715708
637 638 0.0451089 0 -1.25218 0 0 0 0 -1.20708
638 639 3.87891e-05 0 -1.23755 0 0 0 0 -1.23751
640 641 0.00527914 0 0 0 0 0 0 0.00527914
641 642 0.255113 0 -1.17282 0 0 0 0 -0.917703
642 643 0.0166849 0 0 0 0 0 0 0.0166849
643 644 0.00954348 0 -1.09693 0 0 0 0 -1.08739
644 645 0.0651008 0 0 0 0 0 0 0.0651008
645 646 0.00709576 0 0 0 0 0 0 0.00709576
646 647 0.030603 0 0 0 0 0 0 0.030603
647 648 0.0964253 0 -1.29307 0 0 0 0 -1.19664
648 649 0.0205507 0 -1.022 0 0 0 0 -1.00144
649 650 0.0967836 0 0 0 0 0 0 0.0967836
650 651 0.0493877 0 -1.09997 0 0 0 0 -1.05058
651 652 0.139802 0 0 0 0 0 0 0.139802
652 653 0.0413956 0 0 0 0 0 0 0.0413956
653 654 0.0724328 0 0 0 0 0 0 0.0724328
654 655 0.000688641 0 -0.897217 0 0 0 0 -0.896529
655 656 0.0183994 0 -1.15479 0 0 0 0 -1.13639
656 657 0.0710178 0 0 0 0 0 0 0.0710178
657 658 0.0157519 0 -1.384 0 0 0 0 -1.36825
658 659 0.00813814 0 -0.737249 0 0 0 0 -0.729111
660 661 0.00024795 0 0 0 0 0 0 0.00024795
661 662 0.0349545 0 0 0 0 0 0 0.0349545
662 663 0.00613726 0 -1.38598 0 0 0 0 -1.37984
663 664 0.000871984 0 -1.27545 0 0 0 0 -1.27458
664 665 0.13879 0 -1.39638 0 0 0 0 -1.25759
665 666 0.0336331 0 -1.35633 0 0 0 0 -1.3227
666 667 0.0151384 0 -1.07447 0 0 0 0 -1.05933
667 668 0.0296765 0 -1.4275 0 0 0 0 -1.39782
668 669 0.000135982 0 0 0 0 0 0 0.000135982
669 670 0.000283231 0 -1.00719 0 0 0 0 -1.0069
670 671 0.00080052 0 0 0 0 0 0 0.00080052
671 672 0.0164242 0 -1.29366 0 0 0 0 -1.27724
672 673 0.0320364 0 0 0 0 0 0 0.0320364
673 674 0.00800105 0 0 0 0 0 0 0.00800105
674 675 0.0535337 0 0 0 0 0 0 0.0535337
675 676 0.0426278 0 -1.28944 0 0 0 0 -1.24681
676 677 0.0457887 0 -0.00736284 0 0 0 0 0.0384258
677 678 0.207524 0 -1.35332 0 0 0 0 -1.14579
678 679 0.135146 0 0 0 0 0 0 0.135146
680 681 0.00575045 0 0 0 0 0 0 0.00575045
681 682 0.0219062 0 0 0 0 0 0 0.0219062
682 683 0.0707368 0 0 0 0 0 0 0.0707368
683 684 0.0907769 0 -1.21392 0 0 0 0 -1.12314
684 685 0.0225533 0 -1.26255 0 0 0 0 -1.24
685 686 0.0128254 0 0 0 0 0 0 0.0128254
686 687 0.0627316 0 -0.196819 0 0 0 0 -0.134087
687 688 0.107101 0 -1.11241 0 0 0 0 -1.00531
688 689 0.00168441 0 -1.01355 0 0 0 0 -1.01187
689 690 0.0100351 0 -0 0 0 0 0 0.0100351
690 691 0.0160952 0 -1.16443 0 0 0 0 -1.14834
691 692 0.0115448 0 -1.3236 0 0 0 0 -1.31206
692 693 0.0148925 0 0 0 0 0 0 0.0148925
693 694 0.00297878 0 0 0 0 0 0 0.00297878
694 695 0.028856 0 0 0 0 0 0 0.028856
695 696 0.190049 0 0 0 0 0 0 0.190049
696 697 0.0133817 0 -0 0 0 0 0 0.0133817
697 698 2.13704e-05 0 -0.909904 0 0 0 0 -0.909883
698 699 0.00220349 0 -1.06334 0 0 0 0 -1.06114
700 701 0.0426726 0 -1.2389 0 0 0 0 -1.19623
701 702 3.51836e-06 0 -0.985203 0 0 0 0 -0.9852
702 703 0.0338314 0 -1.31925 0 0 0 0 -1.28542
703 704 0.208612 0 0 0 0 0 0 0.208612
704 705 0.00025963 0 0 0 0 0 0 0.00025963
705 706 5.7356e-05 0 -0 0 0 0 0 5.7356e-05
706 707 0.0283426 0 0 0 0 0 0 0.0283426
707 708 0.00116608 0 -0.550424 0 0 0 0 -0.549258
708 709 0.0444105 0 0 0 0 0 0 0.0444105
709 710 0.0200005 0 0 0 0 0 0 0.0200005
710 711 0.119987 0 0 0 0 0 0 0.119987
711 712 2.22575e-05 0 0 0 0 0 0 2.22575e-05
712 713 0.0807833 0 -0 0 0 0 0 0.0807833
713 714 0.0260729 0 -0.964537 0 0 0 0 -0.938464
714 715 0.000290695 0 -0.90054 0 0 0 0 -0.900249
715 716 0.0186921 0 0 0 0 0 0 0.0186921
716 717 0.0308918 0 -1.1982 0 0 0 0 -1.1673
717 718 3.49853e-05 0 -0.916939 0 0 0 0 -0.916904
718 719 0.0405032 0 0 0 0 0 0 0.0405032
720 721 0.000377727 0 0 0 0 0 0 0.000377727
721 722 0.0506132 0 -1.14123 0 0 0 0 -1.09062
722 723 0.0154369 0 0 0 0 0 0 0.0154369
723 724 0.150212 0 0 0 0 0 0 0.150212
724 725 0.00187471 0 -0 0 0 0 0 0.00187471
725 726 0.0485247 0 -1.3851 0 0 0 0 -1.33658
726 727 0.041277 0 -1.05411 0 0 0 0 -1.01284
727 728 0.00401044 0 -0 0 0 0 0 0.00401044
728 729 0.090648 0 -1.32741 0 0 0 0 -1.23676
729 730 0.0137175 0 -0.0109258 0 0 0 0 0.00279174
730 731 0.094341 0 0 0 0 0 0 0.094341
731 732 0.043566 0 0 0 0 0 0 0.043566
732 733 2.45099e-05 0 0 0 0 0 0 2.45099e-05
733 734 9.50281e-06 0 -1.00725 0 0 0 0 -1.00724
734 735 0.0823019 0 -1.3319 0 0 0 0 -1.2496
735 736 0.00433877 0 0 0 0 0 0 0.00433877
736 737 0.0137208 0 -0.857554 0 0 0 0 -0.843833
737 738 0.223647 0 -1.14746 0 0 0 0 -0.923812
738 739 0.0969387 0 -1.40044 0 0 0 0 -1.3035
740 741 0.0896728 0 -0 0 0 0 0 0.0896728
740 742 0 0 0 0 -0 -0 -0.0209412 -0.0209412
741 742 0.161973 0 -0.828519 0 0 0 0 -0.666546
742 743 0.0128585 0 0 0 0 0 0 0.0128585
743 744 0.208326 0 0 0 0 0 0 0.208326
744 745 0.00138846 0 -1.08618 0 0 0 0 -1.0848
745 746 0.251891 0 -1.04498 0 0 0 0 -0.793087
746 747 0.0323455 0 -0.947762 0 0 0 0 -0.915416
747 748 0.112902 0 0 0 0 0 0 0.112902
748 749 0.0566731 0 0 0 0 0 0 0.0566731
749 750 0.0541578 0 -1.15096 0 0 0 0 -1.0968
750 751 4.80158e-05 0 -1.16009 0 0 0 0 -1.16004
751 752 0.0522535 0 0 0 0 0 0 0.0522535
752 753 0.013605 0 0 0 0 0 0 0.013605
752 754 0 0 0 0.0303131 0 0 0 0.0303131
753 754 0.0279852 0 -1.21081 0 0 0 0 -1.18283
754 755 0.0352504 0 -0.839014 0 0 0 0 -0.803763
752 756 0 0 0 0 0 -0.00328917 -0 -0.00328917
755 756 0.0658051 0 -1.43201 0 0 0 0 -1.3662
752 757 0 0 0 0 -0 -0.00170721 0 -0.00170721
756 757 0.00333272 0 -1.31534 0 0 0 0 -1.312
757 758 0.0867011 0 -1.0851 0 0 0 0 -0.998401
758 759 0.0261112 0 -1.16971 0 0 0 0 -1.1436
760 761 0.0128635 0 -1.13822 0 0 0 0 -1.12536
761 762 0.0444176 0 -1.00458 0 0 0 0 -0.960161
762 763 0.000760562 0 -1.33086 0 0 0 0 -1.3301
763 764 0.0448361 0 -0 0 0 0 0 0.0448361
764 765 0.012985 0 0 0 0 0 0 0.012985
765 766 7.72657e-05 0 0 0 0 0 0 7.72657e-05
766 767 3.70411e-05 0 -0.0321679 0 0 0 0 -0.0321309
767 768 0.000851099 0 -1.19514 0 0 0 0 -1.19429
768 769 0.0384418 0 0 0 0 0 0 0.0384418
769 770 6.74419e-05 0 -1.25566 0 0 0 0 -1.25559
770 771 0.0558439 0 -1.33268 0 0 0 0 -1.27684
771 772 0.00273872 0 -1.31975 0 0 0 0 -1.31701
772 773 0.00148508 0 0 0 0 0 0 0.00148508
773 774 0.0847575 0 -1.00257 0 0 0 0 -0.917816
774 775 0.00303306 0 -1.30215 0 0 0 0 -1.29912
774 776 0 0 0 0.00336513 0 0 0 0.00336513
775 776 0.125991 0 -0 0 0 0 0 0.125991
776 777 0.00822803 0 0 0 0 0 0 0.00822803
777 778 0.485982 0 -1.3694 0 0 0 0 -0.883422
778 779 0.0397628 0 -1.07535 0 0 0 0 -1.03559
780 781 0.0119285 0 0 0 0 0 0 0.0119285
781 782 0.000457405 0 -1.32722 0 0 0 0 -1.32677
782 783 0.213015 0 -1.20455 0 0 0 0 -0.991536
783 784 0.0334202 0 -0.64106 0 0 0 0 -0.60764
784 785 0.0149073 0 -1.43775 0 0 0 0 -1.42284
785 786 0.0606136 0 -1.25543 0 0 0 0 -1.19482
786 787 0.0281388 0 -1.35679 0 0 0 0 -1.32865
787 788 0.0383525 0 -1.31234 0 0 0 0 -1.27399
788 789 0.0114994 0 -1.24598 0 0 0 0 -1.23448
789 790 0.0169891 0 0 0 0 0 0 0.0169891
790 791 0.00580494 0 -1.33849 0 0 0 0 -1.33269
791 792 0.040801 0 -1.34142 0 0 0 0 -1.30062
792 793 0.168807 0 0 0 0 0 0 0.168807
793 794 0.000815911 0 0 0 0 0 0 0.000815911
794 795 0.0725662 0 0 0 0 0 0 0.0725662
795 796 0.026077 0 -1.45855 0 0 0 0 -1.43247
796 797 0.0990114 0 -1.25982 0 0 0 0 -1.16081
797 798 0.00357546 0 0 0 0 0 0 0.00357546
798 799 0.0320342 0 -1.12722 0 0 0 0 -1.09519
#Total energy per particle is  -0.596335 and should be -0.59633510
