           0   0.000000
       10000  -1.904898
       20000  -1.629104
       30000  -4.934833
       40000  -3.404690
       50000 -12.157831
       60000  -9.755462
       70000  -7.502245
       80000  -7.324462
       90000  -9.206113
      100000  -7.256373
      110000 -16.899243
      120000 -14.079626
      130000 -14.452755
      140000 -16.704642
      150000 -15.307961
      160000 -11.089824
      170000 -10.118084
      180000  -7.671237
      190000 -14.262916
      200000 -12.292639
