#id1 id2 FENE BEXC STCK NEXC HB CRSTCK CXSTCK total, t = 200000
0 1 0.225599 0 0 0 0 0 0 0.225599
1 2 1.06835e-05 0 -1.33762 0 0 0 0 -1.33761
2 3 0.0835917 0 -1.42121 0 0 0 0 -1.33762
3 4 0.0715621 0 -0.782309 0 0 0 0 -0.710747
4 5 0.0437674 0 -0.802161 0 0 0 0 -0.758394
5 6 0.0243317 0 0 0 0 0 0 0.0243317
6 7 0.0917819 0.0173214 -0.624342 0 0 0 0 -0.515239
7 8 0.0461536 0 0 0 0 0 0 0.0461536
8 9 0.00119903 0 -0 0 0 0 0 0.00119903
9 10 0.00404602 0 -0 0 0 0 0 0.00404602
10 11 0.155014 0 0 0 0 0 0 0.155014
11 12 0.00468866 0 -0.846627 0 0 0 0 -0.841938
12 13 0.0305945 0 -0.997461 0 0 0 0 -0.966866
13 14 0.0195283 0 -1.25218 0 0 0 0 -1.23265
14 15 0.0580687 0 -1.13305 0 0 0 0 -1.07498
15 16 0.00404556 0 -0.794116 0 0 0 0 -0.79007
16 17 0.00780106 0 -1.35108 0 0 0 0 -1.34328
17 18 0.00156676 0 -1.23155 0 0 0 0 -1.22998
18 19 0.0435297 0 0 0 0 0 0 0.0435297
20 21 0.0822323 0 -0.867715 0 0 0 0 -0.785483
21 22 0.020677 0 -1.26105 0 0 0 0 -1.24037
22 23 0.011717 0 -1.20414 0 0 0 0 -1.19243
23 24 0.0374774 0 0 0 0 0 0 0.0374774
24 25 0.00847381 0 0 0 0 0 0 0.00847381
25 26 0.069328 0 0 0 0 0 0 0.069328
26 27 0.13716 0 0 0 0 0 0 0.13716
27 28 0.0386812 0 0 0 0 0 0 0.0386812
28 29 0.0178421 0 -1.16729 0 0 0 0 -1.14944
29 30 0.0152923 0 0 0 0 0 0 0.0152923
30 31 0.000395414 0 -1.1558 0 0 0 0 -1.1554
31 32 0.00361137 0 -1.23548 0 0 0 0 -1.23187
32 33 0.010529 0 -0.765845 0 0 0 0 -0.755316
33 34 0.0726161 0 -1.24616 0 0 0 0 -1.17355
34 35 3.43314e-06 0 -0.995878 0 0 0 0 -0.995875
35 36 0.0156826 0 -1.28759 0 0 0 0 -1.27191
36 37 0.0821848 0 -0.353424 0 0 0 0 -0.271239
37 38 0.042506 0 -1.14058 0 0 0 0 -1.09808
38 39 0.00373708 0 -1.19784 0 0 0 0 -1.1941
40 41 0.00950558 0 -1.19484 0 0 0 0 -1.18533
41 42 0.15132 0 -1.10433 0 0 0 0 -0.953005
42 43 0.00881394 0 -0 0 0 0 0 0.00881394
43 44 0.00570689 0 -1.31677 0 0 0 0 -1.31106
44 45 0.11762 0 -1.29952 0 0 0 0 -1.1819
45 46 0.0332265 0 -1.33451 0 0 0 0 -1.30129
46 47 0.030319 0 -1.43289 0 0 0 0 -1.40257
47 48 0.000809087 0 0 0 0 0 0 0.000809087
48 49 0.120208 0 0 0 0 0 0 0.120208
49 50 0.00198467 0 0 0 0 0 0 0.00198467
50 51 0.0257154 0 -1.21145 0 0 0 0 -1.18574
51 52 0.0670123 0 0 0 0 0 0 0.0670123
52 53 0.0056975 0 -1.13939 0 0 0 0 -1.13369
53 54 3.40219e-05 0 -0.94128 0 0 0 0 -0.941246
54 55 0.0506776 0 -1.24731 0 0 0 0 -1.19663
55 56 0.0397852 0 -1.3968 0 0 0 0 -1.35702
56 57 0.0306658 0 -1.14688 0 0 0 0 -1.11622
57 58 0.0962967 0 -1.24844 0 0 0 0 -1.15214
58 59 0.00299016 0 -0.188917 0 0 0 0 -0.185927
60 61 0.169712 0 -0.93789 0 0 0 0 -0.768177
61 62 0.00126511 0 -1.36756 0 0 0 0 -1.3663
62 63 0.0637722 0 0 0 0 0 0 0.0637722
63 64 0.00243868 0 -0.945461 0 0 0 0 -0.943023
64 65 0.0561805 0 -1.40654 0 0 0 0 -1.35036
65 66 0.081722 0 0 0 0 0 0 0.081722
66 67 0.0645016 0 0 0 0 0 0 0.0645016
67 68 0.261987 0 0 0 0 0 0 0.261987
68 69 0.0106978 0 -1.20884 0 0 0 0 -1.19815
69 70 0.0520816 0 -1.12446 0 0 0 0 -1.07238
70 71 0.0134793 0 -0.772737 0 0 0 0 -0.759258
71 72 0.240174 0 -1.16805 0 0 0 0 -0.927878
72 73 0.00626726 0 -0.967057 0 0 0 0 -0.96079
73 74 0.0812748 0 0 0 0 0 0 0.0812748
74 75 0.0397345 0 -1.24969 0 0 0 0 -1.20995
75 76 7.79114e-05 0 -1.31418 0 0 0 0 -1.3141
76 77 0.0100851 0 0 0 0 0 0 0.0100851
77 78 0.0012865 0 -1.22596 0 0 0 0 -1.22467
78 79 0.0405896 0 0 0 0 0 0 0.0405896
80 81 0.00339394 0 -1.29593 0 0 0 0 -1.29254
81 82 0.0689523 0 -1.07335 0 0 0 0 -1.0044
82 83 0.017964 0 0 0 0 0 0 0.017964
83 84 0.0244078 0 -1.43568 0 0 0 0 -1.41127
84 85 0.0351951 0 0 0 0 0 0 0.0351951
85 86 0.0145711 0 0 0 0 0 0 0.0145711
86 87 0.0316258 0 -0 0 0 0 0 0.0316258
87 88 0.0229868 0 0 0 0 0 0 0.0229868
83 89 0 0 0 0 0 -0.0095194 0 -0.0095194
88 89 0.0182502 0 0 0 0 0 0 0.0182502
89 90 0.0451589 0 0 0 0 0 0 0.0451589
90 91 0.0256617 0 0 0 0 0 0 0.0256617
91 92 0.0245185 0 0 0 0 0 0 0.0245185
92 93 0.369043 0 -1.4469 0 0 0 0 -1.07786
93 94 0.100284 0 -1.28792 0 0 0 0 -1.18764
94 95 0.0481861 0 -1.29004 0 0 0 0 -1.24186
95 96 0.0872428 0 0 0 0 0 0 0.0872428
96 97 0.0165515 0 -0 0 0 0 0 0.0165515
97 98 0.0648212 0 -0.803841 0 0 0 0 -0.73902
98 99 0.0173081 0 -1.09576 0 0 0 0 -1.07845
100 101 0.00130056 0 -1.08925 0 0 0 0 -1.08795
101 102 0.0185009 0 0 0 0 0 0 0.0185009
102 103 0.0600048 0 -0 0 0 0 0 0.0600048
102 104 0 0 0 0.0759504 0 0 0 0.0759504
103 104 0.200302 0 -1.26183 0 0 0 0 -1.06153
104 105 0.233778 0 -1.41445 0 0 0 0 -1.18067
105 106 0.022953 0 -0 0 0 0 0 0.022953
106 107 0.00908422 0 -1.04166 0 0 0 0 -1.03258
107 108 0.0503297 0 -0.34988 0 0 0 0 -0.29955
108 109 5.60769e-05 0 0 0 0 0 0 5.60769e-05
109 110 0.112443 0 0 0 0 0 0 0.112443
110 111 0.249319 0 0 0 0 0 0 0.249319
111 112 0.104295 0 0 0 0 0 0 0.104295
112 113 0.00501535 0 -1.3211 0 0 0 0 -1.31608
113 114 0.000592525 0 0 0 0 0 0 0.000592525
114 115 0.0565619 0 -1.27046 0 0 0 0 -1.2139
115 116 0.118063 0 -1.35629 0 0 0 0 -1.23823
116 117 0.133956 0 -1.07089 0 0 0 0 -0.936933
117 118 0.251355 0 -1.41324 0 0 0 0 -1.16188
118 119 0.114971 0 -1.26389 0 0 0 0 -1.14892
120 121 0.0160022 0 -1.31357 0 0 0 0 -1.29757
121 122 0.00106446 0 -1.23217 0 0 0 0 -1.23111
122 123 0.0157589 0 -1.17177 0 0 0 0 -1.15601
123 124 0.000286799 0 -0.837245 0 0 0 0 -0.836959
124 125 0.000491471 0 -1.20912 0 0 0 0 -1.20863
125 126 0.00433139 0 -1.4051 0 0 0 0 -1.40077
126 127 0.0102523 0 0 0 0 0 0 0.0102523
127 128 0.00341717 0 -0.910896 0 0 0 0 -0.907479
128 129 0.00559052 0 0 0 0 0 0 0.00559052
129 130 0.0468012 0 -1.21766 0 0 0 0 -1.17086
125 131 0 0 0 0 0 -0.07542 0 -0.07542
123 131 0 0 0 0 0 -0.0490284 -0 -0.0490284
130 131 0.00669913 0 0 0 0 0 0 0.00669913
124 132 0 0 0 0 -0 -0.132457 0 -0.132457
123 132 0 0 0 0 -0.494586 0 -0 -0.494586
122 132 0 0 0 0 -3.63028e-29 -0.176733 0 -0.176733
131 132 0.0860046 0 -1.27358 0 0 0 0 -1.18758
123 133 0 0 0 0 -0 -0.136059 0 -0.136059
122 133 0 0 0 0 -0.760002 0 -0 -0.760002
121 133 0 0 0 0 0 -0.0849635 0 -0.0849635
132 133 0.0730419 0 -1.22348 0 0 0 0 -1.15044
122 134 0 0 0 0 0 -0.00246314 0 -0.00246314
121 134 0 0 0 0 0 -0.00782905 -0 -0.00782905
133 134 0.00133883 0 -0.657028 0 0 0 0 -0.655689
134 135 0.00986585 0 0 0 0 0 0 0.00986585
135 136 0.0475018 0 -1.16339 0 0 0 0 -1.11588
136 137 0.00793522 0 -1.19337 0 0 0 0 -1.18543
137 138 0.000953072 0 -1.39687 0 0 0 0 -1.39592
138 139 0.0601898 0 -1.31643 0 0 0 0 -1.25624
140 141 0.00176114 0 -0.919951 0 0 0 0 -0.91819
141 142 0.00101253 0 -1.31254 0 0 0 0 -1.31153
142 143 0.027124 0 -1.10827 0 0 0 0 -1.08115
143 144 0.0847687 0 -1.00571 0 0 0 0 -0.920937
144 145 0.00410686 0 -0.856639 0 0 0 0 -0.852532
145 146 0.17011 0 0 0 0 0 0 0.17011
146 147 0.00564859 0 -1.31854 0 0 0 0 -1.31289
141 148 0 0 0 0 -0 -0.10316 -0 -0.10316
143 148 0 0 0 0 0 -0.0210759 -0 -0.0210759
147 148 0.0117481 0 0 0 0 0 0 0.0117481
142 149 0 0 0 0 0 -0.183179 0 -0.183179
141 149 0 0 0 0 -0.810895 0 -0 -0.810895
140 149 0 0 0 0 0 -0.138705 -0 -0.138705
148 149 0.106307 0 -1.27798 0 0 0 0 -1.17168
141 150 0 0 0 0 0 -0.148808 0 -0.148808
140 150 0 0 0 0 -0.838928 0 -0 -0.838928
149 150 0.00543035 0 -1.24066 0 0 0 0 -1.23523
140 151 0 0 0 0 0 -0.13331 0 -0.13331
150 151 0.0457256 0 -0.982643 0 0 0 0 -0.936918
151 152 2.80308e-05 0 -1.42544 0 0 0 0 -1.42541
152 153 0.0410188 0 0 0 0 0 0 0.0410188
153 154 0.0496801 0 -1.37774 0 0 0 0 -1.32806
154 155 0.00525842 0 -0.91997 0 0 0 0 -0.914711
155 156 0.0122223 0 0 0 0 0 0 0.0122223
156 157 0.0904451 0 -0 0 0 0 0 0.0904451
157 158 0.220936 0 0 0 0 0 0 0.220936
158 159 0.123238 0 -0.944808 0 0 0 0 -0.82157
160 161 0.184309 0 -0.942865 0 0 0 0 -0.758555
161 162 0.0341319 0 -1.05356 0 0 0 0 -1.01943
162 163 0.0935984 0 0 0 0 0 0 0.0935984
163 164 0.160855 0 -1.0436 0 0 0 0 -0.882746
164 165 0.0314052 0 -0.824971 0 0 0 0 -0.793566
165 166 0.0269408 0 0 0 0 0 0 0.0269408
166 167 0.238264 0 -0 0 0 0 0 0.238264
167 168 0.0217573 0 -0.400109 0 0 0 0 -0.378352
168 169 0.273077 0 0 0 0 0 0 0.273077
169 170 0.0638986 0 -1.45471 0 0 0 0 -1.39081
170 171 0.119433 0 0 0 0 0 0 0.119433
171 172 0.00976865 0 0 0 0 0 0 0.00976865
172 173 0.00302947 0 0 0 0 0 0 0.00302947
173 174 0.00489238 0 -0.707251 0 0 0 0 -0.702358
174 175 0.094598 0 0 0 0 0 0 0.094598
175 176 0.00479278 0 -1.43888 0 0 0 0 -1.43409
176 177 0.00287096 0 0 0 0 0 0 0.00287096
177 178 0.000346935 0 0 0 0 0 0 0.000346935
178 179 0.0181638 0 -0.979755 0 0 0 0 -0.961591
180 181 0.456303 0 0 0 0 0 0 0.456303
181 182 0.00359845 0 -1.29163 0 0 0 0 -1.28803
182 183 0.107372 0 0 0 0 0 0 0.107372
183 184 0.0256923 0 -0.647312 0 0 0 0 -0.621619
184 185 0.0560182 0 -1.16433 0 0 0 0 -1.10831
185 186 0.00206248 0 0 0 0 0 0 0.00206248
186 187 0.0615195 0 -1.41153 0 0 0 0 -1.35001
187 188 0.429873 0 -1.34066 0 0 0 0 -0.910785
188 189 0.00408733 0 -1.16343 0 0 0 0 -1.15934
189 190 0.0320119 0 -1.35703 0 0 0 0 -1.32502
190 191 0.0980858 0 0 0 0 0 0 0.0980858
191 192 0.000175906 0 -0 0 0 0 0 0.000175906
192 193 0.0409048 0 -0.683364 0 0 0 0 -0.64246
193 194 0.015788 0 -0 0 0 0 0 0.015788
194 195 0.00118462 0 0 0 0 0 0 0.00118462
195 196 0.000353941 0 -0 0 0 0 0 0.000353941
196 197 0.025036 0 -0.909373 0 0 0 0 -0.884337
197 198 0.171288 0 0 0 0 0 0 0.171288
198 199 0.175584 0 0 0 0 0 0 0.175584
200 201 0.00364406 0 -1.10412 0 0 0 0 -1.10048
201 202 0.0250315 0 0 0 0 0 0 0.0250315
202 203 0.123719 0 -1.27797 0 0 0 0 -1.15425
203 204 0.00749671 0 -1.29857 0 0 0 0 -1.29107
204 205 0.00430208 0 -1.25677 0 0 0 0 -1.25247
205 206 0.120185 0 -0.900638 0 0 0 0 -0.780453
206 207 0.0786266 0 -0.94013 0 0 0 0 -0.861503
207 208 0.0863582 0 -1.14153 0 0 0 0 -1.05518
208 209 0.00212124 0 -0.858974 0 0 0 0 -0.856853
209 210 0.0137469 0 -1.0701 0 0 0 0 -1.05636
210 211 0.000491745 0 -1.19673 0 0 0 0 -1.19623
209 212 0 0 0 0 0 -0.000325821 -0 -0.000325821
208 212 0 0 0 0.020381 -0 0 -0 0.020381
207 212 0 0 0 0 0 -0.040788 -0 -0.040788
211 212 0.0174542 0 0 0 0 0 0 0.0174542
208 213 0 0 0 0 -0 -0.0880716 0 -0.0880716
206 213 0 0 0 0 0 -0.117298 -0 -0.117298
212 213 0.01662 0 -0.981103 0 0 0 0 -0.964483
207 214 0 0 0 0 0 -0.057955 0 -0.057955
205 214 0 0 0 0 -2.70008e-19 -0.0857161 0 -0.0857161
213 214 1.38138e-05 0 -1.30181 0 0 0 0 -1.30179
206 215 0 0 0 0 0 -0.166343 0 -0.166343
205 215 0 0 0 0 -0.746386 0 -0 -0.746386
204 215 0 0 0 0 -0 -0.162313 -0 -0.162313
214 215 0.0730223 0 -0.918752 0 0 0 0 -0.845729
205 216 0 0 0 0 -0 -0.183297 0 -0.183297
204 216 0 0 0 0 -0.852607 0 -0 -0.852607
203 216 0 0 0 0 -9.83915e-30 -0.199338 0 -0.199338
215 216 0.0047598 0 -0.968934 0 0 0 0 -0.964174
204 217 0 0 0 0 -0 -0.165456 0 -0.165456
203 217 0 0 0 0 -0.762074 0 -0 -0.762074
202 217 0 0 0 0 0 -0.15934 0 -0.15934
216 217 0.136919 0 -1.24564 0 0 0 0 -1.10872
217 218 0.00554328 0 0 0 0 0 0 0.00554328
218 219 0.0478813 0 0 0 0 0 0 0.0478813
220 221 0.0181896 0 -1.25964 0 0 0 0 -1.24145
221 222 0.0922376 0 -1.01984 0 0 0 0 -0.927603
222 223 0.000272961 0 0 0 0 0 0 0.000272961
223 224 0.0240865 0 -1.22996 0 0 0 0 -1.20587
224 225 0.00013502 0 0 0 0 0 0 0.00013502
225 226 0.0393183 0 0 0 0 0 0 0.0393183
226 227 0.00495619 0 -1.33881 0 0 0 0 -1.33386
227 228 0.0722545 0 -0.964107 0 0 0 0 -0.891852
228 229 0.0234022 0 0 0 0 0 0 0.0234022
229 230 0.11917 0 -0.838075 0 0 0 0 -0.718904
230 231 0.104001 0 -0.900572 0 0 0 0 -0.796571
231 232 0.0674254 0 0 0 0 0 0 0.0674254
232 233 0.00953993 0 0 0 0 0 0 0.00953993
233 234 0.0264762 0 0 0 0 0 0 0.0264762
234 235 0.0158317 0 0 0 0 0 0 0.0158317
235 236 0.0503416 0 -1.05251 0 0 0 0 -1.00217
236 237 0.5381 0 0 0 0 0 0 0.5381
237 238 0.0198321 0 0 0 0 0 0 0.0198321
238 239 0.24308 0 0 0 0 0 0 0.24308
240 241 2.30303e-05 0 -0 0 0 0 0 2.30303e-05
241 242 0.0210422 0 -1.25277 0 0 0 0 -1.23173
242 243 0.0207883 0 0 0 0 0 0 0.0207883
243 244 0.000480376 0 -0.999105 0 0 0 0 -0.998625
244 245 0.000474495 0 -1.26078 0 0 0 0 -1.2603
245 246 0.104457 0 -1.07945 0 0 0 0 -0.974989
246 247 0.168455 0 -1.14098 0 0 0 0 -0.972528
247 248 0.00993857 0 -1.0992 0 0 0 0 -1.08926
248 249 0.000224215 0 0 0 0 0 0 0.000224215
249 250 0.00135955 0 -1.18414 0 0 0 0 -1.18278
250 251 0.00627194 0 -1.10318 0 0 0 0 -1.09691
251 252 0.0174771 0 -1.17653 0 0 0 0 -1.15905
252 253 0.432777 0 -1.26561 0 0 0 0 -0.832833
253 254 0.00210892 0 -0.95897 0 0 0 0 -0.956861
254 255 4.9642e-05 0 -1.24256 0 0 0 0 -1.24251
255 256 0.00961805 0 -1.24247 0 0 0 0 -1.23285
256 257 0.0160674 0 -0.187798 0 0 0 0 -0.171731
257 258 0.00105925 0 -1.23948 0 0 0 0 -1.23842
258 259 0.0224819 0 -1.15363 0 0 0 0 -1.13115
260 261 0.0232507 0 0 0 0 0 0 0.0232507
261 262 0.0208348 0 -1.3274 0 0 0 0 -1.30657
262 263 0.0171575 0 -1.24026 0 0 0 0 -1.22311
263 264 0.00373139 0 -0.369683 0 0 0 0 -0.365952
264 265 0.0608879 0 -1.25238 0 0 0 0 -1.19149
265 266 0.325177 0 0 0 0 0 0 0.325177
266 267 0.073933 0 -0.831017 0 0 0 0 -0.757084
267 268 0.0411773 0 -1.12483 0 0 0 0 -1.08366
268 269 0.0239124 0 -1.27737 0 0 0 0 -1.25346
269 270 0.00957891 0 -1.15905 0 0 0 0 -1.14947
270 271 0.0765696 0 -1.3418 0 0 0 0 -1.26523
271 272 0.114698 0 0 0 0 0 0 0.114698
272 273 0.0206019 0 -1.15963 0 0 0 0 -1.13903
273 274 0.000721328 0 -1.07099 0 0 0 0 -1.07027
274 275 0.013139 0 -1.09209 0 0 0 0 -1.07896
275 276 0.0790727 0 0 0 0 0 0 0.0790727
276 277 0.241533 0 -0 0 0 0 0 0.241533
277 278 0.000849893 0 -1.35402 0 0 0 0 -1.35317
278 279 0.0215038 0 -0.293856 0 0 0 0 -0.272353
280 281 6.30203e-05 0 -1.19946 0 0 0 0 -1.1994
281 282 0.114395 0 0 0 0 0 0 0.114395
282 283 0.00571089 0 -1.26856 0 0 0 0 -1.26285
283 284 0.0101238 0 -1.2168 0 0 0 0 -1.20668
284 285 6.0679e-05 0 -1.16438 0 0 0 0 -1.16432
285 286 0.10707 0 -0.632068 0 0 0 0 -0.524998
286 287 0.0704051 0 -1.03108 0 0 0 0 -0.960672
287 288 0.114945 0 0 0 0 0 0 0.114945
288 289 0.00497774 0 0 0 0 0 0 0.00497774
289 290 0.0317593 0 0 0 0 0 0 0.0317593
290 291 0.00809808 0 -1.40621 0 0 0 0 -1.39811
291 292 0.00298587 0 0 0 0 0 0 0.00298587
292 293 0.013463 0 -0.748066 0 0 0 0 -0.734603
293 294 0.177868 0 0 0 0 0 0 0.177868
294 295 0.0864804 0 0 0 0 0 0 0.0864804
295 296 0.0202567 0 -1.04957 0 0 0 0 -1.02932
296 297 0.106681 0 -1.16844 0 0 0 0 -1.06176
297 298 0.0805126 0 0 0 0 0 0 0.0805126
298 299 0.0152277 0 -1.33314 0 0 0 0 -1.31791
300 301 0.0702417 0 0 0 0 0 0 0.0702417
301 302 0.0222715 0 0 0 0 0 0 0.0222715
302 303 0.238225 0 0 0 0 0 0 0.238225
303 304 0.0415605 0 -1.12773 0 0 0 0 -1.08617
304 305 0.0107133 0 0 0 0 0 0 0.0107133
305 306 0.00197488 0 0 0 0 0 0 0.00197488
306 307 0.102425 0 0 0 0 0 0 0.102425
307 308 0.0642901 0 -1.36213 0 0 0 0 -1.29783
308 309 0.000161252 0 -1.07369 0 0 0 0 -1.07353
309 310 0.0907979 0 0 0 0 0 0 0.0907979
310 311 0.00769482 0 0 0 0 0 0 0.00769482
311 312 0.104431 0 -0.687119 0 0 0 0 -0.582688
312 313 0.0131853 0 -1.03142 0 0 0 0 -1.01824
313 314 0.03118 0 -1.01003 0 0 0 0 -0.978851
314 315 0.0667254 0 0 0 0 0 0 0.0667254
315 316 0.0191864 0 -0.886243 0 0 0 0 -0.867057
316 317 2.84591e-06 0 0 0 0 0 0 2.84591e-06
317 318 0.0870146 0 -0 0 0 0 0 0.0870146
318 319 0.0353114 0 -1.15215 0 0 0 0 -1.11684
320 321 0.0325811 0 -0 0 0 0 0 0.0325811
321 322 0.00318984 0 -1.43108 0 0 0 0 -1.42789
322 323 0.00704937 0 -1.29909 0 0 0 0 -1.29204
323 324 0.00070441 0 -0.996843 0 0 0 0 -0.996139
324 325 0.0752985 0 -1.37244 0 0 0 0 -1.29714
325 326 3.59378e-05 0 -1.34884 0 0 0 0 -1.3488
326 327 0.0995722 0 -1.41263 0 0 0 0 -1.31305
327 328 0.0423342 0 0 0 0 0 0 0.0423342
328 329 0.0304657 0 0 0 0 0 0 0.0304657
329 330 0.0212844 0 0 0 0 0 0 0.0212844
330 331 0.00631275 0 -1.32391 0 0 0 0 -1.3176
331 332 0.00811304 0 0 0 0 0 0 0.00811304
332 333 0.0169276 0 -1.19535 0 0 0 0 -1.17843
333 334 0.0534432 0 -1.38648 0 0 0 0 -1.33304
334 335 0.037586 0 0 0 0 0 0 0.037586
335 336 0.0495991 0 0 0 0 0 0 0.0495991
336 337 0.131784 0 0 0 0 0 0 0.131784
337 338 0.0665219 0 -1.23578 0 0 0 0 -1.16926
338 339 0.0814182 0 0 0 0 0 0 0.0814182
340 341 0.0506913 0 0 0 0 0 0 0.0506913
341 342 0.212885 0 0 0 0 0 0 0.212885
342 343 0.0353285 0 -1.34821 0 0 0 0 -1.31288
343 344 0.237612 0 0 0 0 0 0 0.237612
344 345 0.0164985 0 -1.27998 0 0 0 0 -1.26349
345 346 0.125047 0 0 0 0 0 0 0.125047
346 347 0.0038694 0 0 0 0 0 0 0.0038694
347 348 0.000681723 0 0 0 0 0 0 0.000681723
348 349 0.0377986 0 -1.26675 0 0 0 0 -1.22895
349 350 0.0010985 0 0 0 0 0 0 0.0010985
350 351 0.0795946 0 -1.15523 0 0 0 0 -1.07564
351 352 0.0488132 0 0 0 0 0 0 0.0488132
352 353 0.0890261 0 0 0 0 0 0 0.0890261
353 354 0.0941002 0 -0.753769 0 0 0 0 -0.659669
354 355 0.00248232 0 -1.31955 0 0 0 0 -1.31707
355 356 0.00469091 0 0 0 0 0 0 0.00469091
356 357 0.00827114 0 0 0 0 0 0 0.00827114
357 358 0.0172285 0 -1.10968 0 0 0 0 -1.09245
358 359 0.0639557 0 -1.09315 0 0 0 0 -1.0292
360 361 0.107701 0 0 0 0 0 0 0.107701
361 362 0.00174606 0 0 0 0 0 0 0.00174606
362 363 0.0203829 0 -0.902082 0 0 0 0 -0.881699
363 364 0.0650711 0 -1.11252 0 0 0 0 -1.04745
364 365 0.00462995 0 -1.31971 0 0 0 0 -1.31508
365 366 0.105486 0 0 0 0 0 0 0.105486
366 367 0.094965 0 0 0 0 0 0 0.094965
367 368 0.0290091 0 -0.390363 0 0 0 0 -0.361354
368 369 0.00742529 0 -1.00169 0 0 0 0 -0.994265
369 370 0.0229437 0 -1.08656 0 0 0 0 -1.06362
370 371 2.3694e-05 0 0 0 0 0 0 2.3694e-05
371 372 0.00791373 0 -0 0 0 0 0 0.00791373
372 373 0.0885869 0 0 0 0 0 0 0.0885869
364 374 0 0 0 0 -4.00528e-05 0 0 -4.00528e-05
373 374 0.246824 0 -1.17334 0 0 0 0 -0.926517
374 375 0.00153067 0 0 0 0 0 0 0.00153067
375 376 0.00138552 0 -1.12687 0 0 0 0 -1.12548
376 377 0.0551897 0 -1.25925 0 0 0 0 -1.20406
377 378 0.0256406 0 -1.05607 0 0 0 0 -1.03043
378 379 0.0241823 0 -1.19238 0 0 0 0 -1.1682
380 381 0.0489184 0 0 0 0 0 0 0.0489184
381 382 0.00794873 0 -0.843089 0 0 0 0 -0.835141
382 383 0.0295295 0 -1.13381 0 0 0 0 -1.10428
383 384 0.0030109 0 0 0 0 0 0 0.0030109
384 385 0.0924532 0 0 0 0 0 0 0.0924532
385 386 0.110307 0 -1.22378 0 0 0 0 -1.11348
386 387 0.0810748 0 -0.86827 0 0 0 0 -0.787195
387 388 0.0472979 0 -1.38721 0 0 0 0 -1.33991
388 389 0.0397021 0 0 0 0 0 0 0.0397021
389 390 0.0450244 0 -1.18015 0 0 0 0 -1.13513
390 391 0.0236085 0 -1.09028 0 0 0 0 -1.06668
391 392 0.000707988 0 -1.16776 0 0 0 0 -1.16705
392 393 0.105103 0 0 0 0 0 0 0.105103
393 394 0.0262461 0 -0 0 0 0 0 0.0262461
394 395 0.111581 0 -1.31158 0 0 0 0 -1.2
395 396 0.0601797 0 -0.647665 0 0 0 0 -0.587485
396 397 0.029535 0 0 0 0 0 0 0.029535
397 398 0.00470139 0 -1.24729 0 0 0 0 -1.24259
398 399 0.0281966 0 0 0 0 0 0 0.0281966
#Total energy per particle is  -0.603256 and should be -0.60325610
