           0   0.000000
       10000  -2.909905
       20000  -3.391260
       30000  -2.646633
       40000  -0.498409
       50000  -1.115943
       60000  -0.976494
       70000  -0.000002
       80000   0.000000
       90000  -1.120786
      100000  -0.588362
      110000  -1.110421
      120000  -2.189908
      130000  -4.314881
      140000  -0.126377
      150000  -0.675028
      160000  -0.000184
      170000   0.000000
      180000   0.000000
      190000  -0.491701
      200000  -0.933345
