#id1 id2 FENE BEXC STCK NEXC HB CRSTCK CXSTCK total, t = 200000
0 1 0.103955 0 0 0 0 0 0 0.103955
1 2 0.000588885 0 0 0 0 0 0 0.000588885
2 3 0.00909591 0 -0.363107 0 0 0 0 -0.354012
3 4 0.0179149 0 -1.2149 0 0 0 0 -1.19698
4 5 0.198849 0 0 0 0 0 0 0.198849
5 6 0.102877 0 0 0 0 0 0 0.102877
6 7 0.0252908 0 0 0 0 0 0 0.0252908
7 8 0.142694 0 -0.945279 0 0 0 0 -0.802585
8 9 0.013476 0 0 0 0 0 0 0.013476
9 10 0.149877 0 0 0 0 0 0 0.149877
10 11 0.00696459 0 0 0 0 0 0 0.00696459
11 12 0.0598221 0 0 0 0 0 0 0.0598221
12 13 0.00265017 0 -0.885671 0 0 0 0 -0.883021
13 14 0.162366 0 -1.29948 0 0 0 0 -1.13712
14 15 0.00391448 0 -1.33227 0 0 0 0 -1.32835
15 16 0.0327028 0 -1.29749 0 0 0 0 -1.26479
16 17 0.182809 0 0 0 0 0 0 0.182809
17 18 0.0016953 0 -0 0 0 0 0 0.0016953
18 19 0.269048 0 -0 0 0 0 0 0.269048
20 21 0.0248722 0 -1.14688 0 0 0 0 -1.12201
21 22 0.00929845 0 -0 0 0 0 0 0.00929845
22 23 0.012755 0 0 0 0 0 0 0.012755
23 24 0.0372254 0 -1.07149 0 0 0 0 -1.03426
24 25 0.107287 0 -1.33148 0 0 0 0 -1.2242
25 26 0.0639201 0 -1.38329 0 0 0 0 -1.31937
26 27 0.0018683 0 -1.24357 0 0 0 0 -1.2417
27 28 0.000449714 0 0 0 0 0 0 0.000449714
28 29 0.0267263 0 -1.25901 0 0 0 0 -1.23228
29 30 0.114703 0 -1.31193 0 0 0 0 -1.19722
30 31 0.0249375 0 -0.591272 0 0 0 0 -0.566335
31 32 0.0207553 0 -1.38137 0 0 0 0 -1.36062
32 33 0.0327118 0 -0.94108 0 0 0 0 -0.908369
33 34 0.00116463 0 -1.3028 0 0 0 0 -1.30164
34 35 0.000239995 0 0 0 0 0 0 0.000239995
35 36 0.091524 0 0 0 0 0 0 0.091524
36 37 0.00414449 0 0 0 0 0 0 0.00414449
37 38 0.00223606 0 -1.29483 0 0 0 0 -1.29259
38 39 0.00689762 0 -1.31265 0 0 0 0 -1.30575
40 41 0.010681 0 -1.04178 0 0 0 0 -1.0311
41 42 0.00310713 0 0 0 0 0 0 0.00310713
42 43 0.00452051 0 -1.2125 0 0 0 0 -1.20798
43 44 0.000997771 0 -0.440103 0 0 0 0 -0.439106
44 45 0.0086533 0 -1.15841 0 0 0 0 -1.14975
45 46 0.329987 0 -0.860012 0 0 0 0 -0.530025
46 47 0.0117691 0 -1.28769 0 0 0 0 -1.27592
47 48 0.197762 0 -1.25806 0 0 0 0 -1.06029
48 49 0.0383377 0 -1.31332 0 0 0 0 -1.27498
49 50 0.00347441 0 0 0 0 0 0 0.00347441
50 51 0.0465273 0 -1.15801 0 0 0 0 -1.11148
51 52 0.037293 0 -1.4481 0 0 0 0 -1.41081
52 53 0.0154923 0 -1.01418 0 0 0 0 -0.998684
53 54 0.0948252 0 -0.8959 0 0 0 0 -0.801075
54 55 0.0804344 0 -1.25899 0 0 0 0 -1.17856
55 56 0.0713302 0 -1.34349 0 0 0 0 -1.27216
56 57 0.000404976 0 0 0 0 0 0 0.000404976
57 58 0.0441227 0 -1.36463 0 0 0 0 -1.32051
58 59 0.0415143 0 0 0 0 0 0 0.0415143
60 61 0.00820646 0 0 0 0 0 0 0.00820646
61 62 0.0283698 0 0 0 0 0 0 0.0283698
62 63 0.0337649 0 -1.32223 0 0 0 0 -1.28846
63 64 0.00936824 0 -0.960508 0 0 0 0 -0.951139
64 65 0.0363725 0 -1.20287 0 0 0 0 -1.1665
65 66 0.140885 0 -1.1712 0 0 0 0 -1.03031
66 67 0.209525 0 -1.30301 0 0 0 0 -1.09349
67 68 0.0192469 0 -0.973531 0 0 0 0 -0.954285
68 69 0.249882 0 0 0 0 0 0 0.249882
69 70 0.0113681 0 -0.63915 0 0 0 0 -0.627782
70 71 0.00314501 0 0 0 0 0 0 0.00314501
71 72 0.283763 0 -1.35163 0 0 0 0 -1.06787
72 73 0.000878136 0 -0.924592 0 0 0 0 -0.923714
73 74 0.0731716 0 0 0 0 0 0 0.0731716
74 75 0.0261597 0 -1.24241 0 0 0 0 -1.21625
75 76 0.0851069 0 -1.3045 0 0 0 0 -1.2194
76 77 0.00991906 0 0 0 0 0 0 0.00991906
77 78 0.00963584 0 -0 0 0 0 0 0.00963584
78 79 0.127398 0 0 0 0 0 0 0.127398
80 81 0.0181022 0 -0 0 0 0 0 0.0181022
81 82 0.0118461 0 -0.682264 0 0 0 0 -0.670418
82 83 0.130696 0 -1.30691 0 0 0 0 -1.17622
83 84 1.12024e-06 0 0 0 0 0 0 1.12024e-06
84 85 0.141619 0 0 0 0 0 0 0.141619
85 86 0.0893044 0 -0.90515 0 0 0 0 -0.815845
86 87 0.0343445 0 -1.32499 0 0 0 0 -1.29064
87 88 0.00722852 0 0 0 0 0 0 0.00722852
88 89 0.0216549 0 0 0 0 0 0 0.0216549
89 90 0.0287744 0 -1.17173 0 0 0 0 -1.14296
90 91 0.408887 0 -1.19877 0 0 0 0 -0.789888
91 92 0.0629675 0 -1.44653 0 0 0 0 -1.38357
92 93 0.00441399 0 -1.2648 0 0 0 0 -1.26038
93 94 0.00726213 0 -0.910743 0 0 0 0 -0.90348
94 95 0.182447 0 -1.2966 0 0 0 0 -1.11415
95 96 0.0199542 0 -1.30273 0 0 0 0 -1.28277
96 97 0.0218411 0 -1.00453 0 0 0 0 -0.982687
96 98 0 0 0 0.0950058 0 0 0 0.0950058
97 98 0.199728 0 0 0 0 0 0 0.199728
98 99 0.0603537 0 -1.26636 0 0 0 0 -1.206
100 101 0.106622 0 0 0 0 0 0 0.106622
101 102 0.0227068 0 0 0 0 0 0 0.0227068
102 103 0.0167807 0 -1.29324 0 0 0 0 -1.27646
103 104 0.267124 0 0 0 0 0 0 0.267124
104 105 0.276456 0 -0.00612775 0 0 0 0 0.270328
105 106 0.0644291 0 -1.23796 0 0 0 0 -1.17353
106 107 0.0247135 0 -0.94867 0 0 0 0 -0.923957
107 108 0.12292 0 0 0 0 0 0 0.12292
108 109 0.135854 0 -0.389887 0 0 0 0 -0.254034
109 110 0.0192828 0 0 0 0 0 0 0.0192828
110 111 0.0349187 0 0 0 0 0 0 0.0349187
111 112 1.31491e-05 0 -0.879979 0 0 0 0 -0.879965
112 113 0.148986 0 -0.69096 0 0 0 0 -0.541974
113 114 0.0256713 0 0 0 0 0 0 0.0256713
114 115 0.137082 0 -1.44953 0 0 0 0 -1.31245
115 116 0.192288 0 0 0 0 0 0 0.192288
116 117 0.00587209 0 -1.28111 0 0 0 0 -1.27524
117 118 0.00666033 0 -0.833407 0 0 0 0 -0.826747
118 119 0.0527922 0 -1.03605 0 0 0 0 -0.983262
120 121 0.064465 0 0 0 0 0 0 0.064465
121 122 0.0253772 0 -1.02773 0 0 0 0 -1.00236
122 123 0.0146848 0 0 0 0 0 0 0.0146848
123 124 0.037656 0 -1.15261 0 0 0 0 -1.11495
124 125 0.00291971 0 -1.15051 0 0 0 0 -1.14759
125 126 0.0375364 0 -1.12549 0 0 0 0 -1.08796
126 127 0.0346984 0 -1.08548 0 0 0 0 -1.05078
127 128 0.0573216 0 0 0 0 0 0 0.0573216
128 129 0.00397595 0 -1.24052 0 0 0 0 -1.23655
129 130 0.00426584 0 -1.00366 0 0 0 0 -0.999397
130 131 8.78179e-05 0 -1.20702 0 0 0 0 -1.20693
131 132 0.0515451 0 0 0 0 0 0 0.0515451
132 133 0.0173443 0 -0.73044 0 0 0 0 -0.713095
133 134 0.0336415 0 -1.1737 0 0 0 0 -1.14006
134 135 0.000557514 0 0 0 0 0 0 0.000557514
135 136 0.000186397 0 0 0 0 0 0 0.000186397
136 137 0.0881238 0 -0 0 0 0 0 0.0881238
137 138 0.0262593 0 -1.26924 0 0 0 0 -1.24298
138 139 0.00199926 0 0 0 0 0 0 0.00199926
140 141 0.0217919 0 0 0 0 0 0 0.0217919
141 142 0.137544 0 0 0 0 0 0 0.137544
142 143 0.0233353 0 -0.786772 0 0 0 0 -0.763436
143 144 0.0473213 0 -1.17554 0 0 0 0 -1.12822
144 145 0.0992476 0 0 0 0 0 0 0.0992476
145 146 0.00307033 0 -1.28497 0 0 0 0 -1.2819
146 147 0.493832 0 -1.16338 0 0 0 0 -0.669552
147 148 1.23636e-05 0 -1.16111 0 0 0 0 -1.1611
148 149 6.60607e-05 0 -1.40642 0 0 0 0 -1.40636
149 150 0.0296302 0 -0 0 0 0 0 0.0296302
150 151 0.170591 0 -1.18289 0 0 0 0 -1.0123
151 152 0.0258564 0 0 0 0 0 0 0.0258564
152 153 0.0129992 0 -1.29581 0 0 0 0 -1.28281
153 154 0.00959668 0 -1.23467 0 0 0 0 -1.22507
154 155 0.276248 0 -1.04125 0 0 0 0 -0.765004
155 156 0.000454256 0 -0.99069 0 0 0 0 -0.990236
156 157 0.0569689 0 -0 0 0 0 0 0.0569689
157 158 0.054453 0 0 0 0 0 0 0.054453
158 159 0.00109377 0 0 0 0 0 0 0.00109377
160 161 0.167786 0 -1.38539 0 0 0 0 -1.21761
161 162 0.0785485 0 -0.0224253 0 0 0 0 0.0561232
162 163 0.0294059 0 -1.15616 0 0 0 0 -1.12676
163 164 0.0681773 0 -0.93723 0 0 0 0 -0.869053
164 165 0.0036332 0 0 0 0 0 0 0.0036332
165 166 0.0817226 0 -1.2219 0 0 0 0 -1.14018
166 167 0.138849 0 -1.1321 0 0 0 0 -0.993252
167 168 0.000238224 0 -1.17126 0 0 0 0 -1.17103
168 169 0.000902949 0 -0.748144 0 0 0 0 -0.747241
169 170 0.0396045 0 0 0 0 0 0 0.0396045
170 171 0.000284538 0 -0.615636 0 0 0 0 -0.615352
171 172 0.0564169 0 0 0 0 0 0 0.0564169
172 173 0.00791951 0 0 0 0 0 0 0.00791951
173 174 0.00133631 0 -1.39256 0 0 0 0 -1.39122
174 175 0.0701521 0 -1.23644 0 0 0 0 -1.16628
175 176 0.00730626 0 -1.11756 0 0 0 0 -1.11026
176 177 0.0554312 0 0 0 0 0 0 0.0554312
177 178 0.0785245 0 -1.40495 0 0 0 0 -1.32642
178 179 0.120113 0 0 0 0 0 0 0.120113
180 181 0.100283 0 -1.12369 0 0 0 0 -1.02341
181 182 0.0229616 0 -1.11374 0 0 0 0 -1.09078
182 183 0.000304298 0 -0.000197438 0 0 0 0 0.00010686
183 184 0.0103587 0 0 0 0 0 0 0.0103587
184 185 0.00443761 0 -1.21797 0 0 0 0 -1.21353
185 186 0.112327 0 -1.35848 0 0 0 0 -1.24615
186 187 0.0813631 0 -1.36855 0 0 0 0 -1.28719
187 188 0.0107891 0 -1.22351 0 0 0 0 -1.21272
188 189 0.23251 0 0 0 0 0 0 0.23251
189 190 0.00951257 0 -0 0 0 0 0 0.00951257
190 191 0.000784985 0 -1.02447 0 0 0 0 -1.02369
191 192 0.0567796 0 -1.01903 0 0 0 0 -0.962246
192 193 0.144557 0 -1.05619 0 0 0 0 -0.911628
193 194 1.64103e-05 0 -1.15647 0 0 0 0 -1.15645
194 195 0.00703501 0 0 0 0 0 0 0.00703501
195 196 0.0404951 0 0 0 0 0 0 0.0404951
196 197 0.00160747 0 -1.00445 0 0 0 0 -1.00284
197 198 3.4853e-05 0 0 0 0 0 0 3.4853e-05
198 199 0.0169817 0 -1.34666 0 0 0 0 -1.32968
200 201 0.043421 0 -1.26268 0 0 0 0 -1.21926
201 202 0.00280851 0 -0.456425 0 0 0 0 -0.453617
202 203 0.077342 0 0 0 0 0 0 0.077342
203 204 0.0466823 0 -0.597695 0 0 0 0 -0.551013
204 205 0.000267227 0 -1.01168 0 0 0 0 -1.01141
205 206 0.0101824 0 -1.15978 0 0 0 0 -1.1496
206 207 0.000673023 0 -1.03263 0 0 0 0 -1.03195
207 208 0.0152736 0 -1.35393 0 0 0 0 -1.33865
208 209 0.207746 0 -0.962518 0 0 0 0 -0.754772
209 210 0.0857103 0 -1.38622 0 0 0 0 -1.30051
210 211 0.188425 0 -1.38363 0 0 0 0 -1.19521
211 212 0.0178809 0 0 0 0 0 0 0.0178809
212 213 0.119753 0 0 0 0 0 0 0.119753
213 214 0.115182 0 -1.16915 0 0 0 0 -1.05397
214 215 0.0317993 0 -0.899626 0 0 0 0 -0.867827
215 216 0.021412 0 -1.09362 0 0 0 0 -1.07221
216 217 0.145297 0 -1.22041 0 0 0 0 -1.07511
217 218 0.000119658 0 0 0 0 0 0 0.000119658
218 219 0.0284988 0 0 0 0 0 0 0.0284988
220 221 0.039853 0 -0 0 0 0 0 0.039853
221 222 0.0341774 0 0 0 0 0 0 0.0341774
222 223 0.020024 0 0 0 0 0 0 0.020024
223 224 0.125537 0 -1.11848 0 0 0 0 -0.992946
224 225 0.0262895 0 -1.23419 0 0 0 0 -1.2079
225 226 0.00181804 0 -0.8675 0 0 0 0 -0.865682
226 227 0.0163262 0 0 0 0 0 0 0.0163262
227 228 0.00464148 0 -1.11204 0 0 0 0 -1.1074
228 229 0.0449282 0 -1.05459 0 0 0 0 -1.00966
229 230 0.0969667 0 -0.959583 0 0 0 0 -0.862617
230 231 9.04226e-05 0 0 0 0 0 0 9.04226e-05
231 232 0.0600347 0 -1.04089 0 0 0 0 -0.980854
232 233 0.00662693 0 0 0 0 0 0 0.00662693
233 234 0.00106699 0 -1.1769 0 0 0 0 -1.17583
234 235 0.00150704 0 -0 0 0 0 0 0.00150704
235 236 0.00377344 0 -1.05899 0 0 0 0 -1.05522
236 237 0.011974 0 -1.19699 0 0 0 0 -1.18502
237 238 0.102178 0 0 0 0 0 0 0.102178
238 239 0.0155903 0 0 0 0 0 0 0.0155903
240 241 0.0577753 0 -1.22588 0 0 0 0 -1.1681
241 242 0.042536 0 0 0 0 0 0 0.042536
242 243 0.0664104 0 0 0 0 0 0 0.0664104
243 244 0.00337021 0 0 0 0 0 0 0.00337021
244 245 0.0660466 0 -0 0 0 0 0 0.0660466
245 246 0.00447306 0 -0 0 0 0 0 0.00447306
246 247 0.135614 0 -1.20155 0 0 0 0 -1.06594
247 248 0.00920031 0 0 0 0 0 0 0.00920031
248 249 0.000679354 0 0 0 0 0 0 0.000679354
249 250 0.0283379 0 -1.36688 0 0 0 0 -1.33854
250 251 0.0844321 0 0 0 0 0 0 0.0844321
251 252 0.00298306 0 0 0 0 0 0 0.00298306
252 253 0.111026 0 -1.31391 0 0 0 0 -1.20288
253 254 0.121375 0 0 0 0 0 0 0.121375
254 255 0.00720531 0 -0.89023 0 0 0 0 -0.883024
255 256 0.0558027 0 -1.11201 0 0 0 0 -1.05621
256 257 0.281754 0 -0 0 0 0 0 0.281754
257 258 0.0079071 0 -1.07879 0 0 0 0 -1.07088
258 259 0.0026451 0 -1.32537 0 0 0 0 -1.32273
260 261 0.0384294 0 -1.33847 0 0 0 0 -1.30004
261 262 0.0223949 0 0 0 0 0 0 0.0223949
262 263 1.15951e-05 0 -1.2641 0 0 0 0 -1.26409
263 264 0.0325781 0 -1.19013 0 0 0 0 -1.15755
264 265 0.0248514 0 -0.861073 0 0 0 0 -0.836221
265 266 0.0468386 0 0 0 0 0 0 0.0468386
266 267 0.0632253 0 -0.890253 0 0 0 0 -0.827027
267 268 0.0801446 0 0 0 0 0 0 0.0801446
268 269 0.00252942 0 -1.4044 0 0 0 0 -1.40187
269 270 0.0166856 0 -1.30284 0 0 0 0 -1.28616
270 271 0.0365433 0 0 0 0 0 0 0.0365433
271 272 0.0448968 0 -0 0 0 0 0 0.0448968
272 273 0.1443 0 -1.3008 0 0 0 0 -1.1565
273 274 0.00863964 0 -1.42148 0 0 0 0 -1.41284
274 275 0.0547354 0.00268007 -0 0 0 0 0 0.0574155
275 276 0.0373172 0 0 0 0 0 0 0.0373172
276 277 0.000320972 0 -1.07102 0 0 0 0 -1.0707
277 278 0.0414837 0 -1.19878 0 0 0 0 -1.1573
278 279 0.053551 0 -1.06858 0 0 0 0 -1.01502
280 281 0.235819 0 -1.0868 0 0 0 0 -0.850981
281 282 0.00753986 0 -1.33166 0 0 0 0 -1.32412
282 283 0.343585 0 -1.00989 0 0 0 0 -0.666301
283 284 0.0120998 0 -1.0501 0 0 0 0 -1.038
284 285 0.0347553 0 -0.852245 0 0 0 0 -0.817489
285 286 0.00159963 0 0 0 0 0 0 0.00159963
286 287 0.000960928 0 -1.37253 0 0 0 0 -1.37157
287 288 0.252209 0 -1.33808 0 0 0 0 -1.08587
288 289 0.0659956 0 -1.40224 0 0 0 0 -1.33624
289 290 0.00956899 0 0 0 0 0 0 0.00956899
290 291 0.00375469 0 -1.41935 0 0 0 0 -1.41559
291 292 0.0110923 0 0 0 0 0 0 0.0110923
292 293 0.0135107 0 -1.09035 0 0 0 0 -1.07684
293 294 0.0435503 0 0 0 0 0 0 0.0435503
294 295 0.0298912 0 -1.38113 0 0 0 0 -1.35124
295 296 0.0372007 0 -1.27676 0 0 0 0 -1.23956
296 297 0.288415 0 -1.15756 0 0 0 0 -0.869145
297 298 0.0239613 0 -0.546777 0 0 0 0 -0.522816
298 299 0.00581291 0 -1.19095 0 0 0 0 -1.18514
300 301 0.0306664 0 0 0 0 0 0 0.0306664
301 302 0.00476429 0 -1.33368 0 0 0 0 -1.32892
302 303 0.0699117 0 0 0 0 0 0 0.0699117
303 304 0.0465889 0 0 0 0 0 0 0.0465889
304 305 0.0692873 0 0 0 0 0 0 0.0692873
305 306 0.0112028 0 -0 0 0 0 0 0.0112028
306 307 0.022816 0 0 0 0 0 0 0.022816
307 308 0.16619 0 -1.21703 0 0 0 0 -1.05084
308 309 0.0086592 0 -0.871125 0 0 0 0 -0.862466
309 310 0.105695 0 -1.36148 0 0 0 0 -1.25579
310 311 0.000288193 0 -1.27272 0 0 0 0 -1.27244
311 312 0.0101714 0 -1.29784 0 0 0 0 -1.28767
312 313 0.023789 0 -1.27454 0 0 0 0 -1.25075
313 314 0.048249 0 -0 0 0 0 0 0.048249
314 315 0.159541 0 0 0 0 0 0 0.159541
315 316 0.214923 0 -1.42108 0 0 0 0 -1.20616
316 317 0.00221418 0 0 0 0 0 0 0.00221418
317 318 0.0141742 0 -1.17757 0 0 0 0 -1.16339
318 319 0.015138 0 -0.879507 0 0 0 0 -0.864369
320 321 0.201381 0 -0.955368 0 0 0 0 -0.753987
321 322 0.0207187 0 0 0 0 0 0 0.0207187
322 323 0.0254538 0 0 0 0 0 0 0.0254538
323 324 0.0181494 0 0 0 0 0 0 0.0181494
324 325 0.0341433 0 0 0 0 0 0 0.0341433
325 326 0.000192581 0 -1.43349 0 0 0 0 -1.4333
326 327 0.0870112 0 0 0 0 0 0 0.0870112
327 328 0.0942935 0 0 0 0 0 0 0.0942935
328 329 0.334574 0 -1.12999 0 0 0 0 -0.795416
329 330 0.134917 0 0 0 0 0 0 0.134917
330 331 0.0671634 0 -1.37599 0 0 0 0 -1.30882
331 332 0.000939956 0 -1.31121 0 0 0 0 -1.31027
332 333 0.0412258 0 0 0 0 0 0 0.0412258
333 334 0.238478 0 -1.27093 0 0 0 0 -1.03245
334 335 0.123457 0 0 0 0 0 0 0.123457
335 336 0.00791393 0 0 0 0 0 0 0.00791393
336 337 0.0687621 0 -1.20409 0 0 0 0 -1.13533
337 338 0.0132676 0 -1.2903 0 0 0 0 -1.27704
338 339 0.0294658 0 0 0 0 0 0 0.0294658
340 341 0.00790736 0 -1.18473 0 0 0 0 -1.17682
341 342 0.00396034 0 -1.24885 0 0 0 0 -1.24489
342 343 0.0126305 0 -1.28698 0 0 0 0 -1.27435
343 344 0.112104 0 -1.37694 0 0 0 0 -1.26484
344 345 0.162709 0 0 0 0 0 0 0.162709
345 346 0.0567613 0 0 0 0 0 0 0.0567613
346 347 0.0533294 0 -1.20329 0 0 0 0 -1.14996
347 348 9.4168e-05 0 0 0 0 0 0 9.4168e-05
348 349 0.0102 0 -1.10419 0 0 0 0 -1.09399
349 350 0.0269112 0 -0.954567 0 0 0 0 -0.927656
350 351 0.0552013 0 0 0 0 0 0 0.0552013
351 352 0.0903186 0 -0.985534 0 0 0 0 -0.895215
352 353 0.0129203 0 -0.963271 0 0 0 0 -0.950351
353 354 0.0562801 0 -1.31834 0 0 0 0 -1.26206
354 355 0.00111839 0 -1.21774 0 0 0 0 -1.21663
355 356 0.0213519 0 0 0 0 0 0 0.0213519
356 357 0.000620963 0 0 0 0 0 0 0.000620963
357 358 0.108779 0 -1.15562 0 0 0 0 -1.04684
358 359 0.00572728 0 -0.62533 0 0 0 0 -0.619603
360 361 0.1439 0 -1.27515 0 0 0 0 -1.13125
361 362 0.00570262 0 0 0 0 0 0 0.00570262
362 363 0.0813668 0 0 0 0 0 0 0.0813668
363 364 0.0102821 0 0 0 0 0 0 0.0102821
364 365 0.000259138 0 -0.970163 0 0 0 0 -0.969904
365 366 0.0109358 0 -1.13653 0 0 0 0 -1.12559
366 367 0.0479189 0 -0.0441488 0 0 0 0 0.00377006
367 368 0.0110352 0 -0.96363 0 0 0 0 -0.952595
368 369 0.0153276 0 -1.23378 0 0 0 0 -1.21845
369 370 0.0306521 0 0 0 0 0 0 0.0306521
370 371 0.09769 0 -1.23542 0 0 0 0 -1.13773
371 372 0.171311 0 0 0 0 0 0 0.171311
372 373 0.0195748 0 0 0 0 0 0 0.0195748
373 374 0.0119241 0 0 0 0 0 0 0.0119241
374 375 2.24129e-05 0 -0.949678 0 0 0 0 -0.949656
375 376 0.24517 0 -1.29282 0 0 0 0 -1.04765
376 377 0.0573657 0 0 0 0 0 0 0.0573657
377 378 0.0275089 0 -1.34362 0 0 0 0 -1.31611
378 379 0.116837 0 0 0 0 0 0 0.116837
380 381 0.0455628 0 -1.09198 0 0 0 0 -1.04642
381 382 0.0403946 0 -1.19675 0 0 0 0 -1.15636
382 383 0.0098352 0 -0.948816 0 0 0 0 -0.938981
383 384 0.00242527 0 -1.08774 0 0 0 0 -1.08531
384 385 0.0319433 0 -1.39368 0 0 0 0 -1.36174
385 386 0.0436435 0 -1.11674 0 0 0 0 -1.0731
386 387 0.00104721 0 -1.4059 0 0 0 0 -1.40486
387 388 0.000424523 0 -0.593407 0 0 0 0 -0.592982
388 389 0.00128982 0 -1.18732 0 0 0 0 -1.18603
389 390 0.00953468 0 -1.18438 0 0 0 0 -1.17484
390 391 0.134887 0 -1.40257 0 0 0 0 -1.26768
391 392 0.0100578 0 -1.28796 0 0 0 0 -1.27791
392 393 0.0945609 0 -1.21794 0 0 0 0 -1.12338
393 394 0.00400653 0 -0.00996244 0 0 0 0 -0.00595591
394 395 0.0145601 0 -1.12534 0 0 0 0 -1.11078
395 396 0.000700109 0 0 0 0 0 0 0.000700109
396 397 0.1738 0 -1.24934 0 0 0 0 -1.07554
397 398 0.198732 0 -0.722293 0 0 0 0 -0.52356
398 399 0.00870244 0 -0.842488 0 0 0 0 -0.833785
400 401 0.0699776 0 -1.06339 0 0 0 0 -0.993414
401 402 0.0013433 0 0 0 0 0 0 0.0013433
402 403 0.0336677 0 -1.20237 0 0 0 0 -1.1687
403 404 0.00415681 0 -1.19459 0 0 0 0 -1.19043
404 405 0.00155063 0 0 0 0 0 0 0.00155063
405 406 0.0994449 0 -0.804142 0 0 0 0 -0.704697
406 407 0.00539731 0 0 0 0 0 0 0.00539731
407 408 0.0183182 0 0 0 0 0 0 0.0183182
408 409 0.097994 0 -0.996693 0 0 0 0 -0.898699
409 410 0.000796882 0 -0.956521 0 0 0 0 -0.955724
410 411 0.000430618 0 0 0 0 0 0 0.000430618
411 412 0.172603 0 -1.25415 0 0 0 0 -1.08155
412 413 0.0448052 0 -1.3494 0 0 0 0 -1.3046
413 414 0.000241149 0 0 0 0 0 0 0.000241149
414 415 0.00176335 0 -0 0 0 0 0 0.00176335
415 416 0.00735378 0 -1.38844 0 0 0 0 -1.38109
416 417 0.0134617 0 -1.31503 0 0 0 0 -1.30157
417 418 0.0735924 0 -0.989969 0 0 0 0 -0.916376
418 419 0.0220675 0 -1.03546 0 0 0 0 -1.0134
420 421 0.00312672 0 -1.18891 0 0 0 0 -1.18578
421 422 0.00388267 0 -0 0 0 0 0 0.00388267
422 423 0.00487348 0 0 0 0 0 0 0.00487348
423 424 0.00754575 0 -1.28045 0 0 0 0 -1.27291
424 425 0.190426 0 -0.900844 0 0 0 0 -0.710418
425 426 0.0142064 0 -0.540368 0 0 0 0 -0.526161
426 427 0.038659 0 -1.30525 0 0 0 0 -1.26659
427 428 0.00485049 0 -1.38557 0 0 0 0 -1.38072
428 429 0.0689066 0 -1.32096 0 0 0 0 -1.25205
429 430 0.0331607 0 -1.2733 0 0 0 0 -1.24014
430 431 0.251742 0 -1.37416 0 0 0 0 -1.12242
431 432 0.00155121 0 -1.38292 0 0 0 0 -1.38137
432 433 0.000213157 0 -0.635692 0 0 0 0 -0.635479
433 434 0.00125834 0 -0 0 0 0 0 0.00125834
434 435 0.0158868 0 0 0 0 0 0 0.0158868
435 436 0.00243445 0 0 0 0 0 0 0.00243445
436 437 0.00809955 0 -1.22268 0 0 0 0 -1.21458
437 438 0.350018 0 -1.19674 0 0 0 0 -0.846721
438 439 0.00386702 0 0 0 0 0 0 0.00386702
440 441 0.0028746 0 0 0 0 0 0 0.0028746
441 442 0.00523586 0 -1.43955 0 0 0 0 -1.43432
442 443 0.000136115 0 0 0 0 0 0 0.000136115
443 444 0.046568 0 -0.722914 0 0 0 0 -0.676345
444 445 0.211971 0 -1.41499 0 0 0 0 -1.20302
445 446 0.0869368 0 -1.00714 0 0 0 0 -0.920207
446 447 0.0900991 0 -1.30649 0 0 0 0 -1.21639
447 448 0.0310979 0 -0.75037 0 0 0 0 -0.719272
448 449 0.0208212 0 -1.3092 0 0 0 0 -1.28838
449 450 0.00267053 0 -1.17608 0 0 0 0 -1.17341
450 451 0.00926706 0 -1.04743 0 0 0 0 -1.03816
451 452 6.50434e-05 0 0 0 0 0 0 6.50434e-05
452 453 0.017658 0 -1.24378 0 0 0 0 -1.22612
453 454 0.00797515 0 -1.34188 0 0 0 0 -1.3339
454 455 0.0670361 0 0 0 0 0 0 0.0670361
455 456 1.44508e-05 0 -0 0 0 0 0 1.44508e-05
456 457 0.0273877 0 0 0 0 0 0 0.0273877
457 458 0.0618842 0 0 0 0 0 0 0.0618842
458 459 0.0483735 0 -1.00964 0 0 0 0 -0.961266
460 461 0.0960879 0 -1.01472 0 0 0 0 -0.918629
461 462 0.0109867 0 0 0 0 0 0 0.0109867
462 463 0.00621737 0 0 0 0 0 0 0.00621737
463 464 0.00157322 0 0 0 0 0 0 0.00157322
464 465 0.109276 0 -1.06351 0 0 0 0 -0.954235
465 466 0.110426 0 -0 0 0 0 0 0.110426
466 467 0.048786 0 -1.3901 0 0 0 0 -1.34132
467 468 0.0370406 0 -0.990377 0 0 0 0 -0.953336
468 469 0.0241406 0 -1.34198 0 0 0 0 -1.31784
469 470 0.00755229 0 -1.21856 0 0 0 0 -1.21101
470 471 0.0460445 0 -1.22186 0 0 0 0 -1.17581
471 472 0.00790845 0 0 0 0 0 0 0.00790845
472 473 0.0743137 0 -0.890563 0 0 0 0 -0.81625
473 474 0.00059171 0 -1.1407 0 0 0 0 -1.1401
474 475 0.0423197 0 -1.05623 0 0 0 0 -1.01391
475 476 0.00344727 0 -1.36678 0 0 0 0 -1.36333
476 477 0.0207569 0 -0 0 0 0 0 0.0207569
477 478 0.00101424 0 0 0 0 0 0 0.00101424
478 479 0.00595515 0 -0.681885 0 0 0 0 -0.67593
480 481 0.0348345 0 0 0 0 0 0 0.0348345
481 482 8.06339e-06 0 -0.256925 0 0 0 0 -0.256917
482 483 0.152793 0 -1.01899 0 0 0 0 -0.866196
480 484 0 0 0 0 0 -0.000563023 -0 -0.000563023
483 484 0.000252612 0 -1.21612 0 0 0 0 -1.21587
480 485 0 0 0 0 0 -0.031201 0 -0.031201
484 485 0.01215 0 -1.09815 0 0 0 0 -1.086
485 486 0.00386496 0 -1.28066 0 0 0 0 -1.27679
486 487 0.0358609 0 -0.889977 0 0 0 0 -0.854116
487 488 0.00108303 0 -1.29565 0 0 0 0 -1.29456
488 489 7.37015e-05 0 0 0 0 0 0 7.37015e-05
489 490 2.01196e-05 0 -0 0 0 0 0 2.01196e-05
490 491 0.0309695 0 -1.02241 0 0 0 0 -0.99144
491 492 0.0357778 0 -0.899475 0 0 0 0 -0.863697
492 493 0.0211481 0 0 0 0 0 0 0.0211481
493 494 0.00755685 0 -0 0 0 0 0 0.00755685
494 495 0.000338142 0 -1.00595 0 0 0 0 -1.00562
495 496 0.00230003 0 -1.3041 0 0 0 0 -1.3018
496 497 0.00227688 0 -0.944461 0 0 0 0 -0.942184
497 498 0.0544317 0 -1.21399 0 0 0 0 -1.15956
498 499 0.00361223 0 -1.21361 0 0 0 0 -1.20999
500 501 0.0277314 0 -1.26368 0 0 0 0 -1.23594
501 502 0.0194568 0 -0.887708 0 0 0 0 -0.868251
502 503 0.0622104 0 0 0 0 0 0 0.0622104
503 504 0.0033303 0 0 0 0 0 0 0.0033303
504 505 0.138791 0 0 0 0 0 0 0.138791
505 506 0.00670858 0 0 0 0 0 0 0.00670858
506 507 0.0417493 0 0 0 0 0 0 0.0417493
507 508 0.00463202 0 -0 0 0 0 0 0.00463202
508 509 0.00247784 0 0 0 0 0 0 0.00247784
509 510 0.010085 0 -0 0 0 0 0 0.010085
510 511 0.138121 0 -1.22848 0 0 0 0 -1.09036
511 512 0.0429881 0 -1.14057 0 0 0 0 -1.09758
512 513 0.00648324 0 -1.44328 0 0 0 0 -1.4368
513 514 0.0183719 0 -1.36055 0 0 0 0 -1.34218
514 515 0.000218497 0 -0.00854973 0 0 0 0 -0.00833123
515 516 0.258356 0 -1.23589 0 0 0 0 -0.977538
516 517 0.00854345 0 0 0 0 0 0 0.00854345
517 518 0.00237711 0 -0 0 0 0 0 0.00237711
518 519 0.00231181 0 -1.0626 0 0 0 0 -1.06028
520 521 0.0278382 0 -0.892075 0 0 0 0 -0.864237
521 522 0.0647406 0 -1.31383 0 0 0 0 -1.24909
522 523 0.0654785 0 0 0 0 0 0 0.0654785
523 524 0.000188632 0 -1.34828 0 0 0 0 -1.34809
524 525 0.0493848 0 -1.42084 0 0 0 0 -1.37146
525 526 0.137719 0 -1.34032 0 0 0 0 -1.2026
526 527 0.00375828 0 0 0 0 0 0 0.00375828
527 528 0.0224923 0 -1.07967 0 0 0 0 -1.05718
528 529 0.302036 0 0 0 0 0 0 0.302036
529 530 0.0851736 0 0 0 0 0 0 0.0851736
530 531 0.0407754 0 -1.22219 0 0 0 0 -1.18142
531 532 0.239142 0 0 0 0 0 0 0.239142
532 533 0.181006 0 -1.02095 0 0 0 0 -0.839941
533 534 0.017434 0 -1.42163 0 0 0 0 -1.40419
534 535 0.101266 0 -1.10961 0 0 0 0 -1.00835
535 536 0.00475276 0 -0.553901 0 0 0 0 -0.549148
536 537 0.0677034 0 -1.32197 0 0 0 0 -1.25426
537 538 0.0234428 0 -1.10368 0 0 0 0 -1.08024
538 539 0.0663581 0 0 0 0 0 0 0.0663581
540 541 0.0206942 0 -0.502842 0 0 0 0 -0.482148
541 542 0.0981392 0 0 0 0 0 0 0.0981392
542 543 0.00722459 0 -1.3092 0 0 0 0 -1.30197
543 544 0.0913272 0 -1.12461 0 0 0 0 -1.03328
544 545 0.224531 0 -1.24429 0 0 0 0 -1.01976
545 546 0.0795843 0 0 0 0 0 0 0.0795843
546 547 0.000590015 0 0 0 0 0 0 0.000590015
547 548 0.0443587 0 -0 0 0 0 0 0.0443587
548 549 0.0154761 0 -1.39551 0 0 0 0 -1.38003
549 550 0.00464876 0 -1.39901 0 0 0 0 -1.39436
550 551 0.0552065 0 -1.26434 0 0 0 0 -1.20913
551 552 1.05559e-05 0 -0.761119 0 0 0 0 -0.761108
552 553 0.000141021 0 -1.43086 0 0 0 0 -1.43071
553 554 0.00143259 0 -0.685778 0 0 0 0 -0.684345
554 555 0.0229473 0 -1.24347 0 0 0 0 -1.22052
555 556 0.0917465 0 -1.17639 0 0 0 0 -1.08464
556 557 0.000247445 0 0 0 0 0 0 0.000247445
557 558 0.00907574 0 0 0 0 0 0 0.00907574
558 559 0.048951 0 0 0 0 0 0 0.048951
560 561 0.0233647 0 -1.30054 0 0 0 0 -1.27717
561 562 0.0322453 0 -0.550529 0 0 0 0 -0.518284
562 563 0.00718153 0 -0.955961 0 0 0 0 -0.948779
563 564 0.0192126 0 -0.288045 0 0 0 0 -0.268832
564 565 0.00166237 0 -1.1184 0 0 0 0 -1.11674
565 566 0.328972 0 -1.21295 0 0 0 0 -0.88398
566 567 0.14622 0 0 0 0 0 0 0.14622
567 568 0.0046956 0 -1.36151 0 0 0 0 -1.35681
568 569 0.000196338 0 -0.96125 0 0 0 0 -0.961054
569 570 0.0558953 0 0 0 0 0 0 0.0558953
570 571 0.00247353 0 0 0 0 0 0 0.00247353
571 572 0.00597041 0 -1.11895 0 0 0 0 -1.11298
572 573 0.00160483 0 0 0 0 0 0 0.00160483
573 574 0.00816909 0 0 0 0 0 0 0.00816909
574 575 0.0678697 0 -0.172695 0 0 0 0 -0.104826
575 576 0.0114186 0 0 0 0 0 0 0.0114186
576 577 0.0323714 0 0 0 0 0 0 0.0323714
576 578 0 0 0 0.0181128 0 0 0 0.0181128
577 578 0.0301034 0 -0 0 0 0 0 0.0301034
578 579 0.322743 0 0 0 0 0 0 0.322743
580 581 0.04303 0 -1.29464 0 0 0 0 -1.25161
580 582 0 0 0 0.04241 0 0 0 0.04241
581 582 0.00101865 0 -0 0 0 0 0 0.00101865
582 583 0.0532802 0 -0 0 0 0 0 0.0532802
583 584 0.108195 0 0 0 0 0 0 0.108195
584 585 0.0128863 0 -1.42865 0 0 0 0 -1.41576
585 586 0.0305872 0 -1.25039 0 0 0 0 -1.2198
586 587 0.0237123 0 -1.16257 0 0 0 0 -1.13885
587 588 0.00693523 0 -1.33963 0 0 0 0 -1.3327
588 589 0.000625665 0 -1.23389 0 0 0 0 -1.23327
589 590 3.44806e-05 0 0 0 0 0 0 3.44806e-05
590 591 0.0529855 0 -1.23386 0 0 0 0 -1.18088
591 592 0.107169 0 0 0 0 0 0 0.107169
592 593 0.0051393 0 -0.733917 0 0 0 0 -0.728778
593 594 0.0249196 0 -0.86269 0 0 0 0 -0.83777
594 595 0.116815 0 0 0 0 0 0 0.116815
595 596 0.0090936 0 -1.25237 0 0 0 0 -1.24327
596 597 0.595956 0 -1.10533 0 0 0 0 -0.509379
597 598 0.000567383 0 -1.1541 0 0 0 0 -1.15354
598 599 0.0251641 0 -1.13714 0 0 0 0 -1.11197
600 601 0.0616814 0 -1.20089 0 0 0 0 -1.13921
601 602 0.0125491 0 -1.41346 0 0 0 0 -1.40091
602 603 0.257014 0 -1.10529 0 0 0 0 -0.848279
603 604 0.0280479 0 -1.16896 0 0 0 0 -1.14091
604 605 0.0016407 0 -0.749103 0 0 0 0 -0.747463
605 606 0.0330752 0 0 0 0 0 0 0.0330752
606 607 0.00020863 0 -0.993008 0 0 0 0 -0.992799
607 608 0.0515022 0 -0 0 0 0 0 0.0515022
608 609 0.0338565 0 0 0 0 0 0 0.0338565
609 610 0.0634651 0 0 0 0 0 0 0.0634651
610 611 0.0300285 0 -1.26457 0 0 0 0 -1.23454
611 612 0.0471328 0 -1.26242 0 0 0 0 -1.21529
612 613 0.00415354 0 -1.44392 0 0 0 0 -1.43977
613 614 0.0386574 0 0 0 0 0 0 0.0386574
614 615 0.0341331 0 -0.573657 0 0 0 0 -0.539524
615 616 0.0531585 0 -1.1697 0 0 0 0 -1.11654
616 617 4.22312e-05 0 -1.4542 0 0 0 0 -1.45416
617 618 0.00487078 0 0 0 0 0 0 0.00487078
618 619 0.0093887 0 -1.10481 0 0 0 0 -1.09542
620 621 0.173616 0 0 0 0 0 0 0.173616
621 622 0.0729507 0 0 0 0 0 0 0.0729507
622 623 0.0631753 0 -1.39954 0 0 0 0 -1.33637
623 624 0.000499764 0 -1.2775 0 0 0 0 -1.277
624 625 0.0243986 0 -1.35124 0 0 0 0 -1.32684
625 626 0.00720382 0 -1.40644 0 0 0 0 -1.39924
626 627 0.0664141 0 -0.956426 0 0 0 0 -0.890012
627 628 0.00544297 0 0 0 0 0 0 0.00544297
628 629 0.0431551 0 0 0 0 0 0 0.0431551
629 630 0.000379853 0 -0.964247 0 0 0 0 -0.963867
630 631 0.132431 0 -1.0753 0 0 0 0 -0.94287
631 632 0.247092 0 -1.26742 0 0 0 0 -1.02033
632 633 0.00847785 0 -1.15502 0 0 0 0 -1.14654
633 634 0.00239253 0 0 0 0 0 0 0.00239253
634 635 0.000387612 0 -1.40516 0 0 0 0 -1.40477
635 636 0.0673584 0 -1.05223 0 0 0 0 -0.984871
636 637 0.102303 0 0 0 0 0 0 0.102303
637 638 0.0513406 0 -1.30552 0 0 0 0 -1.25418
638 639 0.00604381 0 -1.03996 0 0 0 0 -1.03391
640 641 0.0129503 0 -1.40217 0 0 0 0 -1.38922
641 642 0.0628809 0 -1.37434 0 0 0 0 -1.31146
642 643 0.00740272 0 0 0 0 0 0 0.00740272
643 644 0.0149539 0 -1.18978 0 0 0 0 -1.17483
644 645 0.00932738 0 -1.38293 0 0 0 0 -1.3736
645 646 0.0455957 0 0 0 0 0 0 0.0455957
646 647 0.0106974 0 -0 0 0 0 0 0.0106974
647 648 0.145684 0 -1.37486 0 0 0 0 -1.22918
648 649 0.0151072 0 -1.26574 0 0 0 0 -1.25063
649 650 0.0132631 0 0 0 0 0 0 0.0132631
650 651 0.0377304 0 -0.821961 0 0 0 0 -0.78423
651 652 0.000355247 0 -1.2544 0 0 0 0 -1.25405
652 653 0.0866713 0 -1.39777 0 0 0 0 -1.3111
653 654 0.00381197 0 -1.40123 0 0 0 0 -1.39742
654 655 0.087234 0 -1.12468 0 0 0 0 -1.03744
655 656 0.0299677 0 -0.946303 0 0 0 0 -0.916335
656 657 0.00261718 0 0 0 0 0 0 0.00261718
657 658 0.105437 0 -1.24423 0 0 0 0 -1.1388
658 659 0.0041665 0 -0 0 0 0 0 0.0041665
660 661 0.00408583 0 -0.857373 0 0 0 0 -0.853288
661 662 0.0828196 0 0 0 0 0 0 0.0828196
662 663 0.175462 0 -1.38638 0 0 0 0 -1.21091
663 664 0.0531036 0 0 0 0 0 0 0.0531036
664 665 8.92326e-05 0 -1.20904 0 0 0 0 -1.20895
665 666 0.0530347 0 -1.26799 0 0 0 0 -1.21496
666 667 0.0437236 0 -1.32854 0 0 0 0 -1.28482
667 668 0.118199 0 0 0 0 0 0 0.118199
668 669 0.0566961 0 -1.43372 0 0 0 0 -1.37703
669 670 0.00317619 0 -0.141212 0 0 0 0 -0.138035
670 671 0.0107056 0 0 0 0 0 0 0.0107056
671 672 0.0323085 0 0 0 0 0 0 0.0323085
672 673 0.202457 0 0 0 0 0 0 0.202457
673 674 0.190295 0 0 0 0 0 0 0.190295
674 675 0.0436889 0 -0 0 0 0 0 0.0436889
675 676 0.00188279 0 0 0 0 0 0 0.00188279
676 677 0.000523 0 -1.40639 0 0 0 0 -1.40586
677 678 0.0194582 0 -1.08986 0 0 0 0 -1.0704
678 679 0.066617 0 -0 0 0 0 0 0.066617
680 681 0.00352462 0 -1.40829 0 0 0 0 -1.40476
681 682 0.0863444 0 -1.28344 0 0 0 0 -1.19709
682 683 0.000471588 0 0 0 0 0 0 0.000471588
683 684 0.015633 0 0 0 0 0 0 0.015633
684 685 0.00939117 0 -1.24193 0 0 0 0 -1.23254
685 686 0.179156 0 -1.08182 0 0 0 0 -0.902666
686 687 0.0387876 0 -0 0 0 0 0 0.0387876
687 688 0.019123 0 0 0 0 0 0 0.019123
688 689 0.0207398 0 0 0 0 0 0 0.0207398
689 690 0.0132896 0 -1.42941 0 0 0 0 -1.41612
690 691 0.00378014 0 0 0 0 0 0 0.00378014
691 692 0.0143398 0 0 0 0 0 0 0.0143398
692 693 0.00182931 0 -0.789367 0 0 0 0 -0.787538
693 694 0.0943208 0 -1.26011 0 0 0 0 -1.16579
694 695 0.0179192 0 0 0 0 0 0 0.0179192
695 696 0.0138994 0 -0.919895 0 0 0 0 -0.905995
696 697 2.33177e-05 0 -0.690535 0 0 0 0 -0.690512
697 698 0.00498812 0 -1.26734 0 0 0 0 -1.26236
698 699 0.135147 0 0 0 0 0 0 0.135147
700 701 0.00907545 0 0 0 0 0 0 0.00907545
701 702 0.0233596 0 -1.04806 0 0 0 0 -1.0247
702 703 0.00201537 0 0 0 0 0 0 0.00201537
703 704 0.00259029 0 0 0 0 0 0 0.00259029
704 705 0.0847365 0 -0.798688 0 0 0 0 -0.713952
705 706 0.0173748 0 -0.875009 0 0 0 0 -0.857634
706 707 0.91673 0 0 0 0 0 0 0.91673
707 708 0.00685847 0 -1.31994 0 0 0 0 -1.31309
708 709 0.168041 0 -1.0473 0 0 0 0 -0.879259
709 710 0.00264551 0 -1.40064 0 0 0 0 -1.39799
710 711 0.129562 0 -1.10781 0 0 0 0 -0.978253
711 712 0.0174114 0 -0.994942 0 0 0 0 -0.97753
712 713 0.0917584 0 0 0 0 0 0 0.0917584
713 714 0.00904877 0 0 0 0 0 0 0.00904877
714 715 0.0498513 0 -1.12826 0 0 0 0 -1.07841
715 716 0.164742 0 0 0 0 0 0 0.164742
716 717 0.0916765 0 0 0 0 0 0 0.0916765
717 718 0.171864 0 -1.2778 0 0 0 0 -1.10594
718 719 0.121654 0 0 0 0 0 0 0.121654
720 721 0.00153038 0 0 0 0 0 0 0.00153038
721 722 0.287056 0 -1.26379 0 0 0 0 -0.976739
722 723 0.0605845 0 -1.19284 0 0 0 0 -1.13226
723 724 0.0993165 0 -0.084825 0 0 0 0 0.0144915
724 725 0.268992 0 -0.939714 0 0 0 0 -0.670722
725 726 0.044285 0 0 0 0 0 0 0.044285
726 727 0.0425288 0 -1.28036 0 0 0 0 -1.23783
727 728 0.0464589 0 -1.32251 0 0 0 0 -1.27605
728 729 0.0125561 0 -1.09226 0 0 0 0 -1.07971
726 730 0 0 0 0 -0 -0.000174404 0 -0.000174404
729 730 0.00216618 0 0 0 0 0 0 0.00216618
728 731 0 0 0 0 -0 -0.000835206 0 -0.000835206
730 731 0.0546029 0 -0.798282 0 0 0 0 -0.743679
731 732 0.0469988 0 -1.2462 0 0 0 0 -1.1992
732 733 0.102891 0 -0.942988 0 0 0 0 -0.840098
733 734 0.165128 0 -0.993119 0 0 0 0 -0.827991
734 735 0.000630317 0 0 0 0 0 0 0.000630317
735 736 0.324028 0 0 0 0 0 0 0.324028
736 737 0.00780166 0 0 0 0 0 0 0.00780166
737 738 0.0149292 0 -0.97775 0 0 0 0 -0.962821
738 739 0.415481 0 -0 0 0 0 0 0.415481
740 741 0.00891793 0 -0.391693 0 0 0 0 -0.382775
741 742 0.00430761 0 0 0 0 0 0 0.00430761
742 743 0.0723492 0 0 0 0 0 0 0.0723492
743 744 0.0983661 0 -1.23697 0 0 0 0 -1.13861
744 745 0.138503 0 0 0 0 0 0 0.138503
745 746 0.0585456 0 -1.03699 0 0 0 0 -0.97844
746 747 0.128053 0 -1.06507 0 0 0 0 -0.937012
747 748 0.00215142 0 -1.34043 0 0 0 0 -1.33827
748 749 0.0640126 0 0 0 0 0 0 0.0640126
749 750 0.039171 0 -1.28868 0 0 0 0 -1.24951
750 751 0.0902358 0 -1.32814 0 0 0 0 -1.2379
751 752 0.0290222 0 -1.31344 0 0 0 0 -1.28442
752 753 0.0492772 0 -1.22576 0 0 0 0 -1.17648
753 754 7.34839e-07 0 -1.29641 0 0 0 0 -1.29641
754 755 0.139018 0 -0.98543 0 0 0 0 -0.846411
755 756 0.0443063 0 -1.30687 0 0 0 0 -1.26256
756 757 0.00326181 0 -1.20986 0 0 0 0 -1.2066
757 758 0.0249189 0 -1.34637 0 0 0 0 -1.32145
758 759 4.73522e-05 0 -1.24133 0 0 0 0 -1.24129
760 761 0.0216455 0 0 0 0 0 0 0.0216455
761 762 0.0367127 0 -0 0 0 0 0 0.0367127
762 763 4.63886e-06 0 -1.10472 0 0 0 0 -1.10472
763 764 0.120639 0 -1.22245 0 0 0 0 -1.10181
764 765 0.144962 0 0 0 0 0 0 0.144962
765 766 0.142678 0 0 0 0 0 0 0.142678
766 767 0.020823 0 -0.926804 0 0 0 0 -0.905981
767 768 0.0523078 0 -1.30226 0 0 0 0 -1.24995
768 769 1.91744e-05 0 -0.912154 0 0 0 0 -0.912134
769 770 0.0730794 0 0 0 0 0 0 0.0730794
770 771 0.090253 0 0 0 0 0 0 0.090253
771 772 0.201591 0 -0.879401 0 0 0 0 -0.67781
772 773 0.0663549 0 -1.08847 0 0 0 0 -1.02211
773 774 0.00100181 0 0 0 0 0 0 0.00100181
774 775 0.0017649 0 0 0 0 0 0 0.0017649
775 776 0.00782304 0 0 0 0 0 0 0.00782304
776 777 0.0460745 0 0 0 0 0 0 0.0460745
777 778 0.0133745 0 -1.26552 0 0 0 0 -1.25214
778 779 0.00109943 0 -1.27332 0 0 0 0 -1.27222
780 781 0.0562071 0 -1.20175 0 0 0 0 -1.14555
781 782 0.00875383 0 0 0 0 0 0 0.00875383
782 783 0.29689 0 -1.20927 0 0 0 0 -0.912377
783 784 0.0162639 0 -1.05941 0 0 0 0 -1.04314
784 785 0.00798221 0 -1.2921 0 0 0 0 -1.28412
785 786 0.028091 0 -0 0 0 0 0 0.028091
786 787 0.00159426 0 -0.742052 0 0 0 0 -0.740458
787 788 0.0212045 0 0 0 0 0 0 0.0212045
788 789 0.000436096 0 -0.665064 0 0 0 0 -0.664628
789 790 4.43714e-07 0 -1.0297 0 0 0 0 -1.0297
790 791 0.00183742 0 0 0 0 0 0 0.00183742
791 792 0.000136018 0 0 0 0 0 0 0.000136018
792 793 0.0298006 0 -1.37481 0 0 0 0 -1.34501
793 794 0.00531687 0 -1.26785 0 0 0 0 -1.26254
794 795 0.0148407 0 0 0 0 0 0 0.0148407
795 796 0.0117804 0 0 0 0 0 0 0.0117804
796 797 0.0628701 0 0 0 0 0 0 0.0628701
797 798 0.0221845 0 -1.2287 0 0 0 0 -1.20652
798 799 0.0755773 0 -1.39481 0 0 0 0 -1.31923
#Total energy per particle is  -0.60714 and should be -0.6071410
