           0   0.000000
       10000  -3.751244
       20000  -9.614988
       30000 -13.566470
       40000 -12.136440
       50000 -12.419764
       60000 -12.326344
       70000 -12.425741
       80000 -12.297929
       90000  -6.989106
      100000  -4.064171
      110000  -3.694619
      120000  -6.417664
      130000 -12.806814
      140000 -12.089015
      150000 -11.540386
      160000  -6.763073
      170000  -9.071252
      180000  -7.948939
      190000  -6.109105
      200000  -9.247628
