#id1 id2 FENE BEXC STCK NEXC HB CRSTCK CXSTCK total, t = 200000
0 1 0.109647 0 -1.4092 0 0 0 0 -1.29956
1 2 0.135331 0 0 0 0 0 0 0.135331
2 3 0.000293733 0 0 0 0 0 0 0.000293733
3 4 0.000342213 0 -1.17801 0 0 0 0 -1.17767
4 5 0.0364223 0 0 0 0 0 0 0.0364223
5 6 0.114999 0 -1.21054 0 0 0 0 -1.09554
6 7 0.0937048 0 0 0 0 0 0 0.0937048
7 8 0.0149811 0 0 0 0 0 0 0.0149811
8 9 0.0351364 0 0 0 0 0 0 0.0351364
9 10 0.000389274 0 -0.920248 0 0 0 0 -0.919858
10 11 0.0057524 0 -1.27542 0 0 0 0 -1.26967
11 12 0.00787793 0 -1.19407 0 0 0 0 -1.18619
12 13 0.0536213 0 -1.18504 0 0 0 0 -1.13142
13 14 0.156763 0 -1.27977 0 0 0 0 -1.12301
14 15 0.144385 0 0 0 0 0 0 0.144385
15 16 0.0534033 0 0 0 0 0 0 0.0534033
16 17 0.00413056 0 -1.18944 0 0 0 0 -1.18531
17 18 0.00518109 0 -1.29938 0 0 0 0 -1.2942
18 19 0.0267499 0 -1.07231 0 0 0 0 -1.04556
20 21 6.86126e-06 0 -1.27989 0 0 0 0 -1.27989
21 22 0.0195434 0 -0.787965 0 0 0 0 -0.768421
22 23 0.0114924 0 -1.20498 0 0 0 0 -1.19349
23 24 0.0376585 0 -1.16754 0 0 0 0 -1.12988
24 25 0.0314701 0 -1.32456 0 0 0 0 -1.29309
25 26 0.0242975 0 -0.676802 0 0 0 0 -0.652504
26 27 0.01618 0 -1.34904 0 0 0 0 -1.33286
27 28 0.16267 0 -1.34082 0 0 0 0 -1.17815
28 29 0.599605 0 -0.936712 0 0 0 0 -0.337107
29 30 0.00266358 0 -0.970256 0 0 0 0 -0.967593
30 31 0.000226118 0 0 0 0 0 0 0.000226118
27 32 0 0 0 0 -0.438704 0 -0 -0.438704
26 32 0 0 0 0 0 -0.0760888 0 -0.0760888
31 32 0.015815 0 0 0 0 0 0 0.015815
27 33 0 0 0 0 0 -0.132193 0 -0.132193
26 33 0 0 0 0 -0.468513 0 -0 -0.468513
25 33 0 0 0 0 0 -0.148937 0 -0.148937
32 33 0.0227758 0 -1.14547 0 0 0 0 -1.1227
26 34 0 0 0 0 0 -0.109205 0 -0.109205
25 34 0 0 0 0 -0.819267 0 -0 -0.819267
24 34 0 0 0 0 0 -0.18982 0 -0.18982
33 34 0.00539969 0 -1.40283 0 0 0 0 -1.39743
25 35 0 0 0 0 0 -0.123325 0 -0.123325
24 35 0 0 0 0 -0.144395 -3.75538e-07 -0 -0.144395
23 35 0 0 0 0 0 -0.132506 0 -0.132506
34 35 0.0205239 0 -1.14363 0 0 0 0 -1.12311
35 36 0.0290905 0 0 0 0 0 0 0.0290905
36 37 0.00131845 0 -1.09061 0 0 0 0 -1.08929
37 38 0.00201158 0 -0.331578 0 0 0 0 -0.329567
38 39 0.216631 0 0 0 0 0 0 0.216631
40 41 0.0251908 0 0 0 0 0 0 0.0251908
41 42 0.0757744 0 -1.16865 0 0 0 0 -1.09288
42 43 0.101111 0 0 0 0 0 0 0.101111
43 44 8.71778e-05 0 -1.07449 0 0 0 0 -1.07441
44 45 0.00054153 0 -1.33662 0 0 0 0 -1.33608
45 46 0.0585476 0 -1.34593 0 0 0 0 -1.28738
46 47 0.0812751 0 -0.821408 0 0 0 0 -0.740133
47 48 0.000950835 0 -1.19369 0 0 0 0 -1.19274
48 49 0.000195881 0 -1.2451 0 0 0 0 -1.24491
49 50 0.00697504 0 -1.33712 0 0 0 0 -1.33014
50 51 0.0021886 0 -1.29877 0 0 0 0 -1.29658
51 52 0.173225 0 -1.21394 0 0 0 0 -1.04071
50 53 0 0 0 0 0 -0.053121 -0 -0.053121
52 53 0.159844 0 -0 0 0 0 0 0.159844
51 54 0 0 0 0 0 -0.00758181 0 -0.00758181
49 54 0 0 0 0 0 -0.148493 0 -0.148493
53 54 0.0192564 0 -1.27461 0 0 0 0 -1.25535
50 55 0 0 0 0 0 -0.188226 0 -0.188226
49 55 0 0 0 0 -0.519514 0 -0 -0.519514
48 55 0 0 0 0 -0 -0.0929828 0 -0.0929828
54 55 0.0108877 0 -1.28199 0 0 0 0 -1.2711
49 56 0 0 0 0 -0 -0.176372 0 -0.176372
48 56 0 0 0 0 -0.602393 0 -0 -0.602393
47 56 0 0 0 0 0 -0.0828466 0 -0.0828466
55 56 0.0224763 0 -1.08087 0 0 0 0 -1.0584
48 57 0 0 0 0 0 -0.152762 0 -0.152762
47 57 0 0 0 0 -0.772944 0 -0 -0.772944
46 57 0 0 0 0 0 -0.0920717 0 -0.0920717
56 57 0.0568226 0 -0.967582 0 0 0 0 -0.91076
46 58 0 0 0 0 -0.803695 0 -0 -0.803695
45 58 0 0 0 0 0 -0.0583719 -0 -0.0583719
57 58 0.000478616 0 -1.14114 0 0 0 0 -1.14067
46 59 0 0 0 0 0 -0.155643 0 -0.155643
45 59 0 0 0 0 -0.408147 0 -0 -0.408147
44 59 0 0 0 0 0 -0.0824478 0 -0.0824478
58 59 0.00119081 0 -1.33771 0 0 0 0 -1.33652
60 61 0.166394 0 0 0 0 0 0 0.166394
61 62 0.00950393 0 -1.32567 0 0 0 0 -1.31616
62 63 0.0359 0 -1.28644 0 0 0 0 -1.25054
63 64 2.23691e-06 0 -1.13278 0 0 0 0 -1.13278
64 65 0.00253443 0 0 0 0 0 0 0.00253443
65 66 2.96736e-05 0 0 0 0 0 0 2.96736e-05
66 67 0.0325227 0 -1.11959 0 0 0 0 -1.08707
67 68 0.0352227 0 -1.10906 0 0 0 0 -1.07384
68 69 0.000601901 0 -1.27383 0 0 0 0 -1.27322
64 70 0 0 0 0 -0 -0.134966 0 -0.134966
69 70 0.0192204 0 -1.03422 0 0 0 0 -1.015
64 71 0 0 0 0 -0.319878 -9.37202e-07 -0 -0.319879
63 71 0 0 0 0 0 -0.155548 0 -0.155548
70 71 0.000909873 0 -1.00894 0 0 0 0 -1.00803
64 72 0 0 0 0 0 -0.102314 0 -0.102314
63 72 0 0 0 0 -0.749893 0 -0 -0.749893
62 72 0 0 0 0 0 -0.179821 0 -0.179821
71 72 1.91275e-06 0 -1.20924 0 0 0 0 -1.20923
63 73 0 0 0 0 0 -0.0158196 -0 -0.0158196
62 73 0 0 0 0 -0.424877 0 -0 -0.424877
61 73 0 0 0 0 0 -0.103744 0 -0.103744
72 73 0.00678332 0 -1.10343 0 0 0 0 -1.09664
62 74 0 0 0 0 0 -0.128444 0 -0.128444
73 74 0.00422392 0 -1.10923 0 0 0 0 -1.10501
74 75 0.313383 0 0 0 0 0 0 0.313383
75 76 0.0241558 0 0 0 0 0 0 0.0241558
76 77 0.00364549 0 -1.32986 0 0 0 0 -1.32622
77 78 0.0349408 0 -1.24242 0 0 0 0 -1.20748
78 79 0.0423259 0 -1.21306 0 0 0 0 -1.17073
80 81 0.00831185 0 -1.3196 0 0 0 0 -1.31129
81 82 0.00263451 0 0 0 0 0 0 0.00263451
82 83 0.0097738 0 0 0 0 0 0 0.0097738
83 84 0.111709 0 -1.09306 0 0 0 0 -0.981356
84 85 0.0730008 0 -1.4085 0 0 0 0 -1.3355
85 86 0.00752631 0 -1.04327 0 0 0 0 -1.03574
86 87 0.000405856 0 -0 0 0 0 0 0.000405856
87 88 0.0709779 0 0 0 0 0 0 0.0709779
88 89 0.0167893 0 0 0 0 0 0 0.0167893
89 90 0.00409578 0 0 0 0 0 0 0.00409578
90 91 0.0165145 0 -1.30187 0 0 0 0 -1.28536
91 92 0.00122868 0 -1.00773 0 0 0 0 -1.0065
92 93 0.0380676 0 0 0 0 0 0 0.0380676
93 94 0.00783905 0 0 0 0 0 0 0.00783905
94 95 0.0688193 0 0 0 0 0 0 0.0688193
95 96 0.00267461 0 0 0 0 0 0 0.00267461
96 97 0.0005216 0 0 0 0 0 0 0.0005216
97 98 0.0133994 0 0 0 0 0 0 0.0133994
98 99 0.023653 0 -1.42577 0 0 0 0 -1.40212
100 101 0.366244 0 0 0 0 0 0 0.366244
101 102 0.0113248 0 0 0 0 0 0 0.0113248
102 103 0.0946948 0 0 0 0 0 0 0.0946948
103 104 0.0538599 0 -1.27327 0 0 0 0 -1.21941
104 105 0.248273 0 -1.32045 0 0 0 0 -1.07218
105 106 0.0184641 0 -0.651569 0 0 0 0 -0.633105
106 107 0.00800672 0 -1.27206 0 0 0 0 -1.26405
107 108 0.0295047 0 0 0 0 0 0 0.0295047
108 109 0.000710655 0 -1.11151 0 0 0 0 -1.1108
109 110 0.11195 0 -1.19131 0 0 0 0 -1.07936
110 111 6.51726e-05 0 0 0 0 0 0 6.51726e-05
111 112 0.00545295 0 -1.18646 0 0 0 0 -1.18101
112 113 0.00119792 0 -1.11873 0 0 0 0 -1.11753
113 114 0.0728566 0 0 0 0 0 0 0.0728566
114 115 0.0055188 0 -0.875448 0 0 0 0 -0.86993
115 116 0.0585579 0 -0.680702 0 0 0 0 -0.622144
116 117 0.0423919 0 -0.671219 0 0 0 0 -0.628827
117 118 0.018376 0 -1.1859 0 0 0 0 -1.16753
118 119 0.000559542 0 0 0 0 0 0 0.000559542
120 121 0.0090238 0 0 0 0 0 0 0.0090238
121 122 0.029531 0 -1.35187 0 0 0 0 -1.32234
122 123 0.130493 0 -1.37605 0 0 0 0 -1.24556
123 124 0.211457 0 -0 0 0 0 0 0.211457
124 125 0.0928322 0 0 0 0 0 0 0.0928322
125 126 0.00865303 0 0 0 0 0 0 0.00865303
126 127 0.00622196 0 -0 0 0 0 0 0.00622196
127 128 0.118739 0 0 0 0 0 0 0.118739
128 129 0.0445872 0 0 0 0 0 0 0.0445872
129 130 0.0273858 0 -0.57975 0 0 0 0 -0.552364
130 131 0.057306 0 -1.33106 0 0 0 0 -1.27375
131 132 0.00866555 0 0 0 0 0 0 0.00866555
132 133 0.046518 0 -1.10656 0 0 0 0 -1.06005
133 134 0.00402102 0 -0 0 0 0 0 0.00402102
134 135 0.0784275 0 0 0 0 0 0 0.0784275
135 136 0.000917738 0 0 0 0 0 0 0.000917738
136 137 0.00921935 0 -1.26303 0 0 0 0 -1.25381
137 138 0.00186952 0 -1.25166 0 0 0 0 -1.2498
138 139 0.00232003 0 -1.07442 0 0 0 0 -1.0721
140 141 0.00220943 0 -0 0 0 0 0 0.00220943
141 142 0.000549726 0 0 0 0 0 0 0.000549726
142 143 0.024843 0 -1.28181 0 0 0 0 -1.25696
143 144 0.0130435 0 -1.12996 0 0 0 0 -1.11691
144 145 0.00313584 0 -1.19207 0 0 0 0 -1.18894
145 146 0.0127333 0 -1.09461 0 0 0 0 -1.08188
146 147 0.000177979 0 -1.3218 0 0 0 0 -1.32162
147 148 0.0741836 0 -0.840579 0 0 0 0 -0.766396
148 149 0.0136666 0 -1.26706 0 0 0 0 -1.25339
149 150 0.0134956 0 0 0 0 0 0 0.0134956
150 151 0.00735265 0 0 0 0 0 0 0.00735265
151 152 0.0029744 0 0 0 0 0 0 0.0029744
152 153 0.00227144 0 0 0 0 0 0 0.00227144
153 154 0.118578 0 -0.814821 0 0 0 0 -0.696243
154 155 0.0222927 0 -1.04823 0 0 0 0 -1.02594
155 156 0.0200461 0 -1.16102 0 0 0 0 -1.14097
156 157 0.0171339 0 0 0 0 0 0 0.0171339
157 158 0.00169127 0 0 0 0 0 0 0.00169127
158 159 0.0135727 0 -1.31896 0 0 0 0 -1.30539
160 161 0.0389806 0 -1.24265 0 0 0 0 -1.20367
161 162 0.000339356 0 -1.23632 0 0 0 0 -1.23598
162 163 0.0796021 0 -1.25536 0 0 0 0 -1.17576
163 164 3.90693e-05 0 -1.31406 0 0 0 0 -1.31402
164 165 0.00250887 0 -1.31906 0 0 0 0 -1.31656
165 166 0.00151524 0 0 0 0 0 0 0.00151524
166 167 0.00111739 0 -1.05562 0 0 0 0 -1.05451
167 168 0.0973553 0 0 0 0 0 0 0.0973553
168 169 0.272186 0 -1.30351 0 0 0 0 -1.03132
169 170 0.00176929 0 0 0 0 0 0 0.00176929
170 171 0.0469492 0 -1.04469 0 0 0 0 -0.997742
171 172 0.00259816 0 -1.1366 0 0 0 0 -1.134
172 173 0.100988 0 0 0 0 0 0 0.100988
173 174 0.21148 0 -1.44563 0 0 0 0 -1.23415
174 175 0.0734403 0 -0 0 0 0 0 0.0734403
175 176 0.00172605 0 -1.06272 0 0 0 0 -1.061
176 177 0.0253473 0 -1.32879 0 0 0 0 -1.30344
177 178 0.00082924 0 -1.41382 0 0 0 0 -1.41299
178 179 0.0400725 0 -1.3634 0 0 0 0 -1.32333
180 181 0.000734685 0 -0.453339 0 0 0 0 -0.452605
181 182 0.130578 0 -1.27694 0 0 0 0 -1.14636
182 183 0.0272155 0 -0 0 0 0 0 0.0272155
183 184 0.0754307 0 0 0 0 0 0 0.0754307
184 185 0.0404429 0 -1.27289 0 0 0 0 -1.23245
185 186 0.0639042 0 -1.45883 0 0 0 0 -1.39493
186 187 0.0525345 0 -0.998378 0 0 0 0 -0.945843
187 188 0.113404 0 -1.11326 0 0 0 0 -0.999853
188 189 0.0405406 0 -1.15737 0 0 0 0 -1.11683
189 190 0.0834623 0 0 0 0 0 0 0.0834623
190 191 0.0235836 0 0 0 0 0 0 0.0235836
191 192 0.00972384 0 -1.31105 0 0 0 0 -1.30132
192 193 0.00045824 0 -1.22502 0 0 0 0 -1.22456
193 194 2.68463e-05 0 -1.22633 0 0 0 0 -1.2263
194 195 0.0868452 0 -0.382748 0 0 0 0 -0.295903
195 196 0.10291 0 0 0 0 0 0 0.10291
196 197 0.00822706 0 0 0 0 0 0 0.00822706
197 198 0.0303626 0 -0.989841 0 0 0 0 -0.959479
198 199 0.00513649 0 -0 0 0 0 0 0.00513649
200 201 2.59778e-05 0 -0.752124 0 0 0 0 -0.752098
201 202 0.0536464 0 -1.22978 0 0 0 0 -1.17613
202 203 0.0814456 0 0 0 0 0 0 0.0814456
203 204 0.0400412 0 -1.37359 0 0 0 0 -1.33355
204 205 0.200471 0 -1.11511 0 0 0 0 -0.914638
205 206 0.00766267 0 -0.622327 0 0 0 0 -0.614665
206 207 0.000219147 0 -1.0374 0 0 0 0 -1.03718
207 208 0.173733 0 0 0 0 0 0 0.173733
208 209 0.000607789 0 -0 0 0 0 0 0.000607789
209 210 0.131165 0 -0 0 0 0 0 0.131165
210 211 0.00405497 0 -1.08191 0 0 0 0 -1.07786
211 212 0.0318175 0 -1.06576 0 0 0 0 -1.03394
212 213 0.0894386 0 -1.30612 0 0 0 0 -1.21668
213 214 0.0777837 0 -1.35525 0 0 0 0 -1.27746
214 215 0.0425263 0 0 0 0 0 0 0.0425263
215 216 0.245493 0 0 0 0 0 0 0.245493
216 217 0.33741 0 -1.30547 0 0 0 0 -0.968064
217 218 0.00240879 0 -0.960406 0 0 0 0 -0.957997
218 219 0.119079 0 -1.083 0 0 0 0 -0.963924
220 221 0.053035 0 0 0 0 0 0 0.053035
221 222 0.0638526 0 -0.931691 0 0 0 0 -0.867838
222 223 0.0115558 0 -1.31339 0 0 0 0 -1.30184
223 224 0.0792723 0 0 0 0 0 0 0.0792723
224 225 0.0478919 0 0 0 0 0 0 0.0478919
225 226 0.000547551 0 -1.16502 0 0 0 0 -1.16448
226 227 0.0443976 0 0 0 0 0 0 0.0443976
227 228 0.00104966 0 0 0 0 0 0 0.00104966
228 229 0.0294954 0 -1.12842 0 0 0 0 -1.09893
229 230 0.00286528 0 -1.40118 0 0 0 0 -1.39831
230 231 0.0046039 0 -0.631323 0 0 0 0 -0.62672
231 232 0.0249777 0 -0.685013 0 0 0 0 -0.660035
232 233 0.0238393 0 0 0 0 0 0 0.0238393
233 234 0.00686613 0 0 0 0 0 0 0.00686613
234 235 0.0008709 0 0 0 0 0 0 0.0008709
235 236 0.00420793 0.0431637 0 0 0 0 0 0.0473717
236 237 0.00646738 0 -1.32192 0 0 0 0 -1.31546
237 238 0.1605 0 -1.33914 0 0 0 0 -1.17864
238 239 0.022475 0 -0 0 0 0 0 0.022475
240 241 0.107556 0 -0 0 0 0 0 0.107556
241 242 0.0622654 0 -1.36367 0 0 0 0 -1.3014
242 243 0.00032558 0 -0.959418 0 0 0 0 -0.959093
243 244 0.000575506 0 -0 0 0 0 0 0.000575506
244 245 0.0780163 0 0 0 0 0 0 0.0780163
245 246 0.0225405 0 -0 0 0 0 0 0.0225405
246 247 0.0947551 0 -1.27259 0 0 0 0 -1.17783
247 248 0.0049519 0 -0.653704 0 0 0 0 -0.648752
248 249 0.0159679 0 0 0 0 0 0 0.0159679
249 250 0.031136 0 -1.43962 0 0 0 0 -1.40849
250 251 0.0630452 0 -1.26606 0 0 0 0 -1.20302
251 252 0.00334975 0 0 0 0 0 0 0.00334975
252 253 0.0380753 0 0 0 0 0 0 0.0380753
253 254 0.0188782 0 -0 0 0 0 0 0.0188782
254 255 0.132506 0 -0.815312 0 0 0 0 -0.682806
255 256 1.00224e-06 0 -1.17428 0 0 0 0 -1.17428
256 257 0.000895868 0 -1.00934 0 0 0 0 -1.00845
257 258 0.00578169 0 0 0 0 0 0 0.00578169
258 259 0.186783 0 -0 0 0 0 0 0.186783
260 261 0.0118759 0 -1.16263 0 0 0 0 -1.15076
261 262 0.00147832 0 0 0 0 0 0 0.00147832
262 263 0.0147228 0 -0 0 0 0 0 0.0147228
263 264 0.0189653 0 0 0 0 0 0 0.0189653
264 265 0.014326 0 0 0 0 0 0 0.014326
265 266 0.160332 0 0 0 0 0 0 0.160332
266 267 0.00155537 0 -1.28801 0 0 0 0 -1.28646
267 268 0.164476 0 -1.12551 0 0 0 0 -0.961034
268 269 0.00015347 0 0 0 0 0 0 0.00015347
269 270 0.0191949 0 0 0 0 0 0 0.0191949
270 271 0.194425 0 -1.2692 0 0 0 0 -1.07477
267 272 0 0 0 0 0 -0.0863354 0 -0.0863354
271 272 0.133213 0 -1.30547 0 0 0 0 -1.17226
268 273 0 0 0 0 0 -0.0170357 -0 -0.0170357
267 273 0 0 0 0 -0.700006 0 -0 -0.700006
266 273 0 0 0 0 0 -0.126057 -0 -0.126057
272 273 0.003222 0 -1.42601 0 0 0 0 -1.42278
267 274 0 0 0 0 0 -0.138307 0 -0.138307
266 274 0 0 0 0 -0.688643 0 -0 -0.688643
273 274 0.000407256 0 -1.36675 0 0 0 0 -1.36635
266 275 0 0 0 0 0 -0.0373489 0 -0.0373489
274 275 0.0127704 0 -1.21145 0 0 0 0 -1.19868
275 276 0.0379384 0 -0.00216801 0 0 0 0 0.0357704
276 277 0.0115815 0 -1.31989 0 0 0 0 -1.30831
277 278 0.0397316 0 -0.851087 0 0 0 0 -0.811355
278 279 0.148518 0 0 0 0 0 0 0.148518
280 281 0.00805643 0 0 0 0 0 0 0.00805643
281 282 0.00030956 0 -0 0 0 0 0 0.00030956
282 283 0.0303892 0 0 0 0 0 0 0.0303892
283 284 0.00870674 0.135807 -0 0 0 0 0 0.144514
284 285 0.158329 0 -1.19532 0 0 0 0 -1.03699
285 286 0.0577702 0 0 0 0 0 0 0.0577702
286 287 0.000616789 0 0 0 0 0 0 0.000616789
287 288 0.0449598 0 0 0 0 0 0 0.0449598
288 289 0.0602427 0 -1.14452 0 0 0 0 -1.08427
289 290 0.049436 0 0 0 0 0 0 0.049436
290 291 0.0400067 0 0 0 0 0 0 0.0400067
291 292 0.0247375 0 -0 0 0 0 0 0.0247375
292 293 0.00295956 0 -1.25186 0 0 0 0 -1.24891
293 294 0.00450413 0 0 0 0 0 0 0.00450413
294 295 0.00172511 0 -0 0 0 0 0 0.00172511
295 296 0.00509251 0 0 0 0 0 0 0.00509251
296 297 0.0249396 0 -0 0 0 0 0 0.0249396
297 298 0.174681 0 -0 0 0 0 0 0.174681
298 299 0.00530755 0 -1.26687 0 0 0 0 -1.26156
300 301 0.0533094 0 -1.34356 0 0 0 0 -1.29025
301 302 0.0175601 0 0 0 0 0 0 0.0175601
302 303 0.0828323 0 -1.11568 0 0 0 0 -1.03285
303 304 0.0143015 0 -1.41688 0 0 0 0 -1.40257
304 305 0.000577578 0 -1.31882 0 0 0 0 -1.31824
305 306 4.21689e-06 0 -1.28014 0 0 0 0 -1.28013
306 307 0.0311661 0 0 0 0 0 0 0.0311661
307 308 0.0197419 0 0 0 0 0 0 0.0197419
308 309 0.00046983 0 -1.28796 0 0 0 0 -1.28749
309 310 0.0291638 0 0 0 0 0 0 0.0291638
310 311 0.00426558 0 -1.14025 0 0 0 0 -1.13598
311 312 0.111421 0 0 0 0 0 0 0.111421
312 313 0.0166836 0 -1.41647 0 0 0 0 -1.39978
313 314 0.0186382 0 -1.31983 0 0 0 0 -1.30119
314 315 0.000581131 0 -1.23825 0 0 0 0 -1.23767
315 316 0.0514495 0 -0.831549 0 0 0 0 -0.7801
316 317 0.00954123 0 -1.05889 0 0 0 0 -1.04935
317 318 0.131844 0 0 0 0 0 0 0.131844
318 319 0.00443733 0 -0.954667 0 0 0 0 -0.950229
320 321 0.0137594 0 0 0 0 0 0 0.0137594
321 322 0.00480998 0 -0.0643702 0 0 0 0 -0.0595602
322 323 0.012854 0 -0.506887 0 0 0 0 -0.494033
323 324 0.0153793 0 -1.23387 0 0 0 0 -1.21849
324 325 0.030885 0 -0.953154 0 0 0 0 -0.922269
325 326 0.0378827 0 0 0 0 0 0 0.0378827
326 327 0.0107905 0 -0.389366 0 0 0 0 -0.378576
327 328 0.000767818 0 -1.30631 0 0 0 0 -1.30554
328 329 0.0254818 0 -1.24889 0 0 0 0 -1.2234
329 330 0.0434182 0 -1.2842 0 0 0 0 -1.24078
330 331 0.00759904 0 0 0 0 0 0 0.00759904
331 332 0.0114463 0 -1.0944 0 0 0 0 -1.08296
332 333 0.0877642 0 -1.25949 0 0 0 0 -1.17172
333 334 0.00473335 0 0 0 0 0 0 0.00473335
334 335 2.78515e-05 0 -1.36997 0 0 0 0 -1.36995
335 336 0.0880586 0 -1.34093 0 0 0 0 -1.25287
336 337 0.0294943 0 0 0 0 0 0 0.0294943
337 338 0.127989 0 0 0 0 0 0 0.127989
338 339 0.0144495 0 -0 0 0 0 0 0.0144495
340 341 0.0163155 0 0 0 0 0 0 0.0163155
341 342 0.0216008 0 -1.07112 0 0 0 0 -1.04952
342 343 0.0227832 0 -1.41719 0 0 0 0 -1.39441
343 344 0.0671039 0 0 0 0 0 0 0.0671039
344 345 0.0167101 0 -1.27293 0 0 0 0 -1.25622
345 346 0.0365552 0 0 0 0 0 0 0.0365552
346 347 0.00312927 0 -1.27863 0 0 0 0 -1.2755
347 348 0.00086612 0 0 0 0 0 0 0.00086612
348 349 0.112339 0 -0.821822 0 0 0 0 -0.709483
349 350 0.027618 0 -0 0 0 0 0 0.027618
350 351 0.0497937 0 -0.734445 0 0 0 0 -0.684652
351 352 0.132729 0 0 0 0 0 0 0.132729
352 353 0.00117568 0 0 0 0 0 0 0.00117568
353 354 0.431638 0 -0 0 0 0 0 0.431638
354 355 0.0152564 0 -1.45603 0 0 0 0 -1.44077
355 356 0.000264102 0 0 0 0 0 0 0.000264102
356 357 0.00153383 0 -1.0817 0 0 0 0 -1.08017
357 358 0.0747865 0 -0.980115 0 0 0 0 -0.905328
358 359 0.00766323 0 0 0 0 0 0 0.00766323
360 361 0.00168353 0 -0.000182238 0 0 0 0 0.00150129
361 362 0.0593837 0 0 0 0 0 0 0.0593837
362 363 0.000726366 0 0 0 0 0 0 0.000726366
363 364 0.0352379 0 -1.25429 0 0 0 0 -1.21906
364 365 0.00561095 0 -1.11793 0 0 0 0 -1.11231
365 366 0.0104781 0 -1.23593 0 0 0 0 -1.22546
366 367 0.0138559 0 -1.36014 0 0 0 0 -1.34628
367 368 0.0602424 0 0 0 0 0 0 0.0602424
368 369 0.00991552 0 0 0 0 0 0 0.00991552
369 370 0.00163571 0 -1.09059 0 0 0 0 -1.08895
370 371 0.172489 0 -0.742687 0 0 0 0 -0.570198
371 372 0.0569035 0 0 0 0 0 0 0.0569035
372 373 0.000491166 0 -1.02563 0 0 0 0 -1.02514
373 374 0.00401039 0 -1.40108 0 0 0 0 -1.39707
374 375 0.0424183 0 -1.23932 0 0 0 0 -1.1969
375 376 0.000722404 0 0 0 0 0 0 0.000722404
376 377 0.0287599 0 0 0 0 0 0 0.0287599
377 378 0.0976974 0 -0.566627 0 0 0 0 -0.46893
378 379 0.00281548 0 0 0 0 0 0 0.00281548
380 381 0.000993019 0 0 0 0 0 0 0.000993019
381 382 0.00438506 0 -1.27527 0 0 0 0 -1.27088
382 383 0.0311266 0 0 0 0 0 0 0.0311266
383 384 0.051449 0 -1.401 0 0 0 0 -1.34955
384 385 0.199076 0 0 0 0 0 0 0.199076
385 386 0.00150197 0 -1.2512 0 0 0 0 -1.2497
386 387 0.002363 0 0 0 0 0 0 0.002363
387 388 0.126242 0 -0.671756 0 0 0 0 -0.545514
388 389 1.91046e-08 0 -1.32609 0 0 0 0 -1.32609
389 390 5.04832e-05 0 -0.912471 0 0 0 0 -0.912421
390 391 0.0334767 0 -1.47573 0 0 0 0 -1.44225
391 392 0.074146 0 -1.16068 0 0 0 0 -1.08654
392 393 0.0267705 0 -1.39137 0 0 0 0 -1.3646
393 394 0.0035481 0 -1.20451 0 0 0 0 -1.20096
394 395 0.0913681 0 -0.985851 0 0 0 0 -0.894482
395 396 0.0386665 0 0 0 0 0 0 0.0386665
396 397 0.0541897 0 0 0 0 0 0 0.0541897
397 398 0.000622052 0 -1.21191 0 0 0 0 -1.21129
398 399 0.0546118 0 0 0 0 0 0 0.0546118
400 401 0.221183 0 -0 0 0 0 0 0.221183
401 402 0.0172383 0 -1.25892 0 0 0 0 -1.24168
402 403 0.175522 0 0 0 0 0 0 0.175522
403 404 0.0424521 0 -1.09921 0 0 0 0 -1.05676
404 405 0.166699 0 -1.11467 0 0 0 0 -0.947971
405 406 2.3014e-05 0 -1.10887 0 0 0 0 -1.10884
406 407 0.0647809 0 0 0 0 0 0 0.0647809
407 408 0.00719238 0 -1.02104 0 0 0 0 -1.01385
408 409 0.0338111 0 -1.24299 0 0 0 0 -1.20918
409 410 0.00145757 0 -0 0 0 0 0 0.00145757
410 411 0.0244342 0 0 0 0 0 0 0.0244342
411 412 0.0151856 0 0 0 0 0 0 0.0151856
412 413 0.011018 0 -0 0 0 0 0 0.011018
413 414 0.00451426 0 0 0 0 0 0 0.00451426
414 415 0.0634289 0 0 0 0 0 0 0.0634289
415 416 0.00914024 0 -1.3023 0 0 0 0 -1.29316
416 417 0.0200568 0 0 0 0 0 0 0.0200568
417 418 0.117156 0 -1.01367 0 0 0 0 -0.896512
418 419 0.179882 0 0 0 0 0 0 0.179882
420 421 0.016959 0 -1.36814 0 0 0 0 -1.35118
421 422 0.16873 0 -1.11856 0 0 0 0 -0.949831
422 423 0.0249951 0 -1.26735 0 0 0 0 -1.24235
423 424 0.00457373 0 -0.864021 0 0 0 0 -0.859447
424 425 0.0301475 0 -1.43529 0 0 0 0 -1.40514
425 426 0.000687201 0 -1.18057 0 0 0 0 -1.17988
426 427 0.0747143 0 -1.02151 0 0 0 0 -0.946792
427 428 0.32538 0 -1.16955 0 0 0 0 -0.844174
428 429 0.0323768 0 -0.905292 0 0 0 0 -0.872916
429 430 0.0110492 0 -1.11017 0 0 0 0 -1.09912
430 431 0.0145891 0 0 0 0 0 0 0.0145891
431 432 0.00526405 0 -0.996815 0 0 0 0 -0.99155
432 433 0.009789 0 0 0 0 0 0 0.009789
433 434 0.102388 0 0 0 0 0 0 0.102388
434 435 0.133386 0 0 0 0 0 0 0.133386
435 436 5.55836e-05 0 -1.14508 0 0 0 0 -1.14503
436 437 0.0318614 0 -1.29934 0 0 0 0 -1.26748
437 438 0.000437846 0 0 0 0 0 0 0.000437846
438 439 0.0585984 0 -0 0 0 0 0 0.0585984
440 441 0.000451576 0 0 0 0 0 0 0.000451576
441 442 0.000388852 0 -1.2037 0 0 0 0 -1.20331
442 443 0.0544584 0 -0.482163 0 0 0 0 -0.427704
443 444 0.0325487 0 -0 0 0 0 0 0.0325487
444 445 0.00148887 0 -1.32699 0 0 0 0 -1.3255
442 446 0 0 0 0 0 -0.0321914 0 -0.0321914
445 446 0.0516997 0 -1.40575 0 0 0 0 -1.35405
443 447 0 0 0 0 0 -0.166961 0 -0.166961
442 447 0 0 0 0 -0 -0.0473131 0 -0.0473131
441 447 0 0 0 0 0 -0.139065 0 -0.139065
446 447 0.00103134 0 -1.34971 0 0 0 0 -1.34868
442 448 0 0 0 0 0 -0.00557501 0 -0.00557501
441 448 0 0 0 0 -0.819881 0 -0 -0.819881
447 448 0.0570216 0 -1.28695 0 0 0 0 -1.22993
448 449 0.0482237 0 0 0 0 0 0 0.0482237
449 450 0.246654 0 0 0 0 0 0 0.246654
450 451 0.223447 0 0 0 0 0 0 0.223447
451 452 0.0810466 0 -1.20868 0 0 0 0 -1.12763
452 453 1.50028e-05 0 -1.32166 0 0 0 0 -1.32165
453 454 0.18797 0 -1.12004 0 0 0 0 -0.932072
454 455 0.00357739 0 -0.345541 0 0 0 0 -0.341964
455 456 0.0826399 0 -1.20049 0 0 0 0 -1.11785
456 457 0.067309 0 -1.27231 0 0 0 0 -1.205
457 458 0.0375936 0 0 0 0 0 0 0.0375936
458 459 0.00177344 0 0 0 0 0 0 0.00177344
460 461 0.0561134 0 0 0 0 0 0 0.0561134
461 462 0.108727 0 -1.1148 0 0 0 0 -1.00608
462 463 0.010432 0 -0.924112 0 0 0 0 -0.91368
463 464 0.000536823 0 0 0 0 0 0 0.000536823
464 465 0.0203644 0 -1.37445 0 0 0 0 -1.35409
465 466 0.0122798 0 -1.24035 0 0 0 0 -1.22807
466 467 0.129037 0 -1.19435 0 0 0 0 -1.06531
467 468 9.45987e-05 0 0 0 0 0 0 9.45987e-05
468 469 0.0326197 0 0 0 0 0 0 0.0326197
469 470 0.0581107 0 -1.24464 0 0 0 0 -1.18653
470 471 0.028867 0 0 0 0 0 0 0.028867
471 472 0.000504007 0 0 0 0 0 0 0.000504007
472 473 0.000256644 0 -1.01533 0 0 0 0 -1.01507
473 474 0.138955 0 -1.18331 0 0 0 0 -1.04436
474 475 0.00374656 0 -1.42444 0 0 0 0 -1.42069
475 476 0.0624514 0 -1.12666 0 0 0 0 -1.06421
476 477 0.0329787 0 0 0 0 0 0 0.0329787
477 478 0.0761887 0 -0.76579 0 0 0 0 -0.689601
478 479 0.0042259 0 -0.0163309 0 0 0 0 -0.012105
480 481 0.200515 0 -1.33273 0 0 0 0 -1.13222
481 482 0.0506197 0 -0 0 0 0 0 0.0506197
482 483 0.126114 0 0 0 0 0 0 0.126114
483 484 0.00111924 0 -1.15123 0 0 0 0 -1.15011
484 485 0.023881 0 0 0 0 0 0 0.023881
485 486 0.0292751 0 -0.992447 0 0 0 0 -0.963172
486 487 0.000433336 0 -0 0 0 0 0 0.000433336
487 488 0.141598 0 0 0 0 0 0 0.141598
488 489 0.0484033 0 -0.854531 0 0 0 0 -0.806127
489 490 0.0151612 0 -1.10455 0 0 0 0 -1.08939
490 491 0.0185531 0 -1.37081 0 0 0 0 -1.35226
491 492 1.93751e-05 0 -1.25085 0 0 0 0 -1.25083
492 493 0.230596 0 -1.05628 0 0 0 0 -0.825681
493 494 0.107918 0 -1.29267 0 0 0 0 -1.18475
494 495 0.115369 0 0 0 0 0 0 0.115369
495 496 0.0823613 0 0 0 0 0 0 0.0823613
496 497 0.160245 0 -1.01613 0 0 0 0 -0.855883
497 498 0.00660455 0 0 0 0 0 0 0.00660455
498 499 0.0864053 0 -1.12443 0 0 0 0 -1.03803
500 501 0.190604 0 -1.30169 0 0 0 0 -1.11109
501 502 0.000389524 0 0 0 0 0 0 0.000389524
502 503 0.0325282 0 -1.3111 0 0 0 0 -1.27857
503 504 0.0276572 0 -0.7672 0 0 0 0 -0.739542
504 505 0.00547999 0 -1.2089 0 0 0 0 -1.20342
505 506 0.101385 0 -1.32518 0 0 0 0 -1.22379
506 507 0.0608636 0 -1.12897 0 0 0 0 -1.06811
507 508 0.013031 0 -1.31223 0 0 0 0 -1.2992
508 509 0.0202445 0 0 0 0 0 0 0.0202445
509 510 0.09914 0 -1.12293 0 0 0 0 -1.02379
510 511 0.00298861 0 -1.07264 0 0 0 0 -1.06965
511 512 0.337427 0 0 0 0 0 0 0.337427
512 513 0.0459823 0 -1.31523 0 0 0 0 -1.26925
513 514 0.0111579 0 -0 0 0 0 0 0.0111579
514 515 0.0478675 0 -1.20874 0 0 0 0 -1.16088
515 516 0.20578 0 0 0 0 0 0 0.20578
516 517 0.266128 0 0 0 0 0 0 0.266128
517 518 0.049393 0 0 0 0 0 0 0.049393
518 519 0.0203626 0 0 0 0 0 0 0.0203626
520 521 0.0971623 0 0 0 0 0 0 0.0971623
521 522 0.124143 0 -1.22409 0 0 0 0 -1.09995
522 523 0.0206925 0 0 0 0 0 0 0.0206925
522 524 0 0 0 0 0 0 -0.000659838 -0.000659838
523 524 0.00181276 0 0 0 0 0 0 0.00181276
522 525 0 0 0 0 -0 0 -5.26866e-16 -5.26866e-16
521 525 0 0 0 0 0 -0.000113402 0 -0.000113402
524 525 6.59784e-06 0 -1.43733 0 0 0 0 -1.43732
525 526 0.0396504 0 0 0 0 0 0 0.0396504
526 527 0.079672 0 0 0 0 0 0 0.079672
527 528 1.29813e-05 0 -1.39643 0 0 0 0 -1.39642
528 529 0.170607 0 0 0 0 0 0 0.170607
529 530 0.168891 0 0 0 0 0 0 0.168891
530 531 0.000303442 0 0 0 0 0 0 0.000303442
531 532 0.131061 0 0 0 0 0 0 0.131061
532 533 0.108834 0 0 0 0 0 0 0.108834
533 534 0.035413 0 -1.09611 0 0 0 0 -1.0607
534 535 0.241194 0 -1.3255 0 0 0 0 -1.08431
535 536 0.0301845 0 -0.789696 0 0 0 0 -0.759512
536 537 0.0179389 0 0 0 0 0 0 0.0179389
537 538 0.0736251 0 0 0 0 0 0 0.0736251
538 539 0.00497515 0 -0.414801 0 0 0 0 -0.409825
540 541 0.0240469 0 -0 0 0 0 0 0.0240469
541 542 0.25953 0 -1.25015 0 0 0 0 -0.990624
542 543 0.023662 0 0 0 0 0 0 0.023662
543 544 0.021938 0 0 0 0 0 0 0.021938
544 545 0.0771046 0 0 0 0 0 0 0.0771046
545 546 0.00091514 0 0 0 0 0 0 0.00091514
546 547 0.0160388 0 -1.00274 0 0 0 0 -0.986699
547 548 0.0897982 0 0 0 0 0 0 0.0897982
548 549 0.0312301 0 -1.29209 0 0 0 0 -1.26086
549 550 0.0381748 0 0 0 0 0 0 0.0381748
550 551 0.0639089 0 -1.32565 0 0 0 0 -1.26174
551 552 0.0954358 0 -1.3071 0 0 0 0 -1.21167
552 553 0.00223372 0 -1.36693 0 0 0 0 -1.36469
553 554 0.0247482 0 0 0 0 0 0 0.0247482
554 555 0.165455 0 0 0 0 0 0 0.165455
555 556 0.0481705 0 -0.977599 0 0 0 0 -0.929429
556 557 0.000324378 0 0 0 0 0 0 0.000324378
557 558 0.00899872 0 -1.31446 0 0 0 0 -1.30547
558 559 0.00646464 0 0 0 0 0 0 0.00646464
560 561 0.169996 0 -1.17837 0 0 0 0 -1.00838
561 562 0.0272195 0 -1.16682 0 0 0 0 -1.1396
562 563 0.00611149 0 -1.26591 0 0 0 0 -1.2598
563 564 0.0102814 0 -0.934048 0 0 0 0 -0.923767
564 565 0.0413854 0 -1.19772 0 0 0 0 -1.15634
565 566 0.0383518 0 -1.14844 0 0 0 0 -1.11009
566 567 0.0182133 0 -1.09202 0 0 0 0 -1.07381
567 568 0.200729 0 -1.30693 0 0 0 0 -1.1062
568 569 0.0617127 0 0 0 0 0 0 0.0617127
569 570 0.291183 0 0 0 0 0 0 0.291183
570 571 0.0726866 0 0 0 0 0 0 0.0726866
571 572 0.0295856 0 -1.32563 0 0 0 0 -1.29604
572 573 0.0482248 0 0 0 0 0 0 0.0482248
573 574 5.17102e-07 0 0 0 0 0 0 5.17102e-07
574 575 0.0298287 0 -1.26765 0 0 0 0 -1.23782
575 576 0.0206108 0 -1.10798 0 0 0 0 -1.08737
576 577 0.118746 0 0 0 0 0 0 0.118746
577 578 0.00951256 0 0 0 0 0 0 0.00951256
578 579 0.0944233 0 0 0 0 0 0 0.0944233
580 581 0.229609 0 -1.15988 0 0 0 0 -0.930276
581 582 0.0418063 0 0 0 0 0 0 0.0418063
582 583 0.0101719 0 -1.01954 0 0 0 0 -1.00937
583 584 0.0203532 0 -1.3296 0 0 0 0 -1.30925
584 585 0.00910275 0 -1.13602 0 0 0 0 -1.12692
585 586 0.00221796 0 -1.35728 0 0 0 0 -1.35506
586 587 0.0110163 0 -1.11663 0 0 0 0 -1.10562
587 588 0.019841 0 -1.28584 0 0 0 0 -1.266
588 589 0.000110449 0 -0.836294 0 0 0 0 -0.836184
589 590 0.0719527 0 0 0 0 0 0 0.0719527
590 591 0.0154749 0 0 0 0 0 0 0.0154749
591 592 0.0231771 0 -1.15961 0 0 0 0 -1.13643
592 593 0.0697984 0 0 0 0 0 0 0.0697984
593 594 0.200709 0 0 0 0 0 0 0.200709
594 595 0.0694581 0 0 0 0 0 0 0.0694581
595 596 0.0264003 0 -0 0 0 0 0 0.0264003
596 597 0.0386419 0 0 0 0 0 0 0.0386419
597 598 0.0519411 0 -1.19769 0 0 0 0 -1.14575
598 599 0.146866 0 0 0 0 0 0 0.146866
#Total energy per particle is  -0.590557 and should be -0.59055710
