#id1 id2 FENE BEXC STCK NEXC HB CRSTCK CXSTCK total, t = 200000
0 1 0.00477573 0 0 0 0 0 0 0.00477573
1 2 0.028183 0 -1.40379 0 0 0 0 -1.37561
2 3 0.186508 0 0 0 0 0 0 0.186508
3 4 0.00792264 0 -1.23335 0 0 0 0 -1.22543
4 5 0.158413 0 -0.962112 0 0 0 0 -0.803699
5 6 0.000247889 0 -0.588359 0 0 0 0 -0.588111
6 7 0.012461 0 0 0 0 0 0 0.012461
7 8 0.103915 0 -0.972081 0 0 0 0 -0.868165
8 9 0.0701762 0 -1.37025 0 0 0 0 -1.30007
9 10 0.00243692 0 -1.06698 0 0 0 0 -1.06455
10 11 0.00916269 0 0 0 0 0 0 0.00916269
11 12 0.0094576 0 -1.29432 0 0 0 0 -1.28486
12 13 0.0661078 0 -0 0 0 0 0 0.0661078
13 14 0.049873 0 -1.2786 0 0 0 0 -1.22873
14 15 0.0475606 0 0 0 0 0 0 0.0475606
15 16 0.119425 0 0 0 0 0 0 0.119425
16 17 0.0246977 0 -1.38519 0 0 0 0 -1.36049
17 18 0.218392 0 -1.249 0 0 0 0 -1.0306
18 19 0.00324354 0 -0 0 0 0 0 0.00324354
20 21 0.00958696 0 -1.10535 0 0 0 0 -1.09576
21 22 0.219512 0 0 0 0 0 0 0.219512
22 23 2.59137e-05 0 -0.839873 0 0 0 0 -0.839847
23 24 0.186478 0 -1.3328 0 0 0 0 -1.14632
24 25 0.039874 0 0 0 0 0 0 0.039874
25 26 0.0150184 0 -0.773687 0 0 0 0 -0.758668
26 27 1.19499e-05 0 -1.13825 0 0 0 0 -1.13824
27 28 0.0260252 0 -0.894723 0 0 0 0 -0.868698
28 29 0.00339035 0 -0.975302 0 0 0 0 -0.971912
29 30 0.06007 0 -1.27918 0 0 0 0 -1.21911
30 31 0.0699438 0 -1.20195 0 0 0 0 -1.13201
31 32 0.0580827 0 0 0 0 0 0 0.0580827
32 33 0.07214 0 -1.43587 0 0 0 0 -1.36373
33 34 0.0326267 0 -0.976194 0 0 0 0 -0.943568
34 35 0.0355229 0 -0.86267 0 0 0 0 -0.827147
35 36 0.00234473 0 0 0 0 0 0 0.00234473
36 37 0.00474453 0 -0.947508 0 0 0 0 -0.942763
37 38 0.0228406 0 -1.20497 0 0 0 0 -1.18213
38 39 0.0599343 0 0 0 0 0 0 0.0599343
40 41 0.091891 0 -1.24328 0 0 0 0 -1.15139
41 42 0.000371879 0 -0 0 0 0 0 0.000371879
42 43 0.0203174 0 -0.820264 0 0 0 0 -0.799946
43 44 0.00637991 0 -1.14942 0 0 0 0 -1.14304
44 45 0.0181147 0 -1.10041 0 0 0 0 -1.08229
45 46 0.0477642 0 -1.36812 0 0 0 0 -1.32036
46 47 0.119948 0 -1.30434 0 0 0 0 -1.18439
47 48 0.0816177 0 -1.24987 0 0 0 0 -1.16826
48 49 0.00210854 0 -0.975653 0 0 0 0 -0.973545
49 50 0.0203122 0 -0.887914 0 0 0 0 -0.867602
50 51 0.0159464 0 -0.985271 0 0 0 0 -0.969324
51 52 0.0162639 0 -1.12957 0 0 0 0 -1.11331
52 53 0.0420104 0 0 0 0 0 0 0.0420104
53 54 0.00385699 0 -0.47358 0 0 0 0 -0.469723
54 55 0.000460392 0 -1.17633 0 0 0 0 -1.17587
55 56 0.00960222 0 -1.36637 0 0 0 0 -1.35677
56 57 0.118666 0 -1.33596 0 0 0 0 -1.2173
57 58 0.00971119 0 0 0 0 0 0 0.00971119
58 59 0.00753115 0 0 0 0 0 0 0.00753115
60 61 0.0812804 0 -0.980537 0 0 0 0 -0.899256
61 62 0.0490975 0 0 0 0 0 0 0.0490975
62 63 0.0113801 0 -1.17842 0 0 0 0 -1.16704
63 64 0.247826 0 0 0 0 0 0 0.247826
64 65 0.0289047 0 0 0 0 0 0 0.0289047
65 66 0.0331284 0 -1.10115 0 0 0 0 -1.06802
66 67 0.0189189 0 -0.911437 0 0 0 0 -0.892518
67 68 0.0142256 0 0 0 0 0 0 0.0142256
68 69 0.0170408 0 -1.16141 0 0 0 0 -1.14437
69 70 0.0108275 0 0 0 0 0 0 0.0108275
70 71 0.0157801 0 0 0 0 0 0 0.0157801
71 72 0.00398186 0 -0 0 0 0 0 0.00398186
71 73 0 0 0 0 0 0 -0.379789 -0.379789
72 73 0.00506965 0.363446 0 0 0 0 0 0.368515
73 74 0.00104213 0 -0.951203 0 0 0 0 -0.950161
74 75 0.0235406 0 -1.3067 0 0 0 0 -1.28316
75 76 0.00167075 0 0 0 0 0 0 0.00167075
76 77 0.00524663 0 0 0 0 0 0 0.00524663
77 78 0.0611717 0 0 0 0 0 0 0.0611717
78 79 0.00864353 0 0 0 0 0 0 0.00864353
80 81 0.183886 0 -1.21388 0 0 0 0 -1.03
81 82 0.0087335 0 -1.23514 0 0 0 0 -1.22641
82 83 0.314539 0 0 0 0 0 0 0.314539
83 84 0.0441497 0 -1.36908 0 0 0 0 -1.32493
84 85 0.290221 0 -1.15703 0 0 0 0 -0.866814
85 86 0.00869255 0 -1.15375 0 0 0 0 -1.14505
86 87 0.0355233 0 -1.41522 0 0 0 0 -1.3797
87 88 0.0490363 0 0 0 0 0 0 0.0490363
88 89 0.00131312 0 0 0 0 0 0 0.00131312
89 90 0.0857444 0 -1.33065 0 0 0 0 -1.24491
90 91 0.0405595 0 -1.13063e-06 0 0 0 0 0.0405584
91 92 0.00494955 0 0 0 0 0 0 0.00494955
92 93 0.160075 0 0 0 0 0 0 0.160075
93 94 0.00106744 0 0 0 0 0 0 0.00106744
94 95 0.0879038 0 0 0 0 0 0 0.0879038
95 96 0.0499946 0 -0.864508 0 0 0 0 -0.814513
96 97 0.00372594 0 -1.14648 0 0 0 0 -1.14275
97 98 0.0576808 0 0 0 0 0 0 0.0576808
98 99 0.218884 0 0 0 0 0 0 0.218884
100 101 0.0775387 0 -1.3567 0 0 0 0 -1.27916
101 102 0.0183284 0 -1.26699 0 0 0 0 -1.24866
102 103 0.00266419 0 0 0 0 0 0 0.00266419
103 104 0.00612842 0 -1.07304 0 0 0 0 -1.06691
104 105 0.00333739 0 0 0 0 0 0 0.00333739
105 106 0.00256971 0 0 0 0 0 0 0.00256971
106 107 0.053601 0 0 0 0 0 0 0.053601
107 108 0.0448704 0 -1.26903 0 0 0 0 -1.22416
108 109 0.00140813 0 -1.31227 0 0 0 0 -1.31087
109 110 0.159988 0 -1.04415 0 0 0 0 -0.884165
110 111 0.0364721 0 0 0 0 0 0 0.0364721
111 112 0.0672415 0 -1.15032 0 0 0 0 -1.08308
112 113 0.125246 0 -1.08885 0 0 0 0 -0.963604
113 114 0.0831782 0 0 0 0 0 0 0.0831782
114 115 0.146303 0 0 0 0 0 0 0.146303
115 116 0.00349153 0 0 0 0 0 0 0.00349153
116 117 0.0427604 0 -0 0 0 0 0 0.0427604
117 118 0.0447643 0 0 0 0 0 0 0.0447643
118 119 0.0261519 0 -1.16222 0 0 0 0 -1.13607
120 121 0.151096 0 -0.65584 0 0 0 0 -0.504744
121 122 0.00577364 0 -1.34212 0 0 0 0 -1.33635
122 123 0.013953 0 0 0 0 0 0 0.013953
123 124 0.126405 0 -1.28899 0 0 0 0 -1.16259
124 125 0.148239 0 0 0 0 0 0 0.148239
125 126 0.116532 0 -1.31367 0 0 0 0 -1.19714
126 127 0.00544244 0 0 0 0 0 0 0.00544244
127 128 0.0421577 0.232438 -0 0 0 0 0 0.274596
128 129 0.000218812 0 -0.625034 0 0 0 0 -0.624816
129 130 0.0582292 0 -0.958564 0 0 0 0 -0.900335
130 131 0.0743811 0 -1.09039 0 0 0 0 -1.01601
131 132 0.0308423 0 -1.41152 0 0 0 0 -1.38068
132 133 0.00276533 0 -1.19462 0 0 0 0 -1.19186
133 134 0.00697292 0 0 0 0 0 0 0.00697292
134 135 0.0409225 0 -1.3934 0 0 0 0 -1.35247
135 136 0.0284864 0 -1.34571 0 0 0 0 -1.31722
136 137 0.00899611 0 0 0 0 0 0 0.00899611
137 138 0.0254482 0 0 0 0 0 0 0.0254482
138 139 0.037786 0 -1.23111 0 0 0 0 -1.19333
140 141 0.0658401 0 -1.24602 0 0 0 0 -1.18018
141 142 0.0533485 0 0 0 0 0 0 0.0533485
142 143 0.00692042 0 -1.21317 0 0 0 0 -1.20625
143 144 0.0418936 0 0 0 0 0 0 0.0418936
144 145 0.00347977 0 0 0 0 0 0 0.00347977
145 146 0.0876576 0 0 0 0 0 0 0.0876576
146 147 0.0487652 0 -1.37142 0 0 0 0 -1.32266
147 148 0.175979 0 -1.19066 0 0 0 0 -1.01468
148 149 0.0325695 0 -1.43908 0 0 0 0 -1.40651
149 150 0.0766999 0 -1.11886 0 0 0 0 -1.04216
150 151 0.246069 0 -1.25594 0 0 0 0 -1.00987
151 152 0.0108974 0 -1.35757 0 0 0 0 -1.34667
152 153 0.369863 0 -0.969006 0 0 0 0 -0.599142
153 154 0.0496854 0 0 0 0 0 0 0.0496854
154 155 0.111285 0 -1.01659 0 0 0 0 -0.905307
153 156 0 0 0 0 0 -0.00288479 -0 -0.00288479
152 156 0 0 0 0 0 -0.0896104 0 -0.0896104
155 156 0.0854095 0 -1.32089 0 0 0 0 -1.23548
153 157 0 0 0 0 0 -0.0630316 0 -0.0630316
152 157 0 0 0 0 -0.834205 0 -0 -0.834205
151 157 0 0 0 0 0 -0.179522 0 -0.179522
156 157 0.00350433 0 -1.19426 0 0 0 0 -1.19075
152 158 0 0 0 0 0 -0.161485 0 -0.161485
151 158 0 0 0 0 -0.514548 0 -0 -0.514548
150 158 0 0 0 0 0 -0.143602 0 -0.143602
157 158 0.00254531 0 -1.02314 0 0 0 0 -1.0206
151 159 0 0 0 0 0 -0.184332 0 -0.184332
158 159 0.00760596 0 -1.4542 0 0 0 0 -1.44659
160 161 0.0621079 0 -1.1749 0 0 0 0 -1.11279
161 162 0.00043021 0 -0.96881 0 0 0 0 -0.96838
162 163 0.0766366 0 -1.13383 0 0 0 0 -1.05719
163 164 0.00194063 0 0 0 0 0 0 0.00194063
164 165 0.00399363 0.130377 -0 0 0 0 0 0.134371
165 166 0.00921776 0 0 0 0 0 0 0.00921776
166 167 0.0413956 0 -0.998023 0 0 0 0 -0.956627
167 168 0.0055167 0 -1.3673 0 0 0 0 -1.36179
168 169 0.00152757 0 0 0 0 0 0 0.00152757
169 170 0.000151183 0 -1.09563 0 0 0 0 -1.09548
170 171 0.0629634 0 -0.80758 0 0 0 0 -0.744616
171 172 0.0502929 0 -0 0 0 0 0 0.0502929
172 173 0.0201032 0 0 0 0 0 0 0.0201032
173 174 0.00180808 0 -1.06649 0 0 0 0 -1.06468
174 175 0.0238888 0 0 0 0 0 0 0.0238888
175 176 0.00367728 0 -0.868988 0 0 0 0 -0.865311
176 177 0.0051891 0 -1.1724 0 0 0 0 -1.16721
177 178 0.0659074 0 -1.38725 0 0 0 0 -1.32134
178 179 0.00391639 0 -1.06682 0 0 0 0 -1.0629
180 181 0.00680496 0 -1.34601 0 0 0 0 -1.33921
181 182 0.0437196 0 -1.36395 0 0 0 0 -1.32023
182 183 0.0154445 0 0 0 0 0 0 0.0154445
180 184 0 0 0 0 -0 -0.00100064 0 -0.00100064
183 184 0.0348264 0 -1.40181 0 0 0 0 -1.36698
184 185 0.021619 0 -1.34759 0 0 0 0 -1.32598
185 186 0.0465273 0 0 0 0 0 0 0.0465273
186 187 0.00489165 0 0 0 0 0 0 0.00489165
187 188 0.156073 0 0 0 0 0 0 0.156073
188 189 0.00116674 0 -0.929038 0 0 0 0 -0.927871
189 190 0.00864375 0 0 0 0 0 0 0.00864375
190 191 0.108017 0 -0 0 0 0 0 0.108017
191 192 0.0305229 0 -1.30027 0 0 0 0 -1.26975
192 193 0.0217918 0 0 0 0 0 0 0.0217918
193 194 1.88893e-06 0 -1.0317 0 0 0 0 -1.0317
194 195 0.0157435 0 -1.19061 0 0 0 0 -1.17486
195 196 0.0987878 0 0 0 0 0 0 0.0987878
196 197 0.0315627 0 0 0 0 0 0 0.0315627
197 198 0.13087 0 -1.15299 0 0 0 0 -1.02212
198 199 0.000691739 0 -1.28011 0 0 0 0 -1.27942
200 201 0.00203833 0 -1.27289 0 0 0 0 -1.27085
201 202 0.00518694 0 -1.28133 0 0 0 0 -1.27615
202 203 0.00672966 0 0 0 0 0 0 0.00672966
203 204 0.0466915 0 -1.14246 0 0 0 0 -1.09577
204 205 0.0330356 0 -1.42329 0 0 0 0 -1.39025
205 206 0.0324124 0 -1.22368 0 0 0 0 -1.19127
206 207 0.000397313 0 0 0 0 0 0 0.000397313
207 208 0.0620674 0 0 0 0 0 0 0.0620674
208 209 0.0901536 0 0 0 0 0 0 0.0901536
209 210 0.0220944 0 0 0 0 0 0 0.0220944
210 211 0.0161708 0 -1.21747 0 0 0 0 -1.2013
211 212 0.0995382 0 -1.05639 0 0 0 0 -0.956847
212 213 0.0100745 0 -1.36788 0 0 0 0 -1.3578
213 214 0.00282183 0 0 0 0 0 0 0.00282183
214 215 0.00438932 1.70064e-05 -0 0 0 0 0 0.00440632
215 216 0.0895154 0 0 0 0 0 0 0.0895154
216 217 0.0750639 0 0 0 0 0 0 0.0750639
217 218 0.0203154 0 -1.39671 0 0 0 0 -1.3764
218 219 0.0261842 0 0 0 0 0 0 0.0261842
220 221 0.000985469 0 0 0 0 0 0 0.000985469
221 222 0.151965 0 0 0 0 0 0 0.151965
222 223 0.0468953 0 0 0 0 0 0 0.0468953
223 224 0.0362938 0 -1.31178 0 0 0 0 -1.27549
224 225 0.000704365 0 -1.01564 0 0 0 0 -1.01494
225 226 0.00400364 0 0 0 0 0 0 0.00400364
226 227 0.0039865 0 -1.4209 0 0 0 0 -1.41691
227 228 0.086691 0 -1.40921 0 0 0 0 -1.32252
228 229 0.000835223 0 0 0 0 0 0 0.000835223
229 230 0.136965 0 -1.30346 0 0 0 0 -1.16649
230 231 0.027141 0 0 0 0 0 0 0.027141
231 232 0.0831618 0 -1.32236 0 0 0 0 -1.2392
232 233 0.00405989 0 -1.1471 0 0 0 0 -1.14304
233 234 0.16298 0 0 0 0 0 0 0.16298
234 235 0.248407 0 -1.42003 0 0 0 0 -1.17163
235 236 0.0904588 0 0 0 0 0 0 0.0904588
236 237 0.0194164 0 0 0 0 0 0 0.0194164
237 238 2.47608e-05 0 0 0 0 0 0 2.47608e-05
238 239 0.167474 0 -1.32725 0 0 0 0 -1.15978
240 241 0.0333446 0 -1.34026 0 0 0 0 -1.30691
241 242 0.00560701 0 -0.921983 0 0 0 0 -0.916376
242 243 0.00130755 0 0 0 0 0 0 0.00130755
243 244 0.00413782 0 -1.01968 0 0 0 0 -1.01554
244 245 0.244124 0 -1.32235 0 0 0 0 -1.07823
245 246 0.000949869 0 -1.3158 0 0 0 0 -1.31485
246 247 0.0228149 0 0 0 0 0 0 0.0228149
247 248 0.00391175 0 0 0 0 0 0 0.00391175
248 249 0.0163946 0 0 0 0 0 0 0.0163946
249 250 0.0330142 0 0 0 0 0 0 0.0330142
250 251 0.000198999 0 -1.33001 0 0 0 0 -1.32981
251 252 0.0302834 0 0 0 0 0 0 0.0302834
252 253 0.183649 0 0 0 0 0 0 0.183649
253 254 0.0616923 0 -1.13795 0 0 0 0 -1.07625
254 255 0.0340266 0 0 0 0 0 0 0.0340266
255 256 0.0166181 0 -0 0 0 0 0 0.0166181
244 257 0 0 0 0 0 -0.0111106 -0 -0.0111106
243 257 0 0 0 0 0 -0.0237003 0 -0.0237003
256 257 0.00820513 0 0 0 0 0 0 0.00820513
257 258 0.0184018 0 0 0 0 0 0 0.0184018
258 259 0.0131171 0 -1.04769 0 0 0 0 -1.03458
260 261 0.0868322 0 -1.10962 0 0 0 0 -1.02278
261 262 0.0694316 0 -1.26943 0 0 0 0 -1.2
262 263 0.000647952 0 0 0 0 0 0 0.000647952
263 264 0.0482207 0 0 0 0 0 0 0.0482207
264 265 0.000436078 0 -1.04836 0 0 0 0 -1.04793
265 266 0.0399852 0 -0.945507 0 0 0 0 -0.905522
266 267 0.0258159 0 0 0 0 0 0 0.0258159
267 268 0.00189218 0 -1.27222 0 0 0 0 -1.27032
268 269 0.438574 0 -1.27943 0 0 0 0 -0.84086
269 270 3.2125e-06 0 -1.33547 0 0 0 0 -1.33547
270 271 0.00616365 0 -1.29157 0 0 0 0 -1.2854
271 272 0.083137 0 -0.698273 0 0 0 0 -0.615136
272 273 0.00466949 0 -1.17439 0 0 0 0 -1.16972
273 274 0.0127919 0 -1.38766 0 0 0 0 -1.37487
274 275 0.0709311 0 -0.330944 0 0 0 0 -0.260013
275 276 0.0411128 0 0 0 0 0 0 0.0411128
276 277 0.0786573 0 0 0 0 0 0 0.0786573
277 278 0.021106 0 -1.13147 0 0 0 0 -1.11036
278 279 0.00476948 0 0 0 0 0 0 0.00476948
280 281 0.0162787 0 -0 0 0 0 0 0.0162787
281 282 0.116693 0 -0.807421 0 0 0 0 -0.690728
282 283 0.582446 0 0 0 0 0 0 0.582446
283 284 0.0179311 0 -1.36792 0 0 0 0 -1.34999
284 285 0.00153872 0 -1.16908 0 0 0 0 -1.16754
285 286 0.0733599 0 -1.11956 0 0 0 0 -1.0462
286 287 0.0069368 0 -1.13694 0 0 0 0 -1.13
287 288 0.00465792 0 0 0 0 0 0 0.00465792
288 289 0.00116773 0 0 0 0 0 0 0.00116773
289 290 0.008241 0 -1.11294 0 0 0 0 -1.1047
287 291 0 0 0 0 0 -0.0764131 -0 -0.0764131
290 291 0.0184144 0 -1.4443 0 0 0 0 -1.42588
286 292 0 0 0 0 0 -0.119009 0 -0.119009
291 292 0.0106005 0 -1.38794 0 0 0 0 -1.37734
287 293 0 0 0 0 0 -0.0368736 0 -0.0368736
286 293 0 0 0 0 -0.45713 -1.63689e-15 -0 -0.45713
285 293 0 0 0 0 0 -0.190267 0 -0.190267
292 293 0.0215941 0 -0.946034 0 0 0 0 -0.92444
286 294 0 0 0 0 0 -0.022685 0 -0.022685
285 294 0 0 0 0 -0.463203 0 -0 -0.463203
284 294 0 0 0 0 0 -0.109844 -0 -0.109844
293 294 0.485201 0 -0.929073 0 0 0 0 -0.443872
285 295 0 0 0 0 0 -0.13375 0 -0.13375
284 295 0 0 0 0 -0.390118 0 -0 -0.390118
283 295 0 0 0 0 -0 -0.135015 0 -0.135015
280 295 0 0 0 0 0 -0.0550612 0 -0.0550612
294 295 0.136594 0 -1.28282 0 0 0 0 -1.14623
295 296 0.0319439 0 0 0 0 0 0 0.0319439
296 297 0.000118127 0 -0.727737 0 0 0 0 -0.727619
297 298 0.252152 0 0 0 0 0 0 0.252152
298 299 0.00295429 0 -1.23579 0 0 0 0 -1.23284
300 301 0.0289261 0 0 0 0 0 0 0.0289261
301 302 0.0254128 0 -1.19467 0 0 0 0 -1.16926
302 303 0.186681 0 0 0 0 0 0 0.186681
303 304 0.00594906 0 -1.2835 0 0 0 0 -1.27755
304 305 0.0369905 0 -0.977468 0 0 0 0 -0.940477
305 306 0.120182 0 -0 0 0 0 0 0.120182
306 307 0.0393785 0 0 0 0 0 0 0.0393785
307 308 0.0116366 0 0 0 0 0 0 0.0116366
308 309 0.0733614 0 0 0 0 0 0 0.0733614
309 310 0.0130542 0 -1.05826 0 0 0 0 -1.04521
310 311 0.0105915 0 -1.08613 0 0 0 0 -1.07554
311 312 0.0449135 0 -1.24837 0 0 0 0 -1.20346
312 313 0.00179258 0 -1.06245 0 0 0 0 -1.06066
313 314 0.0579172 0 -0.693118 0 0 0 0 -0.6352
314 315 0.0643752 0 0 0 0 0 0 0.0643752
315 316 0.261354 0 -1.1028 0 0 0 0 -0.841443
316 317 0.0155407 0 -1.20166 0 0 0 0 -1.18612
317 318 0.0855523 0 -1.32033 0 0 0 0 -1.23477
318 319 0.0895162 0 -1.02811 0 0 0 0 -0.938594
320 321 0.00226398 0 0 0 0 0 0 0.00226398
321 322 0.00127843 0 -0.856429 0 0 0 0 -0.855151
322 323 0.0073135 0 -1.21848 0 0 0 0 -1.21117
323 324 0.0529797 0 -1.32646 0 0 0 0 -1.27348
324 325 0.0423354 0 0 0 0 0 0 0.0423354
325 326 0.00527973 0 -0.541273 0 0 0 0 -0.535993
326 327 0.0213494 0 0 0 0 0 0 0.0213494
327 328 0.0491998 0 -1.20203 0 0 0 0 -1.15283
328 329 0.00140294 0 -1.30598 0 0 0 0 -1.30457
329 330 0.00932304 0 0 0 0 0 0 0.00932304
330 331 0.000534249 0 -0.911829 0 0 0 0 -0.911295
331 332 0.13921 0 0 0 0 0 0 0.13921
332 333 0.0534555 0 -1.22126 0 0 0 0 -1.16781
333 334 0.0609316 0 -0.931787 0 0 0 0 -0.870855
334 335 0.068891 0 0 0 0 0 0 0.068891
335 336 0.0280544 0 0 0 0 0 0 0.0280544
336 337 0.0255879 0 -0 0 0 0 0 0.0255879
337 338 0.0524966 0 0 0 0 0 0 0.0524966
338 339 0.110329 0 0 0 0 0 0 0.110329
340 341 0.0065051 0 0 0 0 0 0 0.0065051
341 342 0.0122042 0 -1.28684 0 0 0 0 -1.27464
342 343 0.0782973 0 -1.08195 0 0 0 0 -1.00365
343 344 0.0330212 0 -1.08981 0 0 0 0 -1.05679
344 345 0.00229918 0 -1.29336 0 0 0 0 -1.29106
345 346 0.0137681 0 -1.22667 0 0 0 0 -1.21291
346 347 0.131085 0 0 0 0 0 0 0.131085
347 348 0.000198389 0 -1.01222 0 0 0 0 -1.01202
348 349 0.00145622 0 -1.05381 0 0 0 0 -1.05235
349 350 0.251429 0 0 0 0 0 0 0.251429
350 351 0.00919375 0 0 0 0 0 0 0.00919375
351 352 0.112547 0 0 0 0 0 0 0.112547
352 353 0.0582768 0 0 0 0 0 0 0.0582768
353 354 0.0226131 0 -1.35648 0 0 0 0 -1.33387
352 355 0 0 0 4.22392e-05 0 0 0 4.22392e-05
354 355 0.0413117 0 0 0 0 0 0 0.0413117
355 356 0.343242 0 -1.10985 0 0 0 0 -0.76661
356 357 0.0110979 0 0 0 0 0 0 0.0110979
357 358 0.151338 0 0 0 0 0 0 0.151338
358 359 0.114992 0 -1.224 0 0 0 0 -1.109
360 361 0.0067381 0 -1.16009 0 0 0 0 -1.15335
361 362 0.000155278 0 -1.40608 0 0 0 0 -1.40592
362 363 0.000265075 0 -1.37113 0 0 0 0 -1.37087
363 364 0.000101615 0 -1.38849 0 0 0 0 -1.38839
364 365 0.021975 0 -0.574644 0 0 0 0 -0.552669
365 366 0.0524529 0 0 0 0 0 0 0.0524529
366 367 0.0201105 0 0 0 0 0 0 0.0201105
367 368 0.0831888 0 0 0 0 0 0 0.0831888
368 369 0.00468378 0 0 0 0 0 0 0.00468378
369 370 0.372592 0 -1.12256 0 0 0 0 -0.749965
370 371 0.000861331 0 0 0 0 0 0 0.000861331
371 372 0.126419 0 0 0 0 0 0 0.126419
372 373 0.151483 0 0 0 0 0 0 0.151483
373 374 0.0620387 0 0 0 0 0 0 0.0620387
374 375 0.00355852 0 -0.989943 0 0 0 0 -0.986385
375 376 0.0487467 0 -1.11997 0 0 0 0 -1.07123
376 377 0.0304318 0 -0.553262 0 0 0 0 -0.522831
377 378 0.0891498 0 -1.18447 0 0 0 0 -1.09532
378 379 0.0179662 0 0 0 0 0 0 0.0179662
380 381 0.000794701 0 -1.16044 0 0 0 0 -1.15964
381 382 0.00415182 0 -1.1923 0 0 0 0 -1.18815
382 383 0.0723588 0 0 0 0 0 0 0.0723588
383 384 0.0631527 0 0 0 0 0 0 0.0631527
384 385 0.039691 0 -1.25498 0 0 0 0 -1.21529
385 386 5.50612e-05 0 -1.27191 0 0 0 0 -1.27186
386 387 0.0183549 0 -0.811564 0 0 0 0 -0.793209
387 388 0.000131344 0 0 0 0 0 0 0.000131344
388 389 1.82953e-07 0 0 0 0 0 0 1.82953e-07
389 390 0.0455585 0 -1.40777 0 0 0 0 -1.36222
390 391 0.00980683 0 -1.2267 0 0 0 0 -1.21689
391 392 0.0121558 0 -0.99714 0 0 0 0 -0.984984
392 393 0.00101606 0 -1.09969 0 0 0 0 -1.09867
393 394 0.000225134 0 -1.24163 0 0 0 0 -1.2414
394 395 0.000193766 0 -0.729091 0 0 0 0 -0.728897
395 396 0.0119845 0 -0.96936 0 0 0 0 -0.957376
396 397 0.116721 0 -1.3491 0 0 0 0 -1.23238
397 398 0.068616 0 0 0 0 0 0 0.068616
398 399 0.00660145 0 -0 0 0 0 0 0.00660145
400 401 0.0496095 0 0 0 0 0 0 0.0496095
401 402 0.184044 0 -0.766567 0 0 0 0 -0.582523
402 403 0.175031 0 -1.04682 0 0 0 0 -0.871793
403 404 0.0312599 0 -1.38529 0 0 0 0 -1.35403
404 405 0.0020093 0 0 0 0 0 0 0.0020093
405 406 0.0306097 0 -1.38836 0 0 0 0 -1.35775
406 407 0.0716703 0 -1.05145 0 0 0 0 -0.97978
407 408 0.000180626 0 -1.29045 0 0 0 0 -1.29027
408 409 0.0125859 0 -1.38066 0 0 0 0 -1.36807
409 410 0.0393607 0 0 0 0 0 0 0.0393607
410 411 0.0602769 0 0 0 0 0 0 0.0602769
411 412 0.00545343 0 -1.32321 0 0 0 0 -1.31775
412 413 0.0372547 0 -1.24444 0 0 0 0 -1.20718
413 414 0.0689926 0 -1.20615 0 0 0 0 -1.13716
414 415 0.244733 0 -0.918828 0 0 0 0 -0.674095
415 416 0.0208723 0 0 0 0 0 0 0.0208723
416 417 0.0617853 0 0 0 0 0 0 0.0617853
417 418 0.00688427 0 -1.04487 0 0 0 0 -1.03798
418 419 0.0290351 0 -1.24782 0 0 0 0 -1.21879
420 421 0.00021263 0 -1.30134 0 0 0 0 -1.30113
421 422 0.428175 0 -1.1692 0 0 0 0 -0.741022
422 423 0.0055459 0 -1.18627 0 0 0 0 -1.18072
423 424 0.00687468 0 -1.32695 0 0 0 0 -1.32008
424 425 0.0480336 0 -0.0152924 0 0 0 0 0.0327412
425 426 0.00111088 0 0 0 0 0 0 0.00111088
426 427 0.000118025 0 -0.945301 0 0 0 0 -0.945183
427 428 0.106988 0 -0 0 0 0 0 0.106988
428 429 0.00496735 0 0 0 0 0 0 0.00496735
429 430 0.000638557 0 -1.03784 0 0 0 0 -1.0372
430 431 0.00979435 0 -1.0765 0 0 0 0 -1.06671
431 432 0.00526551 0 -1.02307 0 0 0 0 -1.0178
432 433 0.000709844 0 -1.11592 0 0 0 0 -1.11521
433 434 8.95786e-05 0 -0 0 0 0 0 8.95786e-05
432 435 0 0 0 0 0 -0.00213213 0 -0.00213213
434 435 0.0188852 0 -1.29002 0 0 0 0 -1.27113
435 436 0.0792397 0 -1.03029 0 0 0 0 -0.951053
436 437 0.0126312 0 0 0 0 0 0 0.0126312
437 438 0.00565511 0 -1.13826 0 0 0 0 -1.1326
438 439 0.056404 0 -1.32209 0 0 0 0 -1.26569
440 441 1.77695e-06 0 -1.3019 0 0 0 0 -1.3019
441 442 0.110596 0 0 0 0 0 0 0.110596
442 443 0.00369106 0 -1.18873 0 0 0 0 -1.18504
443 444 0.0464049 0 -1.26153 0 0 0 0 -1.21513
444 445 0.139921 0 -1.0834 0 0 0 0 -0.943482
445 446 0.0346968 0 -1.23176 0 0 0 0 -1.19706
446 447 0.0205498 0 -1.31788 0 0 0 0 -1.29733
447 448 0.0165162 0 0 0 0 0 0 0.0165162
448 449 0.000592586 0 -0.78205 0 0 0 0 -0.781458
449 450 0.000717106 0 -1.29232 0 0 0 0 -1.2916
450 451 0.00979024 0 -0.589914 0 0 0 0 -0.580123
451 452 0.00270974 0 0 0 0 0 0 0.00270974
452 453 0.011649 0 -0 0 0 0 0 0.011649
453 454 0.0148398 0 0 0 0 0 0 0.0148398
454 455 0.0293327 0 0 0 0 0 0 0.0293327
455 456 0.000122571 0 -1.26955 0 0 0 0 -1.26943
456 457 0.0102222 0 -1.31827 0 0 0 0 -1.30805
457 458 0.0488697 0 -0.462515 0 0 0 0 -0.413646
458 459 0.101831 0 0 0 0 0 0 0.101831
460 461 0.00900665 0 0 0 0 0 0 0.00900665
461 462 0.0217922 0 0 0 0 0 0 0.0217922
462 463 0.000699469 0 -1.22342 0 0 0 0 -1.22272
463 464 0.0367567 0 0 0 0 0 0 0.0367567
464 465 0.00113418 0 -1.34295 0 0 0 0 -1.34182
465 466 0.112442 0 0 0 0 0 0 0.112442
466 467 0.00818447 0 0 0 0 0 0 0.00818447
467 468 0.00783167 0 -0 0 0 0 0 0.00783167
468 469 0.0645806 0 -0 0 0 0 0 0.0645806
469 470 0.0858788 0 0 0 0 0 0 0.0858788
470 471 0.023865 0 -1.2404 0 0 0 0 -1.21653
471 472 0.0671037 0 0 0 0 0 0 0.0671037
472 473 0.0243814 0 -1.22389 0 0 0 0 -1.19951
473 474 0.000277182 0 0 0 0 0 0 0.000277182
474 475 0.0989325 0 -1.10146 0 0 0 0 -1.00253
475 476 0.0103296 0 -0 0 0 0 0 0.0103296
476 477 0.143794 0 0 0 0 0 0 0.143794
477 478 0.0288246 0 0 0 0 0 0 0.0288246
478 479 0.231325 0 0 0 0 0 0 0.231325
480 481 0.0222394 0 -0.971173 0 0 0 0 -0.948933
481 482 0.0092196 0 -1.02084 0 0 0 0 -1.01163
482 483 0.0736019 0 0 0 0 0 0 0.0736019
483 484 0.0146042 0 0 0 0 0 0 0.0146042
484 485 0.210201 0 -0 0 0 0 0 0.210201
485 486 0.0192829 0 0 0 0 0 0 0.0192829
486 487 0.091483 0 0 0 0 0 0 0.091483
487 488 0.0703713 0 0 0 0 0 0 0.0703713
488 489 0.0338153 0 0 0 0 0 0 0.0338153
489 490 0.00966934 0 0 0 0 0 0 0.00966934
490 491 0.0995255 0 0 0 0 0 0 0.0995255
491 492 0.00629534 0 -1.1391 0 0 0 0 -1.1328
492 493 0.0774329 0 -1.45631 0 0 0 0 -1.37887
493 494 0.0102345 0 0 0 0 0 0 0.0102345
494 495 8.01482e-05 0 0 0 0 0 0 8.01482e-05
495 496 6.23058e-05 0 -1.32673 0 0 0 0 -1.32667
496 497 0.116574 0 -0 0 0 0 0 0.116574
497 498 4.68363e-06 0 0 0 0 0 0 4.68363e-06
498 499 0.0924459 0 -0.770931 0 0 0 0 -0.678485
500 501 0.141957 0 0 0 0 0 0 0.141957
501 502 0.168311 0 -1.33202 0 0 0 0 -1.16371
502 503 0.0775714 0 0 0 0 0 0 0.0775714
503 504 0.129288 0 -0.895552 0 0 0 0 -0.766264
504 505 0.137702 0 0 0 0 0 0 0.137702
505 506 0.000958417 0 -1.40755 0 0 0 0 -1.40659
506 507 0.0239495 0 0 0 0 0 0 0.0239495
507 508 0.0687661 0 -0.636384 0 0 0 0 -0.567618
508 509 0.256823 0 0 0 0 0 0 0.256823
509 510 0.0218299 0 0 0 0 0 0 0.0218299
510 511 0.073858 0 0 0 0 0 0 0.073858
511 512 0.000532738 0 0 0 0 0 0 0.000532738
511 513 0 0 0 0.0719476 0 0 0 0.0719476
512 513 0.00411742 0 -1.1886 0 0 0 0 -1.18448
513 514 0.00874197 0 -0.991921 0 0 0 0 -0.983179
514 515 0.195299 0 -1.46995 0 0 0 0 -1.27466
515 516 0.00252156 0 -1.14114 0 0 0 0 -1.13862
516 517 0.201401 0 -0.945909 0 0 0 0 -0.744508
517 518 0.00081277 0 0 0 0 0 0 0.00081277
518 519 0.00923918 0 0 0 0 0 0 0.00923918
520 521 0.0118265 0 -1.25223 0 0 0 0 -1.2404
521 522 0.245104 0 -1.22001 0 0 0 0 -0.97491
522 523 0.00390909 0 -1.41423 0 0 0 0 -1.41032
523 524 0.00140741 0 0 0 0 0 0 0.00140741
524 525 0.0977068 0 -1.44305 0 0 0 0 -1.34534
525 526 0.0207113 0 -1.22055 0 0 0 0 -1.19983
526 527 0.15296 0 -1.22661 0 0 0 0 -1.07365
527 528 0.305845 0 -1.23408 0 0 0 0 -0.928233
528 529 0.0193312 0 -1.29882 0 0 0 0 -1.27949
529 530 0.152506 0 0 0 0 0 0 0.152506
530 531 0.0265123 0 -1.35408 0 0 0 0 -1.32757
531 532 0.0635405 0 0 0 0 0 0 0.0635405
532 533 0.0038754 0 -1.42687 0 0 0 0 -1.423
533 534 0.0975238 0 0 0 0 0 0 0.0975238
534 535 0.0215133 0 0 0 0 0 0 0.0215133
535 536 0.0134113 0 -0.940485 0 0 0 0 -0.927074
536 537 0.0202124 0 -0.978794 0 0 0 0 -0.958582
537 538 0.197679 0 -0 0 0 0 0 0.197679
538 539 0.0754373 0 0 0 0 0 0 0.0754373
540 541 0.0278794 0 -0 0 0 0 0 0.0278794
541 542 0.00188502 0 -1.11945 0 0 0 0 -1.11757
542 543 0.128345 0 0 0 0 0 0 0.128345
543 544 0.0724006 0 -1.02808 0 0 0 0 -0.955676
544 545 0.0158037 0 0 0 0 0 0 0.0158037
545 546 0.0577422 0 0 0 0 0 0 0.0577422
546 547 0.0358509 0 0 0 0 0 0 0.0358509
547 548 0.040172 0 0 0 0 0 0 0.040172
548 549 0.00189729 0 -1.37044 0 0 0 0 -1.36854
549 550 5.40002e-05 0 -1.05724 0 0 0 0 -1.05718
550 551 0.0605721 0 -1.28517 0 0 0 0 -1.22459
551 552 0.000452216 0 -1.32576 0 0 0 0 -1.32531
552 553 0.00655566 0 0 0 0 0 0 0.00655566
553 554 0.00107932 0 0 0 0 0 0 0.00107932
554 555 0.0473011 0 -1.37775 0 0 0 0 -1.33045
555 556 0.0130756 0 -1.44367 0 0 0 0 -1.43059
556 557 0.140212 0 -1.1804 0 0 0 0 -1.04019
557 558 0.00231132 0 -1.17999 0 0 0 0 -1.17768
558 559 0.0030666 0 0 0 0 0 0 0.0030666
560 561 0.00291883 0 -1.21834 0 0 0 0 -1.21542
561 562 0.0428605 0 -0.451804 0 0 0 0 -0.408944
562 563 0.00113008 0 -1.13801 0 0 0 0 -1.13688
563 564 0.0315576 0 0 0 0 0 0 0.0315576
564 565 0.052381 0 0 0 0 0 0 0.052381
565 566 0.0155631 0 0 0 0 0 0 0.0155631
566 567 0.000534537 0 -1.13771 0 0 0 0 -1.13718
567 568 0.0745033 0 -0 0 0 0 0 0.0745033
568 569 0.0614301 0 0 0 0 0 0 0.0614301
569 570 0.000793102 0 -1.34833 0 0 0 0 -1.34754
570 571 0.0245988 0 0 0 0 0 0 0.0245988
571 572 0.0111569 0 0 0 0 0 0 0.0111569
572 573 0.0388245 0 0 0 0 0 0 0.0388245
573 574 0.84515 0 0 0 0 0 0 0.84515
574 575 0.0154078 0 -1.36704 0 0 0 0 -1.35163
575 576 0.0496401 0 0 0 0 0 0 0.0496401
576 577 0.018166 0 0 0 0 0 0 0.018166
577 578 0.018088 0 0 0 0 0 0 0.018088
578 579 0.052262 0 -0 0 0 0 0 0.052262
580 581 0.362412 0 -1.27219 0 0 0 0 -0.909783
581 582 0.188446 0 -0.926998 0 0 0 0 -0.738552
582 583 0.000493326 0 -0 0 0 0 0 0.000493326
583 584 0.0968163 0 0 0 0 0 0 0.0968163
584 585 0.039437 0 0 0 0 0 0 0.039437
585 586 0.0484259 0 -0 0 0 0 0 0.0484259
586 587 0.23367 0 -0.813458 0 0 0 0 -0.579788
587 588 0.00514314 0 0 0 0 0 0 0.00514314
588 589 1.18123e-09 0 0 0 0 0 0 1.18123e-09
589 590 0.338287 0 -1.08064 0 0 0 0 -0.742349
590 591 0.0812304 0 0 0 0 0 0 0.0812304
591 592 0.00609424 0 -1.14237 0 0 0 0 -1.13628
592 593 0.0070551 0 -1.2634 0 0 0 0 -1.25634
593 594 0.0264015 0 -1.17436 0 0 0 0 -1.14795
594 595 0.00546403 0 -1.06083 0 0 0 0 -1.05537
595 596 0.0593332 0 0 0 0 0 0 0.0593332
596 597 0.00938205 0 -1.26934 0 0 0 0 -1.25996
597 598 0.000980623 0 -0.953038 0 0 0 0 -0.952058
598 599 0.204961 0 0 0 0 0 0 0.204961
#Total energy per particle is  -0.559346 and should be -0.55934610
