#id1 id2 FENE BEXC STCK NEXC HB CRSTCK CXSTCK total, t = 200000
0 1 0.0160765 0 -1.2462 0 0 0 0 -1.23012
1 2 0.00241205 0 0 0 0 0 0 0.00241205
2 3 0.0942569 0 -1.17512 0 0 0 0 -1.08086
3 4 0.0118474 0 -1.17844 0 0 0 0 -1.16659
4 5 2.32184e-05 0 -1.12147 0 0 0 0 -1.12145
5 6 0.00628239 0 -1.02979 0 0 0 0 -1.0235
6 7 0.0453312 0 -1.3079 0 0 0 0 -1.26257
7 8 0.0224892 0 0 0 0 0 0 0.0224892
8 9 0.295433 0 -0.758331 0 0 0 0 -0.462898
9 10 0.354355 0 -0.722499 0 0 0 0 -0.368144
10 11 0.01307 0 0 0 0 0 0 0.01307
11 12 0.00625276 0 0 0 0 0 0 0.00625276
12 13 0.00196661 0 -1.28515 0 0 0 0 -1.28318
13 14 0.195211 0 -0 0 0 0 0 0.195211
14 15 0.00653276 0 -0 0 0 0 0 0.00653276
15 16 0.0157759 0 0 0 0 0 0 0.0157759
16 17 0.0609134 0 -0.822442 0 0 0 0 -0.761529
17 18 0.0527589 0 -1.2328 0 0 0 0 -1.18005
18 19 0.0568658 0 0 0 0 0 0 0.0568658
20 21 0.00727497 0 -1.09474 0 0 0 0 -1.08747
21 22 0.118023 0 0 0 0 0 0 0.118023
22 23 0.0226341 0 -1.24526 0 0 0 0 -1.22263
23 24 0.028697 0 0 0 0 0 0 0.028697
24 25 0.0452746 0 0 0 0 0 0 0.0452746
25 26 0.0880476 0 -1.24866 0 0 0 0 -1.16061
26 27 0.00774463 0 -1.27522 0 0 0 0 -1.26747
27 28 0.123755 0 -1.3858 0 0 0 0 -1.26204
28 29 0.000559179 0 -0.95278 0 0 0 0 -0.95222
29 30 0.00601554 0 -1.26715 0 0 0 0 -1.26114
30 31 0.0221835 0 -1.20974 0 0 0 0 -1.18755
31 32 0.00534331 0 -0.642815 0 0 0 0 -0.637471
32 33 0.0279235 0 -0.908114 0 0 0 0 -0.88019
33 34 0.0465323 0 -0.387048 0 0 0 0 -0.340516
34 35 0.0348388 0 -0.93434 0 0 0 0 -0.899501
35 36 0.06955 0 -0.764735 0 0 0 0 -0.695185
36 37 0.0666943 0 -0.535229 0 0 0 0 -0.468535
37 38 0.00381793 0 -1.20966 0 0 0 0 -1.20584
38 39 0.00614486 0 -1.30747 0 0 0 0 -1.30132
40 41 0.00156856 0 -0.909139 0 0 0 0 -0.907571
41 42 0.225358 0 0 0 0 0 0 0.225358
42 43 0.000212496 0 -1.20775 0 0 0 0 -1.20754
43 44 0.0220621 0 0 0 0 0 0 0.0220621
44 45 0.0258198 0 0 0 0 0 0 0.0258198
45 46 0.0757897 0 0 0 0 0 0 0.0757897
46 47 0.0179361 0 -1.19369 0 0 0 0 -1.17575
47 48 0.251853 0 -0 0 0 0 0 0.251853
48 49 0.00180125 0 0 0 0 0 0 0.00180125
49 50 0.035917 0 -1.02825 0 0 0 0 -0.992333
50 51 0.00906201 0 -1.3306 0 0 0 0 -1.32154
51 52 0.0759338 0 0 0 0 0 0 0.0759338
52 53 0.115445 0 0 0 0 0 0 0.115445
53 54 0.0530858 0 -0.92206 0 0 0 0 -0.868974
54 55 0.000117113 0 -0.819687 0 0 0 0 -0.81957
55 56 0.0126011 0 -1.29792 0 0 0 0 -1.28532
56 57 0.00474731 0 0 0 0 0 0 0.00474731
57 58 0.00216599 0 -1.0712 0 0 0 0 -1.06903
58 59 0.0684067 0 0 0 0 0 0 0.0684067
60 61 0.0589527 0 -0.680251 0 0 0 0 -0.621298
61 62 0.00488216 0 0 0 0 0 0 0.00488216
62 63 0.000723439 0 0 0 0 0 0 0.000723439
63 64 0.023109 0 -1.07619 0 0 0 0 -1.05308
64 65 0.0939181 0 -1.12706 0 0 0 0 -1.03314
65 66 0.142377 0 0 0 0 0 0 0.142377
66 67 0.00128398 0 -1.19507 0 0 0 0 -1.19379
67 68 0.00541801 0 -0.81669 0 0 0 0 -0.811272
68 69 0.0670715 0 0 0 0 0 0 0.0670715
69 70 0.22527 0 0 0 0 0 0 0.22527
70 71 6.48893e-05 0 -1.32504 0 0 0 0 -1.32497
71 72 1.49286e-06 0 0 0 0 0 0 1.49286e-06
67 73 0 0 0 0 0 -0.0165029 0 -0.0165029
72 73 0.0149026 0 0 0 0 0 0 0.0149026
67 74 0 0 0 0 0 -0.00101107 0 -0.00101107
73 74 0.00743066 0 -1.27263 0 0 0 0 -1.2652
67 75 0 0 0 0 0 -0.173106 0 -0.173106
66 75 0 0 0 0 -0.17007 -2.15322e-14 0 -0.17007
74 75 0.139422 0 -1.13936 0 0 0 0 -0.99994
75 76 0.0362529 0 0 0 0 0 0 0.0362529
76 77 0.14285 0 -1.34462 0 0 0 0 -1.20177
77 78 0.000638021 0 -0.498412 0 0 0 0 -0.497774
78 79 0.0324046 0 -1.3623 0 0 0 0 -1.32989
80 81 0.0216127 0 -1.40293 0 0 0 0 -1.38132
81 82 0.0115531 0 0 0 0 0 0 0.0115531
82 83 0.27693 0 0 0 0 0 0 0.27693
83 84 0.0365372 0 0 0 0 0 0 0.0365372
84 85 0.00697347 0 -1.10419 0 0 0 0 -1.09721
85 86 0.012733 0 0 0 0 0 0 0.012733
86 87 0.0639855 0 -1.13285 0 0 0 0 -1.06886
87 88 0.169568 0 -1.24629 0 0 0 0 -1.07673
88 89 0.129113 0 -1.13692 0 0 0 0 -1.00781
89 90 0.0229505 0 -1.38671 0 0 0 0 -1.36376
90 91 0.00523678 0 -1.21818 0 0 0 0 -1.21294
91 92 0.0465682 0 -1.14359 0 0 0 0 -1.09702
92 93 0.0262448 0 -1.31948 0 0 0 0 -1.29323
93 94 0.0146931 0 0 0 0 0 0 0.0146931
94 95 0.0191823 0 -1.2919 0 0 0 0 -1.27272
95 96 0.187239 0 -0.876653 0 0 0 0 -0.689414
96 97 0.00952351 0 -1.23234 0 0 0 0 -1.22282
97 98 0.00150753 0 -1.42764 0 0 0 0 -1.42613
98 99 0.0174191 0 0 0 0 0 0 0.0174191
100 101 0.000337425 0 -0.999901 0 0 0 0 -0.999563
101 102 0.308287 0 -0.361547 0 0 0 0 -0.05326
102 103 9.76669e-05 0 0 0 0 0 0 9.76669e-05
103 104 0.00236044 0 0 0 0 0 0 0.00236044
104 105 0.0679882 0 -1.39097 0 0 0 0 -1.32298
105 106 0.0158497 0 -1.2744 0 0 0 0 -1.25855
106 107 0.00211644 0 -1.21376 0 0 0 0 -1.21165
107 108 0.0513616 0.133749 -0.443515 0 0 0 0 -0.258405
108 109 0.000377789 0 0 0 0 0 0 0.000377789
109 110 0.0635424 0 0 0 0 0 0 0.0635424
110 111 0.106244 0 -1.41144 0 0 0 0 -1.30519
111 112 0.181669 0 -1.38111 0 0 0 0 -1.19944
112 113 0.00142181 0 0 0 0 0 0 0.00142181
113 114 0.0751698 0 0 0 0 0 0 0.0751698
114 115 0.00473643 0 0 0 0 0 0 0.00473643
115 116 0.0692335 0 0 0 0 0 0 0.0692335
116 117 0.0460274 0 -1.41078 0 0 0 0 -1.36475
117 118 0.0170581 0 0 0 0 0 0 0.0170581
118 119 0.0255483 0 0 0 0 0 0 0.0255483
120 121 0.122807 0 -0 0 0 0 0 0.122807
121 122 0.045621 0 -0.59503 0 0 0 0 -0.549409
122 123 0.000552174 0 0 0 0 0 0 0.000552174
123 124 0.0231242 0 -1.15972 0 0 0 0 -1.1366
124 125 0.0168853 0 -1.30048 0 0 0 0 -1.28359
125 126 0.000660055 0 -1.36087 0 0 0 0 -1.36021
126 127 0.00572065 0 -0.960317 0 0 0 0 -0.954597
127 128 2.31743e-06 0 -1.13334 0 0 0 0 -1.13333
128 129 0.261344 0 -0 0 0 0 0 0.261344
129 130 0.04348 0 -1.18675 0 0 0 0 -1.14327
128 131 0 0 0 0 0 -0.000139905 -0 -0.000139905
127 131 0 0 0 0 0 -0.164905 0 -0.164905
130 131 0.00551245 0 -1.38794 0 0 0 0 -1.38242
128 132 0 0 0 0 -0 -0.0856446 -0 -0.0856446
127 132 0 0 0 0 -0.664282 0 -0 -0.664282
126 132 0 0 0 0 0 -0.123431 0 -0.123431
131 132 1.31458e-06 0 -0.933276 0 0 0 0 -0.933274
127 133 0 0 0 0 0 -0.150098 -0 -0.150098
126 133 0 0 0 0 -0.510347 0 -0 -0.510347
125 133 0 0 0 0 0 -0.138277 0 -0.138277
132 133 0.0176334 0 -1.3034 0 0 0 0 -1.28576
126 134 0 0 0 0 0 -0.109496 0 -0.109496
124 134 0 0 0 0 0 -0.00215813 -0 -0.00215813
133 134 0.0337316 0 -1.40687 0 0 0 0 -1.37314
134 135 2.17949e-05 0 -1.38217 0 0 0 0 -1.38215
135 136 0.0569774 0 0 0 0 0 0 0.0569774
136 137 0.0648652 0 0 0 0 0 0 0.0648652
137 138 5.47657e-05 0 -0 0 0 0 0 5.47657e-05
138 139 0.0963029 0 0 0 0 0 0 0.0963029
140 141 0.0632633 0 -0.111766 0 0 0 0 -0.0485024
141 142 0.00682029 0 -1.20918 0 0 0 0 -1.20236
142 143 0.0112279 0 -0 0 0 0 0 0.0112279
143 144 0.0491191 0 0 0 0 0 0 0.0491191
144 145 0.00103301 0 0 0 0 0 0 0.00103301
145 146 0.00210064 0 0 0 0 0 0 0.00210064
146 147 0.00321971 0 0 0 0 0 0 0.00321971
147 148 0.0120184 0 -1.22615 0 0 0 0 -1.21413
148 149 0.180515 0 -1.02249 0 0 0 0 -0.841973
149 150 0.000208295 0 -1.13128 0 0 0 0 -1.13107
150 151 0.309181 0 0 0 0 0 0 0.309181
151 152 0.607472 0 0 0 0 0 0 0.607472
152 153 0.133144 0 -1.17843 0 0 0 0 -1.04529
153 154 0.247105 0 -1.06361 0 0 0 0 -0.81651
154 155 0.0481957 0 0 0 0 0 0 0.0481957
155 156 0.0349839 0 -0.949699 0 0 0 0 -0.914715
156 157 0.0157864 0 -1.21559 0 0 0 0 -1.19981
157 158 0.225631 0 0 0 0 0 0 0.225631
158 159 0.0398464 0 -1.2223 0 0 0 0 -1.18245
160 161 0.00639634 0 0 0 0 0 0 0.00639634
161 162 0.0792145 0 0 0 0 0 0 0.0792145
162 163 0.260285 0 0 0 0 0 0 0.260285
163 164 0.0495355 0 -0.715304 0 0 0 0 -0.665769
164 165 0.000112193 0 0 0 0 0 0 0.000112193
165 166 0.0039813 0 0 0 0 0 0 0.0039813
166 167 0.015452 0 -1.06634 0 0 0 0 -1.05088
167 168 0.00376371 0 0 0 0 0 0 0.00376371
168 169 0.00788702 0 -1.28813 0 0 0 0 -1.28025
169 170 0.114393 0 0 0 0 0 0 0.114393
170 171 0.0177935 0 0 0 0 0 0 0.0177935
171 172 0.0202914 0 0 0 0 0 0 0.0202914
172 173 0.0205608 0 -1.252 0 0 0 0 -1.23144
173 174 0.0287259 0 -0.621339 0 0 0 0 -0.592613
174 175 0.058951 0 -1.26918 0 0 0 0 -1.21023
175 176 0.174038 0 -0.970334 0 0 0 0 -0.796295
176 177 0.203692 0 0 0 0 0 0 0.203692
177 178 0.00547207 0 -1.36266 0 0 0 0 -1.35719
178 179 0.00080507 0 -0.542753 0 0 0 0 -0.541948
180 181 0.00265557 0 -1.04016 0 0 0 0 -1.03751
181 182 0.0383251 0 0 0 0 0 0 0.0383251
182 183 0.00619456 0 -1.11453 0 0 0 0 -1.10834
183 184 0.0726534 0 -1.22561 0 0 0 0 -1.15296
184 185 0.0828629 0 -0.963116 0 0 0 0 -0.880253
185 186 0.00262588 0 0 0 0 0 0 0.00262588
186 187 3.41963e-05 0 -1.439 0 0 0 0 -1.43896
187 188 0.159005 0 -1.24523 0 0 0 0 -1.08622
188 189 0.00371512 0 -1.15124 0 0 0 0 -1.14753
189 190 0.0245048 0 -1.28923 0 0 0 0 -1.26473
190 191 0.204586 0 0 0 0 0 0 0.204586
191 192 0.000173764 0 -1.35431 0 0 0 0 -1.35414
192 193 0.147367 0 -1.34174 0 0 0 0 -1.19437
193 194 0.00180764 0 0 0 0 0 0 0.00180764
194 195 0.0111662 0 0 0 0 0 0 0.0111662
195 196 0.0117505 0 -0 0 0 0 0 0.0117505
196 197 0.0436372 0 -1.10911 0 0 0 0 -1.06547
197 198 0.0642292 0 -1.12149 0 0 0 0 -1.05726
198 199 0.00259199 0 -0 0 0 0 0 0.00259199
200 201 0.0269686 0 0 0 0 0 0 0.0269686
201 202 0.0153767 0 -1.14257 0 0 0 0 -1.12719
202 203 0.0811552 0 0 0 0 0 0 0.0811552
203 204 0.0409324 0 0 0 0 0 0 0.0409324
204 205 0.010585 0 0 0 0 0 0 0.010585
205 206 0.00155701 0 0 0 0 0 0 0.00155701
206 207 0.147017 0 -1.29084 0 0 0 0 -1.14382
207 208 0.0107196 0 -0.815635 0 0 0 0 -0.804916
208 209 0.00365013 0 0 0 0 0 0 0.00365013
209 210 0.0020227 0 -0.992076 0 0 0 0 -0.990053
210 211 0.182812 0 -1.23318 0 0 0 0 -1.05036
211 212 0.0634955 0 -1.13413 0 0 0 0 -1.07064
212 213 0.00254586 0 0 0 0 0 0 0.00254586
213 214 0.0443186 0 0 0 0 0 0 0.0443186
214 215 0.00757939 0 -1.46894 0 0 0 0 -1.46136
215 216 0.0733335 0 -1.31941 0 0 0 0 -1.24608
216 217 0.0616188 0 -5.03902e-06 0 0 0 0 0.0616138
217 218 0.0235365 0 0 0 0 0 0 0.0235365
218 219 0.0236973 0 -0 0 0 0 0 0.0236973
220 221 0.0022545 0 0 0 0 0 0 0.0022545
221 222 0.0430761 0 -0 0 0 0 0 0.0430761
222 223 0.00256613 0 0 0 0 0 0 0.00256613
223 224 0.0998836 0 0 0 0 0 0 0.0998836
224 225 0.0071475 0 0 0 0 0 0 0.0071475
225 226 0.000550545 0 0 0 0 0 0 0.000550545
226 227 0.201026 0 -1.12297 0 0 0 0 -0.921949
227 228 0.0984577 0 0 0 0 0 0 0.0984577
228 229 0.00844329 0 0 0 0 0 0 0.00844329
229 230 0.219459 0 0 0 0 0 0 0.219459
230 231 0.179751 0 -1.20926 0 0 0 0 -1.02951
231 232 0.0481399 0 -1.33971 0 0 0 0 -1.29157
232 233 0.0618356 0 -1.30314 0 0 0 0 -1.24131
233 234 0.0279834 0 0 0 0 0 0 0.0279834
234 235 0.0846007 0 0 0 0 0 0 0.0846007
235 236 0.0275385 0 -0 0 0 0 0 0.0275385
236 237 0.00014452 0 -0 0 0 0 0 0.00014452
237 238 0.0634859 0 0 0 0 0 0 0.0634859
238 239 0.0341766 0 -0.537084 0 0 0 0 -0.502907
240 241 0.0756712 0 -1.1808 0 0 0 0 -1.10513
241 242 0.0163404 0 0 0 0 0 0 0.0163404
242 243 0.136415 0 -1.09245 0 0 0 0 -0.956032
243 244 0.0164759 0 -1.13461 0 0 0 0 -1.11813
244 245 0.0115744 0 0 0 0 0 0 0.0115744
245 246 0.00529374 0 -1.22914 0 0 0 0 -1.22385
246 247 0.0129549 0 -1.262 0 0 0 0 -1.24905
247 248 0.0133319 0 -1.14859 0 0 0 0 -1.13525
248 249 0.154436 0 -0.851678 0 0 0 0 -0.697242
249 250 0.0135911 0 0 0 0 0 0 0.0135911
250 251 0.00333219 0 -1.1128 0 0 0 0 -1.10946
251 252 0.00960775 0 -1.20662 0 0 0 0 -1.19701
252 253 0.11419 0 0 0 0 0 0 0.11419
253 254 0.0441781 0 0 0 0 0 0 0.0441781
254 255 0.000774364 0 0 0 0 0 0 0.000774364
255 256 0.0478196 0 -0.571321 0 0 0 0 -0.523501
256 257 0.0603113 0 0 0 0 0 0 0.0603113
257 258 0.0745359 0 0 0 0 0 0 0.0745359
258 259 0.214668 0 -0 0 0 0 0 0.214668
260 261 0.0585243 0 -0 0 0 0 0 0.0585243
261 262 0.00348847 0 0 0 0 0 0 0.00348847
262 263 0.0760682 0 -0.867277 0 0 0 0 -0.791209
263 264 0.0610643 0 -1.28489 0 0 0 0 -1.22383
264 265 0.000722007 0 -1.17693 0 0 0 0 -1.1762
265 266 0.0868884 0 0 0 0 0 0 0.0868884
266 267 0.0377327 0 -0.37357 0 0 0 0 -0.335837
267 268 0.0461934 0 -0.985743 0 0 0 0 -0.93955
268 269 0.00143121 0 0 0 0 0 0 0.00143121
269 270 0.0668666 0 0 0 0 0 0 0.0668666
270 271 0.00682796 0 -1.26347 0 0 0 0 -1.25664
271 272 0.000242917 0 -0.894172 0 0 0 0 -0.893929
272 273 0.0681369 0 -0.941993 0 0 0 0 -0.873856
273 274 0.00941224 0 -1.19426 0 0 0 0 -1.18485
274 275 0.0101141 0 -1.34252 0 0 0 0 -1.33241
275 276 0.00327252 0 0 0 0 0 0 0.00327252
276 277 0.000907777 0 -0.912583 0 0 0 0 -0.911675
277 278 0.00672461 0 -1.30711 0 0 0 0 -1.30039
278 279 0.0208446 0 -1.24332 0 0 0 0 -1.22247
280 281 0.0696356 0 0 0 0 0 0 0.0696356
281 282 0.00902649 0 0 0 0 0 0 0.00902649
282 283 0.138159 0 -1.16985 0 0 0 0 -1.03169
283 284 0.287709 0 -0.957365 0 0 0 0 -0.669656
284 285 0.127181 0 -0.965691 0 0 0 0 -0.83851
285 286 0.00153051 0 -0.987918 0 0 0 0 -0.986388
286 287 0.0107376 0 -1.13554 0 0 0 0 -1.1248
287 288 0.00117758 0 -1.14535 0 0 0 0 -1.14418
288 289 0.00894784 0 0 0 0 0 0 0.00894784
289 290 0.000770189 0 0 0 0 0 0 0.000770189
290 291 0.00567494 0 0 0 0 0 0 0.00567494
291 292 0.0184762 0 0 0 0 0 0 0.0184762
292 293 0.0198778 0 0 0 0 0 0 0.0198778
293 294 0.0667921 0 -0.803847 0 0 0 0 -0.737055
294 295 0.00175052 0 -1.15246 0 0 0 0 -1.1507
295 296 0.143866 0 -1.13968 0 0 0 0 -0.995819
296 297 0.11689 0 -0 0 0 0 0 0.11689
297 298 0.00539082 0 -0 0 0 0 0 0.00539082
298 299 0.00781824 0 0 0 0 0 0 0.00781824
300 301 0.349986 0 -1.01304 0 0 0 0 -0.663054
301 302 0.0209388 0 0 0 0 0 0 0.0209388
302 303 0.061431 0 0 0 0 0 0 0.061431
303 304 0.146111 0 -1.25921 0 0 0 0 -1.1131
304 305 0.00320089 0 -1.38288 0 0 0 0 -1.37968
305 306 0.0558463 0 -1.27492 0 0 0 0 -1.21907
306 307 0.0971997 0 -1.15604 0 0 0 0 -1.05884
307 308 0.000503502 0 -1.10976 0 0 0 0 -1.10926
308 309 0.00758877 0 -1.11409 0 0 0 0 -1.1065
309 310 0.021734 0 -0.00120382 0 0 0 0 0.0205302
310 311 0.0496718 0 0 0 0 0 0 0.0496718
311 312 0.0440418 0 -1.403 0 0 0 0 -1.35896
312 313 0.0626577 0 -1.13331 0 0 0 0 -1.07065
313 314 0.0763789 0 -1.35088 0 0 0 0 -1.2745
314 315 0.000661359 0 -0.820196 0 0 0 0 -0.819535
315 316 0.0355033 0 -0.987823 0 0 0 0 -0.95232
316 317 0.0746871 0 -1.07259 0 0 0 0 -0.997907
317 318 0.000323739 0 -1.35072 0 0 0 0 -1.3504
318 319 0.0867987 0 0 0 0 0 0 0.0867987
320 321 0.23778 0 -0.726378 0 0 0 0 -0.488598
321 322 0.0112006 0 -1.15881 0 0 0 0 -1.14761
322 323 0.0162648 0 0 0 0 0 0 0.0162648
323 324 0.00242975 0 -1.17236 0 0 0 0 -1.16993
324 325 0.0288269 0 -1.36366 0 0 0 0 -1.33484
325 326 0.170897 0 0 0 0 0 0 0.170897
326 327 1.19681e-05 0 0 0 0 0 0 1.19681e-05
327 328 8.78115e-05 0 -0.599276 0 0 0 0 -0.599188
328 329 0.00453683 0 -0.679735 0 0 0 0 -0.675198
329 330 0.121442 0 -1.21809 0 0 0 0 -1.09664
330 331 0.0863758 0 -0.817884 0 0 0 0 -0.731509
331 332 0.0692804 0 0 0 0 0 0 0.0692804
332 333 0.225255 0 0 0 0 0 0 0.225255
333 334 0.166944 0 -1.25417 0 0 0 0 -1.08723
334 335 0.00992066 0 -0.888553 0 0 0 0 -0.878632
335 336 0.004049 0 -1.06645 0 0 0 0 -1.0624
336 337 0.0855797 0 -1.34512 0 0 0 0 -1.25954
337 338 0.0409036 0 -1.28632 0 0 0 0 -1.24542
338 339 0.000182351 0 -1.25306 0 0 0 0 -1.25288
340 341 0.0637102 0 -1.19203 0 0 0 0 -1.12832
341 342 0.0517046 0 -1.33135 0 0 0 0 -1.27964
342 343 0.0123595 0 -1.24016 0 0 0 0 -1.2278
343 344 0.134924 0 0 0 0 0 0 0.134924
344 345 0.0275571 0 0 0 0 0 0 0.0275571
345 346 0.0295743 0 0 0 0 0 0 0.0295743
346 347 0.145022 0 -1.26093 0 0 0 0 -1.11591
347 348 0.000557244 0 -1.32847 0 0 0 0 -1.32791
348 349 0.00236497 0 -1.44181 0 0 0 0 -1.43945
349 350 0.00979073 0 -1.3228 0 0 0 0 -1.31301
350 351 0.207667 0 -1.19889 0 0 0 0 -0.991227
351 352 0.0814227 0 -0 0 0 0 0 0.0814227
352 353 0.128782 0 0 0 0 0 0 0.128782
353 354 0.00860244 0 0 0 0 0 0 0.00860244
354 355 0.00475396 0 -1.24408 0 0 0 0 -1.23933
355 356 0.00064047 0 0 0 0 0 0 0.00064047
356 357 0.122122 0 0 0 0 0 0 0.122122
357 358 0.00370878 0 0 0 0 0 0 0.00370878
358 359 0.101495 0.0139119 0 0 0 0 0 0.115407
360 361 0.00176173 0 0 0 0 0 0 0.00176173
361 362 0.115085 0 -1.14957 0 0 0 0 -1.03449
362 363 0.0622423 0 0 0 0 0 0 0.0622423
363 364 0.0134239 0 -0.799641 0 0 0 0 -0.786217
364 365 0.0403909 0 -1.09454 0 0 0 0 -1.05415
365 366 0.0958042 0 0 0 0 0 0 0.0958042
366 367 0.265482 0 -1.16226 0 0 0 0 -0.896779
367 368 0.0495846 0 -1.19565 0 0 0 0 -1.14606
368 369 0.0949525 0 0 0 0 0 0 0.0949525
369 370 0.0681319 0 -1.22077 0 0 0 0 -1.15264
370 371 0.00910621 0 -1.22716 0 0 0 0 -1.21805
371 372 0.0463536 0 -0.634353 0 0 0 0 -0.587999
372 373 0.0732594 0 -0.950446 0 0 0 0 -0.877187
373 374 0.00129793 0 0 0 0 0 0 0.00129793
374 375 0.0567077 0 0 0 0 0 0 0.0567077
375 376 0.085974 0 0 0 0 0 0 0.085974
376 377 0.0870568 0 -0.446498 0 0 0 0 -0.359441
377 378 0.00272405 0 0 0 0 0 0 0.00272405
378 379 0.0805587 0 0 0 0 0 0 0.0805587
380 381 0.123476 0 0 0 0 0 0 0.123476
381 382 0.194502 0 0 0 0 0 0 0.194502
382 383 0.0328179 0 -1.27312 0 0 0 0 -1.24031
383 384 0.108673 0 -1.06043 0 0 0 0 -0.951755
384 385 0.177215 0 0 0 0 0 0 0.177215
385 386 8.8746e-06 0 0 0 0 0 0 8.8746e-06
386 387 0.00620819 0 -1.35863 0 0 0 0 -1.35243
387 388 0.00168055 0 0 0 0 0 0 0.00168055
388 389 0.0292875 0 -1.11383 0 0 0 0 -1.08454
389 390 0.010844 0 -1.35309 0 0 0 0 -1.34224
390 391 0.110693 0 -1.12686 0 0 0 0 -1.01617
391 392 0.0182097 0 -0.975578 0 0 0 0 -0.957369
392 393 0.0526546 0 -1.06534 0 0 0 0 -1.01269
393 394 0.0711909 0 -1.05063 0 0 0 0 -0.979434
394 395 0.0241886 0 -8.22672e-05 0 0 0 0 0.0241063
395 396 0.0650163 0 -1.14499 0 0 0 0 -1.07998
396 397 3.1998e-05 0 -1.15948 0 0 0 0 -1.15945
397 398 0.167133 0 -0.746793 0 0 0 0 -0.57966
398 399 0.0356868 0 -0.871544 0 0 0 0 -0.835858
400 401 0.116791 0 -0 0 0 0 0 0.116791
401 402 0.250385 0 0 0 0 0 0 0.250385
402 403 0.0136945 0 -1.23132 0 0 0 0 -1.21763
403 404 7.12662e-06 0 -1.09242 0 0 0 0 -1.09241
404 405 0.0276045 0 0 0 0 0 0 0.0276045
405 406 0.0409105 0 -0 0 0 0 0 0.0409105
406 407 0.00191641 0 -1.29817 0 0 0 0 -1.29626
407 408 0.078956 0 -1.39652 0 0 0 0 -1.31756
408 409 0.0221193 0 -1.07419 0 0 0 0 -1.05207
409 410 0.0478434 0 -1.16288 0 0 0 0 -1.11504
410 411 0.000409662 0 -1.18557 0 0 0 0 -1.18516
411 412 0.0774793 0 -1.24459 0 0 0 0 -1.16711
412 413 0.0446288 0 0 0 0 0 0 0.0446288
413 414 0.00341965 0 -1.34492 0 0 0 0 -1.3415
414 415 0.0051518 0 -1.33841 0 0 0 0 -1.33326
415 416 0.134117 0 -0 0 0 0 0 0.134117
416 417 0.0819496 0 0 0 0 0 0 0.0819496
417 418 0.00516194 0 0 0 0 0 0 0.00516194
418 419 0.0593349 0 0 0 0 0 0 0.0593349
420 421 0.113605 0 0 0 0 0 0 0.113605
421 422 0.198625 0 -0.522068 0 0 0 0 -0.323444
422 423 0.0146281 0 -1.32362 0 0 0 0 -1.30899
423 424 0.00340982 0 -0.8245 0 0 0 0 -0.82109
424 425 0.000976101 0 -0.67199 0 0 0 0 -0.671014
425 426 0.0699353 0 0 0 0 0 0 0.0699353
426 427 0.0116479 0 0 0 0 0 0 0.0116479
427 428 0.00629233 0 0 0 0 0 0 0.00629233
428 429 0.0332233 0 0 0 0 0 0 0.0332233
429 430 0.122039 0 0 0 0 0 0 0.122039
430 431 0.19013 0 -1.15102 0 0 0 0 -0.960894
431 432 0.118671 0 -1.09655 0 0 0 0 -0.977875
432 433 0.00523729 0 -1.17985 0 0 0 0 -1.17461
433 434 0.0187782 0 -1.22421 0 0 0 0 -1.20543
434 435 0.0454887 0 0 0 0 0 0 0.0454887
435 436 0.0126769 0 -1.24919 0 0 0 0 -1.23652
436 437 0.00674936 0 -1.11696 0 0 0 0 -1.11021
437 438 0.160053 0 0 0 0 0 0 0.160053
438 439 0.0769235 0 -0 0 0 0 0 0.0769235
440 441 0.311534 0 -1.07645 0 0 0 0 -0.764912
441 442 0.0314526 0 -1.09056 0 0 0 0 -1.0591
442 443 0.0715729 0 -0.967635 0 0 0 0 -0.896062
443 444 0.00352506 0 0 0 0 0 0 0.00352506
444 445 0.14947 0 0 0 0 0 0 0.14947
445 446 0.000854556 0 0 0 0 0 0 0.000854556
446 447 0.00144696 0 -1.36092 0 0 0 0 -1.35948
447 448 0.0482155 0 -1.00243 0 0 0 0 -0.954215
448 449 0.000573582 0 -1.26167 0 0 0 0 -1.26109
449 450 0.118224 0 0 0 0 0 0 0.118224
450 451 0.131373 0 -1.17693 0 0 0 0 -1.04555
451 452 0.00812491 0 -1.20059 0 0 0 0 -1.19246
452 453 0.00289755 0 0 0 0 0 0 0.00289755
453 454 0.0441122 0 -1.11201 0 0 0 0 -1.0679
454 455 0.0193275 0 0 0 0 0 0 0.0193275
455 456 0.0819871 0 0 0 0 0 0 0.0819871
456 457 0.0181304 0 0 0 0 0 0 0.0181304
457 458 0.000835873 0 -1.30369 0 0 0 0 -1.30286
458 459 0.0557093 0 -1.38665 0 0 0 0 -1.33094
460 461 0.000728724 0 0 0 0 0 0 0.000728724
461 462 0.00518544 0 0 0 0 0 0 0.00518544
462 463 0.0668328 0 -1.4289 0 0 0 0 -1.36206
463 464 0.145572 0 0 0 0 0 0 0.145572
464 465 0.175845 0 0 0 0 0 0 0.175845
465 466 0.0303677 0 -0.982281 0 0 0 0 -0.951913
466 467 0.108896 0 -1.45599 0 0 0 0 -1.34709
467 468 0.0352113 0 -1.3292 0 0 0 0 -1.29399
468 469 0.107376 0 -1.03792 0 0 0 0 -0.930545
469 470 0.0131898 0 0 0 0 0 0 0.0131898
470 471 0.0035064 0 -1.24123 0 0 0 0 -1.23772
471 472 0.000191222 0 -0 0 0 0 0 0.000191222
472 473 0.0119271 0 0 0 0 0 0 0.0119271
473 474 0.00101822 0 -1.29001 0 0 0 0 -1.289
474 475 0.00202662 0 -0.296968 0 0 0 0 -0.294941
475 476 0.037266 0 -1.26613 0 0 0 0 -1.22887
476 477 0.0811031 0 0 0 0 0 0 0.0811031
477 478 0.0209991 0 0 0 0 0 0 0.0209991
478 479 0.0180335 0 -0 0 0 0 0 0.0180335
480 481 0.0518916 0 0 0 0 0 0 0.0518916
481 482 0.0839685 0 0 0 0 0 0 0.0839685
482 483 0.176426 0 -1.18982 0 0 0 0 -1.01339
483 484 0.0476924 0 -1.31456 0 0 0 0 -1.26687
484 485 0.000138279 0 -0 0 0 0 0 0.000138279
485 486 0.000320808 0 -1.17363 0 0 0 0 -1.17331
486 487 0.136054 0 0 0 0 0 0 0.136054
487 488 0.0003349 0 -1.08932 0 0 0 0 -1.08899
488 489 0.0325999 0 0 0 0 0 0 0.0325999
489 490 0.0100483 0 0 0 0 0 0 0.0100483
490 491 0.0451968 0 -1.21001 0 0 0 0 -1.16482
491 492 4.76465e-06 0 0 0 0 0 0 4.76465e-06
492 493 0.0102433 0 0 0 0 0 0 0.0102433
493 494 3.89302e-06 0 -1.261 0 0 0 0 -1.26099
494 495 0.070067 0 -1.36631 0 0 0 0 -1.29624
495 496 0.0219996 0 -0.947414 0 0 0 0 -0.925414
496 497 0.288691 0 0 0 0 0 0 0.288691
497 498 0.123867 0 0 0 0 0 0 0.123867
498 499 0.408584 0 -0.910406 0 0 0 0 -0.501822
500 501 0.0234346 0 -1.33537 0 0 0 0 -1.31194
501 502 0.0588339 0 0 0 0 0 0 0.0588339
502 503 0.000801548 0 -0.57599 0 0 0 0 -0.575189
503 504 0.00638779 0 -1.19543 0 0 0 0 -1.18905
504 505 0.0331898 0 -1.19323 0 0 0 0 -1.16004
505 506 0.0512523 0 -1.34928 0 0 0 0 -1.29802
506 507 0.02635 0 -0.977987 0 0 0 0 -0.951637
507 508 0.0743377 0 -0 0 0 0 0 0.0743377
508 509 0.00663557 0 -0.496416 0 0 0 0 -0.489781
509 510 0.158132 0 -1.24954 0 0 0 0 -1.09141
510 511 0.000239254 0 -1.13083 0 0 0 0 -1.13059
511 512 0.24664 0 -1.38056 0 0 0 0 -1.13392
512 513 0.0596405 0 0 0 0 0 0 0.0596405
513 514 0.0968649 0 -1.37252 0 0 0 0 -1.27565
514 515 0.00300285 0 -0.755032 0 0 0 0 -0.752029
515 516 0.00898844 0 0 0 0 0 0 0.00898844
516 517 0.231968 0 -1.06108 0 0 0 0 -0.829109
517 518 0.00464364 0 -1.23322 0 0 0 0 -1.22858
518 519 0.326275 0 0 0 0 0 0 0.326275
520 521 0.0345702 0 0 0 0 0 0 0.0345702
521 522 0.076084 0 -0.343294 0 0 0 0 -0.26721
522 523 0.00697702 0 -1.39798 0 0 0 0 -1.391
523 524 0.0650033 0 -1.04675 0 0 0 0 -0.981744
524 525 0.0194271 0 0 0 0 0 0 0.0194271
525 526 0.00890706 0 -1.22756 0 0 0 0 -1.21865
526 527 0.00238407 0 -0 0 0 0 0 0.00238407
527 528 0.548891 0 -1.11443 0 0 0 0 -0.565538
528 529 0.00778334 0 -0.529352 0 0 0 0 -0.521569
529 530 0.202292 0 -1.10893 0 0 0 0 -0.906638
530 531 0.147137 0 0 0 0 0 0 0.147137
531 532 0.11293 0 0 0 0 0 0 0.11293
532 533 0.210368 0 -1.45243 0 0 0 0 -1.24206
533 534 0.00506738 0 -1.28915 0 0 0 0 -1.28408
534 535 0.018469 0 0 0 0 0 0 0.018469
535 536 1.46645e-06 0 0 0 0 0 0 1.46645e-06
536 537 0.0006901 0 -1.38731 0 0 0 0 -1.38662
537 538 0.00252103 0 -1.13058 0 0 0 0 -1.12806
538 539 0.0988746 0 -1.02787 0 0 0 0 -0.928993
540 541 0.000861064 0 -0 0 0 0 0 0.000861064
541 542 0.033373 0 -1.27049 0 0 0 0 -1.23711
542 543 0.000645662 0 -0.855769 0 0 0 0 -0.855124
543 544 0.0129777 0 -0 0 0 0 0 0.0129777
544 545 0.0370094 0 -1.27088 0 0 0 0 -1.23387
545 546 0.00315868 0 -1.18322 0 0 0 0 -1.18006
546 547 0.0604123 0 0 0 0 0 0 0.0604123
547 548 0.0161767 0 -0 0 0 0 0 0.0161767
548 549 0.0965824 0 0 0 0 0 0 0.0965824
549 550 0.02183 0 -1.07533 0 0 0 0 -1.0535
550 551 0.0427505 0 -1.32524 0 0 0 0 -1.28249
551 552 0.0111519 0 -1.19296 0 0 0 0 -1.18181
552 553 0.204729 0 -1.3149 0 0 0 0 -1.11017
553 554 0.0333431 0 -1.05399 0 0 0 0 -1.02064
554 555 0.00340736 0 0 0 0 0 0 0.00340736
555 556 7.10581e-05 0 -0 0 0 0 0 7.10581e-05
556 557 0.0147769 0 -1.18679 0 0 0 0 -1.17201
557 558 0.03674 0 -0.720565 0 0 0 0 -0.683825
558 559 0.0276207 0 -1.20379 0 0 0 0 -1.17617
560 561 0.00214249 0 0 0 0 0 0 0.00214249
561 562 0.162686 0 -0 0 0 0 0 0.162686
562 563 0.000964896 0 -1.28105 0 0 0 0 -1.28009
563 564 0.0352193 0 0 0 0 0 0 0.0352193
564 565 0.00728717 0 0 0 0 0 0 0.00728717
565 566 0.0130436 0 0 0 0 0 0 0.0130436
566 567 0.00676432 0 -1.40119 0 0 0 0 -1.39443
567 568 0.0903062 0 0 0 0 0 0 0.0903062
568 569 0.000294615 0 -1.4 0 0 0 0 -1.3997
569 570 0.172281 0 -1.23453 0 0 0 0 -1.06225
570 571 0.0886333 0 -1.2074 0 0 0 0 -1.11877
571 572 0.0542274 0 0 0 0 0 0 0.0542274
572 573 0.0111643 0 -0.760164 0 0 0 0 -0.749
573 574 1.33934e-05 0 0 0 0 0 0 1.33934e-05
574 575 0.0080443 0 -1.28711 0 0 0 0 -1.27906
575 576 9.5707e-05 0 -1.34126 0 0 0 0 -1.34117
576 577 0.00246028 0 -1.27595 0 0 0 0 -1.27349
577 578 0.00123247 0 -1.40756 0 0 0 0 -1.40633
578 579 0.0402263 0 0 0 0 0 0 0.0402263
580 581 0.00873791 0 0 0 0 0 0 0.00873791
581 582 0.00426331 0 0 0 0 0 0 0.00426331
582 583 0.038057 0 0 0 0 0 0 0.038057
583 584 2.56362e-05 0 -0.782826 0 0 0 0 -0.7828
584 585 0.0207349 0 -1.45073 0 0 0 0 -1.42999
585 586 0.0271586 0 -0.77374 0 0 0 0 -0.746581
586 587 0.0475902 0 0 0 0 0 0 0.0475902
587 588 0.0154912 0 -1.41361 0 0 0 0 -1.39812
588 589 0.0166259 0 0 0 0 0 0 0.0166259
589 590 0.0175291 0 -1.30336 0 0 0 0 -1.28583
590 591 0.00027551 0 -1.19396 0 0 0 0 -1.19368
591 592 0.0254825 0 0 0 0 0 0 0.0254825
592 593 0.088969 0 0 0 0 0 0 0.088969
593 594 0.0409846 0 0 0 0 0 0 0.0409846
594 595 0.00162997 0 -1.18949 0 0 0 0 -1.18786
595 596 0.133906 0 0 0 0 0 0 0.133906
596 597 0.0583536 0 -1.46564 0 0 0 0 -1.40729
597 598 0.0315507 0 0 0 0 0 0 0.0315507
598 599 0.0397036 0 -1.06391 0 0 0 0 -1.02421
600 601 0.0011091 0 0 0 0 0 0 0.0011091
601 602 0.00263436 0 0 0 0 0 0 0.00263436
602 603 0.00972025 0 -0.601429 0 0 0 0 -0.591709
603 604 0.595963 0 -1.29898 0 0 0 0 -0.703014
604 605 0.0378798 0 0 0 0 0 0 0.0378798
605 606 0.0433506 0 -1.31675 0 0 0 0 -1.2734
606 607 0.00759794 0 -1.08791 0 0 0 0 -1.08032
607 608 0.0373407 0 0 0 0 0 0 0.0373407
608 609 0.0210118 0 0 0 0 0 0 0.0210118
609 610 0.0048407 0 -1.24613 0 0 0 0 -1.24129
610 611 0.0681595 0 -1.13245 0 0 0 0 -1.06429
611 612 0.000500517 0 -0.969161 0 0 0 0 -0.96866
612 613 0.00076857 0 -1.17937 0 0 0 0 -1.1786
613 614 0.0926471 0 -1.34265 0 0 0 0 -1.25001
614 615 0.187887 0 -0.00044811 0 0 0 0 0.187439
615 616 3.19504e-05 0 0 0 0 0 0 3.19504e-05
616 617 3.70213e-05 0 -1.18194 0 0 0 0 -1.1819
617 618 0.0267207 0 -0.455325 0 0 0 0 -0.428605
618 619 0.257974 0 -0 0 0 0 0 0.257974
620 621 0.0100847 0 0 0 0 0 0 0.0100847
621 622 0.547169 0 -0 0 0 0 0 0.547169
622 623 0.0453721 0 0 0 0 0 0 0.0453721
623 624 0.00815253 0 0 0 0 0 0 0.00815253
624 625 0.00249573 0 0 0 0 0 0 0.00249573
625 626 0.160287 0 -1.18801 0 0 0 0 -1.02773
626 627 0.0464915 0 0 0 0 0 0 0.0464915
627 628 0.000221816 0 -0.912013 0 0 0 0 -0.911791
628 629 0.00463261 0 -0.705067 0 0 0 0 -0.700434
629 630 0.131686 0 0 0 0 0 0 0.131686
630 631 0.0225752 0 0 0 0 0 0 0.0225752
631 632 0.000113829 0 0 0 0 0 0 0.000113829
632 633 0.007871 0 0 0 0 0 0 0.007871
633 634 0.00489229 0 -0 0 0 0 0 0.00489229
634 635 0.0283571 0 0 0 0 0 0 0.0283571
635 636 0.0192094 0 0 0 0 0 0 0.0192094
636 637 0.0174145 0 0 0 0 0 0 0.0174145
637 638 0.0782622 0 0 0 0 0 0 0.0782622
638 639 0.007444 0 -0.767188 0 0 0 0 -0.759744
640 641 0.236412 0 -1.34769 0 0 0 0 -1.11128
641 642 0.0151674 0 0 0 0 0 0 0.0151674
642 643 0.0822643 0 -1.13681 0 0 0 0 -1.05455
643 644 0.068863 0 -1.16523 0 0 0 0 -1.09637
644 645 0.309303 0 0 0 0 0 0 0.309303
645 646 0.0662964 0 0 0 0 0 0 0.0662964
646 647 0.00678839 0 -1.25418 0 0 0 0 -1.24739
647 648 0.00562134 0 -1.29988 0 0 0 0 -1.29426
648 649 0.0029488 0 0 0 0 0 0 0.0029488
649 650 0.000104121 0 -1.21457 0 0 0 0 -1.21447
650 651 0.0269362 0 -1.43725 0 0 0 0 -1.41032
651 652 0.0258414 0 -1.00296 0 0 0 0 -0.977117
652 653 0.00332318 0 0 0 0 0 0 0.00332318
653 654 0.0100578 0 -1.21504 0 0 0 0 -1.20498
654 655 0.0126686 0 -0.657787 0 0 0 0 -0.645118
655 656 0.1533 0 0 0 0 0 0 0.1533
656 657 0.0421578 0 -1.05542 0 0 0 0 -1.01326
657 658 0.00875239 0 -1.33966 0 0 0 0 -1.3309
658 659 0.023288 0 -1.19643 0 0 0 0 -1.17314
660 661 0.196222 0 -0.574159 0 0 0 0 -0.377937
661 662 0.000213324 0 -1.36712 0 0 0 0 -1.3669
662 663 0.00401751 0 -1.2667 0 0 0 0 -1.26268
663 664 0.000541216 0 -1.23905 0 0 0 0 -1.23851
664 665 0.00197242 0 -1.25901 0 0 0 0 -1.25704
665 666 0.0858896 0 -1.38204 0 0 0 0 -1.29615
666 667 0.00045292 0 -1.15168 0 0 0 0 -1.15122
667 668 0.107407 0 0 0 0 0 0 0.107407
668 669 0.21824 0 -1.12616 0 0 0 0 -0.907919
669 670 0.0246206 0 0 0 0 0 0 0.0246206
670 671 0.0762194 0 -1.26296 0 0 0 0 -1.18674
671 672 0.026979 0 -0.9374 0 0 0 0 -0.910421
672 673 0.0706097 0 -1.34079 0 0 0 0 -1.27018
673 674 0.0322762 0 0 0 0 0 0 0.0322762
674 675 0.00246004 0 0 0 0 0 0 0.00246004
675 676 0.00874874 0 -1.2754 0 0 0 0 -1.26666
676 677 0.0174334 0 0 0 0 0 0 0.0174334
677 678 0.0877877 0 0 0 0 0 0 0.0877877
678 679 0.0260067 0 0 0 0 0 0 0.0260067
680 681 0.0015876 0 -0 0 0 0 0 0.0015876
681 682 0.478898 0 -1.20087 0 0 0 0 -0.721968
682 683 0.076966 0 -1.28111 0 0 0 0 -1.20415
683 684 0.0938301 0 -1.27735 0 0 0 0 -1.18352
684 685 0.0672259 0 -1.10586 0 0 0 0 -1.03863
685 686 0.121805 0 -1.01528 0 0 0 0 -0.89347
686 687 0.00171073 0 -1.34051 0 0 0 0 -1.3388
687 688 0.00568083 0 -1.12124 0 0 0 0 -1.11556
688 689 0.0227639 0 -0.763757 0 0 0 0 -0.740993
689 690 0.0141276 0 -1.01717 0 0 0 0 -1.00304
690 691 4.88993e-06 0 -1.13477 0 0 0 0 -1.13477
691 692 0.0227729 0 -0 0 0 0 0 0.0227729
692 693 0.00221829 0 0 0 0 0 0 0.00221829
693 694 0.000458502 0 -1.19728 0 0 0 0 -1.19682
694 695 0.0910011 0 0 0 0 0 0 0.0910011
695 696 0.0490945 0 -1.166 0 0 0 0 -1.11691
696 697 0.0222568 0 0 0 0 0 0 0.0222568
697 698 0.0419942 0 0 0 0 0 0 0.0419942
698 699 0.0377668 0 0 0 0 0 0 0.0377668
700 701 0.00822939 0 0 0 0 0 0 0.00822939
701 702 3.75818e-05 0 -1.38982 0 0 0 0 -1.38978
702 703 0.00566484 0 -1.43934 0 0 0 0 -1.43367
703 704 0.0201715 0 -1.03666 0 0 0 0 -1.01649
704 705 0.0235202 0 0 0 0 0 0 0.0235202
705 706 0.00530106 0 0 0 0 0 0 0.00530106
706 707 0.0876451 0 -0 0 0 0 0 0.0876451
707 708 0.00313171 0 -1.16031 0 0 0 0 -1.15718
708 709 0.023312 0 -1.29098 0 0 0 0 -1.26767
709 710 0.000348861 0 0 0 0 0 0 0.000348861
710 711 0.0242288 0 0 0 0 0 0 0.0242288
711 712 0.0319563 0 -1.19971 0 0 0 0 -1.16775
712 713 0.000922214 0 -0.854524 0 0 0 0 -0.853601
713 714 0.0176509 0 -0.92972 0 0 0 0 -0.912069
714 715 0.00328781 0 -1.30254 0 0 0 0 -1.29925
715 716 7.77706e-05 0 -1.33495 0 0 0 0 -1.33487
716 717 0.0125697 0 0 0 0 0 0 0.0125697
717 718 0.0153533 0 0 0 0 0 0 0.0153533
718 719 0.201475 0 0 0 0 0 0 0.201475
720 721 0.000266648 0 0 0 0 0 0 0.000266648
721 722 0.000292848 0 0 0 0 0 0 0.000292848
722 723 0.00433822 0 -1.16367 0 0 0 0 -1.15933
723 724 0.0108112 0 -1.32564 0 0 0 0 -1.31483
722 725 0 0 0 0 -0 -7.5649e-05 0 -7.5649e-05
724 725 0.0193858 0 0 0 0 0 0 0.0193858
723 726 0 0 0 0 0 -4.25797e-07 0 -4.25797e-07
722 726 0 0 0 0 0 -0.00404617 -0 -0.00404617
725 726 0.0264922 0 -1.4252 0 0 0 0 -1.39871
723 727 0 0 0 0 0 -1.83798e-06 0 -1.83798e-06
722 727 0 0 0 0 0 -6.06182e-05 0 -6.06182e-05
726 727 0.00623099 0 -1.07019 0 0 0 0 -1.06395
727 728 0.00370956 0 -1.25548 0 0 0 0 -1.25177
728 729 0.00222792 0 -1.22566 0 0 0 0 -1.22344
729 730 0.00222954 0 -1.19448 0 0 0 0 -1.19226
730 731 0.028367 0 -1.35416 0 0 0 0 -1.32579
731 732 0.00636907 0 -0.494544 0 0 0 0 -0.488175
732 733 0.0165029 0 -0.964949 0 0 0 0 -0.948446
733 734 0.0298794 0 -0 0 0 0 0 0.0298794
734 735 0.100511 0 0 0 0 0 0 0.100511
735 736 0.0343632 0 0 0 0 0 0 0.0343632
736 737 0.115534 0 0 0 0 0 0 0.115534
737 738 0.0111475 0 -1.26294 0 0 0 0 -1.25179
738 739 0.205028 0 0 0 0 0 0 0.205028
740 741 0.177457 0 0 0 0 0 0 0.177457
741 742 0.000681739 0 0 0 0 0 0 0.000681739
742 743 0.00308107 0 -0 0 0 0 0 0.00308107
743 744 1.69826e-05 0 -1.16333 0 0 0 0 -1.16331
744 745 0.00378585 0 -1.30907 0 0 0 0 -1.30528
745 746 0.022248 0 -1.35889 0 0 0 0 -1.33665
746 747 0.00533718 0 -1.43841 0 0 0 0 -1.43307
747 748 0.0389854 0 0 0 0 0 0 0.0389854
748 749 0.00904733 0 0 0 0 0 0 0.00904733
749 750 0.104987 0 -1.12244 0 0 0 0 -1.01745
750 751 0.00036871 0 0 0 0 0 0 0.00036871
751 752 0.0187915 0 -1.41976 0 0 0 0 -1.40097
752 753 0.00371174 0 -1.22458 0 0 0 0 -1.22087
753 754 0.000755674 0 -1.22939 0 0 0 0 -1.22863
754 755 0.00116774 0 0 0 0 0 0 0.00116774
755 756 0.046409 0 0 0 0 0 0 0.046409
756 757 0.188835 0 -0 0 0 0 0 0.188835
757 758 0.0445708 0 0 0 0 0 0 0.0445708
758 759 1.09152e-05 0 0 0 0 0 0 1.09152e-05
760 761 0.0409493 0 -0.879047 0 0 0 0 -0.838098
761 762 0.00569869 0 0 0 0 0 0 0.00569869
762 763 0.0223618 0 -0.899097 0 0 0 0 -0.876735
763 764 0.162317 0 -1.23943 0 0 0 0 -1.07711
764 765 0.131566 0 -1.08737 0 0 0 0 -0.955808
765 766 1.5209e-05 0 -1.30245 0 0 0 0 -1.30244
766 767 0.194127 0 -0.000318576 0 0 0 0 0.193808
767 768 0.25607 0 -1.33276 0 0 0 0 -1.07669
768 769 0.000736043 0 0 0 0 0 0 0.000736043
769 770 0.00365472 0 -1.20409 0 0 0 0 -1.20043
770 771 0.0196675 0 -1.23077 0 0 0 0 -1.2111
771 772 0.00150441 0 -1.26495 0 0 0 0 -1.26345
772 773 0.0400896 0 -1.33745 0 0 0 0 -1.29736
773 774 0.102752 0 -1.13929 0 0 0 0 -1.03654
774 775 0.432852 0 0 0 0 0 0 0.432852
775 776 0.018736 0 -0.834631 0 0 0 0 -0.815895
776 777 0.0383899 0 -1.32731 0 0 0 0 -1.28892
777 778 0.00389426 0 -1.33061 0 0 0 0 -1.32671
778 779 0.00170859 0 -1.34864 0 0 0 0 -1.34693
780 781 0.0519898 0 -1.23564 0 0 0 0 -1.18365
781 782 0.0835839 0 0 0 0 0 0 0.0835839
782 783 0.000351146 0 0 0 0 0 0 0.000351146
783 784 0.0058566 0 -1.03394 0 0 0 0 -1.02809
784 785 0.00105348 0 -0 0 0 0 0 0.00105348
785 786 0.000314128 0 0 0 0 0 0 0.000314128
786 787 0.00891145 0 -1.25039 0 0 0 0 -1.24148
787 788 0.0848244 0 -1.05772 0 0 0 0 -0.972895
788 789 0.165424 0 0 0 0 0 0 0.165424
789 790 0.000989205 0 0 0 0 0 0 0.000989205
790 791 0.0151215 0 -0 0 0 0 0 0.0151215
791 792 0.00249946 0 -1.08634 0 0 0 0 -1.08384
792 793 0.172728 0 0 0 0 0 0 0.172728
793 794 0.0662488 0 0 0 0 0 0 0.0662488
794 795 0.0439038 0 -1.05665 0 0 0 0 -1.01274
795 796 0.00523619 0 -0.797501 0 0 0 0 -0.792264
796 797 0.118357 0 -1.43296 0 0 0 0 -1.3146
797 798 0.0336733 0 0 0 0 0 0 0.0336733
788 799 0 0 0 0 0 -0 -0.00116163 -0.00116163
798 799 0.0129546 0 -1.34166 0 0 0 0 -1.3287
#Total energy per particle is  -0.553451 and should be -0.55345110
