t = 0
b =  100.0 100.0 100.0
E = 0. 0. 0.
88.86456432284295 87.98951344232646 1.378934346427886 -0.48781614014125646 0.0620172598569819 0.870740646172853 0.8729216925744417 0.04215959778959467 0.48603527335697716 0.0 0.0 0.0 0.0 0.0 0.0
89.14688732167684 88.36384687284797 1.64133348751221 -0.3913003861927394 -0.534484715669519 0.7491395707617415 0.8729216925744417 0.04215959778959467 0.48603527335697716 0.0 0.0 0.0 0.0 0.0 0.0
89.3400133851658 88.61634449561504 2.074499017323383 -0.14612307333602384 -0.9279270116052661 0.3429278474725483 0.8729216925744417 0.04215959778959467 0.48603527335697716 0.0 0.0 0.0 0.0 0.0 0.0
89.49983068949005 88.65732112688943 2.5858349607561637 0.1545688381285512 -0.9688343217198709 -0.19356789851932407 0.8729216925744417 0.04215959778959467 0.48603527335697716 0.0 0.0 0.0 0.0 0.0 0.0
89.69488196532922 88.47745194404335 3.053047095630842 0.3965374637349285 -0.6416652749670426 -0.6565239635810256 0.8729216925744417 0.04215959778959467 0.48603527335697716 0.0 0.0 0.0 0.0 0.0 0.0
89.98032396850384 88.15131514157851 3.370604572349669 0.48785487711556247 -0.0707168621829411 -0.870055598382976 0.8729216925744417 0.04215959778959467 0.48603527335697716 0.0 0.0 0.0 0.0 0.0 0.0
90.37697250626731 87.80905842815396 3.489832848040759 0.39382806618141647 0.5270980688673448 -0.7530385648053636 0.8729216925744417 0.04215959778959467 0.48603527335697716 0.0 0.0 0.0 0.0 0.0 0.0
90.86339416410867 87.58695373611289 3.437405959190074 0.1501793884508178 0.9246596309451715 -0.34992959032479326 0.8729216925744417 0.04215959778959467 0.48603527335697716 0.0 0.0 0.0 0.0 0.0 0.0
91.38404921827278 87.57562523604022 3.305212609214302 -0.1505249498177227 0.9709275397423174 0.18612348603092174 0.8729216925744417 0.04215959778959467 0.48603527335697716 0.0 0.0 0.0 0.0 0.0 0.0
91.87039210538968 87.78561969920209 3.2154461137356627 -0.39404234300755625 0.6483238431485637 0.6514651382247494 0.8729216925744417 0.04215959778959467 0.48603527335697716 0.0 0.0 0.0 0.0 0.0 0.0
92.26691302801945 88.14339960280921 3.2741811170137343 -0.48785646205216915 0.07941107914605385 0.8693042924907248 0.8729216925744417 0.04215959778959467 0.48603527335697716 0.0 0.0 0.0 0.0 0.0 0.0
92.55222705477398 88.51928126440636 3.5310740611177653 -0.3963257546380865 -0.519671281506483 0.7568802120467684 0.8729216925744417 0.04215959778959467 0.48603527335697716 0.0 0.0 0.0 0.0 0.0 0.0
92.74719861328836 88.77670384103263 3.9604978733731278 -0.1542242668237382 -0.9213218338742151 0.3569046846839276 0.8729216925744417 0.04215959778959467 0.48603527335697716 0.0 0.0 0.0 0.0 0.0 0.0
92.90701474532761 88.82411107663782 4.4712781197322125 0.14646959844918445 -0.9729468178735138 -0.17866489951845177 0.8729216925744417 0.04215959778959467 0.48603527335697716 0.0 0.0 0.0 0.0 0.0 0.0
93.10021862694201 88.64973505449494 4.941331696624367 0.39151721443016696 -0.6549330389593415 -0.6463567012759477 0.8729216925744417 0.04215959778959467 0.48603527335697716 0.0 0.0 0.0 0.0 0.0 0.0
93.38266886990488 88.32606702551378 5.264048243123027 0.4878208948303775 -0.08809924864803707 -0.8684867857109523 0.8729216925744417 0.04215959778959467 0.48603527335697716 0.0 0.0 0.0 0.0 0.0 0.0
93.77631790119364 87.98231677003125 5.3887931994919 0.3987932613541033 0.5122049191655454 -0.7606642199296451 0.8729216925744417 0.04215959778959467 0.48603527335697716 0.0 0.0 0.0 0.0 0.0 0.0
94.26087186895612 87.75532364198905 5.340144722993476 0.15825740042163636 0.9179138745785667 -0.36385259936951064 0.8729216925744417 0.04215959778959467 0.48603527335697716 0.0 0.0 0.0 0.0 0.0 0.0
94.78150061612428 87.73756901053925 5.208556035020135 -0.14240309285364425 0.9748920023376123 0.17119270698215416 0.8729216925744417 0.04215959778959467 0.48603527335697716 0.0 0.0 0.0 0.0 0.0 0.0
95.26966857379573 87.94204104169732 5.115990729989961 -0.3889622703010784 0.661492359083526 0.641199041761872 0.8729216925744417 0.04215959778959467 0.48603527335697716 0.0 0.0 0.0 0.0 0.0 0.0
51.97552709090185 12.791438653705432 26.57199933197064 -0.2532924913742304 -0.4181616475369037 0.8723438257606102 0.743378862549054 0.49291753719780707 0.4521284864262848 0.0 0.0 0.0 0.0 0.0 0.0
52.018601020020384 13.204341838941707 26.91308685500599 0.15782007327928402 -0.7861320451939936 0.597569436960451 0.743378862549054 0.49291753719780707 0.4521284864262848 0.0 0.0 0.0 0.0 0.0 0.0
52.09765003980875 13.438046199740329 27.390390349999027 0.5089741534830843 -0.8554377354549989 0.09576842823081855 0.743378862549054 0.49291753719780707 0.4521284864262848 0.0 0.0 0.0 0.0 0.0 0.0
52.29271973389847 13.476753501825597 27.889524261220632 0.6667604431846119 -0.5997483278604148 -0.4424166075464356 0.743378862549054 0.49291753719780707 0.4521284864262848 0.0 0.0 0.0 0.0 0.0 0.0
52.63977749199179 13.378748153703976 28.287809292831373 0.5712332928801738 -0.11620450325434806 -0.8125201773055758 0.743378862549054 0.49291753719780707 0.4521284864262848 0.0 0.0 0.0 0.0 0.0 0.0
53.117047897171005 13.254253985409147 28.500880324459324 0.2586850640992077 0.4114873549737329 -0.8739337470933998 0.743378862549054 0.49291753719780707 0.4521284864262848 0.0 0.0 0.0 0.0 0.0 0.0
53.65328557085118 13.223558372628048 28.514738130938966 -0.15214194551667762 0.7828482873455964 -0.6033252749673822 0.743378862549054 0.49291753719780707 0.4521284864262848 0.0 0.0 0.0 0.0 0.0 0.0
54.15484248326368 13.371313051579733 28.39106792200614 -0.5051676863530966 0.8567920668294848 -0.10350344382057869 0.743378862549054 0.49291753719780707 0.4521284864262848 0.0 0.0 0.0 0.0 0.0 0.0
54.541246405676866 13.7143735091242 28.24380409979767 -0.6662717771906619 0.6052262153254035 0.4356410761189605 0.743378862549054 0.49291753719780707 0.4521284864262848 0.0 0.0 0.0 0.0 0.0 0.0
54.77577365551517 14.195395301495564 28.195844674597986 -0.5742480804034228 0.12372480577649607 0.809278267710528 0.743378862549054 0.49291753719780707 0.4521284864262848 0.0 0.0 0.0 0.0 0.0 0.0
54.879401037356764 14.704620167236687 28.332360255986895 -0.264057936955014 -0.40478172605534274 0.875457114987776 0.743378862549054 0.49291753719780707 0.4521284864262848 0.0 0.0 0.0 0.0 0.0 0.0
54.922836404160876 15.121575025787019 28.66843631428356 0.14645223155587855 -0.7795049125691974 0.6090351674187559 0.743378862549054 0.49291753719780707 0.4521284864262848 0.0 0.0 0.0 0.0 0.0 0.0
54.99965556175627 15.360841714990045 29.143341958156654 0.5013227487479569 -0.8580811501708763 0.11123057722236207 0.743378862549054 0.49291753719780707 0.4521284864262848 0.0 0.0 0.0 0.0 0.0 0.0
55.19075125570291 15.404508779012058 29.643602615607456 0.6657323720213029 -0.6106580124708666 -0.428832368936886 0.743378862549054 0.49291753719780707 0.4521284864262848 0.0 0.0 0.0 0.0 0.0 0.0
55.5336006647991 15.308976329876955 30.046110921065868 0.5772191367120573 -0.131235686175664 -0.8059747284421459 0.743378862549054 0.49291753719780707 0.4521284864262848 0.0 0.0 0.0 0.0 0.0 0.0
56.00802719427103 15.183528701948774 30.26489726181586 0.26941070077657936 0.3980452714413375 -0.8769138134333757 0.743378862549054 0.49291753719780707 0.4521284864262848 0.0 0.0 0.0 0.0 0.0 0.0
56.543865901462006 15.148815506170157 30.283791071201584 -0.14075136469063357 0.7761021754757305 -0.6146986794841548 0.743378862549054 0.49291753719780707 0.4521284864262848 0.0 0.0 0.0 0.0 0.0 0.0
57.047620330643 15.291014825711324 30.162564297257372 -0.49743963347454995 0.859304887310486 -0.11894923998504295 0.743378862549054 0.49291753719780707 0.4521284864262848 0.0 0.0 0.0 0.0 0.0 0.0
57.43798337972151 15.62909272135298 30.014223040315827 -0.6651422687543262 0.6160433056444217 0.42199100450962507 0.743378862549054 0.49291753719780707 0.4521284864262848 0.0 0.0 0.0 0.0 0.0 0.0
57.67672722770874 16.107597707900116 29.962074646130215 -0.580146235548636 0.13873657246923043 0.8026098110777351 0.743378862549054 0.49291753719780707 0.4521284864262848 0.0 0.0 0.0 0.0 0.0 0.0
57.45404775036338 56.33469516575679 25.001213718138846 -0.3131305577959906 0.7379348048417964 -0.5978306428893319 0.6679640794130159 0.6186021456901174 0.41370928677213037 0.0 0.0 0.0 0.0 0.0 0.0
57.916225711604184 56.56499297527251 24.85275647448293 -0.6495145153364895 0.7559520198054607 -0.08165438211908595 0.6679640794130159 0.6186021456901174 0.41370928677213037 0.0 0.0 0.0 0.0 0.0 0.0
58.23034681863704 56.967610071488956 24.68568611185371 -0.7391370491970615 0.4867704236012602 0.4655437436066674 0.6679640794130159 0.6186021456901174 0.41370928677213037 0.0 0.0 0.0 0.0 0.0 0.0
58.375981612048434 57.48118650108155 24.624736460227982 -0.5479490603552158 0.032656605103459274 0.83587401765993 0.6679640794130159 0.6186021456901174 0.41370928677213037 0.0 0.0 0.0 0.0 0.0 0.0
58.39671139991062 58.00220700483503 24.75432431722865 -0.1485860622646815 -0.4338640036624667 0.8886417773358686 0.6679640794130159 0.6186021456901174 0.41370928677213037 0.0 0.0 0.0 0.0 0.0 0.0
58.383570990204305 58.424328195302095 25.086478095334186 0.3072272651066884 -0.7355524236177099 0.6037996685036998 0.6679640794130159 0.6186021456901174 0.41370928677213037 0.0 0.0 0.0 0.0 0.0 0.0
58.44046304524598 58.67878018766132 25.55626802687372 0.6463198178980764 -0.7577921800598748 0.08956397061486117 0.6679640794130159 0.6186021456901174 0.41370928677213037 0.0 0.0 0.0 0.0 0.0 0.0
58.644683723114 58.76049342873193 26.046474068333048 0.7398646659788837 -0.4921340176876841 -0.4586985771402972 0.6679640794130159 0.6186021456901174 0.41370928677213037 0.0 0.0 0.0 0.0 0.0 0.0
59.01755657487178 58.7300247049856 26.43211975470027 0.5523225575767556 -0.039505913953949125 -0.8326938664086189 0.6679640794130159 0.6186021456901174 0.41370928677213037 0.0 0.0 0.0 0.0 0.0 0.0
59.51633137100804 58.69055060691043 26.6279528480189 0.15494387521050199 0.4281311469945494 -0.8903348339292831 0.6679640794130159 0.6186021456901174 0.41370928677213037 0.0 0.0 0.0 0.0 0.0 0.0
60.05042562837385 58.74866901726382 26.620834087928927 -0.30130057587166803 0.7331140272287594 -0.6097227124356048 0.6679640794130159 0.6186021456901174 0.41370928677213037 0.0 0.0 0.0 0.0 0.0 0.0
60.51583840998927 58.973900793191476 26.474729016354303 -0.6430759007031999 0.7595746315058673 -0.09746673846751215 0.6679640794130159 0.6186021456901174 0.41370928677213037 0.0 0.0 0.0 0.0 0.0 0.0
60.834662019804995 59.37227763027094 26.306406398679215 -0.7405359392018875 0.49746013386328836 0.451818479001355 0.6679640794130159 0.6186021456901174 0.41370928677213037 0.0 0.0 0.0 0.0 0.0 0.0
60.98468043897864 59.88405052051716 26.24107581750897 -0.5566539932971306 0.04635221427613959 0.8294503022954766 0.6679640794130159 0.6186021456901174 0.41370928677213037 0.0 0.0 0.0 0.0 0.0 0.0
61.00780956286507 60.406389399466086 26.364818458845676 -0.1612898885803339 -0.4223656864822099 0.8919600880780236 0.6679640794130159 0.6186021456901174 0.41370928677213037 0.0 0.0 0.0 0.0 0.0 0.0
60.994172651574615 60.83245000689164 26.69188343032533 0.29535094143126406 -0.7306198013682677 0.6155993236223215 0.6679640794130159 0.6186021456901174 0.41370928677213037 0.0 0.0 0.0 0.0 0.0 0.0
61.047860996676654 61.091965807606314 27.159274286994552 0.6397830107887169 -0.7612992384028563 0.10536208385067203 0.6679640794130159 0.6186021456901174 0.41370928677213037 0.0 0.0 0.0 0.0 0.0 0.0
61.24738789921877 61.177943422972746 27.650682433992756 0.7411508177460214 -0.502748366523702 -0.44490397313594965 0.6679640794130159 0.6186021456901174 0.41370928677213037 0.0 0.0 0.0 0.0 0.0 0.0
61.615860153986446 61.149319532371095 28.0406747063157 0.560943037660744 -0.05319498469775132 -0.826143572330466 0.6679640794130159 0.6186021456901174 0.41370928677213037 0.0 0.0 0.0 0.0 0.0 0.0
62.112199391838985 61.10856984333381 28.242347525331265 0.1676236191006929 0.4165680611875912 -0.893517416012692 0.6679640794130159 0.6186021456901174 0.41370928677213037 0.0 0.0 0.0 0.0 0.0 0.0
76.5977880163222 4.851401080342141 29.19074617580082 -0.425979193232875 0.9028695320035487 0.058037359626037004 0.8391373779684396 0.3703001342001377 0.3984046579893518 0.0 0.0 0.0 0.0 0.0 0.0
76.99529398426323 5.175477839500937 29.03059511666365 -0.5433815059953505 0.6032903293405272 0.5837613531798961 0.8391373779684396 0.3703001342001377 0.3984046579893518 0.0 0.0 0.0 0.0 0.0 0.0
77.2689361208151 5.637074648215464 29.00351247635191 -0.4543440997758868 0.07451104408462156 0.8877046486913646 0.8391373779684396 0.3703001342001377 0.3984046579893518 0.0 0.0 0.0 0.0 0.0 0.0
77.4390105055271 6.115656251773573 29.178782138641036 -0.19269377382330508 -0.48257623257725546 0.8543941065347279 0.8391373779684396 0.3703001342001377 0.3984046579893518 0.0 0.0 0.0 0.0 0.0 0.0
77.56516033843296 6.4842345879314145 29.548810964398303 0.1421641384728443 -0.8563247302386857 0.4964849585978579 0.8391373779684396 0.3703001342001377 0.3984046579893518 0.0 0.0 0.0 0.0 0.0 0.0
77.7237164911769 6.657613674887052 30.03201355208987 0.42301151770551726 -0.9047411458964421 -0.05004712589618408 0.8391373779684396 0.3703001342001377 0.3984046579893518 0.0 0.0 0.0 0.0 0.0 0.0
77.97869813269189 6.624756989167874 30.50380789585867 0.5431497489864419 -0.6094312737628408 -0.5775654705189425 0.8391373779684396 0.3703001342001377 0.3984046579893518 0.0 0.0 0.0 0.0 0.0 0.0
78.35749077657857 6.452980425418675 30.843946172449552 0.4569363096478822 -0.08258827157920304 -0.8856570365118405 0.8391373779684396 0.3703001342001377 0.3984046579893518 0.0 0.0 0.0 0.0 0.0 0.0
78.84044206662702 6.262377862564352 30.982198899700325 0.1971251267063954 0.4756313957796397 -0.8572726869378846 0.8391373779684396 0.3703001342001377 0.3984046579893518 0.0 0.0 0.0 0.0 0.0 0.0
79.36832803551073 6.180195491343762 30.92503629098948 -0.13757718762721438 0.8531507437489291 -0.5031961107612384 0.8391373779684396 0.3703001342001377 0.3984046579893518 0.0 0.0 0.0 0.0 0.0 0.0
79.86485328014595 6.292488859005166 30.753170112997523 -0.4200116282133311 0.9065438602482273 0.04205308088392853 0.8391373779684396 0.3703001342001377 0.3984046579893518 0.0 0.0 0.0 0.0 0.0 0.0
80.26563686091426 6.611428928134597 30.59088993611626 -0.5428766290212588 0.6155258076341479 0.5713256040112729 0.8391373779684396 0.3703001342001377 0.3984046579893518 0.0 0.0 0.0 0.0 0.0 0.0
80.54267169701552 7.070678124481779 30.55884344864615 -0.4594937220507975 0.09065920965714999 0.8835419781200249 0.8391373779684396 0.3703001342001377 0.3984046579893518 0.0 0.0 0.0 0.0 0.0 0.0
80.71496492471732 7.550593090522905 30.72820038288919 -0.20154146774788667 -0.4686503378097537 0.8600859827068643 0.8391373779684396 0.3703001342001377 0.3984046579893518 0.0 0.0 0.0 0.0 0.0 0.0
80.84131676850448 7.9236791973141925 31.093613943952906 0.13297975974609422 -0.8499117865269288 0.509868942592581 0.8391373779684396 0.3703001342001377 0.3984046579893518 0.0 0.0 0.0 0.0 0.0 0.0
80.99798135270999 8.103027885624156 31.57525214652365 0.41697975320951464 -0.9082775377752276 -0.03405583336674893 0.8391373779684396 0.3703001342001377 0.3984046579893518 0.0 0.0 0.0 0.0 0.0 0.0
81.24969648477988 8.075334680619262 32.04912732080687 0.5425621668989427 -0.6215734668320989 -0.565042228846881 0.8391373779684396 0.3703001342001377 0.3984046579893518 0.0 0.0 0.0 0.0 0.0 0.0
81.62508867986611 7.905953784292153 32.394201101245365 0.4620161422277759 -0.09872324368528039 -0.881359634585804 0.8391373779684396 0.3703001342001377 0.3984046579893518 0.0 0.0 0.0 0.0 0.0 0.0
82.10579746911054 7.714068921460655 32.538368925248015 0.2059424606263088 0.4616335903021897 -0.8628337795983031 0.8391373779684396 0.3703001342001377 0.3984046579893518 0.0 0.0 0.0 0.0 0.0 0.0
82.63345084873473 7.627413450063862 32.485853762042126 -0.12837220494141802 0.846608105231817 -0.5165029459299078 0.8391373779684396 0.3703001342001377 0.3984046579893518 0.0 0.0 0.0 0.0 0.0 0.0
15.343603018867665 60.16846574784389 54.82134242868133 0.997627252297782 0.03250672874294764 -0.06068919227679611 0.026029466355072306 0.6379900983197138 0.7696045096848589 0.0 0.0 0.0 0.0 0.0 0.0
15.489876887740918 60.150157337720515 55.338018206632995 0.7707463360491457 0.47746214939183806 -0.4218767371696897 0.026029466355072306 0.6379900983197138 0.7696045096848589 0.0 0.0 0.0 0.0 0.0 0.0
15.811842408168141 60.240686439574375 55.75852716907246 0.2510460005438914 0.7410217167453328 -0.6227862562089147 0.026029466355072306 0.6379900983197138 0.7696045096848589 0.0 0.0 0.0 0.0 0.0 0.0
16.191033872318517 60.50013146507662 56.03707198481311 -0.3640309078332856 0.7230547446848608 -0.5870888640834405 0.026029466355072306 0.6379900983197138 0.7696045096848589 0.0 0.0 0.0 0.0 0.0 0.0
16.48724447957405 60.92439684238072 56.181789875513154 -0.8408063880523856 0.4303871862879489 -0.3283465968903036 0.026029466355072306 0.6379900983197138 0.7696045096848589 0.0 0.0 0.0 0.0 0.0 0.0
16.591793244217026 61.446768992341326 56.25166114912062 -0.9981454639172324 -0.025791659869779736 0.05514003212380847 0.026029466355072306 0.6379900983197138 0.7696045096848589 0.0 0.0 0.0 0.0 0.0 0.0
16.468814718953382 61.96326193262307 56.33410159478569 -0.7762723899377044 -0.4721718232294217 0.417678041041911 0.026029466355072306 0.6379900983197138 0.7696045096848589 0.0 0.0 0.0 0.0 0.0 0.0
16.16888487797799 62.37212329094276 56.51175176304852 -0.2594804564386011 -0.7391660166523066 0.6215331789637437 0.026029466355072306 0.6379900983197138 0.7696045096848589 0.0 0.0 0.0 0.0 0.0 0.0
15.809806458792858 62.612491732508666 56.83108043901271 0.35589244074340765 -0.7253386821522163 0.589257470716652 0.026029466355072306 0.6379900983197138 0.7696045096848589 0.0 0.0 0.0 0.0 0.0 0.0
15.531853732673355 62.68751919865516 57.28473037396777 0.8360558494826975 -0.4359430552864398 0.33311299748477113 0.026029466355072306 0.6379900983197138 0.7696045096848589 0.0 0.0 0.0 0.0 0.0 0.0
15.444479963749966 62.66317343163214 57.8143134271809 0.998587662895128 0.019074626861856278 -0.04958667284389135 0.026029466355072306 0.6379900983197138 0.7696045096848589 0.0 0.0 0.0 0.0 0.0 0.0
15.58473428400413 62.64317572640247 58.332593196759014 0.7817393276783086 0.4668455393545788 -0.4134475371142006 0.026029466355072306 0.6379900983197138 0.7696045096848589 0.0 0.0 0.0 0.0 0.0 0.0
15.903186108600025 62.72959547655799 58.756627587242804 0.2678951518919336 0.7372540262053145 -0.620232769560631 0.026029466355072306 0.6379900983197138 0.7696045096848589 0.0 0.0 0.0 0.0 0.0 0.0
16.28270464149902 62.98407230518474 59.039279898389594 -0.34772687106627337 0.7275673822706631 -0.5913812031120652 0.026029466355072306 0.6379900983197138 0.7696045096848589 0.0 0.0 0.0 0.0 0.0 0.0
16.582958823197217 63.404398141493026 59.18712684567916 -0.8312416420231493 0.4414657255334485 -0.3378540302347806 0.026029466355072306 0.6379900983197138 0.7696045096848589 0.0 0.0 0.0 0.0 0.0 0.0
16.69373144644118 63.925356103827404 59.25795995614611 -0.9989538155563048 -0.012356141247246785 0.044029537346854705 0.026029466355072306 0.6379900983197138 0.7696045096848589 0.0 0.0 0.0 0.0 0.0 0.0
16.57679251599696 64.4434974833757 59.338829601036664 -0.7871467329424833 -0.461483703384448 0.4091855475558119 0.026029466355072306 0.6379900983197138 0.7696045096848589 0.0 0.0 0.0 0.0 0.0 0.0
16.28042346301089 64.85644363821689 59.51297310436761 -0.2762894460922513 -0.735285891009832 0.6188851270307877 0.026029466355072306 0.6379900983197138 0.7696045096848589 0.0 0.0 0.0 0.0 0.0 0.0
15.921074222094633 65.10178135106659 59.82819149187848 0.3395348206416281 -0.7297406753160582 0.5934598995392364 0.026029466355072306 0.6379900983197138 0.7696045096848589 0.0 0.0 0.0 0.0 0.0 0.0
15.639121954227114 65.18077465401667 60.27868908216255 0.8263641322942784 -0.44695477645625364 0.3425693340923331 0.026029466355072306 0.6379900983197138 0.7696045096848589 0.0 0.0 0.0 0.0 0.0 0.0
37.04673660399766 12.132126875622319 16.05790430262904 -0.7083310517874774 0.4934249039990431 0.5047761733552615 0.7048152812022943 0.45512186554305833 0.5441502613142228 0.0 0.0 0.0 0.0 0.0 0.0
37.25435297372971 12.626530492445298 16.091751146056495 -0.596506974106091 -0.034931794462093615 0.8018473667590692 0.7048152812022943 0.45512186554305833 0.5441502613142228 0.0 0.0 0.0 0.0 0.0 0.0
37.32599555994515 13.112971405621511 16.308379121966844 -0.2580599238970344 -0.5500173201786224 0.7942833393580552 0.7048152812022943 0.45512186554305833 0.5441502613142228 0.0 0.0 0.0 0.0 0.0 0.0
37.3388133783884 13.474035853356689 16.70606401007602 0.17842840593234888 -0.8561420701600903 0.4849577916256588 0.7048152812022943 0.45512186554305833 0.5441502613142228 0.0 0.0 0.0 0.0 0.0 0.0
37.392303957578186 13.639942689260325 17.21429504204548 0.5471288011841711 -0.8370041337556563 -0.0086113292072168 0.7048152812022943 0.45512186554305833 0.5441502613142228 0.0 0.0 0.0 0.0 0.0 0.0
37.57051256421333 13.615054406537988 17.720563121251207 0.7079658173603867 -0.4998743329745983 -0.49890886210052415 0.7048152812022943 0.45512186554305833 0.5441502613142228 0.0 0.0 0.0 0.0 0.0 0.0
37.91010200119196 13.476219753885522 18.113104909642924 0.5998347829641419 0.02716608435667286 -0.7996625769704913 0.7048152812022943 0.45512186554305833 0.5441502613142228 0.0 0.0 0.0 0.0 0.0 0.0
38.38642379582109 13.343577611016942 18.323363588452803 0.26381648581705647 0.5438856520481347 -0.7966111092040546 0.7048152812022943 0.45512186554305833 0.5441502613142228 0.0 0.0 0.0 0.0 0.0 0.0
38.92288256669321 13.33491421964612 18.35203473985421 -0.17243010506835485 0.8539739672433321 -0.49091376242350393 0.7048152812022943 0.45512186554305833 0.5441502613142228 0.0 0.0 0.0 0.0 0.0 0.0
39.42003588968949 13.520914220978744 18.268802083664557 -0.5431676161606787 0.8396232945994518 0.0012899303421487632 0.7048152812022943 0.45512186554305833 0.5441502613142228 0.0 0.0 0.0 0.0 0.0 0.0
39.79337413749114 13.898306378734098 18.185863467136986 -0.7075466685953025 0.5062856945843558 0.49300355700433396 0.7048152812022943 0.45512186554305833 0.5441502613142228 0.0 0.0 0.0 0.0 0.0 0.0
40.0054270999235 14.39110637650026 18.21530502694093 -0.603116912081115 -0.019398305448750167 0.7974168897806577 0.7048152812022943 0.45512186554305833 0.5441502613142228 0.0 0.0 0.0 0.0 0.0 0.0
40.07999954326988 14.879484529929007 18.426517791861134 -0.2695529570902762 -0.5377125649195041 0.7988782140298831 0.7048152812022943 0.45512186554305833 0.5441502613142228 0.0 0.0 0.0 0.0 0.0 0.0
40.09312738156603 15.245291087265207 18.819834870806186 0.16641867298426977 -0.8517408309026734 0.49683234823769096 0.7048152812022943 0.45512186554305833 0.5441502613142228 0.0 0.0 0.0 0.0 0.0 0.0
40.14419036160532 15.416943295397077 19.326404899164874 0.5391650668202569 -0.8421785148786297 0.006031566756109294 0.7048152812022943 0.45512186554305833 0.5441502613142228 0.0 0.0 0.0 0.0 0.0 0.0
40.31815603559113 15.396620884563179 19.834349823355403 0.7070736374120266 -0.5126585005783056 -0.4870607077785367 0.7048152812022943 0.45512186554305833 0.5441502613142228 0.0 0.0 0.0 0.0 0.0 0.0
40.65329916747312 15.259437952391634 20.231269243882423 0.6063531115101711 0.01162904928476409 -0.7951104762073421 0.7048152812022943 0.45512186554305833 0.5441502613142228 0.0 0.0 0.0 0.0 0.0 0.0
41.12666051020279 15.12490586237046 20.446943206339796 0.2752689008621969 0.5314985288972163 -0.8010844811867303 0.7048152812022943 0.45512186554305833 0.5441502613142228 0.0 0.0 0.0 0.0 0.0 0.0
41.66276940754533 15.11152887873503 20.480009936104494 -0.16039456747392075 0.8494428312000927 -0.5027130983449949 0.7048152812022943 0.45512186554305833 0.5441502613142228 0.0 0.0 0.0 0.0 0.0 0.0
42.16231635818538 15.29178241519942 20.398483199283557 -0.5351214579725343 0.8446696000032728 -0.013352604527206682 0.7048152812022943 0.45512186554305833 0.5441502613142228 0.0 0.0 0.0 0.0 0.0 0.0
33.503933827605906 21.86955514643795 38.48969095133413 0.8622499297610796 -0.5051825277080937 -0.03627219769292382 0.44869458192347467 0.7286874370528995 0.5173855344265 0.0 0.0 0.0 0.0 0.0 0.0
33.69443479675679 21.93331235326406 38.98801765285499 0.8362224500629227 -0.13808571247939835 -0.5307205950590383 0.44869458192347467 0.7286874370528995 0.5173855344265 0.0 0.0 0.0 0.0 0.0 0.0
34.075552699711295 21.96559291758562 39.365366578033004 0.49250008069206574 0.2814721735902169 -0.8235393651870612 0.44869458192347467 0.7286874370528995 0.5173855344265 0.0 0.0 0.0 0.0 0.0 0.0
34.5689360115561 22.062035072733604 39.55498967900392 -0.03833130349594712 0.5940940749491246 -0.8034817616365948 0.44869458192347467 0.7286874370528995 0.5173855344265 0.0 0.0 0.0 0.0 0.0 0.0
35.053581701562905 22.293900990959436 39.561459087128185 -0.5545999846206312 0.6810097045116162 -0.47816800334170945 0.44869458192347467 0.7286874370528995 0.5173855344265 0.0 0.0 0.0 0.0 0.0 0.0
35.41180630762492 22.681003092756693 39.458930083845125 -0.8601668591706717 0.5091983614550681 0.02880977396537636 0.44869458192347467 0.7286874370528995 0.5173855344265 0.0 0.0 0.0 0.0 0.0 0.0
35.5739558510738 23.184176977069583 39.362968269443975 -0.8389419626988066 0.14393404753913325 0.5248422364692815 0.44869458192347467 0.7286874370528995 0.5173855344265 0.0 0.0 0.0 0.0 0.0 0.0
35.54486854772813 23.72016063204791 39.38664425936018 -0.49898898823604254 -0.2760132174858629 0.821478358444258 0.44869458192347467 0.7286874370528995 0.5173855344265 0.0 0.0 0.0 0.0 0.0 0.0
35.40203668881335 24.193227065415567 39.59757626693162 0.03053824550858268 -0.5910984464930746 0.8060211176605312 0.44869458192347467 0.7286874370528995 0.5173855344265 0.0 0.0 0.0 0.0 0.0 0.0
35.266166023923134 24.531552589306187 39.992240813635256 0.5484634892122601 -0.6816154930385608 0.4843429783231232 0.44869458192347467 0.7286874370528995 0.5173855344265 0.0 0.0 0.0 0.0 0.0 0.0
35.255317628656286 24.714503840111604 40.497311357487526 0.8580182835436658 -0.5131754177753771 -0.02134515626200067 0.44869458192347467 0.7286874370528995 0.5173855344265 0.0 0.0 0.0 0.0 0.0 0.0
35.4400545281208 24.780476738288037 40.99751627229824 0.8415975866561343 -0.14977142146388567 -0.518923909111209 0.44869458192347467 0.7286874370528995 0.5173855344265 0.0 0.0 0.0 0.0 0.0 0.0
35.81663362394448 24.812309236229215 41.3794324656991 0.50543989583665 0.2705332419063677 -0.8193547929439772 0.44869458192347467 0.7286874370528995 0.5173855344265 0.0 0.0 0.0 0.0 0.0 0.0
36.30842775992782 24.90580979517529 41.57457670826734 -0.022742861915589812 0.5880578036017925 -0.8084990920557207 0.44869458192347467 0.7286874370528995 0.5173855344265 0.0 0.0 0.0 0.0 0.0 0.0
36.795037659821894 25.133358148955658 41.58542355736202 -0.5422852261857234 0.6821693739067277 -0.49048106871152813 0.44869458192347467 0.7286874370528995 0.5173855344265 0.0 0.0 0.0 0.0 0.0 0.0
37.158033625343904 25.516407032982553 41.484465231410894 -0.8558043665024161 0.5171133938007819 0.013878913042333787 0.44869458192347467 0.7286874370528995 0.5173855344265 0.0 0.0 0.0 0.0 0.0 0.0
37.32594895859376 26.017331931397333 41.38667060412447 -0.8441891196988615 0.1555973897150288 0.5129660636883613 0.44869458192347467 0.7286874370528995 0.5173855344265 0.0 0.0 0.0 0.0 0.0 0.0
37.30143135544582 26.553725259693532 41.40580660719631 -0.5118523122323003 -0.2650326641730905 0.8171688304039519 0.44869458192347467 0.7286874370528995 0.5173855344265 0.0 0.0 0.0 0.0 0.0 0.0
37.160237001619066 27.029704383852213 41.61121627087098 0.014945746365608742 -0.584972377832009 0.8109154961148181 0.44869458192347467 0.7286874370528995 0.5173855344265 0.0 0.0 0.0 0.0 0.0 0.0
37.02244953114663 27.372339036077904 42.00147414740053 0.5360656660396693 -0.6826713049359466 0.4965818070675755 0.44869458192347467 0.7286874370528995 0.5173855344265 0.0 0.0 0.0 0.0 0.0 0.0
81.10901637680102 35.76273628286619 1.9745018439279127 -0.43154979039582914 0.8867691264189429 0.16554544644749586 0.5395118667487959 0.1066377255356821 0.8351977856351188 0.0 0.0 0.0 0.0 0.0 0.0
81.52447142686341 36.06359940712836 2.1343880032889757 -0.7735053978986464 0.45460295993099015 0.4416169700584876 0.5395118667487959 0.1066377255356821 0.8351977856351188 0.0 0.0 0.0 0.0 0.0 0.0
81.76360589713643 36.468089290410894 2.394940764870369 -0.8215933724191662 -0.15027447159091534 0.5499108233022627 0.5395118667487959 0.1066377255356821 0.8351977856351188 0.0 0.0 0.0 0.0 0.0 0.0
81.81545813231503 36.83832410316589 2.7808457159264814 -0.557544288448984 -0.6980601189002505 0.4492843607548387 0.5395118667487959 0.1066377255356821 0.8351977856351188 0.0 0.0 0.0 0.0 0.0 0.0
81.74021812939851 37.049436089853074 3.269165051153412 -0.0816748076536319 -0.9806410560965774 0.1779672579227181 0.5395118667487959 0.1066377255356821 0.8351977856351188 0.0 0.0 0.0 0.0 0.0 0.0
81.64636035150745 37.03701091694713 3.798052028423574 0.42522429809929835 -0.8906600606376883 -0.16096258164812133 0.5395118667487959 0.1066377255356821 0.8351977856351188 0.0 0.0 0.0 0.0 0.0 0.0
81.64943246574784 36.82155975519417 4.290247580142352 0.7705735836331675 -0.46230241710043296 -0.43874004529998717 0.5395118667487959 0.1066377255356821 0.8351977856351188 0.0 0.0 0.0 0.0 0.0 0.0
81.82815685262354 36.500726742916804 4.682432324730022 0.8231690814415153 0.1416916439775057 -0.5498328304000075 0.5395118667487959 0.1066377255356821 0.8351977856351188 0.0 0.0 0.0 0.0 0.0 0.0
82.19452265751487 36.21219234534244 4.949282658327496 0.5630288825571208 0.6918546805504338 -0.45203493051636723 0.5395118667487959 0.1066377255356821 0.8351977856351188 0.0 0.0 0.0 0.0 0.0 0.0
82.68923091390083 36.08136624396879 5.113091615290465 0.08898459784835182 0.9791705567888453 -0.18250140290855144 0.5395118667487959 0.1066377255356821 0.8351977856351188 0.0 0.0 0.0 0.0 0.0 0.0
83.20422321216623 36.17374210182479 5.235299371718014 -0.418866423326144 0.8944831676444858 0.15636745892496295 0.5395118667487959 0.1066377255356821 0.8351977856351188 0.0 0.0 0.0 0.0 0.0 0.0
83.62373489605478 36.47001542589032 5.393151095327617 -0.7675830872058976 0.4699666681509372 0.4358297087883868 0.5395118667487959 0.1066377255356821 0.8351977856351188 0.0 0.0 0.0 0.0 0.0 0.0
83.86827599106272 36.87341766674837 5.6503502147689355 -0.8246821029512836 -0.13309802599682546 0.5497129655989539 0.5395118667487959 0.1066377255356821 0.8351977856351188 0.0 0.0 0.0 0.0 0.0 0.0
83.92483077475424 37.246480208392505 6.0328564220152785 -0.5684705998359955 -0.6855965547880686 0.4547510760678134 0.5395118667487959 0.1066377255356821 0.8351977856351188 0.0 0.0 0.0 0.0 0.0 0.0
83.85180266732621 37.46326099380038 6.519023151360042 -0.0962876115214272 -0.9776254898522008 0.18702164970597127 0.5395118667487959 0.1066377255356821 0.8351977856351188 0.0 0.0 0.0 0.0 0.0 0.0
83.75682579582217 37.457192018035414 7.047821471639925 0.4124766502531467 -0.8982381562949346 -0.15176042821440533 0.5395118667487959 0.1066377255356821 0.8351977856351188 0.0 0.0 0.0 0.0 0.0 0.0
83.75587298972192 37.246369626279915 7.542025997533187 0.7645341363547189 -0.47759512942011156 -0.43288618215707797 0.5395118667487959 0.1066377255356821 0.8351977856351188 0.0 0.0 0.0 0.0 0.0 0.0
83.92919576405984 36.926679409745546 7.93755410458296 0.8261323217260261 0.12449427208615585 -0.5495512380272688 0.5395118667487959 0.1066377255356821 0.8351977856351188 0.0 0.0 0.0 0.0 0.0 0.0
84.2908354271295 36.635367666450435 8.207811989632763 0.5738690258777699 0.6792862181936615 -0.4574325905641758 0.5395118667487959 0.1066377255356821 0.8351977856351188 0.0 0.0 0.0 0.0 0.0 0.0
84.7832885527048 36.49889923796634 8.373798101270324 0.10358329252009321 0.9760059729494732 -0.19152765408068134 0.5395118667487959 0.1066377255356821 0.8351977856351188 0.0 0.0 0.0 0.0 0.0 0.0
60.098984247168474 96.02052156318538 96.29879410652903 0.23194619355207438 0.7145454375201645 -0.6600195307836126 0.4116352680626861 0.5426730190520993 0.7321628237488166 0.0 0.0 0.0 0.0 0.0 0.0
60.595935939210186 96.15814222721785 96.4497400264027 -0.32890639759669654 0.8377006396459286 -0.4359796095653624 0.4116352680626861 0.5426730190520993 0.7321628237488166 0.0 0.0 0.0 0.0 0.0 0.0
61.017913407570674 96.4867167784159 96.5013043805578 -0.764801949276765 0.6425993631623966 -0.046303745482875074 0.4116352680626861 0.5426730190520993 0.7321628237488166 0.0 0.0 0.0 0.0 0.0 0.0
61.26555424752899 96.96177187466624 96.54231379447315 -0.91013645361989 0.2033638449250546 0.3609636856658969 0.4116352680626861 0.5426730190520993 0.7321628237488166 0.0 0.0 0.0 0.0 0.0 0.0
61.30572945424717 97.48318376576609 96.66560489189376 -0.7096949025627847 -0.3131329980614854 0.6310949776392027 0.4116352680626861 0.5426730190520993 0.7321628237488166 0.0 0.0 0.0 0.0 0.0 0.0
61.184129685595586 97.93321698010509 96.93275410932468 -0.23962839255606488 -0.7106653797799265 0.6614627362620285 0.4116352680626861 0.5426730190520993 0.7321628237488166 0.0 0.0 0.0 0.0 0.0 0.0
61.00790661732093 98.22125399876212 97.35068377829947 0.3214769501557767 -0.8382041020284473 0.4405297423117141 0.4116352680626861 0.5426730190520993 0.7321628237488166 0.0 0.0 0.0 0.0 0.0 0.0
60.90496422994956 98.31822236598765 97.8690322158955 0.7604478246954585 -0.6472950718911111 0.0522321339926608 0.4116352680626861 0.5426730190520993 0.7321628237488166 0.0 0.0 0.0 0.0 0.0 0.0
60.975365948145054 98.26763980120843 98.39928697007865 0.9105118566237158 -0.21046782174586307 -0.35590933530491503 0.4116352680626861 0.5426730190520993 0.7321628237488166 0.0 0.0 0.0 0.0 0.0 0.0
61.25331887270722 98.16908108983986 98.84841218008035 0.7146572112741858 0.3063196727149666 -0.6288348976333934 0.4116352680626861 0.5426730190520993 0.7321628237488166 0.0 0.0 0.0 0.0 0.0 0.0
61.69417793106605 98.14034795750503 99.15419445538019 0.24729234293020277 0.7067312021195647 -0.6628555687921215 0.4116352680626861 0.5426730190520993 0.7321628237488166 0.0 0.0 0.0 0.0 0.0 0.0
62.191407286776894 98.27271422493068 99.30887878291709 -0.3140230210004543 0.8386437319233566 -0.44504632701260927 0.4116352680626861 0.5426730190520993 0.7321628237488166 0.0 0.0 0.0 0.0 0.0 0.0
62.61705508496993 98.59624935743624 99.36211478620805 -0.7560357890681082 0.6519414865939955 -0.05815654482321896 0.4116352680626861 0.5426730190520993 0.7321628237488166 0.0 0.0 0.0 0.0 0.0 0.0
62.87036450125619 99.06839457232425 99.40209400327667 -0.9108179206244701 0.21755577062718545 0.3508278810700896 0.4116352680626861 0.5426730190520993 0.7321628237488166 0.0 0.0 0.0 0.0 0.0 0.0
62.91605294387718 99.59013163197213 99.52204444687403 -0.7195650960720411 -0.2994830199394064 0.6265269294154949 0.4116352680626861 0.5426730190520993 0.7321628237488166 0.0 0.0 0.0 0.0 0.0 0.0
62.7977165002074 100.04360152780158 99.78481172374536 -0.25493746103499587 -0.7027432041419412 0.6641979223043002 0.4116352680626861 0.5426730190520993 0.7321628237488166 0.0 0.0 0.0 0.0 0.0 0.0
62.62126705427307 100.33688108813503 100.19898293790496 0.3065451777762926 -0.8390194958511397 0.4495290197126343 0.4116352680626861 0.5426730190520993 0.7321628237488166 0.0 0.0 0.0 0.0 0.0 0.0
62.514694591258305 100.43890612798943 100.71562430625251 0.7515661783883082 -0.6565382534285829 0.06407652680772541 0.4116352680626861 0.5426730190520993 0.7321628237488166 0.0 0.0 0.0 0.0 0.0 0.0
62.57944166225522 100.39127325231676 101.24687192090205 0.9110546223141933 -0.22462715179427442 -0.34571970993383666 0.4116352680626861 0.5426730190520993 0.7321628237488166 0.0 0.0 0.0 0.0 0.0 0.0
62.85186366307503 100.2924366103247 101.6993127167941 0.7244181832019203 0.292623560372381 -0.6241712487462253 0.4116352680626861 0.5426730190520993 0.7321628237488166 0.0 0.0 0.0 0.0 0.0 0.0
6.879779001979721 49.73253228205567 96.24297544749541 -0.8716413283014515 0.1060043466847659 0.4785441184267315 0.30928175385039225 0.8763723237945755 0.3692104370438641 0.0 0.0 0.0 0.0 0.0 0.0
6.76720114490837 50.25148660597104 96.1611357388869 -0.4831006674818002 -0.18962389470857735 0.8547844895844742 0.30928175385039225 0.8763723237945755 0.3692104370438641 0.0 0.0 0.0 0.0 0.0 0.0
6.5445004754837575 50.72721615712106 96.274144181575 0.08897801392661861 -0.4132108481596798 0.9062779419145283 0.30928175385039225 0.8763723237945755 0.3692104370438641 0.0 0.0 0.0 0.0 0.0 0.0
6.342082347133415 51.108754282431384 96.59373870963859 0.6272524602112542 -0.4798120918779542 0.6134612519520944 0.30928175385039225 0.8763723237945755 0.3692104370438641 0.0 0.0 0.0 0.0 0.0 0.0
6.282646436824755 51.380919226300826 97.05317174938725 0.927223209759753 -0.3641246998614144 0.08758037584788447 0.30928175385039225 0.8763723237945755 0.3692104370438641 0.0 0.0 0.0 0.0 0.0 0.0
6.43457108635595 51.570081933379655 97.53256873856616 0.8749263595751593 -0.11010024652719226 -0.4715737493067352 0.30928175385039225 0.8763723237945755 0.3692104370438641 0.0 0.0 0.0 0.0 0.0 0.0
6.7859352270819 51.734147285798294 97.9044704767525 0.49023035739930776 0.1857531312406676 -0.8515691228070892 0.30928175385039225 0.8763723237945755 0.3692104370438641 0.0 0.0 0.0 0.0 0.0 0.0
7.249047393202143 51.94055507032798 98.0822570066003 -0.08071235376703106 0.4110357888234595 -0.9080391490765489 0.30928175385039225 0.8763723237945755 0.3692104370438641 0.0 0.0 0.0 0.0 0.0 0.0
7.693761175741573 52.24065847585324 98.05305598384462 -0.6209910922986823 0.48015907808030617 -0.6195299210068558 0.30928175385039225 0.8763723237945755 0.3692104370438641 0.0 0.0 0.0 0.0 0.0 0.0
7.996920019252005 52.65021415833512 97.88263309610188 -0.9253449324486718 0.366861905742765 -0.09565091795874682 0.30928175385039225 0.8763723237945755 0.3692104370438641 0.0 0.0 0.0 0.0 0.0 0.0
8.089146456294744 53.14339602377439 97.69040657860079 -0.8781447618191706 0.11418776180957448 0.46456746801995674 0.30928175385039225 0.8763723237945755 0.3692104370438641 0.0 0.0 0.0 0.0 0.0 0.0
7.9811997672499375 53.66260699311108 97.60407823005248 -0.49732271437709574 -0.18186822195264202 0.8482889057440182 0.30928175385039225 0.8763723237945755 0.3692104370438641 0.0 0.0 0.0 0.0 0.0 0.0
7.759888349814591 54.14036109553118 97.71111736425998 0.0724405470492132 -0.40882942752053114 0.9097312055417507 0.30928175385039225 0.8763723237945755 0.3692104370438641 0.0 0.0 0.0 0.0 0.0 0.0
7.5550897573584574 54.524922517084136 98.02552975539544 0.6146824335101668 -0.48046949830985153 0.6255514104595246 0.30928175385039225 0.8763723237945755 0.3692104370438641 0.0 0.0 0.0 0.0 0.0 0.0
7.490408044961978 54.799960901379364 98.48253661022815 0.9233961865383657 -0.36957117366963044 0.10371417588187876 0.30928175385039225 0.8763723237945755 0.3692104370438641 0.0 0.0 0.0 0.0 0.0 0.0
7.6362145223416205 54.990755525008026 98.96318511471652 0.8812962899396933 -0.11826658125179976 -0.4575258081218429 0.30928175385039225 0.8763723237945755 0.3692104370438641 0.0 0.0 0.0 0.0 0.0 0.0
7.982912516743045 55.15459127771908 99.33954059684744 0.5043771983047204 0.17796946269538255 -0.844944088196491 0.30928175385039225 0.8763723237945755 0.3692104370438641 0.0 0.0 0.0 0.0 0.0 0.0
8.44458330936828 55.358995175051355 99.52329104748777 -0.06416322370327286 0.4065919322738488 -0.9113539824534832 0.30928175385039225 0.8763723237945755 0.3692104370438641 0.0 0.0 0.0 0.0 0.0 0.0
8.891628093131457 55.65608171613889 99.49929832915203 -0.6083269642745 0.48074332892688637 -0.6315252617503665 0.30928175385039225 0.8763723237945755 0.3692104370438641 0.0 0.0 0.0 0.0 0.0 0.0
9.200004726247226 56.06275371418193 99.33134940752933 -0.9213771204333814 0.372252297320767 -0.11176953556897201 0.30928175385039225 0.8763723237945755 0.3692104370438641 0.0 0.0 0.0 0.0 0.0 0.0
7.705803605923206 41.44620839208585 20.88928153338561 0.2356475359999426 0.9057996572631316 -0.3521323894207251 0.6647192730713825 0.11409822890813189 0.7383291150750324 0.0 0.0 0.0 0.0 0.0 0.0
8.241171718971591 41.45035500328307 20.934546213489988 -0.22482784952661772 0.9730073910419973 0.05204858360111661 0.6647192730713825 0.11409822890813189 0.7383291150750324 0.0 0.0 0.0 0.0 0.0 0.0
8.725290316646165 41.67629867988404 20.99167536986395 -0.5998873760968266 0.6705533491479557 0.43645542950698235 0.6647192730713825 0.11409822890813189 0.7383291150750324 0.0 0.0 0.0 0.0 0.0 0.0
9.072664568063983 42.055095013522276 21.14829455512712 -0.7470396589057776 0.11334487885846808 0.6550455605975043 0.6647192730713825 0.11409822890813189 0.7383291150750324 0.0 0.0 0.0 0.0 0.0 0.0
9.249751105728594 42.459728315862705 21.45423139653953 -0.6103790854593816 -0.4869252059346687 0.6247729314392946 0.6647192730713825 0.11409822890813189 0.7383291150750324 0.0 0.0 0.0 0.0 0.0 0.0
9.287701711657133 42.753367002189194 21.902585247332034 -0.24182529245286682 -0.9022042640379202 0.35713861998092583 0.6647192730713825 0.11409822890813189 0.7383291150750324 0.0 0.0 0.0 0.0 0.0 0.0
9.270528234561999 42.84134819814035 22.43234885778657 0.21860197225977226 -0.9747208381822694 -0.04617862424750084 0.6647192730713825 0.11409822890813189 0.7383291150750324 0.0 0.0 0.0 0.0 0.0 0.0
9.303185083921798 42.70714174835822 22.951586049390883 0.5959786928808514 -0.6769246694378134 -0.431951837058877 0.6647192730713825 0.11409822890813189 0.7383291150750324 0.0 0.0 0.0 0.0 0.0 0.0
9.471695295076286 42.41863029887828 23.372359806146235 0.74693314384412 -0.1219535011969998 -0.653619325121995 0.6647192730713825 0.11409822890813189 0.7383291150750324 0.0 0.0 0.0 0.0 0.0 0.0
9.810468939872324 42.1023195449632 23.64414101717387 0.614115205404802 0.47934984110236123 -0.626965903638913 0.6647192730713825 0.11409822890813189 0.7383291150750324 0.0 0.0 0.0 0.0 0.0 0.0
10.28923016506355 41.89527660241018 23.7730053307395 0.24798463297350556 0.8985401644649765 -0.362117653052497 0.6647192730713825 0.11409822890813189 0.7383291150750324 0.0 0.0 0.0 0.0 0.0 0.0
10.824519495143935 41.893055918619545 23.81932491389777 -0.2123594476063879 0.9763600565569287 0.04030514821286038 0.6647192730713825 0.11409822890813189 0.7383291150750324 0.0 0.0 0.0 0.0 0.0 0.0
11.311401482460544 42.11339654044228 23.874832056859365 -0.5920246235799888 0.6832444392932729 0.4274153498060097 0.6647192730713825 0.11409822890813189 0.7383291150750324 0.0 0.0 0.0 0.0 0.0 0.0
11.663331438204013 42.48948275370024 24.02776854225788 -0.7467697469316901 0.13055283630425307 0.6521433140042874 0.6647192730713825 0.11409822890813189 0.7383291150750324 0.0 0.0 0.0 0.0 0.0 0.0
11.84503520663726 42.8953284901016 24.329361116603394 -0.6178045580996877 -0.4717379719237757 0.6291111299575718 0.6647192730713825 0.11409822890813189 0.7383291150750324 0.0 0.0 0.0 0.0 0.0 0.0
11.885910406612435 43.193641540959675 24.774359592817746 -0.25412508850423227 -0.8948076375796694 0.36706910946279225 0.6647192730713825 0.11409822890813189 0.7383291150750324 0.0 0.0 0.0 0.0 0.0 0.0
11.868857784667012 43.28798316267631 25.303031484083984 0.20610075095888486 -0.9779249213331498 -0.03442860278513643 0.6647192730713825 0.11409822890813189 0.7383291150750324 0.0 0.0 0.0 0.0 0.0 0.0
11.898785835387638 43.1594067678046 25.823855374262056 0.5880254693119233 -0.6895121774393921 -0.42284631321944954 0.6647192730713825 0.11409822890813189 0.7383291150750324 0.0 0.0 0.0 0.0 0.0 0.0
12.062754310340162 42.873656050390046 26.248291434036876 0.7465494806117942 -0.13914222930756612 -0.6506176396483433 0.6647192730713825 0.11409822890813189 0.7383291150750324 0.0 0.0 0.0 0.0 0.0 0.0
12.39689876288836 42.556187857426714 26.52441918238214 0.621446862585546 0.4640901780722202 -0.6312084470279821 0.6647192730713825 0.11409822890813189 0.7383291150750324 0.0 0.0 0.0 0.0 0.0 0.0
86.38153665898766 97.6003117363177 86.70452181528944 0.7513692820596456 0.0954661903711808 -0.6529398199475862 0.5574297001960662 0.4377193776603273 0.7054600454738593 0.0 0.0 0.0 0.0 0.0 0.0
86.80868651664314 97.46725889652667 87.00205339856556 0.4015618384385969 0.6015655139941475 -0.6905555895673944 0.5574297001960662 0.4377193776603273 0.7054600454738593 0.0 0.0 0.0 0.0 0.0 0.0
87.32737240800586 97.47133293457888 87.14217281347145 -0.10080566136118427 0.8791200412116946 -0.4658177452367858 0.5574297001960662 0.4377193776603273 0.7054600454738593 0.0 0.0 0.0 0.0 0.0 0.0
87.82307964568945 97.67580241368685 87.17610905869363 -0.5648754050290713 0.8226821666696462 -0.06410795143334139 0.5574297001960662 0.4377193776603273 0.7054600454738593 0.0 0.0 0.0 0.0 0.0 0.0
88.19002351702282 98.06780231857292 87.19543189436942 -0.8143395381132805 0.4536935824974694 0.3619575249474192 0.5574297001960662 0.4377193776603273 0.7054600454738593 0.0 0.0 0.0 0.0 0.0 0.0
88.37133866502006 98.56322168986475 87.29726295924598 -0.754422465637236 -0.08766077901768596 0.6505092859935565 0.5574297001960662 0.4377193776603273 0.7054600454738593 0.0 0.0 0.0 0.0 0.0 0.0
88.38068318823734 99.03865878382126 87.54737763633308 -0.4078876851946173 -0.5957113449739551 0.6919216933554687 0.5574297001960662 0.4377193776603273 0.7054600454738593 0.0 0.0 0.0 0.0 0.0 0.0
88.2970497007803 99.37830345794687 87.9552158851919 0.09361044637186357 -0.8774412112120623 0.47046148109783725 0.5574297001960662 0.4377193776603273 0.7054600454738593 0.0 0.0 0.0 0.0 0.0 0.0
88.2347547175192 99.51793538036796 88.47029584347007 0.5595444042784725 -0.8258164912759753 0.07026508647463299 0.5574297001960662 0.4377193776603273 0.7054600454738593 0.0 0.0 0.0 0.0 0.0 0.0
88.30000789881944 99.46932240761835 89.00139273042103 0.8128980879161356 -0.4604502793887026 -0.35662618926988254 0.5574297001960662 0.4377193776603273 0.7054600454738593 0.0 0.0 0.0 0.0 0.0 0.0
88.55056122483806 99.31574977919398 89.45119666630666 0.7574181970232021 0.07984869195647583 -0.6480292132388503 0.5574297001960662 0.4377193776603273 0.7054600454738593 0.0 0.0 0.0 0.0 0.0 0.0
88.97376805270031 99.18037866261353 89.75328232264421 0.41418246972420797 0.5898118102284521 -0.6932351046277114 0.5574297001960662 0.4377193776603273 0.7054600454738593 0.0 0.0 0.0 0.0 0.0 0.0
89.49138778756847 99.17945516673313 89.89734501506922 -0.08640810258462499 0.8756955606670439 -0.47506938949563854 0.5574297001960662 0.4377193776603273 0.7054600454738593 0.0 0.0 0.0 0.0 0.0 0.0
89.98931079273362 99.37814650146058 89.9331156252106 -0.5541707920551247 0.8288879267592145 -0.07641687055754834 0.5574297001960662 0.4377193776603273 0.7054600454738593 0.0 0.0 0.0 0.0 0.0 0.0
90.3609105484128 99.76578286517378 89.95146700730395 -0.8113947323823337 0.4671719112084539 0.3512676951272975 0.5574297001960662 0.4377193776603273 0.7054600454738593 0.0 0.0 0.0 0.0 0.0 0.0
90.54755284931485 100.25991108074653 90.0498898715542 -0.7603562480810019 -0.07203052410822709 0.6454997905506079 0.5574297001960662 0.4377193776603273 0.7054600454738593 0.0 0.0 0.0 0.0 0.0 0.0
90.56087191954221 100.73761993608237 90.29545443337115 -0.4204457126551572 -0.5838673590300515 0.6944957233627668 0.5574297001960662 0.4377193776603273 0.7054600454738593 0.0 0.0 0.0 0.0 0.0 0.0
90.47835037634047 101.0822362085559 90.69932931718098 0.07919917848583122 -0.873883222514688 0.47964111952012267 0.5574297001960662 0.4377193776603273 0.7054600454738593 0.0 0.0 0.0 0.0 0.0 0.0
90.41388228836658 101.22765077296043 91.21253840927736 0.5487549775804014 -0.8318962392176615 0.08256283519990969 0.5574297001960662 0.4377193776603273 0.7054600454738593 0.0 0.0 0.0 0.0 0.0 0.0
90.47450291479875 101.18343456345964 91.7445677022554 0.8098295859982175 -0.47385796607843783 -0.3458824505897413 0.5574297001960662 0.4377193776603273 0.7054600454738593 0.0 0.0 0.0 0.0 0.0 0.0
2.7670968474790736 48.405997257543255 64.78580902524122 0.17477472343987804 -0.5946394237070249 0.7847660490999158 0.42864730408021956 0.7634913917923143 0.48305525912031505 0.0 0.0 0.0 0.0 0.0 0.0
2.642229273202934 48.72444993634225 65.20015318458042 0.6613386757038064 -0.6294262471513742 0.40798744516868773 0.42864730408021956 0.7634913917923143 0.48305525912031505 0.0 0.0 0.0 0.0 0.0 0.0
2.668113870862528 48.89942488229816 65.70749809488314 0.8966490080748454 -0.4250835158572556 -0.12379241036844983 0.42864730408021956 0.7634913917923143 0.48305525912031505 0.0 0.0 0.0 0.0 0.0 0.0
2.8983896381258845 48.97750202743915 66.18662452134726 0.7913073911062806 -0.05924444987158181 -0.6085414595078846 0.42864730408021956 0.7634913917923143 0.48305525912031505 0.0 0.0 0.0 0.0 0.0 0.0
3.3090439500904396 49.042074398367774 66.52703390296875 0.38533486630238367 0.32910257313468577 -0.862095433909642 0.42864730408021956 0.7634913917923143 0.48305525912031505 0.0 0.0 0.0 0.0 0.0 0.0
3.8075353569532027 49.18166571119768 66.67092860330467 -0.1670328166651921 0.5924180263054885 -0.788124939502109 0.42864730408021956 0.7634913917923143 0.48305525912031505 0.0 0.0 0.0 0.0 0.0 0.0
4.26795162800144 49.456298731764385 66.63517019888272 -0.6559419399418921 0.6306639665816313 -0.41473260383142246 0.42864730408021956 0.7634913917923143 0.48305525912031505 0.0 0.0 0.0 0.0 0.0 0.0
4.578845913200682 49.874691623357236 66.5048734843678 -0.8956477534702643 0.4293101218141858 0.11622358199418518 0.42864730408021956 0.7634913917923143 0.48305525912031505 0.0 0.0 0.0 0.0 0.0 0.0
4.685577264814779 50.3909457707259 66.40106993902543 -0.7950820110233976 0.06485418408706368 0.6030244858655349 0.42864730408021956 0.7634913917923143 0.48305525912031505 0.0 0.0 0.0 0.0 0.0 0.0
4.611069646998803 50.92198343139784 66.43472584421032 -0.3924513195264067 -0.3242409424788687 0.860726305524816 0.42864730408021956 0.7634913917923143 0.48305525912031505 0.0 0.0 0.0 0.0 0.0 0.0
4.447102738548283 51.379110359029475 66.66458433782238 0.15927818969482194 -0.5901515139776116 0.7914238111388077 0.42864730408021956 0.7634913917923143 0.48305525912031505 0.0 0.0 0.0 0.0 0.0 0.0
4.319443298450394 51.701712230480766 67.07484791408571 0.6504952516616672 -0.6318536585091208 0.4214461790006711 0.42864730408021956 0.7634913917923143 0.48305525912031505 0.0 0.0 0.0 0.0 0.0 0.0
4.340064271436644 51.8802830405936 67.58118016011306 0.8945782918216136 -0.4335040341432007 -0.10864590274417547 0.42864730408021956 0.7634913917923143 0.48305525912031505 0.0 0.0 0.0 0.0 0.0 0.0
4.564604394191576 51.96003659248327 68.06274656919133 0.7987960823670885 -0.07045897940533673 -0.5974615895738841 0.42864730408021956 0.7634913917923143 0.48305525912031505 0.0 0.0 0.0 0.0 0.0 0.0
4.971230109056242 52.0237290178005 68.40812159012708 0.3995378860630094 0.31935461961992945 -0.8592916294993885 0.42864730408021956 0.7634913917923143 0.48305525912031505 0.0 0.0 0.0 0.0 0.0 0.0
5.468930497620447 52.160218338708596 68.5576210570808 -0.15151143307363735 0.5878400593270782 -0.7946624127881678 0.42864730408021956 0.7634913917923143 0.48305525912031505 0.0 0.0 0.0 0.0 0.0 0.0
5.932093850248204 52.430705819636714 68.52597720203536 -0.6449990256495348 0.6329952323341912 -0.4281276594116953 0.42864730408021956 0.7634913917923143 0.48305525912031505 0.0 0.0 0.0 0.0 0.0 0.0
6.248229654684226 52.84548458369264 68.39674163355598 -0.8934407045725414 0.4376649334616336 0.10105994968803027 0.42864730408021956 0.7634913917923143 0.48305525912031505 0.0 0.0 0.0 0.0 0.0 0.0
6.360705622400785 53.36002908310228 68.29054268378783 -0.8024493222964438 0.07605840899953224 0.5918531942690185 0.42864730408021956 0.7634913917923143 0.48305525912031505 0.0 0.0 0.0 0.0 0.0 0.0
6.2902632418507665 53.89191109923656 68.319256688276 -0.40659402624271607 -0.3144439766702772 0.8577915150894899 0.42864730408021956 0.7634913917923143 0.48305525912031505 0.0 0.0 0.0 0.0 0.0 0.0
50.242586520061245 77.46857242838794 44.54570694997443 0.8665886297532542 -0.42681330578825133 -0.25856246592357923 0.4468545632948272 0.43305972602245213 0.782802831471596 0.0 0.0 0.0 0.0 0.0 0.0
50.43737004846568 77.30940159986908 45.02047966036256 0.8322282664421976 0.11978906717064375 -0.5413378722396963 0.4468545632948272 0.43305972602245213 0.782802831471596 0.0 0.0 0.0 0.0 0.0 0.0
50.82186003639171 77.17753669298092 45.37185438574044 0.4816904705951434 0.6208815707450112 -0.6184499702053815 0.4468545632948272 0.43305972602245213 0.782802831471596 0.0 0.0 0.0 0.0 0.0 0.0
51.31615138224632 77.18720175968016 45.582253420950444 -0.05184958846620269 0.8860907850070591 -0.46060258455794556 0.4468545632948272 0.43305972602245213 0.782802831471596 0.0 0.0 0.0 0.0 0.0 0.0
51.798623612778606 77.39885124870264 45.68765808251758 -0.5656911219903479 0.8146592953970315 -0.1277645761724019 0.4468545632948272 0.43305972602245213 0.782802831471596 0.0 0.0 0.0 0.0 0.0 0.0
52.1521465342537 77.79620234974418 45.7639388049261 -0.864617140419166 0.43372511908859657 0.25361333081083687 0.4468545632948272 0.43305972602245213 0.782802831471596 0.0 0.0 0.0 0.0 0.0 0.0
52.308579951365026 78.29242110532913 45.89803069407291 -0.8350606515750412 -0.11198848145888156 0.5386392932302673 0.4468545632948272 0.43305972602245213 0.782802831471596 0.0 0.0 0.0 0.0 0.0 0.0
52.2746612666746 78.7631120830418 46.15490542705986 -0.48825065972799725 -0.6151557855525688 0.6190271825827829 0.4468545632948272 0.43305972602245213 0.782802831471596 0.0 0.0 0.0 0.0 0.0 0.0
52.12944582873635 79.09357828008187 46.55288742579428 0.04405392086542306 -0.8846151218585687 0.4642362956895262 0.4468545632948272 0.43305972602245213 0.782802831471596 0.0 0.0 0.0 0.0 0.0 0.0
51.99427248344553 79.22239643225983 47.05669210273834 0.5596216803797904 -0.8179943833943768 0.133074278446864 0.4468545632948272 0.43305972602245213 0.782802831471596 0.0 0.0 0.0 0.0 0.0 0.0
51.986664917805804 79.1647527390048 47.59083106564155 0.8625798071423338 -0.4406039025418882 -0.24864488206104954 0.4468545632948272 0.43305972602245213 0.782802831471596 0.0 0.0 0.0 0.0 0.0 0.0
52.175682446345284 79.00667337230173 48.06829141985533 0.8378294436061985 0.10417936739067532 -0.5358996947532322 0.4468545632948272 0.43305972602245213 0.782802831471596 0.0 0.0 0.0 0.0 0.0 0.0
52.55568322291714 78.87234169567337 48.423593421788 0.4947736666827734 0.609383153865384 -0.6195572536435696 0.4468545632948272 0.43305972602245213 0.782802831471596 0.0 0.0 0.0 0.0 0.0 0.0
53.04846767237741 78.8769189281429 48.63766732825821 -0.03625489838800795 0.8830720918436219 -0.46783465342982644 0.4468545632948272 0.43305972602245213 0.782802831471596 0.0 0.0 0.0 0.0 0.0 0.0
53.53298781660937 79.08279247173408 48.745098310758664 -0.5535096214116086 0.8212671779524324 -0.1383738465998046 0.4468545632948272 0.43305972602245213 0.782802831471596 0.0 0.0 0.0 0.0 0.0 0.0
53.89133542522435 79.47587389438073 48.820986970572754 -0.8604767850735741 0.44744913230213385 0.24365749804082518 0.4468545632948272 0.43305972602245213 0.782802831471596 0.0 0.0 0.0 0.0 0.0 0.0
54.05353732360687 79.97095136081465 48.952417364731936 -0.8405344316814367 -0.09636231966029535 0.5331192854396213 0.4468545632948272 0.43305972602245213 0.782802831471596 0.0 0.0 0.0 0.0 0.0 0.0
54.02413937184015 80.44406303344996 49.205372316781705 -0.5012589947072377 -0.6035641152917096 0.6200401430207777 0.4468545632948272 0.43305972602245213 0.782802831471596 0.0 0.0 0.0 0.0 0.0 0.0
53.88047941645778 80.77959224701337 49.59966543894266 0.028453114959713897 -0.8814618124699287 0.47139738374997225 0.4468545632948272 0.43305972602245213 0.782802831471596 0.0 0.0 0.0 0.0 0.0 0.0
53.743305349525755 80.91419221268902 50.10141360956195 0.5473554105427566 -0.8244774298352218 0.14366287704859018 0.4468545632948272 0.43305972602245213 0.782802831471596 0.0 0.0 0.0 0.0 0.0 0.0
17.022265423553797 96.56602444674795 27.881683923170165 -0.7303581300910185 -0.24427468119678525 0.6378925316510298 0.6104341627451623 0.1856345382188132 0.770006461774121 0.0 0.0 0.0 0.0 0.0 0.0
17.069110726412855 96.94539231351077 28.259269200142445 -0.41189269795505745 -0.7559653797565401 0.5087835983803469 0.6104341627451623 0.1856345382188132 0.770006461774121 0.0 0.0 0.0 0.0 0.0 0.0
17.02206507581284 97.1524378481716 28.752831714374423 0.0630576566126994 -0.9804521914796488 0.1863792696768327 0.6104341627451623 0.1856345382188132 0.770006461774121 0.0 0.0 0.0 0.0 0.0 0.0
16.989393420021802 97.13598927493467 29.288879388993667 0.5140513531654949 -0.8324488233731608 -0.20683365967212516 0.6104341627451623 0.1856345382188132 0.770006461774121 0.0 0.0 0.0 0.0 0.0 0.0
17.073899786359483 96.92978396621679 29.777779324382617 0.7697483461704181 -0.36818422946508705 -0.5214670236372644 0.6104341627451623 0.1856345382188132 0.770006461774121 0.0 0.0 0.0 0.0 0.0 0.0
17.333870312426882 96.63965105080742 30.147810835325476 0.733005072959153 0.23595970892881993 -0.6379863468589076 0.6104341627451623 0.1856345382188132 0.770006461774121 0.0 0.0 0.0 0.0 0.0 0.0
17.760929367939355 96.40330515847285 30.372413338427574 0.4177809173394271 0.7504586088647147 -0.5121239903459561 0.6104341627451623 0.1856345382188132 0.770006461774121 0.0 0.0 0.0 0.0 0.0 0.0
18.283221596704845 96.3380263296422 30.480277161816307 -0.056165193701994964 0.9798457362940672 -0.19169716764406305 0.6104341627451623 0.1856345382188132 0.770006461774121 0.0 0.0 0.0 0.0 0.0 0.0
18.792710967798726 96.49610336723067 30.544443609808816 -0.5087732086240672 0.8369730863582154 0.20155861405153686 0.6104341627451623 0.1856345382188132 0.770006461774121 0.0 0.0 0.0 0.0 0.0 0.0
19.18622546997818 96.84496844618991 30.654555350216423 -0.7680897753554263 0.3761203674711121 0.518238908388639 0.6104341627451623 0.1856345382188132 0.770006461774121 0.0 0.0 0.0 0.0 0.0 0.0
19.404653883697385 97.27957017474881 30.882799666097632 -0.735596194653038 -0.227626767415465 0.6380315769364064 0.6104341627451623 0.1856345382188132 0.770006461774121 0.0 0.0 0.0 0.0 0.0 0.0
19.455403121699863 97.66228437451309 31.256483300017187 -0.42363732108943775 -0.7448946876443061 0.5154253820869306 0.6104341627451623 0.1856345382188132 0.770006461774121 0.0 0.0 0.0 0.0 0.0 0.0
19.409584219030233 97.8751998067907 31.74765816600134 0.049268453594336806 -0.9791646620620402 0.19700046712979027 0.6104341627451623 0.1856345382188132 0.770006461774121 0.0 0.0 0.0 0.0 0.0 0.0
19.37499606190767 97.86491462354181 32.28373929466636 0.503456319033006 -0.8414336106022712 -0.1962682189621239 0.6104341627451623 0.1856345382188132 0.770006461774121 0.0 0.0 0.0 0.0 0.0 0.0
19.455170788549957 97.66282462228037 32.775081076643374 0.7663727115302597 -0.38402786245494547 -0.5149713272406976 0.6104341627451623 0.1856345382188132 0.770006461774121 0.0 0.0 0.0 0.0 0.0 0.0
19.710040198899517 97.37319545768888 33.14903512837228 0.7381312978487226 0.21927649124247806 -0.6380282184390833 0.6104341627451623 0.1856345382188132 0.770006461774121 0.0 0.0 0.0 0.0 0.0 0.0
20.133166661819025 97.13355037617566 33.37755062763241 0.4294614632172677 0.7392740398094557 -0.5186875221895101 0.6104341627451623 0.1856345382188132 0.770006461774121 0.0 0.0 0.0 0.0 0.0 0.0
20.65418887879194 97.0624228352983 33.487831289888916 -0.04236796150318789 0.9784090206500065 -0.20228876426722878 0.6104341627451623 0.1856345382188132 0.770006461774121 0.0 0.0 0.0 0.0 0.0 0.0
21.16555331760709 97.2143236614638 33.55200022196568 -0.4981010892940412 0.8458300564191362 0.19096287728795214 0.6104341627451623 0.1856345382188132 0.770006461774121 0.0 0.0 0.0 0.0 0.0 0.0
21.563375597444885 97.5590314756041 33.65969914792889 -0.7645972854559784 0.3919061122302281 0.5116645290323927 0.6104341627451623 0.1856345382188132 0.770006461774121 0.0 0.0 0.0 0.0 0.0 0.0
10.818036056150625 3.8012571324746296 57.74547918558194 -0.544575243566489 0.19579366305867005 0.8155382551423123 0.8248312058139863 0.3011990804407042 0.4784690124314423 0.0 0.0 0.0 0.0 0.0 0.0
11.02399420714368 4.269305945148432 57.91039325748766 -0.3520245522571875 -0.38862733547234446 0.8514972159272117 0.8248312058139863 0.3011990804407042 0.4784690124314423 0.0 0.0 0.0 0.0 0.0 0.0
11.149708350373242 4.648767144473136 58.26940614655639 -0.025733848008729004 -0.8254023117548633 0.5639581481071013 0.8248312058139863 0.3011990804407042 0.4784690124314423 0.0 0.0 0.0 0.0 0.0 0.0
11.269556462139498 4.840077860861999 58.7569733132311 0.3103335753452402 -0.9485931498109793 0.0621619509436873 0.8248312058139863 0.3011990804407042 0.4784690124314423 0.0 0.0 0.0 0.0 0.0 0.0
11.46014512217036 4.815156738903924 59.25871029857935 0.5285000849248638 -0.7113975906221975 -0.46325061067563034 0.8248312058139863 0.3011990804407042 0.4784690124314423 0.0 0.0 0.0 0.0 0.0 0.0
11.771205393189124 4.628072513779361 59.654849292647896 0.5458805761913181 -0.20393019282260413 -0.8126665201620961 0.8248312058139863 0.3011990804407042 0.4784690124314423 0.0 0.0 0.0 0.0 0.0 0.0
12.206699158726856 4.394502394784213 59.865740927874896 0.3558719099261595 0.38101369476129804 -0.8533368315793315 0.8248312058139863 0.3011990804407042 0.4784690124314423 0.0 0.0 0.0 0.0 0.0 0.0
12.723313937329783 4.247784359498516 59.88211440549311 0.030661555219011448 0.8212041094961154 -0.5698102136485832 0.8248312058139863 0.3011990804407042 0.4784690124314423 0.0 0.0 0.0 0.0 0.0 0.0
13.246918018409648 4.288259826811682 59.76859962698102 -0.3061976369497048 0.9494053532328268 -0.06980316883400425 0.8248312058139863 0.3011990804407042 0.4784690124314423 0.0 0.0 0.0 0.0 0.0 0.0
13.700724338512307 4.545152274267354 59.63917321393687 -0.5267272274897418 0.7169116300653635 0.4567232668673598 0.8248312058139863 0.3011990804407042 0.4784690124314423 0.0 0.0 0.0 0.0 0.0 0.0
14.034463170535185 4.965464750354081 59.61385688394594 -0.5471443378968082 0.21205119251280663 0.8097328974800028 0.8248312058139863 0.3011990804407042 0.4784690124314423 0.0 0.0 0.0 0.0 0.0 0.0
14.243480433518563 5.434114302446304 59.77311919341387 -0.359692166571377 -0.3733710383822412 0.8551114623278981 0.8248312058139863 0.3011990804407042 0.4784690124314423 0.0 0.0 0.0 0.0 0.0 0.0
14.370505855814265 5.817653914591157 60.12730418762556 -0.035586927433153344 -0.8169433693650086 0.5756188859361855 0.8248312058139863 0.3011990804407042 0.4784690124314423 0.0 0.0 0.0 0.0 0.0 0.0
14.489419236881837 6.014971259984097 60.61270152499828 0.3020383804186229 -0.9501452557612536 0.07743907094276027 0.8248312058139863 0.3011990804407042 0.4784690124314423 0.0 0.0 0.0 0.0 0.0 0.0
14.677182276269484 5.995702964429897 61.11575110102902 0.5249142577369388 -0.7223710739122641 -0.4501611418140417 0.8248312058139863 0.3011990804407042 0.4784690124314423 0.0 0.0 0.0 0.0 0.0 0.0
14.984599537224716 5.811770159847958 61.51618643061891 0.5483664324426116 -0.22015604368370986 -0.8067376105027583 0.8248312058139863 0.3011990804407042 0.4784690124314423 0.0 0.0 0.0 0.0 0.0 0.0
15.417016943709617 5.577652778181097 61.732725896510665 0.363485031265505 0.36569994835304676 -0.8568209730279103 0.8248312058139863 0.3011990804407042 0.4784690124314423 0.0 0.0 0.0 0.0 0.0 0.0
15.932290774508562 5.426896711248078 61.75395299464079 0.040509589564990615 0.8126204158333997 -0.5813837226170249 0.8248312058139863 0.3011990804407042 0.4784690124314423 0.0 0.0 0.0 0.0 0.0 0.0
16.456798767523484 5.461377493673422 61.64265365490711 -0.29785612249548327 0.9508128010498174 -0.08506907576644662 0.8248312058139863 0.3011990804407042 0.4784690124314423 0.0 0.0 0.0 0.0 0.0 0.0
16.913410448043503 5.712596084015438 61.51196281667576 -0.5230613137311211 0.7277755064051129 0.4435647352469046 0.8248312058139863 0.3011990804407042 0.4784690124314423 0.0 0.0 0.0 0.0 0.0 0.0
48.970941729087464 83.8575883492105 10.941353495075672 0.8779636053894612 0.17531756884567862 -0.4454701535070329 0.4362819381231933 0.09004626722292199 0.8952931029705793 0.0 0.0 0.0 0.0 0.0 0.0
49.31038922246424 83.56774434380556 11.240437018342005 0.5956286061693067 0.716885394864973 -0.3623560322971053 0.4362819381231933 0.09004626722292199 0.8952931029705793 0.0 0.0 0.0 0.0 0.0 0.0
49.785610275358785 83.44131438671691 11.456921472644664 0.08700434108619526 0.9860964736904314 -0.14157679614772117 0.4362819381231933 0.09004626722292199 0.8952931029705793 0.0 0.0 0.0 0.0 0.0 0.0
50.280663970541525 83.53966515183356 11.641133491810729 -0.45467432781057227 0.8806730155070507 0.13298983189598498 0.4362819381231933 0.09004626722292199 0.8952931029705793 0.0 0.0 0.0 0.0 0.0 0.0
50.6720746383935 83.83876535854547 11.855660547342016 -0.8236146178227265 0.44066715466492334 0.35703139933098976 0.4362819381231933 0.09004626722292199 0.8952931029705793 0.0 0.0 0.0 0.0 0.0 0.0
50.87574232819771 84.23831565702886 12.15157292158481 -0.8796499444219452 -0.166755525796339 0.4454307689134811 0.4362819381231933 0.09004626722292199 0.8952931029705793 0.0 0.0 0.0 0.0 0.0 0.0
50.878893785492714 84.59985402816 12.549021253616932 -0.6014915501724852 -0.7108249940038588 0.3646035421804273 0.4362819381231933 0.09004626722292199 0.8952931029705793 0.0 0.0 0.0 0.0 0.0 0.0
50.74493522499994 84.79935981954182 13.029580974561348 -0.09481645961006438 -0.9848401626291788 0.1452573339268815 0.4362819381231933 0.09004626722292199 0.8952931029705793 0.0 0.0 0.0 0.0 0.0 0.0
50.58936324955565 84.77437126486429 13.543252109344925 0.44788098920488695 -0.8846980878222305 -0.1292745640585995 0.4362819381231933 0.09004626722292199 0.8952931029705793 0.0 0.0 0.0 0.0 0.0 0.0
50.53588575969321 84.54771575323059 14.027455103183716 0.8204209620500895 -0.44844441808837826 -0.35469289380276775 0.4362819381231933 0.09004626722292199 0.8952931029705793 0.0 0.0 0.0 0.0 0.0 0.0
50.669423253944665 84.21883732238335 14.430805840719737 0.8812692947054585 0.15818078366808982 -0.44535746304232154 0.4362819381231933 0.09004626722292199 0.8952931029705793 0.0 0.0 0.0 0.0 0.0 0.0
51.00384611165342 83.92601620615041 14.732637330542069 0.607308688265349 0.7047104610673804 -0.36682328609239256 0.4362819381231933 0.09004626722292199 0.8952931029705793 0.0 0.0 0.0 0.0 0.0 0.0
51.47670500396124 83.79383386169151 14.950851440757528 0.1026213574934373 0.9835088521765785 -0.14892680979767692 0.4362819381231933 0.09004626722292199 0.8952931029705793 0.0 0.0 0.0 0.0 0.0 0.0
51.972956437938684 83.88584239103243 15.13511767999362 -0.4410535427278321 0.8886557869527747 0.12554945146265406 0.4362819381231933 0.09004626722292199 0.8952931029705793 0.0 0.0 0.0 0.0 0.0 0.0
52.36866970297354 84.18042003497081 15.34800292064104 -0.8171648280448035 0.4561875307331725 0.35232737703743316 0.4362819381231933 0.09004626722292199 0.8952931029705793 0.0 0.0 0.0 0.0 0.0 0.0
52.578110219743465 84.57898564089379 15.641201197970142 -0.8828215329202069 -0.1495939954607426 0.44525024147607967 0.4362819381231933 0.09004626722292199 0.8952931029705793 0.0 0.0 0.0 0.0 0.0 0.0
52.586311540306205 84.94345129084451 16.035894281853533 -0.61307957745031 -0.6985422617008943 0.3690150949909077 0.4362819381231933 0.09004626722292199 0.8952931029705793 0.0 0.0 0.0 0.0 0.0 0.0
52.454761351898576 85.14868421026085 16.51470436825118 -0.11041844036312232 -0.9821026437170753 0.15258494431531258 0.4362819381231933 0.09004626722292199 0.8952931029705793 0.0 0.0 0.0 0.0 0.0 0.0
52.29804127653585 85.13004680113997 17.0282961975066 0.4341925083158903 -0.8925458115045716 -0.12181477778989516 0.4362819381231933 0.09004626722292199 0.8952931029705793 0.0 0.0 0.0 0.0 0.0 0.0
52.24029539710561 84.90795354620263 17.5141203443319 0.8138464637740798 -0.4638959029312995 -0.3499350291782462 0.4362819381231933 0.09004626722292199 0.8952931029705793 0.0 0.0 0.0 0.0 0.0 0.0
12.239385227473328 80.93101678626262 17.390680849946257 -0.6468570306640594 0.38781497927167363 -0.6566395691191532 0.20228708959551728 0.9174526786850884 0.3425792109228627 0.0 0.0 0.0 0.0 0.0 0.0
12.503197002972993 81.36403836702651 17.212971087077644 -0.9551366671689162 0.2620939704839518 -0.1379155454088196 0.20228708959551728 0.9174526786850884 0.3425792109228627 0.0 0.0 0.0 0.0 0.0 0.0
12.549285345138085 81.85680427660901 17.003823471293572 -0.900543914782819 0.03679908033187107 0.43320489982727944 0.20228708959551728 0.9174526786850884 0.3425792109228627 0.0 0.0 0.0 0.0 0.0 0.0
12.39009467359278 82.35795853771104 16.893424926055935 -0.5038194728793914 -0.20247639568610082 0.8397435608193121 0.20228708959551728 0.9174526786850884 0.3425792109228627 0.0 0.0 0.0 0.0 0.0 0.0
12.116058337351914 82.81295829804552 16.974445951929635 0.08431441018330216 -0.3648277037581135 0.9272496032924599 0.20228708959551728 0.9174526786850884 0.3425792109228627 0.0 0.0 0.0 0.0 0.0 0.0
11.861241473565288 83.18479557182899 17.2668335540498 0.6404158391555952 -0.38857486757848947 0.6624780186881635 0.20228708959551728 0.9174526786850884 0.3425792109228627 0.0 0.0 0.0 0.0 0.0 0.0
11.752407420464895 83.46805719232142 17.71023304137483 0.9532125836508367 -0.2646959425804616 0.14601995874242135 0.20228708959551728 0.9174526786850884 0.3425792109228627 0.0 0.0 0.0 0.0 0.0 0.0
11.860858205800586 83.69098136437398 18.186917782889722 0.9038679307526034 -0.040254603515957096 -0.42591352485308676 0.20228708959551728 0.9174526786850884 0.3425792109228627 0.0 0.0 0.0 0.0 0.0 0.0
12.175345714391577 83.90472949828845 18.566515523012963 0.5111287390955354 0.19948013244533966 -0.8360353394625127 0.20228708959551728 0.9174526786850884 0.3425792109228627 0.0 0.0 0.0 0.0 0.0 0.0
12.606345035142084 84.16394913467049 18.755538981199834 -0.07579680616072604 0.36342903096069235 -0.9285333508446568 0.20228708959551728 0.9174526786850884 0.3425792109228627 0.0 0.0 0.0 0.0 0.0 0.0
13.020066471543304 84.50601243009534 18.732903232845324 -0.6339258775015085 0.38930516440471086 -0.6682660179911626 0.20228708959551728 0.9174526786850884 0.3425792109228627 0.0 0.0 0.0 0.0 0.0 0.0
13.28928448422155 84.93681784999573 18.557936224662708 -0.9512159093039995 0.26727775705613227 -0.15411325209082544 0.20228708959551728 0.9174526786850884 0.3425792109228627 0.0 0.0 0.0 0.0 0.0 0.0
13.341672800443897 85.42854924302699 18.34783909581681 -0.9071231136799939 0.04370706115613374 0.41858971491498526 0.20228708959551728 0.9174526786850884 0.3425792109228627 0.0 0.0 0.0 0.0 0.0 0.0
13.18728237436022 85.93024366202403 18.233159505656722 -0.5183990808792817 -0.19646867802017365 0.832263450777771 0.20228708959551728 0.9174526786850884 0.3425792109228627 0.0 0.0 0.0 0.0 0.0 0.0
12.91472286147866 86.38715303968448 18.308194395288638 0.06727342991790158 -0.3620026816354905 0.929746386987224 0.20228708959551728 0.9174526786850884 0.3425792109228627 0.0 0.0 0.0 0.0 0.0 0.0
12.657498329063648 86.76154389467568 18.595165003088802 0.6273876399375063 -0.39000581413540625 0.6740031262495947 0.20228708959551728 0.9174526786850884 0.3425792109228627 0.0 0.0 0.0 0.0 0.0 0.0
12.543286828913171 87.04703291206316 19.035774644725098 0.9491467961828866 -0.26983921729579485 0.1621948091184092 0.20228708959551728 0.9174526786850884 0.3425792109228627 0.0 0.0 0.0 0.0 0.0 0.0
12.645433370817528 87.27101207137757 19.513356598203405 0.9103092156702077 -0.04715619033438428 -0.4112340277494569 0.20228708959551728 0.9174526786850884 0.3425792109228627 0.0 0.0 0.0 0.0 0.0 0.0
12.95508492707683 87.48424197562149 19.897197742116724 0.5256299445659554 0.19344226174451726 -0.8284281820090134 0.20228708959551728 0.9174526786850884 0.3425792109228627 0.0 0.0 0.0 0.0 0.0 0.0
13.384553845738912 87.74156704951673 20.092198655874558 -0.058744930542929195 0.36054876440453193 -0.9308886193427625 0.20228708959551728 0.9174526786850884 0.3425792109228627 0.0 0.0 0.0 0.0 0.0 0.0
73.60621121332359 4.532082007251131 36.53013463042807 0.141690733263775 0.9455610541872761 -0.29298127740765445 0.7040955712171535 0.11177509711698524 0.7012529887685891 0.0 0.0 0.0 0.0 0.0 0.0
74.14159842915 4.575884047125959 36.54140461493624 -0.29323745957655667 0.9451672893705367 0.14377269353058486 0.7040955712171535 0.11177509711698524 0.7012529887685891 0.0 0.0 0.0 0.0 0.0 0.0
74.6101421568392 4.835137000352533 36.58544758945852 -0.6167598388548786 0.5856886689675558 0.5259050144453057 0.7040955712171535 0.11177509711698524 0.7012529887685891 0.0 0.0 0.0 0.0 0.0 0.0
74.93809545985505 5.2278977040989805 36.74937062857123 -0.7059648436776247 0.0036971310314505915 0.7082372277093061 0.7040955712171535 0.11177509711698524 0.7012529887685891 0.0 0.0 0.0 0.0 0.0 0.0
75.10512405454138 5.6215011689803775 37.07473636602499 -0.5269620012844876 -0.5796990087962373 0.6214982770715525 0.7040955712171535 0.11177509711698524 0.7012529887685891 0.0 0.0 0.0 0.0 0.0 0.0
75.15203164445401 5.882962226566417 37.54177265529268 -0.1477574842685473 -0.9428578031316627 0.29864174007724625 0.7040955712171535 0.11177509711698524 0.7012529887685891 0.0 0.0 0.0 0.0 0.0 0.0
75.16525791117844 5.929498818261531 38.07688433860776 0.2875825713944117 -0.9478091543155455 -0.13767378699603341 0.7040955712171535 0.11177509711698524 0.7012529887685891 0.0 0.0 0.0 0.0 0.0 0.0
75.24403863410103 5.75998228340756 38.58061327784518 0.6136652000604462 -0.5926719612509516 -0.5216847406065503 0.7040955712171535 0.11177509711698524 0.7012529887685891 0.0 0.0 0.0 0.0 0.0 0.0
75.4627043586864 5.455366156337983 38.9654241640465 0.7066061592885111 -0.012368781160350648 -0.7074989391569059 0.7040955712171535 0.11177509711698524 0.7012529887685891 0.0 0.0 0.0 0.0 0.0 0.0
75.84244097951498 5.147930565213721 39.188960644805526 0.5310956247778919 0.5726335056880606 -0.6245224619700906 0.7040955712171535 0.11177509711698524 0.7012529887685891 0.0 0.0 0.0 0.0 0.0 0.0
76.34324086472262 4.971026799728991 39.27013721070784 0.1538129829688257 0.940082749803918 -0.30427946002209316 0.7040955712171535 0.11177509711698524 0.7012529887685891 0.0 0.0 0.0 0.0 0.0 0.0
76.87910242423774 5.0084149266418105 39.28195326412394 -0.2819057826860342 0.9503788399238605 0.13156439606957593 0.7040955712171535 0.11177509711698524 0.7012529887685891 0.0 0.0 0.0 0.0 0.0 0.0
77.3507035517194 5.262441940018986 39.32375942576379 -0.6105238282851282 0.5996101192698752 0.5174247384550126 0.7040955712171535 0.11177509711698524 0.7012529887685891 0.0 0.0 0.0 0.0 0.0 0.0
77.6831357533333 5.653150098950489 39.48351257281525 -0.7071936641046314 0.02103948935867761 0.7067067718210946 0.7040955712171535 0.11177509711698524 0.7012529887685891 0.0 0.0 0.0 0.0 0.0 0.0
77.85436313696268 6.048654210143311 39.80435955073989 -0.5351888032832495 -0.565524394321385 0.6274990870652122 0.7040955712171535 0.11177509711698524 0.7012529887685891 0.0 0.0 0.0 0.0 0.0 0.0
77.9035942160439 6.315247017856323 40.268244965305335 -0.15985676821494038 -0.9372361055350975 0.30989400790799304 0.7040955712171535 0.11177509711698524 0.7012529887685891 0.0 0.0 0.0 0.0 0.0 0.0
77.91638593978062 6.368196825822434 40.802770728724234 0.27620752576086205 -0.9528761505039742 -0.12544498600498585 0.7040955712171535 0.11177509711698524 0.7012529887685891 0.0 0.0 0.0 0.0 0.0 0.0
77.99213917770543 6.203938485298872 41.30870130363616 0.6073359627565468 -0.6065026146567316 -0.5131253324063505 0.7040955712171535 0.11177509711698524 0.7012529887685891 0.0 0.0 0.0 0.0 0.0 0.0
78.20633466745042 5.901427854680677 41.69766494288055 0.7077273133852179 -0.029708595318432413 -0.7058607860284833 0.7040955712171535 0.11177509711698524 0.7012529887685891 0.0 0.0 0.0 0.0 0.0 0.0
78.58185662055025 5.592145148824863 41.92572759373981 0.539241225089169 0.558372216082565 -0.6304279256753929 0.7040955712171535 0.11177509711698524 0.7012529887685891 0.0 0.0 0.0 0.0 0.0 0.0
43.101243209515026 16.238969315698935 48.271978192878265 0.15826036259791865 -0.5207171966337446 0.8389322134477072 0.5290591609247516 0.7621020017159419 0.37322505706631265 0.0 0.0 0.0 0.0 0.0 0.0
43.032174553184674 16.612033540810938 48.652422284398504 0.6170541383066322 -0.6474258183381967 0.44730750066120734 0.5290591609247516 0.7621020017159419 0.37322505706631265 0.0 0.0 0.0 0.0 0.0 0.0
43.103763407096956 16.837517030261466 49.13483013476902 0.8414187302776244 -0.5281665472735251 -0.1142568102090805 0.5290591609247516 0.7621020017159419 0.37322505706631265 0.0 0.0 0.0 0.0 0.0 0.0
43.3671536870513 16.942604938642212 49.59119314165728 0.7461142788451791 -0.20824797442588 -0.6324130486089425 0.5290591609247516 0.7621020017159419 0.37322505706631265 0.0 0.0 0.0 0.0 0.0 0.0
43.80062074034492 17.000222714700044 49.90339757421622 0.3673485385139375 0.190787485626617 -0.9103049964599491 0.5290591609247516 0.7621020017159419 0.37322505706631265 0.0 0.0 0.0 0.0 0.0 0.0
44.31782490455143 17.1013305041096 50.00809795418934 -0.1509790533387879 0.5173395900929071 -0.842356856667901 0.5290591609247516 0.7621020017159419 0.37322505706631265 0.0 0.0 0.0 0.0 0.0 0.0
44.800613388798794 17.32036586935895 49.920783062180206 -0.6119471785929478 0.6473457348262113 -0.4543832635721126 0.5290591609247516 0.7621020017159419 0.37322505706631265 0.0 0.0 0.0 0.0 0.0 0.0
45.14390849443096 17.686963715230696 49.72989149094262 -0.840426339488428 0.5314144118555199 0.10621812823776373 0.5290591609247516 0.7621020017159419 0.37322505706631265 0.0 0.0 0.0 0.0 0.0 0.0
45.29562838953269 18.174697493005887 49.56321234537899 -0.7496134828331759 0.21358986904575503 0.6264654772577128 0.5290591609247516 0.7621020017159419 0.37322505706631265 0.0 0.0 0.0 0.0 0.0 0.0
45.276473867635964 18.711119088150674 49.539336025068025 -0.3740099311805167 -0.18538103604666764 0.9087081175232288 0.5290591609247516 0.7621020017159419 0.37322505706631265 0.0 0.0 0.0 0.0 0.0 0.0
45.1720637701584 19.2052830702956 49.722599748739015 0.14368624644020586 -0.513922586139323 0.8457173511521421 0.5290591609247516 0.7621020017159419 0.37322505706631265 0.0 0.0 0.0 0.0 0.0 0.0
45.100406957077986 19.58229838275947 50.098644769215674 0.6067936167323632 -0.6472163534302187 0.4614244234382803 0.5290591609247516 0.7621020017159419 0.37322505706631265 0.0 0.0 0.0 0.0 0.0 0.0
45.1670687680245 19.81178070709423 50.57987150153382 0.8393699469796365 -0.534621807172598 -0.09817135734474185 0.5290591609247516 0.7621020017159419 0.37322505706631265 0.0 0.0 0.0 0.0 0.0 0.0
45.42506498479583 19.919395973662095 51.03872006985628 0.753055600852208 -0.21891549797015605 -0.6204701981349305 0.5290591609247516 0.7621020017159419 0.37322505706631265 0.0 0.0 0.0 0.0 0.0 0.0
45.85472024947635 19.977109445579476 51.356132436990755 0.3806428415427978 0.17996046898309087 -0.9070420369451528 0.5290591609247516 0.7621020017159419 0.37322505706631265 0.0 0.0 0.0 0.0 0.0 0.0
46.3711430618635 20.07584491206402 51.466784543263465 -0.1363824972776538 0.5104664449910715 -0.8490134409857654 0.5290591609247516 0.7621020017159419 0.37322505706631265 0.0 0.0 0.0 0.0 0.0 0.0
46.85647747970492 20.290941220746127 51.38390400894922 -0.6015938451885678 0.6470376840031117 -0.46843044404812606 0.5290591609247516 0.7621020017159419 0.37322505706631265 0.0 0.0 0.0 0.0 0.0 0.0
47.204678561606435 20.653529789855817 51.19424474017502 -0.8382496331996299 0.5377884889691869 0.09011711032277193 0.5290591609247516 0.7621020017159419 0.37322505706631265 0.0 0.0 0.0 0.0 0.0 0.0
47.361800613244526 21.138707261947566 51.02512766953444 -0.7564403707716622 0.2242244556318203 0.614427667804312 0.5290591609247516 0.7621020017159419 0.37322505706631265 0.0 0.0 0.0 0.0 0.0 0.0
47.34649205856379 21.674996705755824 50.996069405102844 -0.387246764478977 -0.17452619723305626 0.9053068816042072 0.5290591609247516 0.7621020017159419 0.37322505706631265 0.0 0.0 0.0 0.0 0.0 0.0
