           0   0.000000
       10000  -1.015234
       20000   0.000000
       30000   0.000000
       40000  -0.542245
       50000   0.000000
       60000  -0.801649
       70000   0.000000
       80000  -0.783305
       90000   0.000000
      100000  -0.752489
      110000   0.000000
      120000  -0.978556
      130000  -0.686078
      140000  -1.475700
      150000   0.000000
      160000   0.000000
      170000   0.000000
      180000  -0.794839
      190000  -0.003564
      200000  -0.724419
