t = 0
b =  100.0 100.0 100.0
E = 0. 0. 0.
4.917416419509567 80.64615744782957 70.95009143546608 0.48457344040838657 -0.7164356061451987 0.5019049741715474 0.7601959283574043 0.6287650543286568 0.1635746220044713 0.0 0.0 0.0 0.0 0.0 0.0
5.116682852658982 80.91592090689166 71.36986002277713 0.6462896109843956 -0.7575925999465256 -0.09145048518134057 0.7601959283574043 0.6287650543286568 0.1635746220044713 0.0 0.0 0.0 0.0 0.0 0.0
5.463271022967821 81.01299110895826 71.76878246911362 0.5624695529613637 -0.5109274987553599 -0.6500623762432617 0.7601959283574043 0.6287650543286568 0.1635746220044713 0.0 0.0 0.0 0.0 0.0 0.0
5.938074145572333 80.99359537160721 72.0195231763312 0.2649579077788774 -0.07015249853479279 -0.9617047021070275 0.7601959283574043 0.6287650543286568 0.1635746220044713 0.0 0.0 0.0 0.0 0.0 0.0
6.473274431591953 80.95820837000782 72.0510432664434 -0.13321567642878832 0.3972746087663702 -0.9079793327951627 0.7601959283574043 0.6287650543286568 0.1635746220044713 0.0 0.0 0.0 0.0 0.0 0.0
6.978108199977994 81.01338012797697 71.87558943907534 -0.4807783979138217 0.7137704501199374 -0.5092974343495185 0.7601959283574043 0.6287650543286568 0.1635746220044713 0.0 0.0 0.0 0.0 0.0 0.0
7.3733485174318645 81.2312558825098 71.58404124552224 -0.6456853678452396 0.7590929638674064 0.08287507440452478 0.7601959283574043 0.6287650543286568 0.1635746220044713 0.0 0.0 0.0 0.0 0.0 0.0
7.621404834968895 81.62216690204109 71.31138442778732 -0.5652856712485885 0.5160233692840929 0.6435619567949359 0.7601959283574043 0.6287650543286568 0.1635746220044713 0.0 0.0 0.0 0.0 0.0 0.0
7.74060426595807 82.13070546483738 71.18542757835351 -0.27012449707217984 0.07690786925910019 0.9597488920168279 0.7601959283574043 0.6287650543286568 0.1635746220044713 0.0 0.0 0.0 0.0 0.0 0.0
7.798228809340162 82.65677517885119 71.27824551905347 0.1276614897827001 -0.39142621612842843 0.9113111770157569 0.7601959283574043 0.6287650543286568 0.1635746220044713 0.0 0.0 0.0 0.0 0.0 0.0
7.884953793335096 83.0936192745823 71.57879687122863 0.47694674228284495 -0.7110509377114261 0.516651109556038 0.7601959283574043 0.6287650543286568 0.1635746220044713 0.0 0.0 0.0 0.0 0.0 0.0
8.080398802240554 83.36837928668882 71.99711886008353 0.6450319532654478 -0.760535519920142 -0.07429335236992972 0.7601959283574043 0.6287650543286568 0.1635746220044713 0.0 0.0 0.0 0.0 0.0 0.0
8.42287886518883 83.46977520309927 72.39850567692807 0.5680587408433536 -0.5210799426353905 -0.6370125276119489 0.7601959283574043 0.6287650543286568 0.1635746220044713 0.0 0.0 0.0 0.0 0.0 0.0
8.894847935986341 83.45239093019018 72.65468546805984 0.27527051533919905 -0.08365738315140406 -0.9577199933326825 0.7601959283574043 0.6287650543286568 0.1635746220044713 0.0 0.0 0.0 0.0 0.0 0.0
9.429564929416824 83.41593695415945 72.69255295657672 -0.12209758121990501 0.38554801486865875 -0.9145736213619371 0.7601959283574043 0.6287650543286568 0.1635746220044713 0.0 0.0 0.0 0.0 0.0 0.0
9.936449775366423 83.4673686602493 72.52194335932704 -0.4730787653108706 0.7082772760210609 -0.5239654397802692 0.7601959283574043 0.6287650543286568 0.1635746220044713 0.0 0.0 0.0 0.0 0.0 0.0
10.335496301877965 83.68025219369414 72.23189582359285 -0.6443294170050741 0.7619201582485012 0.06570597260891271 0.7601959283574043 0.6287650543286568 0.1635746220044713 0.0 0.0 0.0 0.0 0.0 0.0
10.587667917509346 84.06681545118558 71.95682596638231 -0.5707885505656767 0.5260968337316119 0.6304145874586896 0.7601959283574043 0.6287650543286568 0.1635746220044713 0.0 0.0 0.0 0.0 0.0 0.0
10.709728265079393 84.57330249847979 71.825459134219 -0.280395570690724 0.09040052621008669 0.9556181605630807 0.7601959283574043 0.6287650543286568 0.1635746220044713 0.0 0.0 0.0 0.0 0.0 0.0
10.767872433487831 85.10039634856805 71.91192549182462 0.11652437445357802 -0.37964045263484847 0.9177664173859345 0.7601959283574043 0.6287650543286568 0.1635746220044713 0.0 0.0 0.0 0.0 0.0 0.0
31.910153075680853 16.436687488340652 55.31054315825206 0.9957162946208917 0.00770697015184299 -0.09213936855394753 0.06712569593213627 0.6250593566210643 0.7776856316315017 0.0 0.0 0.0 0.0 0.0 0.0
32.07217406388013 16.406578852595615 55.82194101858672 0.7692864857872985 0.4639295621644747 -0.43928084881418117 0.06712569593213627 0.6250593566210643 0.7776856316315017 0.0 0.0 0.0 0.0 0.0 0.0
32.40955393072025 16.482222975143532 56.23320479561219 0.25059187921895787 0.743897557022179 -0.6195321902257747 0.06712569593213627 0.6250593566210643 0.7776856316315017 0.0 0.0 0.0 0.0 0.0 0.0
32.80405622431322 16.727438569221427 56.50324619038209 -0.36330677193745975 0.7412464326632572 -0.5644128945447459 0.06712569593213627 0.6250593566210643 0.7776856316315017 0.0 0.0 0.0 0.0 0.0 0.0
33.115742727811586 17.14162131094826 56.64462964808124 -0.8391791062695312 0.45698339555609924 -0.2948637037457974 0.06712569593213627 0.6250593566210643 0.7776856316315017 0.0 0.0 0.0 0.0 0.0 0.0
33.236138327631 17.659973432071112 56.718798915233634 -0.9962332678033563 -0.0008952738777518769 0.08670913796440795 0.06712569593213627 0.6250593566210643 0.7776856316315017 0.0 0.0 0.0 0.0 0.0 0.0
33.12944252270811 18.17812147548536 56.812733533113324 -0.7748017547666823 -0.4584338137972641 0.4353397284624571 0.06712569593213627 0.6250593566210643 0.7776856316315017 0.0 0.0 0.0 0.0 0.0 0.0
32.846130633406986 18.59176951661988 57.00590385579401 -0.25901010109961314 -0.7418056832505651 0.6185774776255043 0.06712569593213627 0.6250593566210643 0.7776856316315017 0.0 0.0 0.0 0.0 0.0 0.0
32.503777383410444 18.836322928916488 57.34007893396301 0.35518382039315816 -0.7433531713073405 0.5668073009747152 0.06712569593213627 0.6250593566210643 0.7776856316315017 0.0 0.0 0.0 0.0 0.0 0.0
32.2423882964484 18.911428962423944 57.8034577542238 0.8344374701617708 -0.46248836138220084 0.29969755417092037 0.06712569593213627 0.6250593566210643 0.7776856316315017 0.0 0.0 0.0 0.0 0.0 0.0
32.171209257065335 18.88111075940211 58.33515264138785 0.9966743739654035 -0.0059164905749117536 -0.08127230413830502 0.06712569593213627 0.6250593566210643 0.7776856316315017 0.0 0.0 0.0 0.0 0.0 0.0
32.327222172588094 18.849443892167564 58.848321504266345 0.7802580195926736 0.45290315392023367 -0.431365455304925 0.06712569593213627 0.6250593566210643 0.7776856316315017 0.0 0.0 0.0 0.0 0.0 0.0
32.661094928227854 18.92101631311975 59.26316059803514 0.26740859835827124 0.7396573181041536 -0.6175756579553934 0.06712569593213627 0.6250593566210643 0.7776856316315017 0.0 0.0 0.0 0.0 0.0 0.0
33.05592348227741 19.16119364300713 59.53722330114096 -0.34703382022578366 0.7454033007294194 -0.5691585428342324 0.06712569593213627 0.6250593566210643 0.7776856316315017 0.0 0.0 0.0 0.0 0.0 0.0
33.371645666087055 19.571285678749934 59.68154629649912 -0.8296322884100019 0.4679581069289862 -0.3045085814669676 0.06712569593213627 0.6250593566210643 0.7776856316315017 0.0 0.0 0.0 0.0 0.0 0.0
33.49825314364923 20.08804877969152 59.756456551130505 -0.9970395795150918 0.012727804463910836 0.07582928111158295 0.06712569593213627 0.6250593566210643 0.7776856316315017 0.0 0.0 0.0 0.0 0.0 0.0
33.397585417689044 20.607713184061133 59.84865209277725 -0.7856548647495813 -0.447338003714547 0.4273583319978717 0.06712569593213627 0.6250593566210643 0.7776856316315017 0.0 0.0 0.0 0.0 0.0 0.0
33.11782764058852 21.025406876408507 60.03826397964976 -0.2757867314168499 -0.7374526251892695 0.6165268075078872 0.06712569593213627 0.6250593566210643 0.7776856316315017 0.0 0.0 0.0 0.0 0.0 0.0
32.77520426938389 21.274998219640008 60.36841317169274 0.3388573920894029 -0.7473966648042022 0.5714664410671253 0.06712569593213627 0.6250593566210643 0.7776856316315017 0.0 0.0 0.0 0.0 0.0 0.0
32.5098234513682 21.35422046961252 60.82882815695818 0.8247639269474184 -0.473392215654156 0.30929641925558266 0.06712569593213627 0.6250593566210643 0.7776856316315017 0.0 0.0 0.0 0.0 0.0 0.0
35.79989590362588 76.51755061624102 67.52690658084667 -0.5559877816907517 0.29232701817497914 0.7780890058698442 0.8240159434697516 0.0711213140457579 0.5620849433991806 0.0 0.0 0.0 0.0 0.0 0.0
36.09603756482802 76.91411251210098 67.73600914269315 -0.5142725390282017 -0.3224087308864549 0.7947177900674379 0.8240159434697516 0.0711213140457579 0.5620849433991806 0.0 0.0 0.0 0.0 0.0 0.0
36.27495078457708 77.23718132761076 68.12626764979132 -0.2771765606105068 -0.8146560126976014 0.509419998845526 0.8240159434697516 0.0711213140457579 0.5620849433991806 0.0 0.0 0.0 0.0 0.0 0.0
36.39068159861359 77.37454927939292 68.63264846165525 0.0652234273280846 -0.9974018549627377 0.03058503301401281 0.8240159434697516 0.0711213140457579 0.5620849433991806 0.0 0.0 0.0 0.0 0.0 0.0
36.5212800949618 77.28455944695305 69.14600113275709 0.3828439447471843 -0.8012180568577906 -0.4598696982140066 0.8240159434697516 0.0711213140457579 0.5620849433991806 0.0 0.0 0.0 0.0 0.0 0.0
36.73914788056134 77.01193193324207 69.55452649168122 0.5550156467474131 -0.30063812330101763 -0.775612242479187 0.8240159434697516 0.0711213140457579 0.5620849433991806 0.0 0.0 0.0 0.0 0.0 0.0
37.08353150030054 76.67077394986504 69.78625101552755 0.5163276251815334 0.3141592596991869 -0.7966867282813598 0.8240159434697516 0.0711213140457579 0.5620849433991806 0.0 0.0 0.0 0.0 0.0 0.0
37.545612018446135 76.40122857962147 69.83637077459436 0.28147810627164965 0.8096022874769501 -0.5150866061176668 0.8240159434697516 0.0711213140457579 0.5620849433991806 0.0 0.0 0.0 0.0 0.0 0.0
38.071855479773085 76.31623207628245 69.76907652558943 -0.06030965127380718 0.9974638704138082 -0.037796470501064966 0.8240159434697516 0.0711213140457579 0.5620849433991806 0.0 0.0 0.0 0.0 0.0 0.0
38.58435135419452 76.4586074935895 69.69316656994451 -0.37918476397674705 0.8063722522738782 0.4538531761821791 0.8240159434697516 0.0711213140457579 0.5620849433991806 0.0 0.0 0.0 0.0 0.0 0.0
39.01041204973639 76.7847954911749 69.72071246009082 -0.5540012452137453 0.3089263336699989 0.7730764132133594 0.8240159434697516 0.0711213140457579 0.5620849433991806 0.0 0.0 0.0 0.0 0.0 0.0
39.31018814400011 77.18140325624078 69.92448114295401 -0.5183433909871649 -0.3058858640679758 0.7985949957164243 0.8240159434697516 0.0711213140457579 0.5620849433991806 0.0 0.0 0.0 0.0 0.0 0.0
39.49180784597861 77.50828432896765 70.31028958021858 -0.2857582162852142 -0.8044869079076047 0.5207139875505121 0.8240159434697516 0.0711213140457579 0.5620849433991806 0.0 0.0 0.0 0.0 0.0 0.0
39.6082889535635 77.65178258572377 70.81479478732957 0.05539128240608584 -0.9974499251293085 0.04500502964055285 0.8240159434697516 0.0711213140457579 0.5620849433991806 0.0 0.0 0.0 0.0 0.0 0.0
39.73739650571575 77.56791210066184 71.32955889236324 0.37549670681845837 -0.8114650393209584 -0.447802091473822 0.8240159434697516 0.0711213140457579 0.5620849433991806 0.0 0.0 0.0 0.0 0.0 0.0
39.95209854400228 77.29906813435392 71.74224649655531 0.5529446543403504 -0.31719101810261446 -0.7704817111855793 0.8240159434697516 0.0711213140457579 0.5620849433991806 0.0 0.0 0.0 0.0 0.0 0.0
40.29284433364413 76.95792046548908 71.9793027704394 0.5203196829367237 0.2975891740439304 -0.8004424470506795 0.8240159434697516 0.0711213140457579 0.5620849433991806 0.0 0.0 0.0 0.0 0.0 0.0
40.75219701138329 76.68460825821121 72.03389816333232 0.29001656470424975 0.7993102635455243 -0.52630171459718 0.8240159434697516 0.0711213140457579 0.5620849433991806 0.0 0.0 0.0 0.0 0.0 0.0
41.27765897417216 76.59349885065889 71.96852306382272 -0.050468695277754175 0.9973600201712257 -0.05221016147279027 0.8240159434697516 0.0711213140457579 0.5620849433991806 0.0 0.0 0.0 0.0 0.0 0.0
41.79161659628447 76.72973769108657 71.89124665636258 -0.3717800541321519 0.8164960301635795 0.4417169049024622 0.8240159434697516 0.0711213140457579 0.5620849433991806 0.0 0.0 0.0 0.0 0.0 0.0
28.504110078430692 72.96108587185508 51.36470739654635 -0.5967359447883809 0.7438078522216949 0.3010914996655792 0.7893933341892422 0.4767632706400237 0.38672334776454725 0.0 0.0 0.0 0.0 0.0 0.0
28.794470513804843 73.39649814865135 51.24308474691732 -0.5678763374879039 0.32782841353778885 0.7550132426644055 0.7893933341892422 0.4767632706400237 0.38672334776454725 0.0 0.0 0.0 0.0 0.0 0.0
28.955383520180373 73.90663892262869 51.29356738971016 -0.32327101518972345 -0.2126985204479083 0.9220928316267707 0.7893933341892422 0.4767632706400237 0.38672334776454725 0.0 0.0 0.0 0.0 0.0 0.0
29.042606888471663 74.36829506217735 51.55424112248601 0.04415037058218102 -0.6724177303858235 0.7388539372841115 0.7893933341892422 0.4767632706400237 0.38672334776454725 0.0 0.0 0.0 0.0 0.0 0.0
29.13989433512636 74.67667355892692 51.98333663351386 0.39479829241508296 -0.8766742023252346 0.27491207918814337 0.7893933341892422 0.4767632706400237 0.38672334776454725 0.0 0.0 0.0 0.0 0.0 0.0
29.327176064959417 74.78521414367187 52.47509836164276 0.5954557422840447 -0.747867487590262 -0.293473474076255 0.7893933341892422 0.4767632706400237 0.38672334776454725 0.0 0.0 0.0 0.0 0.0 0.0
29.650191949982165 74.72327831108892 52.89996280212182 0.5698896001701905 -0.33493341064214904 -0.7503635479242562 0.7893933341892422 0.4767632706400237 0.38672334776454725 0.0 0.0 0.0 0.0 0.0 0.0
30.10311418729531 74.5849943970114 53.15378184824132 0.3278128709056752 0.20524746879691827 -0.9221779645063294 0.7893933341892422 0.4767632706400237 0.38672334776454725 0.0 0.0 0.0 0.0 0.0 0.0
30.630761378846053 74.49349664990426 53.19739039833524 -0.03880544875483233 0.6674514032853551 -0.743641554379088 0.7893933341892422 0.4767632706400237 0.38672334776454725 0.0 0.0 0.0 0.0 0.0 0.0
31.149562867132115 74.55414447117741 53.071485832709726 -0.3906809296408745 0.8760793904733171 -0.28258328471946675 0.7893933341892422 0.4767632706400237 0.38672334776454725 0.0 0.0 0.0 0.0 0.0 0.0
31.579308625213745 74.81449461707481 52.88116639844091 -0.5941301935195329 0.7518701699541626 0.2858330993456515 0.7893933341892422 0.4767632706400237 0.38672334776454725 0.0 0.0 0.0 0.0 0.0 0.0
31.873622386988266 75.24623359187092 52.756002628161696 -0.5718594635530069 0.3420129012705415 0.7456567100947822 0.7893933341892422 0.4767632706400237 0.38672334776454725 0.0 0.0 0.0 0.0 0.0 0.0
32.037580766052294 75.75593441827307 52.8008113284107 -0.3323297624023282 -0.19778078675653152 0.922192869963534 0.7893933341892422 0.4767632706400237 0.38672334776454725 0.0 0.0 0.0 0.0 0.0 0.0
32.12578456531994 76.22055110811091 53.05583392238474 0.033457571742319725 -0.6624342471763834 0.7483725402905733 0.7893933341892422 0.4767632706400237 0.38672334776454725 0.0 0.0 0.0 0.0 0.0 0.0
32.221615019118985 76.53416589046137 53.48144806046559 0.3865338150012914 -0.8754178617839357 0.29023297043959323 0.7893933341892422 0.4767632706400237 0.38672334776454725 0.0 0.0 0.0 0.0 0.0 0.0
32.40555586820988 76.6482291436731 53.97322081329034 0.5927593994405163 -0.7558155944936372 -0.27817095731788466 0.7893933341892422 0.4767632706400237 0.38672334776454725 0.0 0.0 0.0 0.0 0.0 0.0
32.72461624105445 76.59000420833826 54.40158448764181 0.5737857776236299 -0.34906634629234534 -0.7408930876199068 0.7893933341892422 0.4767632706400237 0.38672334776454725 0.0 0.0 0.0 0.0 0.0 0.0
33.17447109996252 76.45220958838267 54.661061559358096 0.3368213457009076 0.1902990429434938 -0.9221375468632758 0.7893933341892422 0.4767632706400237 0.38672334776454725 0.0 0.0 0.0 0.0 0.0 0.0
33.7011043952212 76.35779364125382 54.71033734825179 -0.028107146806182287 0.6573666441347709 -0.7530465347356733 0.7893933341892422 0.4767632706400237 0.38672334776454725 0.0 0.0 0.0 0.0 0.0 0.0
34.22133066548103 76.41322444133958 54.58795615585785 -0.38235726431516903 0.8746896666350614 -0.297860553795338 0.7893933341892422 0.4767632706400237 0.38672334776454725 0.0 0.0 0.0 0.0 0.0 0.0
68.96873448280753 20.335512619561758 41.887515257756824 0.7803903659545944 -0.6194385049718314 0.08536284486541466 0.2823970751551599 0.47094455520454187 0.8357410591008481 0.0 0.0 0.0 0.0 0.0 0.0
68.97146813467995 20.22748919921384 42.413831293919635 0.959280763322088 -0.13347164698430283 -0.24892917983131285 0.2823970751551599 0.47094455520454187 0.8357410591008481 0.0 0.0 0.0 0.0 0.0 0.0
69.19286986673546 20.089040912736156 42.88340391570734 0.7737243603844448 0.40320332121949776 -0.48864884723618124 0.2823970751551599 0.47094455520454187 0.8357410591008481 0.0 0.0 0.0 0.0 0.0 0.0
69.59064209108588 20.042502836017267 43.241589017392194 0.2942171369552918 0.7866946064919733 -0.5427226478029741 0.2823970751551599 0.47094455520454187 0.8357410591008481 0.0 0.0 0.0 0.0 0.0 0.0
70.05548112106281 20.175291819601604 43.476060474433574 -0.2970680958513849 0.8713074579257383 -0.39060704063063306 0.2823970751551599 0.47094455520454187 0.8357410591008481 0.0 0.0 0.0 0.0 0.0 0.0
70.45260346924316 20.506695365635842 43.621493044272725 -0.7754921923304213 0.6248960386096695 -0.09009328812125739 0.2823970751551599 0.47094455520454187 0.8357410591008481 0.0 0.0 0.0 0.0 0.0 0.0
70.67295234778089 20.980543983333536 43.74638884624985 -0.9592938394050977 0.14107616652117408 0.24464841082483482 0.2823970751551599 0.47094455520454187 0.8357410591008481 0.0 0.0 0.0 0.0 0.0 0.0
70.67463016544201 21.4865509176287 43.92705226117237 -0.7786437183520815 -0.3963408998964372 0.4864440881952698 0.2823970751551599 0.47094455520454187 0.8357410591008481 0.0 0.0 0.0 0.0 0.0 0.0
70.4988161230047 21.902211931321588 44.21860062130499 -0.3021738304683712 -0.7831814319769203 0.5434315235488768 0.2823970751551599 0.47094455520454187 0.8357410591008481 0.0 0.0 0.0 0.0 0.0 0.0
70.25412154640422 22.1393467129525 44.63402421432966 0.28909694768730293 -0.8724782439541071 0.39396023741571096 0.2823970751551599 0.47094455520454187 0.8357410591008481 0.0 0.0 0.0 0.0 0.0 0.0
70.07532662812551 22.1776000514215 45.13925105586924 0.7705349619733619 -0.6303059839947844 0.09481687042439868 0.2823970751551599 0.47094455520454187 0.8357410591008481 0.0 0.0 0.0 0.0 0.0 0.0
70.07217517867355 22.07217512100629 45.666091406005464 0.9592338615481794 -0.14866994256176666 -0.24034901089467828 0.2823970751551599 0.47094455520454187 0.8357410591008481 0.0 0.0 0.0 0.0 0.0 0.0
70.28768111814382 21.932860872506215 46.138144191545656 0.7835037795859238 0.3894482956793529 -0.48420228455369824 0.2823970751551599 0.47094455520454187 0.8357410591008481 0.0 0.0 0.0 0.0 0.0 0.0
70.6817867688237 21.882321375260254 46.49982305108638 0.31010751227434674 0.7796086151636116 -0.5440990148802815 0.2823970751551599 0.47094455520454187 0.8357410591008481 0.0 0.0 0.0 0.0 0.0 0.0
71.14658143668404 22.00949368637126 46.73747452306505 -0.28110378367137046 0.8735825873862616 -0.39728343260343146 0.2823970751551599 0.47094455520454187 0.8357410591008481 0.0 0.0 0.0 0.0 0.0 0.0
71.54729848821158 22.335799175764283 46.88456522408123 -0.7655190523957011 0.6356679291388889 -0.09953323205575955 0.2823970751551599 0.47094455520454187 0.8357410591008481 0.0 0.0 0.0 0.0 0.0 0.0
71.77351544765841 22.807005189605835 47.00896732171848 -0.9591008343188796 0.15625239681063355 0.23603130745679227 0.2823970751551599 0.47094455520454187 0.8357410591008481 0.0 0.0 0.0 0.0 0.0 0.0
71.7811053417441 23.31382894221686 47.18717276331724 -0.7883041739734927 -0.38252603346674285 0.48192360703349163 0.2823970751551599 0.47094455520454187 0.8357410591008481 0.0 0.0 0.0 0.0 0.0 0.0
71.60900127456851 23.733455873462937 47.47523270630303 -0.3180175781926328 -0.7759764281358814 0.5447250709651371 0.2823970751551599 0.47094455520454187 0.8357410591008481 0.0 0.0 0.0 0.0 0.0 0.0
71.36440509043747 23.97619895349931 47.887462746355126 0.27308921251397367 -0.8746204041221747 0.4005763731196129 0.2823970751551599 0.47094455520454187 0.8357410591008481 0.0 0.0 0.0 0.0 0.0 0.0
17.86195307637966 98.06674788294325 45.56179684067135 -0.5446093540134306 0.2917805039553306 0.7862981553028388 0.7354389920841063 0.6168067509037208 0.28049763093813995 0.0 0.0 0.0 0.0 0.0 0.0
17.944690313547888 98.59760749673598 45.567062023286454 -0.20476008041237437 -0.19230491853939644 0.9597354467638851 0.7354389920841063 0.6168067509037208 0.28049763093813995 0.0 0.0 0.0 0.0 0.0 0.0
17.980752483943327 99.08463119829676 45.79109893118951 0.21288097114332488 -0.6033304873142263 0.7685531960783542 0.7354389920841063 0.6168067509037208 0.28049763093813995 0.0 0.0 0.0 0.0 0.0 0.0
18.0653408784092 99.43412569629045 46.190327564321194 0.5496449825816405 -0.7851407168105585 0.285384736678454 0.7354389920841063 0.6168067509037208 0.28049763093813995 0.0 0.0 0.0 0.0 0.0 0.0
18.27522086394916 99.60464734318268 46.65460965715837 0.6775896755631413 -0.6686628611377997 -0.3062061555639413 0.7354389920841063 0.6168067509037208 0.28049763093813995 0.0 0.0 0.0 0.0 0.0 0.0
18.639557437354128 99.62274726983905 47.04909204719995 0.548106722102963 -0.2981488050719271 -0.7814642098136854 0.7354389920841063 0.6168067509037208 0.28049763093813995 0.0 0.0 0.0 0.0 0.0 0.0
19.12883495530867 99.572884166998 47.265439646025705 0.210388861060163 0.1856369668229644 -0.9598309453703696 0.7354389920841063 0.6168067509037208 0.28049763093813995 0.0 0.0 0.0 0.0 0.0 0.0
19.666070620761765 99.56533701658532 47.26299375065315 -0.20725924581356878 0.598896151337239 -0.7735418572632216 0.7354389920841063 0.6168067509037208 0.28049763093813995 0.0 0.0 0.0 0.0 0.0 0.0
20.15606153461024 99.69430826271426 47.08421896457792 -0.5461661000129265 0.784624674948817 -0.29337128465160595 0.7354389920841063 0.6168067509037208 0.28049763093813995 0.0 0.0 0.0 0.0 0.0 0.0
20.52155386877563 100.00213472818604 46.83857018493541 -0.6775753214071387 0.6722611663223397 0.29825594390546667 0.7354389920841063 0.6168067509037208 0.28049763093813995 0.0 0.0 0.0 0.0 0.0 0.0
20.73259288710632 100.46320314767372 46.660908857090796 -0.5515623497435258 0.3044944010026872 0.776570752799393 0.7354389920841063 0.6168067509037208 0.28049763093813995 0.0 0.0 0.0 0.0 0.0 0.0
20.817903250458045 100.9936810754509 46.66026685678163 -0.21600161978162835 -0.1789548781327861 0.9598533491342276 0.7354389920841063 0.6168067509037208 0.28049763093813995 0.0 0.0 0.0 0.0 0.0 0.0
20.853976037784044 101.48336623312687 46.87842345760945 0.2016217368898071 -0.5944162070996064 0.7784716102407693 0.7354389920841063 0.6168067509037208 0.28049763093813995 0.0 0.0 0.0 0.0 0.0 0.0
20.93600850637811 101.83755419769116 47.27403268648629 0.5426456247811284 -0.7840488808802804 0.3013354912655986 0.7354389920841063 0.6168067509037208 0.28049763093813995 0.0 0.0 0.0 0.0 0.0 0.0
21.141737062215405 102.01301819518866 47.73833135007866 0.6775093672670712 -0.6758082762162994 -0.29028301890211855 0.7354389920841063 0.6168067509037208 0.28049763093813995 0.0 0.0 0.0 0.0 0.0 0.0
21.501903899639093 102.03443167485831 48.13645999037852 0.554975973775695 -0.31081680850591326 -0.7716181569156589 0.7354389920841063 0.6168067509037208 0.28049763093813995 0.0 0.0 0.0 0.0 0.0 0.0
21.988577527747292 101.98499445324919 48.35869824753046 0.22159792914346288 0.1722591613357857 -0.9598026563493255 0.7354389920841063 0.6168067509037208 0.28049763093813995 0.0 0.0 0.0 0.0 0.0 0.0
22.525764410776333 101.97482371288669 48.36214945896734 -0.19596887369017107 0.589890995766427 -0.7833420795912217 0.7354389920841063 0.6168067509037208 0.28049763093813995 0.0 0.0 0.0 0.0 0.0 0.0
23.01828018288153 102.0991186435701 48.1870378187135 -0.5390838249840653 0.7834133784538957 -0.30927675001526367 0.7354389920841063 0.6168067509037208 0.28049763093813995 0.0 0.0 0.0 0.0 0.0 0.0
23.38791178011931 102.4019926785222 47.94142653356228 -0.6773918181656023 0.6793039206935269 0.2822879877230047 0.7354389920841063 0.6168067509037208 0.28049763093813995 0.0 0.0 0.0 0.0 0.0 0.0
11.596671357541254 19.8458876910098 93.92472293273474 0.5388821514033336 0.7851337090811757 -0.3052393909103976 0.21726066815341386 0.22055481758948292 0.9508697989270677 0.0 0.0 0.0 0.0 0.0 0.0
12.029113323922525 19.817728994183362 94.2423487119525 -0.04072089535379688 0.9753383294859421 -0.21692614346168004 0.21726066815341386 0.22055481758948292 0.9508697989270677 0.0 0.0 0.0 0.0 0.0 0.0
12.452272960926614 20.011898700252306 94.5105261699426 -0.6048533931489561 0.7949956117317339 -0.046199027300161226 0.21726066815341386 0.22055481758948292 0.9508697989270677 0.0 0.0 0.0 0.0 0.0 0.0
12.737556247930659 20.387287681030074 94.76817255820596 -0.9391919742773761 0.3126207694628236 0.1420798717392346 0.21726066815341386 0.22055481758948292 0.9508697989270677 0.0 0.0 0.0 0.0 0.0 0.0
12.80875069484646 20.833938576043515 95.05820605770283 -0.916715821925387 -0.2885239298655487 0.27638025205611694 0.21726066815341386 0.22055481758948292 0.9508697989270677 0.0 0.0 0.0 0.0 0.0 0.0
12.670979741309862 21.21482043216569 95.41124044435222 -0.5459640021527374 -0.7800535643751374 0.3056791537854845 0.21726066815341386 0.22055481758948292 0.9508697989270677 0.0 0.0 0.0 0.0 0.0 0.0
12.408756276303768 21.41788905374413 95.8339544037252 0.032208670069076004 -0.9752278079785047 0.21884543430883624 0.21726066815341386 0.22055481758948292 0.9508697989270677 0.0 0.0 0.0 0.0 0.0 0.0
12.153874778653366 21.398654465808285 96.30655418673487 0.598144730031401 -0.799896702391394 0.048868675437720235 0.21726066815341386 0.22055481758948292 0.9508697989270677 0.0 0.0 0.0 0.0 0.0 0.0
12.035340391034271 21.197083399393534 96.79029358584823 0.9368356066082117 -0.3206714660061103 -0.13967411027286816 0.21726066815341386 0.22055481758948292 0.9508697989270677 0.0 0.0 0.0 0.0 0.0 0.0
12.130357709419094 20.92241526221275 97.24219426713003 0.9196069731784955 0.28038222165589827 -0.2751523662642026 0.21726066815341386 0.22055481758948292 0.9508697989270677 0.0 0.0 0.0 0.0 0.0 0.0
12.43499946627543 20.711660261280667 97.63137395786423 0.5530042756295915 0.7749140155700716 -0.30609563800952627 0.21726066815341386 0.22055481758948292 0.9508697989270677 0.0 0.0 0.0 0.0 0.0 0.0
12.865698565161836 20.677546934580484 97.95077913828284 -0.023693991969428584 0.9750430190977415 -0.2207480592288759 0.21726066815341386 0.22055481758948292 0.9508697989270677 0.0 0.0 0.0 0.0 0.0 0.0
13.290996617833278 20.865694694763405 98.21986479165437 -0.5913905158768425 0.8047368778202408 -0.051534602036442535 0.21726066815341386 0.22055481758948292 0.9508697989270677 0.0 0.0 0.0 0.0 0.0 0.0
13.581487183802462 21.237282251566533 98.47720313087017 -0.9344078952804977 0.3286977421757304 0.13725771208223353 0.21726066815341386 0.22055481758948292 0.9508697989270677 0.0 0.0 0.0 0.0 0.0 0.0
13.658979440641273 21.683796469041106 98.76582936987393 -0.9224280928001934 -0.27221916125452505 0.27390352655430084 0.21726066815341386 0.22055481758948292 0.9508697989270677 0.0 0.0 0.0 0.0 0.0 0.0
13.526204184702038 22.068258320142323 99.11689192637414 -0.5600024356898136 -0.7697154540625187 0.3064888118656354 0.21726066815341386 0.22055481758948292 0.9508697989270677 0.0 0.0 0.0 0.0 0.0 0.0
13.265776355926809 22.277263509270856 99.5378186171828 0.015177509480557523 -0.9747839769160419 0.22263387332954362 0.21726066815341386 0.22055481758948292 0.9508697989270677 0.0 0.0 0.0 0.0 0.0 0.0
13.008808240915233 22.26406666018976 100.0094947064221 0.5845912650448385 -0.8095157694201763 0.054196604075694606 0.21726066815341386 0.22055481758948292 0.9508697989270677 0.0 0.0 0.0 0.0 0.0 0.0
12.885097723164819 22.06634066599788 100.49352491326576 0.9319090251738507 -0.33669898673967885 -0.13483086118540974 0.21726066815341386 0.22055481758948292 0.9508697989270677 0.0 0.0 0.0 0.0 0.0 0.0
12.973815897025343 21.791864127184443 100.94682042105975 0.9251789659512987 0.26403537031008273 -0.27263382803039216 0.21726066815341386 0.22055481758948292 0.9508697989270677 0.0 0.0 0.0 0.0 0.0 0.0
65.63622582870562 92.85950594517341 70.68062498080505 0.6770784960355557 0.1890811884405223 -0.7112053250532856 0.21596232245923896 0.8728251159096706 0.4376489372948162 0.0 0.0 0.0 0.0 0.0 0.0
66.04508090863897 93.06296021892153 70.9636956154966 0.1359435151504489 0.4169820808709863 -0.8986908839645821 0.21596232245923896 0.8728251159096706 0.4376489372948162 0.0 0.0 0.0 0.0 0.0 0.0
66.48492431712833 93.36146557112454 71.0419096349111 -0.4568386799946807 0.48646450920994827 -0.7447487507474196 0.21596232245923896 0.8728251159096706 0.4376489372948162 0.0 0.0 0.0 0.0 0.0 0.0
66.82063133413847 93.7708605235086 70.95035815315914 -0.8760602226744154 0.37113093724718454 -0.30786411558621196 0.21596232245923896 0.8728251159096706 0.4376489372948162 0.0 0.0 0.0 0.0 0.0 0.0
66.95664039582469 94.2648547847158 70.78862903657237 -0.9624518398143049 0.11479851724584192 0.24598324429972104 0.21596232245923896 0.8728251159096706 0.4376489372948162 0.0 0.0 0.0 0.0 0.0 0.0
66.87325853034166 94.78501737154133 70.68297180826359 -0.6831919116720927 -0.18514777878605115 0.7063774570556621 0.21596232245923896 0.8728251159096706 0.4376489372948162 0.0 0.0 0.0 0.0 0.0 0.0
66.6341430470963 95.2629755163669 70.73833334351684 -0.14437595392601763 -0.4147533381513385 0.8984070638748757 0.21596232245923896 0.8728251159096706 0.4376489372948162 0.0 0.0 0.0 0.0 0.0 0.0
66.36211706061071 95.64639062471063 70.99848679724879 0.4492908425537768 -0.4867871700469094 0.7491168065629285 0.21596232245923896 0.8728251159096706 0.4376489372948162 0.0 0.0 0.0 0.0 0.0 0.0
66.19250693582221 95.9188425823254 71.42940145060774 0.8722645362050881 -0.37388241739419187 0.3152245498726254 0.21596232245923896 0.8728251159096706 0.4376489372948162 0.0 0.0 0.0 0.0 0.0 0.0
66.2217295395075 96.10606803113093 71.93217155002873 0.9638503490667453 -0.11893348339275266 -0.23842678358771038 0.21596232245923896 0.8728251159096706 0.4376489372948162 0.0 0.0 0.0 0.0 0.0 0.0
66.47066186059016 96.26618258865483 72.38059225662879 0.6892532995994706 0.18120026941139544 -0.7014957956798329 0.21596232245923896 0.8728251159096706 0.4376489372948162 0.0 0.0 0.0 0.0 0.0 0.0
66.8767094930039 96.46760175329254 72.66910697453102 0.15279739791372043 0.41249301035920644 -0.8980548266089312 0.21596232245923896 0.8728251159096706 0.4376489372948162 0.0 0.0 0.0 0.0 0.0 0.0
67.31758729707985 96.76304871262074 72.75291006645043 -0.4417087898757124 0.4870727601561971 -0.7534278142332943 0.21596232245923896 0.8728251159096706 0.4376489372948162 0.0 0.0 0.0 0.0 0.0 0.0
67.65777756860524 97.16952392295231 72.6649692644087 -0.8684024234142195 0.37660542494756877 -0.3225609785891251 0.21596232245923896 0.8728251159096706 0.4376489372948162 0.0 0.0 0.0 0.0 0.0 0.0
67.80001548038905 97.6618463517506 72.5035006771482 -0.9651754573834057 0.12305939229443216 0.23085216575302198 0.21596232245923896 0.8728251159096706 0.4376489372948162 0.0 0.0 0.0 0.0 0.0 0.0
67.722241616293 98.18222017289445 72.39465484833485 -0.6952621982195315 -0.17723896093467975 0.6965607126832105 0.21596232245923896 0.8728251159096706 0.4376489372948162 0.0 0.0 0.0 0.0 0.0 0.0
67.48598271223638 98.66219236731642 72.44459005589498 -0.1612072057879932 -0.41020126962730497 0.8976341989909793 0.21596232245923896 0.8728251159096706 0.4376489372948162 0.0 0.0 0.0 0.0 0.0 0.0
67.21297662054798 99.04865916941985 72.69914100735919 0.4340930993631535 -0.48732125778902113 0.7576814454585913 0.21596232245923896 0.8728251159096706 0.4376489372948162 0.0 0.0 0.0 0.0 0.0 0.0
67.03892206451816 99.32404107547669 73.12640546815616 0.8644741784166508 -0.3792997525397498 0.329872843038259 0.21596232245923896 0.8728251159096706 0.4376489372948162 0.0 0.0 0.0 0.0 0.0 0.0
67.06192442465915 99.5129615910074 73.62886445390318 0.9664270638521575 -0.12717592974694575 -0.22325996763213166 0.21596232245923896 0.8728251159096706 0.4376489372948162 0.0 0.0 0.0 0.0 0.0 0.0
57.18641668429787 85.05485913100928 37.532513209147865 0.017545049891733437 0.9146992033115761 -0.40375430485069097 0.6824063070881924 0.2841844187375194 0.6734692629905793 0.0 0.0 0.0 0.0 0.0 0.0
57.71149236307549 85.16878338917262 37.53113586514216 -0.41428669705492793 0.9094329904238128 0.03603010646833629 0.6824063070881924 0.2841844187375194 0.6734692629905793 0.0 0.0 0.0 0.0 0.0 0.0
58.1421313762239 85.49001292611842 37.53797158503961 -0.6887240012862222 0.5586579795652863 0.4621260779487865 0.6824063070881924 0.2841844187375194 0.6734692629905793 0.0 0.0 0.0 0.0 0.0 0.0
58.41577573160838 85.93858856708432 37.65014895894629 -0.7015035425776401 -0.004360537993415788 0.7126526260804973 0.6824063070881924 0.2841844187375194 0.6734692629905793 0.0 0.0 0.0 0.0 0.0 0.0
58.529512332389444 86.38617022327743 37.92477552139167 -0.4477701595300357 -0.5657224142641119 0.6924305266477144 0.6824063070881924 0.2841844187375194 0.6734692629905793 0.0 0.0 0.0 0.0 0.0 0.0
58.54117971121653 86.70479543733855 38.35724164417376 -0.023921406559131737 -0.912156886981499 0.40914249332042474 0.6824063070881924 0.2841844187375194 0.6734692629905793 0.0 0.0 0.0 0.0 0.0 0.0
58.54739420466578 86.81549446031119 38.882971811181925 0.40901548870817583 -0.9120477078847362 -0.029585613716994537 0.6824063070881924 0.2841844187375194 0.6734692629905793 0.0 0.0 0.0 0.0 0.0 0.0
58.64684379163574 86.71829217957387 39.40195793661239 0.686560561440951 -0.5654363559380607 -0.45707365145824463 0.6824063070881924 0.2841844187375194 0.6734692629905793 0.0 0.0 0.0 0.0 0.0 0.0
58.90279488018883 86.49219866370898 39.816754108811104 0.7032697982018534 -0.004006278778783392 -0.7109117671465786 0.6824063070881924 0.2841844187375194 0.6734692629905793 0.0 0.0 0.0 0.0 0.0 0.0
59.31905634137044 86.26519191647041 40.069497921319886 0.45279508058187556 0.5589458506699629 -0.6946626166850239 0.6824063070881924 0.2841844187375194 0.6734692629905793 0.0 0.0 0.0 0.0 0.0 0.0
59.83853245541791 86.16559689347933 40.163893368497725 0.030295941518804194 0.9095451063729189 -0.41449952400523354 0.6824063070881924 0.2841844187375194 0.6734692629905793 0.0 0.0 0.0 0.0 0.0 0.0
60.36491453028786 86.27333270610482 40.16380363613633 -0.4037131322483916 0.9145929693815674 0.023138867906621872 0.6824063070881924 0.2841844187375194 0.6734692629905793 0.0 0.0 0.0 0.0 0.0 0.0
60.79927018395893 86.58955001487855 40.168988409442306 -0.6843448373507998 0.5721716721431543 0.4519864170395106 0.6824063070881924 0.2841844187375194 0.6734692629905793 0.0 0.0 0.0 0.0 0.0 0.0
61.07762941042295 87.03619387432073 40.27720350073422 -0.7049824971081151 0.012372790457342284 0.7091167695291838 0.6824063070881924 0.2841844187375194 0.6734692629905793 0.0 0.0 0.0 0.0 0.0 0.0
61.19528785448887 87.48565811173697 40.5470617819527 -0.4577855195352628 -0.5521267211852392 0.6968418054745763 0.6824063070881924 0.2841844187375194 0.6734692629905793 0.0 0.0 0.0 0.0 0.0 0.0
61.20859407497248 87.80926504568633 40.975765174655265 -0.03666816932523547 -0.9068640603830419 0.41982498894648823 0.6824063070881924 0.2841844187375194 0.6734692629905793 0.0 0.0 0.0 0.0 0.0 0.0
61.21354178510464 87.92615228853687 41.500167686797994 0.3983800314705468 -0.9170685810827902 -0.0166903599818734 0.6824063070881924 0.2841844187375194 0.6734692629905793 0.0 0.0 0.0 0.0 0.0 0.0
61.30930023594556 87.83399371947398 42.020765630857696 0.6820769977517345 -0.578863415260162 -0.4468647621051835 0.6824063070881924 0.2841844187375194 0.6734692629905793 0.0 0.0 0.0 0.0 0.0 0.0
61.56053815988556 87.60988321668857 42.4395007383349 0.7066415088677702 -0.020738359900005145 -0.7072677699243333 0.6824063070881924 0.2841844187375194 0.6734692629905793 0.0 0.0 0.0 0.0 0.0 0.0
61.972855038006486 87.38104540411142 42.69701413540364 0.46274109634894767 0.5452655451130511 -0.6989679270627102 0.6824063070881924 0.2841844187375194 0.6734692629905793 0.0 0.0 0.0 0.0 0.0 0.0
52.38052582571941 23.472059486326142 50.64137565920893 -0.03817150108356212 -0.11605937226363808 0.9925085181572991 0.7738547376140892 0.6249579163801535 0.10284185833602164 0.0 0.0 0.0 0.0 0.0 0.0
52.45536814041081 23.974018710550638 50.81778616701936 0.3397910277450789 -0.5466824429301049 0.7652975656931855 0.7738547376140892 0.6249579163801535 0.10284185833602164 0.0 0.0 0.0 0.0 0.0 0.0
52.60766583056825 24.351361654707834 51.16864627900966 0.5886612641303356 -0.7696117134843968 0.24733727292926555 0.7738547376140892 0.6249579163801535 0.10284185833602164 0.0 0.0 0.0 0.0 0.0 0.0
52.89414887440645 24.553271584560395 51.575886930146666 0.6138892443809872 -0.7001526268642967 -0.36459058507916187 0.7738547376140892 0.6249579163801535 0.10284185833602164 0.0 0.0 0.0 0.0 0.0 0.0
53.320567990817345 24.595581701088904 51.90001914594303 0.40589043701047456 -0.36469385137077953 -0.8380043841864993 0.7738547376140892 0.6249579163801535 0.10284185833602164 0.0 0.0 0.0 0.0 0.0 0.0
53.83950984511614 24.554759842722333 52.03312823599622 0.04368706649346449 0.10931821561453357 -0.9930463070552401 0.7738547376140892 0.6249579163801535 0.10284185833602164 0.0 0.0 0.0 0.0 0.0 0.0
54.368410167596736 24.538857075044803 51.93987238910993 -0.3351137509932135 0.5417984647847875 -0.7708133350248334 0.7738547376140892 0.6249579163801535 0.10284185833602164 0.0 0.0 0.0 0.0 0.0 0.0
54.820921299994055 24.646457284462674 51.67090961825105 -0.5865992516744378 0.7684404187960328 -0.25573548970678195 0.7738547376140892 0.6249579163801535 0.10284185833602164 0.0 0.0 0.0 0.0 0.0 0.0
55.139717114514816 24.929223511524114 51.343651934466784 -0.6152258892280625 0.7031390100679983 0.35650054382025215 0.7738547376140892 0.6249579163801535 0.10284185833602164 0.0 0.0 0.0 0.0 0.0 0.0
55.318272168227935 25.372270298054854 51.09765856086365 -0.4101179254356089 0.3707033355577961 0.8332960603787329 0.7738547376140892 0.6249579163801535 0.10284185833602164 0.0 0.0 0.0 0.0 0.0 0.0
55.403340827933626 25.899818921590192 51.041615050443546 -0.049199304964111984 -0.1025687339600673 0.9935084716321637 0.7738547376140892 0.6249579163801535 0.10284185833602164 0.0 0.0 0.0 0.0 0.0 0.0
55.47719450452469 26.403986998992004 51.21204182739278 0.33041095403176435 -0.5368732265887188 0.7762704039366941 0.7738547376140892 0.6249579163801535 0.10284185833602164 0.0 0.0 0.0 0.0 0.0 0.0
55.62636536848369 26.785774807500175 51.55941946734477 0.5844925674144138 -0.7672106043946394 0.2641142312366371 0.7738547376140892 0.6249579163801535 0.10284185833602164 0.0 0.0 0.0 0.0 0.0 0.0
55.90877133157589 26.992676934596272 51.967001954617515 0.6165156822417293 -0.7060718465137699 -0.3483833536646825 0.7738547376140892 0.6249579163801535 0.10284185833602164 0.0 0.0 0.0 0.0 0.0 0.0
56.331712063833784 27.038629962062974 52.2951704454605 0.4143141817928852 -0.3766845892505735 -0.8285242778497318 0.7738547376140892 0.6249579163801535 0.10284185833602164 0.0 0.0 0.0 0.0 0.0 0.0
56.84909572686778 26.998717725557608 52.43447680109808 0.054707796717203695 0.09581144129939899 -0.9938949766924481 0.7738547376140892 0.6249579163801535 0.10284185833602164 0.0 0.0 0.0 0.0 0.0 0.0
57.37895003388485 26.980645710111155 52.347224765525674 -0.3256829949969276 0.5319071034178561 -0.7816683568518419 0.7738547376140892 0.6249579163801535 0.10284185833602164 0.0 0.0 0.0 0.0 0.0 0.0
57.83456489194474 27.08382193562528 52.08179140341365 -0.5823413717824261 0.7659223639353447 -0.27247285944522365 0.7738547376140892 0.6249579163801535 0.10284185833602164 0.0 0.0 0.0 0.0 0.0 0.0
58.157435015983424 27.36159018809825 51.754247844417726 -0.6177585251992557 0.7089509128547613 0.3402396327679103 0.7738547376140892 0.6249579163801535 0.10284185833602164 0.0 0.0 0.0 0.0 0.0 0.0
58.33948706476514 27.800963823463636 51.5042619204169 -0.41847888652113535 0.38263715695348616 0.8236893999892103 0.7738547376140892 0.6249579163801535 0.10284185833602164 0.0 0.0 0.0 0.0 0.0 0.0
66.09237935462697 18.651620483647246 5.566056320905633 0.8219186571084015 0.047584916005219025 -0.56761377437999 0.5332374872322954 0.2860837387080269 0.7961242846798641 0.0 0.0 0.0 0.0 0.0 0.0
66.46435288680155 18.43184592101607 5.885461917444269 0.5483563792943921 0.5997172117325056 -0.5827903115520487 0.5332374872322954 0.2860837387080269 0.7961242846798641 0.0 0.0 0.0 0.0 0.0 0.0
66.96132427289034 18.348776915669447 6.0720204441270935 0.06646434495669142 0.9240069119855362 -0.3765550656310862 0.5332374872322954 0.2860837387080269 0.7961242846798641 0.0 0.0 0.0 0.0 0.0 0.0
67.4734462085033 18.476335314983842 6.17274323175099 -0.440678605254645 0.8972509378035304 -0.02726025461191024 0.5332374872322954 0.2860837387080269 0.7961242846798641 0.0 0.0 0.0 0.0 0.0 0.0
67.88511544218251 18.808422093802598 6.267252043478355 -0.7804003855763675 0.5296143311142651 0.3323911829014825 0.5332374872322954 0.2860837387080269 0.7961242846798641 0.0 0.0 0.0 0.0 0.0 0.0
68.11889238341425 19.261234476063184 6.437529435806817 -0.8236350118189801 -0.039231614644725875 0.5657616527463812 0.5332374872322954 0.2860837387080269 0.7961242846798641 0.0 0.0 0.0 0.0 0.0 0.0
68.16492169778614 19.705104010531084 6.736772214680532 -0.5539569266285109 -0.5931728140825674 0.5841898116825244 0.5332374872322954 0.2860837387080269 0.7961242846798641 0.0 0.0 0.0 0.0 0.0 0.0
68.08467651330278 20.01375978336465 7.169181079508838 -0.07382134334596083 -0.9217577441298583 0.38067449402768405 0.5332374872322954 0.2860837387080269 0.7961242846798641 0.0 0.0 0.0 0.0 0.0 0.0
67.98760375128091 20.11230084942067 7.688364707228694 0.43436020250076207 -0.9001514962145661 0.03253457155359267 0.5332374872322954 0.2860837387080269 0.7961242846798641 0.0 0.0 0.0 0.0 0.0 0.0
67.98954341108627 20.005652353591273 8.214964591557893 0.7775210453021318 -0.5365626451569114 -0.3279657786027375 0.5332374872322954 0.2860837387080269 0.7961242846798641 0.0 0.0 0.0 0.0 0.0 0.0
68.16871901763297 19.776694385915388 8.666804666335139 0.8252886435345758 0.030875325644886042 -0.5638664461724813 0.5332374872322954 0.2860837387080269 0.7961242846798641 0.0 0.0 0.0 0.0 0.0 0.0
68.53601919644113 19.55477444969175 8.990111366965287 0.5595152879979352 0.5865832440262748 -0.5855448234970583 0.5332374872322954 0.2860837387080269 0.7961242846798641 0.0 0.0 0.0 0.0 0.0 0.0
69.03086090275359 19.46656618240077 9.179943106655085 0.08117271995412291 0.9194383808532346 -0.3847649325877211 0.5332374872322954 0.2860837387080269 0.7961242846798641 0.0 0.0 0.0 0.0 0.0 0.0
69.5442059331337 19.58794392295545 9.282067667854866 -0.4280087215357654 0.9029835046040867 -0.037806410861689205 0.5332374872322954 0.2860837387080269 0.7961242846798641 0.0 0.0 0.0 0.0 0.0 0.0
69.9599863619724 19.91515678179705 9.375574256509145 -0.7745824937900017 0.543470097876742 0.3235153984401802 0.5332374872322954 0.2860837387080269 0.7961242846798641 0.0 0.0 0.0 0.0 0.0 0.0
70.19920068697941 20.366253666549966 9.542826190417289 -0.8268794263247317 -0.022516685369459884 0.5619282989856068 0.5332374872322954 0.2860837387080269 0.7961242846798641 0.0 0.0 0.0 0.0 0.0 0.0
70.2499278207379 20.812217872164425 9.838169697760302 -0.5650310401119272 -0.5799490033849004 0.5868552438062532 0.5332374872322954 0.2860837387080269 0.7961242846798641 0.0 0.0 0.0 0.0 0.0 0.0
70.17185611112414 21.125982684209173 10.267286876394376 -0.08851791494538802 -0.9170489987841586 0.3888260698084629 0.5332374872322954 0.2860837387080269 0.7961242846798641 0.0 0.0 0.0 0.0 0.0 0.0
70.07360674001337 21.230706148126085 10.785036969875721 0.42162464604952 -0.9057467473036889 0.04307537106522451 0.5332374872322954 0.2860837387080269 0.7961242846798641 0.0 0.0 0.0 0.0 0.0 0.0
70.07146672023603 21.12896461249576 11.31260609554675 0.7715849548220506 -0.5503361632444894 -0.3190403813274913 0.5332374872322954 0.2860837387080269 0.7961242846798641 0.0 0.0 0.0 0.0 0.0 0.0
13.582828935314675 3.134007845364297 4.306139825278285 0.5224879712938552 -0.7643248656661922 0.37790715735162916 0.7018652624413085 0.6372024700691523 0.31836797187525684 0.0 0.0 0.0 0.0 0.0 0.0
13.745608755109762 3.3300458546663494 4.779169350038343 0.7071232859785579 -0.6771251244525455 -0.20366203441488964 0.7018652624413085 0.6372024700691523 0.31836797187525684 0.0 0.0 0.0 0.0 0.0 0.0
14.06957735019333 3.371733170543672 5.205774107645292 0.6231106418491303 -0.3326742275310154 -0.70785661425956 0.7018652624413085 0.6372024700691523 0.31836797187525684 0.0 0.0 0.0 0.0 0.0 0.0
14.53558403569261 3.3375873857876894 5.4710229277590345 0.3023678470268467 0.1381651704460221 -0.9431246316155526 0.7018652624413085 0.6372024700691523 0.31836797187525684 0.0 0.0 0.0 0.0 0.0 0.0
15.070515481435676 3.334936355982251 5.521286458420553 -0.13324954820174956 0.5565133101721529 -0.8200838332178385 0.7018652624413085 0.6372024700691523 0.31836797187525684 0.0 0.0 0.0 0.0 0.0 0.0
15.575072688473453 3.4591425527412714 5.38461185349609 -0.5182432122548596 0.7634327389575195 -0.3854794755101564 0.7018652624413085 0.6372024700691523 0.31836797187525684 0.0 0.0 0.0 0.0 0.0 0.0
15.961496338971187 3.757373266367104 5.160067189999959 -0.7063476154079013 0.6803113062981996 0.19557497981697425 0.7018652624413085 0.6372024700691523 0.31836797187525684 0.0 0.0 0.0 0.0 0.0 0.0
16.186908028311432 4.210680963669636 4.980103849306882 -0.6260987499651256 0.33872823417771236 0.702327230472347 0.7018652624413085 0.6372024700691523 0.31836797187525684 0.0 0.0 0.0 0.0 0.0 0.0
16.2696004878969 4.741201772611077 4.9602360228987346 -0.307984501597724 -0.13154335734095596 0.942253623986171 0.7018652624413085 0.6372024700691523 0.31836797187525684 0.0 0.0 0.0 0.0 0.0 0.0
16.282087870652422 5.241737269107629 5.1551549397262875 0.1271382081529231 -0.5518394281181435 0.8242021121071613 0.7018652624413085 0.6372024700691523 0.31836797187525684 0.0 0.0 0.0 0.0 0.0 0.0
16.32355641195681 5.616480950600998 5.537950753942224 0.5139589869887897 -0.7624824738900259 0.3930224379141787 0.7018652624413085 0.6372024700691523 0.31836797187525684 0.0 0.0 0.0 0.0 0.0 0.0
16.48218192051704 5.817416728179591 6.010336045247166 0.7055181537315944 -0.6834456798039474 -0.18747303142714675 0.7018652624413085 0.6372024700691523 0.31836797187525684 0.0 0.0 0.0 0.0 0.0 0.0
16.80163031441954 5.862561041542225 6.439986853139443 0.6290391782372703 -0.34475644535793787 -0.6967443617473632 0.7018652624413085 0.6372024700691523 0.31836797187525684 0.0 0.0 0.0 0.0 0.0 0.0
17.26446820879398 5.82911811233774 6.710814761848315 0.3135777019563933 0.12491152669993658 -0.9413108600952398 0.7018652624413085 0.6372024700691523 0.31836797187525684 0.0 0.0 0.0 0.0 0.0 0.0
17.79878615019611 5.824148769574853 6.76707083038009 -0.12101718603731094 0.5471235213551487 -0.8282576248146193 0.7018652624413085 0.6372024700691523 0.31836797187525684 0.0 0.0 0.0 0.0 0.0 0.0
18.30551822023323 5.943896250720138 6.634525547274209 -0.5096356217559883 0.7614741428300739 -0.40053547013790597 0.7018652624413085 0.6372024700691523 0.31836797187525684 0.0 0.0 0.0 0.0 0.0 0.0
18.696078834255356 6.237221786683356 6.410678191147526 -0.7046349641163572 0.68652800627511 0.17935680624014436 0.7018652624413085 0.6372024700691523 0.31836797187525684 0.0 0.0 0.0 0.0 0.0 0.0
18.926017886035794 6.687041403278619 6.2277152246467535 -0.6319317027405689 0.3507584020000697 0.6911084332416766 0.7018652624413085 0.6372024700691523 0.31836797187525684 0.0 0.0 0.0 0.0 0.0 0.0
19.01190808629276 7.216816408646428 6.202290447249179 -0.31914702215899393 -0.11827018356254519 0.9402964117378789 0.7018652624413085 0.6372024700691523 0.31836797187525684 0.0 0.0 0.0 0.0 0.0 0.0
19.025048712806605 7.719631721949778 6.391206266493723 0.11488694799444425 -0.5423659490177288 0.8322500624972176 0.7018652624413085 0.6372024700691523 0.31836797187525684 0.0 0.0 0.0 0.0 0.0 0.0
92.31306886449181 89.35791119896973 23.860088988369867 -0.9018130255069892 0.4208320284874629 0.09815126502016112 0.4282038123733006 0.8397353718626652 0.3338951936036855 0.0 0.0 0.0 0.0 0.0 0.0
92.39762102416836 89.85389780123852 23.671586137510115 -0.7645700574874108 0.13968378485799662 0.6292225897418516 0.4282038123733006 0.8397353718626652 0.3338951936036855 0.0 0.0 0.0 0.0 0.0 0.0
92.30788941518342 90.38172532666084 23.626514595780534 -0.33685414169868866 -0.19453266402736463 0.9212417325799221 0.4282038123733006 0.8397353718626652 0.3338951936036855 0.0 0.0 0.0 0.0 0.0 0.0
92.14137189399914 90.86520912519714 23.79144013597946 0.218838294422278 -0.45484290143603157 0.8632657388704833 0.4282038123733006 0.8397353718626652 0.3338951936036855 0.0 0.0 0.0 0.0 0.0 0.0
92.02473856891417 91.24501147003946 24.153147128516608 0.691390403711053 -0.5423507160213727 0.4773206579306748 0.4282038123733006 0.8397353718626652 0.3338951936036855 0.0 0.0 0.0 0.0 0.0 0.0
92.06570770810977 91.50118495209959 24.623659380047968 0.901271739198887 -0.42381042596977836 -0.08996652133282243 0.4282038123733006 0.8397353718626652 0.3338951936036855 0.0 0.0 0.0 0.0 0.0 0.0
92.3121217686143 91.66075083422473 25.07366376021071 0.7687448725051512 -0.1442574693598092 -0.6230739149819573 0.4282038123733006 0.8397353718626652 0.3338951936036855 0.0 0.0 0.0 0.0 0.0 0.0
92.73377124699499 91.78743322167021 25.38163842184827 0.34415897601784695 0.1901013117162201 -0.919465111089116 0.4282038123733006 0.8397353718626652 0.3338951936036855 0.0 0.0 0.0 0.0 0.0 0.0
93.23387177478791 91.95744920910296 25.48002098248205 -0.21117866948986708 0.4522374261468181 -0.8665361388566502 0.4282038123733006 0.8397353718626652 0.3338951936036855 0.0 0.0 0.0 0.0 0.0 0.0
93.68583411822588 92.23055273205554 25.380876602997862 -0.6862860077393121 0.5425609813776858 -0.48439559976089813 0.4282038123733006 0.8397353718626652 0.3338951936036855 0.0 0.0 0.0 0.0 0.0 0.0
93.98135754460564 92.62733304778487 25.171314231306646 -0.9006618175584306 0.426756548647305 0.08177492634656375 0.4282038123733006 0.8397353718626652 0.3338951936036855 0.0 0.0 0.0 0.0 0.0 0.0
94.0715750813336 93.12139253220627 24.98039245664918 -0.7728611446245347 0.1488201680968121 0.6168777907311074 0.4282038123733006 0.8397353718626652 0.3338951936036855 0.0 0.0 0.0 0.0 0.0 0.0
93.98561889582629 93.64937557862798 24.93008799379896 -0.351437601298517 -0.1856554824541837 0.9176184687702457 0.4282038123733006 0.8397353718626652 0.3338951936036855 0.0 0.0 0.0 0.0 0.0 0.0
93.81955249804498 94.1350384519826 25.088954689777825 0.20350296248416197 -0.4495975112266977 0.8697405487609111 0.4282038123733006 0.8397353718626652 0.3338951936036855 0.0 0.0 0.0 0.0 0.0 0.0
93.69987460696517 94.51821555850647 25.446078771213163 0.6811293484310166 -0.5427299286146595 0.49143365299078484 0.4282038123733006 0.8397353718626652 0.3338951936036855 0.0 0.0 0.0 0.0 0.0 0.0
93.73546017229197 94.77767736072562 25.91522516931073 0.8999833070335118 -0.4296701721613997 -0.07357710388306035 0.4282038123733006 0.8397353718626652 0.3338951936036855 0.0 0.0 0.0 0.0 0.0 0.0
93.97619696077507 94.93919583368098 26.36759966426305 0.7769185603755002 -0.15337153360183634 -0.610634688848155 0.4282038123733006 0.8397353718626652 0.3338951936036855 0.0 0.0 0.0 0.0 0.0 0.0
94.39403235954155 95.06575326072597 26.680779962678784 0.3586894632452009 0.18119551480836138 -0.9157019462522752 0.4282038123733006 0.8397353718626652 0.3338951936036855 0.0 0.0 0.0 0.0 0.0 0.0
94.89363103274096 95.23361421107285 26.785225973633707 -0.19581175793997113 0.44692335771540725 -0.8728787245550476 0.4282038123733006 0.8397353718626652 0.3338951936036855 0.0 0.0 0.0 0.0 0.0 0.0
95.34859440955671 95.50335135487342 26.690699251861144 -0.6759208184857398 0.542857544866302 -0.49843428164533465 0.4282038123733006 0.8397353718626652 0.3338951936036855 0.0 0.0 0.0 0.0 0.0 0.0
3.7930286835340152 19.05621266118021 58.4413614690415 -0.4499394656776523 0.8471244537398611 0.28272714249192743 0.8753660787875737 0.3556364014869231 0.32750111151796013 0.0 0.0 0.0 0.0 0.0 0.0
4.145164692494845 19.430293408872302 58.28404355042564 -0.46819084369158337 0.45467963963940305 0.7576699539910144 0.8753660787875737 0.3556364014869231 0.32750111151796013 0.0 0.0 0.0 0.0 0.0 0.0
4.390576583904531 19.908018394726707 58.299436521662145 -0.3085686924536106 -0.11050557139825025 0.944761282402817 0.8753660787875737 0.3556364014869231 0.32750111151796013 0.0 0.0 0.0 0.0 0.0 0.0
4.56565023216029 20.36055363210382 58.53018785694933 -0.03171613595909083 -0.6337078683070804 0.7729220040634893 0.8753660787875737 0.3556364014869231 0.32750111151796013 0.0 0.0 0.0 0.0 0.0 0.0
4.733494186226224 20.668635140960685 58.937126787382816 0.25718591085180303 -0.9161539510155017 0.3074367338136654 0.8753660787875737 0.3556364014869231 0.32750111151796013 0.0 0.0 0.0 0.0 0.0 0.0
4.959963676763192 20.767879327856743 59.41414593096263 0.44837873021097246 -0.8505378304559085 -0.27484889168005133 0.8753660787875737 0.3556364014869231 0.32750111151796013 0.0 0.0 0.0 0.0 0.0 0.0
5.288641112960009 20.673243389538168 59.828513261035845 0.4692249734703953 -0.4617881678719232 -0.7527148279961008 0.8753660787875737 0.3556364014869231 0.32750111151796013 0.0 0.0 0.0 0.0 0.0 0.0
5.724278396623587 20.473342823823 60.071299222383146 0.31180480428521584 0.10240254037304579 -0.9446118164356221 0.8753660787875737 0.3556364014869231 0.32750111151796013 0.0 0.0 0.0 0.0 0.0 0.0
6.230991595234932 20.29678492040797 60.09876089045169 0.035924776853758 0.627688811451121 -0.7776349827438882 0.8753660787875737 0.3556364014869231 0.32750111151796013 0.0 0.0 0.0 0.0 0.0 0.0
6.745893847860466 20.263308701313477 59.94896063973545 -0.25360367393468125 0.9145056086616303 -0.31522161774417295 0.8753660787875737 0.3556364014869231 0.32750111151796013 0.0 0.0 0.0 0.0 0.0 0.0
7.202987135032938 20.438294064488364 59.727305611335964 -0.446783848968018 0.8538864354231757 0.2669497100609532 0.8753660787875737 0.3556364014869231 0.32750111151796013 0.0 0.0 0.0 0.0 0.0 0.0
7.5582360297750775 20.807922867485537 59.566501777744456 -0.4702233699507989 0.46886152914757473 0.7477023798527813 0.8753660787875737 0.3556364014869231 0.32750111151796013 0.0 0.0 0.0 0.0 0.0 0.0
7.806297492541332 21.28442867080465 59.576136725166876 -0.3150171709737732 -0.09429171099792397 0.9443904146213923 0.8753660787875737 0.3556364014869231 0.32750111151796013 0.0 0.0 0.0 0.0 0.0 0.0
7.982550781272086 21.739440675634896 59.80104549731753 -0.040130681937579175 -0.6216219536619731 0.782288741509615 0.8753660787875737 0.3556364014869231 0.32750111151796013 0.0 0.0 0.0 0.0 0.0 0.0
8.149656279792454 22.05275393656853 60.20427701271005 0.250002124115923 -0.9127876231650067 0.32298249632805953 0.8753660787875737 0.3556364014869231 0.32750111151796013 0.0 0.0 0.0 0.0 0.0 0.0
8.373749770371376 22.157997230080795 60.68113239830321 0.4451549434051708 -0.8571700136324293 -0.2590301991878957 0.8753660787875737 0.3556364014869231 0.32750111151796013 0.0 0.0 0.0 0.0 0.0 0.0
8.699316344306327 22.06784859201466 61.098941841841096 0.4711859571010372 -0.47589918480251003 -0.7426329912783883 0.8753660787875737 0.3556364014869231 0.32750111151796013 0.0 0.0 0.0 0.0 0.0 0.0
9.132289771988345 21.8692187197986 61.34746807165009 0.31820554788512256 0.08617370094394475 -0.9440970938207327 0.8753660787875737 0.3556364014869231 0.32750111151796013 0.0 0.0 0.0 0.0 0.0 0.0
9.637798164323131 21.690232145424172 61.38078733921659 0.04433353091459885 0.615507756954347 -0.7868829259589216 0.8753660787875737 0.3556364014869231 0.32750111151796013 0.0 0.0 0.0 0.0 0.0 0.0
10.153412386424854 21.65155058361447 61.234736619051446 -0.24638153566749038 0.9110001253568785 -0.33071877854437276 0.8753660787875737 0.3556364014869231 0.32750111151796013 0.0 0.0 0.0 0.0 0.0 0.0
35.963272849659205 52.295515575066936 28.24215076828152 -0.6374963502521388 -0.21319692848910327 0.7403684711669011 0.6929492367585933 0.2613886484550399 0.6719355101008807 0.0 0.0 0.0 0.0 0.0 0.0
36.04221350411507 52.704300559924086 28.581780436225568 -0.31892098604624086 -0.724705926716861 0.6108115293940916 0.6929492367585933 0.2613886484550399 0.6719355101008807 0.0 0.0 0.0 0.0 0.0 0.0
36.048456109766825 52.94788880598322 29.06064461151421 0.12081779283316324 -0.9608870269479305 0.2491970753802898 0.6929492367585933 0.2613886484550399 0.6719355101008807 0.0 0.0 0.0 0.0 0.0 0.0
36.08223913509644 52.97244282401522 29.596313267976782 0.5146558722494726 -0.8320110804671099 -0.20709151392340228 0.6929492367585933 0.2613886484550399 0.6719355101008807 0.0 0.0 0.0 0.0 0.0 0.0
36.23333798269899 52.807339890075475 30.084775407324376 0.7129675812108864 -0.3870402140333834 -0.5847025747021222 0.6929492367585933 0.2613886484550399 0.6719355101008807 0.0 0.0 0.0 0.0 0.0 0.0
36.54695781287212 52.554011127168586 30.439954576370926 0.6404109858880028 0.2049737006789222 -0.7401753516457731 0.6929492367585933 0.2613886484550399 0.6719355101008807 0.0 0.0 0.0 0.0 0.0 0.0
37.00655934742898 52.347406125780964 30.626410750720176 0.3245515499255682 0.7191146795257829 -0.6144431374272498 0.6929492367585933 0.2613886484550399 0.6719355101008807 0.0 0.0 0.0 0.0 0.0 0.0
37.540142418003406 52.30472333821822 30.672804592559398 -0.11461044606613704 0.9600519686645139 -0.25527370235868907 0.6929492367585933 0.2613886484550399 0.6719355101008807 0.0 0.0 0.0 0.0 0.0 0.0
38.04760003379083 52.48088442712063 30.66100878591376 -0.5102300174128443 0.8362494636946547 0.2008784801846411 0.6929492367585933 0.2613886484550399 0.6719355101008807 0.0 0.0 0.0 0.0 0.0 0.0
38.43875070105459 52.84766860758486 30.695003235146864 -0.7120046745534381 0.39474180612175647 0.580713569596739 0.6929492367585933 0.2613886484550399 0.6719355101008807 0.0 0.0 0.0 0.0 0.0 0.0
38.66759988035063 53.30443419517511 30.86137136084172 -0.6432768517478398 -0.19673486332784676 0.7399258649059117 0.6929492367585933 0.2613886484550399 0.6719355101008807 0.0 0.0 0.0 0.0 0.0 0.0
38.74981408105002 53.71635406447951 31.19640561072368 -0.3301573979478165 -0.7134686689676933 0.6180279532365793 0.6929492367585933 0.2613886484550399 0.6719355101008807 0.0 0.0 0.0 0.0 0.0 0.0
38.75676889249878 53.965638728243405 31.672319351992194 0.10839437126991018 -0.9591437987066912 0.2613308892563211 0.6929492367585933 0.2613886484550399 0.6719355101008807 0.0 0.0 0.0 0.0 0.0 0.0
38.78843220428916 53.996286532912606 32.207803477689474 0.505765306584954 -0.8404241632878677 -0.1946501487718814 0.6929492367585933 0.2613886484550399 0.6719355101008807 0.0 0.0 0.0 0.0 0.0 0.0
38.9353847336295 53.83535962311635 32.69891709584954 0.710987545983384 -0.4024133370932886 -0.5766803409047073 0.6929492367585933 0.2613886484550399 0.6719355101008807 0.0 0.0 0.0 0.0 0.0 0.0
39.244406896448005 53.582702580467725 33.0585764121551 0.6460937295848684 0.18848104385523862 -0.7396200299466986 0.6929492367585933 0.2613886484550399 0.6719355101008807 0.0 0.0 0.0 0.0 0.0 0.0
39.700706145254756 53.37300979769647 33.249639319362124 0.3357381032059546 0.7077683250081557 -0.6215657038244777 0.6929492367585933 0.2613886484550399 0.6719355101008807 0.0 0.0 0.0 0.0 0.0 0.0
40.23353690525132 53.32465282688078 33.299016304824775 -0.10217004182264555 0.9581625862351207 -0.2673681747949529 0.6929492367585933 0.2613886484550399 0.6719355101008807 0.0 0.0 0.0 0.0 0.0 0.0
40.743078000999624 53.49470904774602 33.28744670643016 -0.5012620797708174 0.8445348613272119 0.1884069939966738 0.6929492367585933 0.2613886484550399 0.6719355101008807 0.0 0.0 0.0 0.0 0.0 0.0
41.13835638989193 53.85727701682412 33.318824488245326 -0.7099162729590033 0.41005422273119435 0.5726031957720067 0.6929492367585933 0.2613886484550399 0.6719355101008807 0.0 0.0 0.0 0.0 0.0 0.0
98.50080200700924 29.079337630562502 60.50059451691273 -0.47355236131832273 0.8798829410043327 0.039422978317305006 0.8348157149995199 0.4341286168180656 0.33854846927651805 0.0 0.0 0.0 0.0 0.0 0.0
98.87098991568988 29.41681282465312 60.306284178128315 -0.5482319481429523 0.5994362994946104 0.5831962396000089 0.8348157149995199 0.4341286168180656 0.33854846927651805 0.0 0.0 0.0 0.0 0.0 0.0
99.1162083345412 29.890929542074822 60.24491344051102 -0.41462905191870036 0.09125378576641092 0.9054034989375166 0.8348157149995199 0.4341286168180656 0.33854846927651805 0.0 0.0 0.0 0.0 0.0 0.0
99.26691204796131 30.385847562833284 60.38992945896509 -0.12350164664246575 -0.4515975668563848 0.8836328314894103 0.8348157149995199 0.4341286168180656 0.33854846927651805 0.0 0.0 0.0 0.0 0.0 0.0
99.3894635571433 30.777823904017293 60.736369609160725 0.21454609903066066 -0.8228794535217627 0.5261552778053746 0.8348157149995199 0.4341286168180656 0.33854846927651805 0.0 0.0 0.0 0.0 0.0 0.0
99.56092085635004 30.982224847879078 61.20274687148759 0.47108419466255114 -0.8815356779834328 -0.031217462764051702 0.8348157149995199 0.4341286168180656 0.33854846927651805 0.0 0.0 0.0 0.0 0.0 0.0
99.83976181255278 30.98567970620698 61.66200811219513 0.548649528634419 -0.605281759888631 -0.5767301673012705 0.8348157149995199 0.4341286168180656 0.33854846927651805 0.0 0.0 0.0 0.0 0.0 0.0
100.24366744607103 30.851160568323053 61.98980369311951 0.4177737337471242 -0.0990711814407772 -0.9031334388665473 0.8348157149995199 0.4341286168180656 0.33854846927651805 0.0 0.0 0.0 0.0 0.0 0.0
100.7428046153422 30.69405815151242 62.11172997823712 0.1281787126049527 0.4447781952182506 -0.8864212174205515 0.8348157149995199 0.4341286168180656 0.33854846927651805 0.0 0.0 0.0 0.0 0.0 0.0
101.27116012618481 30.638342938296752 62.03159651895244 -0.21011354448963165 0.8196488992190019 -0.5329427553040589 0.8348157149995199 0.4341286168180656 0.33854846927651805 0.0 0.0 0.0 0.0 0.0 0.0
101.75162024794977 30.769466717448346 61.82997874182713 -0.46858015312147633 0.8831212826076521 0.023009569880146873 0.8348157149995199 0.4341286168180656 0.33854846927651805 0.0 0.0 0.0 0.0 0.0 0.0
102.12526750906682 31.101898020757805 61.63360599687999 -0.549025327340094 0.6110811257331942 0.5702201747673917 0.8348157149995199 0.4341286168180656 0.33854846927651805 0.0 0.0 0.0 0.0 0.0 0.0
102.37376442954157 31.573625285905838 61.56721495871309 -0.4208866004882433 0.10688103246110874 0.9007946016875863 0.8348157149995199 0.4341286168180656 0.33854846927651805 0.0 0.0 0.0 0.0 0.0 0.0
102.52632023619181 32.0697160857664 61.7061600783444 -0.1328460172622076 -0.4379249519985201 0.889142098944068 0.8348157149995199 0.4341286168180656 0.33854846927651805 0.0 0.0 0.0 0.0 0.0 0.0
102.64859378902713 32.46598187903957 62.04778516740692 0.2056649889887052 -0.8163559254791639 0.5396896471485563 0.8348157149995199 0.4341286168180656 0.33854846927651805 0.0 0.0 0.0 0.0 0.0 0.0
102.81774868257368 32.67615931341309 62.51243252851832 0.4660404273875625 -0.8846396341270557 -0.014799924728409108 0.8348157149995199 0.4341286168180656 0.33854846927651805 0.0 0.0 0.0 0.0 0.0 0.0
103.09313750620721 32.684683115352115 62.97370624632218 0.5493593156414572 -0.616833955384134 -0.5636667577595057 0.8348157149995199 0.4341286168180656 0.33854846927651805 0.0 0.0 0.0 0.0 0.0 0.0
103.49375280312682 32.552599597752625 63.30649210895897 0.4239674150852096 -0.11468274407701001 -0.898387165512137 0.8348157149995199 0.4341286168180656 0.33854846927651805 0.0 0.0 0.0 0.0 0.0 0.0
103.99101148565526 32.39437414503228 63.43449058894948 0.1375032051809169 0.431038359098201 -0.8917952688542949 0.8348157149995199 0.4341286168180656 0.33854846927651805 0.0 0.0 0.0 0.0 0.0 0.0
104.51961402813124 32.33440389983102 63.35920430934427 -0.20120077130259958 0.8130007830749518 -0.5463954395369285 0.8348157149995199 0.4341286168180656 0.33854846927651805 0.0 0.0 0.0 0.0 0.0 0.0
26.478062841401453 5.2459267037525095 99.68745875055724 0.8785377145264863 -0.46387324860300666 -0.1139872509760246 0.47574867143558025 0.8283220960977111 0.2958812375659777 0.0 0.0 0.0 0.0 0.0 0.0
26.74855361774761 5.40537282394965 100.12345964136378 0.7367683547881952 -0.19153480702729175 -0.6484495424315714 0.47574867143558025 0.8283220960977111 0.2958812375659777 0.0 0.0 0.0 0.0 0.0 0.0
27.186990763750185 5.521158578858267 100.41164643856956 0.31508837895587355 0.1535709100292939 -0.9365550112191673 0.47574867143558025 0.8283220960977111 0.2958812375659777 0.0 0.0 0.0 0.0 0.0 0.0
27.697252315650022 5.671950827540177 100.48634549149916 -0.2262989400385504 0.44033247079705773 -0.868847572879839 0.47574867143558025 0.8283220960977111 0.2958812375659777 0.0 0.0 0.0 0.0 0.0 0.0
28.155929017047566 5.9231168767953575 100.3629907128525 -0.681711508195818 0.5598043639427046 -0.471050415246699 0.47574867143558025 0.8283220960977111 0.2958812375659777 0.0 0.0 0.0 0.0 0.0 0.0
28.45920955870179 6.301890348425546 100.13225997722871 -0.878130476780886 0.4665972197966699 0.10570667068162017 0.47574867143558025 0.8283220960977111 0.2958812375659777 0.0 0.0 0.0 0.0 0.0 0.0
28.5623202305434 6.787024670989889 99.92562508051289 -0.7409329956782578 0.1961219907603797 0.6423040250967053 0.47574867143558025 0.8283220960977111 0.2958812375659777 0.0 0.0 0.0 0.0 0.0 0.0
28.496535202706657 7.316865007519048 99.86540340652796 -0.3222426817783816 -0.1488632615506035 0.9348793416269257 0.47574867143558025 0.8283220960977111 0.2958812375659777 0.0 0.0 0.0 0.0 0.0 0.0
28.35729494541915 7.812771958893757 100.01828750788292 0.21887301453943203 -0.43729287193750466 0.872278365924016 0.47574867143558025 0.8283220960977111 0.2958812375659777 0.0 0.0 0.0 0.0 0.0 0.0
28.267946798682758 8.208997986350873 100.37000749019654 0.6768351932720578 -0.559587609128416 0.47828425529001084 0.47574867143558025 0.8283220960977111 0.2958812375659777 0.0 0.0 0.0 0.0 0.0 0.0
28.33288325554938 8.477666000699717 100.83075238355275 0.8776563659996582 -0.4692856578055413 -0.09741804041498348 0.47574867143558025 0.8283220960977111 0.2958812375659777 0.0 0.0 0.0 0.0 0.0 0.0
28.59788150866112 8.639360334585694 101.2692908315311 0.7450412116520604 -0.20069423904455444 -0.636109593823547 0.47574867143558025 0.8283220960977111 0.2958812375659777 0.0 0.0 0.0 0.0 0.0 0.0
29.032711929411708 8.755306410366611 101.56282807758215 0.3293724445730588 0.1441442765581981 -0.9331324773532866 0.47574867143558025 0.8283220960977111 0.2958812375659777 0.0 0.0 0.0 0.0 0.0 0.0
29.54262280926644 8.904110178524476 101.64365774605947 -0.21143042101285525 0.434219971532705 -0.8756427315934648 0.47574867143558025 0.8283220960977111 0.2958812375659777 0.0 0.0 0.0 0.0 0.0 0.0
30.00433811799862 9.151894402855973 101.52488462631793 -0.671907334727856 0.5593282395511603 -0.4854816721355296 0.47574867143558025 0.8283220960977111 0.2958812375659777 0.0 0.0 0.0 0.0 0.0 0.0
30.312892128637998 9.527177516992444 101.29544594413738 -0.877115418288175 0.471938357894657 0.08912199138739978 0.47574867143558025 0.8283220960977111 0.2958812375659777 0.0 0.0 0.0 0.0 0.0 0.0
30.421507652080106 10.010038994660563 101.08632262269782 -0.7490926898530517 0.20525120368540598 0.6298667203420205 0.47574867143558025 0.8283220960977111 0.2958812375659777 0.0 0.0 0.0 0.0 0.0 0.0
30.359367473299976 10.539687490667012 101.02077743997901 -0.3364771243808648 -0.13941431442105612 0.9313145514287278 0.47574867143558025 0.8283220960977111 0.2958812375659777 0.0 0.0 0.0 0.0 0.0 0.0
30.220527323429963 11.0375564893145 101.16752543856222 0.2039717262411319 -0.43111400359592267 0.8789404136787141 0.47574867143558025 0.8283220960977111 0.2958812375659777 0.0 0.0 0.0 0.0 0.0 0.0
30.128182534974595 11.437153037277279 101.51462793209942 0.6669283078387195 -0.559026274962936 0.49264211767209654 0.47574867143558025 0.8283220960977111 0.2958812375659777 0.0 0.0 0.0 0.0 0.0 0.0
66.46155710383483 27.174954237648365 80.64369074881634 0.9461251423413863 0.12442092004529244 -0.2989425524822024 0.20461717674463006 0.48579657641941193 0.8497843828408683 0.0 0.0 0.0 0.0 0.0 0.0
66.73743618208947 27.07409310643484 81.09358281199378 0.6192469702781587 0.6080985731307624 -0.49673867894261287 0.20461717674463006 0.48579657641941193 0.8497843828408683 0.0 0.0 0.0 0.0 0.0 0.0
67.15447262670364 27.111848064100325 81.43024327767635 0.05710652094903105 0.8607494114178889 -0.5058154762449011 0.20461717674463006 0.48579657641941193 0.8497843828408683 0.0 0.0 0.0 0.0 0.0 0.0
67.58452650456499 27.345810877182036 81.6516030896334 -0.526729650458748 0.7863871573446378 -0.3227245173379696 0.20461717674463006 0.48579657641941193 0.8497843828408683 0.0 0.0 0.0 0.0 0.0 0.0
67.89451234203071 27.759030667524165 81.79939783770871 -0.9104524212071211 0.4132632745040245 -0.01702511862815215 0.20461717674463006 0.48579657641941193 0.8497843828408683 0.0 0.0 0.0 0.0 0.0 0.0
67.99696052143484 28.266453834292832 81.94331170945705 -0.9482790951861785 -0.11686623571415519 0.29514240729330427 0.20461717674463006 0.48579657641941193 0.8497843828408683 0.0 0.0 0.0 0.0 0.0 0.0
67.88324845125364 28.74723733895326 82.15450330223455 -0.6258386865230132 -0.6025963090852633 0.49518039816613113 0.20461717674463006 0.48579657641941193 0.8497843828408683 0.0 0.0 0.0 0.0 0.0 0.0
67.62687643278747 29.09065899599698 82.47857128235489 -0.06563169738490929 -0.859389969761862 0.5070910768008864 0.20461717674463006 0.48579657641941193 0.8497843828408683 0.0 0.0 0.0 0.0 0.0 0.0
67.3555436668373 29.238182682392736 82.91823068938766 0.5195098708931852 -0.7896870126918603 0.3263493772482991 0.20461717674463006 0.48579657641941193 0.8497843828408683 0.0 0.0 0.0 0.0 0.0 0.0
67.20263319230364 29.20569718939785 83.43228144723275 0.9072809534771082 -0.41996875663744726 0.021622093008465917 0.20461717674463006 0.48579657641941193 0.8497843828408683 0.0 0.0 0.0 0.0 0.0 0.0
67.25653743966272 29.07747980511312 83.95126096185948 0.9503608329064603 0.10930265156670214 -0.29131978586740054 0.20461717674463006 0.48579657641941193 0.8497843828408683 0.0 0.0 0.0 0.0 0.0 0.0
67.52707646878598 28.974177963692235 84.40383412213133 0.632382742728856 0.5970481549977807 -0.49358440748516025 0.20461717674463006 0.48579657641941193 0.8497843828408683 0.0 0.0 0.0 0.0 0.0 0.0
67.94176716401223 29.00697326798924 84.74389470118629 0.0741518757129282 0.8579650822323741 -0.5083280604080904 0.20461717674463006 0.48579657641941193 0.8497843828408683 0.0 0.0 0.0 0.0 0.0 0.0
68.37336078164043 29.23534173977702 84.96808188287666 -0.5122505286395898 0.7929267303156685 -0.32994938439003824 0.20461717674463006 0.48579657641941193 0.8497843828408683 0.0 0.0 0.0 0.0 0.0 0.0
68.68818687514727 29.644457884689736 85.11705709201345 -0.9040403927898073 0.4266422565240768 -0.02621742078268381 0.20461717674463006 0.48579657641941193 0.8497843828408683 0.0 0.0 0.0 0.0 0.0 0.0
68.79693693267197 30.150827145401433 85.26005603925789 -0.9523701969698448 -0.10173074359915009 0.28747497931191246 0.20461717674463006 0.48579657641941193 0.8497843828408683 0.0 0.0 0.0 0.0 0.0 0.0
68.68859417383105 30.634006879908743 85.4685849170819 -0.6388786405404706 -0.5914545333817293 0.4919508284405695 0.20461717674463006 0.48579657641941193 0.8497843828408683 0.0 0.0 0.0 0.0 0.0 0.0
68.43461900877656 30.98236453492154 85.7892540017282 -0.08266640708852094 -0.8564748573401276 0.509526332865422 0.20461717674463006 0.48579657641941193 0.8497843828408683 0.0 0.0 0.0 0.0 0.0 0.0
68.16180003362516 31.13548871925464 86.22606962998343 0.5049521765249798 -0.796106063499023 0.3335242646087049 0.20461717674463006 0.48579657641941193 0.8497843828408683 0.0 0.0 0.0 0.0 0.0 0.0
68.00408492300096 31.10714050136362 86.73891212485057 0.9007309859264606 -0.4332832659510596 0.030810751998803895 0.20461717674463006 0.48579657641941193 0.8497843828408683 0.0 0.0 0.0 0.0 0.0 0.0
37.27174707886496 9.941457789517338 47.24085909287476 0.20973451826399972 -0.48424653095313536 0.8494214084354257 0.6686632894350257 0.7048720851497506 0.23673772183277844 0.0 0.0 0.0 0.0 0.0 0.0
37.30529041164797 10.343357555099459 47.595875325418014 0.5881958183106847 -0.6961912129072965 0.41151363816098685 0.6686632894350257 0.7048720851497506 0.23673772183277844 0.0 0.0 0.0 0.0 0.0 0.0
37.4729129997225 10.586560511793673 48.04469610472836 0.743191692871489 -0.6436412133816145 -0.18273504339193875 0.6686632894350257 0.7048720851497506 0.23673772183277844 0.0 0.0 0.0 0.0 0.0 0.0
37.80994615757166 10.683045433645349 48.45186242514775 0.6158366178079334 -0.346561155785035 -0.7075596267932664 0.6686632894350257 0.7048720851497506 0.23673772183277844 0.0 0.0 0.0 0.0 0.0 0.0
38.28735929182746 10.700531729131264 48.69774050637622 0.2545149153999691 0.0821832790878128 -0.9635704782097269 0.6686632894350257 0.7048720851497506 0.23673772183277844 0.0 0.0 0.0 0.0 0.0 0.0
38.822789109057 10.736751705671146 48.72397266677799 -0.20350125863090565 0.47970491220404804 -0.8535047949150282 0.6686632894350257 0.7048720851497506 0.23673772183277844 0.0 0.0 0.0 0.0 0.0 0.0
39.31183080797845 10.882320432041878 48.55564838232332 -0.5842039021482953 0.6949786289355344 -0.4191783701929174 0.6686632894350257 0.7048720851497506 0.23673772183277844 0.0 0.0 0.0 0.0 0.0 0.0
39.667703209023195 11.186309558745998 48.2917723751937 -0.7429577158711753 0.6462183451113728 0.17440092565409626 0.6686632894350257 0.7048720851497506 0.23673772183277844 0.0 0.0 0.0 0.0 0.0 0.0
39.85421837535791 11.637604177551546 48.06765106455447 -0.6194494717440018 0.35194890778483334 0.7017223940171364 0.6686632894350257 0.7048720851497506 0.23673772183277844 0.0 0.0 0.0 0.0 0.0 0.0
39.89953001511758 12.169125560960735 48.00348739571117 -0.2606020166584106 -0.07603180388110779 0.9624477927202886 0.6686632894350257 0.7048720851497506 0.23673772183277844 0.0 0.0 0.0 0.0 0.0 0.0
39.8854374169801 12.68331549228288 48.158713731501926 0.19725250158907856 -0.4751267620686447 0.8575231837000196 0.6686632894350257 0.7048720851497506 0.23673772183277844 0.0 0.0 0.0 0.0 0.0 0.0
39.91630853278642 13.089200263241594 48.5094125039991 0.5801674965969189 -0.693713119650461 0.4268111801690424 0.6686632894350257 0.7048720851497506 0.23673772183277844 0.0 0.0 0.0 0.0 0.0 0.0
40.079428847696995 13.33695310674827 48.95740289844545 0.7426671597643193 -0.6487462648122158 -0.16605352661054498 0.6686632894350257 0.7048720851497506 0.23673772183277844 0.0 0.0 0.0 0.0 0.0 0.0
40.411840165043905 13.436824218778172 49.36754138627604 0.6230151522044997 -0.35730985751267924 -0.6958317223638735 0.6686632894350257 0.7048720851497506 0.23673772183277844 0.0 0.0 0.0 0.0 0.0 0.0
40.88626780593903 13.455246537545287 49.61906501109941 0.2666692720643209 0.0698745385581671 -0.9612518131051667 0.6686632894350257 0.7048720851497506 0.23673772183277844 0.0 0.0 0.0 0.0 0.0 0.0
41.42148271579198 13.489596759575344 49.651471254879624 -0.19098872300556222 0.4705124291907806 -0.8614762687745364 0.6686632894350257 0.7048720851497506 0.23673772183277844 0.0 0.0 0.0 0.0 0.0 0.0
41.91316174022634 13.631200304644132 49.48750395608629 -0.5760869090444678 0.6923947814255056 -0.43441148682133124 0.6686632894350257 0.7048720851497506 0.23673772183277844 0.0 0.0 0.0 0.0 0.0 0.0
42.273521735617415 13.930635261925097 49.22451254520326 -0.7423200466778955 0.6512247799732692 0.15769348194803964 0.6686632894350257 0.7048720851497506 0.23673772183277844 0.0 0.0 0.0 0.0 0.0 0.0
42.46466985301113 14.378516928291788 48.99746736849212 -0.626533387649057 0.3626435967114933 0.6898880604309304 0.6686632894350257 0.7048720851497506 0.23673772183277844 0.0 0.0 0.0 0.0 0.0 0.0
42.51299966497634 14.909063213939458 48.927682196863564 -0.2727162195727124 -0.06371195201858595 0.959982630442839 0.6686632894350257 0.7048720851497506 0.23673772183277844 0.0 0.0 0.0 0.0 0.0 0.0
93.4422214138195 18.064450538136803 87.40587279286075 -0.24740879953430536 0.9338392337102988 -0.25832764369373207 0.5298884500515592 0.35362022074793303 0.7708248633640067 0.0 0.0 0.0 0.0 0.0 0.0
93.90594466993178 18.327649456614612 87.47199520336646 -0.6760628344003378 0.7248877476981624 0.13219983804705163 0.5298884500515592 0.35362022074793303 0.7708248633640067 0.0 0.0 0.0 0.0 0.0 0.0
94.21555938167018 18.75608655998884 87.56825257111468 -0.8478692953098631 0.24053928685865672 0.47250239105033653 0.5298884500515592 0.35362022074793303 0.7708248633640067 0.0 0.0 0.0 0.0 0.0 0.0
94.33190226086442 19.23935460137108 87.77221687377013 -0.6975560353125074 -0.33519407066086615 0.6332933858748996 0.5298884500515592 0.35362022074793303 0.7708248633640067 0.0 0.0 0.0 0.0 0.0 0.0
94.28923721986055 19.64621514379928 88.12054042366236 -0.2822295749849552 -0.783581596590321 0.5534856353048156 0.5298884500515592 0.35362022074793303 0.7708248633640067 0.0 0.0 0.0 0.0 0.0 0.0
94.18223793835851 19.874458236629284 88.59503104153778 0.2403206195062416 -0.934273373189453 0.26339943809609323 0.5298884500515592 0.35362022074793303 0.7708248633640067 0.0 0.0 0.0 0.0 0.0 0.0
94.1300197496346 19.8897336846438 89.12956356961509 0.671568992700527 -0.730019075096103 -0.12675660944909523 0.5298884500515592 0.35362022074793303 0.7708248633640067 0.0 0.0 0.0 0.0 0.0 0.0
94.23088573392772 19.738601261520078 89.63520192458006 0.8476770775330897 -0.24841832510568693 -0.46875570180707776 0.5298884500515592 0.35362022074793303 0.7708248633640067 0.0 0.0 0.0 0.0 0.0 0.0
94.52497973471672 19.53084187337202 90.0339874025687 0.7017384682058775 0.3275606999252875 -0.6326666658711563 0.5298884500515592 0.35362022074793303 0.7708248633640067 0.0 0.0 0.0 0.0 0.0 0.0
94.97903504141348 19.39774995707864 90.28855649416512 0.2891976823657283 0.779093938531793 -0.5562169859482098 0.5298884500515592 0.35362022074793303 0.7708248633640067 0.0 0.0 0.0 0.0 0.0 0.0
95.49901296890512 19.44225252858781 90.41633590631325 -0.23321413813256403 0.934636364134052 -0.2684511736114521 0.5298884500515592 0.35362022074793303 0.7708248633640067 0.0 0.0 0.0 0.0 0.0 0.0
95.96582972627135 19.699805488709714 90.48292186498982 -0.6670240084218377 0.7350948087150907 0.12130372784457001 0.5298884500515592 0.35362022074793303 0.7708248633640067 0.0 0.0 0.0 0.0 0.0 0.0
96.28059833992988 20.124923333608013 90.57715901224539 -0.8474203058649478 0.25627844533546923 0.4649733150022638 0.5298884500515592 0.35362022074793303 0.7708248633640067 0.0 0.0 0.0 0.0 0.0 0.0
96.40219746820237 20.608459858184347 90.77738684128613 -0.7058674609980033 -0.31990238417420724 0.6319917658513371 0.5298884500515592 0.35362022074793303 0.7708248633640067 0.0 0.0 0.0 0.0 0.0 0.0
96.36289408653023 21.019074624222426 91.12167721323834 -0.2961437662233155 -0.7745469494534615 0.5589059785146412 0.5298884500515592 0.35362022074793303 0.7708248633640067 0.0 0.0 0.0 0.0 0.0 0.0
96.25608472402931 21.25313138876143 91.59337022057896 0.22608989659934176 -0.9349281789009309 0.2734824655305883 0.5298884500515592 0.35362022074793303 0.7708248633640067 0.0 0.0 0.0 0.0 0.0 0.0
96.20081256057213 21.274071245502416 92.12740356454242 0.6624282276824179 -0.7401145620183601 -0.1158416084915241 0.5298884500515592 0.35362022074793303 0.7708248633640067 0.0 0.0 0.0 0.0 0.0 0.0
96.29654093245848 21.126301964543575 92.63503081020527 0.8470989998595925 -0.2641190489694175 -0.4611555186792962 0.5298884500515592 0.35362022074793303 0.7708248633640067 0.0 0.0 0.0 0.0 0.0 0.0
96.58536554801685 20.91832673806164 93.03753764087489 0.7099426992500968 0.3122197066180192 -0.6312687372116941 0.5298884500515592 0.35362022074793303 0.7708248633640067 0.0 0.0 0.0 0.0 0.0 0.0
97.03602162420765 20.78152200352729 93.29614674303421 0.30306729758653705 0.7699409756261484 -0.5615524082269175 0.5298884500515592 0.35362022074793303 0.7708248633640067 0.0 0.0 0.0 0.0 0.0 0.0
