           0   0.000000
       10000  -0.681664
       20000   0.000000
       30000   0.000000
       40000  -0.612928
       50000  -0.000000
       60000   0.000000
       70000   0.000000
       80000   0.000000
       90000  -2.527547
      100000   0.000000
      110000  -0.000020
      120000  -0.000018
      130000   0.000000
      140000   0.000000
      150000   0.000000
      160000   0.000000
      170000   0.000000
      180000  -0.667326
      190000  -0.000000
      200000  -0.452455
