           0   0.000000
       10000  -2.191655
       20000  -2.104227
       30000   0.000000
       40000  -1.886433
       50000   0.000000
       60000  -1.784818
       70000  -3.755323
       80000  -3.550704
       90000  -4.735595
      100000  -3.955986
      110000  -3.750091
      120000  -4.059283
      130000  -6.366556
      140000  -2.903179
      150000  -3.302853
      160000  -4.068029
      170000  -6.494252
      180000  -5.559600
      190000  -5.131117
      200000  -3.471858
