           0   0.000000
       10000  -2.500540
       20000  -1.589391
       30000  -1.344639
       40000  -0.565895
       50000   0.000000
       60000   0.000000
       70000  -1.654674
       80000  -0.843943
       90000  -1.734564
      100000  -1.985181
      110000  -1.864660
      120000  -0.182550
      130000  -1.297224
      140000  -1.333177
      150000  -3.234625
      160000  -4.656817
      170000  -3.782325
      180000  -3.476167
      190000  -4.086208
      200000  -3.157805
