           0   0.000000
       10000   0.000000
       20000  -0.031824
       30000  -0.482822
       40000   0.000000
       50000  -0.000153
       60000  -0.527387
       70000   0.000000
       80000   0.000000
       90000   0.000000
      100000  -0.059629
      110000   0.000000
      120000   0.000000
      130000  -0.449007
      140000  -0.000617
      150000   0.000000
      160000  -0.821596
      170000  -2.776580
      180000   0.000000
      190000  -1.339818
      200000  -4.036137
