           0   0.000000
       10000   0.000000
       20000  -1.415893
       30000  -3.587912
       40000  -5.521478
       50000  -2.272492
       60000  -0.000000
       70000  -1.547125
       80000  -0.160904
       90000  -2.605210
      100000  -8.801475
      110000  -5.328765
      120000  -5.040394
      130000  -6.976220
      140000  -9.119798
      150000  -6.373819
      160000  -6.754864
      170000  -4.061986
      180000  -3.071065
      190000  -4.314544
      200000  -6.513924
