#id1 id2 FENE BEXC STCK NEXC HB CRSTCK CXSTCK total, t = 200000
0 1 0.00255089 0 -1.35928 0 0 0 0 -1.35673
1 2 0.00657028 0 -1.14789 0 0 0 0 -1.14132
2 3 0.0230393 0 0 0 0 0 0 0.0230393
3 4 0.134689 0 0 0 0 0 0 0.134689
4 5 0.00749351 0 -1.11218 0 0 0 0 -1.10469
5 6 0.0128666 0 -0.497885 0 0 0 0 -0.485019
6 7 0.104961 0 0 0 0 0 0 0.104961
7 8 0.0853883 0 0 0 0 0 0 0.0853883
8 9 0.026924 0 -1.12237 0 0 0 0 -1.09545
9 10 0.00488688 0 -0.898277 0 0 0 0 -0.893391
10 11 0.00143264 0 -1.33632 0 0 0 0 -1.33489
11 12 0.014442 0 -1.35032 0 0 0 0 -1.33587
12 13 0.000936124 0 -1.15988 0 0 0 0 -1.15895
13 14 0.0138211 0 -1.28305 0 0 0 0 -1.26923
14 15 0.0905846 0 -1.1183 0 0 0 0 -1.02771
15 16 0.00748346 0 0 0 0 0 0 0.00748346
16 17 0.0164215 0 0 0 0 0 0 0.0164215
17 18 0.164656 0 -0 0 0 0 0 0.164656
18 19 0.189914 0 -1.18388 0 0 0 0 -0.993963
20 21 0.0122081 0 0 0 0 0 0 0.0122081
21 22 0.0042678 0 0 0 0 0 0 0.0042678
22 23 0.0071789 0 -8.95936e-05 0 0 0 0 0.00708931
23 24 0.0221961 0 0 0 0 0 0 0.0221961
24 25 0.00171429 0 0 0 0 0 0 0.00171429
25 26 0.175734 0 -1.27586 0 0 0 0 -1.10013
26 27 0.157537 0 -0.95044 0 0 0 0 -0.792903
27 28 0.0389353 0 -0.695033 0 0 0 0 -0.656098
28 29 0.0601739 0 -0.838446 0 0 0 0 -0.778272
29 30 0.058305 0 -1.14516 0 0 0 0 -1.08685
30 31 0.0510916 0 -1.32376 0 0 0 0 -1.27267
31 32 0.111943 0 -1.30277 0 0 0 0 -1.19082
32 33 0.056022 0 -1.06934 0 0 0 0 -1.01332
33 34 0.00332816 0 0 0 0 0 0 0.00332816
34 35 0.00552156 0 -0.856405 0 0 0 0 -0.850883
35 36 0.0309859 0 0 0 0 0 0 0.0309859
36 37 0.193856 0 0 0 0 0 0 0.193856
37 38 0.0137275 0 -0 0 0 0 0 0.0137275
38 39 0.0782327 0 0 0 0 0 0 0.0782327
40 41 0.0157484 0 -1.14325 0 0 0 0 -1.1275
41 42 0.0773772 0 -1.26253 0 0 0 0 -1.18516
42 43 0.0361069 0 -1.24201 0 0 0 0 -1.2059
43 44 0.0778343 0 0 0 0 0 0 0.0778343
44 45 0.0128227 0 -1.28442 0 0 0 0 -1.27159
45 46 0.223597 0 0 0 0 0 0 0.223597
46 47 0.0489669 0 -1.15718 0 0 0 0 -1.10821
47 48 0.114144 0 -1.18397 0 0 0 0 -1.06983
48 49 0.0370627 0 -1.1647 0 0 0 0 -1.12764
49 50 0.205375 0 0 0 0 0 0 0.205375
50 51 0.00607504 0 0 0 0 0 0 0.00607504
51 52 0.00501298 0 0 0 0 0 0 0.00501298
52 53 0.0665774 0 0 0 0 0 0 0.0665774
53 54 0.039434 0 -0.854612 0 0 0 0 -0.815178
54 55 0.0631833 0 -1.30902 0 0 0 0 -1.24584
55 56 0.000893223 0 -1.04415 0 0 0 0 -1.04326
56 57 0.0917786 0 -1.05134 0 0 0 0 -0.959559
57 58 0.0148819 0 0 0 0 0 0 0.0148819
58 59 0.000115626 0 -1.4584 0 0 0 0 -1.45828
60 61 0.00269295 0 0 0 0 0 0 0.00269295
61 62 0.127128 0 -1.00244 0 0 0 0 -0.875313
62 63 0.248035 0 -1.27821 0 0 0 0 -1.03017
63 64 2.2252e-07 0 -1.37205 0 0 0 0 -1.37205
64 65 0.049022 0 -0.920535 0 0 0 0 -0.871513
65 66 0.00971985 0 -1.23544 0 0 0 0 -1.22572
66 67 0.052637 0 0 0 0 0 0 0.052637
67 68 0.0545353 0 -1.1308 0 0 0 0 -1.07626
68 69 0.0188795 0 0 0 0 0 0 0.0188795
69 70 0.0264183 0 0 0 0 0 0 0.0264183
70 71 0.0809036 0 -1.11624 0 0 0 0 -1.03534
71 72 0.00705035 0 -0.635877 0 0 0 0 -0.628826
72 73 0.000281213 0 0 0 0 0 0 0.000281213
73 74 0.0533417 0 -0.700756 0 0 0 0 -0.647415
74 75 0.0703783 0 -1.18939 0 0 0 0 -1.11901
75 76 0.0424952 0 -0.849423 0 0 0 0 -0.806928
76 77 0.147893 0 -1.41544 0 0 0 0 -1.26754
77 78 0.00271439 0 -1.41302 0 0 0 0 -1.4103
78 79 0.0575438 0 -1.35536 0 0 0 0 -1.29781
80 81 0.0425378 0 -1.28265 0 0 0 0 -1.24011
81 82 0.00381494 0 -1.26052 0 0 0 0 -1.25671
82 83 0.0115726 0 -0.684117 0 0 0 0 -0.672544
83 84 0.174025 0 -0.940978 0 0 0 0 -0.766952
84 85 0.00804041 0 -1.21254 0 0 0 0 -1.2045
85 86 0.0315745 0 -0.921591 0 0 0 0 -0.890017
86 87 0.019113 0 -1.15214 0 0 0 0 -1.13303
87 88 0.040582 0 0 0 0 0 0 0.040582
88 89 0.0685751 0 -1.31196 0 0 0 0 -1.24339
89 90 0.0290021 0 -1.25287 0 0 0 0 -1.22387
90 91 0.00224983 0 0 0 0 0 0 0.00224983
91 92 0.0119346 0 -1.11186 0 0 0 0 -1.09992
92 93 0.0028345 0 -1.38424 0 0 0 0 -1.38141
93 94 0.00090819 0 -1.04218 0 0 0 0 -1.04127
94 95 0.000651611 0 0 0 0 0 0 0.000651611
95 96 0.141342 0 -1.07158 0 0 0 0 -0.930237
96 97 0.0118216 0 -0.664617 0 0 0 0 -0.652795
97 98 0.00889493 0 -0 0 0 0 0 0.00889493
96 99 0 0 0 0 0 -0 -7.01974e-17 -7.01974e-17
98 99 0.0417876 0 -1.05758 0 0 0 0 -1.01579
100 101 0.162257 0 -0.545684 0 0 0 0 -0.383427
101 102 0.0288587 0 -1.34565 0 0 0 0 -1.3168
102 103 0.0553474 0 -1.26596 0 0 0 0 -1.21061
103 104 0.00670241 0 -1.06785 0 0 0 0 -1.06115
104 105 0.119936 0 -0.895594 0 0 0 0 -0.775658
105 106 0.0345696 0 -1.05067 0 0 0 0 -1.0161
106 107 0.00237695 0 -1.32798 0 0 0 0 -1.32561
107 108 0.0875899 0 -0.641935 0 0 0 0 -0.554345
108 109 0.0261778 0 0 0 0 0 0 0.0261778
109 110 0.00821387 0 0 0 0 0 0 0.00821387
110 111 0.00535583 0 0 0 0 0 0 0.00535583
111 112 0.137159 0 0 0 0 0 0 0.137159
112 113 0.0740723 0 -0.880377 0 0 0 0 -0.806305
113 114 0.0486533 0 -1.26171 0 0 0 0 -1.21306
114 115 0.0862809 0 -1.34349 0 0 0 0 -1.25721
115 116 0.0355686 0 -1.20626 0 0 0 0 -1.1707
116 117 0.0507378 0 0 0 0 0 0 0.0507378
117 118 0.025924 0 0 0 0 0 0 0.025924
118 119 0.012181 0 -1.34525 0 0 0 0 -1.33307
120 121 0.0353474 0 0 0 0 0 0 0.0353474
121 122 6.30282e-06 0 -0.995479 0 0 0 0 -0.995472
122 123 0.00025676 0 -1.2595 0 0 0 0 -1.25924
123 124 0.0866666 0 0 0 0 0 0 0.0866666
124 125 0.0418539 0 -1.23821 0 0 0 0 -1.19636
125 126 0.0488997 0 0 0 0 0 0 0.0488997
126 127 0.10587 0 0 0 0 0 0 0.10587
127 128 0.0227364 0 -1.07899 0 0 0 0 -1.05626
128 129 0.172464 0 -1.40911 0 0 0 0 -1.23665
129 130 0.0353562 0 -0.971704 0 0 0 0 -0.936348
130 131 0.050471 0 -0.962504 0 0 0 0 -0.912033
131 132 0.00133997 0 -1.31359 0 0 0 0 -1.31225
132 133 0.0226846 0 -1.43519 0 0 0 0 -1.41251
133 134 0.00303462 0 -0 0 0 0 0 0.00303462
134 135 0.0620971 0 0 0 0 0 0 0.0620971
135 136 0.00269946 0 0 0 0 0 0 0.00269946
136 137 0.0481132 0 -0 0 0 0 0 0.0481132
137 138 3.97343e-05 0 0 0 0 0 0 3.97343e-05
138 139 0.127627 0 -1.2499 0 0 0 0 -1.12227
140 141 0.000812154 0 0 0 0 0 0 0.000812154
141 142 0.00873063 0 -1.21335 0 0 0 0 -1.20462
142 143 0.10937 0 -1.04453 0 0 0 0 -0.935158
143 144 0.000275119 0 -1.32132 0 0 0 0 -1.32105
144 145 0.00737872 0 0 0 0 0 0 0.00737872
145 146 0.0485838 0 -1.07995 0 0 0 0 -1.03136
146 147 0.0034202 0 -1.31681 0 0 0 0 -1.31339
147 148 0.00165242 0 -1.3124 0 0 0 0 -1.31075
148 149 0.00866325 0 -1.40703 0 0 0 0 -1.39836
149 150 1.70749e-05 0 -1.23305 0 0 0 0 -1.23303
150 151 0.0980546 0 -1.19423 0 0 0 0 -1.09617
151 152 0.00999328 0 -1.39955 0 0 0 0 -1.38955
152 153 0.0779701 0 0 0 0 0 0 0.0779701
153 154 0.0381045 0 -1.32444 0 0 0 0 -1.28634
154 155 0.0159089 0 -0.0687165 0 0 0 0 -0.0528075
155 156 0.0214662 0 -1.4314 0 0 0 0 -1.40993
156 157 0.0136647 0 -1.2649 0 0 0 0 -1.25123
157 158 9.4552e-05 0 -1.01035 0 0 0 0 -1.01025
158 159 0.326202 0 -1.36452 0 0 0 0 -1.03831
160 161 0.0525463 0 -1.23222 0 0 0 0 -1.17967
161 162 0.00563753 0 -1.35679 0 0 0 0 -1.35115
162 163 0.00757823 0 -1.14073 0 0 0 0 -1.13315
163 164 0.044242 0 -1.11694 0 0 0 0 -1.07269
164 165 0.0966783 0 0 0 0 0 0 0.0966783
165 166 0.0690179 0 0 0 0 0 0 0.0690179
166 167 0.00818472 0 -1.33344 0 0 0 0 -1.32526
167 168 0.0137731 0 -0 0 0 0 0 0.0137731
168 169 0.760751 0 -1.34073 0 0 0 0 -0.579977
169 170 0.0308919 0 0 0 0 0 0 0.0308919
170 171 0.0417836 0 -1.30548 0 0 0 0 -1.2637
171 172 0.0004424 0 -1.06364 0 0 0 0 -1.0632
172 173 0.0176448 0 -0.842356 0 0 0 0 -0.824712
173 174 0.0434881 0 0 0 0 0 0 0.0434881
174 175 0.00529946 0 -1.3207 0 0 0 0 -1.3154
175 176 0.0218734 0 -1.31956 0 0 0 0 -1.29769
176 177 0.0402604 0 0 0 0 0 0 0.0402604
177 178 0.171881 0 0 0 0 0 0 0.171881
178 179 0.00801266 0 -0 0 0 0 0 0.00801266
180 181 0.00574543 0 -1.29684 0 0 0 0 -1.29109
181 182 0.0220132 0 0 0 0 0 0 0.0220132
182 183 0.0322867 0 0 0 0 0 0 0.0322867
183 184 0.0207421 0 0 0 0 0 0 0.0207421
184 185 0.000125626 0 0 0 0 0 0 0.000125626
185 186 0.0526977 0 0 0 0 0 0 0.0526977
186 187 0.071939 0 -0.429959 0 0 0 0 -0.35802
187 188 0.000518282 0 -1.24177 0 0 0 0 -1.24125
188 189 0.0369433 0 0 0 0 0 0 0.0369433
189 190 0.012298 0 -1.09669 0 0 0 0 -1.0844
190 191 0.000508026 0 -1.19493 0 0 0 0 -1.19442
191 192 0.0828544 0 0 0 0 0 0 0.0828544
192 193 3.18001e-05 0 -1.0212 0 0 0 0 -1.02117
193 194 0.211018 0 0 0 0 0 0 0.211018
194 195 0.00348455 0 0 0 0 0 0 0.00348455
195 196 0.00155761 0 -1.06042 0 0 0 0 -1.05887
196 197 0.0595979 0 0 0 0 0 0 0.0595979
197 198 0.0997198 0 -0 0 0 0 0 0.0997198
198 199 0.053021 0 -1.13623 0 0 0 0 -1.08321
200 201 0.0178548 0 -1.38091 0 0 0 0 -1.36306
201 202 0.0672105 0 0 0 0 0 0 0.0672105
202 203 0.00583934 0 -1.33658 0 0 0 0 -1.33075
203 204 0.0176383 0 -0.890254 0 0 0 0 -0.872616
204 205 0.0502369 0 -1.00124 0 0 0 0 -0.951005
205 206 0.044364 0 -0.784946 0 0 0 0 -0.740582
206 207 0.0079485 0 0 0 0 0 0 0.0079485
207 208 0.00741998 0 -0.475257 0 0 0 0 -0.467837
208 209 0.0959981 0 0 0 0 0 0 0.0959981
209 210 0.0671902 0 0 0 0 0 0 0.0671902
210 211 0.00174276 0 0 0 0 0 0 0.00174276
211 212 0.178347 0 0 0 0 0 0 0.178347
212 213 0.000273263 0 -1.01227 0 0 0 0 -1.012
213 214 0.324917 0 0 0 0 0 0 0.324917
214 215 0.0406301 0 -1.02005 0 0 0 0 -0.979425
215 216 0.00056622 0 -1.30495 0 0 0 0 -1.30438
216 217 0.00825448 0 0 0 0 0 0 0.00825448
217 218 0.000842193 0 -0 0 0 0 0 0.000842193
218 219 1.12029e-05 0 -0.862915 0 0 0 0 -0.862904
220 221 0.190892 0 0 0 0 0 0 0.190892
221 222 0.000608511 0 0 0 0 0 0 0.000608511
222 223 0.0943541 0 0 0 0 0 0 0.0943541
223 224 0.00258772 0 0 0 0 0 0 0.00258772
224 225 0.0245079 0 -0.787741 0 0 0 0 -0.763233
225 226 0.0580608 0 -0.849586 0 0 0 0 -0.791525
226 227 0.0337834 0 -1.27094 0 0 0 0 -1.23716
227 228 0.0232222 0 0 0 0 0 0 0.0232222
228 229 0.00877974 0 0 0 0 0 0 0.00877974
229 230 0.00204108 0 -1.0677 0 0 0 0 -1.06566
230 231 0.01862 0 -1.03912 0 0 0 0 -1.0205
231 232 0.0446916 0 0 0 0 0 0 0.0446916
232 233 0.02634 0 -1.06852 0 0 0 0 -1.04218
233 234 0.0282442 0 0 0 0 0 0 0.0282442
234 235 0.00551071 0 0 0 0 0 0 0.00551071
235 236 0.047195 0 -1.17463 0 0 0 0 -1.12744
236 237 0.0314243 0 -0 0 0 0 0 0.0314243
237 238 0.0106254 0 -0.86906 0 0 0 0 -0.858435
238 239 0.0571858 0 -0.687285 0 0 0 0 -0.630099
240 241 0.154255 0 -1.20155 0 0 0 0 -1.04729
241 242 0.00220168 0 0 0 0 0 0 0.00220168
242 243 0.11046 0 -1.38131 0 0 0 0 -1.27085
243 244 0.00781593 0 -1.1797 0 0 0 0 -1.17189
244 245 0.0199298 0 -1.22318 0 0 0 0 -1.20325
245 246 0.0117503 0 -1.38267 0 0 0 0 -1.37092
246 247 0.00448146 0 -1.34669 0 0 0 0 -1.34221
247 248 0.0256816 0 -1.34161 0 0 0 0 -1.31592
248 249 0.0146932 0 -1.17505 0 0 0 0 -1.16035
249 250 0.235418 0 0 0 0 0 0 0.235418
250 251 0.00225752 0 0 0 0 0 0 0.00225752
251 252 0.0285385 0 0 0 0 0 0 0.0285385
252 253 0.000153613 0 -1.21442 0 0 0 0 -1.21427
253 254 0.0919025 0 -1.25576 0 0 0 0 -1.16386
254 255 0.0396336 0 -1.09776 0 0 0 0 -1.05813
255 256 0.0934251 0 -1.07522 0 0 0 0 -0.981794
256 257 0.004448 0 -0.879583 0 0 0 0 -0.875135
257 258 0.00746602 0 -1.28961 0 0 0 0 -1.28215
258 259 0.000865168 0 0 0 0 0 0 0.000865168
260 261 0.00440052 0 -1.03251 0 0 0 0 -1.02811
261 262 0.00520818 0 -1.23038 0 0 0 0 -1.22517
262 263 0.0262624 0 -1.21059 0 0 0 0 -1.18433
263 264 0.0263159 0 -1.36572 0 0 0 0 -1.3394
264 265 0.146629 0 0 0 0 0 0 0.146629
265 266 0.00675422 0 -1.1024 0 0 0 0 -1.09565
266 267 0.00789502 0 -1.44175 0 0 0 0 -1.43385
267 268 0.00950396 0 0 0 0 0 0 0.00950396
268 269 3.3081e-05 0 0 0 0 0 0 3.3081e-05
269 270 0.00236653 0 -1.13324 0 0 0 0 -1.13088
270 271 0.00322063 0 -0.865403 0 0 0 0 -0.862182
271 272 0.0927445 0 -1.06202 0 0 0 0 -0.969275
272 273 0.177644 0 -1.08109 0 0 0 0 -0.903442
273 274 0.00410122 0 0 0 0 0 0 0.00410122
274 275 0.0249154 0 -1.14861 0 0 0 0 -1.1237
275 276 0.212011 0 -1.20291 0 0 0 0 -0.990896
276 277 0.00338201 0 0 0 0 0 0 0.00338201
277 278 0.0843316 0 -1.29838 0 0 0 0 -1.21405
278 279 0.0483422 0 -0.825215 0 0 0 0 -0.776873
280 281 0.0106111 0 -1.35023 0 0 0 0 -1.33962
281 282 0.0121636 0 -0.988817 0 0 0 0 -0.976654
282 283 0.00369257 0 0 0 0 0 0 0.00369257
283 284 0.0262249 0 0 0 0 0 0 0.0262249
284 285 0.0502707 0 0 0 0 0 0 0.0502707
285 286 0.175959 0 0 0 0 0 0 0.175959
286 287 0.0279882 0 -1.00831 0 0 0 0 -0.980324
287 288 0.00458936 0 0 0 0 0 0 0.00458936
288 289 0.0558498 0 -0.893297 0 0 0 0 -0.837447
289 290 0.00017648 0 0 0 0 0 0 0.00017648
290 291 0.000423148 0 0 0 0 0 0 0.000423148
291 292 0.00482137 0 -1.35298 0 0 0 0 -1.34816
292 293 0.000925935 0 -1.19681 0 0 0 0 -1.19588
293 294 0.17358 0 0 0 0 0 0 0.17358
294 295 0.0724307 0 0 0 0 0 0 0.0724307
295 296 0.0445153 0 -1.11788 0 0 0 0 -1.07336
296 297 0.00451005 0 -1.34616 0 0 0 0 -1.34165
297 298 0.00854674 0 -1.18112 0 0 0 0 -1.17258
298 299 0.209085 0 -1.02247 0 0 0 0 -0.813383
300 301 0.00215467 0 -0.715687 0 0 0 0 -0.713533
301 302 0.220585 0 0 0 0 0 0 0.220585
302 303 2.83625e-06 0 -0.767638 0 0 0 0 -0.767635
303 304 0.040322 0 0 0 0 0 0 0.040322
304 305 2.24882e-05 0 -1.28359 0 0 0 0 -1.28357
305 306 0.000122519 0 -1.34887 0 0 0 0 -1.34874
306 307 0.0170972 0 0 0 0 0 0 0.0170972
307 308 0.00329624 0 -1.35811 0 0 0 0 -1.35481
308 309 0.0438771 0 -1.31949 0 0 0 0 -1.27561
309 310 0.0880719 0 -1.20467 0 0 0 0 -1.1166
310 311 0.0124717 0 -1.30237 0 0 0 0 -1.2899
311 312 0.0540205 0 -1.3784 0 0 0 0 -1.32438
312 313 0.00518471 0 -1.37643 0 0 0 0 -1.37124
313 314 0.0378845 0 -1.28725 0 0 0 0 -1.24937
314 315 0.00320112 0 0 0 0 0 0 0.00320112
315 316 0.0293486 0 -1.28253 0 0 0 0 -1.25318
316 317 0.000734646 0 -0.819071 0 0 0 0 -0.818337
317 318 0.203366 0 0 0 0 0 0 0.203366
318 319 0.00189784 0 0 0 0 0 0 0.00189784
320 321 0.0379219 0 -0 0 0 0 0 0.0379219
321 322 0.100663 0 0 0 0 0 0 0.100663
322 323 0.0122231 0 0 0 0 0 0 0.0122231
323 324 0.00433249 0 -0 0 0 0 0 0.00433249
324 325 0.00475316 0 0 0 0 0 0 0.00475316
325 326 0.0136687 0 0 0 0 0 0 0.0136687
326 327 0.0280304 0 -1.12666 0 0 0 0 -1.09862
327 328 0.0323269 0 0 0 0 0 0 0.0323269
328 329 0.0886323 0 0 0 0 0 0 0.0886323
329 330 3.44114e-06 0 -1.29952 0 0 0 0 -1.29951
330 331 0.00130975 0 -1.30824 0 0 0 0 -1.30693
331 332 0.000630939 0 -0.937538 0 0 0 0 -0.936907
332 333 0.00885909 0 -0.958561 0 0 0 0 -0.949702
333 334 0.00117039 0 -0.684225 0 0 0 0 -0.683055
334 335 2.31753e-06 0 0 0 0 0 0 2.31753e-06
335 336 0.017907 0 0 0 0 0 0 0.017907
336 337 0.000899808 0 0 0 0 0 0 0.000899808
333 338 0 0 0 0 0 -6.57014e-05 -0 -6.57014e-05
332 338 0 0 0 0 0 -0.000428886 -0 -0.000428886
337 338 0.0922491 0 -1.17106 0 0 0 0 -1.07881
332 339 0 0 0 0 0 -0.000156242 -0 -0.000156242
338 339 0.00549628 0 -1.16279 0 0 0 0 -1.1573
340 341 0.0195112 0 0 0 0 0 0 0.0195112
341 342 0.0609928 0 0 0 0 0 0 0.0609928
342 343 0.0105523 0 -1.40046 0 0 0 0 -1.3899
343 344 0.0727594 0 0 0 0 0 0 0.0727594
344 345 0.0221394 0 -1.25325 0 0 0 0 -1.23111
345 346 0.000735199 0 -0.979754 0 0 0 0 -0.979019
346 347 0.0210798 0 0 0 0 0 0 0.0210798
347 348 0.0206318 0 0 0 0 0 0 0.0206318
348 349 0.0465662 0 -1.32747 0 0 0 0 -1.28091
349 350 0.00990016 0 -1.12678 0 0 0 0 -1.11688
350 351 0.0126442 0 -1.00649 0 0 0 0 -0.993843
351 352 0.0987063 0 -1.24436 0 0 0 0 -1.14565
352 353 0.000647122 0 -0.996697 0 0 0 0 -0.99605
353 354 0.0114276 0 0 0 0 0 0 0.0114276
354 355 0.013601 0 0 0 0 0 0 0.013601
355 356 0.005198 0 -1.20744 0 0 0 0 -1.20225
356 357 0.00530088 0 0 0 0 0 0 0.00530088
357 358 0.00442024 0 -0 0 0 0 0 0.00442024
358 359 0.106933 0 0 0 0 0 0 0.106933
360 361 0.183828 0 0 0 0 0 0 0.183828
361 362 0.122249 0 0 0 0 0 0 0.122249
362 363 0.105892 0 -1.29743 0 0 0 0 -1.19154
363 364 0.0042967 0 0 0 0 0 0 0.0042967
364 365 0.00174893 0 0 0 0 0 0 0.00174893
365 366 0.030149 0 0 0 0 0 0 0.030149
366 367 0.0174874 0 0 0 0 0 0 0.0174874
367 368 0.299426 0 0 0 0 0 0 0.299426
368 369 0.0148722 0 -1.33837 0 0 0 0 -1.32349
369 370 0.000241491 0 0 0 0 0 0 0.000241491
370 371 0.0214573 0 -1.28888 0 0 0 0 -1.26742
371 372 0.00125581 0 0 0 0 0 0 0.00125581
372 373 0.0115027 0 -1.23948 0 0 0 0 -1.22798
373 374 0.101685 0 -0.955324 0 0 0 0 -0.853639
374 375 0.0399576 0 -1.28174 0 0 0 0 -1.24178
375 376 0.057496 0 -1.14483 0 0 0 0 -1.08733
376 377 0.0339194 0 -1.07661 0 0 0 0 -1.04269
377 378 0.0046357 0 -0.849748 0 0 0 0 -0.845113
378 379 0.0622951 0 -1.17466 0 0 0 0 -1.11237
380 381 0.00467162 0 -1.11099 0 0 0 0 -1.10631
381 382 0.196815 0 -1.4259 0 0 0 0 -1.22909
382 383 0.000555409 0 -1.31786 0 0 0 0 -1.3173
383 384 0.0305734 0 0 0 0 0 0 0.0305734
384 385 0.304314 0 0 0 0 0 0 0.304314
385 386 0.215907 0 -1.13785 0 0 0 0 -0.921943
386 387 1.19083e-05 0 -1.04642 0 0 0 0 -1.04641
385 388 0 0 0 0 0 -0.0012167 -0 -0.0012167
387 388 0.0735145 0 -0 0 0 0 0 0.0735145
388 389 0.00532678 0 0 0 0 0 0 0.00532678
389 390 0.0325398 0 0 0 0 0 0 0.0325398
390 391 0.000635391 0 -1.24358 0 0 0 0 -1.24294
391 392 0.056921 0 -1.26201 0 0 0 0 -1.20509
391 393 0 0 0 0 -0 -0.00157959 -0 -0.00157959
390 393 0 0 0 0.00154975 -0 0 -0 0.00154975
392 393 0.00160682 0 -0 0 0 0 0 0.00160682
393 394 0.0361193 0 0 0 0 0 0 0.0361193
394 395 0.0555018 0 -1.14455 0 0 0 0 -1.08905
395 396 0.0529746 0 -1.08953 0 0 0 0 -1.03655
396 397 0.0761177 0 0 0 0 0 0 0.0761177
397 398 0.0179936 0 0 0 0 0 0 0.0179936
398 399 0.0120277 0 -1.10054 0 0 0 0 -1.08852
400 401 0.000530552 0 0 0 0 0 0 0.000530552
401 402 0.0348513 0 0 0 0 0 0 0.0348513
402 403 0.0351693 0 0 0 0 0 0 0.0351693
403 404 0.0337295 0 0 0 0 0 0 0.0337295
404 405 0.0238644 0 -0.946158 0 0 0 0 -0.922294
405 406 0.00511825 0 -1.17335 0 0 0 0 -1.16823
406 407 0.026842 0 -0 0 0 0 0 0.026842
407 408 0.0211341 0 0 0 0 0 0 0.0211341
408 409 0.0247024 0 -0.966123 0 0 0 0 -0.941421
409 410 0.00206015 0 -1.28527 0 0 0 0 -1.28321
410 411 0.00207483 0 -1.12827 0 0 0 0 -1.12619
411 412 0.310119 0 -0.869002 0 0 0 0 -0.558883
412 413 0.00827357 0 0 0 0 0 0 0.00827357
413 414 0.194486 0 0 0 0 0 0 0.194486
414 415 0.00123509 0 -1.33962 0 0 0 0 -1.33838
415 416 0.0515514 0 0 0 0 0 0 0.0515514
416 417 0.00125412 0 -0 0 0 0 0 0.00125412
417 418 0.0139741 0 -0.988062 0 0 0 0 -0.974088
418 419 0.0516586 0 0 0 0 0 0 0.0516586
420 421 0.0675819 0 0 0 0 0 0 0.0675819
421 422 0.00436788 0 0 0 0 0 0 0.00436788
422 423 0.124802 0 0 0 0 0 0 0.124802
423 424 0.14262 0 -1.34811 0 0 0 0 -1.20549
424 425 0.0370056 0 -1.19017 0 0 0 0 -1.15316
424 426 0 0 0 0 0 -1.35986e-05 0 -1.35986e-05
425 426 0.0767453 0 -0.268882 0 0 0 0 -0.192137
426 427 0.056446 0 0 0 0 0 0 0.056446
427 428 0.000392176 0 0 0 0 0 0 0.000392176
428 429 0.186371 0 -0.945776 0 0 0 0 -0.759406
429 430 0.104217 0 -1.13551 0 0 0 0 -1.0313
430 431 0.0139903 0 0 0 0 0 0 0.0139903
431 432 0.00253122 0 -0 0 0 0 0 0.00253122
432 433 0.0451398 0 0 0 0 0 0 0.0451398
433 434 0.00933845 0 -1.20084 0 0 0 0 -1.1915
434 435 0.00263757 0 0 0 0 0 0 0.00263757
435 436 0.000132032 0 -1.36447 0 0 0 0 -1.36434
436 437 0.00510428 0 0 0 0 0 0 0.00510428
437 438 4.92986e-07 0 0 0 0 0 0 4.92986e-07
438 439 0.0473824 0 -1.15995 0 0 0 0 -1.11257
440 441 0.000888495 0 0 0 0 0 0 0.000888495
441 442 0.0603097 0 -1.34132 0 0 0 0 -1.28101
442 443 0.00105187 0 -1.00381 0 0 0 0 -1.00276
443 444 0.0782302 0 -1.32753 0 0 0 0 -1.2493
444 445 0.0225175 0 -1.12766 0 0 0 0 -1.10515
445 446 0.113892 0 -1.02997 0 0 0 0 -0.916073
446 447 0.00216026 0 -1.01769 0 0 0 0 -1.01553
447 448 0.0328239 0 -0 0 0 0 0 0.0328239
448 449 0.00777531 0 0 0 0 0 0 0.00777531
449 450 0.00348658 0 -1.22547 0 0 0 0 -1.22198
450 451 0.0183703 0 0 0 0 0 0 0.0183703
451 452 0.0472867 0 -0.0407939 0 0 0 0 0.00649282
452 453 0.0386219 0 -1.24024 0 0 0 0 -1.20162
453 454 0.0392227 0 -1.29611 0 0 0 0 -1.25689
454 455 0.041381 0 -1.17404 0 0 0 0 -1.13266
455 456 0.00123011 0 -0.84777 0 0 0 0 -0.84654
456 457 0.0724653 0 -1.3548 0 0 0 0 -1.28234
457 458 0.000633724 0 -1.2003 0 0 0 0 -1.19967
458 459 0.259402 0 0 0 0 0 0 0.259402
460 461 0.0181732 0 -1.19263 0 0 0 0 -1.17446
461 462 4.69557e-06 0 -1.38928 0 0 0 0 -1.38928
462 463 0.00374331 0 -1.41222 0 0 0 0 -1.40848
463 464 0.00167047 0 -1.01204 0 0 0 0 -1.01037
464 465 0.000589738 0 -1.14814 0 0 0 0 -1.14755
465 466 0.00681526 0 -1.34837 0 0 0 0 -1.34156
466 467 0.0247238 0 0 0 0 0 0 0.0247238
467 468 0.139023 0 0 0 0 0 0 0.139023
468 469 0.055307 0 -0.825349 0 0 0 0 -0.770042
469 470 6.17272e-05 0 0 0 0 0 0 6.17272e-05
470 471 0.00277988 0 -1.18852 0 0 0 0 -1.18574
466 472 0 0 0 0 -0 -0.0108968 0 -0.0108968
471 472 0.000491411 0 -1.31023 0 0 0 0 -1.30974
466 473 0 0 0 0 -0.30486 0 -0 -0.30486
465 473 0 0 0 0 0 -0.12985 -0 -0.12985
472 473 0.0269117 0 -0.89673 0 0 0 0 -0.869818
466 474 0 0 0 0 0 -0.178458 0 -0.178458
465 474 0 0 0 0 -0.668807 0 -0 -0.668807
464 474 0 0 0 0 0 -0.132939 0 -0.132939
473 474 7.80611e-05 0 -1.21167 0 0 0 0 -1.21159
465 475 0 0 0 0 0 -0.197982 0 -0.197982
464 475 0 0 0 0 -0.583775 0 -0 -0.583775
463 475 0 0 0 0 0 -0.0849527 -0 -0.0849527
474 475 0.00582621 0 -1.33705 0 0 0 0 -1.33123
464 476 0 0 0 0 0 -0.1262 0 -0.1262
463 476 0 0 0 0 -0.675007 0 -0 -0.675007
462 476 0 0 0 0 -0 -0.0559967 0 -0.0559967
475 476 0.0456219 0 -0.975754 0 0 0 0 -0.930132
463 477 0 0 0 0 -0 -0.1228 0 -0.1228
461 477 0 0 0 0 0 -0.0151833 0 -0.0151833
476 477 0.0082134 0 -1.14398 0 0 0 0 -1.13576
462 478 0 0 0 0 0 -0.0060764 0 -0.0060764
461 478 0 0 0 0 0 -0.00698618 -0 -0.00698618
460 478 0 0 0 0 0 -5.49664e-05 0 -5.49664e-05
477 478 0.0100999 0 -1.37043 0 0 0 0 -1.36033
478 479 0.0260616 0 -1.36199 0 0 0 0 -1.33593
480 481 0.00330128 0 -1.15103 0 0 0 0 -1.14772
481 482 0.00461027 0 -1.35567 0 0 0 0 -1.35106
482 483 0.0323095 0 0 0 0 0 0 0.0323095
483 484 0.0762609 0 -0.957861 0 0 0 0 -0.8816
484 485 0.0485579 0 -0.915725 0 0 0 0 -0.867167
485 486 0.00615601 0 -1.13054 0 0 0 0 -1.12439
486 487 0.0289527 0 0 0 0 0 0 0.0289527
487 488 0.0117891 0 -1.32142 0 0 0 0 -1.30963
488 489 0.00226191 0 -1.43845 0 0 0 0 -1.43619
489 490 0.00323024 0 0 0 0 0 0 0.00323024
490 491 0.026682 0 -1.40638 0 0 0 0 -1.3797
491 492 0.036515 0 -1.37527 0 0 0 0 -1.33875
492 493 0.0155255 0 -1.39311 0 0 0 0 -1.37758
493 494 0.0146963 0 -1.2847 0 0 0 0 -1.27001
494 495 4.9503e-05 0 -1.24351 0 0 0 0 -1.24346
495 496 0.00208815 0 0 0 0 0 0 0.00208815
496 497 0.0702856 0 0 0 0 0 0 0.0702856
497 498 0.110478 0 -0 0 0 0 0 0.110478
498 499 0.0183223 0 0 0 0 0 0 0.0183223
500 501 0.0176622 0 -0 0 0 0 0 0.0176622
501 502 0.00890816 0 0 0 0 0 0 0.00890816
502 503 0.105896 0 -1.11767 0 0 0 0 -1.01178
503 504 0.00186837 0 0 0 0 0 0 0.00186837
502 505 0 0 0 0 0 -0 -9.752e-17 -9.752e-17
504 505 0.00042668 0 -1.46562 0 0 0 0 -1.46519
505 506 0.000346379 0 0 0 0 0 0 0.000346379
506 507 0.0019162 0 -1.4366 0 0 0 0 -1.43468
507 508 0.149529 0 -1.03715 0 0 0 0 -0.887623
508 509 0.328314 0 0 0 0 0 0 0.328314
509 510 0.00378862 0 0 0 0 0 0 0.00378862
510 511 0.0992946 0 -1.1799 0 0 0 0 -1.08061
511 512 0.036361 0 -1.23967 0 0 0 0 -1.2033
508 513 0 0 0 0 0 -0.055113 0 -0.055113
507 513 0 0 0 0 -0 -0.0136126 -0 -0.0136126
512 513 0.0546941 0 0 0 0 0 0 0.0546941
513 514 0.0160883 0 -0.711896 0 0 0 0 -0.695807
514 515 0.00886437 0 0 0 0 0 0 0.00886437
515 516 0.0243444 0 0 0 0 0 0 0.0243444
516 517 0.0550528 0 0 0 0 0 0 0.0550528
517 518 0.17578 0 0 0 0 0 0 0.17578
518 519 0.13574 0 -1.045 0 0 0 0 -0.909256
520 521 0.0242097 0 0 0 0 0 0 0.0242097
521 522 0.0174565 0 -1.34187 0 0 0 0 -1.32441
522 523 0.0209319 0 -1.23955 0 0 0 0 -1.21862
523 524 0.0299196 0 -1.4494 0 0 0 0 -1.41948
524 525 0.00498033 0 0 0 0 0 0 0.00498033
525 526 0.0903559 0 0 0 0 0 0 0.0903559
522 527 0 0 0 0 -0 -0.038297 -0 -0.038297
526 527 0.00281928 0 0 0 0 0 0 0.00281928
523 528 0 0 0 0 0 -0.0392158 -0 -0.0392158
521 528 0 0 0 0 0 -0.144141 0 -0.144141
527 528 0.00124811 0 -0.993912 0 0 0 0 -0.992664
522 529 0 0 0 0 0 -0.127169 -0 -0.127169
521 529 0 0 0 0 -0.485443 0 -0 -0.485443
528 529 0.0481247 0 -1.29701 0 0 0 0 -1.24889
529 530 0.0271971 0 0 0 0 0 0 0.0271971
530 531 0.0160688 0 -1.22839 0 0 0 0 -1.21232
531 532 0.0127946 0 -1.24377 0 0 0 0 -1.23097
532 533 0.0102502 0 0 0 0 0 0 0.0102502
533 534 0.0203965 0 -1.03329 0 0 0 0 -1.01289
534 535 0.150151 0 -0 0 0 0 0 0.150151
535 536 0.013431 0 -1.30352 0 0 0 0 -1.29009
536 537 0.000778821 0 -1.24062 0 0 0 0 -1.23984
537 538 0.115442 0 0 0 0 0 0 0.115442
538 539 0.0123851 0 -1.37806 0 0 0 0 -1.36567
540 541 0.00053219 0 0 0 0 0 0 0.00053219
541 542 0.0314681 0 -1.44312 0 0 0 0 -1.41165
542 543 0.0156972 0 -1.36779 0 0 0 0 -1.35209
543 544 0.0696245 0 0 0 0 0 0 0.0696245
544 545 0.133156 0 0 0 0 0 0 0.133156
545 546 0.0867607 0 0 0 0 0 0 0.0867607
546 547 0.0288404 0 -0 0 0 0 0 0.0288404
547 548 0.00727822 0 -1.19256 0 0 0 0 -1.18528
548 549 0.00768174 0 0 0 0 0 0 0.00768174
549 550 0.0264229 0 0 0 0 0 0 0.0264229
550 551 0.15646 0 0 0 0 0 0 0.15646
551 552 0.0851073 0 0 0 0 0 0 0.0851073
552 553 0.00472845 0 -0.0020377 0 0 0 0 0.00269075
553 554 0.0520154 0 -1.02914 0 0 0 0 -0.977125
554 555 0.00211331 0 -1.2406 0 0 0 0 -1.23849
555 556 0.085359 0 -1.19286 0 0 0 0 -1.1075
556 557 0.266147 0 -1.17326 0 0 0 0 -0.907111
557 558 0.00205801 0 0 0 0 0 0 0.00205801
558 559 0.00366644 0 0 0 0 0 0 0.00366644
560 561 0.00871332 0 -1.29967 0 0 0 0 -1.29095
561 562 0.04832 0 0 0 0 0 0 0.04832
562 563 0.280054 0 -1.18843 0 0 0 0 -0.908374
563 564 0.0890488 0 -1.22792 0 0 0 0 -1.13887
564 565 0.000248653 0 -0.896065 0 0 0 0 -0.895816
565 566 0.0598988 0 -0 0 0 0 0 0.0598988
566 567 0.208643 0 -0.789841 0 0 0 0 -0.581199
567 568 0.0419301 0 -1.20871 0 0 0 0 -1.16678
568 569 0.00857262 0 0 0 0 0 0 0.00857262
569 570 0.0107974 0 -1.27941 0 0 0 0 -1.26861
570 571 0.0026083 0 -1.37722 0 0 0 0 -1.37461
571 572 0.0116003 0 0 0 0 0 0 0.0116003
572 573 0.0212073 0 0 0 0 0 0 0.0212073
573 574 0.199381 0 -1.29231 0 0 0 0 -1.09293
574 575 0.0125134 0 -0.3583 0 0 0 0 -0.345787
575 576 0.0468083 0 -0.981609 0 0 0 0 -0.934801
576 577 0.0229979 0 0 0 0 0 0 0.0229979
577 578 0.00645409 0 -1.0463 0 0 0 0 -1.03985
578 579 0.0282476 0 0 0 0 0 0 0.0282476
580 581 0.068146 0 0 0 0 0 0 0.068146
581 582 0.018408 0 -1.1677 0 0 0 0 -1.14929
582 583 0.0732802 0 -1.43437 0 0 0 0 -1.36109
583 584 0.0190169 0 0 0 0 0 0 0.0190169
584 585 0.0721405 0 -1.12469 0 0 0 0 -1.05254
585 586 0.0780798 0 0 0 0 0 0 0.0780798
586 587 0.0615391 0 0 0 0 0 0 0.0615391
587 588 0.0182642 0 -0.92023 0 0 0 0 -0.901966
588 589 0.00188747 0 -1.36171 0 0 0 0 -1.35982
589 590 0.0749009 0 0 0 0 0 0 0.0749009
590 591 0.0233364 0 0 0 0 0 0 0.0233364
591 592 0.0622318 0 -1.08356 0 0 0 0 -1.02133
592 593 0.186291 0 -0.504891 0 0 0 0 -0.3186
593 594 0.0219751 0 0 0 0 0 0 0.0219751
594 595 0.0378946 0 -1.172 0 0 0 0 -1.1341
595 596 0.00204096 0 -0.796579 0 0 0 0 -0.794538
596 597 0.00075416 0 -3.63508e-05 0 0 0 0 0.000717809
597 598 0.0354048 0 0 0 0 0 0 0.0354048
598 599 0.00571099 0 -0 0 0 0 0 0.00571099
#Total energy per particle is  -0.593667 and should be -0.59366710
