#id1 id2 FENE BEXC STCK NEXC HB CRSTCK CXSTCK total, t = 200000
0 1 0.000747586 0 0 0 0 0 0 0.000747586
1 2 0.0380636 0 -0.536904 0 0 0 0 -0.49884
2 3 0.0502574 0 -1.18459 0 0 0 0 -1.13433
3 4 0.00520145 0 0 0 0 0 0 0.00520145
4 5 0.000436734 0 -1.18353 0 0 0 0 -1.18309
5 6 0.00620536 0 0 0 0 0 0 0.00620536
6 7 0.151186 0 -1.14122 0 0 0 0 -0.990039
7 8 0.00359987 0 0 0 0 0 0 0.00359987
5 9 0 0 0 0 -0 -0.00812397 -0 -0.00812397
4 9 0 0 0 0 0 -0.00720825 -0 -0.00720825
8 9 0.0385005 0 0 0 0 0 0 0.0385005
5 10 0 0 0 0 -0 -0.000149399 0 -0.000149399
9 10 0.00611072 0 -1.02534 0 0 0 0 -1.01923
10 11 0.00155655 0 0 0 0 0 0 0.00155655
11 12 0.101021 0 -0 0 0 0 0 0.101021
12 13 0.0389234 0 0 0 0 0 0 0.0389234
13 14 0.100376 0 0 0 0 0 0 0.100376
14 15 0.0930574 0 -1.23305 0 0 0 0 -1.14
15 16 0.025339 0 0 0 0 0 0 0.025339
16 17 0.00690729 0 0 0 0 0 0 0.00690729
17 18 0.0128058 0 0 0 0 0 0 0.0128058
18 19 0.157467 0 -1.18539 0 0 0 0 -1.02792
20 21 0.0274224 0 -0.81375 0 0 0 0 -0.786327
21 22 0.0440843 0 -1.33749 0 0 0 0 -1.29341
22 23 0.0105923 0 0 0 0 0 0 0.0105923
23 24 0.179209 0 -1.23946 0 0 0 0 -1.06026
24 25 0.0172896 0 -0.70088 0 0 0 0 -0.683591
25 26 0.101902 0 -1.30154 0 0 0 0 -1.19963
26 27 0.0607334 0 0 0 0 0 0 0.0607334
27 28 0.161125 0 -1.39579 0 0 0 0 -1.23466
28 29 0.0684092 0 0 0 0 0 0 0.0684092
29 30 0.0972561 0 0 0 0 0 0 0.0972561
30 31 0.0361534 0 -1.20142 0 0 0 0 -1.16527
31 32 0.00719006 0 -0.796644 0 0 0 0 -0.789454
32 33 0.00933603 0 -1.01027 0 0 0 0 -1.00093
33 34 0.0423438 0 -0.719674 0 0 0 0 -0.67733
34 35 0.0622445 0 -1.40208 0 0 0 0 -1.33984
35 36 0.115 0 -1.17829 0 0 0 0 -1.06329
36 37 0.0977644 0 -1.05072 0 0 0 0 -0.952951
37 38 7.20743e-07 0 -1.01144 0 0 0 0 -1.01144
38 39 0.138923 0 -1.19591 0 0 0 0 -1.05699
40 41 0.119723 0 0 0 0 0 0 0.119723
41 42 0.0753139 0 0 0 0 0 0 0.0753139
42 43 8.64648e-05 0 -1.26604 0 0 0 0 -1.26596
43 44 0.010007 0 -1.02235 0 0 0 0 -1.01234
44 45 0.00167273 0 0 0 0 0 0 0.00167273
45 46 0.363573 0 -1.23216 0 0 0 0 -0.868587
46 47 0.107361 0 0 0 0 0 0 0.107361
47 48 0.0351337 0 0 0 0 0 0 0.0351337
48 49 0.00165085 0 -0.712423 0 0 0 0 -0.710772
49 50 0.279132 0 -1.23909 0 0 0 0 -0.959955
50 51 0.00503361 0 -0.808972 0 0 0 0 -0.803938
51 52 0.00513516 0 -0.940969 0 0 0 0 -0.935834
52 53 0.0170742 0 -1.11607 0 0 0 0 -1.099
53 54 0.213237 0 -1.35234 0 0 0 0 -1.13911
54 55 0.000315609 0 -0.970323 0 0 0 0 -0.970007
55 56 0.239607 0 0 0 0 0 0 0.239607
56 57 0.0349389 0 0 0 0 0 0 0.0349389
57 58 0.107652 0 0 0 0 0 0 0.107652
58 59 0.000707188 0 -0 0 0 0 0 0.000707188
60 61 0.0269447 0 0 0 0 0 0 0.0269447
61 62 0.0366145 0 0 0 0 0 0 0.0366145
62 63 0.110829 0 -0.6476 0 0 0 0 -0.536771
63 64 0.218685 0 0 0 0 0 0 0.218685
64 65 0.00942924 0 0 0 0 0 0 0.00942924
65 66 0.0125512 0 -1.05091 0 0 0 0 -1.03836
66 67 0.0024204 0 0 0 0 0 0 0.0024204
67 68 0.0169923 0 -0.998218 0 0 0 0 -0.981226
68 69 0.0416558 0 -1.17013 0 0 0 0 -1.12848
69 70 2.58569e-05 0 -1.0503 0 0 0 0 -1.05027
70 71 0.137906 0 0 0 0 0 0 0.137906
71 72 0.0217187 0 -1.31036 0 0 0 0 -1.28864
72 73 0.0725031 0 -1.40916 0 0 0 0 -1.33666
73 74 1.31896e-06 0 -0.963365 0 0 0 0 -0.963364
74 75 0.31274 0 0 0 0 0 0 0.31274
75 76 0.209569 0 -1.16643 0 0 0 0 -0.956859
76 77 0.0891661 0 0 0 0 0 0 0.0891661
77 78 0.0615035 0 -1.01521 0 0 0 0 -0.953704
78 79 0.0838217 0 -1.14273 0 0 0 0 -1.05891
80 81 0.0086069 0 0 0 0 0 0 0.0086069
81 82 0.0279308 0 -1.10618 0 0 0 0 -1.07825
82 83 0.211503 0 -1.3903 0 0 0 0 -1.1788
83 84 0.00516438 0 -1.05426 0 0 0 0 -1.0491
84 85 0.0032196 0 -1.24347 0 0 0 0 -1.24025
85 86 0.0218024 0 0 0 0 0 0 0.0218024
86 87 0.0304389 0 -1.21877 0 0 0 0 -1.18833
87 88 0.220288 0 0 0 0 0 0 0.220288
88 89 0.136063 0 -0.934585 0 0 0 0 -0.798522
89 90 4.54266e-05 0 -1.29299 0 0 0 0 -1.29294
90 91 0.0111096 0 -1.29494 0 0 0 0 -1.28383
91 92 0.0507746 0 -1.02666 0 0 0 0 -0.975888
92 93 0.0453855 0 0 0 0 0 0 0.0453855
93 94 0.093243 0 0 0 0 0 0 0.093243
94 95 0.0135891 0 0 0 0 0 0 0.0135891
95 96 0.00637542 0 0 0 0 0 0 0.00637542
96 97 0.018167 0 0 0 0 0 0 0.018167
97 98 0.0169708 0 -1.00671 0 0 0 0 -0.989739
98 99 0.00341846 0 -1.31061 0 0 0 0 -1.30719
100 101 0.000752641 0 0 0 0 0 0 0.000752641
101 102 0.00744272 0 0 0 0 0 0 0.00744272
102 103 0.0417457 0 0 0 0 0 0 0.0417457
103 104 0.0904245 0 -0.722001 0 0 0 0 -0.631576
104 105 0.0622505 0 -1.24193 0 0 0 0 -1.17968
105 106 0.0197878 0 -0.98254 0 0 0 0 -0.962752
106 107 0.0149897 0 -1.33242 0 0 0 0 -1.31743
107 108 0.0102383 0 -1.30153 0 0 0 0 -1.29129
108 109 0.122514 0 0 0 0 0 0 0.122514
109 110 0.0497314 0 -1.38014 0 0 0 0 -1.3304
110 111 0.100167 0 0 0 0 0 0 0.100167
111 112 0.0574302 0 -1.23369 0 0 0 0 -1.17626
112 113 0.0400675 0 -0.969522 0 0 0 0 -0.929454
113 114 0.170576 0 0 0 0 0 0 0.170576
114 115 0.000190508 0 0 0 0 0 0 0.000190508
115 116 0.0365656 0 -1.32172 0 0 0 0 -1.28516
116 117 0.000558131 0 -1.40454 0 0 0 0 -1.40399
117 118 0.0135902 0 0 0 0 0 0 0.0135902
118 119 0.0212424 0 -1.03636 0 0 0 0 -1.01511
120 121 0.00305121 0 0 0 0 0 0 0.00305121
121 122 0.000527077 0 -1.26027 0 0 0 0 -1.25974
122 123 0.0818312 0 -1.31028 0 0 0 0 -1.22845
123 124 0.183854 0 -1.39153 0 0 0 0 -1.20767
124 125 0.0365979 0 -1.23434 0 0 0 0 -1.19774
125 126 0.225727 0 -1.1785 0 0 0 0 -0.952778
126 127 0.0443087 0 0 0 0 0 0 0.0443087
127 128 0.358153 0 -1.11994 0 0 0 0 -0.761787
128 129 0.0172711 0 -1.12379 0 0 0 0 -1.10652
129 130 0.000792978 0 -1.2572 0 0 0 0 -1.25641
130 131 0.0415742 0 -0 0 0 0 0 0.0415742
131 132 0.00890619 0 -1.07769 0 0 0 0 -1.06878
132 133 0.0141677 0 -1.07796 0 0 0 0 -1.06379
133 134 0.00254252 0 -1.12683 0 0 0 0 -1.12429
134 135 0.0257583 0 -1.38208 0 0 0 0 -1.35633
135 136 0.0702883 0 -1.22181 0 0 0 0 -1.15152
136 137 0.0619637 0 0 0 0 0 0 0.0619637
137 138 0.116663 0 -0.93626 0 0 0 0 -0.819596
138 139 0.0186822 0 -0.613528 0 0 0 0 -0.594846
140 141 0.0224669 0 -1.04692 0 0 0 0 -1.02445
141 142 0.00833315 0 0 0 0 0 0 0.00833315
142 143 0.0296177 0 -1.1998 0 0 0 0 -1.17018
143 144 0.210197 0 -0.00167695 0 0 0 0 0.208521
144 145 0.101495 0 -1.05493 0 0 0 0 -0.953437
145 146 0.0754526 0 0 0 0 0 0 0.0754526
146 147 0.0164126 0 0 0 0 0 0 0.0164126
147 148 0.0807618 0 0 0 0 0 0 0.0807618
148 149 0.0147993 0 -1.00592 0 0 0 0 -0.991122
149 150 7.01909e-05 0 -0.960725 0 0 0 0 -0.960655
150 151 0.0317794 0 -0.857925 0 0 0 0 -0.826146
151 152 0.0509238 0 -0.937813 0 0 0 0 -0.88689
152 153 0.162705 0 -0 0 0 0 0 0.162705
153 154 0.042828 0 0 0 0 0 0 0.042828
154 155 0.0017261 0 0 0 0 0 0 0.0017261
155 156 0.149027 0 0 0 0 0 0 0.149027
156 157 0.101033 0 -0.753738 0 0 0 0 -0.652705
157 158 0.0108056 0 0 0 0 0 0 0.0108056
158 159 0.00381561 0 0 0 0 0 0 0.00381561
160 161 0.0328546 0 0 0 0 0 0 0.0328546
161 162 0.289933 0 -1.32615 0 0 0 0 -1.03622
162 163 0.000455722 0 -1.43472 0 0 0 0 -1.43427
163 164 0.06638 0 0 0 0 0 0 0.06638
164 165 0.0708176 0 -0.998474 0 0 0 0 -0.927656
165 166 0.000588448 0 -1.0029 0 0 0 0 -1.00231
166 167 0.0695393 0 -0 0 0 0 0 0.0695393
167 168 0.000172638 0 0 0 0 0 0 0.000172638
168 169 0.064372 0 0 0 0 0 0 0.064372
169 170 0.0904689 0 0 0 0 0 0 0.0904689
170 171 0.0430167 0 -0 0 0 0 0 0.0430167
171 172 0.0142005 0 0 0 0 0 0 0.0142005
172 173 0.0057105 0 -0.64628 0 0 0 0 -0.640569
173 174 0.00499632 0 0 0 0 0 0 0.00499632
174 175 0.00167922 0 0 0 0 0 0 0.00167922
175 176 0.000171896 0 0 0 0 0 0 0.000171896
176 177 0.0519825 0 0 0 0 0 0 0.0519825
177 178 0.00734364 0 -0 0 0 0 0 0.00734364
178 179 0.01598 0 -1.40638 0 0 0 0 -1.3904
180 181 0.116053 0 -1.00838 0 0 0 0 -0.89233
181 182 1.20236e-07 0 0 0 0 0 0 1.20236e-07
182 183 1.09477e-05 0 -0.210528 0 0 0 0 -0.210517
183 184 0.0126514 0 0 0 0 0 0 0.0126514
184 185 0.0509625 0 -0.678236 0 0 0 0 -0.627274
185 186 0.0322986 0 -1.22187 0 0 0 0 -1.18958
186 187 1.41294e-05 0 0 0 0 0 0 1.41294e-05
187 188 0.00388893 0 0 0 0 0 0 0.00388893
188 189 0.0804102 0 -1.29548 0 0 0 0 -1.21507
189 190 0.219528 0 -1.27415 0 0 0 0 -1.05462
190 191 0.528238 0 0 0 0 0 0 0.528238
191 192 3.94927e-07 0 -1.13949 0 0 0 0 -1.13949
192 193 0.0333638 0.235342 0 0 0 0 0 0.268705
193 194 0.0111662 0 0 0 0 0 0 0.0111662
194 195 0.00164075 0 0 0 0 0 0 0.00164075
195 196 0.036785 0 -1.32408 0 0 0 0 -1.28729
196 197 0.00235394 0 0 0 0 0 0 0.00235394
197 198 0.143333 0 -1.22088 0 0 0 0 -1.07755
198 199 0.0895329 0 -1.40751 0 0 0 0 -1.31798
200 201 0.032616 0 -0.833173 0 0 0 0 -0.800557
201 202 0.0371974 0 -1.31881 0 0 0 0 -1.28162
202 203 0.118588 0 -1.46845 0 0 0 0 -1.34986
203 204 0.0711364 0 0 0 0 0 0 0.0711364
204 205 0.00590384 0 0 0 0 0 0 0.00590384
205 206 0.00303928 0 -0.836166 0 0 0 0 -0.833127
206 207 0.0275069 0 -1.19803 0 0 0 0 -1.17052
207 208 0.0544804 0 -1.3553 0 0 0 0 -1.30082
208 209 0.070318 0 -1.33701 0 0 0 0 -1.26669
209 210 0.0342032 0 0 0 0 0 0 0.0342032
210 211 0.0183872 0 -1.16392 0 0 0 0 -1.14553
211 212 0.0151859 0 -1.43112 0 0 0 0 -1.41593
212 213 0.00171183 0 -1.40477 0 0 0 0 -1.40305
213 214 0.0155873 0 -0.886436 0 0 0 0 -0.870848
214 215 0.13336 0 -1.11092 0 0 0 0 -0.977556
215 216 0.30405 0 -0.547085 0 0 0 0 -0.243035
216 217 0.190741 0 -1.29345 0 0 0 0 -1.10271
217 218 0.0877347 0 -1.41261 0 0 0 0 -1.32487
218 219 0.0143848 0 -0.916759 0 0 0 0 -0.902374
220 221 0.0637936 0 0 0 0 0 0 0.0637936
221 222 0.0482617 0 -0.396836 0 0 0 0 -0.348575
222 223 0.00796432 0 -1.3358 0 0 0 0 -1.32784
223 224 0.000333341 0 -1.0925 0 0 0 0 -1.09217
224 225 0.00615192 0 0 0 0 0 0 0.00615192
225 226 0.0801461 0 0 0 0 0 0 0.0801461
226 227 0.000842433 0 0 0 0 0 0 0.000842433
227 228 0.0395983 0 -1.35106 0 0 0 0 -1.31146
228 229 0.00130499 0 -0.761099 0 0 0 0 -0.759794
229 230 0.00645488 0 -0 0 0 0 0 0.00645488
230 231 0.000551529 0 0 0 0 0 0 0.000551529
231 232 0.000428038 0 -0.945678 0 0 0 0 -0.94525
232 233 0.0397668 0 0 0 0 0 0 0.0397668
233 234 0.0198112 0 -1.23037 0 0 0 0 -1.21056
233 235 0 0 0 0.0642938 0 0 0 0.0642938
234 235 0.0421433 0 0 0 0 0 0 0.0421433
235 236 0.00210959 0 0 0 0 0 0 0.00210959
236 237 0.000947496 0 -1.10337 0 0 0 0 -1.10242
237 238 0.0861935 0 0 0 0 0 0 0.0861935
238 239 0.0889932 0 -0.818463 0 0 0 0 -0.72947
240 241 0.0213005 0 0 0 0 0 0 0.0213005
241 242 0.00120822 0 -0 0 0 0 0 0.00120822
242 243 0.0783032 0 0 0 0 0 0 0.0783032
243 244 0.0116112 0 -1.355 0 0 0 0 -1.34339
244 245 0.185169 0 -1.19386 0 0 0 0 -1.00869
245 246 0.000549178 0 -1.20207 0 0 0 0 -1.20152
246 247 0.01111 0 0 0 0 0 0 0.01111
247 248 0.0284553 0 -1.26392 0 0 0 0 -1.23546
248 249 0.0175305 0 -0.753385 0 0 0 0 -0.735854
249 250 0.0455584 0 0 0 0 0 0 0.0455584
250 251 5.4138e-06 0 0 0 0 0 0 5.4138e-06
251 252 0.143982 0 -1.32766 0 0 0 0 -1.18368
252 253 0.0118248 0 -0.929202 0 0 0 0 -0.917377
253 254 0.00170455 0 -0.903591 0 0 0 0 -0.901887
254 255 0.104683 0 -1.1543 0 0 0 0 -1.04961
255 256 0.000497228 0 0 0 0 0 0 0.000497228
256 257 0.00456383 0 -1.08347 0 0 0 0 -1.07891
257 258 0.0049981 0 -1.18782 0 0 0 0 -1.18283
258 259 0.0122114 0 0 0 0 0 0 0.0122114
260 261 0.000835219 0 -0 0 0 0 0 0.000835219
261 262 0.06023 0 -1.09584 0 0 0 0 -1.03561
262 263 0.0764204 0 -0.877091 0 0 0 0 -0.800671
263 264 0.0045524 0 0 0 0 0 0 0.0045524
264 265 0.0246366 0 -0.874212 0 0 0 0 -0.849576
265 266 0.00649522 0 -0.754545 0 0 0 0 -0.74805
266 267 0.0201999 0 -0.99655 0 0 0 0 -0.97635
267 268 0.0361169 0 -1.33953 0 0 0 0 -1.30342
268 269 0.0689607 0 -1.40203 0 0 0 0 -1.33307
269 270 0.00144314 0 0 0 0 0 0 0.00144314
270 271 0.176704 0 -1.11405 0 0 0 0 -0.937345
271 272 0.165034 0 0 0 0 0 0 0.165034
272 273 0.0275755 0 0 0 0 0 0 0.0275755
273 274 0.0535813 0 0 0 0 0 0 0.0535813
268 275 0 0 0 0 -0 -0.0706426 -0 -0.0706426
274 275 0.138199 0 0 0 0 0 0 0.138199
269 276 0 0 0 0 0 -0.183212 0 -0.183212
268 276 0 0 0 0 -0.782238 0 -0 -0.782238
267 276 0 0 0 0 0 -0.151251 -0 -0.151251
275 276 0.067139 0 -1.10822 0 0 0 0 -1.04108
268 277 0 0 0 0 0 -0.169614 0 -0.169614
267 277 0 0 0 0 0 -2.7714e-06 -0 -2.7714e-06
266 277 0 0 0 0 0 -0.0395697 0 -0.0395697
276 277 0.1895 0 -1.36243 0 0 0 0 -1.17293
277 278 0.0241402 0 0 0 0 0 0 0.0241402
278 279 0.0320979 0 -1.35896 0 0 0 0 -1.32686
280 281 0.168072 0 -1.02695 0 0 0 0 -0.858879
281 282 0.00776329 0 -1.37197 0 0 0 0 -1.3642
282 283 0.00318504 0 -1.37041 0 0 0 0 -1.36723
283 284 0.0199475 0 0 0 0 0 0 0.0199475
284 285 0.000328686 0 0 0 0 0 0 0.000328686
285 286 0.0112324 0 0 0 0 0 0 0.0112324
286 287 0.0193565 0 0 0 0 0 0 0.0193565
287 288 0.0615068 0 -0 0 0 0 0 0.0615068
288 289 0.380406 0 0 0 0 0 0 0.380406
289 290 0.0077206 0 -1.28741 0 0 0 0 -1.27969
290 291 0.222157 0 -1.32162 0 0 0 0 -1.09946
291 292 0.100054 0 -0 0 0 0 0 0.100054
292 293 0.163916 0 -1.09651 0 0 0 0 -0.932598
293 294 0.0194802 0 -1.13312 0 0 0 0 -1.11364
294 295 0.0202105 0 0 0 0 0 0 0.0202105
295 296 0.0443909 0 -1.29991 0 0 0 0 -1.25552
296 297 0.0456084 0 0 0 0 0 0 0.0456084
297 298 0.0434909 0 0 0 0 0 0 0.0434909
298 299 0.0209254 0 -1.28656 0 0 0 0 -1.26563
300 301 0.00179541 0 -1.28453 0 0 0 0 -1.28274
301 302 0.00466063 0 -0.831992 0 0 0 0 -0.827331
302 303 7.03554e-05 0 -0.995632 0 0 0 0 -0.995562
303 304 0.00465408 0 -1.02103 0 0 0 0 -1.01637
304 305 0.00834718 0 0 0 0 0 0 0.00834718
305 306 0.0147782 0 -0 0 0 0 0 0.0147782
306 307 0.0359138 0 -1.35474 0 0 0 0 -1.31883
307 308 0.00662053 0 -1.06593 0 0 0 0 -1.05931
308 309 0.0005875 0 -1.08359 0 0 0 0 -1.083
309 310 0.319174 0 -1.08083 0 0 0 0 -0.761652
310 311 0.0156811 0 0 0 0 0 0 0.0156811
311 312 0.0145464 0 -1.13657 0 0 0 0 -1.12202
312 313 0.0286407 0 0 0 0 0 0 0.0286407
313 314 0.000250494 0 -1.28628 0 0 0 0 -1.28602
314 315 0.258632 0 0 0 0 0 0 0.258632
315 316 0.00682721 0 -0.330564 0 0 0 0 -0.323737
316 317 0.0384655 0 0 0 0 0 0 0.0384655
317 318 0.00273959 0 -0.48412 0 0 0 0 -0.48138
318 319 0.0133279 0 -0 0 0 0 0 0.0133279
320 321 0.0315346 0 0 0 0 0 0 0.0315346
321 322 0.0284559 0 -1.3068 0 0 0 0 -1.27834
322 323 0.0921159 0 -1.3179 0 0 0 0 -1.22579
323 324 6.98267e-05 0 0 0 0 0 0 6.98267e-05
324 325 0.109823 0 -1.17839 0 0 0 0 -1.06857
325 326 0.0629783 0 -1.33439 0 0 0 0 -1.27141
326 327 0.356041 0 0 0 0 0 0 0.356041
327 328 0.19039 0 -1.25421 0 0 0 0 -1.06382
328 329 0.012813 0 -0.847145 0 0 0 0 -0.834332
329 330 0.00222196 0 0 0 0 0 0 0.00222196
330 331 0.0227724 0 -0.231379 0 0 0 0 -0.208607
331 332 0.0850696 0 0 0 0 0 0 0.0850696
332 333 0.259659 0 0 0 0 0 0 0.259659
333 334 0.0663685 0 -1.22931 0 0 0 0 -1.16294
334 335 0.112446 0 -1.12155 0 0 0 0 -1.0091
335 336 0.441314 0 -0.498211 0 0 0 0 -0.0568971
336 337 0.0289438 0 -1.30181 0 0 0 0 -1.27286
337 338 0.00870607 0 0 0 0 0 0 0.00870607
338 339 0.0216947 0 -0.910919 0 0 0 0 -0.889224
340 341 0.15172 0 -1.47076 0 0 0 0 -1.31904
341 342 0.0528366 0 -0.841785 0 0 0 0 -0.788948
342 343 0.00226273 0 0 0 0 0 0 0.00226273
343 344 0.00546513 0 -0 0 0 0 0 0.00546513
343 345 0 0 0 0 -0 -5.00961e-07 -0 -5.00961e-07
344 345 0.0014946 0 -0.615997 0 0 0 0 -0.614502
345 346 0.00186474 0 -1.27681 0 0 0 0 -1.27494
346 347 0.00171675 0 -1.29528 0 0 0 0 -1.29357
347 348 0.116917 0 -1.19363 0 0 0 0 -1.07672
348 349 0.029964 0 -0.694193 0 0 0 0 -0.664229
349 350 0.0279085 0 0 0 0 0 0 0.0279085
350 351 0.00110934 0 -1.17016 0 0 0 0 -1.16905
351 352 3.03525e-06 0 -1.29214 0 0 0 0 -1.29214
352 353 0.108296 0 -1.45198 0 0 0 0 -1.34369
353 354 3.60452e-05 0 -0.814584 0 0 0 0 -0.814548
354 355 0.00611745 0 -1.2415 0 0 0 0 -1.23539
355 356 0.058539 0 -1.31008 0 0 0 0 -1.25154
356 357 0.074495 0 0 0 0 0 0 0.074495
357 358 0.101475 0 -1.28487 0 0 0 0 -1.1834
358 359 0.0627319 0 -1.3827 0 0 0 0 -1.31997
360 361 0.010762 0 -1.21165 0 0 0 0 -1.20089
361 362 0.0169289 0 -1.30455 0 0 0 0 -1.28762
362 363 0.0106708 0 -1.34758 0 0 0 0 -1.33691
363 364 0.0411616 0 0 0 0 0 0 0.0411616
364 365 0.0686012 0 -0.568872 0 0 0 0 -0.50027
365 366 0.127986 0 -1.33178 0 0 0 0 -1.2038
366 367 0.0578752 0 0 0 0 0 0 0.0578752
367 368 0.00151903 0 -0.591091 0 0 0 0 -0.589572
368 369 0.0268628 0 -0 0 0 0 0 0.0268628
369 370 0.00321193 0 -1.32485 0 0 0 0 -1.32163
370 371 0.0318948 0 0 0 0 0 0 0.0318948
371 372 0.0837183 0 0 0 0 0 0 0.0837183
372 373 0.027314 0 -0 0 0 0 0 0.027314
373 374 0.00132021 0 -1.14615 0 0 0 0 -1.14483
374 375 0.0289333 0 0 0 0 0 0 0.0289333
375 376 0.00558169 0 -1.38087 0 0 0 0 -1.37529
376 377 0.0433341 0 -1.29183 0 0 0 0 -1.24849
377 378 0.044781 0 -1.19732 0 0 0 0 -1.15254
378 379 0.0235523 0 -1.42864 0 0 0 0 -1.40509
380 381 0.0605696 0 0 0 0 0 0 0.0605696
381 382 0.031369 0 0 0 0 0 0 0.031369
382 383 0.0114275 0 -0.791617 0 0 0 0 -0.78019
383 384 0.00262678 0 -1.15575 0 0 0 0 -1.15312
384 385 0.00183253 0 0 0 0 0 0 0.00183253
385 386 0.144147 0 -0.564007 0 0 0 0 -0.41986
386 387 0.0170104 0 -1.03636 0 0 0 0 -1.01935
386 388 0 0 0 0 0 -1.20408e-09 0 -1.20408e-09
387 388 5.06151e-05 0 -1.23439 0 0 0 0 -1.23434
388 389 0.000218769 0 0 0 0 0 0 0.000218769
389 390 0.0300998 0 -0.548576 0 0 0 0 -0.518476
390 391 0.0958998 0 0 0 0 0 0 0.0958998
391 392 0.00153401 0 -1.45076 0 0 0 0 -1.44923
392 393 0.122906 0 -0.854305 0 0 0 0 -0.731399
393 394 0.069424 0 -1.33036 0 0 0 0 -1.26094
394 395 0.0270988 0 -1.15247 0 0 0 0 -1.12537
395 396 0.024066 0 -0.9383 0 0 0 0 -0.914234
396 397 0.000194928 0 0 0 0 0 0 0.000194928
397 398 0.287478 0 -1.03453 0 0 0 0 -0.747052
398 399 0.00832854 0 0 0 0 0 0 0.00832854
400 401 0.0680846 0 -0 0 0 0 0 0.0680846
401 402 0.0825825 0 0 0 0 0 0 0.0825825
402 403 0.032623 0 -1.42627 0 0 0 0 -1.39364
403 404 0.0122584 0 -1.31066 0 0 0 0 -1.2984
404 405 0.124857 0 0 0 0 0 0 0.124857
405 406 0.00573066 0 -1.08069 0 0 0 0 -1.07496
406 407 0.12007 0 -1.03853 0 0 0 0 -0.918465
407 408 0.0475141 0 -1.15356 0 0 0 0 -1.10605
408 409 0.0350673 0 -1.29993 0 0 0 0 -1.26486
409 410 0.0442518 0 -1.15812 0 0 0 0 -1.11387
410 411 0.00155136 0 -1.07002 0 0 0 0 -1.06847
411 412 0.00582966 0 0 0 0 0 0 0.00582966
412 413 0.133164 0 0 0 0 0 0 0.133164
413 414 0.000507185 0 0 0 0 0 0 0.000507185
414 415 0.0268819 0 0 0 0 0 0 0.0268819
415 416 0.0420178 0 -1.04587 0 0 0 0 -1.00385
416 417 9.30445e-05 0 0 0 0 0 0 9.30445e-05
417 418 0.0133976 0 0 0 0 0 0 0.0133976
418 419 0.0726284 0 -0.560632 0 0 0 0 -0.488004
420 421 0.0186011 0 -0.897292 0 0 0 0 -0.878691
421 422 0.0034909 0 -0.932618 0 0 0 0 -0.929127
422 423 9.60042e-05 0 -1.39663 0 0 0 0 -1.39654
423 424 0.0691374 0 -0.996668 0 0 0 0 -0.927531
424 425 0.0100284 0 -1.00147 0 0 0 0 -0.991441
425 426 0.00972457 0 -1.2862 0 0 0 0 -1.27647
426 427 0.00141585 0 0 0 0 0 0 0.00141585
427 428 0.167547 0 -0.855407 0 0 0 0 -0.68786
423 429 0 0 0 0 0 -0.0209233 0 -0.0209233
422 429 0 0 0 0 0 -0.108688 0 -0.108688
428 429 0.0149954 0 -1.34093 0 0 0 0 -1.32593
423 430 0 0 0 0 0 -0.0100066 0 -0.0100066
422 430 0 0 0 0 -0.420522 0 -0 -0.420522
421 430 0 0 0 0 0 -0.122037 0 -0.122037
429 430 0.00248266 0 -1.40063 0 0 0 0 -1.39815
422 431 0 0 0 0 0 -0.063019 0 -0.063019
421 431 0 0 0 0 -0.60471 -1.34151e-26 -0 -0.60471
420 431 0 0 0 0 0 -0.0796083 0 -0.0796083
430 431 0.0449071 0 -0.890708 0 0 0 0 -0.845801
421 432 0 0 0 0 0 -0.132584 -0 -0.132584
420 432 0 0 0 0 -0.601993 0 -0 -0.601993
431 432 0.0007264 0 -1.12121 0 0 0 0 -1.12049
420 433 0 0 0 0 0 -0.0951902 -0 -0.0951902
432 433 0.238421 0 -0.816149 0 0 0 0 -0.577728
433 434 0.119227 0 -1.30294 0 0 0 0 -1.18371
434 435 0.121033 0 -1.41786 0 0 0 0 -1.29683
435 436 0.00208058 0 -1.40412 0 0 0 0 -1.40204
436 437 0.0545969 0 -0.642729 0 0 0 0 -0.588132
437 438 0.00920617 0 -1.19164 0 0 0 0 -1.18243
438 439 0.0136794 0 -1.35204 0 0 0 0 -1.33836
440 441 0.128943 0 -1.11857 0 0 0 0 -0.989628
441 442 0.0116037 0 -1.14311 0 0 0 0 -1.13151
442 443 0.109392 0 -1.11929 0 0 0 0 -1.0099
443 444 0.0625248 0 -0.997264 0 0 0 0 -0.934739
444 445 0.0237578 0 -1.20291 0 0 0 0 -1.17915
445 446 0.00419779 0 -1.15042 0 0 0 0 -1.14622
446 447 0.148154 0 -1.09289 0 0 0 0 -0.944734
447 448 0.0660192 0 -0.00135777 0 0 0 0 0.0646614
448 449 0.12575 0 -0.802589 0 0 0 0 -0.676839
449 450 0.0819853 0 -1.00375 0 0 0 0 -0.921764
450 451 0.18249 0 0 0 0 0 0 0.18249
447 452 0 0 0 0 -0.664036 0 -0 -0.664036
446 452 0 0 0 0 0 -0.127975 -0 -0.127975
451 452 0.024847 0 0 0 0 0 0 0.024847
447 453 0 0 0 0 0 -0.125531 0 -0.125531
446 453 0 0 0 0 -0.665568 0 -0 -0.665568
445 453 0 0 0 0 -0 -0.102547 -0 -0.102547
452 453 0.24555 0 -1.23562 0 0 0 0 -0.990073
446 454 0 0 0 0 -0 -0.124146 0 -0.124146
445 454 0 0 0 0 -0.824327 0 -0 -0.824327
444 454 0 0 0 0 -6.41631e-18 -0.101225 0 -0.101225
453 454 0.0350921 0 -1.26333 0 0 0 0 -1.22824
445 455 0 0 0 0 -0 -0.095975 -0 -0.095975
444 455 0 0 0 0 -0.765948 0 -0 -0.765948
454 455 0.000479879 0 -1.07339 0 0 0 0 -1.07291
444 456 0 0 0 0 -0 -0.167762 0 -0.167762
443 456 0 0 0 0 -0.632812 0 -0 -0.632812
442 456 0 0 0 0 0 -0.11141 0 -0.11141
455 456 0.0298198 0 -0.98331 0 0 0 0 -0.95349
441 457 0 0 0 0 0 -0.139134 0 -0.139134
443 457 0 0 0 0 0 -0.163816 0 -0.163816
442 457 0 0 0 0 -0.741432 0 -0 -0.741432
456 457 0.193939 0 -0.868116 0 0 0 0 -0.674177
441 458 0 0 0 0 -0.53806 0 -0 -0.53806
440 458 0 0 0 0 0 -0.113091 -0 -0.113091
442 458 0 0 0 0 0 -0.188134 0 -0.188134
457 458 0.000350766 0 -1.19136 0 0 0 0 -1.19101
441 459 0 0 0 0 0 -0.196906 0 -0.196906
440 459 0 0 0 0 -0.481957 -3.91525e-06 -0 -0.481961
458 459 0.00176883 0 -0.790312 0 0 0 0 -0.788543
460 461 0.0124117 0 -0 0 0 0 0 0.0124117
461 462 0.00637393 0.0152351 0 0 0 0 0 0.021609
462 463 0.0100821 0 -0 0 0 0 0 0.0100821
463 464 0.0371987 0 0 0 0 0 0 0.0371987
464 465 0.239566 0 -0 0 0 0 0 0.239566
465 466 0.115208 0 -1.44102 0 0 0 0 -1.32581
466 467 0.11033 0 -1.04529 0 0 0 0 -0.934961
467 468 0.145661 0 -1.34915 0 0 0 0 -1.20349
468 469 0.0213919 0 -1.27932 0 0 0 0 -1.25793
469 470 0.536448 0 0 0 0 0 0 0.536448
470 471 0.157134 0 -1.26212 0 0 0 0 -1.10499
471 472 0.0205647 0 -1.29161 0 0 0 0 -1.27105
472 473 0.00195298 0 -1.43653 0 0 0 0 -1.43458
473 474 0.159933 0 -1.3946 0 0 0 0 -1.23467
474 475 0.00598374 0 -0.872129 0 0 0 0 -0.866145
475 476 0.144453 0.061814 -0 0 0 0 0 0.206267
476 477 0.149597 0 0 0 0 0 0 0.149597
477 478 0.0460318 0 -0 0 0 0 0 0.0460318
478 479 0.00788586 0 -1.10624 0 0 0 0 -1.09835
480 481 0.000118223 0 -1.29037 0 0 0 0 -1.29026
481 482 0.0327263 0 -0.719351 0 0 0 0 -0.686625
482 483 0.0398398 0 -0.98575 0 0 0 0 -0.94591
483 484 0.221417 0 -1.1497 0 0 0 0 -0.928283
484 485 0.0880647 0 -1.10389 0 0 0 0 -1.01582
485 486 0.118299 0 0 0 0 0 0 0.118299
486 487 0.0167425 0 0 0 0 0 0 0.0167425
487 488 0.00613746 0 -1.25192 0 0 0 0 -1.24578
488 489 0.000380959 0 -0.975746 0 0 0 0 -0.975365
489 490 0.00365758 0 0 0 0 0 0 0.00365758
490 491 0.0180197 0 -1.22482 0 0 0 0 -1.2068
491 492 0.000522951 0 -1.41411 0 0 0 0 -1.41359
492 493 0.0513106 0 -0.559756 0 0 0 0 -0.508445
493 494 0.000531552 0 -1.23345 0 0 0 0 -1.23291
494 495 0.000766157 0 -1.34488 0 0 0 0 -1.34411
495 496 0.0443131 0 -1.32873 0 0 0 0 -1.28442
496 497 0.00596184 0 -0.526878 0 0 0 0 -0.520916
497 498 0.0887055 0 0 0 0 0 0 0.0887055
498 499 0.0140614 0 -1.37253 0 0 0 0 -1.35847
500 501 0.014255 0 -1.29099 0 0 0 0 -1.27673
501 502 0.0830906 0 0 0 0 0 0 0.0830906
502 503 0.0504025 0 -1.04883 0 0 0 0 -0.998429
503 504 0.00866994 0 0 0 0 0 0 0.00866994
504 505 0.111521 0 -1.39936 0 0 0 0 -1.28784
505 506 0.0123222 0 -1.31375 0 0 0 0 -1.30142
506 507 0.0947328 0 -1.34361 0 0 0 0 -1.24888
507 508 2.00327e-05 0 0 0 0 0 0 2.00327e-05
508 509 0.027414 0 -0.816195 0 0 0 0 -0.788781
509 510 0.0839341 0 0 0 0 0 0 0.0839341
510 511 0.00964216 0 0 0 0 0 0 0.00964216
511 512 0.0488007 0 -1.36209 0 0 0 0 -1.31329
512 513 0.0056969 0 -1.41767 0 0 0 0 -1.41198
513 514 0.0303517 0 0 0 0 0 0 0.0303517
514 515 0.0740995 0 -0.0124731 0 0 0 0 0.0616264
515 516 4.33234e-05 0 -1.12995 0 0 0 0 -1.1299
516 517 0.120628 0 -1.38369 0 0 0 0 -1.26307
517 518 0.160263 0 0 0 0 0 0 0.160263
518 519 0.04602 0 0 0 0 0 0 0.04602
520 521 0.0433646 0 -1.31993 0 0 0 0 -1.27656
521 522 0.00259972 0 -1.1472 0 0 0 0 -1.14461
522 523 0.0023105 0 0 0 0 0 0 0.0023105
523 524 4.6319e-08 0 -1.16978 0 0 0 0 -1.16978
524 525 0.0158953 0 -0.83223 0 0 0 0 -0.816335
525 526 0.00409131 0 0 0 0 0 0 0.00409131
526 527 0.0243499 0 0 0 0 0 0 0.0243499
527 528 0.0265999 0 -0.906601 0 0 0 0 -0.880001
528 529 0.00580546 0 -1.12111 0 0 0 0 -1.11531
529 530 0.00311931 0 -1.06879 0 0 0 0 -1.06567
530 531 0.0622348 0 -1.05032 0 0 0 0 -0.988084
531 532 0.0125174 0 -1.08759 0 0 0 0 -1.07507
532 533 0.00487033 0 0 0 0 0 0 0.00487033
533 534 0.0115233 0 -1.24364 0 0 0 0 -1.23212
534 535 0.160119 0 -1.01208 0 0 0 0 -0.851959
535 536 0.0325173 0 0 0 0 0 0 0.0325173
536 537 0.0925368 0 0 0 0 0 0 0.0925368
537 538 0.00326308 0 0 0 0 0 0 0.00326308
538 539 0.0175925 0 -1.18856 0 0 0 0 -1.17097
540 541 0.0349314 0 0 0 0 0 0 0.0349314
541 542 0.00366863 0 0 0 0 0 0 0.00366863
542 543 0.00514574 0 0 0 0 0 0 0.00514574
543 544 0.128696 0 -0.905373 0 0 0 0 -0.776677
544 545 0.00675026 0 -1.11029 0 0 0 0 -1.10354
545 546 0.0215783 0 -0.564893 0 0 0 0 -0.543315
546 547 0.00306786 0 -1.1912 0 0 0 0 -1.18813
547 548 0.000501563 0 -0.880871 0 0 0 0 -0.880369
548 549 0.0374933 0 -1.32052 0 0 0 0 -1.28303
549 550 0.00634082 0 0 0 0 0 0 0.00634082
550 551 0.000575226 0 -0.156632 0 0 0 0 -0.156057
551 552 0.00631717 0 -1.37629 0 0 0 0 -1.36998
552 553 0.141329 0 0 0 0 0 0 0.141329
553 554 0.019485 0 0 0 0 0 0 0.019485
554 555 0.000566212 0 0 0 0 0 0 0.000566212
555 556 0.00867122 0 0 0 0 0 0 0.00867122
556 557 0.0600849 0 0 0 0 0 0 0.0600849
557 558 0.0190716 0 -1.16103 0 0 0 0 -1.14196
558 559 0.0187579 0 -0.986939 0 0 0 0 -0.968181
560 561 0.132189 0 -1.19078 0 0 0 0 -1.05859
561 562 0.00107574 0 0 0 0 0 0 0.00107574
562 563 0.145347 0 -1.21935 0 0 0 0 -1.07401
563 564 0.088706 0 -1.24767 0 0 0 0 -1.15897
564 565 0.0907154 0 -0 0 0 0 0 0.0907154
565 566 0.0177619 0 0 0 0 0 0 0.0177619
566 567 0.0478952 0 0 0 0 0 0 0.0478952
567 568 0.117981 0 -1.29131 0 0 0 0 -1.17333
568 569 0.0698259 0 -1.07165 0 0 0 0 -1.00183
569 570 0.109553 0 0 0 0 0 0 0.109553
570 571 3.72347e-05 0 -0.728369 0 0 0 0 -0.728332
571 572 0.08037 0 0 0 0 0 0 0.08037
572 573 0.00366531 0 0 0 0 0 0 0.00366531
573 574 0.0003169 0 -0.855793 0 0 0 0 -0.855476
574 575 0.150004 0 -1.11054 0 0 0 0 -0.960533
575 576 0.00142069 0 -1.16405 0 0 0 0 -1.16263
576 577 0.000209356 0 -1.26563 0 0 0 0 -1.26542
577 578 0.00665371 0 0 0 0 0 0 0.00665371
574 579 0 0 0 0 0 -0.00417459 -0 -0.00417459
578 579 0.0800889 0 -1.02624 0 0 0 0 -0.946149
580 581 0.0203651 0 -1.28379 0 0 0 0 -1.26342
581 582 0.069009 0 0 0 0 0 0 0.069009
582 583 0.0529343 0 0 0 0 0 0 0.0529343
583 584 0.0563435 0 -0.453283 0 0 0 0 -0.396939
584 585 0.0684187 0 0 0 0 0 0 0.0684187
585 586 0.0300408 0 -1.27226 0 0 0 0 -1.24222
586 587 0.0102509 0 0 0 0 0 0 0.0102509
587 588 0.0654559 0 0 0 0 0 0 0.0654559
588 589 0.00355596 0 -1.10268 0 0 0 0 -1.09912
589 590 0.00807838 0 -0.94279 0 0 0 0 -0.934711
590 591 0.0384924 0 0 0 0 0 0 0.0384924
591 592 7.0797e-06 0 -0.829085 0 0 0 0 -0.829078
592 593 0.00210684 0 -0.901554 0 0 0 0 -0.899447
593 594 0.0906405 0 -1.36212 0 0 0 0 -1.27148
594 595 0.0751198 0 -1.21727 0 0 0 0 -1.14215
595 596 0.107489 0 -1.00491 0 0 0 0 -0.897425
596 597 0.197273 0 0 0 0 0 0 0.197273
597 598 0.00350167 0 -0.940265 0 0 0 0 -0.936763
598 599 0.00786026 0 0 0 0 0 0 0.00786026
600 601 0.000422428 0 -1.11006 0 0 0 0 -1.10963
601 602 0.0817862 0 -1.392 0 0 0 0 -1.31022
602 603 0.00586722 0 0 0 0 0 0 0.00586722
603 604 0.00946484 0 0 0 0 0 0 0.00946484
604 605 0.126822 0 -0.442227 0 0 0 0 -0.315405
605 606 0.000789344 0 0 0 0 0 0 0.000789344
606 607 0.0211756 0 0 0 0 0 0 0.0211756
607 608 0.0431921 0 -0 0 0 0 0 0.0431921
608 609 0.0258648 0 0 0 0 0 0 0.0258648
609 610 0.0385869 0 -1.1651 0 0 0 0 -1.12651
610 611 0.0992569 0 -0 0 0 0 0 0.0992569
611 612 0.102246 0 -1.06903 0 0 0 0 -0.966783
612 613 4.14485e-06 0 0 0 0 0 0 4.14485e-06
613 614 0.0293382 0 -0 0 0 0 0 0.0293382
614 615 0.0258687 0 -0.905873 0 0 0 0 -0.880004
615 616 0.0352575 0 -1.22894 0 0 0 0 -1.19369
616 617 0.0408811 0 -1.10126 0 0 0 0 -1.06038
617 618 0.120237 0 -0.363429 0 0 0 0 -0.243191
618 619 0.0631454 0 0 0 0 0 0 0.0631454
620 621 0.00603624 0 -1.33674 0 0 0 0 -1.3307
621 622 0.126493 0 -1.27117 0 0 0 0 -1.14468
622 623 0.000492039 0 -1.06536 0 0 0 0 -1.06487
623 624 0.211428 0 -1.33215 0 0 0 0 -1.12073
624 625 0.0134041 0 0 0 0 0 0 0.0134041
625 626 0.00496308 0 -1.06116 0 0 0 0 -1.0562
626 627 0.103532 0 -0.964869 0 0 0 0 -0.861337
627 628 0.00228665 0 -1.14811 0 0 0 0 -1.14582
628 629 0.0557099 0 -1.00426 0 0 0 0 -0.948547
629 630 0.192274 0 0 0 0 0 0 0.192274
630 631 0.0192659 0 -1.19406 0 0 0 0 -1.1748
631 632 0.160846 0 0 0 0 0 0 0.160846
632 633 0.000864255 0 0 0 0 0 0 0.000864255
633 634 0.154505 0 -1.14246 0 0 0 0 -0.987957
634 635 0.156379 0 -1.12187 0 0 0 0 -0.965488
635 636 0.0492026 0 0 0 0 0 0 0.0492026
636 637 0.0777519 0 0 0 0 0 0 0.0777519
637 638 0.00857799 0 -1.01808 0 0 0 0 -1.0095
638 639 0.00727948 0 -1.25875 0 0 0 0 -1.25147
640 641 0.00518422 0 0 0 0 0 0 0.00518422
641 642 0.110805 0 -1.12777 0 0 0 0 -1.01697
642 643 1.93327e-05 0 -1.18864 0 0 0 0 -1.18862
643 644 0.0598504 0 -1.2846 0 0 0 0 -1.22475
644 645 0.000604594 0 -0.714032 0 0 0 0 -0.713428
645 646 0.00145002 0 -1.40292 0 0 0 0 -1.40147
646 647 0.0054203 0 -1.26302 0 0 0 0 -1.2576
647 648 0.0195128 0 -0.20095 0 0 0 0 -0.181438
648 649 0.252459 0 -1.30307 0 0 0 0 -1.05061
649 650 0.035087 0 -0.788848 0 0 0 0 -0.753761
650 651 0.0232985 0 0 0 0 0 0 0.0232985
651 652 4.44194e-05 0 -0 0 0 0 0 4.44194e-05
652 653 0.0759766 0 -0.775293 0 0 0 0 -0.699316
653 654 0.0803503 0 -1.32585 0 0 0 0 -1.2455
654 655 0.021266 0 -1.06435 0 0 0 0 -1.04309
655 656 0.00742488 0 0 0 0 0 0 0.00742488
656 657 0.0528498 0 0 0 0 0 0 0.0528498
657 658 0.000748922 0 -0.863473 0 0 0 0 -0.862724
658 659 0.056917 0 -0 0 0 0 0 0.056917
660 661 0.0988354 0 -1.25769 0 0 0 0 -1.15885
661 662 0.23796 0 -1.16734 0 0 0 0 -0.929382
662 663 0.0254986 0 -1.13737 0 0 0 0 -1.11188
663 664 0.0393681 0 0 0 0 0 0 0.0393681
664 665 0.112782 0 -1.29755 0 0 0 0 -1.18477
665 666 0.0317954 0 -0.938068 0 0 0 0 -0.906273
666 667 0.009992 0 -1.12512 0 0 0 0 -1.11513
667 668 0.0931742 0 0 0 0 0 0 0.0931742
668 669 0.0411247 0 0 0 0 0 0 0.0411247
666 670 0 0 0 0 -0 -0.000880345 -0 -0.000880345
665 670 0 0 0 0 -0.0462827 -1.79834e-05 -0 -0.0463007
669 670 0.0015135 0 0 0 0 0 0 0.0015135
665 671 0 0 0 0 0 -0.0298823 -0 -0.0298823
664 671 0 0 0 0 0 -0.0408107 0 -0.0408107
670 671 0.00951539 0 -0.833266 0 0 0 0 -0.82375
664 672 0 0 0 0 -0 -0.0167396 0 -0.0167396
671 672 0.000157121 0 -1.26985 0 0 0 0 -1.26969
672 673 0.0253411 0 -1.27304 0 0 0 0 -1.2477
673 674 0.00753726 0 0 0 0 0 0 0.00753726
674 675 0.0116267 0 -1.32691 0 0 0 0 -1.31528
675 676 0.0107207 0 0 0 0 0 0 0.0107207
676 677 0.0104956 0 -1.12432 0 0 0 0 -1.11383
677 678 0.0109492 0 -1.10941 0 0 0 0 -1.09846
678 679 0.0100003 0 0 0 0 0 0 0.0100003
680 681 0.123402 0 0 0 0 0 0 0.123402
681 682 0.0182951 0 -1.23133 0 0 0 0 -1.21303
682 683 0.0215898 0 -1.34135 0 0 0 0 -1.31976
683 684 0.0177097 0 -1.3535 0 0 0 0 -1.33579
684 685 0.0764332 0 0 0 0 0 0 0.0764332
685 686 0.0251776 0 -1.40558 0 0 0 0 -1.3804
686 687 0.0683629 0 -0.956618 0 0 0 0 -0.888256
681 688 0 0 0 0 0 -0.0210687 0 -0.0210687
687 688 0.0534311 0 -1.10011 0 0 0 0 -1.04668
681 689 0 0 0 0 0 -0.0299271 0 -0.0299271
688 689 0.0116705 0 -0.947194 0 0 0 0 -0.935524
689 690 0.00502885 0 -0 0 0 0 0 0.00502885
690 691 0.00177137 0 -1.33076 0 0 0 0 -1.32899
691 692 0.145417 0 -1.31864 0 0 0 0 -1.17322
692 693 0.00592264 0 0 0 0 0 0 0.00592264
693 694 0.0277463 0 -0 0 0 0 0 0.0277463
694 695 0.00353935 0 -1.2368 0 0 0 0 -1.23327
695 696 0.0998528 0 -1.35177 0 0 0 0 -1.25192
696 697 0.0351839 0 0 0 0 0 0 0.0351839
697 698 0.125526 0 -1.17933 0 0 0 0 -1.0538
698 699 0.131557 0 -0.563401 0 0 0 0 -0.431844
700 701 0.183588 0 0 0 0 0 0 0.183588
701 702 0.130555 0 -1.17239 0 0 0 0 -1.04183
702 703 0.123453 0 0 0 0 0 0 0.123453
703 704 0.000305064 0 -0 0 0 0 0 0.000305064
704 705 0.000376605 0 0 0 0 0 0 0.000376605
705 706 0.0319274 0 -0 0 0 0 0 0.0319274
706 707 0.0398084 0 0 0 0 0 0 0.0398084
707 708 0.0604345 0 0 0 0 0 0 0.0604345
708 709 0.0818884 0 -1.18555 0 0 0 0 -1.10366
709 710 4.7517e-05 0 -1.36043 0 0 0 0 -1.36039
710 711 0.080587 0 -1.08086 0 0 0 0 -1.00027
711 712 0.00068622 0 -1.23145 0 0 0 0 -1.23077
712 713 0.000256241 0 0 0 0 0 0 0.000256241
713 714 1.12242e-05 0 -1.09369 0 0 0 0 -1.09368
714 715 0.0250279 0 0 0 0 0 0 0.0250279
715 716 0.00672781 0 0 0 0 0 0 0.00672781
716 717 0.0202929 0 -1.12152 0 0 0 0 -1.10123
717 718 0.0495957 0 0 0 0 0 0 0.0495957
718 719 0.265809 0 -0.935585 0 0 0 0 -0.669776
720 721 0.0478336 0 -0 0 0 0 0 0.0478336
721 722 0.0357301 0 -0.715375 0 0 0 0 -0.679645
722 723 0.000941963 0 -0.903173 0 0 0 0 -0.902231
723 724 5.75156e-05 0 -0.71687 0 0 0 0 -0.716813
724 725 0.078968 0 -1.33603 0 0 0 0 -1.25707
725 726 0.0681841 0 -1.28594 0 0 0 0 -1.21776
726 727 0.00188323 0 0 0 0 0 0 0.00188323
727 728 0.00087399 0 0 0 0 0 0 0.00087399
728 729 0.0920146 0 -1.3457 0 0 0 0 -1.25368
729 730 0.00980882 0 0 0 0 0 0 0.00980882
730 731 0.00393965 0 0 0 0 0 0 0.00393965
731 732 0.0411502 0 0 0 0 0 0 0.0411502
732 733 5.39521e-05 0 -1.32479 0 0 0 0 -1.32474
733 734 0.00494618 0 -0 0 0 0 0 0.00494618
734 735 0.0294386 0 -1.42072 0 0 0 0 -1.39128
735 736 0.0565879 0 -1.27947 0 0 0 0 -1.22288
736 737 0.103787 0 -0.894379 0 0 0 0 -0.790592
737 738 0.04014 0 -0 0 0 0 0 0.04014
738 739 0.0333638 0 -0 0 0 0 0 0.0333638
740 741 0.122953 0 0 0 0 0 0 0.122953
741 742 0.0310721 0 -0 0 0 0 0 0.0310721
742 743 0.00373756 0 0 0 0 0 0 0.00373756
743 744 0.000285975 0 -1.294 0 0 0 0 -1.29371
744 745 0.141237 0 -1.2949 0 0 0 0 -1.15366
745 746 0.0786755 0 -1.25297 0 0 0 0 -1.1743
746 747 0.0778868 0 -1.18993 0 0 0 0 -1.11204
747 748 0.0640233 0 0 0 0 0 0 0.0640233
748 749 0.000626641 0 0 0 0 0 0 0.000626641
749 750 0.0331286 0 0 0 0 0 0 0.0331286
750 751 0.0499475 0 0 0 0 0 0 0.0499475
751 752 0.0327291 0 -1.31812 0 0 0 0 -1.28539
752 753 0.0311279 0 0 0 0 0 0 0.0311279
753 754 0.00650343 0 -1.36354 0 0 0 0 -1.35703
754 755 0.0757541 0 -1.44497 0 0 0 0 -1.36921
755 756 0.0248997 0 -1.42712 0 0 0 0 -1.40222
756 757 0.00117904 0 0 0 0 0 0 0.00117904
757 758 5.96776e-05 0 0 0 0 0 0 5.96776e-05
758 759 0.0160523 0 -1.2449 0 0 0 0 -1.22885
760 761 0.100901 0 -0.883675 0 0 0 0 -0.782774
761 762 0.129041 0 -1.06229 0 0 0 0 -0.933245
762 763 0.0178347 0 0 0 0 0 0 0.0178347
763 764 0.026831 0 0 0 0 0 0 0.026831
764 765 0.14376 0 0 0 0 0 0 0.14376
765 766 0.176613 0 -1.30645 0 0 0 0 -1.12983
766 767 0.00233528 0 -0.750719 0 0 0 0 -0.748384
767 768 0.392892 0 0 0 0 0 0 0.392892
768 769 0.143369 0 -1.0376 0 0 0 0 -0.894228
769 770 0.00677307 0 -1.02784 0 0 0 0 -1.02107
770 771 0.0364893 0 -1.08048 0 0 0 0 -1.04399
771 772 0.0231442 0 0 0 0 0 0 0.0231442
772 773 0.00967361 0 -1.31683 0 0 0 0 -1.30716
773 774 0.0542503 0 -0 0 0 0 0 0.0542503
774 775 0.0290268 0 0 0 0 0 0 0.0290268
775 776 0.0158396 0 0 0 0 0 0 0.0158396
776 777 0.0460049 0 -1.34953 0 0 0 0 -1.30352
777 778 0.383884 0 0 0 0 0 0 0.383884
778 779 0.144432 0 -1.42998 0 0 0 0 -1.28554
780 781 0.0202346 0 0 0 0 0 0 0.0202346
781 782 0.0060375 0 -0.99738 0 0 0 0 -0.991343
782 783 0.0613203 0 0 0 0 0 0 0.0613203
783 784 0.0181009 0 0 0 0 0 0 0.0181009
784 785 0.0267671 0 -0 0 0 0 0 0.0267671
785 786 0.00141235 0 -0.937247 0 0 0 0 -0.935835
786 787 0.0111572 0 0 0 0 0 0 0.0111572
787 788 0.0471251 0 0 0 0 0 0 0.0471251
788 789 0.00311734 0 -1.15247 0 0 0 0 -1.14935
789 790 0.0848403 0 -1.15328 0 0 0 0 -1.06844
790 791 0.0247064 0 -1.18113 0 0 0 0 -1.15643
791 792 0.14823 0 -1.36393 0 0 0 0 -1.2157
792 793 0.0937808 0 -1.08807 0 0 0 0 -0.994285
793 794 0.00589546 0 -1.13375 0 0 0 0 -1.12786
794 795 0.0026467 0 -1.40095 0 0 0 0 -1.39831
795 796 0.00245903 0 -0 0 0 0 0 0.00245903
796 797 0.0103592 0 0 0 0 0 0 0.0103592
797 798 0.00111895 0 -1.37773 0 0 0 0 -1.37661
798 799 0.0429869 0 0 0 0 0 0 0.0429869
800 801 0.013557 0 -1.24645 0 0 0 0 -1.23289
801 802 0.0735451 0 0 0 0 0 0 0.0735451
802 803 0.0598512 0 -1.08834 0 0 0 0 -1.02849
803 804 0.00963917 0 -1.37104 0 0 0 0 -1.3614
804 805 0.108212 0 0 0 0 0 0 0.108212
805 806 0.228315 0 0 0 0 0 0 0.228315
806 807 0.00609556 0 -1.25835 0 0 0 0 -1.25225
807 808 0.0747041 0 -1.04056 0 0 0 0 -0.965857
808 809 0.0321727 0 -1.17421 0 0 0 0 -1.14204
809 810 0.0192317 0 0 0 0 0 0 0.0192317
810 811 4.09095e-05 0 0 0 0 0 0 4.09095e-05
811 812 0.00178365 0 -0.90551 0 0 0 0 -0.903726
812 813 0.0902672 0 0 0 0 0 0 0.0902672
813 814 0.0729029 0 -1.20438 0 0 0 0 -1.13148
814 815 0.0172855 0 -1.41177 0 0 0 0 -1.39449
815 816 0.00131184 0 -0.907713 0 0 0 0 -0.906401
816 817 0.287543 0 -1.27228 0 0 0 0 -0.984736
817 818 0.0205453 0 -1.0381 0 0 0 0 -1.01755
818 819 2.11213e-06 0 -1.27383 0 0 0 0 -1.27383
820 821 0.0251732 0 -1.3443 0 0 0 0 -1.31913
821 822 0.00517856 0 -1.07945 0 0 0 0 -1.07427
822 823 0.00017222 0 -1.23612 0 0 0 0 -1.23595
823 824 0.0435217 0 0 0 0 0 0 0.0435217
824 825 0.000985732 0 -1.20286 0 0 0 0 -1.20188
825 826 0.0072025 0 -0 0 0 0 0 0.0072025
826 827 0.186141 0 0 0 0 0 0 0.186141
827 828 0.000149763 0 0 0 0 0 0 0.000149763
828 829 0.127647 0 -0 0 0 0 0 0.127647
829 830 0.0273649 0 -0.904098 0 0 0 0 -0.876733
830 831 0.105375 0 0 0 0 0 0 0.105375
831 832 0.0806106 0 0 0 0 0 0 0.0806106
832 833 0.00662398 0 -1.14328 0 0 0 0 -1.13666
833 834 0.0430289 0 0 0 0 0 0 0.0430289
834 835 0.000570974 0 0 0 0 0 0 0.000570974
835 836 0.0972381 0 -0.775654 0 0 0 0 -0.678416
836 837 0.0187847 0 -1.10433 0 0 0 0 -1.08555
837 838 0.0492449 0 -0.811227 0 0 0 0 -0.761982
838 839 0.0816793 0 0 0 0 0 0 0.0816793
840 841 0.0196436 0 -1.23809 0 0 0 0 -1.21844
841 842 0.183393 0 0 0 0 0 0 0.183393
842 843 0.0105668 0 -1.31191 0 0 0 0 -1.30134
843 844 0.0622665 0 -0.817706 0 0 0 0 -0.75544
844 845 0.00342688 0 0 0 0 0 0 0.00342688
845 846 0.0788177 0 0 0 0 0 0 0.0788177
846 847 0.017167 0 -1.25963 0 0 0 0 -1.24246
847 848 0.0034477 0 0 0 0 0 0 0.0034477
848 849 0.065008 0 -1.23607 0 0 0 0 -1.17106
849 850 0.00271935 0 0 0 0 0 0 0.00271935
850 851 0.0383737 0 -1.24796 0 0 0 0 -1.20958
851 852 0.0375464 0 0 0 0 0 0 0.0375464
852 853 0.019073 0 -1.16722 0 0 0 0 -1.14815
853 854 0.0078583 0 0 0 0 0 0 0.0078583
854 855 0.0527293 0 -1.23862 0 0 0 0 -1.18589
855 856 0.0126189 0 -1.18062 0 0 0 0 -1.16801
855 857 0 0 0 0 0 -4.13307e-07 0 -4.13307e-07
856 857 0.0325205 0 -0.169843 0 0 0 0 -0.137322
857 858 0.000980776 0 0 0 0 0 0 0.000980776
858 859 0.0369599 0 0 0 0 0 0 0.0369599
860 861 0.0064698 0 0 0 0 0 0 0.0064698
861 862 0.00916586 0 0 0 0 0 0 0.00916586
862 863 0.0230516 0 -1.25622 0 0 0 0 -1.23317
863 864 0.000340095 0 0 0 0 0 0 0.000340095
864 865 0.0036287 0 0 0 0 0 0 0.0036287
865 866 0.0968426 0 0 0 0 0 0 0.0968426
866 867 0.139346 0 -1.29918 0 0 0 0 -1.15983
867 868 0.000181562 0 0 0 0 0 0 0.000181562
868 869 9.82857e-05 0 -0.89563 0 0 0 0 -0.895532
869 870 0.072224 0 -1.13055 0 0 0 0 -1.05832
870 871 0.0532458 0 -1.09165 0 0 0 0 -1.0384
871 872 0.000125841 0 0 0 0 0 0 0.000125841
872 873 0.00616957 0 0 0 0 0 0 0.00616957
873 874 0.039895 0 0 0 0 0 0 0.039895
874 875 0.0385104 0 -1.21421 0 0 0 0 -1.1757
875 876 0.0150474 0 -0.00783175 0 0 0 0 0.00721567
876 877 0.0315865 0 -1.35815 0 0 0 0 -1.32657
877 878 0.0229839 0 -1.18299 0 0 0 0 -1.16
878 879 0.0408701 0 -0.364882 0 0 0 0 -0.324012
880 881 0.0100888 0 -1.2698 0 0 0 0 -1.25971
881 882 0.00602246 0 -1.41174 0 0 0 0 -1.40572
882 883 0.00195987 0 -1.0784 0 0 0 0 -1.07644
883 884 0.129011 0 -1.23827 0 0 0 0 -1.10926
884 885 0.00369163 0 -1.16054 0 0 0 0 -1.15685
885 886 0.0111268 0 -1.34372 0 0 0 0 -1.33259
886 887 0.0409786 0 -1.04163 0 0 0 0 -1.00065
887 888 0.167257 0 -1.08071 0 0 0 0 -0.91345
888 889 0.0189912 0 -0 0 0 0 0 0.0189912
889 890 0.0212105 0 -1.3194 0 0 0 0 -1.29819
887 891 0 0 0 0 -0 -0.158389 0 -0.158389
890 891 0.0168246 0 -0.910977 0 0 0 0 -0.894153
888 892 0 0 0 0 0 -0.0356727 0 -0.0356727
887 892 0 0 0 0 -0.485221 0 -0 -0.485221
886 892 0 0 0 0 -0 -0.138143 0 -0.138143
891 892 0.0335658 0 -1.08477 0 0 0 0 -1.0512
887 893 0 0 0 0 -0 -0.123444 0 -0.123444
886 893 0 0 0 0 -0.754624 0 -0 -0.754624
885 893 0 0 0 0 -0 -0.16475 0 -0.16475
892 893 0.0745552 0 -1.34183 0 0 0 0 -1.26727
886 894 0 0 0 0 -0 -0.0815193 0 -0.0815193
885 894 0 0 0 0 -0.682722 0 -0 -0.682722
884 894 0 0 0 0 0 -0.111129 0 -0.111129
893 894 0.00412699 0 -0.890302 0 0 0 0 -0.886175
885 895 0 0 0 0 0 -0.0843458 -0 -0.0843458
884 895 0 0 0 0 -0.581727 0 -0 -0.581727
883 895 0 0 0 0 0 -0.157229 -0 -0.157229
894 895 0.0532634 0 -1.04624 0 0 0 0 -0.99298
884 896 0 0 0 0 0 -0.0348659 -0 -0.0348659
883 896 0 0 0 0 -0.724998 0 -0 -0.724998
882 896 0 0 0 0 0 -0.158191 0 -0.158191
895 896 0.0627946 0 -0.897134 0 0 0 0 -0.834339
883 897 0 0 0 0 0 -0.106904 -0 -0.106904
882 897 0 0 0 0 -0.511866 0 -0 -0.511866
881 897 0 0 0 0 0 -0.196623 0 -0.196623
896 897 0.230565 0 -1.15207 0 0 0 0 -0.921505
882 898 0 0 0 0 0 -0.194116 0 -0.194116
881 898 0 0 0 0 -0.751752 0 -0 -0.751752
880 898 0 0 0 0 0 -0.161482 0 -0.161482
897 898 0.000694501 0 -1.30472 0 0 0 0 -1.30402
898 899 0.000732919 0 -0.683942 0 0 0 0 -0.683209
900 901 0.0132545 0 -1.13801 0 0 0 0 -1.12475
901 902 0.0838717 0 -1.3558 0 0 0 0 -1.27193
902 903 0.00874682 0 0 0 0 0 0 0.00874682
903 904 0.167007 0 0 0 0 0 0 0.167007
904 905 0.122322 0 -0 0 0 0 0 0.122322
905 906 0.250249 0 -0.53709 0 0 0 0 -0.286842
906 907 0.0679771 0 -1.35334 0 0 0 0 -1.28536
907 908 0.000727659 0 0 0 0 0 0 0.000727659
908 909 0.312568 0 -1.40667 0 0 0 0 -1.09411
909 910 0.161225 0 -0 0 0 0 0 0.161225
910 911 0.00380793 0 -1.38771 0 0 0 0 -1.38391
911 912 0.0228308 0 -0 0 0 0 0 0.0228308
912 913 0.153292 0 -1.31742 0 0 0 0 -1.16413
913 914 0.042837 0 0 0 0 0 0 0.042837
914 915 0.107463 0 0 0 0 0 0 0.107463
914 916 0 0 0 0.245048 0 0 0 0.245048
915 916 0.0299833 0 0 0 0 0 0 0.0299833
916 917 0.0278257 0 0 0 0 0 0 0.0278257
917 918 0.000662203 0 -1.38269 0 0 0 0 -1.38203
918 919 0.180732 0 -1.12189 0 0 0 0 -0.941157
920 921 0.0123759 0 -0 0 0 0 0 0.0123759
921 922 0.0373311 0 -1.00717 0 0 0 0 -0.969842
922 923 0.159271 0 -1.12676 0 0 0 0 -0.96749
923 924 0.249072 0 0 0 0 0 0 0.249072
924 925 0.102073 0 -1.37044 0 0 0 0 -1.26837
925 926 0.0222022 0 0 0 0 0 0 0.0222022
926 927 0.00142537 0 0 0 0 0 0 0.00142537
927 928 0.00187149 0 -0.961034 0 0 0 0 -0.959163
928 929 0.0414576 0 -1.35208 0 0 0 0 -1.31062
929 930 0.00261353 0 -1.14888 0 0 0 0 -1.14626
930 931 0.163776 0 -1.0969 0 0 0 0 -0.93312
931 932 0.0285493 0 0 0 0 0 0 0.0285493
932 933 0.0259544 0 0 0 0 0 0 0.0259544
933 934 0.0203115 0 0 0 0 0 0 0.0203115
934 935 0.026963 0 0 0 0 0 0 0.026963
935 936 0.00330542 0 -1.11288 0 0 0 0 -1.10957
936 937 0.0116592 0 0 0 0 0 0 0.0116592
937 938 0.0187724 0 -0.753698 0 0 0 0 -0.734925
938 939 0.481442 0 -1.19828 0 0 0 0 -0.716841
940 941 0.0518482 0 -1.28884 0 0 0 0 -1.237
941 942 0.0377501 0 -1.18401 0 0 0 0 -1.14626
942 943 0.12845 0 0 0 0 0 0 0.12845
943 944 0.12402 0 -1.09308 0 0 0 0 -0.969058
944 945 0.00392232 0 0 0 0 0 0 0.00392232
945 946 0.204777 0 0 0 0 0 0 0.204777
946 947 0.324472 0 -1.04849 0 0 0 0 -0.724021
947 948 0.0989458 0 -0 0 0 0 0 0.0989458
948 949 0.0141696 0 -1.23423 0 0 0 0 -1.22006
949 950 0.000833766 0 -1.21329 0 0 0 0 -1.21246
950 951 0.00146752 0 -0 0 0 0 0 0.00146752
951 952 0.0153889 0 0 0 0 0 0 0.0153889
952 953 0.0132638 0 0 0 0 0 0 0.0132638
953 954 0.0178217 0 -1.02472 0 0 0 0 -1.0069
954 955 0.0791757 0 -1.32229 0 0 0 0 -1.24312
955 956 0.400132 0 -1.18137 0 0 0 0 -0.781241
953 957 0 0 0 0 -0.000379133 -0.00197586 0 -0.002355
956 957 0.143107 0 0 0 0 0 0 0.143107
957 958 0.0292539 0 -1.18666 0 0 0 0 -1.15741
958 959 0.0222815 0 0 0 0 0 0 0.0222815
960 961 0.000429649 0 -0 0 0 0 0 0.000429649
961 962 0.0202282 0 0 0 0 0 0 0.0202282
962 963 0.015713 0 0 0 0 0 0 0.015713
963 964 0.00142833 0 -1.36748 0 0 0 0 -1.36605
964 965 0.000238071 0 -1.45729 0 0 0 0 -1.45705
965 966 0.0108032 0 -1.1211 0 0 0 0 -1.1103
966 967 0.302922 0 0 0 0 0 0 0.302922
967 968 0.00211872 0 -1.04404 0 0 0 0 -1.04192
968 969 0.000751955 0 -1.31621 0 0 0 0 -1.31545
969 970 0.0587901 0 0 0 0 0 0 0.0587901
970 971 0.00444922 0 0 0 0 0 0 0.00444922
971 972 0.171343 0 0 0 0 0 0 0.171343
972 973 0.00353918 0 -1.05465 0 0 0 0 -1.05111
973 974 0.0305968 0 -1.16137 0 0 0 0 -1.13078
974 975 0.000167147 0 -1.00555 0 0 0 0 -1.00538
975 976 0.0488968 0 0 0 0 0 0 0.0488968
976 977 0.112731 0 -0 0 0 0 0 0.112731
977 978 0.0515764 0 0 0 0 0 0 0.0515764
972 979 0 0 0 0 -0 -0.000456076 0 -0.000456076
978 979 0.216537 0 0 0 0 0 0 0.216537
980 981 0.0688519 0 -1.01434 0 0 0 0 -0.945486
981 982 0.0666155 0 -1.01794 0 0 0 0 -0.951321
982 983 0.00378984 0 -1.04286 0 0 0 0 -1.03907
983 984 0.0379777 0 0 0 0 0 0 0.0379777
984 985 9.846e-05 0 -1.42482 0 0 0 0 -1.42472
985 986 0.00730505 0 -0.903427 0 0 0 0 -0.896122
986 987 0.102179 0 -1.35475 0 0 0 0 -1.25257
987 988 0.000896396 0 -1.00138 0 0 0 0 -1.00049
988 989 0.112511 0 0 0 0 0 0 0.112511
989 990 0.111938 0 0 0 0 0 0 0.111938
990 991 0.0132731 0 0 0 0 0 0 0.0132731
991 992 0.0246165 0 0 0 0 0 0 0.0246165
992 993 0.0193796 0 -1.09804 0 0 0 0 -1.07867
993 994 0.109606 0 -1.15785 0 0 0 0 -1.04824
994 995 0.0151751 0 -1.28452 0 0 0 0 -1.26935
995 996 0.00723494 0 -0.376726 0 0 0 0 -0.369491
996 997 1.4766e-05 0 0 0 0 0 0 1.4766e-05
997 998 0.0492795 0 -1.38048 0 0 0 0 -1.33121
998 999 0.120193 0 0 0 0 0 0 0.120193
#Total energy per particle is  -0.590381 and should be -0.59038110
