#id1 id2 FENE BEXC STCK NEXC HB CRSTCK CXSTCK total, t = 200000
0 1 0.00644172 0 0 0 0 0 0 0.00644172
1 2 0.102447 0 0 0 0 0 0 0.102447
2 3 0.190392 0 -1.0693 0 0 0 0 -0.878912
3 4 0.0525945 0 -1.05726 0 0 0 0 -1.00467
4 5 0.00110815 0 -0.918722 0 0 0 0 -0.917614
5 6 0.000360923 0 -0.8554 0 0 0 0 -0.855039
6 7 0.022648 0 -0.192453 0 0 0 0 -0.169805
7 8 0.00417387 0 -1.22628 0 0 0 0 -1.22211
8 9 0.195826 0 -0.829081 0 0 0 0 -0.633254
9 10 0.000478602 0 -1.16808 0 0 0 0 -1.1676
10 11 0.00106915 0 -1.12324 0 0 0 0 -1.12217
11 12 0.00393124 0 -0.950254 0 0 0 0 -0.946323
12 13 0.0033469 0 0 0 0 0 0 0.0033469
13 14 2.86082e-05 0 0 0 0 0 0 2.86082e-05
14 15 0.0814317 0 -1.26375 0 0 0 0 -1.18232
15 16 0.0322497 0 -1.08064 0 0 0 0 -1.04839
16 17 0.054424 0 0 0 0 0 0 0.054424
17 18 0.00100575 0 0 0 0 0 0 0.00100575
18 19 0.000946793 0 -0 0 0 0 0 0.000946793
20 21 0.0437402 0 -1.21224 0 0 0 0 -1.1685
21 22 0.0328963 0 -1.36719 0 0 0 0 -1.3343
22 23 7.84048e-07 0 -1.26462 0 0 0 0 -1.26462
23 24 0.0312897 0 -1.3333 0 0 0 0 -1.30201
24 25 0.00771245 0 -0.64167 0 0 0 0 -0.633958
25 26 0.0836856 0 -1.24233 0 0 0 0 -1.15865
26 27 0.11936 0 0 0 0 0 0 0.11936
23 28 0 0 0 0 -0 -0.000111931 -0 -0.000111931
22 28 0 0 0 0 -0 -0.152632 -0 -0.152632
27 28 0.0349892 0 -0 0 0 0 0 0.0349892
23 29 0 0 0 0 -0 -0.0391911 0 -0.0391911
22 29 0 0 0 0 -0.362343 -1.42103e-05 -0 -0.362357
21 29 0 0 0 0 0 -0.0787334 0 -0.0787334
28 29 0.00688488 0 -1.41381 0 0 0 0 -1.40692
22 30 0 0 0 0 0 -0.182702 0 -0.182702
21 30 0 0 0 0 -0.641164 -2.86093e-17 -0 -0.641164
20 30 0 0 0 0 -0 -0.164332 0 -0.164332
29 30 0.0344555 0 -1.07604 0 0 0 0 -1.04159
30 31 0.0263231 0 0 0 0 0 0 0.0263231
31 32 0.0184841 0 -1.32867 0 0 0 0 -1.31018
32 33 0.10261 0 -1.16232 0 0 0 0 -1.05971
33 34 0.0277562 0 -1.01965 0 0 0 0 -0.991893
34 35 0.298642 0 -0.787039 0 0 0 0 -0.488396
35 36 4.51813e-05 0 -1.12994 0 0 0 0 -1.1299
36 37 0.0129448 0 -1.43126 0 0 0 0 -1.41831
37 38 0.0233846 0 -1.25841 0 0 0 0 -1.23503
38 39 0.164116 0 -1.19099 0 0 0 0 -1.02687
40 41 0.00393859 0 -1.20548 0 0 0 0 -1.20154
41 42 0.00420409 0 0 0 0 0 0 0.00420409
42 43 0.0190509 0 0 0 0 0 0 0.0190509
43 44 0.0421844 0 0 0 0 0 0 0.0421844
44 45 0.0543007 0 0 0 0 0 0 0.0543007
45 46 0.00818395 0 0 0 0 0 0 0.00818395
46 47 0.141588 0 -1.35508 0 0 0 0 -1.21349
47 48 0.0547983 0 0 0 0 0 0 0.0547983
45 49 0 0 0 0 0 -0 -0.000382782 -0.000382782
48 49 0.0789903 0 0 0 0 0 0 0.0789903
49 50 0.0395326 0 0 0 0 0 0 0.0395326
50 51 0.143789 0 0 0 0 0 0 0.143789
51 52 0.00117048 0 0 0 0 0 0 0.00117048
52 53 0.0591281 0 0 0 0 0 0 0.0591281
53 54 0.0538301 0 0 0 0 0 0 0.0538301
54 55 0.047993 0 -0 0 0 0 0 0.047993
55 56 0.0241671 0 -1.0588 0 0 0 0 -1.03464
56 57 0.0120346 0 -0.847118 0 0 0 0 -0.835083
57 58 0.00457976 0 -1.30885 0 0 0 0 -1.30427
58 59 0.00822869 0 0 0 0 0 0 0.00822869
60 61 0.0819369 0 0 0 0 0 0 0.0819369
61 62 0.0211257 0 -0 0 0 0 0 0.0211257
62 63 8.66363e-06 0 0 0 0 0 0 8.66363e-06
63 64 0.0209125 0 -1.18528 0 0 0 0 -1.16437
64 65 0.0814302 0 -1.21258 0 0 0 0 -1.13115
65 66 0.00219106 0 -1.28045 0 0 0 0 -1.27825
66 67 0.00230968 0 -0.962631 0 0 0 0 -0.960321
67 68 0.0195979 0 -1.43662 0 0 0 0 -1.41702
68 69 2.20851e-05 0 0 0 0 0 0 2.20851e-05
69 70 0.0634486 0 0 0 0 0 0 0.0634486
70 71 0.00275658 0 0 0 0 0 0 0.00275658
71 72 0.0123419 0 -0.596003 0 0 0 0 -0.583661
72 73 0.0719167 0 -1.40229 0 0 0 0 -1.33038
73 74 0.0123809 0 -0.949781 0 0 0 0 -0.9374
74 75 0.0620122 0 0 0 0 0 0 0.0620122
75 76 0.00107034 0 -1.31304 0 0 0 0 -1.31197
76 77 0.0289946 0 0 0 0 0 0 0.0289946
77 78 0.342066 0 -1.0731 0 0 0 0 -0.731039
78 79 0.245514 0 -1.24047 0 0 0 0 -0.994959
80 81 0.133164 0 -1.28842 0 0 0 0 -1.15526
81 82 0.0118789 0 0 0 0 0 0 0.0118789
82 83 0.00489279 0 0 0 0 0 0 0.00489279
83 84 0.00084361 0 -1.33029 0 0 0 0 -1.32945
84 85 0.00849899 0 0 0 0 0 0 0.00849899
85 86 0.0496123 0 0 0 0 0 0 0.0496123
86 87 0.0292663 0 -0 0 0 0 0 0.0292663
87 88 0.0132471 0 0 0 0 0 0 0.0132471
88 89 0.0153242 0 -0 0 0 0 0 0.0153242
89 90 0.00711048 0 -1.33303 0 0 0 0 -1.32592
88 91 0 0 0 0 0 -0.0187667 0 -0.0187667
90 91 0.0673606 0 -0.923454 0 0 0 0 -0.856093
91 92 0.048938 0 -1.39004 0 0 0 0 -1.3411
92 93 0.00846937 0 0 0 0 0 0 0.00846937
93 94 0.00358714 0 0 0 0 0 0 0.00358714
94 95 7.45981e-08 0 0 0 0 0 0 7.45981e-08
95 96 0.166865 0 -0 0 0 0 0 0.166865
96 97 0.0149085 0 0 0 0 0 0 0.0149085
97 98 0.0135178 0 0 0 0 0 0 0.0135178
98 99 0.0913123 0 -0 0 0 0 0 0.0913123
100 101 0.000347584 0 -1.29562 0 0 0 0 -1.29528
101 102 0.00248963 0 0 0 0 0 0 0.00248963
102 103 0.100013 0 0 0 0 0 0 0.100013
103 104 0.082642 0 0 0 0 0 0 0.082642
104 105 0.0397189 0 0 0 0 0 0 0.0397189
105 106 0.00120144 0 -0.953094 0 0 0 0 -0.951893
106 107 0.362019 0 0 0 0 0 0 0.362019
107 108 0.0568563 0 -1.29575 0 0 0 0 -1.23889
108 109 0.0616271 0 0 0 0 0 0 0.0616271
106 110 0 0 0 0 -0 -1.88233e-05 0 -1.88233e-05
109 110 0.148333 0 0 0 0 0 0 0.148333
110 111 0.00455346 0 0 0 0 0 0 0.00455346
111 112 0.0459587 0 -0.960044 0 0 0 0 -0.914086
112 113 0.0076754 0 -0.844512 0 0 0 0 -0.836837
113 114 0.0281872 0 -1.177 0 0 0 0 -1.14881
114 115 0.0310773 0 -0.979755 0 0 0 0 -0.948678
115 116 0.00260761 0 0 0 0 0 0 0.00260761
116 117 0.0425257 0 -1.26355 0 0 0 0 -1.22102
117 118 0.000551162 0 0 0 0 0 0 0.000551162
118 119 0.345479 0 0 0 0 0 0 0.345479
120 121 0.00127248 0 0 0 0 0 0 0.00127248
121 122 0.0107789 0 -1.17769 0 0 0 0 -1.16691
122 123 0.0258863 0 -1.08064 0 0 0 0 -1.05475
123 124 0.0376962 0 -0.687371 0 0 0 0 -0.649674
124 125 0.0208576 0 -0.833404 0 0 0 0 -0.812547
125 126 0.057739 0 0 0 0 0 0 0.057739
126 127 0.00410381 0 0 0 0 0 0 0.00410381
123 128 0 0 0 0 -0 -0.165022 0 -0.165022
122 128 0 0 0 0 -0.792125 0 -0 -0.792125
121 128 0 0 0 0 0 -0.161176 0 -0.161176
127 128 0.0391499 0 -0 0 0 0 0 0.0391499
122 129 0 0 0 0 -0 -0.0153476 0 -0.0153476
121 129 0 0 0 0 0 -0.0012574 -0 -0.0012574
128 129 0.248345 0 -1.09807 0 0 0 0 -0.849722
129 130 3.78221e-05 0 -0.739372 0 0 0 0 -0.739335
130 131 0.0674551 0 -1.18382 0 0 0 0 -1.11636
131 132 0.00878827 0 0 0 0 0 0 0.00878827
132 133 0.0057772 0 -1.23153 0 0 0 0 -1.22575
132 134 0 0 0 0.0170337 0 0 0 0.0170337
133 134 0.136534 0 -0 0 0 0 0 0.136534
134 135 0.0076759 0 -1.27958 0 0 0 0 -1.2719
135 136 0.0708703 0 0 0 0 0 0 0.0708703
136 137 0.00923616 0 -1.11429 0 0 0 0 -1.10505
137 138 0.00411435 0 0 0 0 0 0 0.00411435
138 139 0.0134246 0 -0 0 0 0 0 0.0134246
140 141 0.0284133 0 -0.817183 0 0 0 0 -0.78877
141 142 0.000706141 0 -1.1874 0 0 0 0 -1.18669
142 143 0.000184846 0 -0 0 0 0 0 0.000184846
143 144 0.000143677 0 -1.18411 0 0 0 0 -1.18397
144 145 0.0402354 0 -1.29207 0 0 0 0 -1.25184
145 146 0.0342357 0 -1.34318 0 0 0 0 -1.30894
146 147 0.00191947 0 0 0 0 0 0 0.00191947
147 148 0.0634417 0 -1.15976 0 0 0 0 -1.09632
148 149 0.209335 0 0 0 0 0 0 0.209335
149 150 0.00857079 0 -1.14807 0 0 0 0 -1.1395
150 151 0.00495331 0 0 0 0 0 0 0.00495331
151 152 0.00667478 0 -1.12593 0 0 0 0 -1.11926
152 153 0.0177958 0 -1.25326 0 0 0 0 -1.23547
153 154 0.165985 0 -1.03698 0 0 0 0 -0.870999
154 155 0.00340189 0 -1.30587 0 0 0 0 -1.30247
155 156 0.0450061 0 -0.92477 0 0 0 0 -0.879764
156 157 0.149111 0 -0.880058 0 0 0 0 -0.730947
157 158 0.00014272 0 0 0 0 0 0 0.00014272
158 159 0.0030085 0 -0.943372 0 0 0 0 -0.940364
160 161 0.00938398 0 -1.19195 0 0 0 0 -1.18257
161 162 0.0152136 0 -1.15648 0 0 0 0 -1.14126
162 163 0.00578555 0 0 0 0 0 0 0.00578555
163 164 0.016527 0 -0 0 0 0 0 0.016527
164 165 9.85444e-05 0 0 0 0 0 0 9.85444e-05
165 166 0.0200315 0 -1.42322 0 0 0 0 -1.40319
166 167 0.166261 0 0 0 0 0 0 0.166261
167 168 0.131661 0 -1.337 0 0 0 0 -1.20534
168 169 0.0479916 0 0 0 0 0 0 0.0479916
169 170 0.00219366 0 -1.21364 0 0 0 0 -1.21145
170 171 0.08401 0 -1.13493 0 0 0 0 -1.05092
171 172 0.052116 0 -0 0 0 0 0 0.052116
172 173 0.00692955 0 0 0 0 0 0 0.00692955
173 174 0.012635 0 0 0 0 0 0 0.012635
174 175 0.0440564 0 0 0 0 0 0 0.0440564
175 176 0.204598 0 -1.04601 0 0 0 0 -0.841417
176 177 0.0737366 0 -1.42895 0 0 0 0 -1.35522
177 178 0.000653736 0 -1.25024 0 0 0 0 -1.24959
178 179 0.00101926 0 -1.25671 0 0 0 0 -1.25569
180 181 0.0100027 0 -1.03526 0 0 0 0 -1.02526
181 182 0.0232024 0 -1.32003 0 0 0 0 -1.29683
182 183 0.000579124 0 -1.31566 0 0 0 0 -1.31508
183 184 0.0128976 0 -1.22245 0 0 0 0 -1.20955
184 185 0.107003 0 -1.38171 0 0 0 0 -1.2747
185 186 0.0359567 0 -1.34147 0 0 0 0 -1.30551
186 187 0.00302987 0 -1.05726 0 0 0 0 -1.05423
187 188 0.0382262 0 0 0 0 0 0 0.0382262
188 189 0.158092 0 -0.890188 0 0 0 0 -0.732096
189 190 0.000269736 0 -1.19891 0 0 0 0 -1.19864
190 191 0.0513427 0 -1.05879 0 0 0 0 -1.00745
191 192 0.061245 0 -1.11574 0 0 0 0 -1.0545
192 193 0.0535545 0 -1.37594 0 0 0 0 -1.32239
193 194 0.182304 0 -1.40719 0 0 0 0 -1.22489
194 195 0.0122221 0 -1.11246 0 0 0 0 -1.10024
195 196 0.0194528 0 -0 0 0 0 0 0.0194528
196 197 0.024288 0 -0.918534 0 0 0 0 -0.894246
197 198 0.0414227 0 -1.18347 0 0 0 0 -1.14205
198 199 0.00494589 0 -0 0 0 0 0 0.00494589
200 201 0.00343173 0 0 0 0 0 0 0.00343173
201 202 0.0101486 0 -1.38999 0 0 0 0 -1.37984
202 203 0.0314289 0 -1.03632 0 0 0 0 -1.00489
203 204 0.0176894 0 -1.29003 0 0 0 0 -1.27234
204 205 0.137968 0 -1.11108 0 0 0 0 -0.973116
205 206 0.00591326 0 0 0 0 0 0 0.00591326
206 207 0.0758557 0 -1.11813 0 0 0 0 -1.04228
207 208 0.093053 0 -1.05606 0 0 0 0 -0.963011
208 209 0.00447208 0 -1.19854 0 0 0 0 -1.19407
209 210 0.0896577 0 0 0 0 0 0 0.0896577
210 211 0.000902622 0 -1.20154 0 0 0 0 -1.20064
211 212 0.0421986 0 -1.10323 0 0 0 0 -1.06104
212 213 0.116823 0 -1.32922 0 0 0 0 -1.2124
213 214 0.0193047 0 -1.39031 0 0 0 0 -1.371
214 215 0.0330941 0 -1.27407 0 0 0 0 -1.24098
215 216 0.104724 0 -1.33629 0 0 0 0 -1.23157
216 217 0.0545823 0 -1.00516 0 0 0 0 -0.950573
217 218 0.0246738 0 -1.29379 0 0 0 0 -1.26912
218 219 0.000124716 0 0 0 0 0 0 0.000124716
220 221 0.257092 0 -1.04451 0 0 0 0 -0.787419
221 222 0.127349 0 -0.82656 0 0 0 0 -0.699211
222 223 0.00221299 0 0 0 0 0 0 0.00221299
223 224 0.00299592 0 -0 0 0 0 0 0.00299592
224 225 0.0595124 0 0 0 0 0 0 0.0595124
225 226 0.0756041 0 0 0 0 0 0 0.0756041
226 227 0.339515 0 -1.16731 0 0 0 0 -0.827795
227 228 0.00323372 0 -1.19756 0 0 0 0 -1.19433
228 229 0.00274954 0 0 0 0 0 0 0.00274954
229 230 0.00444998 0 0 0 0 0 0 0.00444998
230 231 0.00298325 0 -1.27389 0 0 0 0 -1.2709
231 232 0.00319491 0 0 0 0 0 0 0.00319491
232 233 1.79283e-05 0 -1.27432 0 0 0 0 -1.2743
233 234 0.0767054 0 -1.268 0 0 0 0 -1.19129
234 235 0.000181259 0 0 0 0 0 0 0.000181259
235 236 0.02179 0 0 0 0 0 0 0.02179
236 237 0.0234644 0 -1.06607 0 0 0 0 -1.0426
237 238 0.0114714 0 0 0 0 0 0 0.0114714
238 239 0.0315852 0 -1.31664 0 0 0 0 -1.28505
240 241 0.00336691 0 0 0 0 0 0 0.00336691
241 242 0.112634 0 -0 0 0 0 0 0.112634
242 243 0.05407 0 0 0 0 0 0 0.05407
243 244 0.0040386 0 0 0 0 0 0 0.0040386
244 245 0.00103355 0 0 0 0 0 0 0.00103355
245 246 0.160277 0 0 0 0 0 0 0.160277
246 247 0.0149921 0 -1.0564 0 0 0 0 -1.04141
247 248 0.00181952 0 -1.22486 0 0 0 0 -1.22304
248 249 0.136668 0 -1.33427 0 0 0 0 -1.1976
249 250 0.000106375 0 0 0 0 0 0 0.000106375
250 251 0.0122353 0 0 0 0 0 0 0.0122353
251 252 0.0128281 0 -0.755594 0 0 0 0 -0.742766
252 253 0.0507051 0 0 0 0 0 0 0.0507051
253 254 0.100473 0 0 0 0 0 0 0.100473
254 255 0.165394 0 0 0 0 0 0 0.165394
255 256 0.0179091 0 -1.25767 0 0 0 0 -1.23976
256 257 0.14932 0 -1.31663 0 0 0 0 -1.16731
257 258 0.0259961 0 0 0 0 0 0 0.0259961
258 259 2.83162e-05 0 0 0 0 0 0 2.83162e-05
260 261 0.0925539 0 -1.29272 0 0 0 0 -1.20016
261 262 0.0334193 0 0 0 0 0 0 0.0334193
262 263 7.81071e-06 0 0 0 0 0 0 7.81071e-06
263 264 0.0961851 0 -1.25188 0 0 0 0 -1.15569
264 265 0.113432 0 -0 0 0 0 0 0.113432
265 266 0.0651901 0 -0.425219 0 0 0 0 -0.360029
266 267 0.140101 0 0 0 0 0 0 0.140101
267 268 0.00196715 0 0 0 0 0 0 0.00196715
268 269 0.0211084 0 -0 0 0 0 0 0.0211084
269 270 0.0774184 0 -0.957748 0 0 0 0 -0.88033
270 271 0.00360732 0 -0.934324 0 0 0 0 -0.930716
271 272 0.212577 0 -1.15352 0 0 0 0 -0.940947
271 273 0 0 0 0.0868585 0 0 0 0.0868585
272 273 0.0142762 0 0 0 0 0 0 0.0142762
273 274 0.0344507 0 -0.000448271 0 0 0 0 0.0340025
274 275 0.0416193 0 -1.28983 0 0 0 0 -1.24821
275 276 0.0357362 0 0 0 0 0 0 0.0357362
276 277 0.000426857 0 -1.18936 0 0 0 0 -1.18893
277 278 0.0123973 0 -0.893764 0 0 0 0 -0.881367
278 279 0.00749274 0 0 0 0 0 0 0.00749274
280 281 0.122592 0 -1.26421 0 0 0 0 -1.14161
281 282 0.0485543 0 -1.24615 0 0 0 0 -1.19759
282 283 0.0266941 0 -1.31826 0 0 0 0 -1.29157
283 284 0.165937 0 -0 0 0 0 0 0.165937
284 285 0.00949568 0 0 0 0 0 0 0.00949568
285 286 0.154793 0 0 0 0 0 0 0.154793
286 287 0.00606362 0 -1.24961 0 0 0 0 -1.24354
287 288 0.000899329 0 0 0 0 0 0 0.000899329
288 289 4.96907e-06 0 -1.37843 0 0 0 0 -1.37843
285 290 0 0 0 0 -0 -0.09106 0 -0.09106
289 290 0.0193015 0 0 0 0 0 0 0.0193015
290 291 0.00266453 0 0 0 0 0 0 0.00266453
291 292 0.001088 0 0 0 0 0 0 0.001088
292 293 0.120737 0 -1.38026 0 0 0 0 -1.25953
293 294 1.6582e-09 0 -1.13798 0 0 0 0 -1.13798
294 295 0.0103554 0 -1.29289 0 0 0 0 -1.28253
295 296 9.9233e-07 0 -0.798458 0 0 0 0 -0.798457
296 297 0.161347 0 0 0 0 0 0 0.161347
297 298 0.0206569 0 -1.15678 0 0 0 0 -1.13613
298 299 1.99617e-07 0 -1.38574 0 0 0 0 -1.38574
300 301 0.0182857 0 0 0 0 0 0 0.0182857
301 302 0.0562919 0 -1.3236 0 0 0 0 -1.26731
302 303 0.000596194 0 -0 0 0 0 0 0.000596194
303 304 0.033042 0 0 0 0 0 0 0.033042
304 305 0.0804957 0 0 0 0 0 0 0.0804957
305 306 0.00239794 0 0 0 0 0 0 0.00239794
306 307 0.0464768 0 -0.904138 0 0 0 0 -0.857661
307 308 0.0274197 0 0 0 0 0 0 0.0274197
308 309 0.00357785 0 -1.3602 0 0 0 0 -1.35662
309 310 0.00227273 0 -1.37011 0 0 0 0 -1.36784
310 311 0.482524 0 -1.37903 0 0 0 0 -0.896507
311 312 0.0503732 0 -1.03397 0 0 0 0 -0.983599
312 313 0.0956208 0 -1.22699 0 0 0 0 -1.13137
313 314 0.157869 0 -1.41703 0 0 0 0 -1.25916
314 315 1.85433e-05 0 0 0 0 0 0 1.85433e-05
315 316 0.123279 0 0 0 0 0 0 0.123279
316 317 0.000480171 0 -1.3693 0 0 0 0 -1.36882
317 318 0.426887 0 -0.60965 0 0 0 0 -0.182762
318 319 0.206182 0 0 0 0 0 0 0.206182
320 321 0.000244059 0 -1.11041 0 0 0 0 -1.11016
321 322 0.338531 0 -1.23846 0 0 0 0 -0.899926
322 323 0.010099 0 -1.32263 0 0 0 0 -1.31253
323 324 0.0152226 0 -1.23525 0 0 0 0 -1.22002
324 325 4.60001e-07 0 -1.46271 0 0 0 0 -1.46271
325 326 0.00135125 0 -1.33416 0 0 0 0 -1.3328
326 327 0.00537839 0 -1.31407 0 0 0 0 -1.30869
327 328 0.00246551 0 -1.3998 0 0 0 0 -1.39733
328 329 0.00496207 0 -1.2066 0 0 0 0 -1.20164
329 330 0.162269 0 0 0 0 0 0 0.162269
330 331 0.107143 0 -1.3507 0 0 0 0 -1.24356
327 332 0 0 0 0 -0 -0.0305515 0 -0.0305515
326 332 0 0 0 0 -0 -0.0085871 0 -0.0085871
331 332 0.044973 0 0 0 0 0 0 0.044973
327 333 0 0 0 0 -0 -0.156826 0 -0.156826
326 333 0 0 0 0 -0.754905 0 -0 -0.754905
325 333 0 0 0 0 -0 -0.197709 0 -0.197709
332 333 0.0205353 0 -1.35092 0 0 0 0 -1.33039
326 334 0 0 0 0 -0 -0.193619 0 -0.193619
325 334 0 0 0 0 -0.721926 0 -0 -0.721926
324 334 0 0 0 0 0 -0.138258 0 -0.138258
333 334 0.11221 0 -1.41518 0 0 0 0 -1.30297
325 335 0 0 0 0 0 -0.152736 0 -0.152736
324 335 0 0 0 0 0 -5.81169e-08 -0 -5.81169e-08
323 335 0 0 0 0 0 -0.0195855 -0 -0.0195855
334 335 0.140235 0 -1.42453 0 0 0 0 -1.2843
324 336 0 0 0 0 -0 -0.00110156 0 -0.00110156
335 336 0.00214391 0 -1.19418 0 0 0 0 -1.19203
336 337 0.271387 0 0 0 0 0 0 0.271387
337 338 0.001324 0 0 0 0 0 0 0.001324
338 339 0.0792053 0 -1.12 0 0 0 0 -1.04079
340 341 0.379142 0 -1.05335 0 0 0 0 -0.674206
341 342 0.00731606 0 -1.27761 0 0 0 0 -1.27029
342 343 0.000768578 0 -1.25089 0 0 0 0 -1.25012
343 344 0.0606164 0 -1.26651 0 0 0 0 -1.20589
344 345 0.00539883 0 -1.3044 0 0 0 0 -1.299
345 346 0.104684 0 -1.32999 0 0 0 0 -1.2253
346 347 0.0909817 0 0 0 0 0 0 0.0909817
347 348 0.0240894 0 -1.00104 0 0 0 0 -0.976954
348 349 0.0365348 0 -1.01243 0 0 0 0 -0.975892
349 350 0.0256095 0 -0.792977 0 0 0 0 -0.767367
350 351 0.00832303 0 -1.35609 0 0 0 0 -1.34776
351 352 0.0670857 0 -0.949605 0 0 0 0 -0.88252
352 353 0.00171891 0 0 0 0 0 0 0.00171891
353 354 0.0743907 0 -1.1293 0 0 0 0 -1.05491
354 355 0.000921477 0 -0.955365 0 0 0 0 -0.954444
355 356 0.141777 0 -1.26519 0 0 0 0 -1.12341
356 357 0.0257145 0 -0 0 0 0 0 0.0257145
357 358 0.00170172 0 -1.25107 0 0 0 0 -1.24937
358 359 0.0543195 0 0 0 0 0 0 0.0543195
360 361 0.00138486 0 0 0 0 0 0 0.00138486
361 362 0.0134561 0 -1.04798 0 0 0 0 -1.03452
362 363 0.0445099 0 0 0 0 0 0 0.0445099
363 364 0.00121911 0 0 0 0 0 0 0.00121911
364 365 0.0263343 0 0 0 0 0 0 0.0263343
365 366 0.0106955 0 -1.33088 0 0 0 0 -1.32019
366 367 0.00702482 0 0 0 0 0 0 0.00702482
367 368 0.0235606 0 -1.22928 0 0 0 0 -1.20572
368 369 0.208629 0 -0 0 0 0 0 0.208629
369 370 0.0234154 0 -0 0 0 0 0 0.0234154
370 371 0.00627544 0 0 0 0 0 0 0.00627544
371 372 0.00898705 0 0 0 0 0 0 0.00898705
372 373 0.0352951 0 -1.34395 0 0 0 0 -1.30866
373 374 0.197021 0 -0.771067 0 0 0 0 -0.574045
374 375 0.152674 0 0 0 0 0 0 0.152674
375 376 0.000353506 0 0 0 0 0 0 0.000353506
376 377 0.058767 0 0 0 0 0 0 0.058767
377 378 0.0823731 0 0 0 0 0 0 0.0823731
378 379 0.00673757 0 -1.13985 0 0 0 0 -1.13311
380 381 0.104945 0 0 0 0 0 0 0.104945
381 382 0.0442131 0 0 0 0 0 0 0.0442131
382 383 0.00836787 0 -0.625379 0 0 0 0 -0.617011
383 384 0.25225 0 -1.09884 0 0 0 0 -0.846588
384 385 0.0146324 0 -0.808545 0 0 0 0 -0.793913
385 386 0.0477356 0 0 0 0 0 0 0.0477356
386 387 0.11446 0 -1.08714 0 0 0 0 -0.972677
387 388 0.00119345 0 -1.25947 0 0 0 0 -1.25827
388 389 0.0174534 0 -1.13568 0 0 0 0 -1.11823
389 390 0.0745378 0 -1.25209 0 0 0 0 -1.17755
390 391 0.023054 0 0 0 0 0 0 0.023054
391 392 0.100698 0 -1.17974 0 0 0 0 -1.07904
392 393 0.00010377 0 -1.34214 0 0 0 0 -1.34204
393 394 0.0010257 0 -0.648215 0 0 0 0 -0.647189
394 395 0.0565233 0 0 0 0 0 0 0.0565233
395 396 0.0962674 0 -1.10441 0 0 0 0 -1.00814
396 397 0.0172282 0 -1.23239 0 0 0 0 -1.21516
397 398 0.0272817 0 0 0 0 0 0 0.0272817
398 399 0.0484026 0 0 0 0 0 0 0.0484026
400 401 0.0197072 0 -1.38129 0 0 0 0 -1.36158
401 402 0.000187885 0 -0.455793 0 0 0 0 -0.455605
402 403 0.00773459 0 -1.00898 0 0 0 0 -1.00125
403 404 0.0424682 0 0 0 0 0 0 0.0424682
404 405 0.000547921 0 0 0 0 0 0 0.000547921
404 406 0 0 0 0.000944489 0 0 0 0.000944489
405 406 0.00149985 0 0 0 0 0 0 0.00149985
406 407 0.0996207 0 0 0 0 0 0 0.0996207
407 408 0.0146737 0 -1.25972 0 0 0 0 -1.24505
408 409 0.00654603 0 -1.44477 0 0 0 0 -1.43822
409 410 0.00602826 0 -1.3594 0 0 0 0 -1.35337
410 411 0.00512232 0 0 0 0 0 0 0.00512232
411 412 0.0290128 0 0 0 0 0 0 0.0290128
412 413 0.00914402 0 -1.41404 0 0 0 0 -1.40489
413 414 0.0494769 0 -1.29899 0 0 0 0 -1.24951
414 415 0.061441 0 -1.21612 0 0 0 0 -1.15468
415 416 0.0302446 0 0 0 0 0 0 0.0302446
416 417 0.330427 0 -1.24224 0 0 0 0 -0.911812
417 418 0.0468089 0 -1.28454 0 0 0 0 -1.23773
418 419 0.00105645 0.0766065 0 0 0 0 0 0.0776629
420 421 0.0170922 0 -0 0 0 0 0 0.0170922
421 422 0.0373709 0 -0 0 0 0 0 0.0373709
422 423 0.103437 0 0 0 0 0 0 0.103437
423 424 0.0166528 0 0 0 0 0 0 0.0166528
424 425 0.0395462 0 -1.17292 0 0 0 0 -1.13337
425 426 0.00638647 0 0 0 0 0 0 0.00638647
426 427 0.00214934 0 -1.38376 0 0 0 0 -1.38161
427 428 0.0145092 0 -1.04905 0 0 0 0 -1.03454
428 429 0.0972954 0 -1.23253 0 0 0 0 -1.13523
429 430 0.00247613 0 -1.03828 0 0 0 0 -1.0358
430 431 0.0107421 0 -0.992066 0 0 0 0 -0.981324
431 432 0.00202724 0 -1.43885 0 0 0 0 -1.43683
432 433 0.0605633 0 0 0 0 0 0 0.0605633
433 434 0.0340933 0 0 0 0 0 0 0.0340933
434 435 0.004254 0 -0.91539 0 0 0 0 -0.911136
435 436 0.000886094 0 0 0 0 0 0 0.000886094
436 437 0.0031579 0 -0.840389 0 0 0 0 -0.837232
437 438 0.160527 0 0 0 0 0 0 0.160527
438 439 0.00406896 0 0 0 0 0 0 0.00406896
440 441 0.0585479 0 0 0 0 0 0 0.0585479
441 442 0.0085832 0 -0.997408 0 0 0 0 -0.988825
442 443 0.000157441 0 -1.00122 0 0 0 0 -1.00106
443 444 0.0133043 0 0 0 0 0 0 0.0133043
444 445 0.0246983 0 -1.23248 0 0 0 0 -1.20778
445 446 0.0983183 0 -1.06515 0 0 0 0 -0.966827
446 447 0.0444666 0 -1.3694 0 0 0 0 -1.32493
447 448 0.000892473 0 -1.4328 0 0 0 0 -1.43191
448 449 0.00822104 0 -1.20613 0 0 0 0 -1.19791
449 450 0.0171421 0 -1.33409 0 0 0 0 -1.31695
450 451 0.0901781 0 0 0 0 0 0 0.0901781
451 452 0.0366157 0 -1.18079 0 0 0 0 -1.14418
452 453 0.0172814 0 -1.20904 0 0 0 0 -1.19176
453 454 8.73793e-06 0 0 0 0 0 0 8.73793e-06
454 455 0.0693569 0 -1.23642 0 0 0 0 -1.16707
455 456 0.358118 0 0 0 0 0 0 0.358118
456 457 0.0499112 0 -0.85143 0 0 0 0 -0.801519
457 458 0.104995 0 -1.0167 0 0 0 0 -0.911705
458 459 0.038722 0 -1.31753 0 0 0 0 -1.27881
460 461 0.0257298 0 -1.24085 0 0 0 0 -1.21512
461 462 1.45053e-07 0 -1.29949 0 0 0 0 -1.29949
462 463 0.116913 0 -1.23627 0 0 0 0 -1.11936
463 464 0.00397692 0 -1.15391 0 0 0 0 -1.14993
464 465 0.012911 0 0 0 0 0 0 0.012911
465 466 0.046657 0 -1.16191 0 0 0 0 -1.11525
466 467 0.00304149 0 0 0 0 0 0 0.00304149
467 468 0.0423675 0 -1.10205 0 0 0 0 -1.05969
468 469 0.0804782 0 -1.04749 0 0 0 0 -0.96701
469 470 0.126323 0 -1.25222 0 0 0 0 -1.1259
470 471 0.0386806 0 0 0 0 0 0 0.0386806
471 472 7.0285e-05 0 -1.40661 0 0 0 0 -1.40654
472 473 0.00107248 0 0 0 0 0 0 0.00107248
464 474 0 0 0 0 0 -0.0744208 -0 -0.0744208
473 474 0.0155777 0 -1.18942 0 0 0 0 -1.17384
464 475 0 0 0 0 -0.7055 0 -0 -0.7055
463 475 0 0 0 0 -2.06233e-30 -0.183193 0 -0.183193
474 475 8.30421e-07 0 -1.11805 0 0 0 0 -1.11805
464 476 0 0 0 0 -0 -0.156629 -0 -0.156629
463 476 0 0 0 0 -0.759755 0 -0 -0.759755
462 476 0 0 0 0 -3.25412e-29 -0.168878 0 -0.168878
475 476 0.048765 0 -1.02604 0 0 0 0 -0.97727
463 477 0 0 0 0 -0 -0.204691 0 -0.204691
462 477 0 0 0 0 -0.780837 0 -0 -0.780837
461 477 0 0 0 0 -1.31095e-29 -0.122796 -0 -0.122796
476 477 0.0172897 0 -1.09503 0 0 0 0 -1.07774
462 478 0 0 0 0 -0 -0.115029 0 -0.115029
461 478 0 0 0 0 -0.742147 0 -0 -0.742147
460 478 0 0 0 0 -2.11119e-28 -0.124722 0 -0.124722
477 478 0.095958 0 -1.1202 0 0 0 0 -1.02424
478 479 0.000328919 0 0 0 0 0 0 0.000328919
480 481 0.00844437 0 -0.550649 0 0 0 0 -0.542205
481 482 0.0672972 0 0 0 0 0 0 0.0672972
482 483 0.0926462 0 -1.15417 0 0 0 0 -1.06152
483 484 0.0136333 0 -1.03094 0 0 0 0 -1.01731
484 485 0.0386195 0 0 0 0 0 0 0.0386195
485 486 0.00215105 0 0 0 0 0 0 0.00215105
486 487 0.0151008 0 -1.30755 0 0 0 0 -1.29245
487 488 0.215152 0 -1.46646 0 0 0 0 -1.25131
488 489 0.0212574 0 -0 0 0 0 0 0.0212574
489 490 0.00155741 0 -0 0 0 0 0 0.00155741
489 491 0 0 0 0 -0 -0 -0.00111364 -0.00111364
490 491 0.0249582 0 -1.22231 0 0 0 0 -1.19735
491 492 0.206017 0 0 0 0 0 0 0.206017
492 493 0.142368 0 -1.37757 0 0 0 0 -1.2352
493 494 3.99347e-05 0 -1.38618 0 0 0 0 -1.38614
494 495 0.0779808 0 0 0 0 0 0 0.0779808
495 496 0.0122575 0 0 0 0 0 0 0.0122575
496 497 0.0305835 0 0 0 0 0 0 0.0305835
497 498 0.0890293 0 0 0 0 0 0 0.0890293
498 499 0.0010807 0 -0 0 0 0 0 0.0010807
500 501 0.0433615 0 0 0 0 0 0 0.0433615
501 502 0.000350662 0 -1.41781 0 0 0 0 -1.41746
502 503 0.170396 0 0 0 0 0 0 0.170396
503 504 0.0655601 0 0 0 0 0 0 0.0655601
504 505 0.116964 0 -1.383 0 0 0 0 -1.26604
505 506 0.0498831 0 -1.3606 0 0 0 0 -1.31071
506 507 0.16315 0 0 0 0 0 0 0.16315
507 508 0.0757164 0 -1.27788 0 0 0 0 -1.20216
508 509 0.112637 0 -1.40823 0 0 0 0 -1.29559
509 510 0.0121221 0 -1.08239 0 0 0 0 -1.07027
510 511 0.0229971 0 -1.19772 0 0 0 0 -1.17472
511 512 0.000565851 0 -1.34252 0 0 0 0 -1.34196
512 513 0.118903 0 0 0 0 0 0 0.118903
513 514 0.0902511 0 0 0 0 0 0 0.0902511
511 515 0 0 0 0 0 -0.0221709 0 -0.0221709
510 515 0 0 0 0 -0.27425 0 -0 -0.27425
509 515 0 0 0 0 -0 -0.0673986 0 -0.0673986
514 515 0.0166994 0 0 0 0 0 0 0.0166994
510 516 0 0 0 0 -0 -0.149409 0 -0.149409
509 516 0 0 0 0 -0.601402 -1.99383e-18 -0 -0.601402
508 516 0 0 0 0 -1.66479e-28 -0.0759971 0 -0.0759971
515 516 0.015285 0 -1.24255 0 0 0 0 -1.22726
509 517 0 0 0 0 -0 -0.0741493 0 -0.0741493
508 517 0 0 0 0 -0.509641 -8.85389e-27 -0 -0.509641
516 517 0.162706 0 -1.25202 0 0 0 0 -1.08932
517 518 0.191652 0 0 0 0 0 0 0.191652
518 519 0.112406 0 -1.19696 0 0 0 0 -1.08455
520 521 0.000191198 0 0 0 0 0 0 0.000191198
521 522 0.0116056 0 -1.33223 0 0 0 0 -1.32063
522 523 0.0926622 0 -1.09684 0 0 0 0 -1.00418
523 524 0.180543 0 -0.787225 0 0 0 0 -0.606683
524 525 9.99404e-05 0 -1.25202 0 0 0 0 -1.25192
525 526 0.00473252 0 0 0 0 0 0 0.00473252
526 527 0.162154 0 -0.602798 0 0 0 0 -0.440644
527 528 6.36349e-05 0 -1.15275 0 0 0 0 -1.15269
528 529 0.0443245 0 -0 0 0 0 0 0.0443245
529 530 0.0202341 0 0 0 0 0 0 0.0202341
530 531 0.00803667 0 -1.37173 0 0 0 0 -1.3637
531 532 0.190177 0 -1.35948 0 0 0 0 -1.16931
532 533 0.00881147 0 -0 0 0 0 0 0.00881147
533 534 0.0557944 0 -1.10328 0 0 0 0 -1.04749
534 535 0.000455894 0 0 0 0 0 0 0.000455894
535 536 0.034867 0 -1.19003 0 0 0 0 -1.15516
536 537 0.0454996 0 -1.35874 0 0 0 0 -1.31324
537 538 0.0360599 0 0 0 0 0 0 0.0360599
538 539 0.429872 0 -0.6422 0 0 0 0 -0.212328
540 541 0.394473 0 -1.43373 0 0 0 0 -1.03926
541 542 0.0951771 0 0 0 0 0 0 0.0951771
542 543 0.0159473 0 0 0 0 0 0 0.0159473
543 544 0.0379401 0 0 0 0 0 0 0.0379401
544 545 0.00496168 0 0 0 0 0 0 0.00496168
545 546 0.012865 0 -1.14867 0 0 0 0 -1.1358
546 547 0.00271078 0 0 0 0 0 0 0.00271078
547 548 0.0675166 0 0 0 0 0 0 0.0675166
548 549 0.239732 0 0 0 0 0 0 0.239732
549 550 0.000549681 0 -0.986309 0 0 0 0 -0.985759
550 551 0.00218116 0 0 0 0 0 0 0.00218116
551 552 0.00327737 0 -0.773033 0 0 0 0 -0.769756
552 553 0.0226264 0 -0 0 0 0 0 0.0226264
553 554 0.196988 0 -0 0 0 0 0 0.196988
554 555 0.0177025 0 0 0 0 0 0 0.0177025
555 556 0.0120686 0 -1.33242 0 0 0 0 -1.32035
556 557 0.110485 0 0 0 0 0 0 0.110485
557 558 0.0290158 0 -0.793902 0 0 0 0 -0.764886
558 559 0.0716166 0 -0 0 0 0 0 0.0716166
560 561 0.202364 0 0 0 0 0 0 0.202364
561 562 0.0071328 0 0 0 0 0 0 0.0071328
562 563 0.0279036 0 -1.20127 0 0 0 0 -1.17336
563 564 0.00440239 0 -1.3098 0 0 0 0 -1.3054
564 565 0.0318772 0 0 0 0 0 0 0.0318772
565 566 0.028452 0 -0.777042 0 0 0 0 -0.74859
566 567 0.00662898 0 -1.36478 0 0 0 0 -1.35815
567 568 0.00301004 0 0 0 0 0 0 0.00301004
568 569 0.0360055 0 -1.26731 0 0 0 0 -1.2313
569 570 0.294383 0 -1.15197 0 0 0 0 -0.857587
570 571 0.0255829 0 -1.31374 0 0 0 0 -1.28815
571 572 2.77355e-05 0 -1.15754 0 0 0 0 -1.15751
572 573 0.265701 0 0 0 0 0 0 0.265701
573 574 0.120703 0 -0 0 0 0 0 0.120703
571 575 0 0 0 0 0 -0.0801799 -0 -0.0801799
570 575 0 0 0 0 -0.287808 0 -0 -0.287808
569 575 0 0 0 0 -0 -0.156575 0 -0.156575
574 575 0.225055 0 0 0 0 0 0 0.225055
570 576 0 0 0 0 -0 -0.0351372 -0 -0.0351372
569 576 0 0 0 0 -0.5137 0 -0 -0.5137
568 576 0 0 0 0 -6.40772e-35 -0.193914 0 -0.193914
575 576 0.0731091 0 -1.32065 0 0 0 0 -1.24754
569 577 0 0 0 0 -0 -0.135323 0 -0.135323
568 577 0 0 0 0 -0.886247 0 -0 -0.886247
576 577 7.98427e-05 0 -1.17388 0 0 0 0 -1.1738
568 578 0 0 0 0 -0 -0.0882973 0 -0.0882973
577 578 0.0174028 0 -1.12995 0 0 0 0 -1.11255
578 579 0.080921 0 -1.14707 0 0 0 0 -1.06615
580 581 0.0284185 0 -1.26821 0 0 0 0 -1.23979
581 582 0.101121 0 0 0 0 0 0 0.101121
580 583 0 0 0 0 0 -0 -3.50264e-16 -3.50264e-16
582 583 0.0215353 0 0 0 0 0 0 0.0215353
583 584 0.00155595 0 0 0 0 0 0 0.00155595
584 585 0.00739154 0 0 0 0 0 0 0.00739154
585 586 0.237794 0 -1.32874 0 0 0 0 -1.09095
586 587 0.00209311 0 -1.098 0 0 0 0 -1.09591
587 588 0.00693888 0 -0 0 0 0 0 0.00693888
588 589 0.0428922 0 -1.09001 0 0 0 0 -1.04712
589 590 0.0255626 0 -0.910212 0 0 0 0 -0.884649
590 591 0.0549762 0 -1.34724 0 0 0 0 -1.29227
591 592 0.0609967 0 -1.45403 0 0 0 0 -1.39303
592 593 0.00567516 0 0 0 0 0 0 0.00567516
593 594 0.00619039 0 -1.38785 0 0 0 0 -1.38166
594 595 0.00703309 0 -1.39655 0 0 0 0 -1.38952
595 596 0.164853 0 -0.214579 0 0 0 0 -0.0497262
596 597 0.0856208 0 0 0 0 0 0 0.0856208
597 598 0.0211524 0 -1.25769 0 0 0 0 -1.23654
598 599 0.0527502 0 0 0 0 0 0 0.0527502
600 601 0.0774795 0 -1.20371 0 0 0 0 -1.12623
601 602 0.0363794 0 0 0 0 0 0 0.0363794
602 603 0.0896999 0 0 0 0 0 0 0.0896999
603 604 0.0245132 0 0 0 0 0 0 0.0245132
604 605 0.110967 0 -0.841962 0 0 0 0 -0.730995
605 606 0.000260949 0 0 0 0 0 0 0.000260949
606 607 0.00124489 0 -1.29201 0 0 0 0 -1.29077
607 608 0.00350195 0 0 0 0 0 0 0.00350195
608 609 0.0381044 0 0 0 0 0 0 0.0381044
609 610 0.00911866 0 -1.25878 0 0 0 0 -1.24966
610 611 0.011003 0 0 0 0 0 0 0.011003
611 612 0.000633615 0 -1.3765 0 0 0 0 -1.37587
612 613 0.00216379 0 -1.22562 0 0 0 0 -1.22345
613 614 0.0537053 0 -0.793527 0 0 0 0 -0.739822
614 615 0.11472 0 0 0 0 0 0 0.11472
615 616 0.175235 0 -0 0 0 0 0 0.175235
616 617 0.0186962 0 -1.13049 0 0 0 0 -1.1118
617 618 0.0337508 0 -1.25791 0 0 0 0 -1.22416
618 619 0.0357032 0 0 0 0 0 0 0.0357032
620 621 0.00637074 0 0 0 0 0 0 0.00637074
621 622 0.00537041 0 0 0 0 0 0 0.00537041
622 623 0.0629589 0 0 0 0 0 0 0.0629589
623 624 0.00864956 0 -1.40792 0 0 0 0 -1.39928
624 625 0.00256434 0 0 0 0 0 0 0.00256434
625 626 0.0884055 0 0 0 0 0 0 0.0884055
626 627 0.0336015 0 0 0 0 0 0 0.0336015
627 628 0.188889 0 -0.967396 0 0 0 0 -0.778507
628 629 0.184727 0 -0.828284 0 0 0 0 -0.643558
629 630 0.00565464 0 0 0 0 0 0 0.00565464
630 631 0.0358066 0 0 0 0 0 0 0.0358066
631 632 0.00214141 0 0 0 0 0 0 0.00214141
632 633 0.000226731 0 -1.10911 0 0 0 0 -1.10888
633 634 0.0649684 0 -1.36986 0 0 0 0 -1.30489
634 635 0.00412336 0 -0.464975 0 0 0 0 -0.460852
635 636 0.0024065 0 0 0 0 0 0 0.0024065
636 637 0.00072789 0 -1.09105 0 0 0 0 -1.09032
637 638 0.00142895 0 0 0 0 0 0 0.00142895
638 639 0.0706119 0 0 0 0 0 0 0.0706119
640 641 0.315257 0 -1.0776 0 0 0 0 -0.762342
641 642 0.321107 0 -1.17288 0 0 0 0 -0.851769
642 643 0.00911098 0 0 0 0 0 0 0.00911098
643 644 0.341196 0 -1.14066 0 0 0 0 -0.799466
644 645 0.0307656 0 -0.806864 0 0 0 0 -0.776098
645 646 0.00227771 0 0 0 0 0 0 0.00227771
646 647 0.0195826 0 -1.40586 0 0 0 0 -1.38627
645 648 0 0 0 0 0 -0 -2.37288e-14 -2.37288e-14
644 648 0 0 0 0 0 -3.86255e-06 0 -3.86255e-06
647 648 0.344984 0 0 0 0 0 0 0.344984
648 649 0.000726591 0 -1.37414 0 0 0 0 -1.37341
649 650 0.0106722 0 0 0 0 0 0 0.0106722
650 651 0.0117935 0 -1.11101 0 0 0 0 -1.09921
651 652 0.0169551 0 -1.08335 0 0 0 0 -1.0664
652 653 0.0315102 0 -1.08004 0 0 0 0 -1.04853
653 654 0.0618635 0 -1.16295 0 0 0 0 -1.10109
654 655 0.076344 0 -1.40321 0 0 0 0 -1.32686
655 656 0.0690107 0 0 0 0 0 0 0.0690107
656 657 0.0204105 0 -0.822519 0 0 0 0 -0.802109
657 658 0.0666356 0 -1.20126 0 0 0 0 -1.13462
658 659 0.0476373 0 0 0 0 0 0 0.0476373
660 661 5.10901e-06 0 0 0 0 0 0 5.10901e-06
661 662 0.196559 0 -0.798737 0 0 0 0 -0.602177
662 663 0.0818866 0 -1.29467 0 0 0 0 -1.21278
663 664 0.0100032 0 -0.849291 0 0 0 0 -0.839288
664 665 0.154331 0 0 0 0 0 0 0.154331
665 666 0.0233717 0 -1.36567 0 0 0 0 -1.3423
666 667 0.142872 0 0 0 0 0 0 0.142872
667 668 0.0269228 0 -0.962537 0 0 0 0 -0.935614
668 669 0.0692032 0 -1.15516 0 0 0 0 -1.08595
669 670 0.0747552 0 -1.43612 0 0 0 0 -1.36136
670 671 0.0226561 0 -1.09744 0 0 0 0 -1.07478
671 672 0.00666882 0 0 0 0 0 0 0.00666882
672 673 0.0516488 0 0 0 0 0 0 0.0516488
673 674 0.0501206 0 -0.855846 0 0 0 0 -0.805725
674 675 0.0105139 0 0 0 0 0 0 0.0105139
675 676 0.00644959 0 -0.77175 0 0 0 0 -0.7653
676 677 0.0411813 0 -1.32202 0 0 0 0 -1.28084
677 678 0.097382 0 -1.26939 0 0 0 0 -1.17201
678 679 0.027631 0 -1.36223 0 0 0 0 -1.3346
680 681 8.41804e-05 0 0 0 0 0 0 8.41804e-05
681 682 0.0421897 0 -1.05008 0 0 0 0 -1.00789
682 683 0.00147733 0 0 0 0 0 0 0.00147733
683 684 2.57178e-05 0 -1.24585 0 0 0 0 -1.24582
684 685 0.0218356 0 -1.1944 0 0 0 0 -1.17256
685 686 0.00563788 0 -0.811953 0 0 0 0 -0.806315
686 687 4.79598e-05 0 -1.15957 0 0 0 0 -1.15952
687 688 0.0106212 0 -1.22632 0 0 0 0 -1.2157
688 689 0.00453118 0 0 0 0 0 0 0.00453118
689 690 0.00194661 0 0 0 0 0 0 0.00194661
690 691 0.0146866 0 -0.609134 0 0 0 0 -0.594447
691 692 0.182609 0 -1.38819 0 0 0 0 -1.20558
692 693 0.00115168 0 -1.33713 0 0 0 0 -1.33598
693 694 0.123407 0 0 0 0 0 0 0.123407
693 695 0 0 0 0 -0 0 -0.0138445 -0.0138445
694 695 6.28831e-10 0 0 0 0 0 0 6.28831e-10
695 696 0.00265753 0 -1.11324 0 0 0 0 -1.11058
696 697 0.00288138 0 0 0 0 0 0 0.00288138
697 698 0.000148326 0 -0 0 0 0 0 0.000148326
698 699 0.000751316 0 -1.00971 0 0 0 0 -1.00896
700 701 0.0057896 0 0 0 0 0 0 0.0057896
701 702 0.0608706 0 -0.801291 0 0 0 0 -0.74042
702 703 0.227461 0 -1.3874 0 0 0 0 -1.15994
703 704 0.003899 0 -1.14821 0 0 0 0 -1.14431
704 705 0.0663533 0 -0.69002 0 0 0 0 -0.623666
705 706 0.0391911 0 0 0 0 0 0 0.0391911
706 707 0.000161964 0 0 0 0 0 0 0.000161964
707 708 0.0674724 0 0 0 0 0 0 0.0674724
708 709 0.00233033 0 -1.27785 0 0 0 0 -1.27552
704 710 0 0 0 0 0 -0.0164778 0 -0.0164778
703 710 0 0 0 0 -0.358843 -2.97564e-05 -0 -0.358872
702 710 0 0 0 0 -3.16441e-30 -0.0645757 0 -0.0645757
709 710 0.0613076 0 -0.91057 0 0 0 0 -0.849262
703 711 0 0 0 0 -0 -0.150644 0 -0.150644
702 711 0 0 0 0 -0.688353 0 -0 -0.688353
701 711 0 0 0 0 0 -0.111305 0 -0.111305
710 711 0.00686853 0 -1.21453 0 0 0 0 -1.20766
702 712 0 0 0 0 0 -0.114892 0 -0.114892
701 712 0 0 0 0 -0.722421 0 -0 -0.722421
711 712 0.0580313 0 -1.24546 0 0 0 0 -1.18743
701 713 0 0 0 0 -0 -0.122054 0 -0.122054
712 713 0.00259551 0 -1.27016 0 0 0 0 -1.26757
713 714 0.00237716 0 0 0 0 0 0 0.00237716
714 715 0.0029505 0 -1.09624 0 0 0 0 -1.09329
715 716 0.0269124 0 -0.850647 0 0 0 0 -0.823735
716 717 0.0156305 0 -1.11061 0 0 0 0 -1.09498
717 718 0.00504533 0 -0.958151 0 0 0 0 -0.953106
718 719 0.0857067 0 -1.1633 0 0 0 0 -1.0776
720 721 0.192015 0 0 0 0 0 0 0.192015
721 722 0.00880293 0 -0.320262 0 0 0 0 -0.311459
722 723 0.0511214 0 -1.35835 0 0 0 0 -1.30723
723 724 0.389032 0 -1.16726 0 0 0 0 -0.778233
724 725 0.364593 0 0 0 0 0 0 0.364593
725 726 0.0918921 0 -0 0 0 0 0 0.0918921
726 727 0.0205846 0 -1.4407 0 0 0 0 -1.42012
727 728 0.0240926 0 -1.03229 0 0 0 0 -1.0082
728 729 0.00293009 0 -1.24438 0 0 0 0 -1.24145
729 730 0.0560434 0 0 0 0 0 0 0.0560434
730 731 0.0436929 0 -1.3113 0 0 0 0 -1.2676
731 732 0.0375056 0 0 0 0 0 0 0.0375056
732 733 0.00913878 0 -0.83512 0 0 0 0 -0.825981
733 734 0.0603723 0 0 0 0 0 0 0.0603723
734 735 0.0110172 0 0 0 0 0 0 0.0110172
735 736 0.153763 0 -1.35882 0 0 0 0 -1.20505
736 737 0.0121477 0 -1.31825 0 0 0 0 -1.3061
737 738 0.034245 0 -0 0 0 0 0 0.034245
738 739 0.0466884 0 0 0 0 0 0 0.0466884
740 741 0.00265864 0 -1.09259 0 0 0 0 -1.08993
741 742 0.176816 0 -1.30684 0 0 0 0 -1.13002
742 743 0.0266202 0 -0.842854 0 0 0 0 -0.816234
743 744 0.040603 0 -1.15238 0 0 0 0 -1.11178
744 745 0.00293131 0 -1.31046 0 0 0 0 -1.30753
745 746 0.175349 0 -1.0399 0 0 0 0 -0.864548
746 747 0.0454057 0 -0.773605 0 0 0 0 -0.728199
745 748 0 0 0 0 0 -0.00543445 -0 -0.00543445
744 748 0 0 0 0 0 -0.00689445 0 -0.00689445
747 748 0.000186767 0 -0 0 0 0 0 0.000186767
745 749 0 0 0 0 0 -0.150166 0 -0.150166
743 749 0 0 0 0 -0 -0.0939244 -0 -0.0939244
748 749 0.0289512 0 -1.46008 0 0 0 0 -1.43113
744 750 0 0 0 0 0 -0.171344 0 -0.171344
743 750 0 0 0 0 -0.617652 0 -0 -0.617652
742 750 0 0 0 0 -0 -0.104234 -0 -0.104234
749 750 0.0308349 0 -1.45716 0 0 0 0 -1.42633
743 751 0 0 0 0 -0 -0.134814 -0 -0.134814
742 751 0 0 0 0 -0.660023 0 -0 -0.660023
741 751 0 0 0 0 0 -0.126883 0 -0.126883
750 751 0.174058 0 -1.34801 0 0 0 0 -1.17395
742 752 0 0 0 0 0 -0.165639 0 -0.165639
741 752 0 0 0 0 -0.122202 -0.00192518 -0 -0.124127
751 752 0.0087802 0 -1.37084 0 0 0 0 -1.36206
752 753 0.00246248 0 0 0 0 0 0 0.00246248
753 754 0.0304322 0 0 0 0 0 0 0.0304322
754 755 0.0693452 0 0 0 0 0 0 0.0693452
755 756 0.0311014 0 -1.12888 0 0 0 0 -1.09778
756 757 0.0410199 0 -0.975962 0 0 0 0 -0.934942
757 758 0.000114028 0 -1.15585 0 0 0 0 -1.15574
758 759 0.0920664 0 -0.826614 0 0 0 0 -0.734548
760 761 0.0267802 0 -0.963299 0 0 0 0 -0.936519
761 762 0.396544 0 -0.981014 0 0 0 0 -0.58447
762 763 0.00705887 0 0 0 0 0 0 0.00705887
763 764 0.093083 0 -0.773918 0 0 0 0 -0.680835
764 765 6.91241e-06 0 -1.19273 0 0 0 0 -1.19272
765 766 0.00010856 0 -1.33477 0 0 0 0 -1.33466
766 767 0.389239 0 0 0 0 0 0 0.389239
767 768 0.0210567 0 0 0 0 0 0 0.0210567
768 769 0.0920106 0 -1.10161 0 0 0 0 -1.0096
769 770 0.0127736 0 0 0 0 0 0 0.0127736
770 771 0.00132919 0 0 0 0 0 0 0.00132919
771 772 0.334588 0 -1.42205 0 0 0 0 -1.08746
772 773 0.00899918 0 -1.29693 0 0 0 0 -1.28793
773 774 0.000274101 0 -1.1297 0 0 0 0 -1.12943
774 775 0.069592 0 -0.981962 0 0 0 0 -0.91237
775 776 0.02748 0 0 0 0 0 0 0.02748
776 777 0.119346 0 -1.17441 0 0 0 0 -1.05506
777 778 0.0395792 0 -0.890581 0 0 0 0 -0.851002
778 779 0.0118143 0 -1.16672 0 0 0 0 -1.1549
780 781 0.046834 0 -1.13769 0 0 0 0 -1.09085
781 782 0.307064 0 -1.33632 0 0 0 0 -1.02926
782 783 0.189432 0 -1.40806 0 0 0 0 -1.21862
783 784 0.00337131 0 -1.30204 0 0 0 0 -1.29867
784 785 0.11012 0 0 0 0 0 0 0.11012
785 786 0.194213 0 -1.21946 0 0 0 0 -1.02525
782 787 0 0 0 0 -1.6078e-05 -0 0 -1.6078e-05
786 787 0.0064205 0 -1.25983 0 0 0 0 -1.2534
787 788 0.0176322 0 -0.947709 0 0 0 0 -0.930076
783 789 0 0 0 0 -0 -0 -1.5079e-17 -1.5079e-17
788 789 0.0502596 0 -0.994137 0 0 0 0 -0.943878
789 790 0.00460784 0 0 0 0 0 0 0.00460784
790 791 0.0100723 0 -0.953026 0 0 0 0 -0.942953
791 792 0.106825 0 -1.36765 0 0 0 0 -1.26082
792 793 0.00753167 0 -1.26068 0 0 0 0 -1.25315
793 794 0.0319511 0 0 0 0 0 0 0.0319511
794 795 0.0050126 0 -1.36735 0 0 0 0 -1.36233
795 796 0.00719596 0 -0.917654 0 0 0 0 -0.910458
796 797 2.21426e-06 0 -1.25532 0 0 0 0 -1.25532
797 798 0.0157186 0 -1.21338 0 0 0 0 -1.19767
798 799 0.00916271 0 -0.54067 0 0 0 0 -0.531508
800 801 0.36873 0 -1.33397 0 0 0 0 -0.965235
801 802 0.00575795 0 0 0 0 0 0 0.00575795
802 803 0.183735 0 -1.3948 0 0 0 0 -1.21106
803 804 0.00291292 0 -0.66897 0 0 0 0 -0.666057
804 805 0.0630888 0 0 0 0 0 0 0.0630888
805 806 0.000252104 0 -0 0 0 0 0 0.000252104
806 807 0.00618445 0 0 0 0 0 0 0.00618445
807 808 0.000309776 0 0 0 0 0 0 0.000309776
808 809 0.0302474 0 0 0 0 0 0 0.0302474
809 810 0.0629373 0 0 0 0 0 0 0.0629373
810 811 0.0356879 0 0 0 0 0 0 0.0356879
810 812 0 0 0 0.132172 0 0 0 0.132172
811 812 0.00641397 0 0 0 0 0 0 0.00641397
812 813 0.0190117 0 -0.928989 0 0 0 0 -0.909977
813 814 0.000820464 0.0323563 0 0 0 0 0 0.0331767
814 815 0.0136629 0 0 0 0 0 0 0.0136629
815 816 0.000431915 0 -1.35417 0 0 0 0 -1.35374
816 817 0.016937 0 -1.32881 0 0 0 0 -1.31187
817 818 0.000188206 0 -0.729878 0 0 0 0 -0.72969
818 819 0.00387387 0 -0 0 0 0 0 0.00387387
820 821 0.00560185 0 0 0 0 0 0 0.00560185
821 822 0.0580979 0 0 0 0 0 0 0.0580979
822 823 0.0788064 0 -1.24207 0 0 0 0 -1.16327
823 824 0.000245603 0 -1.37175 0 0 0 0 -1.37151
824 825 0.274876 0 0 0 0 0 0 0.274876
825 826 0.0153122 0 0 0 0 0 0 0.0153122
826 827 0.101841 0 0 0 0 0 0 0.101841
827 828 0.00129184 0 -0 0 0 0 0 0.00129184
828 829 0.120385 0 -1.23474 0 0 0 0 -1.11436
829 830 0.259016 0 -1.41202 0 0 0 0 -1.15301
830 831 0.242484 0 -1.4239 0 0 0 0 -1.18141
831 832 0.000156684 0 -1.38844 0 0 0 0 -1.38828
832 833 0.112548 0 -1.11256 0 0 0 0 -1.00002
833 834 0.00210091 0 -1.33609 0 0 0 0 -1.33399
834 835 0.000236374 0 0 0 0 0 0 0.000236374
835 836 0.280671 0 0 0 0 0 0 0.280671
836 837 0.00225237 0 -1.372 0 0 0 0 -1.36974
837 838 0.0796482 0 0 0 0 0 0 0.0796482
838 839 0.00743191 0 -1.19284 0 0 0 0 -1.18541
840 841 0.0063444 0 0 0 0 0 0 0.0063444
841 842 0.130992 0 -0.976436 0 0 0 0 -0.845444
842 843 0.0182306 0 -0.984002 0 0 0 0 -0.965771
843 844 0.0949296 0 -0 0 0 0 0 0.0949296
844 845 0.166414 0 -0.174801 0 0 0 0 -0.00838728
845 846 0.000606376 0 -1.30581 0 0 0 0 -1.3052
846 847 0.00289201 0 0 0 0 0 0 0.00289201
847 848 0.0604386 0 0 0 0 0 0 0.0604386
848 849 0.00868626 0 -1.16178 0 0 0 0 -1.15309
849 850 0.0416483 0 0 0 0 0 0 0.0416483
850 851 0.0264563 0 -1.2879 0 0 0 0 -1.26145
851 852 5.22342e-05 0 0 0 0 0 0 5.22342e-05
852 853 0.0939002 0 -1.0078 0 0 0 0 -0.913898
853 854 0.000143145 0 -1.28193 0 0 0 0 -1.28179
854 855 0.119185 0 -1.33003 0 0 0 0 -1.21085
855 856 0.00971914 0 -1.28979 0 0 0 0 -1.28008
856 857 0.0113268 0 0 0 0 0 0 0.0113268
855 858 0 0 0 0 0 -0.00103482 0 -0.00103482
853 858 0 0 0 0 -1.84469e-28 -0.0973993 0 -0.0973993
857 858 0.00175447 0 0 0 0 0 0 0.00175447
854 859 0 0 0 0 0 -0.112653 0 -0.112653
853 859 0 0 0 0 -0.733031 0 -0 -0.733031
852 859 0 0 0 0 0 -0.00580985 -0 -0.00580985
858 859 0.0445319 0 -0.971955 0 0 0 0 -0.927424
860 861 0.527812 0 -0.258898 0 0 0 0 0.268915
861 862 0.0106978 0 -1.13714 0 0 0 0 -1.12644
862 863 0.0274555 0 -0.742808 0 0 0 0 -0.715353
863 864 0.202085 0 -1.1259 0 0 0 0 -0.923814
864 865 0.0726626 0 0 0 0 0 0 0.0726626
865 866 0.0130471 0 -0.569176 0 0 0 0 -0.556129
866 867 0.0412628 0 -0.960735 0 0 0 0 -0.919473
867 868 0.00356184 0 -1.17759 0 0 0 0 -1.17402
868 869 0.122762 0 -0.81978 0 0 0 0 -0.697018
869 870 0.00333053 0 -1.0513 0 0 0 0 -1.04797
870 871 0.0502465 0 -1.27757 0 0 0 0 -1.22732
871 872 0.0151398 0 -1.27125 0 0 0 0 -1.25611
872 873 0.107581 0 -0.868786 0 0 0 0 -0.761205
873 874 2.50854e-05 0 -1.22786 0 0 0 0 -1.22784
874 875 0.0691291 0 -0.956885 0 0 0 0 -0.887756
875 876 0.000954126 0 0 0 0 0 0 0.000954126
876 877 0.000347722 0 0 0 0 0 0 0.000347722
877 878 0.0102609 0 -1.14889 0 0 0 0 -1.13863
878 879 0.00468215 0 -1.2232 0 0 0 0 -1.21852
880 881 0.0570559 0 0 0 0 0 0 0.0570559
881 882 0.0137245 0 -0.725509 0 0 0 0 -0.711784
882 883 0.00781886 0 -0.729886 0 0 0 0 -0.722067
883 884 0.0600329 0 -0.9716 0 0 0 0 -0.911568
884 885 0.0557598 0 -1.31624 0 0 0 0 -1.26048
885 886 0.043897 0 0 0 0 0 0 0.043897
886 887 0.00133925 0 -1.36852 0 0 0 0 -1.36719
887 888 0.00589958 0 0 0 0 0 0 0.00589958
888 889 0.00112759 0 -1.40712 0 0 0 0 -1.40599
889 890 0.0029784 0 0 0 0 0 0 0.0029784
890 891 0.0299337 0 -1.11435 0 0 0 0 -1.08441
891 892 0.00250121 0 -0 0 0 0 0 0.00250121
892 893 0.0788506 0 -1.15573 0 0 0 0 -1.07688
893 894 0.00159919 0 -1.31879 0 0 0 0 -1.31719
894 895 0.233064 0 0 0 0 0 0 0.233064
895 896 0.0526918 0 -1.3086 0 0 0 0 -1.25591
896 897 0.00357263 0 -1.33852 0 0 0 0 -1.33494
897 898 8.23863e-06 0 0 0 0 0 0 8.23863e-06
891 899 0 0 0 0 0 -0.00610292 -2.06307e-15 -0.00610292
898 899 0.147148 0 0 0 0 0 0 0.147148
900 901 0.000586786 0 -0.286064 0 0 0 0 -0.285477
901 902 0.060478 0 -1.16628 0 0 0 0 -1.1058
902 903 0.126344 0 0 0 0 0 0 0.126344
903 904 0.0648754 0 0 0 0 0 0 0.0648754
904 905 0.156877 0 0 0 0 0 0 0.156877
905 906 0.0190228 0 0 0 0 0 0 0.0190228
906 907 0.000163655 0 0 0 0 0 0 0.000163655
907 908 0.0199354 0 0 0 0 0 0 0.0199354
908 909 2.50071e-05 0 -0 0 0 0 0 2.50071e-05
909 910 0.0577007 0 -0 0 0 0 0 0.0577007
910 911 0.0858186 0 -1.20103 0 0 0 0 -1.11521
911 912 0.00490413 0 0 0 0 0 0 0.00490413
912 913 0.00309244 0 -1.17375 0 0 0 0 -1.17066
913 914 0.0266846 0 0 0 0 0 0 0.0266846
914 915 0.0147322 0 0 0 0 0 0 0.0147322
915 916 0.00134686 0 -1.0628 0 0 0 0 -1.06145
916 917 0.0559856 0 0 0 0 0 0 0.0559856
917 918 0.0916211 0 0 0 0 0 0 0.0916211
918 919 0.0291241 0 0 0 0 0 0 0.0291241
920 921 0.00553705 0 0 0 0 0 0 0.00553705
921 922 0.00157852 0 -0.785768 0 0 0 0 -0.784189
922 923 0.0162635 0 -0.93103 0 0 0 0 -0.914767
923 924 0.067792 0 -1.3944 0 0 0 0 -1.3266
924 925 0.00176569 0 0 0 0 0 0 0.00176569
925 926 0.00619596 0 -1.25895 0 0 0 0 -1.25275
926 927 0.00963325 0 0 0 0 0 0 0.00963325
927 928 0.127187 0 0 0 0 0 0 0.127187
928 929 0.0726203 0 -1.31361 0 0 0 0 -1.24099
929 930 0.0222406 0 0 0 0 0 0 0.0222406
930 931 0.0365955 0 -1.41262 0 0 0 0 -1.37603
931 932 0.0834317 0 -1.31124 0 0 0 0 -1.2278
932 933 0.115575 0 -1.28426 0 0 0 0 -1.16869
933 934 0.101148 0 -1.25567 0 0 0 0 -1.15452
934 935 0.000480112 0 -1.01034 0 0 0 0 -1.00986
935 936 0.0130376 0 0 0 0 0 0 0.0130376
936 937 0.00288604 0 -0.834802 0 0 0 0 -0.831916
937 938 0.0149814 0 0 0 0 0 0 0.0149814
938 939 0.038968 0 -1.10752 0 0 0 0 -1.06855
940 941 0.0617335 0 -1.18145 0 0 0 0 -1.11971
941 942 0.00476808 0 -1.37821 0 0 0 0 -1.37344
942 943 0.00255034 0 0 0 0 0 0 0.00255034
943 944 0.00366354 0 -1.24088 0 0 0 0 -1.23722
944 945 0.127996 0 -1.33842 0 0 0 0 -1.21042
945 946 5.5415e-05 0 -1.24847 0 0 0 0 -1.24842
946 947 0.0208992 0 -1.28834 0 0 0 0 -1.26744
947 948 6.29254e-05 0 -1.4034 0 0 0 0 -1.40334
948 949 0.0268941 0 0 0 0 0 0 0.0268941
949 950 0.15681 0 0 0 0 0 0 0.15681
950 951 0.0408513 0 0 0 0 0 0 0.0408513
951 952 0.0984415 0 -1.14584 0 0 0 0 -1.0474
952 953 0.0672579 0 -1.04863 0 0 0 0 -0.981371
953 954 0.242935 0 0 0 0 0 0 0.242935
954 955 0.0216833 0 -0.747524 0 0 0 0 -0.725841
955 956 0.00192261 0 -0.821852 0 0 0 0 -0.819929
956 957 0.0080803 0 0 0 0 0 0 0.0080803
957 958 0.0700404 0 -1.24948 0 0 0 0 -1.17944
958 959 0.000750466 0 0 0 0 0 0 0.000750466
960 961 0.00296555 0 -1.16612 0 0 0 0 -1.16316
961 962 0.0029081 0 -1.36994 0 0 0 0 -1.36703
962 963 0.00131567 0 0 0 0 0 0 0.00131567
963 964 0.0364357 0 0 0 0 0 0 0.0364357
964 965 0.485134 0 0 0 0 0 0 0.485134
965 966 0.00979174 0 -1.40538 0 0 0 0 -1.39559
966 967 0.0194837 0 -1.39477 0 0 0 0 -1.37528
967 968 0.0153015 0 -1.1405 0 0 0 0 -1.1252
968 969 0.0142483 0 -0.833592 0 0 0 0 -0.819344
969 970 0.00781049 0 -1.02776 0 0 0 0 -1.01995
970 971 0.0489083 0 -1.0343 0 0 0 0 -0.985389
971 972 0.00509015 0 0 0 0 0 0 0.00509015
972 973 0.00214123 0 0 0 0 0 0 0.00214123
973 974 0.0102017 0 -1.18461 0 0 0 0 -1.1744
974 975 0.213426 0 -1.29287 0 0 0 0 -1.07944
975 976 0.00766777 0 0 0 0 0 0 0.00766777
976 977 0.0336875 0 -1.14292 0 0 0 0 -1.10923
977 978 0.0501517 0 0 0 0 0 0 0.0501517
978 979 0.060522 0 -1.10256 0 0 0 0 -1.04204
980 981 0.0602673 0 0 0 0 0 0 0.0602673
981 982 0.00118415 0 0 0 0 0 0 0.00118415
982 983 0.14846 0 0 0 0 0 0 0.14846
983 984 0.0564436 0 -1.20996 0 0 0 0 -1.15352
984 985 0.280847 0 -1.32608 0 0 0 0 -1.04524
985 986 0.00699356 0 -1.1548 0 0 0 0 -1.14781
986 987 0.000119094 0 -1.12328 0 0 0 0 -1.12316
987 988 0.00231466 0 0 0 0 0 0 0.00231466
988 989 0.00249511 0 -0.851596 0 0 0 0 -0.849101
989 990 0.019045 0 -1.36044 0 0 0 0 -1.34139
990 991 0.0850201 0 0 0 0 0 0 0.0850201
991 992 0.0670597 0 -1.30164 0 0 0 0 -1.23458
992 993 0.00646318 0 0 0 0 0 0 0.00646318
993 994 0.0220194 0 -1.00533 0 0 0 0 -0.983306
994 995 0.00754068 0 0 0 0 0 0 0.00754068
995 996 0.0147096 0 0 0 0 0 0 0.0147096
990 997 0 0 0 0 -0 -0.00587016 -0 -0.00587016
996 997 0.028788 0 0 0 0 0 0 0.028788
990 998 0 0 0 0 -0.744039 0 -0 -0.744039
989 998 0 0 0 0 0 -0.160309 0 -0.160309
997 998 0.100514 0 -0.888534 0 0 0 0 -0.788019
998 999 0.000285643 0 0 0 0 0 0 0.000285643
#Total energy per particle is  -0.597332 and should be -0.59733210
