#id1 id2 FENE BEXC STCK NEXC HB CRSTCK CXSTCK total, t = 200000
0 1 0.0209879 0 0 0 0 0 0 0.0209879
1 2 0.00143449 0 0 0 0 0 0 0.00143449
2 3 0.0572182 0 -1.41262 0 0 0 0 -1.3554
3 4 0.0247242 0 -0.814029 0 0 0 0 -0.789304
4 5 0.00195849 0 0 0 0 0 0 0.00195849
5 6 0.0933008 0 0 0 0 0 0 0.0933008
6 7 0.0224638 0 -0.876727 0 0 0 0 -0.854263
7 8 0.123012 0 -1.43131 0 0 0 0 -1.3083
4 9 0 0 0 0 0 -0.0401028 0 -0.0401028
8 9 0.0181436 0 -1.38542 0 0 0 0 -1.36728
4 10 0 0 0 0 0 -0.0105625 -0 -0.0105625
3 10 0 0 0 0 -1.29148e-28 -0.123068 0 -0.123068
9 10 0.023189 0 -0.820841 0 0 0 0 -0.797652
3 11 0 0 0 0 -0.527887 0 -0 -0.527887
2 11 0 0 0 0 0 -0.125417 -0 -0.125417
10 11 0.0751557 0 -1.26734 0 0 0 0 -1.19218
3 12 0 0 0 0 -0 -0.0647656 0 -0.0647656
2 12 0 0 0 0 0 -0.00274363 -0 -0.00274363
11 12 0.0124546 0 -1.16994 0 0 0 0 -1.15748
12 13 0.0164506 0 -1.05399 0 0 0 0 -1.03754
13 14 0.022131 0 -1.15058 0 0 0 0 -1.12845
14 15 0.0618944 0 -1.18368 0 0 0 0 -1.12179
15 16 0.00569587 0 -1.24493 0 0 0 0 -1.23923
16 17 0.00112273 0 0 0 0 0 0 0.00112273
17 18 0.0703735 0 -1.40716 0 0 0 0 -1.33679
18 19 0.0213422 0 -1.38255 0 0 0 0 -1.36121
20 21 0.201623 0 -1.16988 0 0 0 0 -0.968258
21 22 6.41108e-05 0 -1.149 0 0 0 0 -1.14894
22 23 2.2393e-05 0 -1.13774 0 0 0 0 -1.13772
23 24 0.0105607 0 -0 0 0 0 0 0.0105607
24 25 0.374018 0 0 0 0 0 0 0.374018
25 26 0.00978857 0 -1.02162 0 0 0 0 -1.01183
26 27 0.0661503 0 -1.0798 0 0 0 0 -1.01365
27 28 0.00590964 0 0 0 0 0 0 0.00590964
28 29 0.0119039 0 -1.43033 0 0 0 0 -1.41842
29 30 0.0123226 0 0 0 0 0 0 0.0123226
30 31 0.0508795 0 -0 0 0 0 0 0.0508795
31 32 0.0960406 0 0 0 0 0 0 0.0960406
32 33 0.14854 0 -1.06441 0 0 0 0 -0.915872
33 34 0.0213977 0 -1.27868 0 0 0 0 -1.25728
34 35 0.00919962 0 -1.44491 0 0 0 0 -1.43571
35 36 0.0116878 0 -0.749838 0 0 0 0 -0.738151
36 37 0.0391975 0 0 0 0 0 0 0.0391975
37 38 0.114694 0 -0.706497 0 0 0 0 -0.591803
38 39 0.0216463 0 0 0 0 0 0 0.0216463
40 41 0.0448934 0 -1.20758 0 0 0 0 -1.16268
41 42 0.0563676 0 -1.20979 0 0 0 0 -1.15342
42 43 0.023962 0 0 0 0 0 0 0.023962
43 44 0.000452379 0 0 0 0 0 0 0.000452379
44 45 0.0019605 0 -0.869522 0 0 0 0 -0.867561
45 46 0.124544 0 -1.21673 0 0 0 0 -1.09219
46 47 0.139801 0 -0 0 0 0 0 0.139801
47 48 0.109578 0 -1.06432 0 0 0 0 -0.954746
48 49 0.0668114 0 -1.45176 0 0 0 0 -1.38495
49 50 0.0206981 0 -1.07546 0 0 0 0 -1.05476
50 51 0.0342687 0 0 0 0 0 0 0.0342687
51 52 0.00237731 0 0 0 0 0 0 0.00237731
52 53 0.0294595 0 0 0 0 0 0 0.0294595
53 54 0.0298443 0 -1.41146 0 0 0 0 -1.38161
54 55 0.0108728 0 0 0 0 0 0 0.0108728
55 56 3.2259e-05 0 0 0 0 0 0 3.2259e-05
56 57 0.255484 0 -0.985396 0 0 0 0 -0.729913
57 58 9.94755e-07 0 -1.24637 0 0 0 0 -1.24636
58 59 0.0286523 0 -1.09923 0 0 0 0 -1.07058
60 61 0.000188337 0 0 0 0 0 0 0.000188337
61 62 0.00400688 0 0 0 0 0 0 0.00400688
62 63 0.0139944 0 0 0 0 0 0 0.0139944
63 64 0.0850434 0 0 0 0 0 0 0.0850434
64 65 0.0266574 0 -1.33713 0 0 0 0 -1.31048
65 66 0.00220865 0 -1.3774 0 0 0 0 -1.37519
66 67 0.0187031 0 -1.39339 0 0 0 0 -1.37469
67 68 0.0607809 0 -0.973592 0 0 0 0 -0.912811
68 69 0.0340567 0 -0.742936 0 0 0 0 -0.70888
69 70 0.00414812 0 -1.36363 0 0 0 0 -1.35948
70 71 0.00287724 0 0 0 0 0 0 0.00287724
71 72 0.0012908 0 -0.709908 0 0 0 0 -0.708618
72 73 0.100499 0 0 0 0 0 0 0.100499
73 74 0.00479721 0 -1.31264 0 0 0 0 -1.30784
74 75 0.0234134 0 -0.875869 0 0 0 0 -0.852456
75 76 0.0605783 0 0 0 0 0 0 0.0605783
76 77 0.0452175 0 0 0 0 0 0 0.0452175
77 78 0.118688 0 -1.38891 0 0 0 0 -1.27022
78 79 0.0079903 0 -0.815419 0 0 0 0 -0.807428
80 81 0.0878292 0 -1.33483 0 0 0 0 -1.247
81 82 0.00451285 0 -1.21163 0 0 0 0 -1.20712
82 83 0.00245431 0 -1.00182 0 0 0 0 -0.99937
83 84 0.0288328 0 -1.38227 0 0 0 0 -1.35343
84 85 0.0181401 0 0 0 0 0 0 0.0181401
85 86 0.00055732 0 0 0 0 0 0 0.00055732
86 87 0.0175359 0 -1.10941 0 0 0 0 -1.09187
87 88 0.0154401 0 -1.01635 0 0 0 0 -1.00091
88 89 0.0113501 0 -1.06015 0 0 0 0 -1.0488
89 90 0.00532396 0 -1.20121 0 0 0 0 -1.19589
90 91 3.51386e-07 0 0 0 0 0 0 3.51386e-07
91 92 0.023101 0 0 0 0 0 0 0.023101
92 93 0.524261 0 0 0 0 0 0 0.524261
93 94 0.011795 0 -0 0 0 0 0 0.011795
94 95 0.0032971 0 -1.36126 0 0 0 0 -1.35797
95 96 0.193049 0 0 0 0 0 0 0.193049
96 97 0.00169334 0 -1.27319 0 0 0 0 -1.27149
97 98 0.0165553 0 0 0 0 0 0 0.0165553
98 99 0.0118324 0 0 0 0 0 0 0.0118324
100 101 0.000558433 0 0 0 0 0 0 0.000558433
101 102 0.122185 0 0 0 0 0 0 0.122185
102 103 0.0605636 0 0 0 0 0 0 0.0605636
103 104 0.00359084 0 0 0 0 0 0 0.00359084
104 105 0.000656527 0 -1.20418 0 0 0 0 -1.20352
105 106 0.0189057 0 -1.29991 0 0 0 0 -1.28101
106 107 0.020764 0 -1.43901 0 0 0 0 -1.41824
107 108 0.0332306 0 -0.749816 0 0 0 0 -0.716586
108 109 0.283406 0 -0 0 0 0 0 0.283406
109 110 0.0372291 0 -1.10354 0 0 0 0 -1.06631
110 111 0.0117815 0 -1.32778 0 0 0 0 -1.316
111 112 0.0138207 0 0 0 0 0 0 0.0138207
112 113 0.0270977 0 -1.33191 0 0 0 0 -1.30482
113 114 0.00258276 0 0 0 0 0 0 0.00258276
114 115 0.0262145 0 -1.25719 0 0 0 0 -1.23098
115 116 0.0348875 0 -1.12568 0 0 0 0 -1.09079
116 117 0.00141049 0 -1.0657 0 0 0 0 -1.06429
117 118 0.000633157 0 0 0 0 0 0 0.000633157
118 119 0.320271 0 0 0 0 0 0 0.320271
120 121 0.0338405 0 -0 0 0 0 0 0.0338405
121 122 0.00275274 0 0 0 0 0 0 0.00275274
122 123 0.0280024 0 0 0 0 0 0 0.0280024
123 124 0.00527617 0 0 0 0 0 0 0.00527617
124 125 0.00511726 0 0 0 0 0 0 0.00511726
125 126 0.000281488 0 -1.27939 0 0 0 0 -1.27911
126 127 0.00739469 0 -1.37127 0 0 0 0 -1.36387
127 128 0.000908438 0 -1.44812 0 0 0 0 -1.44721
128 129 0.0714094 0 -1.06686 0 0 0 0 -0.995455
129 130 0.126734 0 -1.39661 0 0 0 0 -1.26988
130 131 0.0571471 0 0 0 0 0 0 0.0571471
131 132 0.0449184 0 -1.07922 0 0 0 0 -1.0343
132 133 0.0545349 0 0 0 0 0 0 0.0545349
133 134 0.00909793 0 -1.10039 0 0 0 0 -1.09129
134 135 0.0393729 0 0 0 0 0 0 0.0393729
135 136 0.00085356 0 -0 0 0 0 0 0.00085356
136 137 0.0692148 0 -1.00085 0 0 0 0 -0.931638
137 138 0.00238623 0 -0.814871 0 0 0 0 -0.812485
138 139 0.026847 0 0 0 0 0 0 0.026847
140 141 0.135837 0 -1.37128 0 0 0 0 -1.23545
141 142 0.0107744 0 -1.31074 0 0 0 0 -1.29997
142 143 0.107861 0 -1.36981 0 0 0 0 -1.26195
143 144 0.0190764 0 0 0 0 0 0 0.0190764
144 145 0.00381556 0 -1.23743 0 0 0 0 -1.23361
145 146 0.204701 0 -1.02821 0 0 0 0 -0.82351
146 147 0.0112981 0 -1.06988 0 0 0 0 -1.05859
147 148 0.140492 0 -1.08986 0 0 0 0 -0.949365
148 149 0.0192896 0 -0.989382 0 0 0 0 -0.970093
149 150 0.0697129 0 0 0 0 0 0 0.0697129
150 151 0.2113 0 -1.10482 0 0 0 0 -0.893525
151 152 0.0033558 0 0 0 0 0 0 0.0033558
152 153 0.00937177 0 -1.11409 0 0 0 0 -1.10472
153 154 0.0430293 0 0 0 0 0 0 0.0430293
154 155 0.0416001 0 0 0 0 0 0 0.0416001
155 156 0.0164977 0 -0.501382 0 0 0 0 -0.484884
156 157 0.0518813 0 -1.01716 0 0 0 0 -0.965283
157 158 0.00044254 0 -1.12227 0 0 0 0 -1.12182
158 159 0.000115048 0 -0.818161 0 0 0 0 -0.818046
160 161 0.00507643 0 -1.34068 0 0 0 0 -1.33561
161 162 0.134303 0 -1.14354 0 0 0 0 -1.00924
162 163 0.122288 0 -1.30182 0 0 0 0 -1.17953
163 164 0.0409189 0 -1.01686 0 0 0 0 -0.97594
164 165 0.193444 0 -0.97307 0 0 0 0 -0.779626
165 166 0.00495525 0 0 0 0 0 0 0.00495525
166 167 0.00148011 0 -0.989721 0 0 0 0 -0.988241
167 168 2.02716e-05 0 -0.944573 0 0 0 0 -0.944552
168 169 4.13881e-05 0 0 0 0 0 0 4.13881e-05
169 170 0.0258653 0 0 0 0 0 0 0.0258653
170 171 0.485403 0 -1.25054 0 0 0 0 -0.765142
171 172 0.0744152 0 -1.08734 0 0 0 0 -1.01292
172 173 0.0519786 0 0 0 0 0 0 0.0519786
173 174 7.72111e-05 0 -1.1474 0 0 0 0 -1.14732
174 175 0.0189686 0 0 0 0 0 0 0.0189686
175 176 0.0191085 0 -1.21453 0 0 0 0 -1.19542
176 177 0.023836 0 0 0 0 0 0 0.023836
177 178 0.235772 0 0 0 0 0 0 0.235772
178 179 0.00410662 0 -1.04766 0 0 0 0 -1.04355
180 181 0.0289925 0 0 0 0 0 0 0.0289925
181 182 0.00443553 0 -1.34196 0 0 0 0 -1.33753
182 183 0.110359 0 0 0 0 0 0 0.110359
183 184 0.0762234 0 0 0 0 0 0 0.0762234
184 185 0.0317468 0 0 0 0 0 0 0.0317468
185 186 0.203164 0 -0.928241 0 0 0 0 -0.725076
186 187 0.0223697 0 -1.1201 0 0 0 0 -1.09773
187 188 0.000648989 0 -1.40671 0 0 0 0 -1.40606
188 189 0.0166871 0 -0.940494 0 0 0 0 -0.923806
189 190 0.627279 0 0 0 0 0 0 0.627279
190 191 0.124133 0 0 0 0 0 0 0.124133
191 192 0.0758966 0 -0.475561 0 0 0 0 -0.399665
192 193 0.00145163 0 0 0 0 0 0 0.00145163
193 194 0.0150345 0 -1.03763 0 0 0 0 -1.02259
194 195 0.153026 0 0 0 0 0 0 0.153026
195 196 0.0662203 0 -0.83692 0 0 0 0 -0.7707
196 197 0.196724 0 -1.1473 0 0 0 0 -0.950574
197 198 0.117847 0 -0.166382 0 0 0 0 -0.0485351
198 199 0.0356542 0 -1.33019 0 0 0 0 -1.29453
200 201 0.0911387 0 0 0 0 0 0 0.0911387
201 202 0.00279626 0 -1.20219 0 0 0 0 -1.1994
202 203 0.0261081 0 -1.19609 0 0 0 0 -1.16998
203 204 0.00133946 0 0 0 0 0 0 0.00133946
204 205 0.0149383 0 0 0 0 0 0 0.0149383
205 206 0.0228372 0 0 0 0 0 0 0.0228372
206 207 0.0201521 0 0 0 0 0 0 0.0201521
207 208 0.0102104 0 -0 0 0 0 0 0.0102104
208 209 0.243959 0 0 0 0 0 0 0.243959
209 210 6.95776e-05 0 -1.21681 0 0 0 0 -1.21674
210 211 0.0510308 0 -0.751543 0 0 0 0 -0.700512
211 212 0.0114414 0 -1.00642 0 0 0 0 -0.994982
212 213 2.59711e-05 0 -0.990122 0 0 0 0 -0.990096
213 214 0.00474431 0 0 0 0 0 0 0.00474431
214 215 0.128599 0 0 0 0 0 0 0.128599
215 216 0.00649158 0 0 0 0 0 0 0.00649158
216 217 0.304291 0 -0.0997113 0 0 0 0 0.20458
217 218 0.0113171 0 -1.24075 0 0 0 0 -1.22943
218 219 0.0747804 0 -1.19039 0 0 0 0 -1.11561
220 221 0.000134851 0 0 0 0 0 0 0.000134851
221 222 0.00114945 0 -1.18882 0 0 0 0 -1.18768
222 223 0.115032 0 -1.37346 0 0 0 0 -1.25843
223 224 0.0428204 0 -0.687717 0 0 0 0 -0.644897
224 225 0.244988 0 -1.37969 0 0 0 0 -1.13471
225 226 0.0154701 0 -1.11038 0 0 0 0 -1.09491
226 227 0.000454831 0 -1.3531 0 0 0 0 -1.35264
227 228 0.000196542 0 -1.07986 0 0 0 0 -1.07966
228 229 0.101224 0 -0.78228 0 0 0 0 -0.681057
229 230 0.0170381 0 -0.80014 0 0 0 0 -0.783102
230 231 0.0537222 0 0 0 0 0 0 0.0537222
231 232 0.00556774 0 -0.557058 0 0 0 0 -0.55149
232 233 0.000115206 0 -1.254 0 0 0 0 -1.25388
233 234 0.0616506 0 -1.2736 0 0 0 0 -1.21194
234 235 6.89326e-05 0 0 0 0 0 0 6.89326e-05
235 236 0.0132766 0 0 0 0 0 0 0.0132766
236 237 4.5125e-05 0 -0 0 0 0 0 4.5125e-05
237 238 0.00519077 0 -1.28016 0 0 0 0 -1.27497
238 239 0.132857 0 -1.17722 0 0 0 0 -1.04436
240 241 0.0490809 0 -1.3847 0 0 0 0 -1.33562
241 242 7.35787e-05 0 -0.816418 0 0 0 0 -0.816345
242 243 0.0238024 0 -1.29525 0 0 0 0 -1.27144
243 244 0.134064 0 0 0 0 0 0 0.134064
244 245 0.00417302 0 0 0 0 0 0 0.00417302
245 246 0.13232 0 0 0 0 0 0 0.13232
246 247 0.0308431 0 0 0 0 0 0 0.0308431
247 248 0.152875 0 -1.39009 0 0 0 0 -1.23721
248 249 0.0751868 0 0 0 0 0 0 0.0751868
249 250 0.00496201 0 -1.0531 0 0 0 0 -1.04814
250 251 0.296503 0 -1.01991 0 0 0 0 -0.723406
251 252 0.00487729 0 -1.02483 0 0 0 0 -1.01996
252 253 0.000387624 0 -1.24099 0 0 0 0 -1.24061
253 254 0.0291683 0 -1.24466 0 0 0 0 -1.21549
254 255 0.0472725 0 -1.2836 0 0 0 0 -1.23633
255 256 0.000103731 0 -1.30884 0 0 0 0 -1.30874
256 257 0.0162023 0 -1.30961 0 0 0 0 -1.29341
257 258 0.0708026 0 -1.05147 0 0 0 0 -0.980668
258 259 0.0635331 0 0 0 0 0 0 0.0635331
260 261 0.142843 0 -1.25458 0 0 0 0 -1.11174
261 262 0.132841 0 -1.28884 0 0 0 0 -1.156
262 263 5.28592e-06 0 -0.992793 0 0 0 0 -0.992787
263 264 0.00140809 0 -0.901571 0 0 0 0 -0.900163
264 265 0.0492018 0 0 0 0 0 0 0.0492018
265 266 0.0266389 0 -1.28755 0 0 0 0 -1.26091
266 267 0.0853842 0 -0.890587 0 0 0 0 -0.805203
267 268 0.0931332 0 -0.807843 0 0 0 0 -0.71471
268 269 0.0555096 0 -1.23424 0 0 0 0 -1.17873
269 270 0.000297293 0 0 0 0 0 0 0.000297293
270 271 0.103706 0 0 0 0 0 0 0.103706
271 272 0.197118 0 0 0 0 0 0 0.197118
272 273 0.0056029 0 -1.09412 0 0 0 0 -1.08852
273 274 0.0666947 0 -1.08834 0 0 0 0 -1.02164
274 275 0.00608499 0 -1.2517 0 0 0 0 -1.24562
275 276 0.0167525 0 0 0 0 0 0 0.0167525
276 277 0.00890559 0 -0 0 0 0 0 0.00890559
277 278 0.0955533 0 -1.25579 0 0 0 0 -1.16024
278 279 0.00773611 0 -1.04633 0 0 0 0 -1.03859
280 281 0.00178116 0 0 0 0 0 0 0.00178116
281 282 0.0933792 0 0 0 0 0 0 0.0933792
282 283 0.112612 0 -1.34989 0 0 0 0 -1.23728
283 284 0.395566 0 -1.10316 0 0 0 0 -0.707597
284 285 0.0762339 0 0 0 0 0 0 0.0762339
285 286 0.0138841 0 0 0 0 0 0 0.0138841
286 287 0.00199807 0 -0.728131 0 0 0 0 -0.726133
287 288 0.023794 0 0 0 0 0 0 0.023794
288 289 0.00515595 0 -0.990525 0 0 0 0 -0.985369
289 290 0.0959558 0 0 0 0 0 0 0.0959558
290 291 0.0803574 0 0 0 0 0 0 0.0803574
291 292 0.0576994 0 0 0 0 0 0 0.0576994
292 293 5.57957e-05 0 -0 0 0 0 0 5.57957e-05
293 294 0.254777 0 -0 0 0 0 0 0.254777
294 295 0.00426167 0 0 0 0 0 0 0.00426167
295 296 0.0574797 0 0 0 0 0 0 0.0574797
296 297 0.063302 0 0 0 0 0 0 0.063302
297 298 0.0285047 0 -1.29227 0 0 0 0 -1.26376
298 299 0.13236 0 -1.13269 0 0 0 0 -1.00033
300 301 0.0190343 0 -1.24966 0 0 0 0 -1.23063
301 302 0.000214001 0 -1.22084 0 0 0 0 -1.22062
302 303 0.223251 0 -0 0 0 0 0 0.223251
303 304 0.162163 0 -1.26982 0 0 0 0 -1.10766
304 305 0.0203452 0 0 0 0 0 0 0.0203452
305 306 0.100168 0 0 0 0 0 0 0.100168
306 307 0.0256655 0 0 0 0 0 0 0.0256655
307 308 0.115953 0 -0.686709 0 0 0 0 -0.570756
308 309 0.0382082 0 0 0 0 0 0 0.0382082
309 310 0.0374489 0 -1.0944 0 0 0 0 -1.05696
310 311 0.0445571 0 0 0 0 0 0 0.0445571
311 312 0.00384471 0 0 0 0 0 0 0.00384471
312 313 0.0630517 0 0 0 0 0 0 0.0630517
313 314 0.00182838 0 -0.999949 0 0 0 0 -0.99812
314 315 0.0083667 0 -0.873105 0 0 0 0 -0.864739
315 316 0.0775354 0 -0.790907 0 0 0 0 -0.713372
316 317 0.11697 0 0 0 0 0 0 0.11697
317 318 0.0109094 0 -0 0 0 0 0 0.0109094
318 319 0.00118342 0 -1.37071 0 0 0 0 -1.36953
320 321 0.00336403 0 -1.43284 0 0 0 0 -1.42948
321 322 0.0041256 0 -0.792252 0 0 0 0 -0.788127
322 323 0.0328748 0 -0.670332 0 0 0 0 -0.637457
323 324 0.137949 0 -0.859503 0 0 0 0 -0.721554
324 325 0.0104551 0 0 0 0 0 0 0.0104551
325 326 0.0599059 0 -0 0 0 0 0 0.0599059
326 327 0.0813619 0 0 0 0 0 0 0.0813619
327 328 0.066659 0 -0.823127 0 0 0 0 -0.756468
328 329 0.00105384 0 -1.34101 0 0 0 0 -1.33995
329 330 0.0503486 0 -1.21386 0 0 0 0 -1.16351
330 331 0.0011214 0 -1.10048 0 0 0 0 -1.09936
331 332 0.0586302 0 0 0 0 0 0 0.0586302
332 333 0.0104325 0 0 0 0 0 0 0.0104325
333 334 0.132252 0 -1.08388 0 0 0 0 -0.951628
334 335 0.0466942 0 -1.42923 0 0 0 0 -1.38254
335 336 0.000899972 0 0 0 0 0 0 0.000899972
336 337 0.260644 0 -1.31563 0 0 0 0 -1.05499
337 338 0.0331219 0 -0.48354 0 0 0 0 -0.450418
338 339 0.0480621 0 0 0 0 0 0 0.0480621
340 341 0.0478939 0 -0 0 0 0 0 0.0478939
341 342 0.0615381 0 -1.33247 0 0 0 0 -1.27093
342 343 0.000237457 0 -0 0 0 0 0 0.000237457
343 344 0.000337367 0 0 0 0 0 0 0.000337367
344 345 0.000192791 0 -1.09616 0 0 0 0 -1.09597
345 346 1.007e-06 0 -1.38093 0 0 0 0 -1.38092
346 347 0.0978675 0 0 0 0 0 0 0.0978675
347 348 0.00701523 0 -0 0 0 0 0 0.00701523
348 349 0.0104658 0 0 0 0 0 0 0.0104658
349 350 0.0579119 0 -1.06448 0 0 0 0 -1.00656
350 351 0.00117102 0 -1.18061 0 0 0 0 -1.17944
351 352 0.0401095 0 -1.02872 0 0 0 0 -0.988614
352 353 0.000194445 0 -0 0 0 0 0 0.000194445
353 354 0.0022771 0 0 0 0 0 0 0.0022771
354 355 0.0806667 0 -0.96936 0 0 0 0 -0.888693
355 356 0.000143484 0 -1.23237 0 0 0 0 -1.23222
356 357 0.0673148 0 -1.42513 0 0 0 0 -1.35782
357 358 0.0473488 0 0 0 0 0 0 0.0473488
358 359 5.8796e-05 0 0 0 0 0 0 5.8796e-05
360 361 0.0327999 0 -1.28424 0 0 0 0 -1.25144
361 362 5.37256e-06 0 -1.21901 0 0 0 0 -1.21901
362 363 0.000908778 0 -1.32009 0 0 0 0 -1.31918
363 364 2.34292e-05 0 -0.975404 0 0 0 0 -0.975381
364 365 0.162753 0 0 0 0 0 0 0.162753
365 366 0.0398702 0 0 0 0 0 0 0.0398702
366 367 0.153912 0 0 0 0 0 0 0.153912
367 368 0.00673789 0 0 0 0 0 0 0.00673789
368 369 0.115455 0 -1.3294 0 0 0 0 -1.21395
369 370 0.021931 0 -1.32438 0 0 0 0 -1.30244
370 371 0.013987 0 -0.867843 0 0 0 0 -0.853856
371 372 0.00164464 0 0 0 0 0 0 0.00164464
372 373 0.00287505 0 -1.08971 0 0 0 0 -1.08683
373 374 0.192441 0 0 0 0 0 0 0.192441
374 375 1.03064e-05 0 0 0 0 0 0 1.03064e-05
375 376 0.0688031 0 -0.886638 0 0 0 0 -0.817835
376 377 0.0576854 0 -1.24491 0 0 0 0 -1.18723
377 378 0.0133399 0 -1.29722 0 0 0 0 -1.28388
378 379 0.125654 0 0 0 0 0 0 0.125654
380 381 0.019797 0 0 0 0 0 0 0.019797
381 382 0.0856998 0 0 0 0 0 0 0.0856998
382 383 0.0054279 0 -1.39551 0 0 0 0 -1.39008
383 384 0.0078873 0 -1.42479 0 0 0 0 -1.4169
384 385 0.000101314 0 -0.769887 0 0 0 0 -0.769786
385 386 0.0797343 0 -1.22843 0 0 0 0 -1.14869
386 387 0.0870663 0 -1.40218 0 0 0 0 -1.31512
387 388 0.0795161 0 0 0 0 0 0 0.0795161
388 389 0.00801137 0 0 0 0 0 0 0.00801137
389 390 0.260276 0 0 0 0 0 0 0.260276
390 391 0.000215151 0 -1.33829 0 0 0 0 -1.33807
391 392 0.177633 0 -1.17917 0 0 0 0 -1.00154
392 393 0.049792 0 -0.92621 0 0 0 0 -0.876418
393 394 0.0175822 0 -1.17673 0 0 0 0 -1.15914
394 395 0.013305 0 -1.25491 0 0 0 0 -1.24161
395 396 0.145587 0 -0.900298 0 0 0 0 -0.754711
396 397 0.0376639 0 0 0 0 0 0 0.0376639
397 398 0.140743 0 -0.943276 0 0 0 0 -0.802533
398 399 0.00639112 0 -0.471685 0 0 0 0 -0.465294
400 401 0.015606 0 -1.3603 0 0 0 0 -1.34469
401 402 0.0688122 0 0 0 0 0 0 0.0688122
402 403 0.070137 0 -0 0 0 0 0 0.070137
403 404 0.000716885 0 -1.22116 0 0 0 0 -1.22044
404 405 0.0367041 0 -1.32323 0 0 0 0 -1.28653
405 406 0.01475 0 0 0 0 0 0 0.01475
406 407 0.0135673 0 0 0 0 0 0 0.0135673
407 408 0.0147731 0 -0.953593 0 0 0 0 -0.93882
408 409 0.0234354 0 0 0 0 0 0 0.0234354
409 410 0.0614675 0 -0.875072 0 0 0 0 -0.813605
410 411 0.013488 0 -1.2375 0 0 0 0 -1.22401
411 412 0.00953375 0 -1.08483 0 0 0 0 -1.0753
412 413 0.00209818 0 0 0 0 0 0 0.00209818
413 414 0.0352037 0 -1.30146 0 0 0 0 -1.26626
414 415 0.026798 0 -0 0 0 0 0 0.026798
415 416 0.0109783 0 0 0 0 0 0 0.0109783
416 417 0.00498602 0 -1.16987 0 0 0 0 -1.16488
417 418 0.0449796 0 -1.16797 0 0 0 0 -1.12299
418 419 0.583246 0 0 0 0 0 0 0.583246
420 421 0.00022076 0 0 0 0 0 0 0.00022076
421 422 0.350227 0 -1.22302 0 0 0 0 -0.872789
422 423 0.105845 0 0 0 0 0 0 0.105845
423 424 0.0022632 0 -1.32625 0 0 0 0 -1.32399
424 425 1.65089e-05 0 -0.0366252 0 0 0 0 -0.0366087
425 426 0.00278122 0 0 0 0 0 0 0.00278122
426 427 0.196904 0 -0 0 0 0 0 0.196904
427 428 0.0113613 0 0 0 0 0 0 0.0113613
428 429 0.0841906 0 -1.31407 0 0 0 0 -1.22987
429 430 0.0487011 0 0 0 0 0 0 0.0487011
430 431 0.076637 0 0 0 0 0 0 0.076637
431 432 0.00640714 0 -1.39283 0 0 0 0 -1.38642
432 433 0.0105319 0 -1.16812 0 0 0 0 -1.15759
433 434 0.0608156 0 -1.30185 0 0 0 0 -1.24104
434 435 5.82482e-05 0 0 0 0 0 0 5.82482e-05
435 436 0.000449359 0 -0 0 0 0 0 0.000449359
436 437 0.0902258 0 -1.08299 0 0 0 0 -0.992761
437 438 0.00429564 0 -1.19764 0 0 0 0 -1.19335
438 439 0.0982343 0 -1.37499 0 0 0 0 -1.27675
440 441 0.0377984 0 -1.16239 0 0 0 0 -1.12459
441 442 0.142304 0 -1.28114 0 0 0 0 -1.13883
442 443 0.0131948 0 0 0 0 0 0 0.0131948
443 444 0.000281741 0 -1.11693 0 0 0 0 -1.11665
444 445 0.0319012 0 -1.12593 0 0 0 0 -1.09402
445 446 0.00610642 0 -1.00485 0 0 0 0 -0.998744
446 447 0.00268497 0 -1.2576 0 0 0 0 -1.25492
447 448 0.00470665 0 -1.26172 0 0 0 0 -1.25701
448 449 0.123213 0 0 0 0 0 0 0.123213
449 450 0.075917 0 -0.956088 0 0 0 0 -0.880171
450 451 0.128822 0 -1.28107 0 0 0 0 -1.15224
451 452 0.0711479 0 0 0 0 0 0 0.0711479
452 453 0.025257 0 -1.09913 0 0 0 0 -1.07387
453 454 0.24067 0 -1.13188 0 0 0 0 -0.891213
454 455 0.00621327 0 -1.34338 0 0 0 0 -1.33716
455 456 0.204628 0 0 0 0 0 0 0.204628
456 457 0.0188287 0 -0.784525 0 0 0 0 -0.765697
457 458 0.0041983 0 -1.44355 0 0 0 0 -1.43935
458 459 0.0020109 0 -1.25868 0 0 0 0 -1.25667
460 461 0.00550719 0 -0.913494 0 0 0 0 -0.907987
461 462 0.0491929 0 0 0 0 0 0 0.0491929
462 463 0.013868 0 -1.02062 0 0 0 0 -1.00675
463 464 0.0721657 0 -0.534254 0 0 0 0 -0.462088
464 465 2.22309e-07 0 -1.26354 0 0 0 0 -1.26354
465 466 0.00851622 0 -0.847392 0 0 0 0 -0.838876
466 467 0.00132221 0 -1.14034 0 0 0 0 -1.13902
467 468 0.0313429 0 -1.11272 0 0 0 0 -1.08138
468 469 1.8808e-06 0 0 0 0 0 0 1.8808e-06
469 470 0.0311187 0 0 0 0 0 0 0.0311187
470 471 0.0465457 0 0 0 0 0 0 0.0465457
471 472 0.0762516 0 0 0 0 0 0 0.0762516
472 473 0.000773995 0 -0.918579 0 0 0 0 -0.917805
473 474 0.0893701 0 0 0 0 0 0 0.0893701
474 475 0.0146787 0 -1.28175 0 0 0 0 -1.26707
475 476 0.14305 0 -1.35194 0 0 0 0 -1.20889
476 477 2.28782e-05 0 -0.865785 0 0 0 0 -0.865762
477 478 0.104066 0 -1.19123 0 0 0 0 -1.08717
478 479 0.138186 0 -1.41514 0 0 0 0 -1.27695
480 481 0.0508051 0 -0.679453 0 0 0 0 -0.628647
481 482 0.00192594 0 -1.39581 0 0 0 0 -1.39388
482 483 0.184721 0 -1.27279 0 0 0 0 -1.08807
483 484 0.0323481 0 -1.1479 0 0 0 0 -1.11555
484 485 0.0160515 0 -0.57264 0 0 0 0 -0.556589
485 486 0.000814747 0 -1.02122 0 0 0 0 -1.0204
486 487 0.00109692 0 -0 0 0 0 0 0.00109692
487 488 0.0336092 0 0 0 0 0 0 0.0336092
488 489 0.00307984 0 -1.14725 0 0 0 0 -1.14417
489 490 0.0257198 0 -1.22683 0 0 0 0 -1.20111
490 491 0.0541518 0 -1.35113 0 0 0 0 -1.29698
491 492 0.00839725 0 0 0 0 0 0 0.00839725
492 493 0.0793516 0 0 0 0 0 0 0.0793516
493 494 0.000512694 0 -1.22174 0 0 0 0 -1.22123
494 495 0.11771 0 -1.2569 0 0 0 0 -1.13919
495 496 0.0661413 0 -1.06665 0 0 0 0 -1.00051
496 497 0.0201814 0 -0.776103 0 0 0 0 -0.755921
497 498 0.0934437 0 -0 0 0 0 0 0.0934437
498 499 0.0115481 0.00317729 -0 0 0 0 0 0.0147253
500 501 0.0163057 0 -1.16214 0 0 0 0 -1.14584
501 502 0.000194764 0 -0.922747 0 0 0 0 -0.922552
502 503 0.0996166 0 -1.30979 0 0 0 0 -1.21017
503 504 0.0874232 0 0 0 0 0 0 0.0874232
504 505 0.135398 0 0 0 0 0 0 0.135398
505 506 0.00289327 0 -1.3349 0 0 0 0 -1.33201
506 507 0.0847172 0 0 0 0 0 0 0.0847172
507 508 0.0342429 0 -0 0 0 0 0 0.0342429
508 509 0.00479551 0 -1.10675 0 0 0 0 -1.10195
509 510 0.000130677 0 -0.974487 0 0 0 0 -0.974356
510 511 0.147771 0 0 0 0 0 0 0.147771
511 512 0.049818 0 -1.19401 0 0 0 0 -1.14419
512 513 0.128617 0 -1.05486 0 0 0 0 -0.92624
513 514 0.0401239 0 -1.07436 0 0 0 0 -1.03424
514 515 0.000180783 0 -1.11986 0 0 0 0 -1.11968
515 516 0.166147 0 -1.11309 0 0 0 0 -0.946946
516 517 0.00557653 0 0 0 0 0 0 0.00557653
517 518 0.030132 0 -0.858144 0 0 0 0 -0.828012
518 519 0.0128946 0 -1.0538 0 0 0 0 -1.04091
520 521 0.0174599 0 -1.32315 0 0 0 0 -1.30569
521 522 0.000430925 0 -1.22233 0 0 0 0 -1.22189
522 523 0.000551331 0 -1.29227 0 0 0 0 -1.29172
523 524 0.00258653 0 -1.23295 0 0 0 0 -1.23036
524 525 0.0760875 0 -1.08212 0 0 0 0 -1.00603
525 526 0.0780756 0 -1.22769 0 0 0 0 -1.14961
526 527 0.0626063 0 0 0 0 0 0 0.0626063
527 528 0.015772 0 -1.0167 0 0 0 0 -1.00092
528 529 0.000983486 0 -1.23862 0 0 0 0 -1.23763
529 530 0.000552864 0 -1.39721 0 0 0 0 -1.39666
530 531 0.00449907 0 -0 0 0 0 0 0.00449907
531 532 0.00610775 0 0 0 0 0 0 0.00610775
532 533 0.0416022 0 -1.20751 0 0 0 0 -1.16591
533 534 0.0500285 0 -0.814816 0 0 0 0 -0.764788
534 535 0.0537608 0 -0.99331 0 0 0 0 -0.939549
535 536 0.0139478 0 0 0 0 0 0 0.0139478
536 537 0.0719784 0 0 0 0 0 0 0.0719784
537 538 0.0767043 0 -1.06495 0 0 0 0 -0.988246
538 539 0.0189846 0 -1.07749 0 0 0 0 -1.0585
540 541 0.0440581 0 -0.849973 0 0 0 0 -0.805915
541 542 0.143558 0 -1.3097 0 0 0 0 -1.16614
542 543 0.320339 0 0 0 0 0 0 0.320339
543 544 0.0824563 0 0 0 0 0 0 0.0824563
544 545 0.039765 0 0 0 0 0 0 0.039765
545 546 0.0444867 0 -1.26257 0 0 0 0 -1.21808
546 547 0.0388695 0 -0.962744 0 0 0 0 -0.923875
547 548 0.000113216 0 -0.654795 0 0 0 0 -0.654682
548 549 0.0558887 0 -1.38644 0 0 0 0 -1.33055
549 550 0.00517663 0 0 0 0 0 0 0.00517663
550 551 0.0163331 0 0 0 0 0 0 0.0163331
551 552 4.3852e-05 0 -1.16098 0 0 0 0 -1.16093
552 553 0.062128 0 0 0 0 0 0 0.062128
553 554 0.1602 0 -1.18945 0 0 0 0 -1.02925
554 555 0.0379875 0 -1.19251 0 0 0 0 -1.15452
555 556 4.56511e-06 0 0 0 0 0 0 4.56511e-06
556 557 0.123515 0 -1.19135 0 0 0 0 -1.06783
557 558 0.00499028 0 -1.25276 0 0 0 0 -1.24777
558 559 0.107552 0 -1.24445 0 0 0 0 -1.1369
560 561 0.0186468 0 0 0 0 0 0 0.0186468
561 562 0.0161732 0 -1.07086 0 0 0 0 -1.05469
562 563 0.00401612 0 0 0 0 0 0 0.00401612
563 564 0.0193979 0 0 0 0 0 0 0.0193979
564 565 0.00726548 0 -1.20408 0 0 0 0 -1.19682
565 566 0.122781 0 -0 0 0 0 0 0.122781
566 567 0.089823 0 0 0 0 0 0 0.089823
567 568 0.191884 0 -1.39886 0 0 0 0 -1.20698
568 569 0.00189383 0 0 0 0 0 0 0.00189383
569 570 0.012166 0 -1.01907 0 0 0 0 -1.00691
570 571 0.0629035 0 -1.30095 0 0 0 0 -1.23805
571 572 0.186275 0 -0.663142 0 0 0 0 -0.476867
572 573 0.0129073 0 -1.29772 0 0 0 0 -1.28481
573 574 0.00643273 0 -1.05838 0 0 0 0 -1.05195
574 575 0.0260947 0 -1.38289 0 0 0 0 -1.3568
575 576 0.0482306 0 0 0 0 0 0 0.0482306
576 577 0.0275804 0 -1.42185 0 0 0 0 -1.39427
577 578 0.0637019 0 0 0 0 0 0 0.0637019
578 579 0.00967688 0 0 0 0 0 0 0.00967688
580 581 0.00176837 0 0 0 0 0 0 0.00176837
581 582 0.00644953 0 -1.40429 0 0 0 0 -1.39784
582 583 0.0640868 0 0 0 0 0 0 0.0640868
583 584 0.0176079 0 -0 0 0 0 0 0.0176079
584 585 0.114422 0 -0.764665 0 0 0 0 -0.650242
585 586 0.0112144 0 -1.31748 0 0 0 0 -1.30627
586 587 0.0694158 0 0 0 0 0 0 0.0694158
587 588 0.00861416 0 -1.03164 0 0 0 0 -1.02302
588 589 0.00101923 0 0 0 0 0 0 0.00101923
589 590 0.00688488 0 -1.33184 0 0 0 0 -1.32495
590 591 0.0084246 0 -1.10095 0 0 0 0 -1.09253
591 592 0.0245499 0 -0.67006 0 0 0 0 -0.64551
592 593 0.209017 0 -1.113 0 0 0 0 -0.90398
593 594 0.107781 0 -1.38023 0 0 0 0 -1.27245
594 595 0.00895409 0 -0.219311 0 0 0 0 -0.210357
595 596 0.00502293 0 0 0 0 0 0 0.00502293
596 597 0.15594 0 -0.982439 0 0 0 0 -0.826499
597 598 0.231282 0 -0.999925 0 0 0 0 -0.768643
598 599 0.00192016 0 0 0 0 0 0 0.00192016
600 601 0.105736 0 0 0 0 0 0 0.105736
601 602 0.235054 0 -1.1677 0 0 0 0 -0.93265
602 603 0.15798 0 -1.36971 0 0 0 0 -1.21173
603 604 0.00447599 0 0 0 0 0 0 0.00447599
604 605 0.0157058 0 -1.14522 0 0 0 0 -1.12951
605 606 0.0186542 0 0 0 0 0 0 0.0186542
606 607 0.432167 0 0 0 0 0 0 0.432167
607 608 0.00725319 0 -0 0 0 0 0 0.00725319
608 609 0.230377 0 -1.31863 0 0 0 0 -1.08825
609 610 0.0334552 0 0 0 0 0 0 0.0334552
610 611 0.00195328 0 -0.865536 0 0 0 0 -0.863582
611 612 0.00756195 0 -0.995874 0 0 0 0 -0.988312
612 613 0.0196838 0 -1.40732 0 0 0 0 -1.38764
613 614 0.00542091 0 -0 0 0 0 0 0.00542091
614 615 0.00113413 0 -1.20445 0 0 0 0 -1.20331
615 616 0.0297321 0 0 0 0 0 0 0.0297321
616 617 0.00807457 0 -1.30903 0 0 0 0 -1.30096
617 618 0.273499 0 -0 0 0 0 0 0.273499
618 619 0.0298661 0 0 0 0 0 0 0.0298661
620 621 0.021728 0 0 0 0 0 0 0.021728
621 622 0.124002 0 -1.00568 0 0 0 0 -0.881676
622 623 0.0125727 0 -1.27327 0 0 0 0 -1.26069
623 624 0.0195857 0 -0.529807 0 0 0 0 -0.510221
624 625 0.0743846 0 0 0 0 0 0 0.0743846
625 626 0.0346642 0 -1.17752 0 0 0 0 -1.14286
626 627 0.00488884 0 -1.23012 0 0 0 0 -1.22523
627 628 0.021421 0 -1.24212 0 0 0 0 -1.22069
628 629 0.00203087 0 -0.159161 0 0 0 0 -0.15713
629 630 0.0065698 0 -0.377446 0 0 0 0 -0.370876
630 631 0.0451403 0 0 0 0 0 0 0.0451403
631 632 0.00462684 0 -0 0 0 0 0 0.00462684
632 633 0.00448183 0 0 0 0 0 0 0.00448183
633 634 0.00254777 0 -1.03806 0 0 0 0 -1.03552
634 635 0.0198514 0 0 0 0 0 0 0.0198514
635 636 0.00121182 0 0 0 0 0 0 0.00121182
636 637 0.0102647 0 0 0 0 0 0 0.0102647
637 638 0.00291543 0 -1.25059 0 0 0 0 -1.24767
638 639 0.0722344 0 0 0 0 0 0 0.0722344
640 641 0.250253 0 -1.10364 0 0 0 0 -0.853383
641 642 0.00340702 0 -0 0 0 0 0 0.00340702
642 643 0.0587827 0 -0 0 0 0 0 0.0587827
643 644 0.00609147 0 0 0 0 0 0 0.00609147
644 645 0.316905 0 0 0 0 0 0 0.316905
645 646 0.00842722 0 -0 0 0 0 0 0.00842722
646 647 0.170713 0 0 0 0 0 0 0.170713
647 648 0.0890797 0 -1.07143 0 0 0 0 -0.982346
648 649 0.0024234 0 -0.794246 0 0 0 0 -0.791822
649 650 0.0038943 0 -0.978117 0 0 0 0 -0.974222
650 651 0.344246 0 -1.36718 0 0 0 0 -1.02293
651 652 0.0926073 0 -1.2462 0 0 0 0 -1.15359
652 653 0.0037453 0 0 0 0 0 0 0.0037453
653 654 0.0285377 0 -1.07004 0 0 0 0 -1.04151
654 655 0.00947334 0 0 0 0 0 0 0.00947334
655 656 0.049206 0 -1.0554 0 0 0 0 -1.00619
656 657 0.00447168 0 -0.628651 0 0 0 0 -0.624179
657 658 0.00247575 0 0 0 0 0 0 0.00247575
658 659 0.0892113 0 0 0 0 0 0 0.0892113
660 661 0.0413033 0 0 0 0 0 0 0.0413033
661 662 0.0526369 0 -0.528742 0 0 0 0 -0.476105
662 663 0.0848903 0 -0.850029 0 0 0 0 -0.765138
660 664 0 0 0 0 0 -0.128603 -2.98096e-17 -0.128603
663 664 0.0696985 0 0 0 0 0 0 0.0696985
664 665 0.00105094 0 -1.03227 0 0 0 0 -1.03122
665 666 0.10128 0 -0 0 0 0 0 0.10128
666 667 0.0288782 0 0 0 0 0 0 0.0288782
667 668 0.0414965 0 -1.0424 0 0 0 0 -1.00091
668 669 0.0405195 0 0 0 0 0 0 0.0405195
669 670 0.0103871 0 -1.3115 0 0 0 0 -1.30111
670 671 0.180482 0 0 0 0 0 0 0.180482
671 672 0.0203765 0 0 0 0 0 0 0.0203765
672 673 0.226952 0 -0.758977 0 0 0 0 -0.532025
673 674 0.0103298 0 -0.0137248 0 0 0 0 -0.00339495
674 675 0.00132765 0 -0.745547 0 0 0 0 -0.744219
675 676 0.0561084 0 -0.851035 0 0 0 0 -0.794927
676 677 0.00060405 0 -1.24352 0 0 0 0 -1.24291
677 678 0.0487335 0 -1.20022 0 0 0 0 -1.15148
678 679 0.00750734 0 -1.11764 0 0 0 0 -1.11013
680 681 0.0358655 0 0 0 0 0 0 0.0358655
681 682 0.0164655 0 -1.07543 0 0 0 0 -1.05897
682 683 0.00181675 0 -1.45547 0 0 0 0 -1.45366
683 684 0.0165126 0 -1.14353 0 0 0 0 -1.12702
684 685 0.0292972 0 -1.05376 0 0 0 0 -1.02446
685 686 0.0181156 0 -1.27005 0 0 0 0 -1.25194
686 687 0.0292686 0 0 0 0 0 0 0.0292686
687 688 0.000558916 0 -1.32233 0 0 0 0 -1.32177
688 689 0.0339955 0 -1.12835 0 0 0 0 -1.09435
689 690 0.134399 0 0 0 0 0 0 0.134399
690 691 0.000125414 0 -1.3465 0 0 0 0 -1.34637
691 692 0.0603161 0 -1.28057 0 0 0 0 -1.22025
692 693 0.00321456 0 -1.09071 0 0 0 0 -1.0875
693 694 0.00273075 0 0 0 0 0 0 0.00273075
694 695 0.016903 0 -1.23105 0 0 0 0 -1.21415
695 696 0.00103571 0 -0.666118 0 0 0 0 -0.665082
690 697 0 0 0 0 0 -5.56021e-05 0 -5.56021e-05
696 697 0.0187371 0 -1.19514 0 0 0 0 -1.17641
697 698 0.348144 0 0 0 0 0 0 0.348144
698 699 0.00574632 0 0 0 0 0 0 0.00574632
700 701 0.00111778 0 -1.39719 0 0 0 0 -1.39607
701 702 0.0729074 0 -1.3372 0 0 0 0 -1.26429
702 703 0.0326691 0 0 0 0 0 0 0.0326691
703 704 0.124643 0 0 0 0 0 0 0.124643
704 705 0.0705389 0 -1.45596 0 0 0 0 -1.38542
705 706 0.00022546 0 0 0 0 0 0 0.00022546
706 707 0.0655164 0 0 0 0 0 0 0.0655164
707 708 0.253114 0 -1.26245 0 0 0 0 -1.00933
708 709 0.0707967 0 -1.35226 0 0 0 0 -1.28147
709 710 1.94642e-06 0 -1.18204 0 0 0 0 -1.18204
710 711 0.217268 0 0 0 0 0 0 0.217268
711 712 0.0162481 0 0 0 0 0 0 0.0162481
712 713 0.00391682 0 0 0 0 0 0 0.00391682
713 714 0.0371233 0 0 0 0 0 0 0.0371233
714 715 0.0568676 0 -0 0 0 0 0 0.0568676
715 716 0.0759774 0 -1.3249 0 0 0 0 -1.24892
716 717 0.0298592 0 0 0 0 0 0 0.0298592
717 718 0.0360376 0 -1.41518 0 0 0 0 -1.37914
718 719 0.00438393 0 -0 0 0 0 0 0.00438393
720 721 0.00856979 0 0 0 0 0 0 0.00856979
721 722 0.0213545 0 -1.21859 0 0 0 0 -1.19723
722 723 0.0292978 0 -1.47236 0 0 0 0 -1.44306
723 724 0.0163432 0 0 0 0 0 0 0.0163432
724 725 0.068237 0 -1.12537 0 0 0 0 -1.05713
725 726 0.00492521 0 -1.16834 0 0 0 0 -1.16342
726 727 0.013606 0 -1.26129 0 0 0 0 -1.24769
727 728 0.0246429 0 0 0 0 0 0 0.0246429
728 729 0.0232688 0 -0.884288 0 0 0 0 -0.861019
729 730 0.00791261 0 -1.22948 0 0 0 0 -1.22157
730 731 0.204038 0 -1.02853 0 0 0 0 -0.824491
731 732 0.294649 0 -1.29163 0 0 0 0 -0.996985
732 733 0.000104862 0 -1.36951 0 0 0 0 -1.36941
733 734 0.0725155 0 -1.16667 0 0 0 0 -1.09415
734 735 0.00133966 0 -1.15684 0 0 0 0 -1.1555
735 736 0.0069724 0 -1.06334 0 0 0 0 -1.05636
736 737 0.00603491 0 -0.965115 0 0 0 0 -0.95908
737 738 0.0717517 0 0 0 0 0 0 0.0717517
738 739 0.0124916 0 -0 0 0 0 0 0.0124916
740 741 0.130722 0 -1.3679 0 0 0 0 -1.23718
741 742 0.028163 0 -1.17992 0 0 0 0 -1.15175
742 743 7.66184e-05 0 0 0 0 0 0 7.66184e-05
743 744 0.0580863 0 -1.1207 0 0 0 0 -1.06261
744 745 0.286015 0 0 0 0 0 0 0.286015
745 746 0.0767728 0 -1.28701 0 0 0 0 -1.21024
746 747 0.0536712 0 -0.816049 0 0 0 0 -0.762377
747 748 0.0645745 0 -1.33255 0 0 0 0 -1.26798
748 749 0.000477648 0 -1.37339 0 0 0 0 -1.37291
749 750 0.00146951 0 -0.933553 0 0 0 0 -0.932084
750 751 0.0424503 0 0 0 0 0 0 0.0424503
751 752 0.010071 0 -0.926088 0 0 0 0 -0.916017
752 753 0.0614957 0 0 0 0 0 0 0.0614957
753 754 0.014013 0 -1.30131 0 0 0 0 -1.2873
754 755 0.000469952 0 0 0 0 0 0 0.000469952
755 756 0.0445764 0 0 0 0 0 0 0.0445764
756 757 0.0108849 0 -1.15924 0 0 0 0 -1.14835
757 758 0.000137158 0 0 0 0 0 0 0.000137158
758 759 0.0715755 0 0 0 0 0 0 0.0715755
760 761 0.06336 0 -1.16243 0 0 0 0 -1.09907
761 762 0.0307258 0 0 0 0 0 0 0.0307258
762 763 0.0797949 0 -0.869472 0 0 0 0 -0.789677
763 764 0.0356544 0 -1.24465 0 0 0 0 -1.209
764 765 0.0211282 0 -1.23792 0 0 0 0 -1.21679
765 766 0.0619686 0 -1.13677 0 0 0 0 -1.0748
766 767 0.00493721 0 0 0 0 0 0 0.00493721
767 768 0.204684 0 -1.07688 0 0 0 0 -0.872197
768 769 0.00182556 0 -0.801672 0 0 0 0 -0.799846
769 770 0.00183336 0 -1.28955 0 0 0 0 -1.28772
770 771 0.357535 0 -0 0 0 0 0 0.357535
771 772 0.109149 0 -0.494687 0 0 0 0 -0.385537
772 773 0.0223225 0 -1.42721 0 0 0 0 -1.40488
773 774 0.0488253 0 -1.4373 0 0 0 0 -1.38847
774 775 0.00887515 0 -1.30054 0 0 0 0 -1.29166
775 776 0.0180588 0 -0.307787 0 0 0 0 -0.289728
776 777 0.122616 0 -0.977909 0 0 0 0 -0.855293
777 778 0.0241552 0 0 0 0 0 0 0.0241552
778 779 0.0651329 0 0 0 0 0 0 0.0651329
780 781 0.225638 0 -1.23329 0 0 0 0 -1.00765
781 782 0.0989079 0 0 0 0 0 0 0.0989079
782 783 0.0306897 0 -1.25765 0 0 0 0 -1.22696
783 784 0.0471489 0 -1.31179 0 0 0 0 -1.26464
784 785 0.023928 0 -1.0625 0 0 0 0 -1.03857
785 786 0.109138 0 0 0 0 0 0 0.109138
786 787 0.29671 0 0 0 0 0 0 0.29671
787 788 0.00270274 0 -0.000146907 0 0 0 0 0.00255583
788 789 0.0528359 0 -1.25404 0 0 0 0 -1.20121
789 790 0.00681776 0 0 0 0 0 0 0.00681776
790 791 0.187277 0 0 0 0 0 0 0.187277
791 792 0.228243 0 -1.24111 0 0 0 0 -1.01287
792 793 0.0405943 0 -1.45721 0 0 0 0 -1.41662
793 794 0.00565311 0 0 0 0 0 0 0.00565311
794 795 0.131291 0 -1.08385 0 0 0 0 -0.952558
795 796 0.0137991 0 -1.01712 0 0 0 0 -1.00332
796 797 0.11676 0 0 0 0 0 0 0.11676
797 798 0.26299 0 -1.26974 0 0 0 0 -1.00675
798 799 0.0229946 0 0 0 0 0 0 0.0229946
#Total energy per particle is  -0.582546 and should be -0.58254610
