t = 0
b =  100.0 100.0 100.0
E = 0. 0. 0.
30.44427180557704 57.92708993612998 61.685517663663205 0.9801771517264554 -0.025343533347814785 -0.19649543646319506 0.0947744839287578 0.9309267214194923 0.3526942536293904 0.0 0.0 0.0 0.0 0.0 0.0
30.654138847644404 58.158863786067904 62.12246366634226 0.6919647040301392 0.19310114485157778 -0.695626908790547 0.0947744839287578 0.9309267214194923 0.3526942536293904 0.0 0.0 0.0 0.0 0.0 0.0
31.02173926576814 58.434655048050686 62.400841493274584 0.14086329623987198 0.3381834696428815 -0.9304780882066706 0.0947744839287578 0.9309267214194923 0.3526942536293904 0.0 0.0 0.0 0.0 0.0 0.0
31.421449476702026 58.78753524257952 62.467116810722665 -0.4637544329006432 0.35478424019076366 -0.811825085149052 0.0947744839287578 0.9309267214194923 0.3526942536293904 0.0 0.0 0.0 0.0 0.0 0.0
31.715446850064158 59.22128851582315 62.3483365744669 -0.8921840994215657 0.23659654621400153 -0.3847461592517018 0.0947744839287578 0.9309267214194923 0.3526942536293904 0.0 0.0 0.0 0.0 0.0 0.0
31.806070829890526 59.70897397922077 62.141853439103656 -0.9816581100495574 0.02852186864723507 0.18850426515811605 0.0947744839287578 0.9309267214194923 0.3526942536293904 0.0 0.0 0.0 0.0 0.0 0.0
31.672925812643186 60.20316100347397 61.9783398569145 -0.6981837922213607 -0.19038874367882996 0.6901387676111211 0.0947744839287578 0.9309267214194923 0.3526942536293904 0.0 0.0 0.0 0.0 0.0 0.0
31.3806297779906 60.653948907614996 61.97214342851755 -0.14945777871775828 -0.33696748915126234 0.929578013743789 0.0947744839287578 0.9309267214194923 0.3526942536293904 0.0 0.0 0.0 0.0 0.0 0.0
31.054264837976607 61.027925062001295 62.1778443376027 0.45604974372152535 -0.35552665169914915 0.8158550307396061 0.0947744839287578 0.9309267214194923 0.3526942536293904 0.0 0.0 0.0 0.0 0.0 0.0
30.83185645139356 61.32085890494611 62.56951942661587 0.8882963437758968 -0.2390152951778976 0.3921750811887426 0.0947744839287578 0.9309267214194923 0.3526942536293904 0.0 0.0 0.0 0.0 0.0 0.0
30.811935244324513 61.55930920383449 63.050590837725814 0.9830643113069352 -0.031698031895931546 -0.18049873852342144 0.0947744839287578 0.9309267214194923 0.3526942536293904 0.0 0.0 0.0 0.0 0.0 0.0
31.016103577950044 61.790533935354816 63.49051755570994 0.7043497110136762 0.18766184366613045 -0.684598069692561 0.0947744839287578 0.9309267214194923 0.3526942536293904 0.0 0.0 0.0 0.0 0.0 0.0
31.380828450363538 62.064536190043626 63.77439012216674 0.15804087940714592 0.3357258472807212 -0.9286071483161535 0.0947744839287578 0.9309267214194923 0.3526942536293904 0.0 0.0 0.0 0.0 0.0 0.0
31.781578746210656 62.4150671621837 63.84658665994622 -0.44831032458875475 0.3562419884765298 -0.8198228458108583 0.0947744839287578 0.9309267214194923 0.3526942536293904 0.0 0.0 0.0 0.0 0.0 0.0
32.08013668946166 62.84680350680618 63.731904554227334 -0.8843409409244704 0.24141584220167991 -0.3995741374749836 0.0947744839287578 0.9309267214194923 0.3526942536293904 0.0 0.0 0.0 0.0 0.0 0.0
32.1771090874031 63.33357060025469 63.52613951129842 -0.9843956484109188 0.03487178121677461 0.17247946621095883 0.0947744839287578 0.9309267214194923 0.3526942536293904 0.0 0.0 0.0 0.0 0.0 0.0
32.04968846631523 63.8282867173288 63.35969116811936 -0.710461990848497 -0.184920652477474 0.6790052369804643 0.0947744839287578 0.9309267214194923 0.3526942536293904 0.0 0.0 0.0 0.0 0.0 0.0
31.76031801205872 64.28085016585213 63.348022090074934 -0.16661194467168658 -0.3344586385870946 0.9275655658589247 0.0947744839287578 0.9309267214194923 0.3526942536293904 0.0 0.0 0.0 0.0 0.0 0.0
31.432968359771845 64.65717375718577 63.54779161195394 0.4405367648890626 -0.3569301960472416 0.8237282281983286 0.0947744839287578 0.9309267214194923 0.3526942536293904 0.0 0.0 0.0 0.0 0.0 0.0
31.206039076902943 64.95213509909962 63.935330009369395 0.8803181920865272 -0.24379800447439973 0.40694276464364143 0.0947744839287578 0.9309267214194923 0.3526942536293904 0.0 0.0 0.0 0.0 0.0 0.0
12.776964682765211 79.44817368598112 66.9715439634636 -0.640691483309472 0.5165211423275216 0.5680847936209704 0.7607959315472153 0.5267806421975677 0.37906688795926685 0.0 0.0 0.0 0.0 0.0 0.0
12.964072201244287 79.9498661693689 66.92704080897813 -0.4583206900223167 0.02256621523171484 0.8885003719906837 0.7607959315472153 0.5267806421975677 0.37906688795926685 0.0 0.0 0.0 0.0 0.0 0.0
13.046705504011694 80.4567026222288 67.08507134224465 -0.10182620388238114 -0.4799619943176192 0.8713598041070963 0.7607959315472153 0.5267806421975677 0.37906688795926685 0.0 0.0 0.0 0.0 0.0 0.0
13.106127520400147 80.85413172338197 67.44172837027475 0.29335375955581244 -0.8001446176890752 0.5231750782841958 0.7607959315472153 0.5267806421975677 0.37906688795926685 0.0 0.0 0.0 0.0 0.0 0.0
13.232419535509736 81.06916783375634 67.91764317386145 0.5770837251254449 -0.8163389230958463 -0.023772606799720937 0.7607959315472153 0.5267806421975677 0.37906688795926685 0.0 0.0 0.0 0.0 0.0 0.0
13.490257803919636 81.09811946092486 68.38813901098017 0.64156993519456 -0.5223924231595527 -0.5616886811036336 0.7607959315472153 0.5267806421975677 0.37906688795926685 0.0 0.0 0.0 0.0 0.0 0.0
13.894341959244162 81.00799171879706 68.73059789556774 0.46231300040596385 -0.029980307729390684 -0.8862098345223252 0.7607959315472153 0.5267806421975677 0.37906688795926685 0.0 0.0 0.0 0.0 0.0 0.0
14.403810377557928 80.91102996457901 68.87104522049131 0.10741562730196971 0.47382182785118193 -0.8740450551676899 0.7607959315472153 0.5267806421975677 0.37906688795926685 0.0 0.0 0.0 0.0 0.0 0.0
14.937764191495015 80.92207591092847 68.81225394758755 -0.2882907385075605 0.7976111291525846 -0.5298159461008185 0.7607959315472153 0.5267806421975677 0.37906688795926685 0.0 0.0 0.0 0.0 0.0 0.0
15.406002122518222 81.11493733926514 68.63269111309943 -0.5744706327939585 0.8183746271419847 0.015699098939993 0.7607959315472153 0.5267806421975677 0.37906688795926685 0.0 0.0 0.0 0.0 0.0 0.0
15.743289454720303 81.49434728960901 68.45670688870864 -0.642399529045145 0.5282239217860352 0.5552497938185641 0.7607959315472153 0.5267806421975677 0.37906688795926685 0.0 0.0 0.0 0.0 0.0 0.0
15.934141794063414 81.9941658995446 68.40729187228976 -0.4662701038647136 0.037392117110558676 0.8838518087439664 0.7607959315472153 0.5267806421975677 0.37906688795926685 0.0 0.0 0.0 0.0 0.0 0.0
16.01870784855935 82.50250804375207 68.5593509034845 -0.11299687060566373 -0.46764557801807877 0.8766637443133288 0.7607959315472153 0.5267806421975677 0.37906688795926685 0.0 0.0 0.0 0.0 0.0 0.0
16.077516262845275 82.90425036373584 68.91124546277973 0.28320576300340716 -0.7950168994405329 0.536416466381879 0.7607959315472153 0.5267806421975677 0.37906688795926685 0.0 0.0 0.0 0.0 0.0 0.0
16.200881439718913 83.12476855647691 69.38541617246509 0.5718137922996301 -0.8203480087918007 -0.007624395533100008 0.7607959315472153 0.5267806421975677 0.37906688795926685 0.0 0.0 0.0 0.0 0.0 0.0
16.454591588539394 83.15828839480159 69.85784890094875 0.643180201684441 -0.5340151941157724 -0.548768622111959 0.7607959315472153 0.5267806421975677 0.37906688795926685 0.0 0.0 0.0 0.0 0.0 0.0
16.85491468457154 83.07007945282477 70.20518980475498 0.4701916990498148 -0.04480107893724013 -0.881426474228401 0.7607959315472153 0.5267806421975677 0.37906688795926685 0.0 0.0 0.0 0.0 0.0 0.0
17.362417993196694 82.97165810349453 70.35160951602673 0.11856950876017473 0.4614337151636452 -0.8792156721206973 0.7607959315472153 0.5267806421975677 0.37906688795926685 0.0 0.0 0.0 0.0 0.0 0.0
17.896949225074522 82.97842058405489 70.29761198717398 -0.2780992202839267 0.7923621261135547 -0.5429761364722046 0.7607959315472153 0.5267806421975677 0.37906688795926685 0.0 0.0 0.0 0.0 0.0 0.0
18.368087730938225 83.16580203619453 70.11984303092764 -0.5691134059711525 0.8222589177646399 -0.0004508885010326983 0.7607959315472153 0.5267806421975677 0.37906688795926685 0.0 0.0 0.0 0.0 0.0 0.0
28.06293782846339 56.89222861770131 8.928415388018179 0.8567115485070985 -0.404229331823714 0.32038097625783424 0.08459943054352274 0.7228493974892576 0.6858073234525344 0.0 0.0 0.0 0.0 0.0 0.0
28.014543762702424 56.93072226111625 9.462139432758649 0.9923245174271081 0.0011810041424562163 -0.12365539754605291 0.08459943054352274 0.7228493974892576 0.6858073234525344 0.0 0.0 0.0 0.0 0.0 0.0
28.192350101912503 56.96948511446262 9.967676225737673 0.7509368113953766 0.40614265688957063 -0.5207130184141981 0.08459943054352274 0.7228493974892576 0.6858073234525344 0.0 0.0 0.0 0.0 0.0 0.0
28.54133251090842 57.10082819922627 10.354516469784924 0.22425565572058415 0.6568039239412272 -0.7199430577293857 0.08459943054352274 0.7228493974892576 0.6858073234525344 0.0 0.0 0.0 0.0 0.0 0.0
28.94143400368206 57.381889759118685 10.57724567116972 -0.38762397291707745 0.657934399111604 -0.6456546926071502 0.08459943054352274 0.7228493974892576 0.6858073234525344 0.0 0.0 0.0 0.0 0.0 0.0
29.253176599632642 57.81292748599052 10.652797865059163 -0.8522387735163166 0.40910459598293786 -0.326071314992659 0.08459943054352274 0.7228493974892576 0.6858073234525344 0.0 0.0 0.0 0.0 0.0 0.0
29.370651340344452 58.33722061838917 10.654022092436183 -0.9930738153842633 0.004849116976262815 0.1173920068092071 0.08459943054352274 0.7228493974892576 0.6858073234525344 0.0 0.0 0.0 0.0 0.0 0.0
29.261754873592306 58.862619107155126 10.682005831459104 -0.7566235114789519 -0.4012486226426073 0.516256142534567 0.08459943054352274 0.7228493974892576 0.6858073234525344 0.0 0.0 0.0 0.0 0.0 0.0
28.98038605359134 59.2965529597644 10.827670174416802 -0.2327192854922743 -0.6549053020003309 0.7189859383686312 0.08459943054352274 0.7228493974892576 0.6858073234525344 0.0 0.0 0.0 0.0 0.0 0.0
28.645968865139885 59.581201128176076 11.137227384648558 0.37959888791188107 -0.6597525076953882 0.6485609554126047 0.08459943054352274 0.7228493974892576 0.6858073234525344 0.0 0.0 0.0 0.0 0.0 0.0
28.398081255132045 59.715458691699446 11.594624085073614 0.8477010972433544 -0.41394870524326927 0.33173682213440653 0.08459943054352274 0.7228493974892576 0.6858073234525344 0.0 0.0 0.0 0.0 0.0 0.0
28.343427136913775 59.755356634837696 12.127640204542322 0.993747486925535 -0.010878868815954458 -0.11111967621654535 0.08459943054352274 0.7228493974892576 0.6858073234525344 0.0 0.0 0.0 0.0 0.0 0.0
28.515297789608493 59.792774739487044 12.635326590321085 0.7622525917527408 0.3963240317595282 -0.5117599517509192 0.08459943054352274 0.7228493974892576 0.6858073234525344 0.0 0.0 0.0 0.0 0.0 0.0
28.86092394457756 59.92053491964633 13.026357278995675 0.2411651927893645 0.652956806485114 -0.7179740654450071 0.08459943054352274 0.7228493974892576 0.6858073234525344 0.0 0.0 0.0 0.0 0.0 0.0
29.261523712831234 60.197136624389216 13.253725756860991 -0.37154489498169396 0.6615203735713713 -0.651417827790303 0.08459943054352274 0.7228493974892576 0.6858073234525344 0.0 0.0 0.0 0.0 0.0 0.0
29.57742981058316 60.624531919102466 13.332603520384616 -0.8430988652498295 0.41876129070702434 -0.33737706623278146 0.08459943054352274 0.7228493974892576 0.6858073234525344 0.0 0.0 0.0 0.0 0.0 0.0
29.701151495473237 61.147383863208724 13.334576171044894 -0.994345480748228 0.016907792187662 0.1048388834303181 0.08459943054352274 0.7228493974892576 0.6858073234525344 0.0 0.0 0.0 0.0 0.0 0.0
29.598212096739633 61.67408993907616 13.360446848481873 -0.7678236235404873 -0.39136925926700417 0.5072247884655819 0.08459943054352274 0.7228493974892576 0.6858073234525344 0.0 0.0 0.0 0.0 0.0 0.0
29.32024727886037 62.11158337997924 13.501939432409433 -0.24959273442331525 -0.6509585857810627 0.7169075160165453 0.08459943054352274 0.7228493974892576 0.6858073234525344 0.0 0.0 0.0 0.0 0.0 0.0
28.98538778931587 62.40069079077108 13.806851107170493 0.3634626074692589 -0.6632378621097312 0.654225092178344 0.08459943054352274 0.7228493974892576 0.6858073234525344 0.0 0.0 0.0 0.0 0.0 0.0
52.00387304499803 67.16824888203844 72.75311693390458 -0.5206297880209589 0.8537823943789041 -0.0004968640426627066 0.8523894445914488 0.5198134332611141 0.05679990625322342 0.0 0.0 0.0 0.0 0.0 0.0
52.2939164600937 67.47841773151315 72.42394341690552 -0.45031924050223926 0.6745075917259654 0.5850231536764378 0.8523894445914488 0.5198134332611141 0.05679990625322342 0.0 0.0 0.0 0.0 0.0 0.0
52.48130959014757 67.9423406077452 72.22812594619477 -0.20892488458051875 0.23897607781078425 0.9482830942483321 0.8523894445914488 0.5198134332611141 0.05679990625322342 0.0 0.0 0.0 0.0 0.0 0.0
52.62107828618748 68.4607380884336 72.24846963665571 0.11184352803113523 -0.2873464435316657 0.951274432867431 0.8523894445914488 0.5198134332611141 0.05679990625322342 0.0 0.0 0.0 0.0 0.0 0.0
52.78634171796125 68.9136349382776 72.48565636402067 0.39012071441969104 -0.704501246800096 0.5928607099798239 0.8523894445914488 0.5198134332611141 0.05679990625322342 0.0 0.0 0.0 0.0 0.0 0.0
53.040533178862155 69.20594070674635 72.85798570887992 0.5201845189296896 -0.854004247776451 0.00920929126840061 0.8523894445914488 0.5198134332611141 0.05679990625322342 0.0 0.0 0.0 0.0 0.0 0.0
53.41330071722071 69.30357618006317 73.23241431197357 0.4526215276769349 -0.6790567568329329 -0.5779408911670271 0.8523894445914488 0.5198134332611141 0.05679990625322342 0.0 0.0 0.0 0.0 0.0 0.0
53.88924334705498 69.24642064429338 73.47510127074077 0.2131000506313236 -0.24612425074505098 -0.9455216663916886 0.8523894445914488 0.5198134332611141 0.05679990625322342 0.0 0.0 0.0 0.0 0.0 0.0
54.41376214013586 69.13316107782194 73.5022565359031 -0.10738169849197594 0.28031497317890586 -0.953882952274905 0.8523894445914488 0.5198134332611141 0.05679990625322342 0.0 0.0 0.0 0.0 0.0 0.0
54.91380327166672 69.08379931830676 73.31197415208038 -0.3870673450319158 0.7002578521757714 -0.5998481565163976 0.8523894445914488 0.5198134332611141 0.05679990625322342 0.0 0.0 0.0 0.0 0.0 0.0
55.32561238971847 69.19406135822868 72.98495636210552 -0.5196996357733282 0.8541610654441174 -0.017921017170953502 0.8523894445914488 0.5198134332611141 0.05679990625322342 0.0 0.0 0.0 0.0 0.0 0.0
55.61895595944332 69.49902943989481 72.65385347570265 -0.4548893459699032 0.6835542091387922 0.5708146162211647 0.8523894445914488 0.5198134332611141 0.05679990625322342 0.0 0.0 0.0 0.0 0.0 0.0
55.80860748844121 69.9598137250422 72.4528677990281 -0.21725898828822318 0.2532536803647144 0.9426882333994131 0.8523894445914488 0.5198134332611141 0.05679990625322342 0.0 0.0 0.0 0.0 0.0 0.0
55.94873482422275 70.47832719459736 72.46676793481866 0.10291169142073059 -0.27326215575565516 0.9564188298024554 0.8523894445914488 0.5198134332611141 0.05679990625322342 0.0 0.0 0.0 0.0 0.0 0.0
56.11232088330175 70.93455054714981 72.69868377295647 0.3839844989672235 -0.6959611302048456 0.606789922293446 0.8523894445914488 0.5198134332611141 0.05679990625322342 0.0 0.0 0.0 0.0 0.0 0.0
56.363436221002424 71.23212953817361 73.06891739297373 0.519175175477603 -0.8542528354396316 0.026631378318664706 0.8523894445914488 0.5198134332611141 0.05679990625322342 0.0 0.0 0.0 0.0 0.0 0.0
56.73289755628909 71.33498156847985 73.44522163651669 0.45712252267799947 -0.6879996061451381 -0.5636448715322785 0.8523894445914488 0.5198134332611141 0.05679990625322342 0.0 0.0 0.0 0.0 0.0 0.0
57.20655998500359 71.28100406691738 73.69304301385877 0.22140138083201155 -0.2603638237361069 -0.9397830110483985 0.8523894445914488 0.5198134332611141 0.05679990625322342 0.0 0.0 0.0 0.0 0.0 0.0
57.73069086544514 71.16767662354188 73.72664082426203 -0.09843384722574543 0.26618852836126594 -0.9588818723331902 0.8523894445914488 0.5198134332611141 0.05679990625322342 0.0 0.0 0.0 0.0 0.0 0.0
58.232383747314366 71.11502686358199 73.5416614816957 -0.38087241099627905 0.6916114080993313 -0.613685478668629 0.8523894445914488 0.5198134332611141 0.05679990625322342 0.0 0.0 0.0 0.0 0.0 0.0
19.403396516460237 69.10450416442583 74.09101909614041 -0.8717544873410015 0.3486336971241665 0.3442363418210845 0.4745368460185159 0.4260102617527961 0.7702791952611168 0.0 0.0 0.0 0.0 0.0 0.0
19.53188136419983 69.60400145405104 74.24161525703688 -0.7776345069591428 -0.20712349235855954 0.5936197709810587 0.4745368460185159 0.4260102617527961 0.7702791952611168 0.0 0.0 0.0 0.0 0.0 0.0
19.483104401609783 70.05628493707599 74.52752706340677 -0.38807817602788225 -0.6841910041741462 0.6174771243520245 0.4745368460185159 0.4260102617527961 0.7702791952611168 0.0 0.0 0.0 0.0 0.0 0.0
19.345865006583285 70.35260705917132 74.95419279970163 0.14891554229746662 -0.9013229144404042 0.4067445945146747 0.4745368460185159 0.4260102617527961 0.7702791952611168 0.0 0.0 0.0 0.0 0.0 0.0
19.242570914109123 70.44347259455981 75.47357597911434 0.6293337563689125 -0.7760271801952358 0.04148299281422989 0.4745368460185159 0.4260102617527961 0.7702791952611168 0.0 0.0 0.0 0.0 0.0 0.0
19.282733471201276 70.35744270980504 76.00241520804433 0.8706575544965112 -0.3559057457113439 -0.3395386914149949 0.4745368460185159 0.4260102617527961 0.7702791952611168 0.0 0.0 0.0 0.0 0.0 0.0
19.521362445236182 70.19028409911681 76.45385658158267 0.7812039910528453 0.19943023199503304 -0.5915639499914727 0.4745368460185159 0.4260102617527961 0.7702791952611168 0.0 0.0 0.0 0.0 0.0 0.0
19.938066893612206 70.0685856160869 76.77045093410686 0.3949579703739884 0.6789993302708284 -0.6188441735443799 0.4745368460185159 0.4260102617527961 0.7702791952611168 0.0 0.0 0.0 0.0 0.0 0.0
20.44480202376235 70.101665051757 76.94597973779966 -0.14133918659507005 0.9006052307133243 -0.4110151490449522 0.4745368460185159 0.4260102617527961 0.7702791952611168 0.0 0.0 0.0 0.0 0.0 0.0
20.919318881880905 70.34003747810577 77.02781762533505 -0.6239392235114785 0.7800561466913434 -0.04703459761651292 0.4745368460185159 0.4260102617527961 0.7702791952611168 0.0 0.0 0.0 0.0 0.0 0.0
21.251608774367742 70.75622372763733 77.09893397486381 -0.8694943177083584 0.3631506906980401 0.33481518382297604 0.4745368460185159 0.4260102617527961 0.7702791952611168 0.0 0.0 0.0 0.0 0.0 0.0
21.38569740977428 71.25519018854007 77.24637145608 -0.7847139834380752 -0.19172178424721473 0.5894630791167614 0.4745368460185159 0.4260102617527961 0.7702791952611168 0.0 0.0 0.0 0.0 0.0 0.0
21.34091046796505 71.71045366269111 77.52817706472833 -0.4018076871415089 -0.6737559479396579 0.6201640953569669 0.4745368460185159 0.4260102617527961 0.7702791952611168 0.0 0.0 0.0 0.0 0.0 0.0
21.204531451229016 72.01213444730955 77.95134909842676 0.13375206736639714 -0.8998189624110908 0.41525440318031964 0.4745368460185159 0.4260102617527961 0.7702791952611168 0.0 0.0 0.0 0.0 0.0 0.0
21.098641222457665 72.10870147113354 78.46917838639615 0.6184971752664947 -0.7840257088917704 0.0525826205520852 0.4745368460185159 0.4260102617527961 0.7702791952611168 0.0 0.0 0.0 0.0 0.0 0.0
21.133737444249356 72.02654980994625 78.99899388437491 0.8682648655615276 -0.3703679803536448 -0.3300661787584198 0.4745368460185159 0.4260102617527961 0.7702791952611168 0.0 0.0 0.0 0.0 0.0 0.0
21.366754669465788 71.8599727559837 79.45357078652015 0.7881642168153221 0.18399873614324472 -0.5873173183463767 0.4745368460185159 0.4260102617527961 0.7702791952611168 0.0 0.0 0.0 0.0 0.0 0.0
21.779433952704895 71.73533821971452 79.77426868746835 0.40862680469799145 0.6684612564844991 -0.6214367892726299 0.4745368460185159 0.4260102617527961 0.7702791952611168 0.0 0.0 0.0 0.0 0.0 0.0
22.28525972893237 71.76307944789416 79.95331005274832 -0.12615476239995235 0.8989641694110786 -0.4194620340851625 0.4745368460185159 0.4260102617527961 0.7702791952611168 0.0 0.0 0.0 0.0 0.0 0.0
22.76232852310131 71.995739586777 80.03673503416019 -0.6130080260670057 0.787935564498986 -0.058126639117521015 0.4745368460185159 0.4260102617527961 0.7702791952611168 0.0 0.0 0.0 0.0 0.0 0.0
17.607086878171142 99.82870119218728 23.34801722645036 0.13402527126269567 -0.5051747159504605 0.8525466163368033 0.7146578144517839 0.6452626202413806 0.2700006651144172 0.0 0.0 0.0 0.0 0.0 0.0
17.659377791061676 100.22425054771635 23.707866458612905 0.5111188667816651 -0.7452579732086574 0.4281916129360205 0.7146578144517839 0.6452626202413806 0.2700006651144172 0.0 0.0 0.0 0.0 0.0 0.0
17.828178265717472 100.44991832480292 24.165321982417286 0.6940298593585366 -0.7022052663960396 -0.15884054320115273 0.7146578144517839 0.6452626202413806 0.2700006651144172 0.0 0.0 0.0 0.0 0.0 0.0
18.155182868651725 100.5155183893196 24.58656979940104 0.6132673048046428 -0.3923730386335932 -0.6855265213039469 0.7146578144517839 0.6452626202413806 0.2700006651144172 0.0 0.0 0.0 0.0 0.0 0.0
18.621981773012678 100.4916770073337 24.851551824283437 0.29951424787291275 0.06652826663312449 -0.9517695125711455 0.7146578144517839 0.6452626202413806 0.2700006651144172 0.0 0.0 0.0 0.0 0.0 0.0
19.157054959600494 100.48300074582016 24.899577958827773 -0.12802927943691708 0.5001543711126158 -0.856419353274906 0.7146578144517839 0.6452626202413806 0.2700006651144172 0.0 0.0 0.0 0.0 0.0 0.0
19.662943867912215 100.58833468893911 24.75238327484582 -0.5069323429532602 0.7437634678712729 -0.43570116310151974 0.7146578144517839 0.6452626202413806 0.2700006651144172 0.0 0.0 0.0 0.0 0.0 0.0
20.053277532697095 100.86320953796186 24.505870497025516 -0.6932433339248627 0.7048043881235839 0.1505471834691132 0.7146578144517839 0.6452626202413806 0.2700006651144172 0.0 0.0 0.0 0.0 0.0 0.0
20.28558635770087 101.29874456943409 24.293674954413973 -0.6161795919279572 0.3980783376267737 0.6796001380251491 0.7146578144517839 0.6452626202413806 0.2700006651144172 0.0 0.0 0.0 0.0 0.0 0.0
20.377437025336544 101.8250215704939 24.23639428464891 -0.30501892098422484 -0.059884328849329885 0.950461637837049 0.7146578144517839 0.6452626202413806 0.2700006651144172 0.0 0.0 0.0 0.0 0.0 0.0
20.399758620336435 102.33764793690824 24.39577137513512 0.1220235376858207 -0.49509593758298737 0.8602268705634932 0.7146578144517839 0.6452626202413806 0.2700006651144172 0.0 0.0 0.0 0.0 0.0 0.0
20.449895484591284 102.73741716877231 24.751237207833356 0.5027072142642678 -0.7422123220662153 0.44317753293656187 0.7146578144517839 0.6452626202413806 0.2700006651144172 0.0 0.0 0.0 0.0 0.0 0.0
20.614624474155377 102.96799907846766 25.20772537310908 0.6924040153273064 -0.7073498362682141 -0.14224235898618662 0.7146578144517839 0.6452626202413806 0.2700006651144172 0.0 0.0 0.0 0.0 0.0 0.0
20.937186980799854 103.03734057072887 25.631789388178245 0.6190449545897069 -0.40375332141332365 -0.6736220005646629 0.7146578144517839 0.6452626202413806 0.2700006651144172 0.0 0.0 0.0 0.0 0.0 0.0
21.400860804321333 103.0146464806698 25.902301247023146 0.3105003657237721 0.05323583064203909 -0.9490813817693705 0.7146578144517839 0.6452626202413806 0.2700006651144172 0.0 0.0 0.0 0.0 0.0 0.0
21.93531319597945 103.00408749988064 25.956469975030835 -0.11600850336989936 0.4899998005808673 -0.8639688782453846 0.7146578144517839 0.6452626202413806 0.2700006651144172 0.0 0.0 0.0 0.0 0.0 0.0
22.44332144564419 103.10522398905177 25.813696970057666 -0.4984438024746023 0.740604653919238 -0.4506201530866406 0.7146578144517839 0.6452626202413806 0.2700006651144172 0.0 0.0 0.0 0.0 0.0 0.0
22.837709414851286 103.37518133238693 25.568205087009613 -0.6915119674832353 0.7098414169841937 0.1339267021969084 0.7146578144517839 0.6452626202413806 0.2700006651144172 0.0 0.0 0.0 0.0 0.0 0.0
23.074467209312125 103.80694704905885 25.353241799941355 -0.6218631745814377 0.40939755782125076 0.6675925641807992 0.7146578144517839 0.6452626202413806 0.2700006651144172 0.0 0.0 0.0 0.0 0.0 0.0
23.169471273560173 104.33203495191782 25.290456258883943 -0.31595816465832144 -0.04658327832013677 0.9476288494799513 0.7146578144517839 0.6452626202413806 0.2700006651144172 0.0 0.0 0.0 0.0 0.0 0.0
83.59755489400932 85.84509299850265 39.501866708045526 0.0980295208286423 0.8448423816980265 -0.5259577579358563 0.5552684098939045 0.39215611596651556 0.7334102356007528 0.0 0.0 0.0 0.0 0.0 0.0
84.11571248111622 85.96618793616608 39.5762564460085 -0.4048614563430052 0.8977639646188471 -0.1735138755248998 0.5552684098939045 0.39215611596651556 0.7334102356007528 0.0 0.0 0.0 0.0 0.0 0.0
84.54158188651076 86.29192819781255 39.61109369058595 -0.7539387973273664 0.6096100075679185 0.24485082919526135 0.5552684098939045 0.39215611596651556 0.7334102356007528 0.0 0.0 0.0 0.0 0.0 0.0
84.7955909193318 86.75662907986553 39.70174468938271 -0.8165821840225754 0.08985501650613446 0.5701926102165857 0.5552684098939045 0.39215611596651556 0.7334102356007528 0.0 0.0 0.0 0.0 0.0 0.0
84.86346001761109 87.24181241575839 39.92237111161946 -0.5689923464815495 -0.46403739762209195 0.6789086855045655 0.5552684098939045 0.39215611596651556 0.7334102356007528 0.0 0.0 0.0 0.0 0.0 0.0
84.80162729260655 87.62121841226232 40.29775479007888 -0.10523280346745882 -0.8416342461021294 0.5296960004214488 0.5552684098939045 0.39215611596651556 0.7334102356007528 0.0 0.0 0.0 0.0 0.0 0.0
84.71580674674045 87.80877385588522 40.79388268850128 0.3985064409825687 -0.8994801731137676 0.1792429487333695 0.5552684098939045 0.39215611596651556 0.7334102356007528 0.0 0.0 0.0 0.0 0.0 0.0
84.72082575663535 87.79129276574466 41.33086902272733 0.7508464258309304 -0.6155985438529603 -0.23930749596080814 0.5552684098939045 0.39215611596651556 0.7334102356007528 0.0 0.0 0.0 0.0 0.0 0.0
84.89700023292382 87.63348596816297 41.813305205719296 0.8179273000233305 -0.09784073552362291 -0.5669410219315069 0.5552684098939045 0.39215611596651556 0.7334102356007528 0.0 0.0 0.0 0.0 0.0 0.0
85.25962126298873 87.45337637184011 42.166507164923146 0.5742639179216684 0.4570884040410027 -0.6791841749220195 0.5552684098939045 0.39215611596651556 0.7334102356007528 0.0 0.0 0.0 0.0 0.0 0.0
85.75314577121313 87.37746009160071 42.36488907008297 0.1124280722208661 0.8383620167998722 -0.5333939045058075 0.5552684098939045 0.39215611596651556 0.7334102356007528 0.0 0.0 0.0 0.0 0.0 0.0
86.27229826203782 87.49264845946993 42.44168381792743 -0.39212107781377076 0.9011278827110263 -0.18495837189732553 0.5552684098939045 0.39215611596651556 0.7334102356007528 0.0 0.0 0.0 0.0 0.0 0.0
86.70206674083677 87.81324895655716 42.47631729907817 -0.747696874472147 0.621540199925501 0.23374593853402106 0.5552684098939045 0.39215611596651556 0.7334102356007528 0.0 0.0 0.0 0.0 0.0 0.0
86.96139769357346 88.2755295617742 42.564233174272566 -0.819210127693454 0.10581900359029561 0.5636462588926069 0.5552684098939045 0.39215611596651556 0.7334102356007528 0.0 0.0 0.0 0.0 0.0 0.0
87.03398967192595 88.76193161218924 42.780632231916684 -0.579491756941084 -0.45010460140825576 0.6794079418349852 0.5552684098939045 0.39215611596651556 0.7334102356007528 0.0 0.0 0.0 0.0 0.0 0.0
86.97448648605 89.14573230455072 43.15190235127969 -0.11961477914129036 -0.8350259429841849 0.53705118857922 0.5552684098939045 0.39215611596651556 0.7334102356007528 0.0 0.0 0.0 0.0 0.0 0.0
86.8877171075051 89.33918880693481 43.64559330597767 0.38570585310673916 -0.9027069679311579 0.19065970976516666 0.5552684098939045 0.39215611596651556 0.7334102356007528 0.0 0.0 0.0 0.0 0.0 0.0
86.88886939031212 89.32687322757529 44.18274514751573 0.7444903831015468 -0.6274345233054266 -0.22816658044902996 0.5552684098939045 0.39215611596651556 0.7334102356007528 0.0 0.0 0.0 0.0 0.0 0.0
87.05972827937256 89.17153392888605 44.66788640986117 0.8204305693406532 -0.11378921313014972 -0.5603085720088464 0.5552684098939045 0.39215611596651556 0.7334102356007528 0.0 0.0 0.0 0.0 0.0 0.0
87.4176043425291 88.9902563754834 45.025305315587055 0.5846754654196155 0.44308652156746103 -0.6795799692027448 0.5552684098939045 0.39215611596651556 0.7334102356007528 0.0 0.0 0.0 0.0 0.0 0.0
75.80405948636894 49.1296589617161 62.1694901580083 -0.2515552495104204 0.9540240507492718 0.16296645984895405 0.8818957499178995 0.1565756225824487 0.4446841133767478 0.0 0.0 0.0 0.0 0.0 0.0
76.25939868243347 49.38934097950711 62.05152165254322 -0.43757023392581124 0.6229329572668255 0.6484495517254352 0.8818957499178995 0.1565756225824487 0.4446841133767478 0.0 0.0 0.0 0.0 0.0 0.0
76.61499372990643 49.791020584507706 62.081367242797455 -0.45734497068860935 0.055179218435068796 0.8875758174030711 0.8818957499178995 0.1565756225824487 0.4446841133767478 0.0 0.0 0.0 0.0 0.0 0.0
76.86633697692054 50.20527829408679 62.31353576855633 -0.30336670668666005 -0.5335380280275055 0.7894971905729689 0.8818957499178995 0.1565756225824487 0.4446841133767478 0.0 0.0 0.0 0.0 0.0 0.0
77.04852777359999 50.497915993389206 62.72567020374787 -0.034134358793592195 -0.9195552573623001 0.3914753813550787 0.8818957499178995 0.1565756225824487 0.4446841133767478 0.0 0.0 0.0 0.0 0.0 0.0
77.2229376421184 50.58094104284204 63.22704146443709 0.24806620270120638 -0.9562180702811222 -0.15527447035894587 0.8818957499178995 0.1565756225824487 0.4446841133767478 0.0 0.0 0.0 0.0 0.0 0.0
77.45389420934795 50.44599615308685 63.69301790472228 0.43602226634408137 -0.6295976511865671 -0.6430329547329042 0.8818957499178995 0.1565756225824487 0.4446841133767478 0.0 0.0 0.0 0.0 0.0 0.0
77.7842420659101 50.16753445893336 64.01241496274304 0.4583261810993004 -0.06378255809485153 -0.8864924686661522 0.8818957499178995 0.1565756225824487 0.4446841133767478 0.0 0.0 0.0 0.0 0.0 0.0
78.2190653898751 49.874533528655235 64.12973603463782 0.30650431684978713 0.5262645952046016 -0.7931586723894425 0.8818957499178995 0.1565756225824487 0.4446841133767478 0.0 0.0 0.0 0.0 0.0 0.0
78.72375638251016 49.70149462941293 64.06625656220466 0.03823633815013867 0.9163750301110081 -0.3984906355661552 0.8818957499178995 0.1565756225824487 0.4446841133767478 0.0 0.0 0.0 0.0 0.0 0.0
79.23716334962967 49.737343447118214 63.911941136855674 -0.2445582646902303 0.9583392701047718 0.14757065611685005 0.8818957499178995 0.1565756225824487 0.4446841133767478 0.0 0.0 0.0 0.0 0.0 0.0
79.69482325261801 49.99164573159806 63.79126444721184 -0.43444109397864145 0.6362143988075842 0.6375673882912666 0.8818957499178995 0.1565756225824487 0.4446841133767478 0.0 0.0 0.0 0.0 0.0 0.0
80.0534522945642 50.39097310830462 63.815921263790074 -0.4592724881968197 0.07238104046589096 0.8853416100955488 0.8818957499178995 0.1565756225824487 0.4446841133767478 0.0 0.0 0.0 0.0 0.0 0.0
80.30739015837489 50.806799745462854 64.04239172824691 -0.3096185855225073 -0.5189510852952567 0.7967597521021746 0.8818957499178995 0.1565756225824487 0.4446841133767478 0.0 0.0 0.0 0.0 0.0 0.0
80.49075045587357 51.10433146639921 64.45048360326551 -0.04233540566149797 -0.9131250173532829 0.4054755431725138 0.8818957499178995 0.1565756225824487 0.4446841133767478 0.0 0.0 0.0 0.0 0.0 0.0
80.66446039631963 51.19371631089837 64.9510036411086 0.24103170262055115 -0.9603874886826418 -0.13985560379794826 0.8818957499178995 0.1565756225824487 0.4446841133767478 0.0 0.0 0.0 0.0 0.0 0.0
80.8931135209621 51.06418079713368 65.41964358966538 0.432826837241887 -0.6427826962389283 -0.6320532686245685 0.8818957499178995 0.1565756225824487 0.4446841133767478 0.0 0.0 0.0 0.0 0.0 0.0
81.22042953677278 50.78812294753614 65.74420697575161 0.46018381991621615 -0.0809740107404646 -0.8841233293335976 0.8818957499178995 0.1565756225824487 0.4446841133767478 0.0 0.0 0.0 0.0 0.0 0.0
81.65264446881308 50.493607069642465 65.86723442109727 0.312709275541202 0.5115980552515654 -0.8003001554750039 0.8818957499178995 0.1565756225824487 0.4446841133767478 0.0 0.0 0.0 0.0 0.0 0.0
82.1561414900524 50.31570998454084 65.80783342082091 0.04643124916780708 0.9098054665901788 -0.412429572246398 0.8818957499178995 0.1565756225824487 0.4446841133767478 0.0 0.0 0.0 0.0 0.0 0.0
41.44553527931448 3.229057072610979 82.34180781517632 -0.28630495384386545 0.2282736209807974 0.9305485626063679 0.8651169010539418 0.4790329085089311 0.1486614276680345 0.0 0.0 0.0 0.0 0.0 0.0
41.605203402571746 3.7399878415261165 82.38807812865751 0.009565563021138694 -0.31209560367473316 0.9500025442971153 0.8651169010539418 0.4790329085089311 0.1486614276680345 0.0 0.0 0.0 0.0 0.0 0.0
41.767051996220665 4.179776407763495 82.65090155200309 0.30180196256672714 -0.7338944905340011 0.6085346762138628 0.8651169010539418 0.4790329085089311 0.1486614276680345 0.0 0.0 0.0 0.0 0.0 0.0
41.99769635673288 4.4522737017916265 83.05244047393921 0.47937875067348606 -0.8768745903778549 0.0358743104797422 0.8651169010539418 0.4790329085089311 0.1486614276680345 0.0 0.0 0.0 0.0 0.0 0.0
42.33761511854479 4.524887405352227 83.46215694607797 0.47483153661408667 -0.686715372775825 -0.5504153055921184 0.8651169010539418 0.4790329085089311 0.1486614276680345 0.0 0.0 0.0 0.0 0.0 0.0
42.785771744068484 4.440964318081048 83.74640623198815 0.2898878830350597 -0.2356615037874963 -0.9275929446163697 0.8651169010539418 0.4790329085089311 0.1486614276680345 0.0 0.0 0.0 0.0 0.0 0.0
43.30000832165135 4.30332218360641 83.81921067698629 -0.0051890239759290815 0.3049241105399315 -0.9523625154538627 0.8651169010539418 0.4790329085089311 0.1486614276680345 0.0 0.0 0.0 0.0 0.0 0.0
43.813062061055625 4.235187509723799 83.67492405662058 -0.298294534022608 0.7296639572139791 -0.6153136440182939 0.8651169010539418 0.4790329085089311 0.1486614276680345 0.0 0.0 0.0 0.0 0.0 0.0
44.258119552043595 4.333379757847025 83.39037667174003 -0.4780729633754464 0.8771922672116341 -0.04449683172465602 0.8651169010539418 0.4790329085089311 0.1486614276680345 0.0 0.0 0.0 0.0 0.0 0.0
44.594200295987555 4.631528010882036 83.09568623266776 -0.4762234809882512 0.6914605690229793 0.5432250708885321 0.8651169010539418 0.4790329085089311 0.1486614276680345 0.0 0.0 0.0 0.0 0.0 0.0
44.821725882455844 5.087294722382673 82.92482396559713 -0.2934487361416143 0.2430314400582814 0.9245666868323169 0.8651169010539418 0.4790329085089311 0.1486614276680345 0.0 0.0 0.0 0.0 0.0 0.0
44.98235982028727 5.598460458291591 82.96471670388145 0.0008120897664535805 -0.29772939625355055 0.954649960517837 0.8651169010539418 0.4790329085089311 0.1486614276680345 0.0 0.0 0.0 0.0 0.0 0.0
45.143178874006516 6.041758768956442 83.22222193070392 0.2947643891948289 -0.7253778571586065 0.6220457533064494 0.8651169010539418 0.4790329085089311 0.1486614276680345 0.0 0.0 0.0 0.0 0.0 0.0
45.371189479517504 6.319707174257943 83.6215225065653 0.476730768970311 -0.8774431424580773 0.05311596436355745 0.8651169010539418 0.4790329085089311 0.1486614276680345 0.0 0.0 0.0 0.0 0.0 0.0
45.70787087881562 6.397642387627338 84.03293086817463 0.4775791591005642 -0.6961531078707041 -0.5359934674926163 0.8651169010539418 0.4790329085089311 0.1486614276680345 0.0 0.0 0.0 0.0 0.0 0.0
46.15341646245776 6.316889478153117 84.32215950200397 0.29698724199077875 -0.25038286854397135 -0.9214700197154564 0.8651169010539418 0.4790329085089311 0.1486614276680345 0.0 0.0 0.0 0.0 0.0 0.0
46.66666029725642 6.179061785915989 84.40133901584508 0.003564906286801825 0.29051200872093874 -0.9568647052912402 0.8651169010539418 0.4790329085089311 0.1486614276680345 0.0 0.0 0.0 0.0 0.0 0.0
47.18071675255533 6.107456315207773 84.26240119000727 -0.29121179691758575 0.7210365167709966 -0.6287304914021425 0.8651169010539418 0.4790329085089311 0.1486614276680345 0.0 0.0 0.0 0.0 0.0 0.0
47.628391469583875 6.200211141184951 83.98014422887128 -0.47535226967138017 0.8776271970120629 -0.06173105201612578 0.8651169010539418 0.4790329085089311 0.1486614276680345 0.0 0.0 0.0 0.0 0.0 0.0
47.96770962178385 6.493021114335608 83.68381567248586 -0.4788984677108887 0.700792631963998 0.528721046118968 0.8651169010539418 0.4790329085089311 0.1486614276680345 0.0 0.0 0.0 0.0 0.0 0.0
75.05861016218782 72.6380233309805 77.23983977604676 -0.4494827551617627 0.8425817313828546 -0.29668380264527744 0.8124614523518647 0.5236595365892159 0.25629490471226013 0.0 0.0 0.0 0.0 0.0 0.0
75.45468345411327 72.8938847627783 76.9822626472871 -0.5818260827842077 0.7563177385485573 0.2991018016475005 0.8124614523518647 0.5236595365892159 0.25629490471226013 0.0 0.0 0.0 0.0 0.0 0.0
75.71812947216085 73.32214884687582 76.79286578362424 -0.4931239539435797 0.38271599188140115 0.7812536307789462 0.8124614523518647 0.5236595365892159 0.25629490471226013 0.0 0.0 0.0 0.0 0.0 0.0
75.86916786939085 73.83765305336487 76.78155570967961 -0.21707579040694153 -0.13628595877165728 0.9665941437133231 0.8124614523518647 0.5236595365892159 0.25629490471226013 0.0 0.0 0.0 0.0 0.0 0.0
75.97072383336729 74.3220908712637 76.99058080120837 0.1414430952189661 -0.6035105951076442 0.7847093808587332 0.8124614523518647 0.5236595365892159 0.25629490471226013 0.0 0.0 0.0 0.0 0.0 0.0
76.1045217553494 74.66895843001824 77.37848042079479 0.44622538416874574 -0.8414514662031722 0.3047004045747031 0.8124614523518647 0.5236595365892159 0.25629490471226013 0.0 0.0 0.0 0.0 0.0 0.0
76.34003676769326 74.82401710057545 77.83583650719143 0.5814791891822463 -0.7597108569698319 -0.2910693497263529 0.8124614523518647 0.5236595365892159 0.25629490471226013 0.0 0.0 0.0 0.0 0.0 0.0
76.70809997950751 74.80589965738206 78.22684332615943 0.49581932841181026 -0.38934339148547614 -0.7762569916463552 0.8124614523518647 0.5236595365892159 0.25629490471226013 0.0 0.0 0.0 0.0 0.0 0.0
77.1891852228342 74.69903137584885 78.44090233945668 0.22178941512062478 0.128942137898582 -0.9665316241151115 0.8124614523518647 0.5236595365892159 0.25629490471226013 0.0 0.0 0.0 0.0 0.0 0.0
77.72082737031624 74.6215554587068 78.43464043862494 -0.13650200509616153 0.5982403932973869 -0.7896047330355337 0.8124614523518647 0.5236595365892159 0.25629490471226013 0.0 0.0 0.0 0.0 0.0 0.0
78.22135388144159 74.68044845804053 78.2483881140528 -0.44293403138509524 0.8402571212365247 -0.3126938023886256 0.8124614523518647 0.5236595365892159 0.25629490471226013 0.0 0.0 0.0 0.0 0.0 0.0
78.62091356617574 74.93087809459887 77.99085722738724 -0.5810880136887433 0.7630461204680061 0.28301473174730196 0.8124614523518647 0.5236595365892159 0.25629490471226013 0.0 0.0 0.0 0.0 0.0 0.0
78.8880142199056 75.35524411832716 77.79783955772855 -0.4984769443185426 0.39594114108288336 0.7712012375384484 0.8124614523518647 0.5236595365892159 0.25629490471226013 0.0 0.0 0.0 0.0 0.0 0.0
79.04148703849344 75.8698649376236 77.78061723443264 -0.22648614971165687 -0.12158849758248796 0.9663954993916435 0.8124614523518647 0.5236595365892159 0.25629490471226013 0.0 0.0 0.0 0.0 0.0 0.0
79.14333233212813 76.35676965507034 77.98368479563074 0.13155051981717705 -0.5929246331650002 0.7944399537548338 0.8124614523518647 0.5236595365892159 0.25629490471226013 0.0 0.0 0.0 0.0 0.0 0.0
79.27516457089436 76.7085171837307 78.36784496928432 0.43960894746006324 -0.8389987874369094 0.320663387358852 0.8124614523518647 0.5236595365892159 0.25629490471226013 0.0 0.0 0.0 0.0 0.0 0.0
79.50720568306645 76.8690149123957 78.82510037217605 0.5806525860932215 -0.7663232750498554 -0.2749385611006934 0.8124614523518647 0.5236595365892159 0.25629490471226013 0.0 0.0 0.0 0.0 0.0 0.0
79.87160657050875 76.85482922640068 79.21968352141393 0.5010965992760302 -0.40250873822945055 -0.766086753470477 0.8124614523518647 0.5236595365892159 0.25629490471226013 0.0 0.0 0.0 0.0 0.0 0.0
80.35023244352303 76.74889166086129 79.43963717109324 0.23116563650550867 0.11422559783155217 -0.9661857799093453 0.8124614523518647 0.5236595365892159 0.25629490471226013 0.0 0.0 0.0 0.0 0.0 0.0
80.88155253065239 76.66899182394174 79.43934874184116 -0.12658901645679285 0.5875637195261949 -0.7992146747958568 0.8124614523518647 0.5236595365892159 0.25629490471226013 0.0 0.0 0.0 0.0 0.0 0.0
26.822656256706193 67.26987238335009 95.63668038212427 0.09547355351312897 -0.1868414986954474 0.9777397685196275 0.5115294697128382 0.8518256196485696 0.11283047161841106 0.0 0.0 0.0 0.0 0.0 0.0
26.732475127896212 67.75275906373845 95.85433359259548 0.578067412527382 -0.43830265669709967 0.6882796290071079 0.5115294697128382 0.8518256196485696 0.11283047161841106 0.0 0.0 0.0 0.0 0.0 0.0
26.77406448396076 68.1357346397415 96.2288801661556 0.8410437967507455 -0.523245307389891 0.1373305510130556 0.5115294697128382 0.8518256196485696 0.11283047161841106 0.0 0.0 0.0 0.0 0.0 0.0
27.007369799958127 68.3994364314611 96.63473124314027 0.784493581086087 -0.4093983176102445 -0.46579269935522666 0.5115294697128382 0.8518256196485696 0.11283047161841106 0.0 0.0 0.0 0.0 0.0 0.0
27.41950045244819 68.56981586379969 96.93440485965071 0.4299011379335966 -0.140014062195612 -0.8919535155998222 0.5115294697128382 0.8518256196485696 0.11283047161841106 0.0 0.0 0.0 0.0 0.0 0.0
27.929627082857074 68.70827908625525 97.03075764421483 -0.08801793508359702 0.182563876357418 -0.9792462786005232 0.5115294697128382 0.8518256196485696 0.11283047161841106 0.0 0.0 0.0 0.0 0.0 0.0
28.419690022194168 68.88835775007087 96.90389120875993 -0.5724975229811337 0.4357827459770247 -0.6945070082361954 0.5115294697128382 0.8518256196485696 0.11283047161841106 0.0 0.0 0.0 0.0 0.0 0.0
28.77925213315405 69.16777310454385 96.61871187892488 -0.8394757302499877 0.5234404645009875 -0.14591291390497615 0.5115294697128382 0.8518256196485696 0.11283047161841106 0.0 0.0 0.0 0.0 0.0 0.0
28.947455724989304 69.56650672936993 96.30027169577406 -0.7875230723111315 0.412234399103154 0.4581159359525692 0.5115294697128382 0.8518256196485696 0.11283047161841106 0.0 0.0 0.0 0.0 0.0 0.0
28.93614340771179 70.05920919844255 96.08625905463825 -0.4363772325176567 0.14441359329442427 0.8880988824517371 0.5115294697128382 0.8518256196485696 0.11283047161841106 0.0 0.0 0.0 0.0 0.0 0.0
28.825358886551243 70.58483075065061 96.07468858170138 0.08055561374753313 -0.1782723510733792 0.9806782152859973 0.5115294697128382 0.8518256196485696 0.11283047161841106 0.0 0.0 0.0 0.0 0.0 0.0
28.732937020079135 71.06981511482215 96.28666373879604 0.5668840355319961 -0.43322964871364217 0.7006814980677125 0.5115294697128382 0.8518256196485696 0.11283047161841106 0.0 0.0 0.0 0.0 0.0 0.0
28.769736387343578 71.45604476693781 96.65835926542222 0.8378437344222089 -0.5235957595941301 0.15448416496357803 0.5115294697128382 0.8518256196485696 0.11283047161841106 0.0 0.0 0.0 0.0 0.0 0.0
28.99752226023235 71.72292074917904 97.06526946231268 0.7904925906051999 -0.4150390873505414 -0.4504042852477211 0.5115294697128382 0.8518256196485696 0.11283047161841106 0.0 0.0 0.0 0.0 0.0 0.0
29.405500944022467 71.89518855839948 97.36950998820895 0.44282009528595745 -0.14880212673898707 -0.8841766171353386 0.5115294697128382 0.8518256196485696 0.11283047161841106 0.0 0.0 0.0 0.0 0.0 0.0
29.91442048246637 72.0335369181477 97.47220242640856 -0.07308715778959855 0.17396724965959678 -0.9820354695285274 0.5115294697128382 0.8518256196485696 0.11283047161841106 0.0 0.0 0.0 0.0 0.0 0.0
30.406679800992443 72.21154111792973 97.35103984842935 -0.5612273776687718 0.4306435593351934 -0.7068026282903531 0.5115294697128382 0.8518256196485696 0.11283047161841106 0.0 0.0 0.0 0.0 0.0 0.0
30.771007321119875 72.48771053061242 97.06876158909178 -0.83614793355021 0.5237111808429964 -0.16304365145490826 0.5115294697128382 0.8518256196485696 0.11283047161841106 0.0 0.0 0.0 0.0 0.0 0.0
30.944734893485105 72.88325992344687 96.74931752427487 -0.7934019098279773 0.4178121687645381 0.4426583345127402 0.5115294697128382 0.8518256196485696 0.11283047161841106 0.0 0.0 0.0 0.0 0.0 0.0
30.93760647554062 73.37404961329767 96.53077744073842 -0.4492292355895545 0.153179328325488 0.8801870183463164 0.5115294697128382 0.8518256196485696 0.11283047161841106 0.0 0.0 0.0 0.0 0.0 0.0
5.71031557504072 27.25652040847349 27.729939800722338 -0.6801943424909385 0.7241492069021381 -0.11376986677641884 0.4086636164160409 0.5034592046349333 0.7612640001248735 0.0 0.0 0.0 0.0 0.0 0.0
6.006173468601636 27.701104274365616 27.789087033324325 -0.9078210018888081 0.3102255921488496 0.2821721292145914 0.4086636164160409 0.5034592046349333 0.7612640001248735 0.0 0.0 0.0 0.0 0.0 0.0
6.095093536217371 28.21640407374933 27.912555411659337 -0.7905512847113741 -0.22155791175709308 0.5709122156505603 0.4086636164160409 0.5034592046349333 0.7612640001248735 0.0 0.0 0.0 0.0 0.0 0.0
6.003807413608417 28.681199740176684 28.16616324751567 -0.37293791715945807 -0.6691678607357708 0.6427532062176564 0.4086636164160409 0.5034592046349333 0.7612640001248735 0.0 0.0 0.0 0.0 0.0 0.0
5.827510081048455 28.993458571693925 28.56628669695358 0.18636080031080257 -0.8625497515309226 0.47040150748213044 0.4086636164160409 0.5034592046349333 0.7612640001248735 0.0 0.0 0.0 0.0 0.0 0.0
5.693693698783193 29.109099160209524 29.073638184823242 0.6748579339565659 -0.7282345706566739 0.11933641136034423 0.4086636164160409 0.5034592046349333 0.7612640001248735 0.0 0.0 0.0 0.0 0.0 0.0
5.713711203797764 29.058738655430002 29.608192411417424 0.9069652554692721 -0.3172509009572215 -0.2770665826356354 0.4086636164160409 0.5034592046349333 0.7612640001248735 0.0 0.0 0.0 0.0 0.0 0.0
5.940471467334259 28.93606079779497 30.079589301781898 0.7945013127787734 0.21426169016808488 -0.568207349582106 0.4086636164160409 0.5034592046349333 0.7612640001248735 0.0 0.0 0.0 0.0 0.0 0.0
6.348338330117694 28.8622238991755 30.421463308930463 0.3801930380100401 0.6643726829341103 -0.6434766445020588 0.4086636164160409 0.5034592046349333 0.7612640001248735 0.0 0.0 0.0 0.0 0.0 0.0
6.842870207878309 28.93983077453538 30.61665679471776 -0.17855692838732604 0.862077385734558 -0.47427840381990205 0.4086636164160409 0.5034592046349333 0.7612640001248735 0.0 0.0 0.0 0.0 0.0 0.0
7.296700028194731 29.213948217098757 30.703738503431122 -0.6694701323777045 0.7322644765291789 -0.12489386801451557 0.4086636164160409 0.5034592046349333 0.7612640001248735 0.0 0.0 0.0 0.0 0.0 0.0
7.597924110770748 29.654985370127694 30.76235065100078 -0.9060404401340738 0.3242520498811983 0.27193993636370417 0.4086636164160409 0.5034592046349333 0.7612640001248735 0.0 0.0 0.0 0.0 0.0 0.0
7.6926162465096 30.169935788129656 30.88295151562115 -0.7983908364951681 -0.206949151721823 0.5654592123240761 0.4086636164160409 0.5034592046349333 0.7612640001248735 0.0 0.0 0.0 0.0 0.0 0.0
7.6053151659479745 30.637712140484965 31.132448825482992 -0.3874192056888007 -0.6595269105804212 0.6441510795486605 0.4086636164160409 0.5034592046349333 0.7612640001248735 0.0 0.0 0.0 0.0 0.0 0.0
7.429701865259425 30.955149312821423 31.528780394196193 0.1707394586624412 -0.8615393694076017 0.4781191820209786 0.4086636164160409 0.5034592046349333 0.7612640001248735 0.0 0.0 0.0 0.0 0.0 0.0
7.293008629545303 31.076198558793042 32.03409924549512 0.6640313480563029 -0.7362386176267195 0.13044181351709078 0.4086636164160409 0.5034592046349333 0.7612640001248735 0.0 0.0 0.0 0.0 0.0 0.0
7.307681360514392 31.029422188710868 32.569152312289624 0.9050466263114808 -0.3312285057561843 -0.2667925808127611 0.4086636164160409 0.5034592046349333 0.7612640001248735 0.0 0.0 0.0 0.0 0.0 0.0
7.528659498428515 30.907142270319454 33.04339000189322 0.8022195596582675 0.19962085329642085 -0.562668013157764 0.4086636164160409 0.5034592046349333 0.7612640001248735 0.0 0.0 0.0 0.0 0.0 0.0
7.932503610208615 30.83036593171804 33.38936750019313 0.39461586989509345 0.654630912699029 -0.6447764599966228 0.4086636164160409 0.5034592046349333 0.7612640001248735 0.0 0.0 0.0 0.0 0.0 0.0
8.426300421947907 30.90281273026436 33.588368184148884 -0.1629089864667349 0.8609357435220794 -0.4819235495952311 0.4086636164160409 0.5034592046349333 0.7612640001248735 0.0 0.0 0.0 0.0 0.0 0.0
93.7458597873271 22.99965899089474 27.943776588320247 0.6136905436460862 0.28065343050935704 -0.7379820923184386 0.5747790500713548 0.4820110925799222 0.6612823528788447 0.0 0.0 0.0 0.0 0.0 0.0
94.2302770770075 22.9275032767684 28.164725778171636 0.17970760022027135 0.714029653467308 -0.676658578895167 0.5747790500713548 0.4820110925799222 0.6612823528788447 0.0 0.0 0.0 0.0 0.0 0.0
94.7556587198126 23.01811064461691 28.231430623672775 -0.3225492650800746 0.8761340731338457 -0.3582611582214859 0.5747790500713548 0.4820110925799222 0.6612823528788447 0.0 0.0 0.0 0.0 0.0 0.0
95.20751524749367 23.30843280200388 28.216469826884627 -0.7022642718403707 0.7053805102362867 0.09624566626768016 0.5747790500713548 0.4820110925799222 0.6612823528788447 0.0 0.0 0.0 0.0 0.0 0.0
95.49929061231197 23.759546468894037 28.223448232750567 -0.8151773404960181 0.26664109816674264 0.5141871530000263 0.5747790500713548 0.4820110925799222 0.6612823528788447 0.0 0.0 0.0 0.0 0.0 0.0
95.6052462767146 24.27144098250118 28.34763561632179 -0.618390908458901 -0.2733997250977734 0.7367803435569092 0.5747790500713548 0.4820110925799222 0.6612823528788447 0.0 0.0 0.0 0.0 0.0 0.0
95.57023971407631 24.72101402016975 28.63977210238963 -0.1866674313536105 -0.7095714217980029 0.6794583632860854 0.5747790500713548 0.4820110925799222 0.6612823528788447 0.0 0.0 0.0 0.0 0.0 0.0
95.49268230458748 25.00884022991277 29.08679114374773 0.31597412383593754 -0.876165071955647 0.36399879086484305 0.5747790500713548 0.4820110925799222 0.6612823528788447 0.0 0.0 0.0 0.0 0.0 0.0
95.4871512065692 25.096944583934924 29.616783720936702 0.6985718265745823 -0.7098889625785196 -0.08975000794119821 0.5747790500713548 0.4820110925799222 0.6612823528788447 0.0 0.0 0.0 0.0 0.0 0.0
95.64085957839917 25.02322972660062 30.126317780991492 0.8157704128994439 -0.27391416760728987 -0.5094012781902661 0.5747790500713548 0.4820110925799222 0.6612823528788447 0.0 0.0 0.0 0.0 0.0 0.0
95.98052284151784 24.887076126141512 30.51973380365448 0.6230441804098372 0.266125199238612 -0.735522486119659 0.5747790500713548 0.4820110925799222 0.6612823528788447 0.0 0.0 0.0 0.0 0.0 0.0
96.46220904516503 24.811585773222486 30.74548745246324 0.19361304703933804 0.7050591535177089 -0.6822064042920116 0.5747790500713548 0.4820110925799222 0.6612823528788447 0.0 0.0 0.0 0.0 0.0 0.0
96.9880293489769 24.89681367653254 30.815732129947982 -0.3093749199389285 0.8761293474150064 -0.3697087035909993 0.5747790500713548 0.4820110925799222 0.6612823528788447 0.0 0.0 0.0 0.0 0.0 0.0
97.44332763005417 25.181755292153294 30.801701696816256 -0.6948261823595712 0.714343354127804 0.0832475148041283 0.5747790500713548 0.4820110925799222 0.6612823528788447 0.0 0.0 0.0 0.0 0.0 0.0
97.74024026099985 25.629531497824324 30.806647537303515 -0.8163013612275454 0.2811663774234706 0.5045766105009427 0.5747790500713548 0.4820110925799222 0.6612823528788447 0.0 0.0 0.0 0.0 0.0 0.0
97.85107697096876 26.141399588075952 30.926611632030994 -0.6276500051342233 -0.25883040691518433 0.7342086157973977 0.5747790500713548 0.4820110925799222 0.6612823528788447 0.0 0.0 0.0 0.0 0.0 0.0
97.81884084251828 26.59426727892715 31.213938603831394 -0.20054391834193186 -0.7004931922531284 0.6849024926389796 0.5747790500713548 0.4820110925799222 0.6612823528788447 0.0 0.0 0.0 0.0 0.0 0.0
97.74089072157163 26.8874575245632 31.65738912037934 0.3027521559439707 -0.8760269022324889 0.3753904615679896 0.5747790500713548 0.4820110925799222 0.6612823528788447 0.0 0.0 0.0 0.0 0.0 0.0
97.73195296409854 26.980957410271127 32.186409904453384 0.6910276244406428 -0.7187433456649803 -0.07673868204650211 0.5747790500713548 0.4820110925799222 0.6612823528788447 0.0 0.0 0.0 0.0 0.0 0.0
97.8805349753599 26.91061972771943 32.69793810354034 0.8167701450465485 -0.2883971753314321 -0.49971351734918373 0.5747790500713548 0.4820110925799222 0.6612823528788447 0.0 0.0 0.0 0.0 0.0 0.0
46.20162816919602 25.006285846572368 74.08691712911427 -0.576069695273703 0.7852202574056685 -0.2270965731732622 0.6255264119142612 0.6023318207794951 0.4958962448679444 0.0 0.0 0.0 0.0 0.0 0.0
46.564898356564775 25.381075342137073 73.95943102358984 -0.7751750737764198 0.5518487151359197 0.30751682978100037 0.6255264119142612 0.6023318207794951 0.4958962448679444 0.0 0.0 0.0 0.0 0.0 0.0
46.75146736147527 25.881658769680953 73.90204338909003 -0.6797784815153811 0.10882061956754184 0.7252994476942465 0.6255264119142612 0.6023318207794951 0.4958962448679444 0.0 0.0 0.0 0.0 0.0 0.0
46.78308084013508 26.407047860879302 74.00998778651368 -0.3261226788365234 -0.37555024875828075 0.8675286790683541 0.6255264119142612 0.6023318207794951 0.4958962448679444 0.0 0.0 0.0 0.0 0.0 0.0
46.74035464389264 26.846830261056496 74.3156853736278 0.1514325820127513 -0.717243298715511 0.6801692609583616 0.6255264119142612 0.6023318207794951 0.4958962448679444 0.0 0.0 0.0 0.0 0.0 0.0
46.73214750948483 27.123117028723392 74.77642756517893 0.5714560731376267 -0.7864436278222524 0.2344021687866778 0.6255264119142612 0.6023318207794951 0.4958962448679444 0.0 0.0 0.0 0.0 0.0 0.0
46.85420380492964 27.220133946682726 75.29060173848048 0.7743738478414804 -0.55686087408305 -0.3004182263023359 0.6255264119142612 0.6023318207794951 0.4958962448679444 0.0 0.0 0.0 0.0 0.0 0.0
47.152778643355624 27.190214410873175 75.73629556764372 0.6830940509100455 -0.1157173640623749 -0.721104714494199 0.6255264119142612 0.6023318207794951 0.4958962448679444 0.0 0.0 0.0 0.0 0.0 0.0
47.60706479218014 27.133917098284556 76.01761355444842 0.3322954033143942 0.36938910725675084 -0.8678314654218208 0.6255264119142612 0.6023318207794951 0.4958962448679444 0.0 0.0 0.0 0.0 0.0 0.0
48.13709768864586 27.161822044317955 76.10110933140386 -0.14474782368326689 0.714158480872508 -0.6848545332673427 0.6255264119142612 0.6023318207794951 0.4958962448679444 0.0 0.0 0.0 0.0 0.0 0.0
48.63413531414848 27.35251943853727 76.02849249595204 -0.566798932409099 0.7876071075117372 -0.24168991376741575 0.6255264119142612 0.6023318207794951 0.4958962448679444 0.0 0.0 0.0 0.0 0.0 0.0
49.00197110517409 27.722751897695982 75.90078243705213 -0.7735136503399179 0.5618306259186442 0.29329674481262175 0.6255264119142612 0.6023318207794951 0.4958962448679444 0.0 0.0 0.0 0.0 0.0 0.0
49.19348443526608 28.221053665710873 75.83992938036087 -0.686357600048027 0.12260529623191656 0.7168550663782721 0.6255264119142612 0.6023318207794951 0.4958962448679444 0.0 0.0 0.0 0.0 0.0 0.0
49.22854252883084 28.74730331485961 75.94248345860642 -0.33844282221076893 -0.3631998353445553 0.8680681630492494 0.6255264119142612 0.6023318207794951 0.4958962448679444 0.0 0.0 0.0 0.0 0.0 0.0
49.18645257042355 29.190761550113457 76.24291370193284 0.13805204224659476 -0.7110192770962097 0.6894876512520933 0.6255264119142612 0.6023318207794951 0.4958962448679444 0.0 0.0 0.0 0.0 0.0 0.0
49.17583157939018 29.472142918780968 76.70051267705692 0.5620986277474168 -0.7887106078706402 0.24895925312547978 0.6255264119142612 0.6023318207794951 0.4958962448679444 0.0 0.0 0.0 0.0 0.0 0.0
49.29334098823829 29.573737679567554 77.2148619217645 0.772594546779102 -0.5667575921768591 -0.2861529276402457 0.6255264119142612 0.6023318207794951 0.4958962448679444 0.0 0.0 0.0 0.0 0.0 0.0
49.58696334833442 29.54614002938437 77.66398259761264 0.6895688803974234 -0.1294838915334645 -0.7125508269736234 0.6255264119142612 0.6023318207794951 0.4958962448679444 0.0 0.0 0.0 0.0 0.0 0.0
50.03777295641446 29.48902652205192 77.95067729003172 0.34456446737589747 0.3569829043587128 -0.8682387539251992 0.6255264119142612 0.6023318207794951 0.4958962448679444 0.0 0.0 0.0 0.0 0.0 0.0
50.56712604567457 29.51328727900052 78.03945693117437 -0.13134574761241544 0.7078259264491374 -0.6940682620827411 0.6255264119142612 0.6023318207794951 0.4958962448679444 0.0 0.0 0.0 0.0 0.0 0.0
28.18800498201544 1.3503168552279554 78.39688748569091 0.6904748101203492 -0.49549818224876185 -0.5269972371630052 0.7112560018880533 0.33236215250922463 0.619395107631354 0.0 0.0 0.0 0.0 0.0 0.0
28.497568460244047 1.1410442281498987 78.78297105516934 0.6365709631134346 0.06919356538008538 -0.7681078436201693 0.7112560018880533 0.33236215250922463 0.619395107631354 0.0 0.0 0.0 0.0 0.0 0.0
28.952238309544093 0.9475442764774111 78.99396441752602 0.3408231643207847 0.6075975206663176 -0.7174014382077246 0.7112560018880533 0.33236215250922463 0.619395107631354 0.0 0.0 0.0 0.0 0.0 0.0
29.48459880987508 0.8925461987588937 79.04142609947016 -0.08440905285676369 0.9151650193625994 -0.39414223210774796 0.7112560018880533 0.33236215250922463 0.619395107631354 0.0 0.0 0.0 0.0 0.0 0.0
29.997718263951434 1.0461600159997893 78.99904304720364 -0.4775728596099223 0.8750460264598598 0.07885819767666895 0.7112560018880533 0.33236215250922463 0.619395107631354 0.0 0.0 0.0 0.0 0.0 0.0
30.40197496965285 1.3992406025055721 78.9746357235788 -0.6892987524048589 0.5024824181156412 0.5218990797249635 0.7112560018880533 0.33236215250922463 0.619395107631354 0.0 0.0 0.0 0.0 0.0 0.0
30.64910600305477 1.8668620720314475 79.06919531159885 -0.6391485247006228 -0.06098266192873115 0.7666617756984526 0.7112560018880533 0.33236215250922463 0.619395107631354 0.0 0.0 0.0 0.0 0.0 0.0
30.750543110140338 2.3205825418518464 79.3385154755124 -0.3461750864691468 -0.6012794091306428 0.7201568451827595 0.7112560018880533 0.33236215250922463 0.619395107631354 0.0 0.0 0.0 0.0 0.0 0.0
30.773069595372856 2.6372413514416317 79.77199541494514 0.07831605485075689 -0.9131400559481986 0.40005228880177063 0.7112560018880533 0.33236215250922463 0.619395107631354 0.0 0.0 0.0 0.0 0.0 0.0
30.81344822777282 2.7457498565460323 80.29666728619789 0.47305361755824693 -0.8780835286234467 -0.07203882061259625 0.7112560018880533 0.33236215250922463 0.619395107631354 0.0 0.0 0.0 0.0 0.0 0.0
30.961659447179837 2.6540991936717804 80.8049179060253 0.6880702019206443 -0.5094283880009411 -0.5167611776513864 0.7112560018880533 0.33236215250922463 0.619395107631354 0.0 0.0 0.0 0.0 0.0 0.0
31.266716290764826 2.4463243137235273 81.19537279914717 0.6416774126530906 0.05276711441156704 -0.7651573235142648 0.7112560018880533 0.33236215250922463 0.619395107631354 0.0 0.0 0.0 0.0 0.0 0.0
31.7180435207545 2.2505776991657105 81.41141005629824 0.35150064604440284 0.5949155078400148 -0.722857409425833 0.7112560018880533 0.33236215250922463 0.619395107631354 0.0 0.0 0.0 0.0 0.0 0.0
32.24949533406998 2.190442093339068 81.46267194422596 -0.07221709277396034 0.9110455533831718 -0.4059318799651356 0.7112560018880533 0.33236215250922463 0.619395107631354 0.0 0.0 0.0 0.0 0.0 0.0
32.76448525881531 2.3379793500722084 81.42140164734296 -0.468498350642093 0.8810541613266903 0.06521395751342426 0.7112560018880533 0.33236215250922463 0.619395107631354 0.0 0.0 0.0 0.0 0.0 0.0
33.17268096979047 2.686352930602177 81.3949968741271 -0.6867892522265813 0.5163355629421627 0.511583922213409 0.7112560018880533 0.33236215250922463 0.619395107631354 0.0 0.0 0.0 0.0 0.0 0.0
33.42432304911072 3.152425218951333 81.48520767207681 -0.64415743438623 -0.04454754847434431 0.7635946016374644 0.7112560018880533 0.33236215250922463 0.619395107631354 0.0 0.0 0.0 0.0 0.0 0.0
33.52912942099419 3.608342892224072 81.7494798834963 -0.35679943748457255 -0.5885063014301557 0.7255029252785227 0.7112560018880533 0.33236215250922463 0.619395107631354 0.0 0.0 0.0 0.0 0.0 0.0
33.552603349876335 3.930110535568429 82.17913050956103 0.06611263108594924 -0.9088816711719987 0.4117805578442122 0.7112560018880533 0.33236215250922463 0.619395107631354 0.0 0.0 0.0 0.0 0.0 0.0
33.59114765509476 4.044698573371127 82.70264652674304 0.4639074057626727 -0.8839576983444091 -0.05838412811890144 0.7112560018880533 0.33236215250922463 0.619395107631354 0.0 0.0 0.0 0.0 0.0 0.0
10.291540615279505 65.18372150126501 95.00775080957617 0.34895400399252186 -0.4588505846379155 0.817121315396331 0.6489265596079972 0.7473761379675348 0.14255956169987724 0.0 0.0 0.0 0.0 0.0 0.0
10.34636861370325 65.59177636354777 95.35296121219261 0.6791197876907835 -0.6534429261250185 0.33437801402604034 0.6489265596079972 0.7473761379675348 0.14255956169987724 0.0 0.0 0.0 0.0 0.0 0.0
10.556001989099645 65.85087889025972 95.77439309362751 0.7512766097679642 -0.5997813749941068 -0.2754010853750088 0.6489265596079972 0.7473761379675348 0.14255956169987724 0.0 0.0 0.0 0.0 0.0 0.0
10.936888891331598 65.9732612336696 96.13304728898567 0.5380108871192122 -0.3182528516931044 -0.7805507079814902 0.6489265596079972 0.7473761379675348 0.14255956169987724 0.0 0.0 0.0 0.0 0.0 0.0
11.440415392210914 66.02309782952221 96.3137749258994 0.12034583339152503 0.08418525087003698 -0.9891560665138989 0.6489265596079972 0.7473761379675348 0.14255956169987724 0.0 0.0 0.0 0.0 0.0 0.0
11.971374729598516 66.09212445595955 96.26902440632742 -0.3430406145166375 0.4546399691253157 -0.821964497570169 0.6489265596079972 0.7473761379675348 0.14255956169987724 0.0 0.0 0.0 0.0 0.0 0.0
12.424137948113259 66.26478627766426 96.03690705367119 -0.6761001976367071 0.6523693619349565 -0.34249487348598956 0.6489265596079972 0.7473761379675348 0.14255956169987724 0.0 0.0 0.0 0.0 0.0 0.0
12.722784105303194 66.58615571594886 95.7267179838272 -0.7522980118820929 0.6022527271114232 0.26709427924443635 0.6489265596079972 0.7473761379675348 0.14255956169987724 0.0 0.0 0.0 0.0 0.0 0.0
12.849943907013515 67.04480868232844 95.47741306334113 -0.5426852336614559 0.3233302121296266 0.775209849711691 0.6489265596079972 0.7473761379675348 0.14255956169987724 0.0 0.0 0.0 0.0 0.0 0.0
12.853398592635092 67.57716478073657 95.40481725248884 -0.12689726195957893 -0.07843085623308338 0.9888102374559583 0.6489265596079972 0.7473761379675348 0.14255956169987724 0.0 0.0 0.0 0.0 0.0 0.0
12.827927043400155 68.09164256299852 95.5576207663776 0.3371011011698215 -0.45039473101885724 0.8267450839651521 0.6489265596079972 0.7473761379675348 0.14255956169987724 0.0 0.0 0.0 0.0 0.0 0.0
12.879297700783779 68.50345285215303 95.89888084816978 0.6730291199349518 -0.6512461172922331 0.35058565063530006 0.6489265596079972 0.7473761379675348 0.14255956169987724 0.0 0.0 0.0 0.0 0.0 0.0
13.084085367233468 68.76681156837931 96.32005694005548 0.7532621235899761 -0.6046782153518544 -0.25876713285040176 0.6489265596079972 0.7473761379675348 0.14255956169987724 0.0 0.0 0.0 0.0 0.0 0.0
13.460579158456918 68.89233386638989 96.6822470558658 0.5473182526220646 -0.32838294971867193 -0.7698099562104895 0.6489265596079972 0.7473761379675348 0.14255956169987724 0.0 0.0 0.0 0.0 0.0 0.0
13.96183416258696 68.94300126067952 96.86895896793584 0.13343902680983136 0.07267048878276962 -0.988389106670101 0.6489265596079972 0.7473761379675348 0.14255956169987724 0.0 0.0 0.0 0.0 0.0 0.0
14.49350659707697 69.01023389517376 96.83036755204073 -0.33113591626901195 0.446115193609857 -0.8314627105211175 0.6489265596079972 0.7473761379675348 0.14255956169987724 0.0 0.0 0.0 0.0 0.0 0.0
14.94969658903425 69.1791585020884 96.6022441851203 -0.6699067884599759 0.6500732777362753 -0.35864972932996714 0.6489265596079972 0.7473761379675348 0.14255956169987724 0.0 0.0 0.0 0.0 0.0 0.0
15.253181307483434 69.49626733311761 96.2923666011142 -0.7541688714707755 0.6070576550050791 0.250420280337343 0.6489265596079972 0.7473761379675348 0.14255956169987724 0.0 0.0 0.0 0.0 0.0 0.0
15.384753207950896 69.95175497570634 96.03957232789045 -0.5519095911787075 0.3334106796747094 0.764351438700682 0.6489265596079972 0.7473761379675348 0.14255956169987724 0.0 0.0 0.0 0.0 0.0 0.0
15.390517299743312 70.48324359321768 95.9610119891689 -0.13997062976156235 -0.0669045871933803 0.9878927062270666 0.6489265596079972 0.7473761379675348 0.14255956169987724 0.0 0.0 0.0 0.0 0.0 0.0
97.21518558051208 57.07750777700693 6.254593046722169 0.8254690389793289 -0.5257122324452759 0.20549334379475087 0.3356565288299605 0.7498861048316965 0.570092557778268 0.0 0.0 0.0 0.0 0.0 0.0
97.28043697465452 57.16856864867609 6.780078798509675 0.9347607937750899 -0.19035076982430382 -0.29998140417075686 0.3356565288299605 0.7498861048316965 0.570092557778268 0.0 0.0 0.0 0.0 0.0 0.0
97.5587671211503 57.21623905637441 7.237183779777528 0.6889212946486477 0.2173281327480775 -0.6914882012701774 0.3356565288299605 0.7498861048316965 0.570092557778268 0.0 0.0 0.0 0.0 0.0 0.0
97.99413689843816 57.3134494187709 7.536664003808137 0.18134907753537455 0.5424404441568527 -0.8202870696408577 0.3356565288299605 0.7498861048316965 0.570092557778268 0.0 0.0 0.0 0.0 0.0 0.0
98.47084520365637 57.53430909748085 7.649159764503742 -0.39512068612847445 0.6614705617098489 -0.6374451657865333 0.3356565288299605 0.7498861048316965 0.570092557778268 0.0 0.0 0.0 0.0 0.0 0.0
98.8574857360391 57.90595101154576 7.616349879601067 -0.8214774950665304 0.5291969536712436 -0.212427185935074 0.3356565288299605 0.7498861048316965 0.570092557778268 0.0 0.0 0.0 0.0 0.0 0.0
99.05687044757359 58.39822338785124 7.535117210980461 -0.9357412692575168 0.19587257523169538 0.29329543344627035 0.3356565288299605 0.7498861048316965 0.570092557778268 0.0 0.0 0.0 0.0 0.0 0.0
99.04295290733768 58.93514492384392 7.520741245642487 -0.69450129049785 -0.21186706935319335 0.6875902140232293 0.3356565288299605 0.7498861048316965 0.570092557778268 0.0 0.0 0.0 0.0 0.0 0.0
98.87072377608028 59.423771354711135 7.663101491226164 -0.18940866003568485 -0.5391148720623034 0.820657976397435 0.3356565288299605 0.7498861048316965 0.570092557778268 0.0 0.0 0.0 0.0 0.0 0.0
98.655318934808 59.789506533528474 7.992530748351676 0.3876434871179576 -0.6615439213549539 0.6419440528685819 0.3356565288299605 0.7498861048316965 0.570092557778268 0.0 0.0 0.0 0.0 0.0 0.0
98.52827743862147 60.00444275465744 8.46829117252738 0.8174233924620031 -0.5326413745003198 0.21934485092274292 0.3356565288299605 0.7498861048316965 0.570092557778268 0.0 0.0 0.0 0.0 0.0 0.0
98.58756763046692 60.097963357709475 8.994051262372619 0.93665048441942 -0.20137946418413138 -0.2865871271389874 0.3356565288299605 0.7498861048316965 0.570092557778268 0.0 0.0 0.0 0.0 0.0 0.0
98.86036732970753 60.14557950556432 9.45448380756905 0.70002839738491 0.20638987146070137 -0.6836398641193694 0.3356565288299605 0.7498861048316965 0.570092557778268 0.0 0.0 0.0 0.0 0.0 0.0
99.29273852415845 60.2402422311127 9.75908062422871 0.1974538183332081 0.5357482442829785 -0.8209663868718028 0.3356565288299605 0.7498861048316965 0.570092557778268 0.0 0.0 0.0 0.0 0.0 0.0
99.77011932271131 60.457028785802734 9.876538127169198 -0.38013676755507375 0.6615669018691765 -0.646394053425617 0.3356565288299605 0.7498861048316965 0.570092557778268 0.0 0.0 0.0 0.0 0.0 0.0
100.16084793313898 60.82461953659007 9.8466500852925 -0.8133070399013566 0.536045232626523 -0.22624581195078575 0.3356565288299605 0.7498861048316965 0.570092557778268 0.0 0.0 0.0 0.0 0.0 0.0
100.3661831782304 61.31440181502132 9.765189303462787 -0.937488370020545 0.2068710173106976 0.27985699611240583 0.3356565288299605 0.7498861048316965 0.570092557778268 0.0 0.0 0.0 0.0 0.0 0.0
100.3578179198775 61.85134034835774 9.747521932702607 -0.7055021943992388 -0.20089695618042672 0.6796374523930377 0.3356565288299605 0.7498861048316965 0.570092557778268 0.0 0.0 0.0 0.0 0.0 0.0
100.18863341411266 62.342484414211604 9.884777940600245 -0.2054839397579916 -0.5323408172006178 0.82121227757731 0.3356565288299605 0.7498861048316965 0.570092557778268 0.0 0.0 0.0 0.0 0.0 0.0
99.97260883781442 62.712281374034454 10.209229313011111 0.3726010991055815 -0.6615395015024614 0.6507948285728674 0.3356565288299605 0.7498861048316965 0.570092557778268 0.0 0.0 0.0 0.0 0.0 0.0
75.39397096985526 83.56991714779635 19.913132880993224 -0.5035951743081012 0.8625868815459383 0.048329827213087664 0.5638246668029024 0.28575599213232233 0.7748840287843519 0.0 0.0 0.0 0.0 0.0 0.0
75.78663320131062 83.92648589891414 19.998924488002018 -0.7917690401903811 0.453934081956433 0.4087121679548746 0.5638246668029024 0.28575599213232233 0.7748840287843519 0.0 0.0 0.0 0.0 0.0 0.0
75.99881165514154 84.38652893829695 20.177882046556274 -0.7791366100319184 -0.12717586474144765 0.613817922787561 0.5638246668029024 0.28575599213232233 0.7748840287843519 0.0 0.0 0.0 0.0 0.0 0.0
76.03338589420011 84.81758223531037 20.496759419923762 -0.4704971552528821 -0.659969574156983 0.5857239862648591 0.5638246668029024 0.28575599213232233 0.7748840287843519 0.0 0.0 0.0 0.0 0.0 0.0
75.96071029191458 85.09819544712872 20.949152594390156 0.01689203509966838 -0.9420298082474243 0.33510371457731364 0.5638246668029024 0.28575599213232233 0.7748840287843519 0.0 0.0 0.0 0.0 0.0 0.0
75.89188522956152 85.16407293451606 21.4779326711385 0.4978636588980888 -0.8661971682861815 -0.042828060913485275 0.5638246668029024 0.28575599213232233 0.7748840287843519 0.0 0.0 0.0 0.0 0.0 0.0
75.93654820391959 85.03250075013764 21.996950090054032 0.7896885548446398 -0.4612817420486591 -0.404488740016258 0.5638246668029024 0.28575599213232233 0.7748840287843519 0.0 0.0 0.0 0.0 0.0 0.0
76.16122070920207 84.79577937814497 22.423764287955603 0.7814975659171552 0.11888233021260085 -0.6124773840957602 0.5638246668029024 0.28575599213232233 0.7748840287843519 0.0 0.0 0.0 0.0 0.0 0.0
76.56403560922523 84.58615723706491 22.710964246880913 0.47640258575521816 0.6538810176195272 -0.5877756298815011 0.5638246668029024 0.28575599213232233 0.7748840287843519 0.0 0.0 0.0 0.0 0.0 0.0
77.07544649366132 84.52558729452561 22.86418073248035 -0.009685701761603488 0.9404593741251757 -0.33976808679078424 0.5638246668029024 0.28575599213232233 0.7748840287843519 0.0 0.0 0.0 0.0 0.0 0.0
77.58464952207609 84.67939509590974 22.93994707200501 -0.49209422924289425 0.8697414907584406 0.0373230330912282 0.5638246668029024 0.28575599213232233 0.7748840287843519 0.0 0.0 0.0 0.0 0.0 0.0
77.98167965545117 85.0314604974787 23.024221198097184 -0.7875479316580439 0.46859427375030316 0.4002345086940466 0.5638246668029024 0.28575599213232233 0.7748840287843519 0.0 0.0 0.0 0.0 0.0 0.0
78.19918821302458 85.4903419784934 23.199728793039565 -0.7837990077370569 -0.11057974233403678 0.6110902028798573 0.5638246668029024 0.28575599213232233 0.7748840287843519 0.0 0.0 0.0 0.0 0.0 0.0
78.23802976212205 85.92401680376365 23.51453441895639 -0.48227173635618165 -0.6477426655109764 0.5897825121082612 0.5638246668029024 0.28575599213232233 0.7748840287843519 0.0 0.0 0.0 0.0 0.0 0.0
78.16693745374242 86.21003866804942 23.963780987065828 0.002478630819849319 -0.938817320380451 0.3444065843489795 0.5638246668029024 0.28575599213232233 0.7748840287843519 0.0 0.0 0.0 0.0 0.0 0.0
78.09641014933618 86.28205709461454 24.491535046914382 0.48628732470692215 -0.8732195790488376 -0.03181516297549964 0.5638246668029024 0.28575599213232233 0.7748840287843519 0.0 0.0 0.0 0.0 0.0 0.0
78.13673205589792 86.15502509065959 25.012036839361606 0.7853473336473361 -0.4758711201837647 -0.39594979796442775 0.5638246668029024 0.28575599213232233 0.7748840287843519 0.0 0.0 0.0 0.0 0.0 0.0
78.35607391187557 85.91951824988544 25.44228186290426 0.7860407602279179 0.10226873337996699 -0.6096564847790735 0.5638246668029024 0.28575599213232233 0.7748840287843519 0.0 0.0 0.0 0.0 0.0 0.0
78.75459378387998 85.70732357010314 25.733555671558655 0.48810416009723034 0.6415549852906092 -0.5917444801132887 0.5638246668029024 0.28575599213232233 0.7748840287843519 0.0 0.0 0.0 0.0 0.0 0.0
79.26437701453676 85.6413713694044 25.88994130735196 0.004728628879237862 0.9371037720620002 -0.34901885401235266 0.5638246668029024 0.28575599213232233 0.7748840287843519 0.0 0.0 0.0 0.0 0.0 0.0
53.1139104739238 20.511440056274253 85.0066934566051 0.1815904753711088 -0.752855494440184 0.6326401060205723 0.8962871355200381 0.3913999091295288 0.2085077500590361 0.0 0.0 0.0 0.0 0.0 0.0
53.34160192652694 20.76435882934949 85.42247440705371 0.38433710929397286 -0.92013153943213 0.07511948190590456 0.8962871355200381 0.3913999091295288 0.2085077500590361 0.0 0.0 0.0 0.0 0.0 0.0
53.65690303528683 20.807533589059194 85.85537884576641 0.4410676496222605 -0.7378342288148528 -0.510940289315578 0.8962871355200381 0.3913999091295288 0.2085077500590361 0.0 0.0 0.0 0.0 0.0 0.0
54.07274552865633 20.682519013094566 86.17181442945285 0.33022921560120155 -0.27522135874035475 -0.9028853021599856 0.8962871355200381 0.3913999091295288 0.2085077500590361 0.0 0.0 0.0 0.0 0.0 0.0
54.5638637821128 20.49476771974522 86.28243728010261 0.09393118143519039 0.2919527069753369 -0.9518090932765682 0.8962871355200381 0.3913999091295288 0.2085077500590361 0.0 0.0 0.0 0.0 0.0 0.0
55.076393651332964 20.373567055137208 86.17609521799126 -0.17805287900365555 0.7482090581221399 -0.6391246964579684 0.8962871355200381 0.3913999091295288 0.2085077500590361 0.0 0.0 0.0 0.0 0.0 0.0
55.5483363611818 20.42292066887057 85.92406466121223 -0.382391673823627 0.9202082786999871 -0.08362614185990032 0.8962871355200381 0.3913999091295288 0.2085077500590361 0.0 0.0 0.0 0.0 0.0 0.0
55.93311287695058 20.68203578868799 85.65297152276493 -0.44145347851015415 0.7426049891377395 0.5036433821852753 0.8962871355200381 0.3913999091295288 0.2085077500590361 0.0 0.0 0.0 0.0 0.0 0.0
56.217260058402616 21.110427739145454 85.49668390913392 -0.33279972600211016 0.28287364850874674 0.899570364869959 0.8962871355200381 0.3913999091295288 0.2085077500590361 0.0 0.0 0.0 0.0 0.0 0.0
56.42554553184091 21.60330074668112 85.54545338848004 -0.09770979347116798 -0.28432612058391443 0.9537355259260943 0.8962871355200381 0.3913999091295288 0.2085077500590361 0.0 0.0 0.0 0.0 0.0 0.0
56.61155805478301 22.03136160608335 85.81162691097035 0.17450172322009988 -0.7435056427875135 0.6455606150752559 0.8962871355200381 0.3913999091295288 0.2085077500590361 0.0 0.0 0.0 0.0 0.0 0.0
56.83734825102383 22.28994033081773 86.22495599597966 0.3804171177468233 -0.920214940544693 0.0921264333594202 0.8962871355200381 0.3913999091295288 0.2085077500590361 0.0 0.0 0.0 0.0 0.0 0.0
57.14985454122489 22.33875603090034 86.659285304372 0.4418056890064961 -0.7473191972155943 -0.49630812066148605 0.8962871355200381 0.3913999091295288 0.2085077500590361 0.0 0.0 0.0 0.0 0.0 0.0
57.563070452136415 22.217220296463225 86.98048116104322 0.3353448924153906 -0.29050439635361797 -0.8961869218138209 0.8962871355200381 0.3913999091295288 0.2085077500590361 0.0 0.0 0.0 0.0 0.0 0.0
58.05272824182567 22.029464075736566 87.0973911806884 0.10148096452806728 0.2766778816575932 -0.9555893279227857 0.8962871355200381 0.3913999091295288 0.2085077500590361 0.0 0.0 0.0 0.0 0.0 0.0
58.5655186205722 21.90477658683944 86.99647458296593 -0.1709372784547168 0.738745606619587 -0.6519473717523174 0.8962871355200381 0.3913999091295288 0.2085077500590361 0.0 0.0 0.0 0.0 0.0 0.0
59.03934384131643 21.948486182215913 86.74694656133896 -0.37841359143366515 0.9201515244589165 -0.10061970907435924 0.8962871355200381 0.3913999091295288 0.2085077500590361 0.0 0.0 0.0 0.0 0.0 0.0
59.42690967198656 22.201944346545403 86.47448227386248 -0.44212425428910657 0.7519764940432141 0.488935063352772 0.8962871355200381 0.3913999091295288 0.2085077500590361 0.0 0.0 0.0 0.0 0.0 0.0
59.71369326498002 22.62681557635302 86.31347074946164 -0.33786452101677983 0.29811302116397037 0.8927352306538563 0.8962871355200381 0.3913999091295288 0.2085077500590361 0.0 0.0 0.0 0.0 0.0 0.0
59.923460629776784 23.119641678715105 86.3559582489783 -0.10524440741662495 -0.26900857263938477 0.9573703580924398 0.8962871355200381 0.3913999091295288 0.2085077500590361 0.0 0.0 0.0 0.0 0.0 0.0
37.24286819045809 41.89831820625882 10.177861650122058 0.5005558626517337 0.7435418224286798 -0.4433840171503888 0.5272469830451197 0.1443813667357241 0.8373557426860723 0.0 0.0 0.0 0.0 0.0 0.0
37.746991236517644 41.809626680281646 10.341198326254029 0.0028529350033321146 0.9851518552681952 -0.1716615356551946 0.5272469830451197 0.1443813667357241 0.8373557426860723 0.0 0.0 0.0 0.0 0.0 0.0
38.251764609200976 41.9455005507107 10.465404749932057 -0.49593387035136494 0.8524862274306568 0.16527803326323198 0.5272469830451197 0.1443813667357241 0.8373557426860723 0.0 0.0 0.0 0.0 0.0 0.0
38.64348984053313 42.27569868350609 10.627286306492923 -0.8063071067874371 0.3959468289825592 0.4394257140436012 0.5272469830451197 0.1443813667357241 0.8373557426860723 0.0 0.0 0.0 0.0 0.0 0.0
38.8514173415026 42.69615290842654 10.889334968396577 -0.8103507926190334 -0.2110193896739703 0.5466282192526559 0.5272469830451197 0.1443813667357241 0.8373557426860723 0.0 0.0 0.0 0.0 0.0 0.0
38.87462535379684 43.06850525683108 11.275987550078554 -0.5065286639919088 -0.7378158141373063 0.4461575248311701 0.5272469830451197 0.1443813667357241 0.8373557426860723 0.0 0.0 0.0 0.0 0.0 0.0
38.78237014119617 43.272672467187604 11.764341753584164 -0.01026782720661299 -0.9843036751872981 0.176184127370298 0.5272469830451197 0.1443813667357241 0.8373557426860723 0.0 0.0 0.0 0.0 0.0 0.0
38.68777437706068 43.252467623814034 12.292857134467473 0.4898939288033913 -0.8568381133537836 -0.16072456572007562 0.5272469830451197 0.1443813667357241 0.8373557426860723 0.0 0.0 0.0 0.0 0.0 0.0
38.70484994941045 43.03694650554101 12.784735345537687 0.8039367906712831 -0.40384542668786144 -0.4365713091219545 0.5272469830451197 0.1443813667357241 0.8373557426860723 0.0 0.0 0.0 0.0 0.0 0.0
38.90518293848966 42.72936880954748 13.177097112956815 0.8125506246567982 0.20257488951224814 -0.5465573131053579 0.5272469830451197 0.1443813667357241 0.8373557426860723 0.0 0.0 0.0 0.0 0.0 0.0
39.290736868026315 42.467968065992295 13.444871123656128 0.512462891213215 0.7320336183151163 -0.448897055889067 0.5272469830451197 0.1443813667357241 0.8373557426860723 0.0 0.0 0.0 0.0 0.0 0.0
39.7931067297397 42.373434408765505 13.610319036340961 0.017681937475098084 0.9833805365706488 -0.18069330198197808 0.5272469830451197 0.1443813667357241 0.8373557426860723 0.0 0.0 0.0 0.0 0.0 0.0
40.29950718965689 42.50306237579211 13.734577905153479 -0.48381667993603816 0.8611247477371947 0.15615885837896867 0.5272469830451197 0.1443813667357241 0.8373557426860723 0.0 0.0 0.0 0.0 0.0 0.0
40.69562162215935 42.82898375616074 13.894433190647028 -0.8015052516559521 0.41171327000037017 0.4336836576048631 0.5272469830451197 0.1443813667357241 0.8373557426860723 0.0 0.0 0.0 0.0 0.0 0.0
40.90903290732744 43.24875518938053 14.153146679537482 -0.814688577818578 -0.19411496248838922 0.5464447845025838 0.5272469830451197 0.1443813667357241 0.8373557426860723 0.0 0.0 0.0 0.0 0.0 0.0
40.93673590554757 43.624278110793256 14.53642227424921 -0.5183580924012747 -0.7261956752987081 0.45160240169818183 0.5272469830451197 0.1443813667357241 0.8373557426860723 0.0 0.0 0.0 0.0 0.0 0.0
40.84627916029467 43.83426470517186 15.022640650637728 -0.025094701195586308 -0.982382509718827 0.1851887160991292 0.5272469830451197 0.1443813667357241 0.8373557426860723 0.0 0.0 0.0 0.0 0.0 0.0
40.750102077114626 43.82031717554935 15.551072800688013 0.47770258655533504 -0.8653458041370855 -0.15158125893620294 0.5272469830451197 0.1443813667357241 0.8373557426860723 0.0 0.0 0.0 0.0 0.0 0.0
40.76281731357081 43.60911404264564 16.04495199799428 0.7990126749125532 -0.4195497597533556 -0.43076297939817093 0.5272469830451197 0.1443813667357241 0.8373557426860723 0.0 0.0 0.0 0.0 0.0 0.0
40.957667514414275 43.30227452880501 16.44063876059276 0.8167644892909612 0.18564025285858998 -0.5462906420138232 0.5272469830451197 0.1443813667357241 0.8373557426860723 0.0 0.0 0.0 0.0 0.0 0.0
