t = 200000
b = 100 100 100
E = -0.558727652383913 -0.558727652383913 0
43.7132676128312 -198.872256162953 -91.592496808732 0.673868110989836 -0.731798836596847 -0.10184415420873 0.2494189786424 0.0955609942458892 0.963669170136577 0 0 0 0 0 0
42.8214383512487 -199.032839429497 -91.4238347734205 0.259014897802587 -0.938457589092563 0.228492092184584 -0.395916895467743 0.112619760736803 0.911354267765708 0 0 0 0 0 0
42.4432287825696 -199.236298814055 -91.0526897078063 0.794596722007158 -0.457034292118594 0.399669494961943 -0.265451394275227 0.330511359323527 0.905702930676197 0 0 0 0 0 0
42.343158585011 -199.385410620657 -90.5596523203196 0.942370053533721 0.32274427682869 0.0881749055977857 -0.174834162184318 0.250336385578492 0.952241938684074 0 0 0 0 0 0
41.0957502890559 -199.632365445774 -90.1186107221773 -0.206783485752848 -0.251464301375777 0.945519061232239 -0.425247362151 0.893449010148905 0.144615169493236 0 0 0 0 0 0
40.7375226178671 -199.257921303537 -89.9680696878149 0.0327170406017904 -0.614017504059812 0.788614037386109 -0.562440338644047 0.640932577241776 0.522366056416556 0 0 0 0 0 0
40.2411513654945 -198.771222624248 -90.5319416394534 -0.197719984496465 -0.899970459090641 -0.388535687543498 -0.945213060600733 0.280070996180621 -0.16772747887031 0 0 0 0 0 0
39.8794893753285 -198.700948426748 -90.7991754174069 -0.338615985627152 -0.757181962619144 0.558582751042291 -0.935790284095574 0.332937336358725 -0.115971006077739 0 0 0 0 0 0
39.4530659372175 -198.897601558818 -91.1151398747184 -0.270853824818459 -0.0781981810954525 0.959439028836421 -0.936170981237389 0.253433762405527 -0.243629271562352 0 0 0 0 0 0
38.9505446649925 -198.961501846976 -91.1856949010435 0.0896068079727729 0.427615199246206 0.899508677745 -0.946010047823611 0.319011757568249 -0.0574150498561682 0 0 0 0 0 0
38.4800760152871 -199.130089885758 -90.9947204072015 0.226690616757481 0.96824761874542 0.105394084596508 -0.969994417897626 0.234203663768613 -0.0652646391609109 0 0 0 0 0 0
37.7250193048273 -199.462714090255 -90.5283026421905 -0.817913485099563 -0.561357384198177 -0.126077032398721 0.105660638151225 0.0688494766043336 -0.992015916765848 0 0 0 0 0 0
38.200298160845 -199.876680421425 -89.9818531801078 -0.744899922962826 -0.636409409163648 0.200267742529726 0.481610444319648 -0.720649275529009 -0.498714348702487 0 0 0 0 0 0
38.9727930309608 -200.157438145999 -90.7018724876237 -0.299618658474046 -0.204392393259904 -0.931907940234282 0.351186494061888 0.884572064235521 -0.306920689368815 0 0 0 0 0 0
38.8069329126381 -201.029257782163 -90.4917426432655 -0.784785933663936 -0.381440756436123 -0.488481307372823 -0.608584407026202 0.3252415708265 0.723769949729109 0 0 0 0 0 0
38.3696451041581 -200.786284513407 -90.4756881002588 -0.159740406165513 -0.900359287572298 0.4047667920178 -0.60371360529555 0.413516365183993 0.681567383687092 0 0 0 0 0 0
37.9313541356951 -200.878511786584 -90.3955097774139 0.25551176757526 -0.248016625404952 0.934452508238544 -0.756734700117365 0.550246663557791 0.352960625115325 0 0 0 0 0 0
37.4844940684202 -200.89800334637 -90.138677119268 0.650693669293885 0.404852622575774 0.642411163301494 -0.660689523612559 0.718857783170517 0.216177799423946 0 0 0 0 0 0
37.2956400416375 -200.643707958662 -89.7398497932016 0.754858832485123 0.641332442872501 -0.137407571619569 -0.629477000533788 0.767237416797691 0.122904239408541 0 0 0 0 0 0
37.1754422671094 -200.17070669733 -89.533401702704 0.421905781331072 0.360471434964687 -0.831898945938698 -0.644346613763234 0.764719889086744 0.00457521223690542 0 0 0 0 0 0
-27.2661397195645 -57.8072055389371 -77.8267399010444 0.714644596608552 -0.689386949137326 -0.118442960522485 -0.0960447738546314 -0.264433307269717 0.959609518200821 0 0 0 0 0 0
-27.2339437416898 -58.1024135241044 -77.4139901673202 0.959960892921005 0.252086815636207 -0.12217741789997 0.117371173015217 0.0340746192138432 0.992503364261534 0 0 0 0 0 0
-27.0352479221823 -58.38293188955 -77.0336082224936 0.26363283139655 0.963608259272844 0.0442363297640983 -0.350581075430761 0.0529907210073544 0.93503202781345 0 0 0 0 0 0
-26.9508948921806 -58.3934815161631 -76.5940605374388 -0.516972126226236 0.832506527681841 -0.199180074486001 -0.5220620436039 -0.122236986465156 0.844102684374382 0 0 0 0 0 0
-26.0028192209664 -58.5529149068288 -76.7677131850379 0.217540973710417 0.975040965725004 0.0443963952948337 -0.261169389322114 0.014321686770247 0.965186738081895 0 0 0 0 0 0
-25.8963042879859 -58.4288633143195 -76.2297033977855 -0.14119591256769 0.926728720952451 -0.348191889675811 -0.221314491223717 0.313265954761447 0.923517372636696 0 0 0 0 0 0
-25.2808771687025 -58.7082561547788 -75.4482416726651 0.33585132965865 -0.893289721859488 0.29872622447103 0.674526458976007 0.00673347635638936 -0.738219964805509 0 0 0 0 0 0
-24.8672310322464 -58.7898567581749 -75.7926982726363 -0.157580642742525 -0.880067192417666 0.447939815000787 0.604104058355784 -0.444738855220665 -0.661260642511774 0 0 0 0 0 0
-24.5638952272472 -59.1961834220563 -76.1125393973859 -0.406609860095618 -0.612803748264063 0.677598692285144 0.345522030240747 -0.78973812420364 -0.506880875352019 0 0 0 0 0 0
-24.2040426354542 -59.6265807055724 -76.1359955901672 -0.946855831114345 -0.235172453439032 0.219449201931174 0.171311090606649 -0.94612802830569 -0.274762195888641 0 0 0 0 0 0
-24.0778898555155 -60.3194990684668 -76.6334797217128 0.38452469665197 -0.236805247645985 -0.89222420520407 0.788045828099163 -0.419159639179321 0.450875780785091 0 0 0 0 0 0
-23.7902665101693 -60.7406327056412 -76.6160074052104 0.607263684529482 0.591520528688208 -0.530409541384864 0.794470681296334 -0.44633231227356 0.411829823569245 0 0 0 0 0 0
-24.9223708790715 -60.9233323143112 -77.0968250645375 -0.64440287607951 -0.449092111170613 -0.618919388115107 -0.483179270433318 0.866460305588739 -0.125635709344898 0 0 0 0 0 0
-23.982449403398 -61.5968150125493 -77.3006457072083 0.250717236928683 -0.688072004790157 -0.680953583829985 0.32757726924943 0.722225518392191 -0.609166178685436 0 0 0 0 0 0
-23.6249856344001 -61.3560475828594 -77.5500586610782 -0.633826428243333 -0.238557965137002 -0.73576773246045 0.478899253176859 0.625951809190924 -0.615499665212952 0 0 0 0 0 0
-23.245137764695 -61.2847693976404 -77.9606391246752 -0.836501911647083 0.38839486124602 -0.386541050301854 0.543763145517195 0.501183860012781 -0.673154053720198 0 0 0 0 0 0
-23.0338313046742 -61.0351449300137 -78.3694153219518 -0.687551320978716 0.612408967895117 0.390164628153374 0.48830731795676 0.787624825313827 -0.375770006492321 0 0 0 0 0 0
-22.2487840814722 -61.335814431049 -79.4607454735829 0.330303992911783 0.241550191491075 -0.912443300845131 -0.395562226624527 -0.842287989388171 -0.366171363981783 0 0 0 0 0 0
-22.4393373183003 -61.4680332425615 -79.8359606372021 0.686808368860698 -0.547904507569079 -0.477592833958375 -0.710596965644113 -0.644290781606651 -0.282738998290067 0 0 0 0 0 0
-22.7908832205526 -61.7515064783525 -80.1057307605174 0.749006179540301 -0.582331350577348 0.316037879288551 -0.618709747625014 -0.785385396156703 0.0191840479974897 0 0 0 0 0 0
222.331109577988 24.9272789787854 -0.0850390039762914 0.756738487113304 -0.618603628057766 -0.211367957541435 0.182829832333149 0.510703420784954 -0.840092416587353 0 0 0 0 0 0
222.673245965297 25.3174122594293 -0.557034264791554 0.819651408260328 -0.023076887704937 0.572397611971534 0.351107086317529 -0.76928270409523 -0.533786413387926 0 0 0 0 0 0
223.049313425405 25.1163954418027 -0.846383880358772 0.342614408451306 -0.451632816878422 0.823798012767707 0.531473339255399 -0.629893541404378 -0.566365797129176 0 0 0 0 0 0
223.418752954293 24.731055503013 -1.05404204769826 -0.0957284147512703 -0.367868334894327 0.924937272895456 0.723278777805038 -0.664110687399149 -0.189274415754166 0 0 0 0 0 0
223.775299395346 24.4845199338522 -0.821967543901664 -0.648731290851769 -0.750295023855632 0.127299212280654 0.637214151369284 -0.6269931069691 -0.448149271011298 0 0 0 0 0 0
223.709924096446 24.3260703189876 -1.77712728613244 -0.806056050126494 0.036068161812925 -0.590739140194648 0.49361807582781 -0.509706574578466 -0.704656230404257 0 0 0 0 0 0
223.744985291329 23.9348410549243 -2.17861725984955 -0.495787645378074 0.738123342964402 -0.457568072817062 0.24950069943916 -0.383606890027103 -0.889154179489195 0 0 0 0 0 0
223.573497752846 23.7755868617788 -2.64071033224945 0.174504403056309 0.940533825269153 -0.291452117574289 0.264627611568973 -0.32990076317465 -0.906166493339985 0 0 0 0 0 0
223.311668140179 23.1553806409475 -3.15902952660527 -0.449804292999166 -0.879725519252232 0.15413990001266 0.508016868941894 -0.393958413696266 -0.7659736478159 0 0 0 0 0 0
222.325873286026 23.4788758113294 -3.04037313030699 -0.934429981543437 -0.34026056603459 0.105182492813926 -0.216441204310618 0.308012229758943 -0.926434925612961 0 0 0 0 0 0
222.576124498567 24.2225429823052 -3.35094902073101 0.881414738379723 0.396620250561863 0.256515956250778 -0.46254134382753 0.61469332155959 0.63891128154092 0 0 0 0 0 0
221.128222105422 24.2088785205242 -3.09998718050019 -0.893434101654016 0.134013809331257 0.428737454522238 -0.391538825042287 -0.700150038024834 -0.597065551458405 0 0 0 0 0 0
221.256763580732 24.9055194354442 -3.66102872971184 -0.0698121408524868 0.910444244143984 0.407697857849025 -0.611988601575828 0.283660382940628 -0.738245717015168 0 0 0 0 0 0
220.769597869282 25.047722742963 -3.73858912033486 0.57046981391134 0.816732172440156 -0.0866761208011985 -0.645265359786508 0.380393622557228 -0.662520420347462 0 0 0 0 0 0
220.213574302728 25.6717023600729 -3.40364170691598 -0.344848576150782 0.905161489170562 -0.248519894675074 -0.802595615255598 -0.42163132187187 -0.421980220850537 0 0 0 0 0 0
219.712187198301 25.5775068415748 -3.259198305298 0.245755220921652 0.346399964945785 -0.905323939634487 -0.793713046669557 -0.464225976092089 -0.39308248837601 0 0 0 0 0 0
219.24849387358 25.6949673530284 -3.36291197851533 0.488322063895936 -0.675626892011558 -0.552331299767826 -0.872609421940464 -0.370996315697761 -0.317670474673705 0 0 0 0 0 0
218.955124941304 25.7287260522138 -3.78007636575505 0.344553198312943 -0.912574812286439 0.220205144155835 -0.86911014520719 -0.398757628609743 -0.292642972106748 0 0 0 0 0 0
218.855529159831 25.4267892359347 -4.10139688046239 -0.289331916216809 -0.526101000129008 0.799690427554043 -0.800096364516915 -0.325700516673553 -0.503750911587658 0 0 0 0 0 0
218.684566920082 25.0257501235293 -4.37119850530745 -0.567798936618083 0.45878271090096 0.683463818906122 -0.815075328545048 -0.197212455437348 -0.544756327377254 0 0 0 0 0 0
140.416642887938 -22.1638347685199 88.1255943034435 -0.718684543047362 -0.130218238716175 0.683034214289783 0.694700224512328 -0.0924618022820981 0.713331909549311 0 0 0 0 0 0
140.540328184565 -22.0630133702319 88.5539944655819 -0.338116244534563 -0.918837625103585 0.20350632392102 0.710636823412024 -0.107505979859748 0.695296893064584 0 0 0 0 0 0
141.357110544347 -21.6115323108258 88.4444166132528 0.235692148953111 -0.746612636313886 0.622108336399935 0.0984990716856396 0.655198536532323 0.749007884206148 0 0 0 0 0 0
141.360331712792 -21.4620851017601 88.9568782360593 0.771947973091842 -0.635364168282031 -0.0202163424654355 0.388427080777076 0.446274808848871 0.806202950816916 0 0 0 0 0 0
140.414172300704 -20.841570624507 88.1826710212296 0.035310082268842 0.3236822453647 -0.945506743564441 -0.22215955539052 -0.919881895205085 -0.323206483261997 0 0 0 0 0 0
140.138996333569 -21.1535650488522 87.8802736873187 0.772037285288969 0.198289913597554 -0.603853906412067 -0.024364353002372 -0.940155722053975 -0.339872912412778 0 0 0 0 0 0
139.510037470961 -21.9018817144445 88.1433265175453 -0.487957033287504 -0.0074205983213904 0.872836106256959 0.26959833772219 0.949790220941358 0.158793175236211 0 0 0 0 0 0
140.092783140426 -21.4355662086512 87.0773795903131 0.8366878762183 -0.15109159660469 -0.526426373982873 0.289347669008394 -0.694152903724835 0.659112792084776 0 0 0 0 0 0
139.499319217385 -22.2748377123264 86.7176813248673 -0.17674580447825 -0.929369359952678 -0.324088743063511 -0.150659723206337 0.350938007389377 -0.924199200807361 0 0 0 0 0 0
139.670263350948 -22.3136300912227 86.2596500644738 -0.932560764142103 -0.321744877727731 -0.163739594596616 -0.0342126817509348 0.530279010048517 -0.847132612941666 0 0 0 0 0 0
140.255326460733 -22.1209747177075 85.8538523962564 -0.720343673548058 -0.599301193126588 -0.349203482079342 0.0324482611204717 0.473785135029474 -0.88004247407461 0 0 0 0 0 0
140.308254751627 -22.2270338706483 85.3198418154895 -0.953433682142271 0.30157704394681 0.00393704469569798 0.133291451137283 0.433037934942517 -0.891465947725676 0 0 0 0 0 0
140.222574060864 -22.2356600679421 84.9023163984983 -0.209646456729536 0.872575855762632 0.441202605523654 0.340540296323424 0.488138642139135 -0.803587563760488 0 0 0 0 0 0
140.092491401775 -21.9619129733526 84.4778851366305 0.500428541315594 0.572301685037135 0.649647640140717 0.140483251748439 0.686743068000995 -0.713195915952107 0 0 0 0 0 0
139.724573983619 -21.5021207483737 84.1981479187883 -0.342546429731618 0.109415251186006 0.933107842795261 0.932118994649562 0.163839628625185 0.322971757132804 0 0 0 0 0 0
140.018767087844 -21.1649665772978 84.4186233554568 -0.190687646788838 -0.578995309140962 0.792718520885502 0.951630771630618 0.0891475679356655 0.294026504956391 0 0 0 0 0 0
140.08828022658 -19.9813832184454 83.8011312519765 -0.817185559754028 0.56665346026585 0.105411654470629 0.572080749256993 0.819699999647899 0.0285574317261168 0 0 0 0 0 0
141.375707292454 -20.3766637342605 83.2956159560374 0.731653778972513 -0.447845324872542 -0.513923450238505 -0.333431607158266 0.422450594489146 -0.842827893797793 0 0 0 0 0 0
141.561136533277 -20.0935861213401 82.9653738222693 -0.142325171666435 -0.858105278076354 -0.493354717467689 -0.243606621841587 0.513464560495725 -0.822806149047188 0 0 0 0 0 0
141.71069297835 -20.0956891169682 82.4811482746213 -0.780475970749559 -0.598302595981857 -0.181359484791683 -0.364984985626028 0.671572937178608 -0.644806754242592 0 0 0 0 0 0
58.8623230601875 51.4499176799016 -63.8130934158723 0.746597825456056 -0.644316499304465 -0.165674185521852 0.652771799697641 0.661431408210078 0.369320280722215 0 0 0 0 0 0
59.2347208427195 51.5426007336183 -63.4174592338853 0.516313382660184 -0.157122598103917 -0.841862803579701 0.664670660801841 0.693398988392926 0.278227884233252 0 0 0 0 0 0
59.6354985945884 51.7634006349553 -63.3510335419678 -0.0906554106000328 0.322638317027203 -0.942170957371747 0.589347446033399 0.780001471324593 0.210397938643374 0 0 0 0 0 0
60.0812915494158 52.0915192978575 -63.3703473748244 -0.537553827310529 0.203590017195575 -0.818282950844088 0.599635949318764 0.774566518920831 -0.201204960305284 0 0 0 0 0 0
60.4199310331713 52.2715201521128 -63.685714834307 -0.800942955951076 0.544567809021754 -0.248870011631774 0.596495749193324 0.761704079053295 -0.252981653777241 0 0 0 0 0 0
60.6476349568711 52.5810820148889 -63.9574724066048 -0.60258449272197 0.588187135492708 0.539377254592635 0.70522113989904 0.708831083626923 0.0148875358532223 0 0 0 0 0 0
60.8065519302968 53.0150964500304 -64.0739632178641 -0.376422737035556 0.259425335735897 0.889384291642807 0.577315687341009 0.816497660797612 0.00617794966034488 0 0 0 0 0 0
60.6505857383732 53.4885485239432 -64.1524992230565 0.522548964511501 -0.25873468482797 0.812403189650884 0.600965079493853 0.787673214927265 -0.135690381807606 0 0 0 0 0 0
60.8376221907471 53.8894253416155 -63.8919691844803 0.788940883312632 -0.536916488333511 0.298819288523174 0.597934314199307 0.78287285418253 -0.172001889777711 0 0 0 0 0 0
60.7349383725567 54.7787034415325 -63.1704239776318 0.410586437017214 0.574423997958555 0.708135473131249 -0.710068564451453 -0.285784353421217 0.643529282253318 0 0 0 0 0 0
60.6653312798597 54.6055567205073 -62.6982945820673 -0.104947859647702 0.9787495284752 0.176168405978313 -0.740627305541283 -0.195142408054236 0.642954613379089 0 0 0 0 0 0
60.5783572809349 54.6595949579207 -62.1295464960324 -0.583359938823597 0.724084307985025 -0.367958009432567 -0.615075952473885 -0.0979661303885153 0.782358108531537 0 0 0 0 0 0
60.4177080566265 54.7457439470631 -61.6218662566734 -0.677072117643311 0.311469596605212 -0.666753356122479 -0.7351781096628 -0.326857518673026 0.593866407165403 0 0 0 0 0 0
60.0772375647034 54.8666113772981 -61.4058841764786 -0.357849892275443 -0.615225241380438 -0.70245381126935 -0.528731484112175 -0.486557384299442 0.695488985888505 0 0 0 0 0 0
59.9853830332959 54.6362700306582 -60.7867900672629 -0.295090044935737 -0.234788834005508 -0.926172807205091 -0.182195107273003 -0.937724342705842 0.295766800000736 0 0 0 0 0 0
59.6060846900225 54.3630325119264 -60.7417421781522 0.413668427869586 -0.600631695921603 -0.684192953514025 -0.373815206999299 -0.797292227204339 0.473906420568045 0 0 0 0 0 0
59.3610572190629 53.944954267498 -60.6921614523873 0.94828084682212 -0.283619090902593 0.142561028426107 -0.304349434409249 -0.684741223780456 0.662193988367769 0 0 0 0 0 0
59.2592653339028 53.5402334428922 -60.5941077390627 0.711134450055224 0.2672655548696 0.650274493675477 -0.280048206663805 -0.740697668244266 0.610688108777217 0 0 0 0 0 0
59.3627102258195 53.1681233527454 -60.3308786947501 -0.336755899883678 0.611854894310569 0.715701789994783 -0.154797152818931 -0.785730610487808 0.598886674773792 0 0 0 0 0 0
59.4623470588194 52.7213924110757 -59.9279821746799 -0.754801429590113 0.600990575668781 0.262840502674206 -0.365028500339952 -0.717765446379079 0.592930820521085 0 0 0 0 0 0
403.498902074549 17.1081483639164 -267.125811262868 0.782850707411989 -0.132952971134672 -0.607839022580001 -0.0621325308241553 0.955317049168021 -0.288979037617423 0 0 0 0 0 0
402.582141855526 16.6583534189776 -267.171473400011 0.160432666470243 -0.983099906018658 0.0881812582999065 0.406662240262369 0.147237606230571 0.901635685660391 0 0 0 0 0 0
402.505066105165 16.6258330267052 -266.6617053975 0.841379043595638 -0.528610915134595 -0.112480244481669 0.223340772849149 0.150566548528709 0.96304133537834 0 0 0 0 0 0
402.474938306425 16.3142046948752 -266.329042444264 0.952251548288704 0.299855754245601 -0.0574762161904164 0.0520813853039759 0.0259599335662937 0.998305369691084 0 0 0 0 0 0
402.806957307201 15.699398127148 -265.85494543792 0.898518533745884 0.250136699792668 0.360688336284916 -0.192973286411181 0.963173331663218 -0.187239002092099 0 0 0 0 0 0
402.242849489178 14.9193369292216 -266.833457980703 -0.0775143288709002 -0.524656842120521 -0.847777522016134 -0.80813148907268 0.531056005503722 -0.254760702204252 0 0 0 0 0 0
402.003478727738 15.2082172658709 -267.153900909136 -0.632140457073416 -0.762014423631529 -0.140472277366468 -0.756181999949779 0.646243667497739 -0.102751667485371 0 0 0 0 0 0
401.679064203845 15.2847883565862 -267.428029358364 -0.581399559840177 -0.335774052531258 0.741100760669144 -0.714426690157414 0.646541429900157 -0.267541929075394 0 0 0 0 0 0
401.181599714444 15.2017245071377 -267.577025272235 -0.150150683849423 0.63275287101536 0.759656880677961 -0.613923452314982 0.542604001779513 -0.573305234539606 0 0 0 0 0 0
400.780733987172 14.3285872544991 -267.092294876343 -0.380778721485147 -0.593059794370684 0.70942768874998 0.754814069619079 0.243799125371723 0.608948032900236 0 0 0 0 0 0
400.79582935891 14.5791615081422 -266.710182519136 0.304924539524611 -0.916123520488665 0.260266633288171 0.772547947492355 0.397747158172372 0.494941276305737 0 0 0 0 0 0
400.199563910609 14.7221391614818 -266.632818355068 0.754967378339085 -0.597832660145262 0.269481665623932 0.655346169998607 0.702475619619562 -0.277577739216007 0 0 0 0 0 0
399.392877968446 14.3564151575673 -266.935753872665 -0.0128209649926744 -0.127322852313896 -0.991778460209391 -0.854022678742805 0.517281067481582 -0.0553675122980859 0 0 0 0 0 0
398.866972187213 13.9629574835476 -265.885878743945 0.328783031419789 -0.688176473945025 0.646772648586044 -0.0675667884102527 -0.700231959860336 -0.710710863498003 0 0 0 0 0 0
398.329480842257 14.5222864938287 -265.573323074773 -0.669399872323603 -0.73450764163528 -0.111365772625716 0.0575616195753759 0.0981752780909681 -0.99350303206564 0 0 0 0 0 0
398.296910373613 15.5014875069757 -265.072058609817 0.215182659727279 0.945338341858254 -0.245013963613061 -0.805409668242115 0.313677121816245 0.502913441410352 0 0 0 0 0 0
398.174940119305 15.7201025547699 -264.653099807391 -0.31861777473755 0.478878792160017 -0.818020669690354 -0.751797209570205 0.39793818565348 0.525781471793435 0 0 0 0 0 0
397.961983638832 16.1560604001469 -264.433499690265 -0.582269343097709 -0.106824011525566 -0.805947295206174 -0.808305224276824 0.18240248055651 0.559796391104503 0 0 0 0 0 0
397.597811321734 16.4567910270081 -264.38931587017 -0.436197051857439 -0.842172153827845 -0.316982957377597 -0.718712488168664 0.114094492731566 0.685882501656614 0 0 0 0 0 0
398.459922395799 17.2485550171333 -264.078672379987 0.460246311031379 0.506628526225467 -0.729041061667049 0.845065932080064 -0.501688354578233 0.184857689367355 0 0 0 0 0 0
49.3365133197815 -46.6450304658671 -177.919392454129 -0.790798619944987 -0.542167796958697 0.28406270898176 0.566400624017568 -0.472288020263936 0.675377197592339 0 0 0 0 0 0
49.9749007834341 -46.4041293373913 -177.328126506555 0.447802457494324 -0.813745057307938 0.370529271136498 -0.79049834843159 -0.166654163919689 0.589354520450262 0 0 0 0 0 0
49.5869020987595 -46.6029541050808 -176.95203578024 0.719274686957297 -0.612973721766984 0.32696657493636 -0.638523547964407 -0.397850528789398 0.658788763897004 0 0 0 0 0 0
49.2292245062508 -47.01616347233 -176.761722229462 0.79556966088158 0.184068303141102 0.577224197746009 -0.535177562920458 -0.233085869900945 0.811945782302635 0 0 0 0 0 0
49.167905952446 -47.3331460976228 -176.390839588917 0.184579132199533 0.956528732477913 0.225794880147149 -0.560755159691855 -0.0861812532561827 0.823484330431464 0 0 0 0 0 0
49.0652842388117 -48.3335487330926 -177.142728740814 -0.353420987202622 -0.146859488116754 -0.923864652725067 0.922049444974279 -0.221341641956499 -0.317541648541769 0 0 0 0 0 0
49.4440790031589 -48.5996651691887 -177.453191608964 -0.499979082978625 0.526502239422876 -0.687616396304328 0.796162316386673 -0.033011977241509 -0.604181905823415 0 0 0 0 0 0
50.0520692341299 -48.7933192886009 -176.655065747417 -0.24456917913976 0.961236529810361 -0.12731948151418 -0.966684797893309 -0.251944443418182 -0.0452161359768264 0 0 0 0 0 0
49.8477426924282 -48.9089889461106 -175.698554431966 0.496201407784491 0.758599165971092 0.422269426196892 0.00262019980853941 -0.487675514167906 0.873021034932167 0 0 0 0 0 0
50.193997997765 -49.1701435165902 -175.38666007673 -0.188757707810226 0.86163369285151 0.471124088839978 0.137916960429081 -0.451733851085205 0.881428068426309 0 0 0 0 0 0
50.4498969608663 -49.1676840216292 -174.880265973156 -0.74490659257035 0.576369114466253 0.336025017274932 0.131359223077082 -0.367094930704795 0.92086158914542 0 0 0 0 0 0
50.6305917427831 -49.0396823287825 -174.408156906906 -0.99460109931667 -0.0941271921303083 0.0436889567252022 0.0541097394923578 -0.111167133756731 0.992327569134498 0 0 0 0 0 0
50.518018941644 -48.8562312456075 -173.903931415972 -0.691420512792058 -0.699885241996247 -0.179160047237722 -0.163343444299143 -0.0901229972087168 0.982444280648328 0 0 0 0 0 0
49.6270569538204 -48.6538230212448 -173.879958607906 -0.893797434626369 -0.182484545539391 -0.409665151672196 -0.413062844850038 -0.0207769438728028 0.910465487982768 0 0 0 0 0 0
49.409086790301 -48.4548097983777 -172.94209891348 -0.686969580561799 -0.602512856545061 0.406264757369695 0.204611655047565 -0.696822238342728 -0.6874393346105 0 0 0 0 0 0
49.5305049175468 -48.9675474435965 -172.999257587459 -0.96041802356277 -0.217463889978403 0.17408812874876 0.112446515546186 -0.874426243998631 -0.471947587077176 0 0 0 0 0 0
49.558135854866 -49.4226405326283 -172.866069189322 -0.938333739264549 -0.0349810378062267 -0.343956568118431 0.115372692378821 -0.969521573363426 -0.216141297849737 0 0 0 0 0 0
49.7371175183942 -49.8526352449137 -171.720538838858 0.0935661435486897 -0.832754373193568 0.545678963043668 0.174608943580175 0.553313959848914 0.81446631523847 0 0 0 0 0 0
49.9654808792635 -49.324555927078 -170.868120966701 0.244877193416798 -0.170961159444841 0.954362322236994 0.156423497484998 0.978402376777028 0.135131338155236 0 0 0 0 0 0
49.2382810447494 -48.8687155434712 -171.930231381525 -0.825114663095823 -0.447407850437854 -0.344981170661307 -0.38844551012201 0.892659678935355 -0.228623671716384 0 0 0 0 0 0
-35.917915798292 204.672971601967 -291.969178057793 -0.0532314718602851 0.545278453277739 0.836563099111253 -0.399950223218296 0.755979846447049 -0.518202943559309 0 0 0 0 0 0
-36.2955540463689 205.069917157807 -292.073204477058 0.697680244060973 0.319983348713571 0.640978106953015 -0.1930039694525 0.945580686780669 -0.261966853939535 0 0 0 0 0 0
-36.533241098375 205.551192768441 -291.978372132425 0.953554347015398 0.0287609215224945 0.299844821001155 -0.0472727303320767 0.997385023587715 0.0546662939102676 0 0 0 0 0 0
-36.5354696155201 205.965049547274 -291.746266892931 0.982503385149542 -0.161343811138494 -0.0930337184949462 0.173757052812563 0.973905140628907 0.146004327519704 0 0 0 0 0 0
-37.7424889212922 206.524016187769 -292.352382777181 -0.68509908986413 0.508726161055605 -0.521379832871361 -0.432738835092862 -0.859984204203643 -0.270488944548016 0 0 0 0 0 0
-38.0696369620201 206.250564731063 -292.084136322104 -0.246053689250717 0.167620942751767 -0.954652188787686 -0.47189171707255 -0.881036121629618 -0.0330690148350787 0 0 0 0 0 0
-37.7262653204986 206.286030826118 -290.833288236874 0.929518125085281 0.127244326102143 0.346128497256085 -0.284847792067649 -0.348382793763535 0.893023607954291 0 0 0 0 0 0
-37.7440991628241 205.879938317368 -290.640818970355 0.0911225619201024 0.835340688413177 0.542127856681906 -0.550515010635016 -0.41138948924239 0.726424057425423 0 0 0 0 0 0
-38.3463475265817 205.514569358852 -290.838767387003 0.0234611542834549 0.222823062464864 -0.974576552700437 -0.808016471027646 0.57826833811575 0.112761304004864 0 0 0 0 0 0
-38.6389257149319 205.114864274264 -289.567824374368 0.0602245921267578 -0.763411408974293 0.643098763139108 0.996053059293234 0.00387740963938804 -0.0886750741024721 0 0 0 0 0 0
-38.1344445139476 205.109488832532 -289.501673526427 -0.286631564416068 -0.950929499015754 0.116513665215908 0.939811449423829 -0.302702116305149 -0.158511413835933 0 0 0 0 0 0
-37.6301781903602 204.999283872876 -289.328470683082 -0.350103682761159 -0.768245692025978 -0.535934667660713 0.90770449951599 -0.136967836200523 -0.396626213713835 0 0 0 0 0 0
-37.0940300149031 204.797961170791 -289.355234816441 -0.525714549738046 -0.0601782667395834 -0.848529780506226 0.850595296356462 -0.0495893793508504 -0.523477349339835 0 0 0 0 0 0
-36.5088249421178 204.27399317564 -289.53477614775 -0.0842351428722171 0.260500066816803 -0.961792158365693 0.923636905973727 -0.341769077621971 -0.173461129665144 0 0 0 0 0 0
-36.252750144572 203.889261814595 -289.761956551465 0.202197831153104 0.820153543689882 -0.535223506443719 0.893819117765697 -0.377900468313216 -0.241409653421737 0 0 0 0 0 0
-35.928695782379 203.738320365175 -290.110371934601 0.379650162385546 0.816021332130011 0.435861147281322 0.89833703837167 -0.212611333102089 -0.384430730465411 0 0 0 0 0 0
-35.6051297007542 203.976720854849 -290.419605274368 0.541285637288526 0.0534041312603262 0.839141142853504 0.822175920507663 -0.242712060111556 -0.514895728875063 0 0 0 0 0 0
-34.8661081740536 204.555751937417 -290.58419655329 0.738868888510523 0.524235042573675 0.423379718136097 -0.569702511140569 0.821529018774827 -0.0230026109604862 0 0 0 0 0 0
-35.2023828689732 205.089761700695 -290.73696251764 0.978904160976902 0.137368872405844 0.151249583523574 -0.105651407338788 0.973926987699277 -0.200758568331082 0 0 0 0 0 0
-35.5038973135003 205.032959228038 -291.466342105714 -0.604748422027972 0.770124709263545 -0.202946491067026 -0.470812712072182 -0.55123232135073 -0.688823865766512 0 0 0 0 0 0
192.120507555291 57.9407569870278 30.5185839567778 -0.785083904311895 0.441674857500905 -0.43424253988059 0.173400833743266 -0.51632118919059 -0.838656413825087 0 0 0 0 0 0
191.922378538584 57.5449083230303 30.2923695495405 -0.0589961538954021 0.810178730858634 -0.583206548222706 -0.0885689510837229 -0.586168290295137 -0.805333642881263 0 0 0 0 0 0
191.359697103293 56.5375769646113 30.5074537422395 -0.483926230066832 -0.28549083927835 0.82723055102036 0.0975776102630321 -0.956997471988794 -0.273193061007073 0 0 0 0 0 0
191.613792599169 56.1987226838606 30.6887983927452 -0.949948221470664 -0.294709970286583 -0.103655245590392 0.312403742270711 -0.894521503934149 -0.31974236631176 0 0 0 0 0 0
191.581812749021 55.8656025096829 30.9082496386329 -0.127368164590358 -0.0201420100693361 -0.991650971904556 0.277476045783473 -0.960597176014101 -0.0161279090431008 0 0 0 0 0 0
191.430271282874 55.4162859163272 30.7563063819994 0.766637990641627 0.215924063808638 -0.604684206816527 0.240846733123507 -0.969700460197106 -0.0409129397288288 0 0 0 0 0 0
191.477139534203 55.0249092838677 30.470747509768 0.963260658894973 0.200035678735694 0.179205553089106 0.17221302131595 -0.972078284195956 0.159394117469492 0 0 0 0 0 0
191.643003612633 54.4929639804754 30.3297639787159 0.412241335586695 0.504002326274276 0.758972157818596 0.424075477752783 -0.843454637378451 0.32976395171931 0 0 0 0 0 0
191.979053303065 54.1733010263078 30.5695068034987 -0.400596012799688 0.494192019759053 0.771554976742072 0.303939487739359 -0.722721604732078 0.620720766404852 0 0 0 0 0 0
192.585810977944 54.2184579962489 30.5034276830329 -0.589349387113138 -0.0919868822549834 0.802624266641856 0.807470162291686 -0.0354959387474621 0.588839515777495 0 0 0 0 0 0
193.222998705976 53.2946782977492 30.2150598404144 0.832323405460316 -0.541149242423011 -0.119980190648056 0.0305767193920488 -0.171302182696716 0.984743939526698 0 0 0 0 0 0
192.55598961459 52.662264085962 30.2415159840586 -0.703252629316534 -0.248329607440198 -0.666159249300029 -0.46765056064224 0.86734000715005 0.17036509363115 0 0 0 0 0 0
193.193181267738 52.4958768319341 31.0730039131085 0.816344702169038 0.56790773277936 0.105176681303182 -0.155317864984423 0.0404639686380722 0.987035474569551 0 0 0 0 0 0
193.412238761084 52.4256053423938 31.4800885888681 -0.0466832810395713 0.975009785510419 0.217201725201041 -0.103526554450809 -0.220990339365843 0.969765704915632 0 0 0 0 0 0
194.145802295264 51.3438357182323 31.7690520893904 0.367732909346769 -0.926918662208241 0.0747950602208819 0.929002131951354 0.362580335477781 -0.0740981724110582 0 0 0 0 0 0
194.562509886407 51.4488147551595 32.0742835528287 0.208252802498337 -0.625036480470276 -0.752303242271971 0.873368427426225 0.465087221364347 -0.144642547331806 0 0 0 0 0 0
194.941058486982 52.201004628338 32.5896743293592 -0.277897684045186 0.181681506524085 0.943273400128224 0.667844057465975 0.742356446861862 0.0537700726242361 0 0 0 0 0 0
195.051646724517 52.6921684348075 32.6659913407235 0.068371308123625 -0.354739107138777 0.932462079707185 0.708046485470177 0.675710904128152 0.205146163638628 0 0 0 0 0 0
195.312748454368 52.3708301294064 31.7513331442499 -0.493469832236102 -0.862709469262744 -0.110543639877053 0.797037534639411 -0.499417478879788 0.339578194478511 0 0 0 0 0 0
196.258104740211 52.6852535955434 31.2366669025136 0.502682869589494 0.830252830859485 -0.240811481186186 0.667660186940804 -0.549820752099221 -0.501923316190051 0 0 0 0 0 0
-5.43346006665521 -77.0285986268031 -426.29033784147 0.723517921743229 -0.669877675653644 0.166690481363601 0.500060889929221 0.675075660910455 0.542413088346426 0 0 0 0 0 0
-5.97641646998117 -76.3997910060886 -427.057368262934 -0.984717798668735 -0.0412925969432153 -0.169191543590942 0.128180300229906 0.485837162252588 -0.864599365259612 0 0 0 0 0 0
-5.94323880022327 -76.5011116494376 -427.53832883463 -0.70698851908738 0.673272129563139 0.216499130326544 0.100784763029143 0.398914568511276 -0.911432717522595 0 0 0 0 0 0
-5.9134290177539 -77.5524337746293 -427.98935406799 -0.84725897065128 -0.514553619166313 0.131859052225406 0.515993883235071 -0.856207664289281 -0.0256660880596674 0 0 0 0 0 0
-5.82329434229865 -77.9687317233464 -427.766956275041 -0.646870896364776 -0.353298493976582 -0.675824102551922 0.549873362906388 -0.830126585663877 -0.092353324466708 0 0 0 0 0 0
-6.48157625736626 -78.34461571965 -427.438436600053 -0.910505300724045 -0.152044648674389 -0.384528961409799 0.396428187635021 -0.585407255226216 -0.707207916794574 0 0 0 0 0 0
-6.49511171436244 -78.7120775359291 -427.721444707042 -0.421967345400584 0.671934777631584 -0.608643749680203 0.389633157389623 -0.471772164141458 -0.790959561421365 0 0 0 0 0 0
-7.20686539841549 -78.7693476059586 -427.194638966078 -0.621136863464598 0.357071038582912 0.697631184975759 0.386680187399994 -0.634640318254236 0.669111425039557 0 0 0 0 0 0
-6.99235176172724 -78.8352147393203 -426.725781700067 -0.952412063067956 -0.00469080131887557 0.304777391723249 0.233754786066407 -0.652956735374693 0.720420850419997 0 0 0 0 0 0
-6.92114203258286 -78.9634301915459 -426.238730248743 -0.802786463968519 -0.535459446688553 -0.262330086381471 0.11593275044248 -0.571727254667645 0.812211514105187 0 0 0 0 0 0
-7.17078781986477 -79.0840372433635 -425.789459464631 -0.127206611618994 -0.761756671492005 -0.635252116405633 0.0769603241751599 -0.646104390590777 0.759359088285756 0 0 0 0 0 0
-7.25489863316305 -79.5397978110676 -425.494004557426 0.253247195993218 -0.471339344159904 -0.84481067723395 -0.0352814700522782 -0.87719717439514 0.478832261970862 0 0 0 0 0 0
-8.09806409251871 -79.6563266482351 -425.679565453491 -0.995216913503982 0.0699109570177315 -0.0682330796936018 -0.0953330882556995 -0.847531809905603 0.52211247206111 0 0 0 0 0 0
-8.25329452525565 -79.9510401717438 -425.251345856361 -0.718167852866875 -0.11394796881495 -0.686477090303478 -0.375018643224747 -0.767609812070793 0.519746278145897 0 0 0 0 0 0
-8.19953040541132 -80.9009288086828 -424.686500886536 -0.540226988119341 -0.797552735380372 -0.268448199090239 0.727447615273251 -0.60296962480391 0.327486791484928 0 0 0 0 0 0
-7.33469290607643 -80.5214430447298 -424.701361240676 -0.0852378919654076 0.687882130520814 -0.720800025168867 0.97415683634931 0.209411062226287 0.0846490709409242 0 0 0 0 0 0
-6.86813138294184 -80.4984516932669 -424.961780251719 -0.250102240902332 0.932642109231676 0.26005300456546 0.960712132084471 0.205662071124763 0.1863741177481 0 0 0 0 0 0
-7.33238317831764 -81.4865692259379 -424.891528313729 0.0947725633490828 -0.219405955023442 0.971019664134818 -0.960479984605651 -0.27658959712732 0.0312473028095997 0 0 0 0 0 0
-6.47314929435326 -81.6171825969713 -424.993726578189 0.508160442902224 -0.0794343600312927 0.857591480085848 -0.616450425805814 -0.728923482800259 0.297757331977185 0 0 0 0 0 0
-6.51544384824193 -82.1399040745447 -424.899842868938 0.072616671321664 0.34423777740499 0.936070067705102 -0.548330774192709 -0.770197085516502 0.32577570740482 0 0 0 0 0 0
-175.367286266175 183.527897581635 -11.4427071792231 0.668071060747813 0.624357902510398 0.404794104902861 -0.679843978906223 0.29101939216992 0.673141796151454 0 0 0 0 0 0
-176.122490601157 182.77505346175 -11.1160203012832 -0.691216950054224 -0.610973055041509 -0.385915863849857 -0.513424011575814 0.0393938489027551 0.857230371024047 0 0 0 0 0 0
-175.964420827551 183.454661868066 -10.3651179471121 -0.937488956982284 -0.0623322641814743 0.342387418545543 0.329787412188927 0.155105984283154 0.931226286356482 0 0 0 0 0 0
-175.418253638518 183.260247780783 -9.89733432005316 0.999768469618121 -0.0181477338052578 0.0115614408779298 -0.0149438619446843 -0.199007225788797 0.97988407736529 0 0 0 0 0 0
-175.361494162615 182.915950994901 -9.5988026108423 0.453347898123878 0.846872716012973 0.277996917499947 -0.0246239587097688 -0.29987023359763 0.953662153836233 0 0 0 0 0 0
-175.489846372435 181.896952522302 -10.0998289835213 -0.089338861280176 0.370036848626519 -0.924711467715047 -0.938212091937554 -0.342911881275194 -0.0465780229557435 0 0 0 0 0 0
-176.030725168368 182.013464179477 -10.0775694461453 0.208169903090564 0.0250832072895762 -0.977770997810496 -0.933532259420548 -0.293204601861732 -0.206273076450295 0 0 0 0 0 0
-176.433630136407 182.109302319809 -10.2524626800312 0.300623228469938 -0.723086985810739 -0.62190906526232 -0.938022821684565 -0.342066322322183 -0.0557119119390363 0 0 0 0 0 0
-177.12756121499 182.351019119532 -9.54546064744531 -0.623711059067622 -0.781514430812103 -0.0148225918509751 -0.547464782850146 0.423228527660439 0.721914070311155 0 0 0 0 0 0
-176.003786857384 182.651073632533 -9.0236582529682 0.342733164646114 -0.290624799193531 0.893348310540396 0.919395309333788 0.299124832672844 -0.255414564293957 0 0 0 0 0 0
-175.60832049498 183.04400239109 -8.94690950178996 0.374816207947349 -0.80074115715915 0.467254116612573 0.925133574054003 0.29024331072135 -0.244717573417964 0 0 0 0 0 0
-175.251481399568 183.220287045263 -8.64689423240941 0.253428562195492 -0.813976077489767 -0.522701548819112 0.880388113992812 0.417987817468419 -0.224060155289081 0 0 0 0 0 0
-174.735983590796 183.078316361129 -8.5779603231768 -0.266928412374519 0.0103217707508955 -0.96366108342912 0.818327838985905 0.530568931524292 -0.220989042356924 0 0 0 0 0 0
-174.389506918103 184.041144020787 -8.37653389172763 -0.483838037738889 0.874839381069985 -0.0235968338144431 -0.594402579283491 -0.308711193428041 0.742551663383342 0 0 0 0 0 0
-173.896699172908 183.459031308798 -9.3858678453642 0.227342500877555 0.0283649182364448 -0.973401673877839 0.692953607815963 0.697588197223002 0.182170262419539 0 0 0 0 0 0
-173.4128045963 183.468506802177 -8.87236326493155 -0.0164666577401288 -0.305070032499509 -0.952187546890642 0.41724417376957 0.863338745391021 -0.283819502786554 0 0 0 0 0 0
-173.007778605173 183.728331818174 -8.99503212756257 -0.559963089635534 0.172865082565499 -0.810283284706929 0.544140837045979 0.814231111066368 -0.202332516493346 0 0 0 0 0 0
-172.913949728096 183.584484124685 -9.74827553769337 -0.526042147613368 0.197664937639381 -0.827168804635629 0.85045564438219 0.124783276822428 -0.511032612231285 0 0 0 0 0 0
-172.841991803373 182.768683221204 -9.37133289940394 -0.849496942389182 0.243723457999562 -0.46792501631369 0.351311483200155 0.922994530489169 -0.157039289538596 0 0 0 0 0 0
-173.119451114333 182.623306637686 -8.57615427889991 -0.775107458111359 -0.623663490728488 -0.101253536790102 -0.322412820681401 0.252593705007456 0.912275393316552 0 0 0 0 0 0
169.596842500228 160.747391756554 126.194796674149 0.669454123569983 0.729827137568796 0.13850460535045 0.349361874841858 -0.144778352414928 -0.925735118205527 0 0 0 0 0 0
168.905034835876 161.157169313741 126.83848684108 -0.456390189905534 0.468522715450015 0.756435363838402 0.855892509007914 -0.00121949556551286 0.517152323648172 0 0 0 0 0 0
168.576056254372 161.63985193517 126.695183000172 0.217041194280435 0.913338763671743 0.344536533273171 0.948335737028641 -0.113611937659015 -0.296229062544018 0 0 0 0 0 0
168.522738537363 160.760614225872 125.994643142002 0.454953531263079 0.410777175175985 -0.790113534085888 -0.0357449755388821 0.894963123438208 0.444705862800854 0 0 0 0 0 0
168.340565196269 159.955117381493 126.575964378698 0.893479832951198 -0.23171047385355 -0.384712937676995 0.412583222822375 0.761860696860952 0.499342931084489 0 0 0 0 0 0
166.796354187853 160.022189562061 126.687484448398 -0.953441716364057 -0.1795786091891 -0.242281688574414 -0.260556881654616 0.895040012520325 0.361957853085188 0 0 0 0 0 0
166.997635691396 159.578760494779 127.095093215369 -0.31901735054442 -0.34527743936509 -0.882616235924258 0.674007083708393 -0.737362867639412 0.044838070180265 0 0 0 0 0 0
167.721094284268 160.56754922831 127.423750485465 0.781057054783264 0.548159240510981 -0.299117575905728 -0.61319117629597 0.763837221912624 -0.201368517235367 0 0 0 0 0 0
167.920441344996 160.392285171072 127.854051874852 0.347125380597364 -0.144623080497524 -0.926600310129746 0.474492336130774 0.879326955432705 0.0405108430251702 0 0 0 0 0 0
168.545187617472 160.335932454602 127.877328552021 -0.00748766478867615 -0.479819865645373 -0.877335073622427 -0.998413898457838 0.0525451353339215 -0.0202162340449934 0 0 0 0 0 0
168.71493232037 161.319916906255 127.985046617305 -0.749508927942589 0.593315431270942 0.293620785964018 -0.608243897522734 -0.792278287954301 0.0483164109030806 0 0 0 0 0 0
169.433052054242 161.164907988156 128.269370043006 0.259067362971476 -0.934341574717206 -0.244724177796099 0.964039039879699 0.234593127954086 0.124879117167551 0 0 0 0 0 0
168.937398309007 160.712505679712 128.842264508711 -0.92266358405748 -0.385044808803748 0.0207943710530299 -0.244525910939383 0.542544025297044 -0.803649836367647 0 0 0 0 0 0
169.204369317813 160.399021204344 129.498715703568 0.85891529242705 -0.382222816783763 0.340837554804105 0.117434936524547 0.794813004263825 0.595383342004619 0 0 0 0 0 0
169.347937927369 160.646852665658 129.915014744208 0.943306382677417 -0.176713895416723 -0.280972004951905 0.325220927622208 0.661320792396904 0.675933545387475 0 0 0 0 0 0
169.334555405066 161.287542860981 129.862642882562 -0.332928705396396 0.172678681131097 -0.927006229863589 -0.0964879165510041 0.971690714619043 0.215655366459499 0 0 0 0 0 0
169.472238490195 161.749437834874 129.66778889488 -0.964769352939448 -0.157709078353919 -0.210589511214484 -0.179981200249736 0.979447848888473 0.0910421817862834 0 0 0 0 0 0
169.373057649077 162.16544107237 129.371635855411 -0.887082303566719 -0.116006973931056 0.446796786803713 -0.0890958503599464 0.992735248846081 0.0808619511707964 0 0 0 0 0 0
169.606377006471 162.860077842733 128.656355301731 0.260615791596356 -0.000762370104317462 -0.96544229654725 0.422624051936224 -0.899005581589717 0.114794925826635 0 0 0 0 0 0
169.869315286754 162.884248478947 128.61198588904 0.0894250999442922 -0.977607893107789 -0.190488736762318 -0.25128851728943 0.16292233507234 -0.954101878110014 0 0 0 0 0 0
129.333043397175 -22.4529409079594 233.011772447252 -0.528730380612369 -0.697017061115987 -0.48436701077874 -0.145641843411248 -0.487691279106685 0.860782010575883 0 0 0 0 0 0
128.940174947051 -21.7712989565812 233.441088234381 0.152952133441291 0.446667793522197 0.881529084662423 -0.971601755994585 0.230934886957935 0.0515665175667865 0 0 0 0 0 0
128.607847488873 -21.8976219945103 233.700727051118 0.103444823846915 0.991148201752973 -0.0832130433353349 -0.994270534467402 0.105309615478481 0.0183300075745175 0 0 0 0 0 0
128.594247705641 -23.329493884557 233.702584696381 -0.229337385932541 -0.97330627067139 0.00890319523429977 0.852500365497878 -0.205269709294014 -0.480736386465945 0 0 0 0 0 0
128.448560649513 -23.0531938477129 233.216062865152 -0.345189815197039 -0.651989552639275 0.675095263450627 -0.609745509691482 -0.391031649925449 -0.689423427341758 0 0 0 0 0 0
127.797402457046 -22.8725868394752 232.354523063021 -0.205741877135455 0.401650102212461 -0.892383031766909 0.687099256007186 0.708609218525753 0.160522857608171 0 0 0 0 0 0
128.334770720798 -23.442817372713 232.02190880238 -0.114192811961743 0.1313725037961 -0.984734109769035 -0.978112778227648 0.158681172857723 0.134594496352152 0 0 0 0 0 0
128.677551830289 -23.6316502106646 231.944823305868 -0.312631788001137 -0.929335648697852 0.196460217831893 0.100409778192683 -0.238002005352107 -0.966060516681886 0 0 0 0 0 0
128.924166447561 -23.8940923003352 231.651909386703 -0.938655440968517 -0.341937139539327 -0.0447767321704258 0.200246133914094 -0.434721003328518 -0.878020008381076 0 0 0 0 0 0
128.880176481861 -24.3530423456433 231.398371687519 -0.839926950282738 0.479006161779689 -0.255099618121686 0.194314503065824 -0.173451292190806 -0.965482533832499 0 0 0 0 0 0
129.248898982287 -25.6016973195586 231.400879491154 -0.208889113747856 -0.976761169209541 -0.0479891287902405 -0.813775702108477 0.200828111374539 -0.545378012336023 0 0 0 0 0 0
129.030322318774 -25.6012911274262 231.021053935453 -0.493916912514773 -0.569059296318923 0.657432582707068 -0.86672473612618 0.382674273442294 -0.319919727794983 0 0 0 0 0 0
128.581364418978 -25.7670702958592 230.857071512375 -0.219841791826443 0.353887621242418 0.909083680470573 -0.871062983350277 0.348360899501383 -0.346257076080044 0 0 0 0 0 0
128.105861611373 -25.9030608733849 230.936847795028 0.0768163047631241 0.914254200271367 0.397792046939985 -0.965567873521434 0.167672748891139 -0.198908347996217 0 0 0 0 0 0
127.66794685422 -25.7560712802414 231.154647882109 0.294720759382794 0.686624841407848 -0.664594614144951 -0.949364417836518 0.131172855744587 -0.285483596834806 0 0 0 0 0 0
126.773979229969 -26.6345511189273 231.678701437648 -0.366321313306494 -0.78498651292726 -0.499604713688439 0.103796067125142 0.49910298335078 -0.860303776848448 0 0 0 0 0 0
126.965822420748 -26.711890580939 231.278115444 -0.957294967374902 0.0573816298940081 -0.283361419373551 0.269684835561376 0.530454083162428 -0.803671920079669 0 0 0 0 0 0
126.890271229358 -26.382814400321 230.729854144819 -0.997808043048707 0.0320456262474574 0.0578980748014756 -0.0309986166234989 0.54664941151398 -0.836787611439635 0 0 0 0 0 0
126.705925384861 -26.3166699092211 230.171208187539 -0.649278802557074 0.464266329749169 0.602406682907226 -0.536859676238452 0.281272065372607 -0.795404119470205 0 0 0 0 0 0
126.386286780071 -26.0389098828629 229.867749618442 -0.423387509951721 0.387968713133497 0.818671664372488 -0.690963893549505 0.446162019095636 -0.568777944832088 0 0 0 0 0 0
54.031664718226 -79.1074523301122 -401.396370464924 -0.554329240750905 0.666026216776577 -0.499127410001501 0.831812762848894 0.463794343964553 -0.304930047827661 0 0 0 0 0 0
54.398588631866 -78.4314733084134 -400.865513279526 -0.389914795165403 0.629802481604746 0.671800034739226 0.615656841081276 -0.364228376398398 0.698787767391511 0 0 0 0 0 0
54.7467040491915 -78.3748538187137 -400.546528439896 -0.760128504078434 -0.0505802698573059 0.647801121941483 0.629642373158757 -0.303573022253572 0.715118103590478 0 0 0 0 0 0
54.9958515104828 -78.3865648106316 -399.993510420269 -0.32491156884024 -0.938693729362774 0.115267319257373 0.739400582197944 -0.176135243906087 0.649817785921164 0 0 0 0 0 0
55.0967963117747 -78.4908540023908 -399.481238399414 0.139058139320566 -0.76842390909593 -0.624649925813196 0.788969958102313 -0.295249624407822 0.538845121068267 0 0 0 0 0 0
55.0027259575374 -78.4801384702419 -398.200593137468 -0.432652243776825 -0.296152500150264 0.85153140435901 -0.700366891628459 -0.484351660621765 -0.524299233228153 0 0 0 0 0 0
55.370704508231 -79.0115931381739 -397.802739919194 -0.139243827838174 -0.986915196559256 0.0812991464246682 -0.94202829345785 0.157324341042703 0.296364211807651 0 0 0 0 0 0
55.5480667636752 -78.2085145386329 -397.316685818112 -0.350514143498745 -0.628508830378316 0.694346084704034 -0.039147965029365 -0.730900894574071 -0.681359904268576 0 0 0 0 0 0
54.8012735167862 -77.5843643755856 -397.196647381014 -0.734517000944953 0.601192111829773 0.314726579742623 -0.0333489708696912 -0.49521457211984 0.86813038980449 0 0 0 0 0 0
54.9596917685146 -77.6646317261542 -396.72458752597 -0.965932600997018 0.238052964048184 -0.101513529339737 -0.20021463804098 -0.438857581058066 0.875966964138479 0 0 0 0 0 0
55.7604249468414 -78.0301408658842 -396.165042481907 -0.577859791676501 0.165280533287115 0.799224878541652 0.808033191327852 -0.0217868855478487 0.588733975009641 0 0 0 0 0 0
55.9779298839697 -77.6792537601136 -395.91048157397 -0.209679147105984 -0.786346743973289 0.581113976351897 0.875167910252159 0.114097058910991 0.470173361657943 0 0 0 0 0 0
56.2414396278763 -77.5305535255484 -395.483797068336 0.00335534630834241 -0.997297754230554 -0.0733889028249186 0.969908420967867 -0.0146208815078995 0.24303062514743 0 0 0 0 0 0
56.5976585673904 -77.6871933809259 -395.17738405785 0.225447087222937 -0.464368870024026 -0.856466673849778 0.937727614358728 -0.135033516356678 0.320051356393687 0 0 0 0 0 0
57.2241970556025 -77.4550319286255 -394.768609800699 0.363399497073715 0.00211131407474857 -0.931631014876302 0.419846581533865 -0.893066324742845 0.161744822435328 0 0 0 0 0 0
57.2263944343526 -78.0083885192898 -394.829508809019 0.885984653833675 0.295796064401062 -0.357121661980992 0.351658671460295 -0.930594074919199 0.101640771898192 0 0 0 0 0 0
57.3966863842474 -78.3653688867381 -395.172458013287 0.855362421672823 0.247112307318658 0.45529181319419 0.170954269145291 -0.964306077728344 0.20220886804781 0 0 0 0 0 0
56.7864794067857 -79.4206037471103 -395.283259808291 -0.751024635542773 -0.413011863175713 -0.515153567088467 0.619188157126636 -0.16962056112611 -0.76670391372249 0 0 0 0 0 0
57.0757311297448 -79.8309118232431 -395.51987266275 -0.732328204749469 0.124606215758534 -0.669454024950749 0.651052382533199 -0.159995873436647 -0.741978514298823 0 0 0 0 0 0
57.2437099405845 -80.1216858704175 -395.951185140275 -0.406084912094251 0.792955084668782 -0.454221617569364 0.492848614429829 -0.228527255300851 -0.839568661182192 0 0 0 0 0 0
143.175966094799 43.0093330755047 -140.593634179486 0.0733432456586356 -0.259677998875547 0.962906072894054 0.194644734871078 -0.943211922686844 -0.269192674655824 0 0 0 0 0 0
143.571378333983 42.778546564639 -140.681497305252 -0.655343502129926 -0.583764810238434 0.479315700288828 0.495201611554089 -0.811227917595819 -0.310941521234114 0 0 0 0 0 0
144.507324376427 42.6716430356244 -140.834241436422 -0.0274744864027057 -0.903265602866701 0.428201358328955 0.865836451879815 -0.235582581176361 -0.441393346169214 0 0 0 0 0 0
144.971361755528 42.4355371518919 -140.873806954769 -0.650599002814729 -0.722630107155834 -0.233509455415469 0.625572750043927 -0.335637316412519 -0.704277165776288 0 0 0 0 0 0
145.281042160267 42.1785371518784 -141.243213650852 -0.89154729058284 -0.417567130381245 -0.175445490906918 0.383530922432712 -0.489955066209402 -0.782846130879915 0 0 0 0 0 0
146.023983418714 43.033325531285 -141.738027335722 -0.467604198294681 0.306678546956584 -0.829032316965863 -0.385372943717461 0.773329670807796 0.503437100836683 0 0 0 0 0 0
145.99384262037 43.4905536861932 -141.824457247825 -0.980104965360981 0.120294990031926 0.157871378811896 0.158718861926923 0.95261299680318 0.259493354809495 0 0 0 0 0 0
146.143445905763 43.7853927509205 -140.969270892642 0.209884607149417 -0.108085170140638 0.971733527093413 0.941066227505571 -0.247269412777059 -0.230764366732217 0 0 0 0 0 0
146.696380601013 43.920909281007 -140.909926840991 -0.0494846516569506 -0.811357175623348 0.582452403905156 0.952886831850571 -0.213086012570155 -0.215872733184935 0 0 0 0 0 0
147.265809967602 43.7682784726407 -140.740704254598 -0.508411008538942 -0.844887703121496 0.166382136993426 0.846474185010614 -0.525827022265806 -0.0835906499896524 0 0 0 0 0 0
147.857476275357 43.4768962353994 -140.823402252161 -0.11013300912925 -0.272931243705676 -0.955708771807296 0.693934761004201 0.667284132351273 -0.270529913655128 0 0 0 0 0 0
148.623079144673 44.3346741311423 -140.356881571455 0.718052148139192 0.635714340497833 -0.28331676589658 0.656853891918502 -0.753565706260884 -0.0261092132982101 0 0 0 0 0 0
148.955017232076 44.1265082284831 -140.618073990546 0.590298233701179 0.608995783801146 0.529784985255052 0.694142980262191 -0.717965028348481 0.0518819913003372 0 0 0 0 0 0
149.420024128936 44.0288530943954 -140.76958117694 0.0458672285382938 -0.0364175847925287 0.998283505254943 0.548498800937813 -0.83429827855723 -0.0556367483433769 0 0 0 0 0 0
149.776328659893 43.6723917913964 -140.661429913626 -0.474949403011766 -0.0722850814052748 0.877039298768875 0.473904067237022 -0.860774870542998 0.185692103488254 0 0 0 0 0 0
150.099805345511 43.4283182638762 -140.360481249707 -0.856652469317063 -0.216256734062038 0.468379730331917 0.401876804456265 -0.849019303881315 0.34301786495299 0 0 0 0 0 0
150.843399271409 43.3850854598358 -140.357258919434 -0.0108438401430256 0.965440460113609 0.26039802055042 -0.453867569823049 -0.236794881748353 0.859029925579257 0 0 0 0 0 0
151.480744208254 43.4427152434854 -139.670403970718 0.606702862189492 -0.19880997581613 0.76966631115508 -0.630008578729506 -0.71070219182282 0.313036076619721 0 0 0 0 0 0
152.015717213461 42.9292441497234 -139.724618006695 0.891133859126525 0.206380315476507 0.404088617139959 -0.450992662142806 0.500733421525138 0.738831279292555 0 0 0 0 0 0
150.96224496207 42.690210063459 -139.378523819236 -0.0214720173973843 0.538160998500943 0.842568508883019 -0.267752637693236 0.808881710387839 -0.523468149564382 0 0 0 0 0 0
229.438465973476 -46.9998948071093 283.095702424062 -0.100310985022392 -0.36291063414324 -0.926408969035592 -0.877471142197697 -0.40665513750078 0.254314753316617 0 0 0 0 0 0
229.618590114458 -47.6848015854762 284.038510842112 0.0292092712188437 -0.00688167370511533 0.999549629103968 -0.289198464200751 -0.957267353875785 0.00186051271976117 0 0 0 0 0 0
229.697920509046 -48.1859423551204 284.114579026757 -0.537501201589859 0.317558303721603 0.781184473749265 -0.486194055883642 -0.873608048374861 0.0205989766270254 0 0 0 0 0 0
229.579500373521 -48.5862332519507 284.384156148558 -0.839175596566485 0.539694158717549 -0.0671902758845529 -0.538979416644499 -0.841787775909172 -0.0299086737159243 0 0 0 0 0 0
229.225604312776 -48.8040637822593 284.678603355829 -0.551746970197886 0.284549545268297 -0.783968645524206 -0.418834278446352 -0.90740396974672 -0.0345815396738932 0 0 0 0 0 0
230.141652732392 -48.5434650238787 285.336344250859 0.827561469513319 -0.24740736491798 -0.503916272768898 0.549631317649942 0.174442455535548 0.816991581575427 0 0 0 0 0 0
229.611841309648 -47.8534587728666 285.553547873676 -0.571738462387332 -0.151992925623449 -0.806234011430549 -0.492719589521049 0.849350926753353 0.189289221366219 0 0 0 0 0 0
229.519735355008 -47.152371119594 285.55205737665 -0.371569327185468 -0.0457118141121891 -0.927279173251244 0.832423387885651 0.425867405923264 -0.354553600846424 0 0 0 0 0 0
229.425403719735 -46.5509784238811 285.928574087641 0.696247471822215 0.040346725819469 -0.716667007540338 -0.585546832175281 -0.545565699175124 -0.5995773304696 0 0 0 0 0 0
229.235240267534 -46.5142223521858 285.424399179897 0.728647811750409 -0.643643583404562 -0.234083967783947 -0.596198454877049 -0.42788041962063 -0.679312703331458 0 0 0 0 0 0
229.753095820102 -45.6220840606175 285.965302994029 0.324826154941267 0.709489187647754 0.625390327457183 -0.813417777648252 0.546942133786725 -0.198004599175381 0 0 0 0 0 0
229.257379559001 -45.4962365121197 286.186780291351 0.547275778843073 0.832057217616426 0.0903880993500753 -0.789867923315619 0.549179215172211 -0.272966762335463 0 0 0 0 0 0
228.98599100304 -45.0781587445764 286.158844228337 0.682576180848448 0.471899857934375 -0.558032509285852 -0.729263519128632 0.489535974459131 -0.478047329642654 0 0 0 0 0 0
227.853738646253 -45.1013196328687 286.468068038913 -0.79098099475251 -0.271947132539477 -0.548081949204575 0.273020673324563 0.64478067198717 -0.713945093805663 0 0 0 0 0 0
227.788684664627 -44.1020425339299 287.306267060663 0.0697488075404351 0.931651544029634 0.356595715557389 -0.996968194958818 0.0774601982843342 -0.00737129040996827 0 0 0 0 0 0
227.460498795921 -44.0450620355329 287.525888270611 -0.0754142089968488 0.77644773172409 -0.625652952507934 -0.946829238450957 -0.252565676605089 -0.199311244578411 0 0 0 0 0 0
227.617768709956 -44.939701730558 288.09709491156 -0.792441383085534 -0.423299131213081 -0.439152023663489 0.60302564929885 -0.435542251133422 -0.668328522334137 0 0 0 0 0 0
227.737288379352 -45.4376477549308 287.90147900065 -0.494948205201032 0.262788134132842 -0.828232256512179 0.765782796848138 -0.318505707514365 -0.5586866942502 0 0 0 0 0 0
227.038372418431 -45.8735366310725 288.598027089238 -0.45590728168642 0.419421240363123 0.785005970447078 -0.0783891428617132 -0.897496955568454 0.433998107169561 0 0 0 0 0 0
227.064469354887 -46.3286684799558 289.00761826384 0.0344699123068591 0.628007987678606 0.777443112103661 -0.329419674172268 -0.72729278146019 0.602102888470182 0 0 0 0 0 0
71.1005048237471 -26.0187979794923 -91.4007760991453 -0.304609416173165 0.0211624518012968 -0.952242224548146 0.385780091305058 -0.911337340364998 -0.14365922597979 0 0 0 0 0 0
70.9734143559145 -26.4736520367347 -91.5589861472454 0.503309862750473 0.249415669693823 -0.827327629037784 0.387323846530575 -0.920985642814933 -0.0420200385235848 0 0 0 0 0 0
71.4893623640631 -27.0378009734539 -90.6316550751736 0.938692040462947 -0.257514904023248 0.229223313337466 -0.339030130076134 -0.56882349171979 0.749331973272372 0 0 0 0 0 0
71.6925364015418 -26.1759795481158 -90.4516309678327 -0.221287910373376 0.975059778521342 -0.0170320002494403 0.867465174130622 0.188829709496682 -0.460268956678514 0 0 0 0 0 0
71.9794368479209 -25.8237093778222 -91.2560935136078 -0.362218329765327 0.430897111097691 -0.826514102256992 0.895226963377626 -0.0860917553779205 -0.437214928493553 0 0 0 0 0 0
72.2039557711768 -26.1097154019854 -91.5946869502347 0.130680462698378 0.973302495114337 -0.188692526807883 0.96006008358955 -0.171726963883223 -0.220894739125847 0 0 0 0 0 0
72.5349502007229 -26.0816430594962 -91.956203354936 0.414591262296291 0.707032102750455 0.572904608907834 0.90766158094858 -0.366465058243706 -0.204582050914446 0 0 0 0 0 0
73.2243462976171 -26.5554383523677 -91.9487186892457 0.539823774223635 -0.801646556971119 0.256813337814259 0.287297584793326 -0.111308169425378 -0.951351979653742 0 0 0 0 0 0
72.6911794772727 -25.8131919600762 -92.9824388226009 -0.41910178010485 0.463608169035527 -0.780654317554494 0.512462269746373 -0.5889730857067 -0.624894492214105 0 0 0 0 0 0
73.5159266730399 -26.5443417038433 -93.5144931529904 0.55284887904032 -0.173920406778262 -0.814929327641327 0.700725519765362 0.626269982333582 0.341715752018338 0 0 0 0 0 0
74.0598859899727 -26.4973924628406 -93.3981431908092 -0.0504622952497552 0.499728815977395 -0.864710741947825 0.751195544046845 0.589552166498455 0.296872864339504 0 0 0 0 0 0
74.5757061346879 -26.473992498459 -93.2777498174229 -0.44053019491006 0.792975563985887 -0.420859718069773 0.494656116214424 0.605622827040335 0.62332681480852 0 0 0 0 0 0
74.9743703020607 -26.1219913583826 -93.1989463265326 -0.922888871736912 0.318912261239523 0.215803382863346 0.337325382454625 0.399290418040003 0.852513195448188 0 0 0 0 0 0
75.1296385169902 -25.6675511172933 -93.0452394785876 -0.749070378607512 -0.410942782411358 0.519634099609341 0.228700996457635 0.575741949678034 0.784994943678124 0 0 0 0 0 0
75.1695738909384 -24.4688435078086 -93.6170901280024 -0.472667788619298 0.591649084275096 -0.653097636405295 0.792186904286757 0.60992421043668 -0.0207934172217524 0 0 0 0 0 0
75.5838246424559 -24.4475296327918 -93.8805378236619 -0.51969303400697 0.818304097101089 0.245555604847867 0.853113858479071 0.481568187043077 0.20072076549026 0 0 0 0 0 0
75.8642950653613 -24.1330969585217 -93.9895555371488 -0.400359731982546 0.346054823691752 0.848503473184721 0.840452653901329 0.507664934089452 0.1895142507733 0 0 0 0 0 0
75.8955834871563 -24.9146255948335 -95.0812578199253 -0.429191224543902 -0.864073082020027 -0.263006847254813 0.248919088331664 -0.393069836471092 0.885175344844581 0 0 0 0 0 0
75.7832222246636 -24.3872282048548 -95.6268807451117 0.707478736983272 0.669916136568458 -0.225135973761959 0.679542070081165 -0.732333352114606 -0.0437085388727332 0 0 0 0 0 0
76.1171363475144 -24.6526458352781 -95.8904617832001 0.529085365734909 0.518043692696363 0.672085863727749 0.693181666345068 -0.720696017000467 0.00981980258141904 0 0 0 0 0 0
10.2858499381809 -105.378340231822 -241.700321002866 -0.38828487861863 0.916205589061348 0.0990059170396617 0.292268272215469 0.224321629536203 -0.929655346662626 0 0 0 0 0 0
10.1862302957915 -105.367044217555 -242.131164931572 0.402988024116598 0.870233919131665 0.283361215432427 0.21366432425637 0.21160030406628 -0.953715297066754 0 0 0 0 0 0
9.51016079340462 -105.3240932142 -242.683765808994 -0.842534124715662 -0.0620010967591468 0.535062718464179 0.214085647017478 -0.950068364173422 0.227018587648559 0 0 0 0 0 0
10.5389534086737 -105.649447780552 -243.176272165932 0.0756436979002193 -0.99527822090487 -0.0608218214164724 0.067112276004128 0.0659399961791558 -0.995564091012446 0 0 0 0 0 0
10.7667362356647 -105.648021243291 -243.657755906364 -0.589120853274491 -0.806808675184417 0.0446808894752743 0.0575910221701769 -0.0970780493239608 -0.993609141717632 0 0 0 0 0 0
10.8005341043673 -105.700684187727 -244.208698507344 -0.537059593349545 -0.729954089630678 0.422769464628975 -0.203441058461948 -0.374305038325731 -0.904714028859869 0 0 0 0 0 0
10.63998846898 -106.293636282588 -244.462412253501 -0.736911957992793 -0.299557746057832 0.605991685540305 -0.294014429993181 -0.66518714714591 -0.686353825827227 0 0 0 0 0 0
10.599510482466 -106.766780162534 -244.617816883461 -0.967997300356281 0.242235304342588 -0.0655994194563233 -0.137212793158014 -0.729715453796632 -0.6698417767534 0 0 0 0 0 0
10.3866392621181 -107.239209829862 -244.603563339938 -0.365745079800639 0.548973721637593 -0.75157061514737 -0.0601256526600486 -0.819769340128873 -0.569528870977473 0 0 0 0 0 0
10.0311075974445 -107.582568400009 -245.006189216657 -0.560141915509205 0.747448007795961 -0.357158942393339 0.428976732340202 0.630554281132104 0.646823207419692 0 0 0 0 0 0
9.81098236916365 -108.377448740265 -245.14119033705 0.690358535009478 -0.517056414736722 -0.506021498672907 0.66853543786953 0.188591157374095 0.719370380035831 0 0 0 0 0 0
10.0674152341704 -108.615597979619 -244.781518881018 0.551134201074278 0.504750757596359 -0.664437931722835 0.670435335844665 0.20618839004907 0.712743157287269 0 0 0 0 0 0
10.3649853234007 -109.295613410889 -244.134739930587 -0.4001288257473 -0.593210164956574 0.698568982276111 -0.249628148457385 0.803973097733865 0.539734236099537 0 0 0 0 0 0
11.0250955000951 -109.710557648679 -245.199953735849 -0.088659431954838 -0.727863648123285 -0.679966186560853 -0.916649947357201 0.326727228707746 -0.230222049402304 0 0 0 0 0 0
11.05747597339 -109.82490471723 -244.320514391239 0.993106159143327 0.0411720031871181 0.109749819248819 0.0400920640486235 -0.999123573851232 0.0120295708595005 0 0 0 0 0 0
11.1988599222401 -110.243889773013 -244.637728163053 0.776032355290705 0.0389715809989938 0.629487886631983 0.0705601202591383 -0.99718788427354 -0.0252506017171474 0 0 0 0 0 0
11.3728269123641 -110.744414877223 -244.662556141772 0.640660699031467 0.12688668595039 0.757267216803315 0.236482525424195 -0.970916344472706 -0.0373827126457207 0 0 0 0 0 0
11.7741392603834 -111.192130342907 -244.705125406346 -0.0786962122831032 -0.0353067837237776 0.996273224168639 0.283853681999815 -0.958797958134808 -0.0115569326238545 0 0 0 0 0 0
12.1811111534049 -111.409468798499 -244.505799039903 -0.728900280138074 -0.436854907660317 0.527126333308945 0.515692833385863 -0.85676812930075 0.00304535859192332 0 0 0 0 0 0
12.4637690224455 -111.68486308143 -244.329392155791 -0.827063706478437 -0.25090417200633 -0.503003699684176 0.429318901124612 -0.85958107807025 -0.277138325319223 0 0 0 0 0 0
90.4922077870773 -46.5508085173591 33.3847063976269 -0.859863924874564 0.283977164199818 0.424253463052855 0.140531507269088 -0.667251693361663 0.731454764951786 0 0 0 0 0 0
90.3911133355504 -46.7602113418149 33.871663660279 -0.971459941972277 -0.176550567063764 -0.158415524531798 0.0104932496200796 -0.699178316554271 0.714870319269689 0 0 0 0 0 0
90.1972378159213 -46.9850160523701 34.327184373951 -0.819747372558261 -0.286719327426302 -0.495788536035311 -0.0205709665451049 -0.850366916255955 0.525787925948036 0 0 0 0 0 0
89.9252398942627 -47.2598036462968 34.5709265257727 -0.00796536353835275 -0.564501721825686 -0.825393457109721 -0.045770779445292 -0.824348702580842 0.564228900626557 0 0 0 0 0 0
89.5741677654876 -47.5856379780325 34.6980159589704 0.875044702146531 -0.405312847884042 -0.264609645677205 -0.100758589559229 -0.687215005695639 0.719432583760826 0 0 0 0 0 0
89.6450776520944 -48.0474122993869 34.9089838880051 0.924059201530324 0.37378416736568 0.07999992683675 0.142294703486163 -0.530614694621567 0.835583785871558 0 0 0 0 0 0
88.3741346119401 -48.6984214767343 35.338617043433 -0.688158488507954 -0.439746126032815 0.577114580766748 0.697558483025223 -0.619822512991596 0.359488824789218 0 0 0 0 0 0
88.7262916206867 -48.8703223699679 35.6906032158585 -0.723355415667343 -0.588062906260129 -0.361854889293507 0.532570712149702 -0.80872444187495 0.249666204509965 0 0 0 0 0 0
88.9233035296537 -49.3186929895993 35.9877336689644 -0.425450753195798 -0.429581692688153 -0.796524466612489 0.668286593154119 -0.742627501664859 0.0435594212710729 0 0 0 0 0 0
88.9706956066093 -49.7941517890916 35.9715912610992 0.16197751250051 0.0333950884045286 -0.986229209420711 0.715616628396383 -0.692126283071485 0.0940959587030346 0 0 0 0 0 0
89.1873255308702 -50.1606642531374 35.8491920337072 0.553316016881786 0.633795044317095 -0.540504604292292 0.828482612844671 -0.486015041194859 0.278219230008327 0 0 0 0 0 0
88.6888558542483 -50.7251771653559 35.6030193686956 -0.703236339055901 -0.427614269504196 0.567982999699504 0.253230874383096 -0.897160459218003 -0.361907770951268 0 0 0 0 0 0
88.1632153145379 -50.3908383841149 35.1113113273275 -0.770207234962765 0.342184703239533 0.538228988516862 0.621758453719986 0.590878101804703 0.514081213462818 0 0 0 0 0 0
88.3175939244749 -49.4474518705669 35.0333537495736 -0.152669218384569 0.985867367553937 0.0689756721613838 -0.988175860062683 -0.151281098326407 -0.0249499274254066 0 0 0 0 0 0
87.8739253217359 -49.3394717016707 35.2663194015691 0.0383814758373009 0.515060374886837 -0.856294150706392 -0.950723861933799 -0.245008627335162 -0.189986607109613 0 0 0 0 0 0
87.4745831280713 -49.1195813985145 35.1861798708774 0.124984916606439 -0.514766679624029 -0.848170994652454 -0.991871741159374 -0.0442707374473323 -0.119291872712856 0 0 0 0 0 0
87.0341673224053 -48.9695131591887 34.9279981076701 0.202463437534922 -0.919347911682148 -0.337354374133813 -0.978092748140526 -0.17281044967333 -0.116065173581978 0 0 0 0 0 0
87.5699862983502 -48.208344987238 34.4252842117736 0.230388283743498 0.965157103381685 0.124068547608169 -0.0256419782337154 -0.121432756662533 0.992268398449532 0 0 0 0 0 0
86.7631594977273 -48.9649114742077 33.9456227080558 0.102413073817203 -0.547200933161473 -0.830712164987684 -0.992153782484231 -0.116392607126915 -0.0456468280215829 0 0 0 0 0 0
86.3148138751201 -48.8810913058341 33.6972931491756 0.278233486477139 -0.956604441483147 0.0865682940659716 -0.945533880146975 -0.256924557427048 0.199888602189123 0 0 0 0 0 0
-8.97194513368513 82.4333966004292 -117.239406934094 0.845418666845789 -0.402174180215365 0.351458683939931 -0.266435061651621 0.252752603678207 0.930122830198563 0 0 0 0 0 0
-8.82538237175065 82.6683236352638 -116.86567145293 0.57301067600656 -0.785797058862254 0.232769730562066 0.788011194664455 0.606302465042925 0.106937729386644 0 0 0 0 0 0
-9.39932205148328 83.5510006448792 -116.95052743028 0.266629816346389 0.371437569093477 0.889349578793974 -0.89666544225001 0.433959563776557 0.0875795734258591 0 0 0 0 0 0
-9.76877902818394 83.8202461205487 -116.609825090586 0.59492051407535 0.742746269794107 0.307241860167623 -0.75712313502256 0.646171268928379 -0.0960585739280924 0 0 0 0 0 0
-10.2094218166743 84.0175918923596 -116.793698996451 -0.680295671640964 -0.412889090862075 0.605574436212147 0.206000660143354 0.685211113239213 0.698605366651288 0 0 0 0 0 0
-10.3865187976165 84.3196572587508 -116.454522107846 -0.0276853777946105 -0.819180230902045 0.572867584312154 0.19414729966157 0.557767823693545 0.806970805473337 0 0 0 0 0 0
-10.6022391891998 84.4915438262138 -116.026189063517 0.876379702614122 -0.448692130180026 0.17502568143131 0.21034972045684 0.683508986023586 0.698976724311145 0 0 0 0 0 0
-10.6398608598798 84.5649869610201 -115.470302209179 0.903538090550966 -0.393845425502532 -0.168833348999075 0.352062033029406 0.457690870272363 0.8164382353666 0 0 0 0 0 0
-11.4284418223035 84.4987992631962 -115.210664458704 0.304172320640047 -0.637365857559956 -0.707985849416012 -0.950720507295461 -0.249980078175862 -0.183413406061422 0 0 0 0 0 0
-11.7929718837634 84.4015759664552 -115.526345502385 0.396153679852376 -0.91797900167726 -0.019411708297917 -0.882006645327516 -0.374583671804129 -0.285921930631139 0 0 0 0 0 0
-12.113573143415 84.149365787918 -115.866852847199 0.292650618919613 -0.664768873992968 0.68734122487749 -0.832737178589045 -0.530492144258889 -0.158514593256152 0 0 0 0 0 0
-12.1734706013023 83.7524475357473 -116.082258672201 -0.375810312181475 0.0117439362143625 0.9266221933562 -0.889500265615832 -0.285023834262464 -0.357142396491496 0 0 0 0 0 0
-12.5468844566392 83.4501433555919 -116.233872621977 -0.324087599153497 0.748568699556017 0.578456679553392 -0.888268810728271 -0.0304055743198977 -0.458316507380718 0 0 0 0 0 0
-12.9822646551377 83.2779520028506 -116.076791710286 -0.16964786315982 0.945800360930653 -0.276913849037481 -0.795329015892814 -0.297321296228167 -0.528253540724689 0 0 0 0 0 0
-13.4221229450314 83.3309266661941 -116.070521384609 0.226601109893882 0.452035443068662 -0.86273744279739 -0.932695113364744 -0.154471282807476 -0.325911718557863 0 0 0 0 0 0
-13.8285410848448 83.5146959184513 -116.094410942713 0.434770917141068 -0.47659239483914 -0.764090268744347 -0.895325078810635 -0.319949894336786 -0.309879118958682 0 0 0 0 0 0
-14.2186424777979 83.6145998505582 -116.472020422395 0.312673914374538 -0.949023302404784 -0.0398722304670994 -0.881442465976529 -0.274253528903767 -0.384505111873752 0 0 0 0 0 0
-15.3286371028737 83.700006855038 -116.176335995795 -0.895841426453525 0.223756969904605 -0.38392832282709 0.112039778673212 -0.722331805644391 -0.682410324181407 0 0 0 0 0 0
-15.4994371089043 83.2893983834065 -116.371008885371 -0.0848487446747676 0.677571221472128 -0.730546323212899 0.0994933229916682 -0.723764498086423 -0.68283675207899 0 0 0 0 0 0
-15.8182397177904 83.0066314182852 -116.755394845197 0.690385757049973 0.532746629358596 -0.489436957502792 0.00584210249725544 -0.680623373117521 -0.732610192260891 0 0 0 0 0 0
