           0   0.000000
       10000  -0.071848
       20000  -0.783679
       30000  -1.535919
       40000  -0.074870
       50000  -1.602502
       60000  -1.155676
       70000  -1.978549
       80000  -0.272476
       90000  -3.216679
      100000  -6.486589
      110000  -6.366397
      120000  -7.217235
      130000  -6.413569
      140000  -4.299940
      150000  -7.556337
      160000  -6.848739
      170000  -6.687964
      180000  -3.981125
      190000  -2.856104
      200000  -7.097747
