           0   0.000000
       10000  -1.078192
       20000  -0.969579
       30000   0.000000
       40000   0.000000
       50000  -1.284344
       60000   0.000000
       70000  -1.662996
       80000  -2.249430
       90000  -1.185792
      100000  -0.780652
      110000  -3.538723
      120000  -1.104067
      130000  -1.723985
      140000   0.000000
      150000  -2.785367
      160000  -2.480667
      170000  -2.558364
      180000  -1.127375
      190000  -1.388818
      200000   0.000000
