t = 200000
b = 100 100 100
E = -0.558438771309743 -0.558438771309743 0
-75.4444958761746 151.183576211369 5.26428604693963 0.730063490077017 -0.683219075670989 -0.0147984828899847 -0.562658712247431 -0.58866511045055 -0.580421020699892 0 0 0 0 0 0
-75.5210106235493 151.053847950923 4.8435302556893 0.100699844310406 -0.827090746050587 0.552974175846706 -0.559662961353673 -0.506615652886074 -0.655833782249477 0 0 0 0 0 0
-75.4228800003621 152.534148327146 4.52637305665782 -0.403459183642525 0.913693742037977 0.0488306552807467 0.895803047746754 0.405306336320876 -0.182383314439056 0 0 0 0 0 0
-75.1159226005596 152.805383625168 4.20578416479609 0.00960203131214611 0.51798617907488 0.855335091810272 0.97968010601034 0.166497487754082 -0.111827887662907 0 0 0 0 0 0
-75.6364196498607 152.392119414671 3.68766565515115 0.0906930612523541 -0.752191024948621 0.652674061555551 0.284140597542015 -0.608588806187871 -0.740866915047021 0 0 0 0 0 0
-75.7658591711193 153.309541889562 2.68530632478453 0.293365721712036 0.919210226123756 -0.26265778784169 -0.626178021155044 -0.0228478091045689 -0.779345278706091 0 0 0 0 0 0
-75.0867092859895 153.01581767338 3.14651647065519 0.387271914730253 -0.895996696110882 0.217279508052527 0.732164346812121 0.442109864894466 0.518144995749431 0 0 0 0 0 0
-74.9409646801359 153.225358865918 2.06525476044362 -0.0550474799955874 -0.72241783039591 -0.689262107816904 -0.815542885317407 -0.365741332057852 0.448467479570935 0 0 0 0 0 0
-75.288283080493 153.317943518349 1.54635494355782 0.389708944227822 -0.325947872258948 -0.861327419370068 -0.869636659842037 -0.438046120608063 -0.227700847778422 0 0 0 0 0 0
-75.7530581480861 153.358013830993 1.29072187325276 0.406177248470169 -0.890559306719347 -0.204753910929095 -0.913791478295799 -0.39529024767816 -0.093438505363249 0 0 0 0 0 0
-75.9006122987921 153.480296235452 0.6224143691704 -0.498384299635241 -0.858765718545013 0.118888731715658 0.057445288251407 -0.169543515350422 -0.983847058876701 0 0 0 0 0 0
-75.6312027153387 153.245313289761 0.240366935077645 -0.89963935584519 -0.431938034706787 -0.0638636327504999 0.165529052680147 -0.202042205004159 -0.965287045451181 0 0 0 0 0 0
-75.6118114565005 152.902042820107 -0.039381112784497 -0.833589165325671 0.492491505903269 -0.250162387390233 0.243865338906145 -0.0782456781089862 -0.966647459179124 0 0 0 0 0 0
-75.6239538904552 152.737468066905 -0.641372361846692 -0.608797478279819 0.787505742755551 0.0959183797150494 0.187020844928465 0.259965755983219 -0.947333631451094 0 0 0 0 0 0
-76.1563338271175 151.772429903076 -1.06317626221519 -0.80324820526563 -0.424846327261457 -0.417490022575384 -0.19800187798502 -0.470598102168169 0.859844568832136 0 0 0 0 0 0
-76.6474737438078 152.400230137174 -0.291642901997577 -0.975420066061351 0.198236806565653 0.0962177907017261 0.0952635580758022 0.773107187690808 -0.627080641419865 0 0 0 0 0 0
-76.8181368369688 152.451449941445 -0.68643185139193 -0.190399785870514 0.803413401400481 0.564158513177434 0.461427041141025 0.580474640074569 -0.670920470647705 0 0 0 0 0 0
-76.539566491239 153.043628528724 -1.0239462415044 -0.283043850792429 0.841229405788075 0.460672622765925 0.948134119067008 0.317863623653639 0.00209976636946748 0 0 0 0 0 0
-76.8841713741116 152.920760883689 -1.52471977940549 -0.555471335979101 -0.479665961404014 0.679243815117926 -0.639534526780401 0.768509778550122 0.0197055659297169 0 0 0 0 0 0
-77.3758936404597 153.073932711903 -1.53997677085752 0.198875040493869 -0.0246955075080828 0.979713657237399 -0.761799361338728 0.62500201305013 0.170394297871708 0 0 0 0 0 0
93.5390335969716 174.820529437568 -118.029515105933 0.820614011991827 -0.569776412096875 0.0441303018422732 -0.178465085323606 -0.328858408647622 -0.927363122181485 0 0 0 0 0 0
93.5712223623904 174.706355745026 -118.537277700108 0.51718587111112 -0.784985505564129 0.341052093934727 -0.0421548654404895 -0.42136423944851 -0.905911223594052 0 0 0 0 0 0
93.6767207825322 174.508181940399 -119.008028787551 -0.116988789750852 -0.743985577153198 0.657874672001175 -0.300706709469794 -0.604792219494084 -0.737429214310952 0 0 0 0 0 0
94.0655985940695 175.477295468324 -119.237428010133 -0.571749346355255 0.477520148319047 -0.667141059215886 -0.702410786226942 0.135271579853983 0.698799461273302 0 0 0 0 0 0
93.9808097151202 175.854998399437 -118.981104787825 -0.706474666621496 -0.639611118719678 -0.302970563309718 -0.461363360200741 0.0915847352501614 0.882471578088178 0 0 0 0 0 0
93.6496427522432 175.993784182995 -118.764019014115 0.180845986536664 -0.944508398409881 0.274223657780986 -0.204750252136111 0.236556030859217 0.949799230634734 0 0 0 0 0 0
93.3081026534388 175.881812744763 -118.388824718167 0.778121746257036 -0.444356216443766 0.443930288344557 -0.265338426066191 0.408066008282481 0.873543160088337 0 0 0 0 0 0
93.2836098297456 176.000848149422 -117.857557866933 0.837088964253596 -0.486278529768268 0.250629721723609 -0.0897892214747398 0.329797147147259 0.939772173157138 0 0 0 0 0 0
93.2005251996528 175.890998057381 -117.398214294531 0.946227887193063 0.32322764650615 -0.0132918784318438 -0.0639386804391482 0.227137434382241 0.971761509345762 0 0 0 0 0 0
92.3458785537321 175.742305136461 -116.76646961648 -0.942210399992739 0.0549702062058224 -0.330481222727118 -0.290308703844399 0.358384161534488 0.887288932216224 0 0 0 0 0 0
92.7296257308744 176.459736321326 -115.809195796153 -0.446674431832152 0.76634194526224 0.461737993757402 -0.354887348255187 -0.625505872543174 0.694836220603391 0 0 0 0 0 0
92.8989234476619 176.402677674125 -115.338978108355 -0.97886783451798 0.195004988077973 -0.0615696123975958 -0.161648843541282 -0.553464290095624 0.817035452701236 0 0 0 0 0 0
93.7859373398726 176.202484632206 -115.480430671076 -0.0452342718033309 -0.231972810799245 0.971669941751992 -0.618155473534657 -0.757584893520724 -0.209640023965695 0 0 0 0 0 0
93.8006642387429 175.716101533158 -115.399602849959 -0.759161572514393 0.0967312476534713 0.643674430550785 -0.47350494831303 -0.760603325232101 -0.444157230684074 0 0 0 0 0 0
93.6829014938455 175.236184440674 -115.197913789599 -0.850722667615654 0.372345206833442 -0.370985161095517 -0.207923965594573 -0.886637387275806 -0.413088087477912 0 0 0 0 0 0
93.3455455671229 174.797658767704 -115.271773916967 -0.254120345683641 0.41130822719472 -0.875356151604342 -0.105374338885674 -0.911453663878708 -0.397678849458313 0 0 0 0 0 0
93.0740905666848 174.4906284619 -115.445480144656 0.607616397468956 0.192732332303778 -0.770491117152946 0.00395558962177408 -0.970832352503091 -0.239726712412404 0 0 0 0 0 0
92.4828368864856 173.804817529682 -114.917331242146 0.806133868235653 -0.586013005193308 0.082078890268639 0.571721121226058 0.735573165613577 -0.36341034323921 0 0 0 0 0 0
91.1183621991244 174.147894436847 -114.852686746957 -0.92008854008418 -0.0528201754720615 -0.388132847706636 0.0278738590200037 -0.997183514860728 0.0696281959649796 0 0 0 0 0 0
90.9374507484811 173.681342212132 -114.622121956253 -0.333648579502584 0.000255332546191078 -0.942697491351917 0.194611301305056 -0.978440385160023 -0.0691437205555133 0 0 0 0 0 0
101.758676586986 -60.9877544673659 -209.968128773073 -0.408587789553527 -0.616538377216647 -0.673005533147259 -0.602369041996945 0.736125802921128 -0.308658937206438 0 0 0 0 0 0
102.001782656655 -61.6776931183432 -209.064138938273 0.250065007943286 -0.670182988723245 0.698800582017719 -0.685332625127495 0.387309178847465 0.616693435116962 0 0 0 0 0 0
101.522432926824 -61.7081500301767 -208.885086290273 0.586192104111049 -0.048387663708528 0.808725819470784 -0.649485849954256 0.568641106803944 0.504792454739552 0 0 0 0 0 0
101.112222154025 -61.5854991880128 -208.514596724741 0.878239091911284 0.294674792912963 0.376646868911113 -0.475744261859279 0.618424122392 0.625475021205208 0 0 0 0 0 0
100.947995399336 -61.5457403928438 -208.029558750004 0.739907743501352 0.651004220710757 -0.169499367914803 -0.419670667605257 0.643622173197859 0.640021115995264 0 0 0 0 0 0
100.96204036081 -61.15850776252 -207.591665396516 0.454657758898416 0.641548721522659 -0.617820006301278 -0.405293365735299 0.766705916051875 0.497894894512897 0 0 0 0 0 0
101.038688019808 -60.766004367084 -207.242662298251 -0.262292064719161 0.379425784903712 -0.887264868309098 -0.472341052191894 0.751299672898229 0.46091510272204 0 0 0 0 0 0
101.004702559998 -60.2551891108387 -207.225228138177 -0.684079685090783 0.077128514960446 -0.725317983112298 -0.349823095417638 0.837876171423477 0.419031410843099 0 0 0 0 0 0
101.953337671794 -60.4803709235312 -206.132410523286 0.285886303247279 -0.257878423224142 0.922912639663709 0.95638137297366 0.0164494656230204 -0.291657478062425 0 0 0 0 0 0
102.567854660449 -60.3805195196496 -206.150535152075 -0.123585307769783 -0.80158336101181 0.584970757433616 0.947258316764691 -0.270943157855991 -0.1711475577715 0 0 0 0 0 0
103.090745247712 -60.6255307310993 -206.098600402259 -0.442101816481432 -0.636712276613259 0.631778015345405 0.802407074094539 -0.595522870229002 -0.0386703824296042 0 0 0 0 0 0
103.438794795477 -60.843050969563 -205.859238150084 -0.630502698121881 -0.774252981639486 -0.0547600957212002 0.763268970375099 -0.63128213947213 0.137489415032669 0 0 0 0 0 0
103.647410005757 -61.2418685163661 -205.527360336825 -0.659098983584914 -0.547735815091307 -0.51533873006363 0.582233212668362 -0.80536232305113 0.111337391183577 0 0 0 0 0 0
103.684030793495 -61.6955597084452 -205.235302361795 0.0401334643504175 -0.0451747740350975 -0.998172602724655 0.664509558178695 -0.744832603935409 0.0604271396307498 0 0 0 0 0 0
103.654517865928 -62.6621617695071 -205.01661565409 -0.184323710727829 -0.636223599537324 -0.74916239965397 0.0912102252723294 -0.770005960311195 0.631483583231588 0 0 0 0 0 0
103.259442497982 -61.7237695779852 -203.929844369942 -0.69577350118101 0.619849047006195 0.362886199764928 0.386383519859755 -0.102894617683836 0.916580860171367 0 0 0 0 0 0
103.532029040207 -61.4633752585731 -203.645563115825 -0.847092896115795 -0.287329394606886 0.447074316355788 0.494276596588876 -0.116880848486429 0.861411349659157 0 0 0 0 0 0
104.388198196667 -60.6635531432648 -203.561242282617 -0.342083304122192 0.936654701363881 -0.0752129207901344 -0.42968056124346 -0.0847381865699042 0.898996137381218 0 0 0 0 0 0
104.562939889267 -61.896561326208 -203.217329413732 0.861513555085996 -0.487243912719792 0.142785727300024 -0.440295785763087 -0.856982823654093 -0.267806013750858 0 0 0 0 0 0
104.514074945608 -62.2317749823081 -203.61572804986 0.459708864368339 -0.45421644264156 0.763121997622411 -0.364658657067329 -0.880066290782437 -0.304150271501268 0 0 0 0 0 0
34.7376003518403 376.267476151324 213.975007010236 0.391237520192622 0.9157957047143 0.0908373822848604 -0.912232087535514 0.39895121762565 -0.0931157582024086 0 0 0 0 0 0
34.3443561422296 376.462438930658 214.277632481918 0.382893121315885 0.630649492489565 -0.675036351074246 -0.796870289140881 0.595131796701907 0.103999455954773 0 0 0 0 0 0
33.6871555533882 376.354376195825 215.293599368714 -0.844145333506723 0.462229638958378 0.271592372476163 -0.227045908521271 -0.76715011151258 0.599942382091803 0 0 0 0 0 0
33.594016708971 376.20602276683 215.728403748306 -0.935157216464036 0.0979496070828736 -0.34042158416814 -0.310833010525272 -0.687811033600924 0.655971662211581 0 0 0 0 0 0
33.3127038738542 376.204553153865 216.108635605873 -0.450783536521046 -0.538882762355448 -0.711617574008498 -0.101236352963118 -0.761203839963735 0.640562186569884 0 0 0 0 0 0
33.0139928212706 375.926022269348 216.455096410114 0.190604155372748 -0.500706755845658 -0.844371245723798 0.128270601606469 -0.840062501544635 0.527106864176596 0 0 0 0 0 0
32.6270245358792 376.375979767098 217.372869778693 -0.701988201277038 -0.697922404215762 0.14183399790431 0.576827747161537 -0.673983127382303 -0.46153709938478 0 0 0 0 0 0
32.8618787130825 375.913840583704 217.473060976576 -0.720353591748644 -0.383055428587774 -0.578238049149539 0.637525040439931 -0.694059244965765 -0.334430242785573 0 0 0 0 0 0
33.0441374503047 375.350805309482 217.473713698845 -0.352803021870388 0.342476971542666 -0.870769516991773 0.693030957896382 -0.529620095962139 -0.489091653323053 0 0 0 0 0 0
32.7967805371699 374.779156629668 218.73118637804 -0.0898269034796115 -0.790343139690374 0.60604360318019 0.662380864928788 0.407011536324142 0.628962001296782 0 0 0 0 0 0
33.1410169648507 375.733443543392 218.831352858649 0.723322206513515 -0.460938023064881 0.514141152269937 0.688294228841633 0.421680653758805 -0.590285084335398 0 0 0 0 0 0
33.6125956031896 376.01934553573 218.761221299846 0.503896459215489 -0.820924339931335 0.268647699596324 0.787496193114248 0.308836491037569 -0.533357073295338 0 0 0 0 0 0
34.1249570565426 376.179464522806 218.793058000905 0.0365753267460618 -0.940071406015691 -0.339010319997934 0.874428093981315 0.194330337213483 -0.444534845084947 0 0 0 0 0 0
35.0863611428629 376.548367462346 218.957277105546 0.695469722360225 -0.700858241772015 -0.158491609306081 0.61821125074575 0.696036932731085 -0.365167684394003 0 0 0 0 0 0
35.5334014816555 376.638827241682 219.091249189709 0.0704357091855396 -0.219536700033872 -0.973058296408683 0.687219774273312 0.717734702978938 -0.112186799524159 0 0 0 0 0 0
36.0667306325493 376.800200317715 218.810379414909 -0.426402097347048 -0.0731305172195141 -0.901572614285308 0.816628960434222 0.397492121976427 -0.418470015588691 0 0 0 0 0 0
36.4998243362254 376.664157394797 218.531440546238 -0.587230218082865 0.677191539538541 -0.443364736698547 0.736595330464151 0.220026493323262 -0.639543322515588 0 0 0 0 0 0
37.779807205055 376.283979655172 218.344651085598 0.798603029484462 0.171948521026444 -0.576772838659258 -0.167987351518216 -0.856552377321605 -0.487953147991283 0 0 0 0 0 0
37.7642785806997 376.086945065741 217.906054900525 0.927923162371062 -0.318387786180395 0.193875791027232 -0.214649999361884 -0.881581585764547 -0.4204037171753 0 0 0 0 0 0
37.2204624274041 376.017740508779 217.160723498091 0.20483335436921 -0.975988136637787 -0.0740975983427071 -0.82520030588046 -0.131482083343968 -0.549324054574642 0 0 0 0 0 0
502.477111748153 24.2524134352279 -128.145468351619 -0.85299969059539 -0.521847399662013 0.00817430793181383 0.371706550672877 -0.61842838390967 -0.692373146620914 0 0 0 0 0 0
502.686610412226 23.7101660485804 -128.230396394525 -0.701495752820671 0.168016405114109 -0.692585154610675 0.387766846268957 -0.725385355055445 -0.568729249824302 0 0 0 0 0 0
502.45366917585 23.6128653727177 -128.18280241615 0.292681922690326 0.949489255849172 -0.113169983464168 0.278647874220366 0.0285253886401804 0.959969616391789 0 0 0 0 0 0
502.137408651965 23.2416625437682 -129.197277378735 -0.344918392585261 0.171156736690719 -0.922895808822309 -0.938402344752465 -0.0410985009399263 0.343091755341871 0 0 0 0 0 0
501.841223215503 24.0754581946208 -128.965369755696 0.356467567955114 0.930402319208887 0.0853369638954338 -0.333567116516815 0.0414166302531829 0.941816139974851 0 0 0 0 0 0
500.884116279202 24.5140475088267 -128.98190442764 -0.873391757107254 0.478621999299019 0.0900434362078324 0.0624530722987138 -0.0732917030212202 0.995353173516165 0 0 0 0 0 0
500.768891716575 24.9754212017079 -128.199033301268 -0.320099835566535 0.429092106613775 0.84463960321076 0.910831099904995 -0.105873452282333 0.398970574789266 0 0 0 0 0 0
501.105001629895 25.2354931198569 -128.01543441681 -0.383399999395009 -0.482416277061923 0.787577917472057 0.911566015498525 -0.060547819515018 0.406671072170274 0 0 0 0 0 0
501.993781230378 26.0841721831709 -128.368242779064 0.575411156749439 0.509809801766673 0.639527924887489 0.346533869200056 -0.860263145985164 0.373980744366535 0 0 0 0 0 0
502.210311384165 25.6819239077994 -128.11217260441 0.447959757570959 0.709217776680263 0.544373218332489 0.471627646648561 -0.704724958011653 0.53002839213783 0 0 0 0 0 0
502.549369691819 25.5500164327237 -127.988589272829 -0.369351625317316 0.255507972095627 0.89347358834553 0.416648344163788 -0.813875377431948 0.404982749404932 0 0 0 0 0 0
503.071276608659 26.5706005882809 -128.639760101173 -0.10654203153503 0.947261996458949 -0.302230881249739 -0.97339367170584 -0.0373504119764548 0.226074559843015 0 0 0 0 0 0
503.67299989709 25.9521639649674 -129.24949813662 0.20014601988035 -0.833711545787903 -0.514651949521228 -0.631861457368133 0.291615046161198 -0.718130742654164 0 0 0 0 0 0
503.344565812323 26.0568102489553 -129.741500843145 0.271556050360923 -0.955772195668046 -0.11294609997808 -0.589204268038074 -0.0723074963534867 -0.804742167713864 0 0 0 0 0 0
502.995228496088 25.9710411648526 -130.222012089583 0.446756394272422 -0.894325231765772 0.0243126305405835 -0.431484610521048 -0.239193086687105 -0.869831994217616 0 0 0 0 0 0
503.119175752121 25.8972199401703 -130.721942865579 -0.0187250333078334 -0.941057007158496 0.337729303445105 -0.408123123907905 -0.301171230883146 -0.861818661564011 0 0 0 0 0 0
503.157710510843 25.5984520267082 -131.147865144224 -0.763518168477131 -0.389460625033052 0.515131466670589 -0.453697401311004 -0.244159014510855 -0.857056032985435 0 0 0 0 0 0
503.143429962287 26.6442708505839 -131.591932610922 -0.356300195416228 0.634240431056087 0.686140835659959 0.281595390425635 0.773079953718861 -0.56837612656504 0 0 0 0 0 0
502.588569503762 25.5979816593027 -132.303053950783 -0.550588556792762 -0.690301475110087 -0.469399738591428 -0.252553759875275 0.673700155770818 -0.694510402000746 0 0 0 0 0 0
503.132575936808 25.9387875126822 -132.516583793466 -0.325074004781046 0.916110872975582 0.234665207969844 0.308309429857185 -0.131920125855042 0.942094674571259 0 0 0 0 0 0
289.928147116411 252.501444165067 112.941976391544 -0.839481303350592 0.243494718979186 0.485779232938213 0.222878704388223 -0.661027610822546 0.716496741695636 0 0 0 0 0 0
290.030753170144 252.391532134026 113.476782970961 -0.93123518536787 -0.332786815238798 -0.148505774756697 0.17874092284185 -0.772236175467831 0.609674480194523 0 0 0 0 0 0
289.833733026501 252.225472958205 113.893578825823 -0.193820228169315 -0.733732066672131 -0.651207319898539 -0.00860174409148905 -0.662498283352875 0.749014041626109 0 0 0 0 0 0
290.014494070521 251.83309986279 114.528741805675 -0.070902602065954 -0.829444938567908 -0.554070315848409 0.364270883481207 0.495572835172796 -0.788488610245334 0 0 0 0 0 0
290.923141496426 252.012372975213 114.450386371271 0.4606610975505 -0.873722676465448 -0.156205114620562 0.576779584803908 0.428448038329986 -0.69552684276354 0 0 0 0 0 0
291.2501168029 252.615872958632 113.958152234329 0.353959124431607 -0.823477232336228 -0.443393940030168 0.803257071933922 0.51049894370456 -0.306869524170569 0 0 0 0 0 0
290.861074747083 253.200988588 113.290978951518 0.455915858523746 -0.223435276148862 -0.861520404470398 -0.771096552154269 0.384234116911311 -0.507714733543536 0 0 0 0 0 0
290.763934014441 253.572864490851 112.91419044019 0.0328116063525741 -0.824058243110567 -0.565554073851555 -0.62409321850335 0.425088809609362 -0.65559679572358 0 0 0 0 0 0
289.808487435827 253.629800768209 112.520706505287 -0.987709779020033 -0.0424267769197268 -0.15043058541534 0.129042793725143 0.321693762255308 -0.938009104813826 0 0 0 0 0 0
289.717023161554 253.446655230307 112.039471491872 -0.612306999184605 0.788441289979608 0.0586555283399294 0.226719126434634 0.246175452286985 -0.942335441549354 0 0 0 0 0 0
290.843862326863 253.405294528117 112.075599951812 0.632110935474126 -0.0392891770814423 0.773881209113058 0.636245853970954 0.596378328101463 -0.48941199727395 0 0 0 0 0 0
291.121173135884 253.859128730998 112.058017950298 0.711677475012356 -0.603681429612993 0.359282483709478 0.698605440006642 0.661987883771185 -0.271518840844011 0 0 0 0 0 0
291.295277643171 254.23502734917 112.278253366047 0.604152637509433 -0.574855306553584 -0.551852305528916 0.466642344738527 0.81658494089995 -0.339755730477582 0 0 0 0 0 0
291.648558853575 254.532050487689 112.325285575266 0.115952109296295 -0.442950354168801 -0.889016362105599 0.635712128111893 0.720810774988435 -0.276228016015791 0 0 0 0 0 0
292.001681609699 254.652864417838 112.103615163568 -0.813395778263555 0.219427685812131 -0.538738154024902 0.321511340808821 0.941396788247167 -0.101992866462474 0 0 0 0 0 0
292.087700478896 255.000800110498 111.750341781921 -0.909221206766973 0.330228017410943 0.253507896685778 0.2738305536322 0.933049813068824 -0.23331282482906 0 0 0 0 0 0
292.05581130223 255.445624784111 111.398914036415 -0.752973408473879 0.0700662466485549 0.654310146040709 -0.198591256234406 0.923760518855748 -0.327456892965471 0 0 0 0 0 0
291.718669026646 255.685463249983 111.189415660056 0.0244286623263536 0.40141007588915 0.915572603036817 -0.0865004612380983 0.913259818512995 -0.398088148649526 0 0 0 0 0 0
291.606751813727 256.125925610976 111.302769762423 0.912942651785519 0.158585474824136 0.376013778638001 -0.0993475021624844 0.980051640004167 -0.172130348106362 0 0 0 0 0 0
290.808436365284 256.247878003349 110.230700968762 -0.704256017698624 -0.439446046734127 -0.557593609670182 -0.490789159396389 0.868859496312922 -0.0648781680216175 0 0 0 0 0 0
262.868104707665 -133.08556622062 81.1009402637299 -0.473004385202188 -0.192690783617718 -0.859730837813958 0.588991521417731 -0.794860142571201 -0.145898394267094 0 0 0 0 0 0
262.542679711379 -133.147656750926 82.1597551206287 0.369746968183818 0.183359140911586 0.910860365238844 0.821045414618152 -0.523385912543127 -0.227928966316054 0 0 0 0 0 0
261.648941336868 -134.04375603101 81.2742794081727 -0.730078626617225 -0.632988631669057 -0.257508429249301 0.275517584778511 0.0721867661264219 -0.958581833373669 0 0 0 0 0 0
261.45150006096 -134.51191501292 82.1083552671566 -0.205736116922889 0.0248072916069492 0.978293027919866 -0.928648641838951 -0.320277168543535 -0.187174344717452 0 0 0 0 0 0
261.27211925859 -134.874438169005 82.2906773543437 -0.59590157075832 0.647248893999315 0.475363216061603 -0.79269923861936 -0.568857588902581 -0.219155106352166 0 0 0 0 0 0
260.808401838416 -135.09132904656 82.2643360854495 -0.400377366694735 0.891285250480795 0.212858090083455 -0.914497733108081 -0.403401843805854 -0.0309975572298732 0 0 0 0 0 0
260.505280089699 -135.172415537664 82.5058648075639 -0.422131029230833 0.340965892128751 -0.839968841425301 -0.733306110664928 -0.673192109445359 0.0952603371922677 0 0 0 0 0 0
260.029947140398 -135.21958450479 82.5473992177579 0.230138073611044 -0.464090352090447 -0.855369284093813 -0.702971803840848 -0.687096034715233 0.183656424018728 0 0 0 0 0 0
259.603232855787 -135.428206783645 82.38243749064 0.573303361886747 -0.730474419698875 -0.371120435189098 -0.74949820680462 -0.650545821585084 0.122648163520078 0 0 0 0 0 0
259.336483058661 -135.690433872871 82.1059964722726 0.481452175765772 -0.665218026935392 0.570691492043282 -0.839392929588064 -0.537334265147795 0.081800961214687 0 0 0 0 0 0
258.570750255104 -135.628051622035 81.3104335600235 -0.915020976981084 0.00125883871867626 0.403404297212689 0.355693887667178 0.474276747801955 0.805321938587674 0 0 0 0 0 0
258.414538003496 -136.488476957772 81.0224720886271 0.31019447863179 -0.9358880568286 0.167011767585222 0.877494028017539 0.349454631879344 0.328459572933454 0 0 0 0 0 0
258.746160231999 -136.382458672327 81.4540976016216 0.472321078449705 -0.697344507000805 -0.539095017049788 0.816408133399055 0.576661223069597 -0.0306527898852211 0 0 0 0 0 0
259.240184915083 -136.257563111753 81.4158694990438 -0.271159219059841 -0.293184152007863 -0.916796450107813 0.766121495775427 0.510866721893629 -0.389965442279799 0 0 0 0 0 0
259.695332138101 -136.108139738615 81.2567167416492 -0.563403991764671 0.187538693653976 -0.804614926810456 0.769121111167506 0.474709654021513 -0.427905901729852 0 0 0 0 0 0
260.052930639839 -136.254770287007 80.9226094321429 -0.538178763186561 0.794177254930874 -0.282216418029578 0.770748922938129 0.328251047439048 -0.546074489099136 0 0 0 0 0 0
260.658148200496 -136.89559331527 81.4147578467013 -0.421711606647657 0.614942101795592 0.666337401214933 -0.481356688005484 -0.774606783528028 0.410219538570208 0 0 0 0 0 0
260.764610036547 -137.209400945284 81.7109620746784 -0.906555698844863 0.4150858072321 0.0765541476758612 -0.359743581263793 -0.854708655044445 0.3742427964993 0 0 0 0 0 0
260.627313587089 -137.493276309678 82.1127198822772 -0.845498373161602 0.267770923992099 -0.461986182959515 -0.509156200637079 -0.664995134949177 0.546389452539799 0 0 0 0 0 0
260.246450170959 -137.540510038633 82.3810251823801 -0.141986873076085 -0.618207587951694 -0.773084151999654 -0.29855122446714 -0.71788237636661 0.628897495679066 0 0 0 0 0 0
167.163173451777 183.786083696236 -26.9500149473172 -0.849178313920459 -0.103065065178018 0.517951526213658 0.401651057990598 0.510752564926254 0.760136990966949 0 0 0 0 0 0
167.16984348388 184.05185003107 -26.7080936995289 -0.448731211582606 0.45344752186101 -0.770081583125915 0.603726569636017 0.789158479362321 0.112885444438493 0 0 0 0 0 0
167.31384000192 183.269820892864 -25.4893740243101 0.127601347821948 -0.703422444810841 0.699224399009618 -0.986690429203112 -0.161674647982125 0.0174156572897961 0 0 0 0 0 0
166.922978338818 182.948398821161 -25.5784733118064 0.153196934446688 0.060142680624961 0.986363805724531 -0.967400993343701 -0.194561217645982 0.16211493042201 0 0 0 0 0 0
165.933293275412 183.199892406707 -25.9063401378164 -0.833433631081825 -0.0346476101119603 -0.551532343290305 -0.118644649100975 0.985978263187387 0.117346971676698 0 0 0 0 0 0
165.81756895401 183.641932057838 -26.141969756679 -0.920274771060805 -0.231830501582543 0.315196707287639 -0.223845091032704 0.972660552409252 0.061845169637494 0 0 0 0 0 0
166.119440989391 183.25803055181 -26.499981440653 0.70627248738138 -0.0273911247750873 0.707409994170052 -0.220233334064001 0.941167663605057 0.256321492565981 0 0 0 0 0 0
165.366495471014 184.108604685104 -27.247350882055 -0.58603201691253 0.593617236937395 -0.551529737334485 0.747707719115172 0.658465516717347 -0.0857690507685868 0 0 0 0 0 0
165.840283986528 184.293532130076 -27.5213947190163 -0.784260215639544 0.583294094481294 -0.211433000045554 0.617953519197404 0.703939909808571 -0.350145757492855 0 0 0 0 0 0
165.973463266102 184.647028646297 -27.9484562290339 -0.441041438075883 0.732120426177799 0.519116683870973 0.632694477162027 0.663864825888935 -0.39872445562835 0 0 0 0 0 0
166.112884231538 185.181911886017 -27.8272746297426 0.0632193120401118 0.302909475166537 0.95092016933048 0.432566699717728 0.850356285196637 -0.299633507007961 0 0 0 0 0 0
166.20339668971 185.681359569535 -27.8496237830021 0.577400447167896 -0.40383019325892 0.70959840658134 0.735263057672782 0.635038149821835 -0.236885593256603 0 0 0 0 0 0
166.501295017782 186.078359802227 -27.7322344959672 0.63106145432239 -0.769856925954078 0.0952982393806323 0.739914409608179 0.560464813662107 -0.372029379351793 0 0 0 0 0 0
166.873810541125 186.291902015386 -27.7382453589327 0.166070410404683 -0.808482547470997 -0.564603036852289 0.694893648283021 0.502187903397275 -0.514713636168076 0 0 0 0 0 0
167.325986678824 186.380111726394 -26.6504700386061 -0.137058243525954 -0.569663058956691 0.810369691648007 -0.298137997990275 0.803879349851368 0.514676330363941 0 0 0 0 0 0
167.870825735245 186.156852119361 -27.1595065194488 -0.416080725896435 -0.393998421895574 -0.819537719132739 0.381540454586983 -0.893728676360665 0.23595748465385 0 0 0 0 0 0
168.84959397903 186.233809091775 -26.8404854602035 0.502974497099871 0.480704776050002 0.718289338323944 0.681150355151954 -0.732029345897751 0.0129317601616208 0 0 0 0 0 0
168.641346703626 185.216515344362 -26.7355478322706 0.694645198799913 -0.417247853233026 0.585979757975188 -0.513587038611716 -0.858034839414003 -0.00213731650299837 0 0 0 0 0 0
167.552708404282 185.237263397453 -27.0415467814201 -0.408329993964192 0.876039567591877 0.256556605922827 0.908848383247291 0.416396155361673 0.0246750495197789 0 0 0 0 0 0
167.884607631496 185.582522067061 -27.333039997721 -0.277535597192721 0.40980206167819 0.868928226342766 0.91583397182596 0.386071714260205 0.110438976351977 0 0 0 0 0 0
-244.014143161356 32.7893579185253 -92.0385722259801 -0.618376084292514 0.757645067701625 0.208770136184412 0.725372090009238 0.652475524753728 -0.21934224543616 0 0 0 0 0 0
-243.982356251347 33.1612401041899 -92.382609914907 0.0149494606960913 0.531175710661284 0.847129788183827 0.461096184925095 0.748099790046207 -0.477217992515311 0 0 0 0 0 0
-243.917331301008 33.6398117145421 -92.4728198713988 0.793455040937818 -0.191792264205409 0.57761996624193 0.486795910365604 0.769637500048774 -0.413143873450881 0 0 0 0 0 0
-243.801894368676 34.0719183245134 -92.2704245420655 0.817715734660307 -0.441421541558559 -0.369442823637189 0.3387512046287 0.887937339396924 -0.311150932293826 0 0 0 0 0 0
-244.352039941015 34.1705049583877 -91.611151314949 0.850564610118946 0.514504202191964 0.108744057033094 0.0188730781465045 0.17678913181307 -0.98406778719459 0 0 0 0 0 0
-245.713921810567 33.8894507525939 -91.6106808193515 -0.730592295311759 -0.422238428757458 0.536609361930566 0.0201935701880199 0.772174494650558 0.635089575992409 0 0 0 0 0 0
-246.024458658711 34.3151660129212 -91.4115786995033 0.216533361154324 -0.579079460083701 0.785990001473543 -0.0487649059783269 0.797670191449677 0.601119164240803 0 0 0 0 0 0
-246.304154139386 34.5055268523611 -90.9726780787858 0.763994267509919 -0.376427996219669 0.524036948004649 0.139178753363902 0.889204103329012 0.435827187351728 0 0 0 0 0 0
-247.507586893611 34.5575446051474 -91.8410066487303 -0.913876641280568 -0.399189737606491 -0.074007012582656 -0.316065754852747 0.585124241066046 0.746814609609538 0 0 0 0 0 0
-247.832716586837 34.9713573010077 -91.7089715727048 -0.138663797218211 -0.801379873455322 0.581861366445444 0.0837464781159471 0.575944212869085 0.813188041639684 0 0 0 0 0 0
-247.953249903626 35.3053339177312 -91.2524961313799 0.217111239048006 -0.854671522250667 0.471592301604646 -0.0826221752431082 0.465292776380995 0.881292351269295 0 0 0 0 0 0
-248.217064003121 35.3906157728379 -90.8797678047862 0.923491392636602 -0.216228218671262 0.316873800078773 -0.0923704258995659 0.676372036584175 0.730745217258456 0 0 0 0 0 0
-248.877550501685 34.9532273898071 -91.4282907062641 -0.952886651376069 0.226248254381839 0.202036523971466 -0.25637233752426 -0.956704692181032 -0.137801874120576 0 0 0 0 0 0
-248.970980398025 34.6024171177222 -91.0376133750036 -0.77937977307136 0.193665702348007 -0.595869755115402 -0.442127183083632 -0.84385579465203 0.304024590799368 0 0 0 0 0 0
-249.372227354473 34.4744365685179 -90.7878007431335 -0.242647659958802 -0.292425025194008 -0.924991739291115 -0.663481012206835 -0.645599584958683 0.378145636418258 0 0 0 0 0 0
-249.792897725138 34.3027345298576 -90.6347770721391 0.465492333019732 -0.552757211414368 -0.691213681237039 -0.55610813122887 -0.790234270714887 0.257436484921709 0 0 0 0 0 0
-250.414616632661 34.7537922398069 -91.0246841544566 0.403986654571916 0.674632156541399 -0.617791418108161 -0.881310423969623 0.468013363433094 -0.0652336435478413 0 0 0 0 0 0
-250.702638716191 35.4525306965614 -90.9489363524627 0.223654328909835 0.785298043237975 0.577309037211872 0.64159133734071 0.327265046220188 -0.693727717027262 0 0 0 0 0 0
-250.616751626504 35.7848472593362 -91.2187500277706 0.858240760817602 0.00541734635943566 0.513218714418761 0.461384043558005 0.42988195012914 -0.776096819542016 0 0 0 0 0 0
-251.712429004159 35.0117600079382 -91.6753329625567 -0.368644329411166 -0.864432989302128 -0.341843480849321 0.365771632281289 0.20318666063512 -0.908254531482354 0 0 0 0 0 0
179.619923249076 -123.20681430657 167.962344476333 -0.364658768146746 -0.835214382312338 -0.411632018181674 0.565832450131075 0.152321677990268 -0.81032817104732 0 0 0 0 0 0
179.851410144445 -123.341874304742 167.663791964161 -0.868291976150764 -0.0219260528115682 -0.495568655546642 0.468937232612714 0.289497628866351 -0.834439329580222 0 0 0 0 0 0
181.123528147941 -123.682214041807 168.041940924228 0.666359498887881 -0.59616067335921 -0.447836431950089 0.521433370897848 -0.056741982286716 0.851403304644915 0 0 0 0 0 0
181.342983422576 -123.960349156464 168.42267972391 0.831282038683313 0.217031704117505 -0.511729822826818 0.519309734384685 0.0250490429087966 0.854218909427005 0 0 0 0 0 0
181.284656134649 -123.825691846101 169.696897307758 0.188186346644705 0.734177937864406 0.652356232812784 -0.639479089305283 -0.412537778947198 0.648751936631097 0 0 0 0 0 0
181.408185244514 -124.032616060493 170.149975387229 -0.753168139326981 0.642814224507685 0.139741284784839 -0.50788567141723 -0.703230284193556 0.497513127627926 0 0 0 0 0 0
181.132620299449 -125.093828015503 170.509252987456 -0.259521877134998 -0.70125926904118 0.663990837942932 -0.898205461700535 0.427860132043341 0.100809999400772 0 0 0 0 0 0
180.650219037471 -125.181213025719 170.466057527774 0.169061450384193 0.124002610026586 0.977773787079909 -0.946497930609675 0.297106287036238 0.125974289262308 0 0 0 0 0 0
180.209392568963 -125.350122715141 170.701945785373 0.359190878021617 0.876435883206164 0.320689968310036 -0.933091976560938 0.343856411263004 0.105366653695226 0 0 0 0 0 0
179.442774922499 -124.921745131411 169.858747568139 -0.747768343125749 0.425024800438926 -0.510094524603846 0.64692463796956 0.639303057647525 -0.415668273110276 0 0 0 0 0 0
179.649433217595 -124.72922279567 169.470150198043 -0.6338144058988 0.726747781144748 0.264796075266114 0.621689113009672 0.682328452404353 -0.384617381048659 0 0 0 0 0 0
179.622103202141 -124.404835912737 169.143425059993 0.117770108687325 0.657184721171255 0.744471922747148 0.530687685805713 0.592006648570279 -0.606546542470372 0 0 0 0 0 0
179.601972319062 -124.018586321426 169.001676073331 0.85635109842926 -0.088800639639967 0.508701526062712 0.460283912890149 0.577837234441309 -0.673975407583803 0 0 0 0 0 0
179.208456131629 -123.309922436324 169.078056374614 -0.220397262908747 -0.0999350520242214 0.970277296384518 -0.412949944171593 -0.891634208002162 -0.1856361568473 0 0 0 0 0 0
179.180708835234 -122.394555377276 169.232133553193 -0.627447931188249 0.478480050508236 0.614301176063682 0.445129212938406 -0.426891404594133 0.787161808316742 0 0 0 0 0 0
179.616401391467 -122.787333990991 169.51450631397 -0.0935607522614361 0.903012113613979 0.419303599200733 0.367783137729363 -0.360015452656256 0.857393980297655 0 0 0 0 0 0
179.988396021332 -122.747469792152 169.778489454587 -0.876747560663588 0.107679008074132 0.468741875759591 0.382709502173506 -0.434073115886439 0.815545196179062 0 0 0 0 0 0
180.065304058685 -122.695026992425 170.329038074682 -0.888360774240741 -0.436983647899268 0.140927024587337 0.383887482641546 -0.538516975209759 0.750086573724706 0 0 0 0 0 0
180.034012261758 -122.658203495935 170.783785742621 -0.113622364255234 -0.910295985455003 -0.398059263433921 0.700821004159169 -0.357425553670882 0.617330457463745 0 0 0 0 0 0
180.153795566522 -122.985161601588 171.198295238269 0.515054329916072 -0.41707892946181 -0.748841908438421 0.652509150631299 -0.375736124803904 0.658068516842863 0 0 0 0 0 0
-33.7015787275033 -52.2973348393125 226.355481588045 0.888970637949006 0.0227500072285715 0.457398777912269 0.383650093194912 0.508416437961656 -0.770924984419313 0 0 0 0 0 0
-33.5613517442111 -51.8488903509426 226.111422480645 0.834738913214083 -0.544504430552729 0.0820114130753747 0.348961049291522 0.407888701712422 -0.843713809945479 0 0 0 0 0 0
-33.2252148028986 -51.6251961669388 225.804234712635 0.0931732539097977 -0.95914677408945 -0.267125832726194 0.312200189062648 0.282906783366714 -0.906914987126327 0 0 0 0 0 0
-32.8668327839882 -51.6403784627881 225.446147266097 -0.715672965036373 -0.606703272772217 -0.346010615333586 0.22017288856717 0.27417300940482 -0.936137308333501 0 0 0 0 0 0
-32.2836797646538 -52.0427503774441 225.811741473078 -0.0629843021925201 0.0668265979174253 0.995774665016189 -0.514101714803934 -0.857364228710144 0.0250201151858863 0 0 0 0 0 0
-32.2852191002128 -52.4914110955319 225.932827023772 -0.760210161605919 0.474067805031344 0.444229925178242 -0.601960545437367 -0.77119025505333 -0.207145099501597 0 0 0 0 0 0
-31.3989219740433 -53.0443678412715 225.653352578098 0.407200742240642 -0.157191258115797 0.899710211062786 -0.223807848827369 -0.972218469117131 -0.0685659909197634 0 0 0 0 0 0
-31.1245358551398 -53.4744845166949 225.697998635658 -0.522323676060589 -0.101358348147812 0.846702109769014 -0.212737719204571 -0.94602844917202 -0.244484838353671 0 0 0 0 0 0
-29.8900892782429 -53.0463936376609 225.583587246261 0.697568732868632 0.71619618130879 0.0214684140718232 -0.17744392345437 0.143644823264064 0.973591196950011 0 0 0 0 0 0
-29.6366945061349 -53.0469090726743 226.047728807944 -0.0330461261915771 0.999426597796343 -0.00737761214468272 0.0415460011530916 0.0087489106947161 0.999098286631422 0 0 0 0 0 0
-29.3859770075633 -52.8759514532983 226.458021253585 -0.673655532484713 0.738400521913936 0.0308689615951788 0.179178358381913 0.122659796941513 0.976140200023455 0 0 0 0 0 0
-29.2529210604976 -52.6361026297609 226.956998776422 -0.945044562070092 0.323985070307839 -0.0438685527385265 -0.00443430226227788 0.121464523796012 0.992585868538564 0 0 0 0 0 0
-28.2781237116958 -52.2977410017962 227.767612355412 0.878788382286355 0.129747197936051 0.45923484600613 0.185664469792482 0.7935509433037 -0.57948736400243 0 0 0 0 0 0
-28.1740721645335 -52.061439049212 227.763904174048 -0.319494932109003 -0.564587947917159 0.761027882158962 -0.220799851397096 0.825370450605379 0.519625870112808 0 0 0 0 0 0
-27.9651521401637 -50.8243248978633 227.979260067109 0.191304967320324 0.927947527925586 0.31986840246477 0.12858812312772 -0.34677286069255 0.929092932745479 0 0 0 0 0 0
-27.8537605701474 -50.995848660059 228.483384811805 0.0641474601148953 0.990495174845967 -0.121673382330175 0.29078916036457 0.0980810965515111 0.951746690413853 0 0 0 0 0 0
-28.127067470827 -50.8760591382966 229.007906827073 0.134303216102628 0.948597206092653 -0.286576319220035 0.406275828019768 -0.316483232718174 -0.85719211089178 0 0 0 0 0 0
-27.500777165285 -51.0973700078157 229.370185688084 0.440908876488834 -0.703030555358623 -0.557985126025327 0.695964041255719 0.660354834701809 -0.282073652730903 0 0 0 0 0 0
-27.180814977286 -50.8851272272768 229.4305710076 -0.347934683300716 -0.158661559076641 -0.923995652493993 0.666390368246943 0.651391881892429 -0.362784362000823 0 0 0 0 0 0
-26.8242556345693 -51.3682055680434 229.053436158332 -0.534867732813243 -0.773114857473406 -0.340895769332939 0.341482003513208 0.171246523317257 -0.924156193253261 0 0 0 0 0 0
12.4418331393021 395.415778838864 -182.389406457324 0.881979195867153 -0.466588720986327 0.066390236525222 -0.153118300912552 -0.150463872668207 0.976685931580536 0 0 0 0 0 0
11.8444061496441 395.841591462213 -181.872101164752 0.742562159013556 0.647567756363837 -0.17104806610726 0.558433981409601 -0.739591830112032 -0.375706552030381 0 0 0 0 0 0
11.9036695710455 396.243112301433 -181.385487290168 0.59059448661116 0.617795587161225 -0.519159671843468 0.479832978811513 0.248407563711173 0.841459443310223 0 0 0 0 0 0
12.2938203449147 396.371539327866 -181.121241267888 -0.167524054976235 0.90009476404853 -0.402200331597004 0.432429718838183 0.433713717704079 0.790504237395876 0 0 0 0 0 0
12.574821108566 396.651673718191 -180.910259574276 -0.836146725182606 0.484945481777827 0.256293842434179 0.50430210058038 0.495906564863075 0.706934275782354 0 0 0 0 0 0
12.794499226951 397.137335049599 -180.776767146713 -0.860389246057839 -0.0385695378011246 0.508175890830951 0.378405880407861 0.619577333310815 0.687701183451221 0 0 0 0 0 0
12.6930440601093 398.021149508402 -181.11260207399 -0.0493423042098405 0.811054395359181 0.5828860135428 -0.839439322055107 0.282557201611754 -0.464223063198067 0 0 0 0 0 0
12.1605636776525 398.11336704073 -181.118095939987 0.516248543451001 0.844891405499504 0.140164026404045 -0.797713011827245 0.533925002088228 -0.280317753463086 0 0 0 0 0 0
11.7918602907155 398.356712183496 -180.912899865068 0.357060030192123 0.540911869379952 -0.761526417403288 -0.932229329070732 0.257672454667424 -0.254073580141654 0 0 0 0 0 0
11.4054395165736 398.71227259093 -180.97292569647 0.513397276725738 -0.168427958344761 -0.841460194601272 -0.843378370672521 0.0821281091118085 -0.531006494852448 0 0 0 0 0 0
10.1376234312258 398.399042514136 -180.947705610075 -0.825235373901206 -0.561471663623628 -0.0611240428133832 -0.551586941990945 0.824474603339093 -0.12646530699731 0 0 0 0 0 0
9.85784253441278 398.56780582753 -181.286956216363 -0.674544750991738 -0.0960709058579913 0.731956118874021 -0.356115640515393 0.910853653573806 -0.208631906360367 0 0 0 0 0 0
9.51057863356053 398.856052333734 -181.468966664599 -0.205308896200705 0.0170963614459549 0.978547889255379 -0.530490763657782 0.838281979957754 -0.125947893002988 0 0 0 0 0 0
9.11960546616268 399.091966713883 -181.425541016996 0.509986798058206 0.389626696774008 0.766879718709078 -0.204029063040217 0.92088188620274 -0.332187737730662 0 0 0 0 0 0
8.81813549069312 399.641402371369 -181.466167057512 0.849522469358015 0.307806158783247 0.428447129376499 -0.253568573937692 0.950417380972647 -0.180027165328738 0 0 0 0 0 0
8.60015196844073 399.977167107088 -181.274793473101 0.85734230903896 0.275712258834996 -0.434680245076595 -0.384347993854254 0.904607352339744 -0.184288246269501 0 0 0 0 0 0
8.55931870577588 400.483501741071 -181.166082970829 0.40373984092346 0.0154816361586333 -0.914742838065951 -0.351163139943133 0.925890757046175 -0.139322486202843 0 0 0 0 0 0
8.64517335440608 400.977702468698 -181.261087896282 -0.347452832922436 -0.326692503140321 -0.878947403025963 -0.244706690890796 0.936456075724866 -0.251333749566709 0 0 0 0 0 0
9.70283397727681 400.665023677461 -180.745473066145 0.761658430098603 -0.389020172875437 0.518208202323832 -0.0545971663027405 0.75835802524602 0.649547731099623 0 0 0 0 0 0
9.64507932179811 400.871783430963 -180.127806223604 0.833115407037535 -0.534263096754122 0.143114157243013 0.323804347497678 0.680898893764977 0.656907482840037 0 0 0 0 0 0
-72.6523764582216 -74.3029378752139 93.8726488391513 -0.569760529048965 -0.79717837092139 0.19969873427982 0.639985362811511 -0.277960777031466 0.716349455097917 0 0 0 0 0 0
-73.3293724726959 -73.692463932899 93.8844073817191 -0.471878166660472 0.306237251472465 0.826770670524628 -0.411438668434497 0.7528833385254 -0.513697285069424 0 0 0 0 0 0
-73.7611769866331 -73.6077459841881 93.7447201756783 0.310067624293357 0.697362281254054 0.646176382305339 -0.382220664250395 0.713764854556758 -0.586896154544871 0 0 0 0 0 0
-73.938560069155 -73.1080490863749 93.722148428809 0.841825071898088 0.381503509169491 0.381818832452176 -0.0212556178888598 0.730282016981389 -0.682815036727924 0 0 0 0 0 0
-74.9810073106854 -73.183853900386 94.5101320666223 -0.479379090702887 -0.177997802491453 0.859367482340987 0.221008648961655 0.923171761120257 0.314498134420965 0 0 0 0 0 0
-75.1361266754651 -72.7005833016215 94.6921038224553 0.142905481831169 -0.506754200404836 0.850163633446325 0.145568636647774 0.860399945725628 0.488386839933106 0 0 0 0 0 0
-75.3547456982984 -72.4950953079236 95.0557470779515 0.91434847087989 -0.142821957729082 0.378904687474356 0.0267968899523726 0.955023724881626 0.295316121473421 0 0 0 0 0 0
-75.8932690710138 -71.8753163756201 94.8921334427992 0.131683258051082 -0.433347045332898 0.891554741925755 -0.86402926959506 0.390688700532498 0.317514976905429 0 0 0 0 0 0
-76.4100432428447 -71.8679082097025 95.0816733597236 0.495606801330112 0.0571240039637379 0.866666456398588 -0.785487189831695 0.455305563916153 0.419173851853023 0 0 0 0 0 0
-76.8261668581155 -71.9809065128925 95.4081947118461 0.487215081296267 0.758699468472123 0.432431013107974 -0.873102516481249 0.413161833088661 0.258822903532373 0 0 0 0 0 0
-77.1855936858421 -71.8557530307247 95.7000838092567 0.305897304135323 0.882512571507553 -0.357209183048067 -0.841195900295434 0.426248530779344 0.332718570769059 0 0 0 0 0 0
-76.4720393706611 -72.4256752675744 95.5825484638579 0.130482286603005 -0.280358447991148 -0.950985548535227 0.951697480209219 -0.233469605232302 0.199408750048978 0 0 0 0 0 0
-75.8873289227637 -72.5186817949846 95.9723818798948 0.259002565889634 0.472804646617867 -0.842243098516776 0.957904975161251 -0.0139363532883179 0.286746990600333 0 0 0 0 0 0
-75.7175719538504 -72.934682468136 97.2502622497377 0.0648784854583864 0.57412837936865 0.816190778021997 -0.971513746896122 0.223160732204956 -0.0797516595037731 0 0 0 0 0 0
-76.1935472337407 -72.9945462191504 97.3277173075944 0.414752758652389 0.908463119384432 0.0517195312095947 -0.855961299711066 0.408805262933597 -0.316557278221077 0 0 0 0 0 0
-76.5529607643929 -72.6221676455851 97.4225390941258 0.547313263068317 0.529857240709433 -0.647842184900997 -0.836404187179 0.373664072334667 -0.401002739037665 0 0 0 0 0 0
-76.1769165512249 -72.5725229217504 98.2059971150394 -0.175114146897108 0.903101901917014 0.392099464817756 -0.953413979933699 -0.254908865144322 0.161317244390728 0 0 0 0 0 0
-76.4644996481804 -72.7329143416928 98.5287393930525 -0.243451511063919 0.833082837829546 -0.496693413560684 -0.952837724195797 -0.30109383751196 -0.0379838434297558 0 0 0 0 0 0
-76.5712403096073 -73.9508339217731 99.4625385932546 0.0105821279833125 -0.953692154112257 0.300598226461947 -0.554366342063588 -0.255782853599451 -0.79199311271725 0 0 0 0 0 0
-76.5738884339501 -74.1877330482065 99.0397148986034 -0.702976994022562 -0.206859568866831 0.680464888618973 -0.622344133881162 -0.284196699274729 -0.729328468623744 0 0 0 0 0 0
259.6923064323 -17.7295657194725 83.9686600683367 -0.0414529136556184 0.361436125950035 -0.931474950177239 -0.864952718851311 -0.479649847258204 -0.147623907877105 0 0 0 0 0 0
259.183336989666 -17.7120131397619 83.9554565258353 0.427127688847704 -0.415329422036772 -0.803158395716699 -0.853450755141899 -0.478561229208522 -0.206399996235833 0 0 0 0 0 0
258.484639392252 -16.5934237692604 84.3230748719833 -0.247199392474087 0.951142101256267 0.184989631001995 0.226275610242503 0.242301162137099 -0.943445544287742 0 0 0 0 0 0
257.908597640116 -17.0277315662373 84.9762376757652 -0.0634307771824762 -0.590887243330361 0.804256676798815 -0.987709322917169 0.152523507589898 0.034159523635178 0 0 0 0 0 0
257.245338496977 -16.8429816965575 85.0076730033279 0.373700664437647 -0.551654896356337 0.745670630187981 -0.900736201431744 -0.0239341898932843 0.433706640466186 0 0 0 0 0 0
256.839976379494 -15.9296838749838 84.664546638103 0.655287552274955 0.549287848947471 -0.518537445930531 -0.427271844122047 -0.296561864939786 -0.854101768809772 0 0 0 0 0 0
256.545030892948 -15.8940012016629 84.1896987646399 0.868217364691205 -0.470494691185748 -0.15758601846194 -0.409747346639382 -0.500737307219698 -0.762475744584936 0 0 0 0 0 0
256.629600035774 -15.9160872461741 83.7037474569512 0.190071816270402 -0.92019077251828 0.342230400215822 -0.457025545449461 -0.391443201078791 -0.798686340897234 0 0 0 0 0 0
255.841026150773 -15.5386322818907 83.1460253967523 -0.798276969661586 -0.261456882524308 0.542581033845255 -0.0498580745223686 0.926457151707402 0.373083527450799 0 0 0 0 0 0
255.488782670895 -15.1076847546206 83.1623428159114 -0.209169340918239 -0.434392909940626 0.876099872510631 -0.262791665465439 0.887930846793941 0.377517353076248 0 0 0 0 0 0
255.269875803468 -14.6406526074244 82.2373239850543 -0.0108300315088906 -0.824283252705339 -0.566074049685218 -0.129974417035441 0.56246501275322 -0.816541340254624 0 0 0 0 0 0
255.153523356015 -13.8552910191733 81.6579692107192 -0.333889229186688 0.898908454641281 -0.283692743663886 -0.920103278584346 -0.376183488924429 -0.109068507824125 0 0 0 0 0 0
255.704595161981 -15.0289209895037 81.3484161939792 0.555283739906193 -0.753822319177686 0.351300269435374 -0.692644533876611 -0.652986734409396 -0.306352532837915 0 0 0 0 0 0
255.492409517534 -15.7115980312552 80.9515574628693 0.16816653872789 -0.806163823188331 0.56729172868521 0.550422699905578 -0.400625619652521 -0.732484787764693 0 0 0 0 0 0
255.900337217696 -15.9019192693568 80.8482680188541 -0.498081808305495 -0.864527821906178 0.0671279180765162 0.692587007921843 -0.443210978673275 -0.569110942471982 0 0 0 0 0 0
256.204419723692 -14.9468220121912 80.3892423131773 -0.521278591479716 0.748061461862353 0.410697795637233 -0.450907230840338 -0.650028803618934 0.611674115556344 0 0 0 0 0 0
256.680880335489 -15.6416409620868 80.0923904972327 -0.796101000302308 -0.372312792189858 0.477081106405877 0.210444249938048 -0.909468687042478 -0.358580430248564 0 0 0 0 0 0
257.549996147351 -14.4293966009326 79.8106934983871 0.172811834113956 0.982441663435142 0.0703167685332731 -0.730117674024243 0.175691426181567 -0.660348926586329 0 0 0 0 0 0
257.251203543625 -15.2879421824174 78.8977597071332 -0.659921613451321 -0.102063664767785 -0.744369849224144 0.690478949942032 -0.472979802468216 -0.547292358930834 0 0 0 0 0 0
257.497157353204 -15.597524919645 78.5114871650697 -0.854524832410686 0.0770108255790335 -0.513669780634529 0.325425915183271 -0.691404354167985 -0.645025575279524 0 0 0 0 0 0
-64.7376615847644 -278.460890493027 -26.6630080008275 0.990244809033217 -0.00395694167522293 -0.139282306110096 0.0995290992501887 0.719647024610613 0.687169643080613 0 0 0 0 0 0
-64.2588126086607 -277.93052122408 -26.8698387969304 0.984516947881569 0.170182791483876 0.0420023429907868 -0.145715761917877 0.92776302951107 -0.343544287976287 0 0 0 0 0 0
-64.3357497092005 -277.730631652767 -27.7595353321604 0.812929913707881 0.57949832561255 -0.0576770839341638 -0.215292925972841 0.207030506472019 -0.954351782843199 0 0 0 0 0 0
-64.3454306472633 -278.375789845898 -28.1097238293832 -0.223808560540699 0.701236121658537 -0.676888196019102 0.974428558178395 0.14676492049436 -0.170144183323027 0 0 0 0 0 0
-64.5556158438333 -279.157673262648 -28.321535766145 0.78293919058117 -0.432176189922394 -0.447470630004098 -0.615101609024309 -0.645371200714037 -0.452930484583041 0 0 0 0 0 0
-65.230904971799 -278.742340625949 -28.662526900371 0.00155235021219116 0.867255423089114 0.497861046208018 0.112366429324412 0.494557322648166 -0.861850822460569 0 0 0 0 0 0
-65.7061921748868 -278.679717326966 -28.276192772944 0.232404264894936 -0.420378461480821 0.877080501882047 -0.951817118816817 0.0872070093946235 0.294005288795455 0 0 0 0 0 0
-66.1483929175602 -278.989454616185 -28.2750509564973 0.231304363009694 0.215056926253649 0.948814423437488 -0.972762281897359 0.0358605462318172 0.229014331738866 0 0 0 0 0 0
-66.1046092626419 -279.743915635639 -28.9361691781412 -0.512525838477136 -0.485654736191743 0.708136104225619 -0.840784780629857 0.116389673858464 -0.528710125191795 0 0 0 0 0 0
-65.4645147540185 -279.734531703635 -29.6866367610272 -0.284444599389538 0.714807581925605 -0.638859445183207 0.919279096192833 0.392474075831621 0.0298335901795653 0 0 0 0 0 0
-65.0827398554387 -279.626104835015 -29.9139017018058 -0.347747045214556 0.930835179584947 0.112329252608593 0.936637674642962 0.339498307131136 0.0863178191019537 0 0 0 0 0 0
-65.1423198673492 -280.06017752864 -30.7892171759752 0.24062142164768 -0.916008648077764 -0.320982068176707 -0.853873640842643 -0.042525796467239 -0.518740168204619 0 0 0 0 0 0
-65.3470219203475 -280.302889356905 -31.1980427612795 0.595826090754749 -0.00888345379322828 -0.803064352231263 -0.00871929999632044 -0.999951441552234 0.00459220482808054 0 0 0 0 0 0
-65.3915677237276 -280.75906055447 -31.3845798286914 0.957622038910314 0.218799769572111 -0.18731441863467 0.242741125360273 -0.963135934393925 0.11595653469283 0 0 0 0 0 0
-65.3391632146223 -281.024734466113 -31.6577032795208 0.602263530712613 -0.127163202531564 0.788104155232983 -0.0399372970321016 -0.990794660129103 -0.129348188102601 0 0 0 0 0 0
-65.2078116966619 -281.491881654482 -31.8203761345796 -0.283533703703084 -0.100666946889528 0.953663884536031 -0.475546145988625 -0.848823824240673 -0.230984801311265 0 0 0 0 0 0
-65.2805049936102 -281.985333510879 -31.7653313217324 -0.848221677632947 0.436533675141195 0.299930552063757 -0.528916532670023 -0.727769394010476 -0.436576465936891 0 0 0 0 0 0
-65.7555281188304 -282.349377957325 -31.7776148855296 -0.643930291694264 0.745105829218702 -0.173698251870451 -0.56424026695686 -0.615818255685678 -0.549909808158301 0 0 0 0 0 0
-66.1616375384907 -282.819179637583 -30.9827351147578 -0.0539571976690079 -0.418843675372939 0.90645385785477 -0.338115598590029 -0.846487795529931 -0.41126178282085 0 0 0 0 0 0
-66.2561920012319 -283.118514081154 -32.0689487246324 -0.142324632124484 0.663211433113083 -0.734774995545385 0.815287072987394 0.499498642206796 0.292930188019628 0 0 0 0 0 0
240.260419866172 -107.871783211807 -153.3311658497 -0.878550410330825 0.337290292265317 0.338207680650686 -0.476781796967235 -0.661921066920396 -0.578394000010079 0 0 0 0 0 0
241.093964738203 -109.024848908829 -153.69064930221 0.304605026340604 -0.9003658820016 0.310736313384068 -0.791348648565581 -0.420789305291073 -0.443512882525507 0 0 0 0 0 0
241.922058995412 -109.12865417466 -153.86970571617 0.861291707886302 -0.36000380861874 0.358571961684538 0.506150576852551 0.669811478418737 -0.543290140652613 0 0 0 0 0 0
242.131548825929 -108.692007593949 -153.744102651299 0.551978320184272 -0.595682974295744 -0.58350812177786 0.436536378430808 0.80264512826597 -0.406444077798435 0 0 0 0 0 0
242.186926276295 -108.305660285406 -154.57456004395 0.686113071564056 -0.0181736974659757 -0.727267880322892 -0.372013481473872 0.850332319697896 -0.372210848416437 0 0 0 0 0 0
241.339677689359 -108.849369147204 -155.015366688305 -0.567177189318739 -0.22516591516884 -0.79221862295876 -0.597074929606582 0.774962841357633 0.207205508976472 0 0 0 0 0 0
241.100065499463 -108.460931644723 -155.135750057612 -0.699326896569833 -0.708251871139965 -0.0965462519248906 -0.713307781478283 0.7001988401131 0.0302257040745072 0 0 0 0 0 0
240.749135378168 -108.203514083975 -155.329000965508 -0.440352325382985 -0.591161737781822 0.675734880935248 -0.70024176985444 0.697185095019605 0.153604710323695 0 0 0 0 0 0
240.275703130965 -108.247684384607 -155.473897671028 -0.0247964757355982 0.0732733350288344 0.997003587338003 -0.854339847793944 0.516332575937737 -0.059195400977786 0 0 0 0 0 0
240.451584021264 -108.02271631631 -156.686817978945 0.69620706533937 0.716303990988566 -0.0469501295567426 0.281205997604759 -0.211969907731241 0.935944413481656 0 0 0 0 0 0
239.316671756106 -107.884280906514 -156.920555560375 -0.889105744647933 -0.32847976018517 -0.31873503413139 -0.293611356608027 0.943541972226852 -0.153365308714378 0 0 0 0 0 0
239.095786301839 -107.494121393102 -157.257981652016 -0.79520018580374 -0.248637213578222 0.553024593053288 -0.365672588350741 0.924185311801121 -0.110295365178841 0 0 0 0 0 0
238.695498547423 -107.300524009674 -157.397975131987 -0.00377820746173383 0.208044970658782 0.978111964619574 -0.456599130060046 0.869845025366233 -0.186780262003313 0 0 0 0 0 0
238.227530956895 -106.514846901895 -157.318397795848 -0.243306725493612 0.968780158568815 -0.0476113609651864 0.49828965577874 0.0827287969445579 -0.863054670979777 0 0 0 0 0 0
238.108627778765 -106.341034056337 -157.775890204213 0.691600241615378 0.682160354058947 0.23737387629586 0.414584382104264 -0.105809424621597 -0.903838567320775 0 0 0 0 0 0
237.286659929695 -107.373425581412 -157.153027398632 -0.585163698169898 -0.807953928371269 -0.0692379662725895 -0.807749624016953 0.57321388060689 0.137718524462257 0 0 0 0 0 0
236.789793476251 -107.116248747152 -157.332258522087 -0.270511622868233 -0.785936062291932 0.555992776825605 -0.827247979864461 0.485165445647255 0.283328908091054 0 0 0 0 0 0
237.40074203751 -106.005212744282 -157.395859955502 0.910622954110066 0.19591913636793 0.363842723512098 0.300663948565474 0.289900298309477 -0.908602777385748 0 0 0 0 0 0
237.611858212168 -105.499589041131 -157.675859528851 0.814572982808511 -0.570003846554464 -0.107547527128984 0.0841253977861778 0.299535059862655 -0.950369225806682 0 0 0 0 0 0
237.459427514922 -105.472657254089 -158.155349430403 0.838264209443963 0.383164160403239 0.387941157068658 0.543032887908407 -0.650948480101459 -0.530453917794426 0 0 0 0 0 0
352.137937666386 197.875880155349 -102.196070961534 -0.955811514826584 0.00131451708634923 0.293977244305984 -0.234569794349211 0.59936011951056 -0.765339440195823 0 0 0 0 0 0
351.857220893983 197.996420272329 -102.568775693498 -0.186112160614569 0.562392144192951 0.805653362074181 0.107452925985852 0.826711662821174 -0.552269585666754 0 0 0 0 0 0
352.413422377466 197.946374747586 -103.371788887523 0.215597931725686 -0.925492997772432 -0.311416510335924 -0.429767428235759 0.196434343818727 -0.881313511865175 0 0 0 0 0 0
351.662908969142 197.973279765896 -103.920462018469 -0.960105724833335 0.222678625501654 -0.169148534983162 -0.0653859620491306 -0.766886367679532 -0.638443400023999 0 0 0 0 0 0
351.24417929622 197.54251707372 -103.560067534685 -0.359176104802731 0.141229184487649 0.92252200146538 -0.537954233063406 -0.839074041628547 -0.0809938009621585 0 0 0 0 0 0
351.197658513504 197.135344558435 -103.419466177372 -0.837825643708693 0.491836210705012 0.236950063480578 -0.539553694592609 -0.812153221764847 -0.222011159693483 0 0 0 0 0 0
350.982783622776 196.869613538442 -103.154297780693 -0.596695706391199 0.167035319633513 -0.784890715940275 -0.421173657975837 -0.897739623979926 0.129136816453074 0 0 0 0 0 0
350.5543195411 196.723030140121 -103.107115917829 -0.148622051861651 -0.265995474266677 -0.952448367823725 -0.551633625962756 -0.777067782508002 0.303094051566967 0 0 0 0 0 0
350.100253172108 196.591655064759 -103.22287029126 0.588847771934874 -0.749096607451845 -0.303500534087621 -0.630700290601113 -0.660699456280407 0.407054507291647 0 0 0 0 0 0
349.758352840938 196.203957948986 -103.342995266091 0.834406115008438 -0.447923453652419 0.321140179523857 -0.541586768103693 -0.774433984241955 0.327010361710646 0 0 0 0 0 0
349.24346475507 196.128521980059 -104.131320181827 0.915171393347882 0.159142924320522 -0.370317229461997 0.200915553614553 0.616357490826219 0.761404218413692 0 0 0 0 0 0
348.660559394757 195.44896833246 -104.200739752291 0.783080523255439 -0.512317687959317 0.352584005170411 -0.620742757163885 -0.608983877424444 0.493778357631912 0 0 0 0 0 0
348.441772373272 195.02770377276 -104.038445410979 0.609525910420342 0.227372506403296 0.759460274048707 -0.594325331627271 -0.502932559843864 0.627563734161745 0 0 0 0 0 0
348.508876398084 194.618946980382 -103.774374981265 -0.384403157798089 0.701718164591028 0.599854840572164 -0.487281235256405 -0.70611864089144 0.513764014653244 0 0 0 0 0 0
347.814365562663 194.226495059784 -104.00307850223 -0.642368765866698 0.113577713374498 -0.757933025842993 0.615372295335641 0.665911669610855 -0.421756548745161 0 0 0 0 0 0
348.613137911957 193.888749090193 -103.515019569324 0.510915918114895 0.852929261498639 0.107128891976909 -0.714696116375574 0.352214138677944 0.604280284100868 0 0 0 0 0 0
348.816165648018 192.561755598127 -103.891611860768 0.760773935491162 -0.619315081523812 -0.194092372015088 0.210168723563985 0.518025879479912 -0.829143109375305 0 0 0 0 0 0
349.086432614999 192.951658552998 -104.063764952576 0.174366616825426 -0.886198541351114 -0.42924168977863 0.328486388377173 0.46329883672711 -0.823074043168795 0 0 0 0 0 0
349.412753616727 193.057183682565 -104.394993735716 -0.777004883201917 -0.465891471954328 -0.423330305837657 0.160079116715907 0.504147184949084 -0.848652044302828 0 0 0 0 0 0
350.155540004946 193.773675907436 -103.83244966955 0.878890445582648 -0.0184092471632162 -0.476668316843503 0.251491075194466 -0.831220876549818 0.495806508111062 0 0 0 0 0 0
-183.187076015547 258.901302817164 108.22262004982 0.865423017749759 -0.494984712964284 0.0776732533151885 0.446284458228372 0.691056022756746 -0.568569921606337 0 0 0 0 0 0
-182.876686844361 259.295944878043 108.097631507858 0.394623399932779 -0.810547008455709 -0.432765432202013 0.452874883438964 0.581384087138807 -0.675941479102978 0 0 0 0 0 0
-182.504881358885 259.560207653502 107.800835306883 -0.13753331886952 -0.854510720326788 -0.500895213639868 0.413612160232283 0.409953566379893 -0.812934840144271 0 0 0 0 0 0
-182.213122186767 259.612473941847 107.345467552319 -0.63658080835223 -0.661882383477543 -0.395823931666225 0.347952060139536 0.211547313273571 -0.913332961242168 0 0 0 0 0 0
-181.602478306263 259.470165577942 106.579190329589 -0.0425422995625709 -0.884707493560302 -0.464201253322497 0.338198789695507 -0.449944739995823 0.826541777285689 0 0 0 0 0 0
-181.359029839326 259.111230066346 106.984745527925 0.232660527764992 -0.532363882166327 -0.813915091262542 0.603701212237309 -0.577077627544725 0.550023870509776 0 0 0 0 0 0
-181.281593231472 258.641126388529 107.087657618772 0.744216674500658 0.262957766773075 -0.613998985576442 0.62255164528246 -0.606149465435223 0.494987145801479 0 0 0 0 0 0
-181.022099235343 258.366452329646 107.008088391027 0.651955209364618 0.664970070831865 0.364375095032854 0.439825427259205 -0.723081621486046 0.532641119521736 0 0 0 0 0 0
-180.567229941844 258.119993180291 107.157892260781 -0.0349755742864448 0.5284221885949 0.848260985666504 0.410624337996995 -0.766227264117257 0.49425037457539 0 0 0 0 0 0
-180.213722341656 257.711180928666 107.331642561818 -0.519773670428096 0.524466174544575 0.674366786910716 0.183578366560285 -0.702365995142931 0.687736135591215 0 0 0 0 0 0
-180.10143215172 257.439697639614 107.787261881497 -0.664926043991985 0.643156457616972 0.379767201120315 0.0348918892713882 -0.481149299320187 0.875944009527302 0 0 0 0 0 0
-180.485056093324 256.999259626346 108.33894457179 -0.712272775330106 0.498202973843592 0.494430268467607 -0.697140701105309 -0.420218308196079 -0.580871256234308 0 0 0 0 0 0
-179.275402706947 257.069065341235 108.094862591491 0.608494798238884 -0.00316222750850289 -0.793551561546825 -0.289084851741228 -0.932161655426021 -0.217955492353764 0 0 0 0 0 0
-179.945954403365 256.47743406213 108.865120126915 -0.495369434963941 0.422490400395273 0.759019752363103 0.181701931442639 -0.804037132586855 0.5661348757421 0 0 0 0 0 0
-179.759054416393 256.266381088185 109.344221285529 -0.945451614345919 0.208548265414167 0.250257599132252 0.0273296715424176 -0.714734349909611 0.698861859105696 0 0 0 0 0 0
-179.428059862269 255.835160592924 110.287586747071 -0.152513049291431 -0.191726886588403 0.969525951563416 -0.809612952544957 0.586855230168138 -0.0113051269669855 0 0 0 0 0 0
-179.852618085962 254.836785381413 109.832593936645 -0.329644632600909 -0.935654531865905 -0.126035761576649 -0.907558297419297 0.350831518833836 -0.230770843431599 0 0 0 0 0 0
-180.162466252878 254.858287019791 109.434430930484 -0.493604059436942 -0.40827060368072 0.76789982854377 -0.775029936931381 0.607090009594439 -0.175414700383871 0 0 0 0 0 0
-180.64629145167 254.946416112562 109.263037917683 -0.05775836228536 0.469799477406645 0.880881616685555 -0.681084907117437 0.626584761218284 -0.378833586559929 0 0 0 0 0 0
-181.188553951434 254.761503162893 108.442983165416 -0.519788247480325 -0.846446294729423 0.115537214438308 0.211076700102152 -0.258297455659655 -0.942724270968842 0 0 0 0 0 0
78.2455324679281 76.5375983838321 -210.758496374422 0.929852155527107 -0.251350860365769 -0.268696322741827 0.0116407488937817 0.750016933805694 -0.661316181542458 0 0 0 0 0 0
78.5018974511115 77.4814885720876 -210.247893404072 0.609849164133162 0.709853247090121 0.352409370763173 0.571129805981353 -0.701936669693072 0.425553353247159 0 0 0 0 0 0
77.9666887459799 78.1915054494517 -210.35202195091 -0.612749067102048 0.593146704299366 -0.522221761270411 0.10470626046573 -0.594048546219436 -0.797585684270886 0 0 0 0 0 0
77.6806296096752 77.8867810596791 -210.622243186813 0.0879880432020214 0.812101183260067 -0.576844669214407 0.174636553214721 -0.582697820874205 -0.793703549084754 0 0 0 0 0 0
78.2683103503691 77.4705612510735 -210.928605429222 0.770441582874359 -0.569646714018108 0.286220873778318 -0.513075570588603 -0.820529217773662 -0.251962817980993 0 0 0 0 0 0
78.4297767785827 77.1789514019109 -211.321908234207 -0.0051855867631755 -0.67208945005881 0.740451808566613 -0.362559287801347 -0.688816248760436 -0.627760255410122 0 0 0 0 0 0
78.5828073053899 76.8805620536554 -211.64194788054 -0.770977802230724 -0.254256872094989 0.583906389295369 -0.267280965631475 -0.703017603957577 -0.659035002057442 0 0 0 0 0 0
78.4673672971264 76.401306018147 -211.487257356778 -0.989409540312047 0.142341156913515 0.0284210588829256 -0.125288408195464 -0.738620586411614 -0.662376361369282 0 0 0 0 0 0
79.140462777713 76.7748637680074 -211.014110916844 -0.511029541006238 -0.372832602258786 0.774496390509275 0.799428507923411 0.124941407705951 0.587625480522931 0 0 0 0 0 0
79.3577726359659 76.9277454414673 -210.586477974291 -0.0327870393780785 -0.982004491472432 0.185989754494141 0.675534998958915 0.115373601596979 0.728245423766 0 0 0 0 0 0
79.4961119587596 76.8112983370161 -210.084779279431 0.378276834725158 -0.837614410062955 -0.394092294222057 0.634538459177195 -0.0753432755971958 0.76921020186118 0 0 0 0 0 0
79.6004680167626 76.5300341781193 -209.724147051856 0.793795081090092 -0.0332821327389916 -0.607273965255813 0.588386629694318 0.294722406238174 0.752954100366113 0 0 0 0 0 0
79.0594985277118 76.81881395928 -209.119745786237 -0.114722876375871 -0.958018348626126 0.262753697084774 -0.974603491887023 0.159750501455418 0.156932504237853 0 0 0 0 0 0
79.234651781382 78.2259738702145 -208.854488137735 -0.411027717337424 0.911621258444059 -0.00170197921750664 -0.229278773318751 -0.101568863257542 0.968047008219136 0 0 0 0 0 0
79.3320299674966 78.1906292373194 -208.409571355469 -0.884950790035924 0.337374447798878 -0.320999347642944 -0.411314781151667 -0.243047457224459 0.878491937551439 0 0 0 0 0 0
79.124654773529 78.3900504015471 -208.069626142816 -0.548128367086565 -0.78729366861621 -0.282354338645337 -0.242728153354858 -0.173323927501088 0.95448512807929 0 0 0 0 0 0
78.8043554602041 78.3505512021785 -207.780032314582 0.403956735659717 -0.91000913312315 -0.0932862977483744 -0.05029120657374 -0.123915056478009 0.991017584768005 0 0 0 0 0 0
78.401352616448 78.1575775673966 -207.279121405349 0.922064255565039 -0.344293556348077 0.176803437937401 -0.0328093698203086 0.385636865051661 0.92206710903552 0 0 0 0 0 0
77.7308369956678 77.9073590708787 -207.322329186246 0.843355844033984 -0.438653446514023 -0.310377309407593 -0.529725814072257 -0.775660435881959 -0.343134740463414 0 0 0 0 0 0
77.6003012919354 77.7692253596695 -207.677700193334 0.446753371631112 -0.701137846054438 0.555713186604725 -0.772423535250712 -0.615691537943999 -0.155839058951681 0 0 0 0 0 0
339.673052345788 351.749012948265 -179.878328212646 0.463836916150691 0.835342989309347 0.295054919341369 -0.608088732593706 0.0579939983640466 0.791747933023088 0 0 0 0 0 0
339.64509411169 351.577809045756 -179.438998420524 -0.245134708597205 0.939082162964489 -0.2409017763382 -0.568556386740873 0.0620175878762239 0.82030326946208 0 0 0 0 0 0
339.42441519862 350.750214107142 -178.773409106913 0.192367736461054 -0.936380142024628 -0.293576026934741 0.966003585966509 0.233346702413526 -0.111294152463546 0 0 0 0 0 0
339.100460221718 350.777139401705 -178.450840036919 0.140874251901005 -0.315993981905631 -0.938244237152968 -0.694945504937905 -0.706539536059782 0.133613731147017 0 0 0 0 0 0
338.411075072099 350.886950745078 -177.797207464069 -0.0922508942728457 -0.95907254420095 0.267711836618735 -0.99223199632015 0.11107632379076 0.0560153172950096 0 0 0 0 0 0
339.357064647287 351.588009613746 -178.111587781311 0.58394488375861 0.0489589258567675 -0.810315615245748 0.469867955458357 -0.83436737745064 0.288192962925059 0 0 0 0 0 0
339.765806977761 351.799551051065 -178.033149068982 0.359036415003402 -0.852799972648247 -0.379242744627572 0.893858976283022 0.431097346179943 -0.123171460309919 0 0 0 0 0 0
339.152739796903 352.6675179397 -177.397822706195 -0.730330065494138 0.626101784262132 -0.273156642202056 -0.62069575617534 -0.775220303807225 -0.117346746145587 0 0 0 0 0 0
338.716072264017 352.455496160378 -177.336202129547 -0.0166241662514833 0.322395702175582 -0.946459005089579 -0.635087388962376 -0.734520524362492 -0.239047291704386 0 0 0 0 0 0
338.268950089827 352.312829420639 -177.430000921214 0.660027583791759 -0.292192237887897 -0.692089072845451 -0.471308681453377 -0.878459021648747 -0.0785994533734522 0 0 0 0 0 0
337.546120411729 351.882053407054 -176.936107697099 -0.529647467725298 -0.30500757092609 -0.791482117049997 -0.847292320281805 0.233825159634671 0.476887322869141 0 0 0 0 0 0
337.828844613411 351.308533152548 -176.11617647831 -0.396565360426262 -0.856602856037528 -0.330102199232812 0.869156613306317 -0.466085564875522 0.165320984029733 0 0 0 0 0 0
338.112691316785 350.94660781751 -175.927124133804 -0.208448714424752 -0.45169284917819 -0.867480664600633 0.795506340395557 -0.59428736173467 0.118288605000286 0 0 0 0 0 0
338.694417175255 350.633264265583 -176.380440334455 -0.114533678688078 -0.390092528980198 -0.913624570203763 0.880101053176672 -0.466406112128135 0.0888114562814493 0 0 0 0 0 0
339.058191086455 350.258836321364 -176.325464529561 -0.247780029448584 0.0998984493270831 -0.963652093251762 0.849762080553451 -0.455312758702706 -0.265696628160769 0 0 0 0 0 0
339.336793117706 349.892908123002 -176.5965200557 -0.101490187721773 0.671413941056949 -0.734100171332616 0.800432330779439 -0.383086396136037 -0.461034594079987 0 0 0 0 0 0
339.579895134096 349.684118828741 -177.078272068655 0.19698897134776 0.920170023210286 -0.338352587625 0.665201186875207 -0.378967270636281 -0.643343756296977 0 0 0 0 0 0
339.766242917012 349.652917204857 -177.599742411365 0.581870570311373 0.646665448678415 0.493204254737387 0.769364673240512 -0.241094158040021 -0.59156707694774 0 0 0 0 0 0
340.053233826147 349.852282761109 -177.948323352503 0.65895029652055 -0.0833252340939108 0.74755696243074 0.734395168280613 -0.143607656550384 -0.663355544023111 0 0 0 0 0 0
340.561335264447 350.00135458231 -178.130433044449 0.401619383907445 -0.604003643036759 0.688390492139547 0.682708366146918 -0.303558905014409 -0.664651245375693 0 0 0 0 0 0
