           0   0.000000
       10000   0.000000
       20000  -0.518359
       30000   0.000000
       40000  -0.000616
       50000   0.000000
       60000  -1.035637
       70000  -0.001175
       80000   0.000000
       90000   0.000000
      100000   0.000000
      110000   0.000000
      120000  -3.726559
      130000  -2.662134
      140000  -3.366078
      150000  -3.103132
      160000  -1.231068
      170000  -0.000562
      180000  -0.812680
      190000   0.000000
      200000   0.000000
