           0   0.000000
       10000  -2.079317
       20000  -2.489286
       30000  -1.649003
       40000  -2.063742
       50000  -0.162557
       60000   0.000000
       70000   0.000000
       80000  -2.599230
       90000   0.000000
      100000   0.000000
      110000  -2.886204
      120000  -3.220964
      130000  -3.705547
      140000  -4.103827
      150000  -3.770475
      160000  -3.718298
      170000  -3.344796
      180000  -2.966499
      190000  -2.239749
      200000  -3.986506
