#id1 id2 FENE BEXC STCK NEXC HB CRSTCK CXSTCK total, t = 200000
0 1 0.0013005 0 -1.10977 0 0 0 0 -1.10847
1 2 0.00710998 0 -1.06359 0 0 0 0 -1.05648
2 3 0.00114604 0 0 0 0 0 0 0.00114604
3 4 0.0446833 0 0 0 0 0 0 0.0446833
4 5 0.153218 0 0 0 0 0 0 0.153218
5 6 0.00129212 0 -1.31587 0 0 0 0 -1.31458
6 7 0.00271014 0 0 0 0 0 0 0.00271014
7 8 0.0587577 0 -0 0 0 0 0 0.0587577
8 9 0.0468105 0 -1.11926 0 0 0 0 -1.07245
9 10 0.164811 0 -1.20249 0 0 0 0 -1.03768
10 11 0.00101308 0 -1.06601 0 0 0 0 -1.065
11 12 0.0330382 0 -1.3424 0 0 0 0 -1.30937
12 13 0.0141393 0 -1.17887 0 0 0 0 -1.16473
13 14 0.0640698 0 -1.37596 0 0 0 0 -1.31189
14 15 0.399962 0 -0.633933 0 0 0 0 -0.233971
15 16 8.32002e-05 0 -1.14682 0 0 0 0 -1.14673
16 17 0.0569411 0 -1.12981 0 0 0 0 -1.07287
17 18 0.0392485 0 -1.25004 0 0 0 0 -1.21079
18 19 0.0476884 0 -1.08694 0 0 0 0 -1.03925
20 21 0.0368663 0 -0.837441 0 0 0 0 -0.800574
21 22 0.0796199 0 0 0 0 0 0 0.0796199
22 23 0.03799 0 -1.13294 0 0 0 0 -1.09495
23 24 0.0114137 0 -1.21717 0 0 0 0 -1.20576
24 25 0.00161943 0 -1.20723 0 0 0 0 -1.20561
25 26 0.0024709 0 -1.25192 0 0 0 0 -1.24945
26 27 0.0653563 0 -1.31254 0 0 0 0 -1.24719
27 28 0.000287484 0 -1.34478 0 0 0 0 -1.34449
28 29 0.0721817 0 -0.471723 0 0 0 0 -0.399541
29 30 0.159486 0 -1.22496 0 0 0 0 -1.06548
30 31 0.0658231 0 -0.927478 0 0 0 0 -0.861655
31 32 0.112376 0 -1.23769 0 0 0 0 -1.12532
32 33 0.00668432 0 -1.19741 0 0 0 0 -1.19072
33 34 0.0929007 0 0 0 0 0 0 0.0929007
34 35 0.000442692 0 0 0 0 0 0 0.000442692
35 36 0.0574338 0 -1.23819 0 0 0 0 -1.18076
36 37 0.148148 0 0 0 0 0 0 0.148148
37 38 0.0774034 0 -0.905148 0 0 0 0 -0.827745
38 39 0.027653 0 -1.23796 0 0 0 0 -1.21031
40 41 0.00414076 0 -1.22474 0 0 0 0 -1.2206
41 42 0.0296686 0 -1.16298 0 0 0 0 -1.13331
42 43 0.0228899 0 0 0 0 0 0 0.0228899
43 44 0.205554 0 0 0 0 0 0 0.205554
44 45 0.00298719 0 -1.33708 0 0 0 0 -1.33409
45 46 0.0184292 0 0 0 0 0 0 0.0184292
46 47 0.00499872 0 -1.21581 0 0 0 0 -1.21081
47 48 0.176761 0 -1.19717 0 0 0 0 -1.02041
48 49 5.57214e-06 0 -0.943635 0 0 0 0 -0.943629
49 50 0.0650917 0 -1.12353 0 0 0 0 -1.05844
50 51 6.81889e-05 0 -1.27002 0 0 0 0 -1.26995
51 52 0.00365002 0 -1.40738 0 0 0 0 -1.40373
52 53 5.07057e-05 0 -1.20788 0 0 0 0 -1.20783
53 54 0.0156858 0 -1.40536 0 0 0 0 -1.38967
54 55 0.0513884 0 0 0 0 0 0 0.0513884
55 56 0.103088 0 0 0 0 0 0 0.103088
56 57 0.00572383 0 -0 0 0 0 0 0.00572383
57 58 0.121246 0 -1.19203 0 0 0 0 -1.07079
58 59 0.032679 0 0 0 0 0 0 0.032679
60 61 0.0165356 0 -1.19182 0 0 0 0 -1.17529
61 62 0.0221347 0 0 0 0 0 0 0.0221347
62 63 0.0606688 0 -1.26421 0 0 0 0 -1.20354
63 64 0.091016 0 0 0 0 0 0 0.091016
64 65 0.00333199 0 0 0 0 0 0 0.00333199
65 66 0.00394479 0 -1.36506 0 0 0 0 -1.36112
66 67 0.0595603 0 -0.930463 0 0 0 0 -0.870903
67 68 0.0604675 0 -1.12562 0 0 0 0 -1.06516
68 69 0.0117 0 -1.20715 0 0 0 0 -1.19545
69 70 0.0602551 0 -0.87085 0 0 0 0 -0.810595
70 71 0.148281 0 0 0 0 0 0 0.148281
71 72 0.00399114 0 -1.23698 0 0 0 0 -1.23299
72 73 0.0184689 0 -0.780024 0 0 0 0 -0.761555
73 74 0.0371758 0 0 0 0 0 0 0.0371758
74 75 0.323777 0 -1.04003 0 0 0 0 -0.716256
75 76 0.00543315 0 -1.29959 0 0 0 0 -1.29416
76 77 0.034436 0 -1.41045 0 0 0 0 -1.37601
77 78 0.248075 0 -1.05838 0 0 0 0 -0.810307
78 79 0.261853 0 0 0 0 0 0 0.261853
80 81 0.00428765 0 -1.2558 0 0 0 0 -1.25151
81 82 0.000134727 0 -1.28029 0 0 0 0 -1.28015
82 83 0.0271716 0 -0 0 0 0 0 0.0271716
83 84 0.0164046 0 0 0 0 0 0 0.0164046
84 85 0.0338035 0 -1.13309 0 0 0 0 -1.09928
82 86 0 0 0 0 0 -0.0159563 -0 -0.0159563
85 86 0.0217261 0 -0.919151 0 0 0 0 -0.897425
82 87 0 0 0 0 0 -0.144543 -0 -0.144543
81 87 0 0 0 0 -0.599359 0 -0 -0.599359
80 87 0 0 0 0 0 -0.194381 0 -0.194381
86 87 0.00123662 0 -1.34455 0 0 0 0 -1.34332
81 88 0 0 0 0 0 -0.175858 0 -0.175858
80 88 0 0 0 0 -0.880942 0 -0 -0.880942
87 88 0.0094532 0 -1.14339 0 0 0 0 -1.13393
80 89 0 0 0 0 -0 -0.0909256 0 -0.0909256
88 89 0.0427528 0 -1.28716 0 0 0 0 -1.2444
89 90 0.00460154 0 -0.955173 0 0 0 0 -0.950571
90 91 0.166948 0 -1.40744 0 0 0 0 -1.24049
91 92 0.00362299 0 -1.13382 0 0 0 0 -1.1302
92 93 0.00376681 0 -1.08305 0 0 0 0 -1.07928
93 94 0.0111574 0 -1.42909 0 0 0 0 -1.41793
94 95 0.0399154 0 -0.000719136 0 0 0 0 0.0391963
95 96 0.0678127 0 -1.3862 0 0 0 0 -1.31839
96 97 0.076275 0 -1.01115 0 0 0 0 -0.934872
97 98 0.0875618 0 -1.03636 0 0 0 0 -0.948801
98 99 0.0139689 0 0 0 0 0 0 0.0139689
100 101 0.0585892 0 -1.17165 0 0 0 0 -1.11306
101 102 0.00462911 0 -1.16837 0 0 0 0 -1.16374
102 103 0.000146042 0 -1.41724 0 0 0 0 -1.41709
103 104 0.17459 0 -1.32341 0 0 0 0 -1.14882
104 105 1.0413e-05 0 -1.0717 0 0 0 0 -1.07169
105 106 0.0175251 0 0 0 0 0 0 0.0175251
106 107 9.39128e-05 0 0 0 0 0 0 9.39128e-05
107 108 0.251732 0 0 0 0 0 0 0.251732
108 109 0.025877 0 -1.15508 0 0 0 0 -1.1292
109 110 0.0157539 0 0 0 0 0 0 0.0157539
110 111 0.1376 0 0 0 0 0 0 0.1376
111 112 0.013967 0 -1.03152 0 0 0 0 -1.01756
112 113 0.0612564 0 -1.30359 0 0 0 0 -1.24234
113 114 0.0152164 0 -0.0255192 0 0 0 0 -0.0103028
114 115 0.0108646 0 0 0 0 0 0 0.0108646
115 116 0.0316828 0 0 0 0 0 0 0.0316828
116 117 0.405849 0 0 0 0 0 0 0.405849
117 118 0.116097 0 0 0 0 0 0 0.116097
118 119 0.0188757 0 -1.36808 0 0 0 0 -1.3492
120 121 0.0239806 0 -0 0 0 0 0 0.0239806
121 122 0.901709 0 -0 0 0 0 0 0.901709
120 123 0 0 0 0 0 -0.00242223 0 -0.00242223
122 123 0.00514013 0 -1.30405 0 0 0 0 -1.29891
123 124 0.11266 0 -0.988162 0 0 0 0 -0.875501
124 125 0.0366557 0 -1.28529 0 0 0 0 -1.24863
125 126 0.00011834 0 -1.12969 0 0 0 0 -1.12957
126 127 0.10611 0 -0.571148 0 0 0 0 -0.465038
127 128 0.00355201 0 -1.33628 0 0 0 0 -1.33272
128 129 0.00927627 0 -1.07402 0 0 0 0 -1.06474
129 130 0.13885 0 -0.921848 0 0 0 0 -0.782998
130 131 0.0625186 0 -1.02594 0 0 0 0 -0.963426
131 132 0.303855 0 -0.629181 0 0 0 0 -0.325326
132 133 2.2927e-06 0 -1.03372 0 0 0 0 -1.03371
133 134 0.0424689 0 0 0 0 0 0 0.0424689
134 135 0.000266314 0 -0.986759 0 0 0 0 -0.986493
135 136 0.0299143 0 -1.36199 0 0 0 0 -1.33208
136 137 0.0312303 0 -1.08263 0 0 0 0 -1.0514
137 138 0.00349925 0 0 0 0 0 0 0.00349925
138 139 0.0351411 0 -0 0 0 0 0 0.0351411
140 141 0.00232576 0 -1.04955 0 0 0 0 -1.04722
141 142 0.0153868 0 -1.08646 0 0 0 0 -1.07108
142 143 0.00399222 0 -1.39915 0 0 0 0 -1.39516
143 144 0.00605286 0 -1.08706 0 0 0 0 -1.08101
144 145 0.0201084 0 0 0 0 0 0 0.0201084
145 146 0.166224 0 -1.34665 0 0 0 0 -1.18043
146 147 0.00771775 0 -1.40453 0 0 0 0 -1.39682
147 148 0.107226 0 -1.32282 0 0 0 0 -1.21559
148 149 0.0230485 0 -0.990232 0 0 0 0 -0.967184
149 150 0.00905784 0 0 0 0 0 0 0.00905784
150 151 0.0202829 0 -1.29557 0 0 0 0 -1.27529
151 152 0.0400012 0 0 0 0 0 0 0.0400012
152 153 0.257772 0 -1.12646 0 0 0 0 -0.868687
153 154 0.0155399 0 -0.932574 0 0 0 0 -0.917035
154 155 0.0451248 0 0 0 0 0 0 0.0451248
155 156 0.0238604 0 -0 0 0 0 0 0.0238604
156 157 0.0629608 0 -1.10673 0 0 0 0 -1.04377
157 158 0.00416502 0 -1.36518 0 0 0 0 -1.36101
155 159 0 0 0 0 -0 -0.0144263 0 -0.0144263
158 159 0.0288033 0 -0 0 0 0 0 0.0288033
160 161 0.0407459 0 -1.20137 0 0 0 0 -1.16063
161 162 0.000164028 0 -1.2883 0 0 0 0 -1.28813
162 163 0.0716754 0 0 0 0 0 0 0.0716754
163 164 0.0147006 0 -0.867538 0 0 0 0 -0.852838
164 165 0.0135024 0 -1.22854 0 0 0 0 -1.21504
165 166 0.053211 0 0 0 0 0 0 0.053211
166 167 1.05173e-05 0 0 0 0 0 0 1.05173e-05
167 168 0.000578826 0 0 0 0 0 0 0.000578826
168 169 0.115085 0 0 0 0 0 0 0.115085
169 170 0.0598506 0 0 0 0 0 0 0.0598506
170 171 0.0135804 0 -1.33569 0 0 0 0 -1.32211
171 172 8.67561e-06 0 -1.0837 0 0 0 0 -1.0837
172 173 0.00207435 0 -0.865868 0 0 0 0 -0.863794
173 174 0.000321962 0 -1.13133 0 0 0 0 -1.13101
174 175 0.0118181 0 0 0 0 0 0 0.0118181
175 176 0.0343069 0 -1.35304 0 0 0 0 -1.31873
176 177 0.0664785 0 0 0 0 0 0 0.0664785
177 178 0.0759723 0 -0 0 0 0 0 0.0759723
178 179 0.0114046 0 -1.04193 0 0 0 0 -1.03053
180 181 0.00266679 0 0 0 0 0 0 0.00266679
181 182 0.00593485 0 0 0 0 0 0 0.00593485
182 183 0.00116586 0 -0 0 0 0 0 0.00116586
183 184 0.0780132 0 -0.986824 0 0 0 0 -0.90881
184 185 0.0787057 0 0 0 0 0 0 0.0787057
185 186 0.000570125 0 -0.925477 0 0 0 0 -0.924907
186 187 0.0136915 0 -0.920196 0 0 0 0 -0.906505
187 188 0.0219921 0 -1.3106 0 0 0 0 -1.28861
188 189 0.00802897 0 -1.20635 0 0 0 0 -1.19832
189 190 0.0119409 0 0 0 0 0 0 0.0119409
190 191 0.114381 0 0 0 0 0 0 0.114381
191 192 0.000160229 0 0 0 0 0 0 0.000160229
192 193 0.00881675 0 -1.38136 0 0 0 0 -1.37254
193 194 0.0129842 0 -1.291 0 0 0 0 -1.27802
194 195 0.0588233 0 0 0 0 0 0 0.0588233
195 196 0.151674 0 0 0 0 0 0 0.151674
196 197 0.115175 0 -1.27886 0 0 0 0 -1.16368
197 198 0.00621284 0 -1.004 0 0 0 0 -0.997782
198 199 0.116098 0 0 0 0 0 0 0.116098
200 201 0.023772 0 -1.36631 0 0 0 0 -1.34254
201 202 0.00202324 0 -0.751529 0 0 0 0 -0.749506
202 203 0.0354129 0 -1.19962 0 0 0 0 -1.1642
203 204 0.0145287 0 -0 0 0 0 0 0.0145287
204 205 0.0470677 0 -1.26111 0 0 0 0 -1.21405
203 206 0 0 0 0 0 -0.00171149 0 -0.00171149
201 206 0 0 0 0 0 -0.176315 0 -0.176315
205 206 0.0048544 0 -1.17436 0 0 0 0 -1.1695
202 207 0 0 0 0 0 -0.0846763 0 -0.0846763
201 207 0 0 0 0 -0.863705 0 -0 -0.863705
200 207 0 0 0 0 0 -0.144238 0 -0.144238
206 207 0.0958129 0 -1.16174 0 0 0 0 -1.06592
201 208 0 0 0 0 0 -0.177417 0 -0.177417
200 208 0 0 0 0 -0.884858 0 -0 -0.884858
207 208 0.346393 0 -1.1789 0 0 0 0 -0.832503
200 209 0 0 0 0 -0 -0.182658 0 -0.182658
208 209 7.96384e-06 0 -0.962561 0 0 0 0 -0.962553
209 210 0.0708204 0 -1.04062 0 0 0 0 -0.9698
210 211 0.00480193 0 0 0 0 0 0 0.00480193
211 212 0.00369273 0 -1.28075 0 0 0 0 -1.27706
212 213 0.0103977 0 -0.692288 0 0 0 0 -0.681891
213 214 0.0121215 0 -1.26699 0 0 0 0 -1.25487
214 215 0.0223397 0 0 0 0 0 0 0.0223397
215 216 0.0100129 0 0 0 0 0 0 0.0100129
216 217 0.289624 0 -1.36467 0 0 0 0 -1.07505
217 218 0.010478 0 0 0 0 0 0 0.010478
218 219 0.0122615 0 -0.916168 0 0 0 0 -0.903906
220 221 0.0957835 0 -1.07376 0 0 0 0 -0.977981
221 222 0.0358233 0 -1.277 0 0 0 0 -1.24118
222 223 0.0639888 0 -0 0 0 0 0 0.0639888
223 224 4.06019e-06 0 -1.2068 0 0 0 0 -1.20679
224 225 0.20933 0 0 0 0 0 0 0.20933
225 226 0.0115673 0 -0.912707 0 0 0 0 -0.90114
226 227 0.0855641 0 -1.43099 0 0 0 0 -1.34542
227 228 0.000240241 0 0 0 0 0 0 0.000240241
228 229 0.1506 0 -0.892055 0 0 0 0 -0.741455
229 230 0.0148007 0 0 0 0 0 0 0.0148007
230 231 0.000379293 0 0 0 0 0 0 0.000379293
231 232 0.5412 0 -0 0 0 0 0 0.5412
232 233 0.12868 0 -1.24246 0 0 0 0 -1.11378
233 234 0.0108114 0 -1.01527 0 0 0 0 -1.00446
234 235 0.00465549 0 -1.37074 0 0 0 0 -1.36608
235 236 1.81588e-06 0 -1.23968 0 0 0 0 -1.23968
236 237 0.052179 0 0 0 0 0 0 0.052179
237 238 0.071543 0 0 0 0 0 0 0.071543
238 239 0.0219544 0 0 0 0 0 0 0.0219544
240 241 0.055478 0 0 0 0 0 0 0.055478
241 242 0.0607509 0 0 0 0 0 0 0.0607509
242 243 0.000312336 0 -0 0 0 0 0 0.000312336
243 244 0.146317 0 0 0 0 0 0 0.146317
244 245 0.0687931 0 0 0 0 0 0 0.0687931
245 246 0.0139055 0 0 0 0 0 0 0.0139055
246 247 0.000206225 0 -1.26295 0 0 0 0 -1.26274
247 248 0.0038658 0 0 0 0 0 0 0.0038658
248 249 0.0287033 0 -0 0 0 0 0 0.0287033
249 250 0.0125519 0 -0 0 0 0 0 0.0125519
250 251 0.0117513 0 -1.36753 0 0 0 0 -1.35578
251 252 0.0610232 0 -1.27259 0 0 0 0 -1.21157
252 253 0.0209508 0 0 0 0 0 0 0.0209508
253 254 0.118063 0 -0.630343 0 0 0 0 -0.51228
254 255 0.0900756 0 -0.964105 0 0 0 0 -0.874029
255 256 0.00157777 0 -0.994915 0 0 0 0 -0.993338
256 257 0.0135669 0 -1.33199 0 0 0 0 -1.31843
257 258 0.0168026 0 0 0 0 0 0 0.0168026
258 259 0.0911711 0 -0 0 0 0 0 0.0911711
260 261 0.00316351 0 -1.18742 0 0 0 0 -1.18426
261 262 0.0580592 0 -1.37726 0 0 0 0 -1.3192
262 263 0.000705558 0 -1.30908 0 0 0 0 -1.30837
263 264 0.14505 0 -0.791902 0 0 0 0 -0.646852
264 265 1.98996e-05 0 -0.843894 0 0 0 0 -0.843874
265 266 0.0510396 0 -1.23685 0 0 0 0 -1.18581
266 267 0.0528693 0 -0 0 0 0 0 0.0528693
267 268 0.0373586 0 0 0 0 0 0 0.0373586
268 269 0.0013924 0 -1.2619 0 0 0 0 -1.26051
269 270 0.00281324 0 -0.988269 0 0 0 0 -0.985455
270 271 0.057674 0 -1.10209 0 0 0 0 -1.04442
271 272 0.00199461 0 -1.4309 0 0 0 0 -1.4289
272 273 0.0293423 0 -0.812539 0 0 0 0 -0.783196
273 274 0.0102191 0 0 0 0 0 0 0.0102191
274 275 0.00469855 0 -0.98594 0 0 0 0 -0.981241
275 276 0.00669223 0 -1.21158 0 0 0 0 -1.20489
276 277 0.0045331 0 0 0 0 0 0 0.0045331
277 278 0.00548038 0 0 0 0 0 0 0.00548038
278 279 0.0148808 0 -1.12562 0 0 0 0 -1.11074
280 281 0.0237932 0 0 0 0 0 0 0.0237932
281 282 0.00958042 0 0 0 0 0 0 0.00958042
282 283 0.0141185 0 -1.08658 0 0 0 0 -1.07246
283 284 0.0748136 0 -1.23999 0 0 0 0 -1.16518
284 285 1.45274e-07 0 -1.39969 0 0 0 0 -1.39969
285 286 0.0549817 0 -1.23497 0 0 0 0 -1.17999
286 287 0.037978 0 0 0 0 0 0 0.037978
287 288 0.0541555 0 0 0 0 0 0 0.0541555
288 289 0.122486 0 -0.570082 0 0 0 0 -0.447596
289 290 0.551236 0 -1.1565 0 0 0 0 -0.605265
290 291 0.00352016 0 -1.37792 0 0 0 0 -1.3744
291 292 0.222868 0 0 0 0 0 0 0.222868
292 293 0.00656471 0 0 0 0 0 0 0.00656471
293 294 0.0179061 0 -0 0 0 0 0 0.0179061
294 295 0.102483 0 0 0 0 0 0 0.102483
295 296 0.00351112 0 -1.35829 0 0 0 0 -1.35478
296 297 0.0220377 0 -1.37805 0 0 0 0 -1.35601
297 298 0.129752 0 -1.41931 0 0 0 0 -1.28956
298 299 0.0181945 0 0 0 0 0 0 0.0181945
300 301 0.00414643 0 -1.16477 0 0 0 0 -1.16062
301 302 0.0168223 0 -1.27424 0 0 0 0 -1.25742
302 303 0.0349007 0 -1.19987 0 0 0 0 -1.16497
303 304 0.0201991 0 -1.20238 0 0 0 0 -1.18218
304 305 0.0176681 0 -1.21935 0 0 0 0 -1.20168
305 306 1.21086e-05 0 -1.34114 0 0 0 0 -1.34113
306 307 0.0946359 0 0 0 0 0 0 0.0946359
307 308 0.00538713 0 -1.09717 0 0 0 0 -1.09178
308 309 0.129531 0 0 0 0 0 0 0.129531
309 310 0.0361008 0 0 0 0 0 0 0.0361008
310 311 0.0275353 0 -1.35046 0 0 0 0 -1.32293
311 312 0.024367 0 -1.17538 0 0 0 0 -1.15101
312 313 0.0914747 0 0 0 0 0 0 0.0914747
313 314 0.194801 0 -1.38244 0 0 0 0 -1.18764
314 315 0.141021 0 0 0 0 0 0 0.141021
315 316 0.00651174 0 -1.39515 0 0 0 0 -1.38864
316 317 0.151824 0 0 0 0 0 0 0.151824
317 318 0.00101152 0 0 0 0 0 0 0.00101152
318 319 0.0262217 0 0 0 0 0 0 0.0262217
320 321 0.0160977 0 0 0 0 0 0 0.0160977
321 322 0.0176816 0 -0 0 0 0 0 0.0176816
322 323 0.0141747 0 -1.22506 0 0 0 0 -1.21089
323 324 0.011649 0 0 0 0 0 0 0.011649
324 325 0.034896 0 0 0 0 0 0 0.034896
325 326 0.0822081 0 -0 0 0 0 0 0.0822081
326 327 0.0011994 0 -1.19239 0 0 0 0 -1.19119
327 328 0.0489226 0 0 0 0 0 0 0.0489226
328 329 0.00703342 0 -0.561431 0 0 0 0 -0.554398
329 330 0.0118837 0 0 0 0 0 0 0.0118837
330 331 0.00823295 0 -1.36861 0 0 0 0 -1.36038
331 332 0.0184293 0 -0.231834 0 0 0 0 -0.213404
332 333 0.0130771 0 -0.949004 0 0 0 0 -0.935927
333 334 0.000158113 0 -1.0668 0 0 0 0 -1.06665
334 335 0.000882781 0 -0.95447 0 0 0 0 -0.953587
335 336 0.00437861 0 0 0 0 0 0 0.00437861
336 337 0.0235453 0 -1.10989 0 0 0 0 -1.08635
337 338 0.0643562 0 -1.12724 0 0 0 0 -1.06289
337 339 0 0 0 0 0 -4.68544e-07 0 -4.68544e-07
338 339 0.0317816 0 -0.957481 0 0 0 0 -0.925699
340 341 0.0905472 0 -1.27204 0 0 0 0 -1.18149
341 342 0.0509395 0 0 0 0 0 0 0.0509395
342 343 0.174089 0 -0 0 0 0 0 0.174089
343 344 0.0190711 0 -1.08017 0 0 0 0 -1.0611
344 345 0.0134024 0 -0.954304 0 0 0 0 -0.940901
345 346 0.200041 0 -0.967769 0 0 0 0 -0.767728
346 347 0.00362923 0 -0.981251 0 0 0 0 -0.977622
347 348 0.0401075 0 0 0 0 0 0 0.0401075
348 349 0.00169685 0 -0.730901 0 0 0 0 -0.729204
349 350 0.161224 0 -0.853155 0 0 0 0 -0.691931
350 351 0.175467 0 0 0 0 0 0 0.175467
351 352 0.0621228 0 -1.35879 0 0 0 0 -1.29666
352 353 0.141221 0 0 0 0 0 0 0.141221
353 354 0.107273 0 -0.730359 0 0 0 0 -0.623086
354 355 0.13807 0 0 0 0 0 0 0.13807
355 356 0.0951231 0 -1.20301 0 0 0 0 -1.10788
356 357 0.0309641 0 -1.37123 0 0 0 0 -1.34026
357 358 4.39055e-05 0 -1.10435 0 0 0 0 -1.1043
358 359 0.0475767 0 -1.06317 0 0 0 0 -1.0156
360 361 0.00597253 0 -0.974262 0 0 0 0 -0.96829
361 362 0.000206387 0 0 0 0 0 0 0.000206387
362 363 0.000325612 0 -0.00725086 0 0 0 0 -0.00692525
363 364 0.143238 0 0 0 0 0 0 0.143238
364 365 0.0165762 0 -0.939412 0 0 0 0 -0.922836
365 366 0.192895 0 -1.13289 0 0 0 0 -0.939999
366 367 0.113321 0 -1.23795 0 0 0 0 -1.12463
367 368 0.0097661 0 0 0 0 0 0 0.0097661
368 369 0.0527448 0 0 0 0 0 0 0.0527448
369 370 0.013962 0 -1.01747 0 0 0 0 -1.00351
370 371 0.00342427 0 -1.13965 0 0 0 0 -1.13622
371 372 0.000464503 0 0 0 0 0 0 0.000464503
372 373 0.012292 0 -0.999587 0 0 0 0 -0.987295
373 374 0.0243689 0 -1.4007 0 0 0 0 -1.37633
374 375 0.0136116 0 -1.26737 0 0 0 0 -1.25375
375 376 0.0120214 0 -1.24547 0 0 0 0 -1.23345
376 377 0.53566 0 -1.21157 0 0 0 0 -0.675906
377 378 0.134262 0 -1.38154 0 0 0 0 -1.24728
378 379 0.161482 0 0 0 0 0 0 0.161482
380 381 0.0179421 0 -1.18566 0 0 0 0 -1.16771
381 382 0.084566 0 0 0 0 0 0 0.084566
382 383 0.0200713 0 0 0 0 0 0 0.0200713
383 384 0.0169015 0 -1.33546 0 0 0 0 -1.31856
384 385 0.0121519 0 -1.17023 0 0 0 0 -1.15808
385 386 0.00052702 0 -1.37706 0 0 0 0 -1.37653
386 387 0.0173581 0 -1.36071 0 0 0 0 -1.34335
387 388 0.000723754 0 -0.574664 0 0 0 0 -0.573941
388 389 0.0513766 0 -1.26819 0 0 0 0 -1.21681
389 390 0.0478015 0 0 0 0 0 0 0.0478015
390 391 0.00104237 0 -1.41952 0 0 0 0 -1.41848
391 392 0.00214095 0 0 0 0 0 0 0.00214095
392 393 0.00316115 0 -1.34166 0 0 0 0 -1.3385
393 394 0.00219266 0 -1.34759 0 0 0 0 -1.34539
394 395 0.0352849 0 0 0 0 0 0 0.0352849
395 396 0.00966295 0 0 0 0 0 0 0.00966295
396 397 0.589518 0 -1.01903 0 0 0 0 -0.429517
397 398 0.0592391 0 -1.11688 0 0 0 0 -1.05765
398 399 0.0408018 0 -0 0 0 0 0 0.0408018
400 401 0.00182424 0 0 0 0 0 0 0.00182424
401 402 0.0264761 0 -1.25911 0 0 0 0 -1.23263
402 403 0.00752562 0 -1.25711 0 0 0 0 -1.24958
403 404 0.437632 0 -1.1034 0 0 0 0 -0.66577
404 405 0.0014154 0 -0.822958 0 0 0 0 -0.821543
405 406 0.0271434 0 -1.28499 0 0 0 0 -1.25785
406 407 8.93091e-06 0 -1.07693 0 0 0 0 -1.07692
407 408 0.0649073 0 -1.2633 0 0 0 0 -1.19839
408 409 0.146923 0 0 0 0 0 0 0.146923
409 410 0.0146121 0 0 0 0 0 0 0.0146121
410 411 0.00511282 0 -1.40373 0 0 0 0 -1.39862
411 412 0.0545035 0 -1.2947 0 0 0 0 -1.2402
412 413 0.0644617 0 0 0 0 0 0 0.0644617
413 414 0.0385158 0 -1.26723 0 0 0 0 -1.22871
414 415 0.071927 0 -1.2302 0 0 0 0 -1.15827
415 416 0.0399802 0 0 0 0 0 0 0.0399802
416 417 0.0442838 0 -0 0 0 0 0 0.0442838
417 418 0.0789268 0 0 0 0 0 0 0.0789268
418 419 0.00615231 0 0 0 0 0 0 0.00615231
420 421 0.0499819 0 -1.12706 0 0 0 0 -1.07708
421 422 0.0628822 0 -1.16074 0 0 0 0 -1.09786
422 423 0.0422504 0 0 0 0 0 0 0.0422504
423 424 0.0305901 0 -0 0 0 0 0 0.0305901
424 425 0.00220075 0 -0.342844 0 0 0 0 -0.340643
425 426 0.174065 0 -1.1089 0 0 0 0 -0.934831
426 427 0.0182411 0 0 0 0 0 0 0.0182411
427 428 0.0492096 0 -1.02196 0 0 0 0 -0.972748
428 429 0.0378334 0 -0.829181 0 0 0 0 -0.791348
429 430 0.0508052 0 -1.25024 0 0 0 0 -1.19944
430 431 0.00676732 0 -1.3857 0 0 0 0 -1.37893
431 432 0.0470068 0 0 0 0 0 0 0.0470068
432 433 2.32959e-05 0 -1.15011 0 0 0 0 -1.15008
433 434 0.0155449 0 -1.16417 0 0 0 0 -1.14862
434 435 0.00460988 0 -0.912544 0 0 0 0 -0.907934
435 436 0.104199 0 -1.03243 0 0 0 0 -0.928229
436 437 0.00276933 0 -0.662954 0 0 0 0 -0.660185
437 438 0.0261377 0 -1.42095 0 0 0 0 -1.39481
438 439 0.0016579 0 0 0 0 0 0 0.0016579
440 441 4.55471e-05 0 0 0 0 0 0 4.55471e-05
441 442 0.000542375 0 0 0 0 0 0 0.000542375
442 443 0.000112574 0 -1.24985 0 0 0 0 -1.24973
443 444 5.70477e-05 0 0 0 0 0 0 5.70477e-05
444 445 0.000432464 0 -1.23887 0 0 0 0 -1.23844
445 446 0.000119801 0 0 0 0 0 0 0.000119801
446 447 0.00386916 0 -0 0 0 0 0 0.00386916
447 448 0.0612838 0 -1.25693 0 0 0 0 -1.19565
448 449 0.141981 0 -1.17942 0 0 0 0 -1.03743
449 450 0.0467707 0 0 0 0 0 0 0.0467707
447 451 0 0 0 0 0 -0.0134961 0 -0.0134961
450 451 0.104803 0 -1.23523 0 0 0 0 -1.13043
451 452 1.30637e-05 0 -0.964655 0 0 0 0 -0.964642
452 453 0.0316402 0 -1.39918 0 0 0 0 -1.36754
453 454 0.00208456 0 0 0 0 0 0 0.00208456
454 455 0.000180768 0 -1.40429 0 0 0 0 -1.40411
455 456 0.000847353 0 -1.30955 0 0 0 0 -1.3087
456 457 0.00505244 0 -0.939837 0 0 0 0 -0.934785
457 458 0.0217558 0 0 0 0 0 0 0.0217558
458 459 0.0341513 0 0 0 0 0 0 0.0341513
460 461 0.00396587 0 -0.957865 0 0 0 0 -0.953899
461 462 0.160274 0 -0 0 0 0 0 0.160274
462 463 0.00403809 0 0 0 0 0 0 0.00403809
463 464 0.151407 0 -1.23432 0 0 0 0 -1.08291
464 465 0.0342945 0 -1.12892 0 0 0 0 -1.09462
465 466 0.0342168 0 -0.95131 0 0 0 0 -0.917093
466 467 0.030027 0 -1.18497 0 0 0 0 -1.15494
467 468 0.0264268 0 -1.20913 0 0 0 0 -1.1827
468 469 0.00289947 0 -1.07877 0 0 0 0 -1.07587
469 470 0.00724199 0 -1.18956 0 0 0 0 -1.18232
470 471 0.0717846 0 -1.18967 0 0 0 0 -1.11789
471 472 0.0469539 0 -0.284723 0 0 0 0 -0.237769
472 473 0.00299199 0 -1.07635 0 0 0 0 -1.07335
473 474 0.0394428 0 0 0 0 0 0 0.0394428
474 475 0.0201225 0 -1.43136 0 0 0 0 -1.41124
475 476 0.126508 0 0 0 0 0 0 0.126508
476 477 0.000358241 0 -0.977917 0 0 0 0 -0.977559
477 478 0.00973459 0 0 0 0 0 0 0.00973459
478 479 0.155272 0 0 0 0 0 0 0.155272
480 481 0.229358 0 -1.41128 0 0 0 0 -1.18192
481 482 0.0900199 0 0 0 0 0 0 0.0900199
482 483 0.234975 0 0 0 0 0 0 0.234975
483 484 0.00507084 0 0 0 0 0 0 0.00507084
484 485 0.264252 0 0 0 0 0 0 0.264252
485 486 0.0528045 0 -1.31892 0 0 0 0 -1.26612
486 487 1.59758e-07 0 -1.33503 0 0 0 0 -1.33503
487 488 0.0160517 0 -0 0 0 0 0 0.0160517
488 489 0.00199211 0 -1.0811 0 0 0 0 -1.07911
489 490 0.12715 0 0 0 0 0 0 0.12715
490 491 0.0910387 0 -1.06462 0 0 0 0 -0.973583
491 492 0.0390625 0 -1.23517 0 0 0 0 -1.1961
492 493 0.0397123 0 -1.32064 0 0 0 0 -1.28092
493 494 0.0308486 0 -1.09185 0 0 0 0 -1.061
494 495 0.0107855 0 -0.979145 0 0 0 0 -0.968359
495 496 0.0733174 0 -1.43771 0 0 0 0 -1.3644
493 497 0 0 0 0 0 -1.58364e-05 0 -1.58364e-05
492 497 0 0 0 0 0 -0.026925 0 -0.026925
496 497 0.0513019 0 0 0 0 0 0 0.0513019
497 498 0.0313945 0 0 0 0 0 0 0.0313945
498 499 0.00711472 0 -1.21579 0 0 0 0 -1.20867
500 501 0.0775597 0 0 0 0 0 0 0.0775597
501 502 0.0400113 0 -0.920072 0 0 0 0 -0.88006
502 503 0.000805183 0 0 0 0 0 0 0.000805183
503 504 0.0146371 0 -1.33084 0 0 0 0 -1.31621
504 505 0.0490095 0 0 0 0 0 0 0.0490095
505 506 0.167139 0 -1.34325 0 0 0 0 -1.17611
506 507 0.0114031 0 -1.42155 0 0 0 0 -1.41015
507 508 0.00553042 0 -1.19528 0 0 0 0 -1.18975
508 509 0.00810339 0 -1.14583 0 0 0 0 -1.13773
509 510 0.061066 0 0 0 0 0 0 0.061066
510 511 0.0240758 0 -1.22021 0 0 0 0 -1.19614
511 512 0.0166393 0 -1.33251 0 0 0 0 -1.31587
512 513 0.0243792 0 -0.879534 0 0 0 0 -0.855155
513 514 0.0239668 0 0 0 0 0 0 0.0239668
514 515 0.0692145 0 0 0 0 0 0 0.0692145
515 516 0.0266824 0 -1.0039 0 0 0 0 -0.977215
516 517 0.00672337 0 -1.26951 0 0 0 0 -1.26279
517 518 0.103099 0 -1.40348 0 0 0 0 -1.30038
518 519 0.193078 0 -0.99904 0 0 0 0 -0.805961
520 521 0.0320871 0 -0.76293 0 0 0 0 -0.730843
521 522 0.00560487 0 -1.06975 0 0 0 0 -1.06415
522 523 0.00150561 0 0 0 0 0 0 0.00150561
523 524 0.198096 0 -1.24152 0 0 0 0 -1.04342
524 525 0.000672552 0 -1.20963 0 0 0 0 -1.20896
525 526 0.000113719 0 -1.35383 0 0 0 0 -1.35372
526 527 0.0440978 0 0 0 0 0 0 0.0440978
527 528 0.0079877 0 -1.29845 0 0 0 0 -1.29046
528 529 0.00901554 0 -1.10206 0 0 0 0 -1.09304
529 530 0.264734 0 0 0 0 0 0 0.264734
530 531 9.76203e-09 0 -1.3442 0 0 0 0 -1.3442
531 532 0.00714926 0 -0.912207 0 0 0 0 -0.905057
532 533 0.0149823 0 0 0 0 0 0 0.0149823
533 534 0.000172365 0 -0 0 0 0 0 0.000172365
534 535 0.0252038 0 -0 0 0 0 0 0.0252038
535 536 0.00462264 0 -0 0 0 0 0 0.00462264
536 537 0.0478565 0 0 0 0 0 0 0.0478565
537 538 2.33833e-05 0 -1.43134 0 0 0 0 -1.43132
538 539 0.0249376 0 -0.870221 0 0 0 0 -0.845284
540 541 0.0439415 0 -1.41772 0 0 0 0 -1.37378
541 542 0.0143194 0 0 0 0 0 0 0.0143194
542 543 0.0874759 0 0 0 0 0 0 0.0874759
543 544 0.0702743 0 0 0 0 0 0 0.0702743
544 545 0.000137848 0 -0.99492 0 0 0 0 -0.994782
545 546 0.298016 0 -1.17206 0 0 0 0 -0.874046
546 547 0.11095 0 0 0 0 0 0 0.11095
547 548 0.00979484 0 -0.892169 0 0 0 0 -0.882374
548 549 0.276238 0 -1.14487 0 0 0 0 -0.86863
549 550 0.0317555 0 -1.37762 0 0 0 0 -1.34587
550 551 0.00173607 0 -1.19783 0 0 0 0 -1.19609
551 552 8.37935e-05 0 -0.43402 0 0 0 0 -0.433936
552 553 0.000758942 0 0 0 0 0 0 0.000758942
553 554 0.0485495 0 0 0 0 0 0 0.0485495
554 555 0.071902 0 0 0 0 0 0 0.071902
552 556 0 0 0 0.0185209 0 0 0 0.0185209
555 556 7.61144e-05 0 -1.06482 0 0 0 0 -1.06474
556 557 0.115623 0 -1.16302 0 0 0 0 -1.0474
557 558 0.0200395 0 -1.31784 0 0 0 0 -1.2978
558 559 0.00106944 0 -1.32569 0 0 0 0 -1.32462
560 561 0.000609126 0 0 0 0 0 0 0.000609126
561 562 2.23496e-07 0 0 0 0 0 0 2.23496e-07
562 563 0.0622479 0 -0 0 0 0 0 0.0622479
563 564 0.000120237 0 0 0 0 0 0 0.000120237
560 565 0 0 0 0 0 -0.00309447 -1.1101e-19 -0.00309447
564 565 0.0596115 0 -1.26218 0 0 0 0 -1.20257
565 566 0.0287993 0 -1.45279 0 0 0 0 -1.42399
566 567 0.0573 0 -1.43833 0 0 0 0 -1.38103
567 568 0.0362173 0 0 0 0 0 0 0.0362173
568 569 0.000987382 0 -0.973465 0 0 0 0 -0.972477
569 570 0.00073258 0 0 0 0 0 0 0.00073258
570 571 0.0189232 0 -1.36775 0 0 0 0 -1.34883
571 572 0.0151638 0 -1.15631 0 0 0 0 -1.14114
572 573 0.0233528 0 -1.29334 0 0 0 0 -1.26999
573 574 0.0390591 0 -1.22004 0 0 0 0 -1.18098
574 575 0.123071 0 -1.09318 0 0 0 0 -0.97011
575 576 0.0199241 0 -0.595318 0 0 0 0 -0.575394
576 577 0.0407826 0 -1.14597 0 0 0 0 -1.10519
577 578 0.00697515 0 -0.963552 0 0 0 0 -0.956577
578 579 0.115351 0 -1.00922 0 0 0 0 -0.893867
580 581 0.093392 0 -0.94118 0 0 0 0 -0.847788
581 582 0.091762 0 -0.951022 0 0 0 0 -0.85926
582 583 0.0618238 0 0 0 0 0 0 0.0618238
583 584 0.0505653 0 -1.28211 0 0 0 0 -1.23154
584 585 0.0253812 0 -0.626797 0 0 0 0 -0.601416
585 586 0.00224966 0 -1.16908 0 0 0 0 -1.16683
586 587 0.00851083 0 -1.43518 0 0 0 0 -1.42666
587 588 0.000301943 0 0 0 0 0 0 0.000301943
588 589 0.00875866 0 -1.22202 0 0 0 0 -1.21326
589 590 0.0573352 0 0 0 0 0 0 0.0573352
590 591 0.00569487 0 0 0 0 0 0 0.00569487
591 592 0.0296504 0 -1.22459 0 0 0 0 -1.19494
592 593 0.0143137 0 0 0 0 0 0 0.0143137
593 594 0.104288 0 -0.834053 0 0 0 0 -0.729765
594 595 0.167814 0 -1.27774 0 0 0 0 -1.10993
595 596 0.0260405 0 -1.1169 0 0 0 0 -1.09086
596 597 0.426053 0 -0 0 0 0 0 0.426053
597 598 0.00775869 0 0 0 0 0 0 0.00775869
598 599 0.00646606 0 -1.1178 0 0 0 0 -1.11133
600 601 0.135465 0 -1.14842 0 0 0 0 -1.01296
601 602 0.000507247 0 -1.2198 0 0 0 0 -1.21929
602 603 0.134778 0 -1.31599 0 0 0 0 -1.18121
603 604 1.92778e-05 0 0 0 0 0 0 1.92778e-05
604 605 0.00867918 0 0 0 0 0 0 0.00867918
605 606 4.09263e-05 0 -1.02251 0 0 0 0 -1.02247
606 607 0.158473 0 -0.932642 0 0 0 0 -0.774169
607 608 0.0432519 0 0 0 0 0 0 0.0432519
608 609 0.241742 0 -1.21619 0 0 0 0 -0.974444
609 610 0.105937 0 -1.02759 0 0 0 0 -0.921652
610 611 0.0064468 0 0 0 0 0 0 0.0064468
611 612 0.0272051 0 -1.29548 0 0 0 0 -1.26827
612 613 0.00408332 0 -0 0 0 0 0 0.00408332
613 614 0.0604392 0 0 0 0 0 0 0.0604392
614 615 0.102924 0 -1.30866 0 0 0 0 -1.20573
615 616 0.0914981 0 -1.40068 0 0 0 0 -1.30918
616 617 0.0443208 0 -0.72691 0 0 0 0 -0.682589
617 618 0.168984 0 -1.18079 0 0 0 0 -1.01181
618 619 0.00271015 0 0 0 0 0 0 0.00271015
620 621 0.020151 0 0 0 0 0 0 0.020151
621 622 0.106883 0 -0.911789 0 0 0 0 -0.804907
622 623 8.7852e-07 0 -1.35892 0 0 0 0 -1.35892
623 624 0.0134896 0 -0.667211 0 0 0 0 -0.653721
624 625 0.0126508 0 -1.36282 0 0 0 0 -1.35017
625 626 0.0954296 0 0 0 0 0 0 0.0954296
626 627 0.00365997 0 -1.06782 0 0 0 0 -1.06416
627 628 0.000169952 0 0 0 0 0 0 0.000169952
628 629 0.0132685 0 0 0 0 0 0 0.0132685
629 630 0.0342428 0 0 0 0 0 0 0.0342428
630 631 0.169651 0 -1.32624 0 0 0 0 -1.15659
631 632 0.135253 0 -1.08404 0 0 0 0 -0.948788
632 633 0.00386941 0 -1.16101 0 0 0 0 -1.15714
633 634 0.00584232 0 0 0 0 0 0 0.00584232
634 635 0.0129351 0 0 0 0 0 0 0.0129351
635 636 0.0729854 0 -1.40705 0 0 0 0 -1.33407
636 637 1.06459e-08 0 -0.936313 0 0 0 0 -0.936313
637 638 0.022057 0 -1.13913 0 0 0 0 -1.11707
638 639 0.00369046 0 -0.714663 0 0 0 0 -0.710973
640 641 0.016271 0 0 0 0 0 0 0.016271
641 642 0.0440627 0 0 0 0 0 0 0.0440627
642 643 0.37626 0 0 0 0 0 0 0.37626
643 644 0.0403711 0 -1.37789 0 0 0 0 -1.33752
644 645 0.00689412 0 0 0 0 0 0 0.00689412
645 646 0.0282526 0 -1.21947 0 0 0 0 -1.19122
646 647 0.0915187 0 0 0 0 0 0 0.0915187
647 648 0.00773345 0 -1.4526 0 0 0 0 -1.44486
648 649 0.0052137 0 -0.825361 0 0 0 0 -0.820147
649 650 0.00135909 0 0 0 0 0 0 0.00135909
650 651 0.234434 0 -1.15326 0 0 0 0 -0.918831
651 652 0.0776341 0 -1.08059 0 0 0 0 -1.00296
652 653 0.0011515 0 -1.20878 0 0 0 0 -1.20763
653 654 0.20668 0 -1.2692 0 0 0 0 -1.06252
654 655 0.0112879 0 -1.35045 0 0 0 0 -1.33916
655 656 0.000922862 0 -0.341703 0 0 0 0 -0.34078
656 657 0.00533791 0 -1.25879 0 0 0 0 -1.25345
657 658 0.0132925 0 0 0 0 0 0 0.0132925
658 659 0.232361 0 0 0 0 0 0 0.232361
660 661 0.0545673 0 -1.29125 0 0 0 0 -1.23668
661 662 0.0857723 0 -1.21303 0 0 0 0 -1.12726
662 663 0.0861157 0 -0.618558 0 0 0 0 -0.532442
663 664 0.0551286 0 -1.26795 0 0 0 0 -1.21282
664 665 0.0121276 0 -1.31851 0 0 0 0 -1.30638
665 666 1.69027e-07 0 -1.26206 0 0 0 0 -1.26206
666 667 0.0475526 0 -0.910395 0 0 0 0 -0.862843
667 668 0.17605 0 -0.883205 0 0 0 0 -0.707155
668 669 0.000133272 0 -0.906233 0 0 0 0 -0.906099
669 670 0.0470514 0 0 0 0 0 0 0.0470514
670 671 0.0272848 0 -0 0 0 0 0 0.0272848
671 672 0.0190449 0 -1.10488 0 0 0 0 -1.08583
672 673 0.0156778 0 -1.38414 0 0 0 0 -1.36846
673 674 0.0176418 0 -0.982132 0 0 0 0 -0.96449
674 675 0.0676018 0 -0 0 0 0 0 0.0676018
675 676 0.000366524 0 0 0 0 0 0 0.000366524
676 677 0.0860219 0 0 0 0 0 0 0.0860219
677 678 0.13661 0 -1.22992 0 0 0 0 -1.09331
678 679 0.0433851 0 -1.37201 0 0 0 0 -1.32863
680 681 0.117667 0 0 0 0 0 0 0.117667
681 682 0.0199939 0 -1.22037 0 0 0 0 -1.20037
682 683 0.00921043 0 -1.05638 0 0 0 0 -1.04717
683 684 0.0368926 0 -0.118765 0 0 0 0 -0.0818721
684 685 0.000787304 0 -1.30494 0 0 0 0 -1.30415
685 686 0.132569 0 -1.35016 0 0 0 0 -1.21759
686 687 0.000519685 0 -1.21584 0 0 0 0 -1.21532
687 688 0.163023 0 -1.09335 0 0 0 0 -0.93033
688 689 0.140212 0 -0.898299 0 0 0 0 -0.758086
689 690 0.0264369 0 -0.871694 0 0 0 0 -0.845257
690 691 0.00936385 0 -0.913261 0 0 0 0 -0.903897
691 692 0.0647285 0 -1.02873 0 0 0 0 -0.964005
692 693 0.0018057 0 -0.896743 0 0 0 0 -0.894938
693 694 0.000950255 0 -1.38753 0 0 0 0 -1.38658
694 695 3.44124e-07 0 0 0 0 0 0 3.44124e-07
695 696 0.117704 0 -0.672754 0 0 0 0 -0.55505
696 697 4.73299e-05 0 -0.874543 0 0 0 0 -0.874496
697 698 0.131206 0 0 0 0 0 0 0.131206
698 699 0.00353014 0 0 0 0 0 0 0.00353014
700 701 0.016587 0 0 0 0 0 0 0.016587
701 702 0.0616193 0 -1.23138 0 0 0 0 -1.16976
702 703 0.0294078 0 -1.01009 0 0 0 0 -0.980682
703 704 0.0212423 0 -0.520007 0 0 0 0 -0.498765
704 705 0.0519497 0 0 0 0 0 0 0.0519497
705 706 0.108086 0 0 0 0 0 0 0.108086
706 707 0.00832722 0 0 0 0 0 0 0.00832722
707 708 0.089582 0 -0.933026 0 0 0 0 -0.843444
708 709 4.71478e-06 0 -1.1595 0 0 0 0 -1.15949
709 710 0.0806634 0 -1.05465 0 0 0 0 -0.973986
710 711 0.0200128 0 0 0 0 0 0 0.0200128
710 712 0 0 0 0 0 -0 -7.26844e-14 -7.26844e-14
711 712 0.0801287 0 0 0 0 0 0 0.0801287
712 713 0.0835757 0 0 0 0 0 0 0.0835757
713 714 0.00364266 0 0 0 0 0 0 0.00364266
714 715 0.018569 0 -0.867223 0 0 0 0 -0.848654
715 716 0.00354512 0 -1.23734 0 0 0 0 -1.2338
716 717 0.166307 0 -1.15754 0 0 0 0 -0.991234
717 718 0.29821 0 0 0 0 0 0 0.29821
718 719 0.0546042 0 -0.809293 0 0 0 0 -0.754689
720 721 0.04504 0 0 0 0 0 0 0.04504
721 722 0.0301823 0 0 0 0 0 0 0.0301823
722 723 0.0302108 0 0 0 0 0 0 0.0302108
723 724 0.0307794 0 0 0 0 0 0 0.0307794
724 725 0.00438434 0 0 0 0 0 0 0.00438434
725 726 0.319974 0 0 0 0 0 0 0.319974
726 727 0.0716667 0 -0.0167639 0 0 0 0 0.0549029
727 728 0.0111567 0 -0.938632 0 0 0 0 -0.927475
728 729 0.0273834 0 -1.0279 0 0 0 0 -1.00052
729 730 0.11818 0 -0.726511 0 0 0 0 -0.60833
730 731 0.157304 0 0 0 0 0 0 0.157304
731 732 0.0597987 0 0 0 0 0 0 0.0597987
732 733 3.40075e-05 0 -1.34879 0 0 0 0 -1.34876
733 734 0.00956037 0 0 0 0 0 0 0.00956037
734 735 0.00218223 0 -1.21465 0 0 0 0 -1.21247
735 736 0.00735018 0 -0.990257 0 0 0 0 -0.982907
736 737 0.0064179 0 0 0 0 0 0 0.0064179
737 738 0.140878 0 0 0 0 0 0 0.140878
738 739 0.156078 0 -1.28613 0 0 0 0 -1.13005
740 741 0.00714936 0 0 0 0 0 0 0.00714936
741 742 0.00952465 0 -0.607441 0 0 0 0 -0.597917
742 743 0.11706 0 -1.29441 0 0 0 0 -1.17735
743 744 0.192118 0 -0.715768 0 0 0 0 -0.52365
744 745 0.036284 0 -1.30649 0 0 0 0 -1.27021
745 746 0.121955 0 -1.23396 0 0 0 0 -1.112
746 747 0.0852124 0 0 0 0 0 0 0.0852124
747 748 1.23479e-05 0 -1.32871 0 0 0 0 -1.3287
748 749 0.0129318 0 -0.96824 0 0 0 0 -0.955308
749 750 0.0374756 0 -1.38135 0 0 0 0 -1.34388
750 751 0.00342702 0 0 0 0 0 0 0.00342702
751 752 0.000134303 0 -1.34156 0 0 0 0 -1.34142
752 753 0.0381869 0 -1.34126 0 0 0 0 -1.30307
753 754 0.0227612 0 0 0 0 0 0 0.0227612
754 755 0.00638803 0 -0 0 0 0 0 0.00638803
755 756 0.102601 0 -1.30421 0 0 0 0 -1.20161
756 757 0.0305311 0 -1.39287 0 0 0 0 -1.36234
757 758 0.0173503 0 0 0 0 0 0 0.0173503
758 759 0.00706403 0 0 0 0 0 0 0.00706403
760 761 0.0443298 0 0 0 0 0 0 0.0443298
761 762 0.00441794 0 -0.710082 0 0 0 0 -0.705664
762 763 0.0361924 0 -1.29708 0 0 0 0 -1.26088
763 764 0.0678399 0 -0.347539 0 0 0 0 -0.279699
764 765 0.00704008 0 -0.991887 0 0 0 0 -0.984847
765 766 0.000258765 0 -0 0 0 0 0 0.000258765
765 767 0 0 0 0 -0 -0 -2.45861e-05 -2.45861e-05
766 767 0.0603719 0 -0.648823 0 0 0 0 -0.588451
767 768 0.00952653 0 0 0 0 0 0 0.00952653
768 769 0.0281708 0 -1.35549 0 0 0 0 -1.32731
769 770 0.0084508 0 0 0 0 0 0 0.0084508
770 771 0.0363583 0 0 0 0 0 0 0.0363583
771 772 0.0507196 0 -0 0 0 0 0 0.0507196
772 773 0.118935 0 -0.984584 0 0 0 0 -0.865649
773 774 0.0184443 0 0 0 0 0 0 0.0184443
774 775 0.176217 0 0 0 0 0 0 0.176217
775 776 0.0210309 0 -1.11708 0 0 0 0 -1.09605
776 777 0.0911399 0 -1.44918 0 0 0 0 -1.35804
777 778 0.00914541 0 0 0 0 0 0 0.00914541
778 779 0.0261453 0 0 0 0 0 0 0.0261453
780 781 0.146232 0 -1.20136 0 0 0 0 -1.05512
781 782 0.00679391 0 0 0 0 0 0 0.00679391
782 783 0.196824 0 -1.12176 0 0 0 0 -0.92494
783 784 0.00188897 0 -1.23558 0 0 0 0 -1.23369
784 785 0.147313 0 -1.13267 0 0 0 0 -0.985361
785 786 0.054029 0 -1.16367 0 0 0 0 -1.10964
786 787 0.000734013 0 0 0 0 0 0 0.000734013
787 788 0.000527777 0 -1.43174 0 0 0 0 -1.43121
788 789 0.00587162 0 -1.22301 0 0 0 0 -1.21714
789 790 0.0663805 0 -0.804511 0 0 0 0 -0.738131
790 791 0.00111238 0 -0.839597 0 0 0 0 -0.838484
791 792 0.00853196 0 0 0 0 0 0 0.00853196
792 793 0.10179 0 -1.40624 0 0 0 0 -1.30445
793 794 0.000628536 0 0 0 0 0 0 0.000628536
794 795 0.0203598 0 -1.15751 0 0 0 0 -1.13715
795 796 0.0446935 0 -0.584164 0 0 0 0 -0.539471
796 797 0.130721 0 0 0 0 0 0 0.130721
797 798 0.133458 0 -1.26831 0 0 0 0 -1.13486
798 799 0.010374 0 0 0 0 0 0 0.010374
800 801 0.0767561 0 0 0 0 0 0 0.0767561
801 802 0.0185656 0 -0 0 0 0 0 0.0185656
802 803 0.0607684 0 -0.743359 0 0 0 0 -0.68259
803 804 0.139152 0 -1.35233 0 0 0 0 -1.21318
804 805 0.0370022 0 0 0 0 0 0 0.0370022
805 806 7.69861e-06 0 0 0 0 0 0 7.69861e-06
806 807 0.129426 0 0 0 0 0 0 0.129426
807 808 0.000876151 0 -0.000758759 0 0 0 0 0.000117392
805 809 0 0 0 0 -0 -1.67163e-05 0 -1.67163e-05
808 809 0.0138277 0 -0.982082 0 0 0 0 -0.968254
809 810 0.0409312 0 -1.23598 0 0 0 0 -1.19505
810 811 0.0956284 0 -1.1846 0 0 0 0 -1.08897
811 812 0.00550604 0 -1.1125 0 0 0 0 -1.10699
812 813 0.026517 0 -1.11887 0 0 0 0 -1.09235
813 814 0.122088 0 -1.18012 0 0 0 0 -1.05803
814 815 0.023316 0 -0.957979 0 0 0 0 -0.934663
815 816 8.35985e-05 0 0 0 0 0 0 8.35985e-05
816 817 0.00617162 0 -1.41386 0 0 0 0 -1.40769
817 818 0.0528428 0 0 0 0 0 0 0.0528428
818 819 0.0578614 0 -1.31708 0 0 0 0 -1.25922
820 821 0.0138607 0 0 0 0 0 0 0.0138607
821 822 0.0373962 0 -1.05413 0 0 0 0 -1.01673
822 823 0.000766842 0 0 0 0 0 0 0.000766842
823 824 7.97981e-05 0 -1.15285 0 0 0 0 -1.15277
824 825 0.0444777 0 -0 0 0 0 0 0.0444777
825 826 0.0637104 0 0 0 0 0 0 0.0637104
826 827 0.0174589 0 0 0 0 0 0 0.0174589
827 828 0.0201623 0 0 0 0 0 0 0.0201623
828 829 0.139721 0 0 0 0 0 0 0.139721
829 830 0.0059681 0 -1.27795 0 0 0 0 -1.27198
829 831 0 0 0 0 -0 0 -0.0640161 -0.0640161
830 831 0.0363941 0 -0 0 0 0 0 0.0363941
831 832 0.0288181 0 0 0 0 0 0 0.0288181
832 833 0.0360082 0 -1.19777 0 0 0 0 -1.16177
833 834 0.149215 0 0 0 0 0 0 0.149215
834 835 0.014913 0 -1.30122 0 0 0 0 -1.28631
835 836 0.286526 0 -1.21041 0 0 0 0 -0.923887
836 837 0.0248 0 -1.36823 0 0 0 0 -1.34343
837 838 0.0049667 0 0 0 0 0 0 0.0049667
838 839 0.00834974 0 -0 0 0 0 0 0.00834974
840 841 0.134269 0 -1.35271 0 0 0 0 -1.21844
841 842 0.0204694 0 -1.27953 0 0 0 0 -1.25906
842 843 0.00045337 0 -1.27862 0 0 0 0 -1.27817
843 844 0.027833 0 0 0 0 0 0 0.027833
844 845 0.0546147 0 -0.827153 0 0 0 0 -0.772538
845 846 0.0187522 0 -1.04385 0 0 0 0 -1.0251
846 847 0.0450828 0 -0 0 0 0 0 0.0450828
847 848 0.00453968 0 0 0 0 0 0 0.00453968
848 849 0.0255096 0 0 0 0 0 0 0.0255096
849 850 0.0351803 0 -1.08742 0 0 0 0 -1.05224
850 851 0.0217068 0 0 0 0 0 0 0.0217068
851 852 0.0375033 0 0 0 0 0 0 0.0375033
852 853 0.0128222 0 -1.12182 0 0 0 0 -1.109
853 854 0.00678207 0 -1.05144 0 0 0 0 -1.04466
854 855 0.0284599 0 -1.10433 0 0 0 0 -1.07587
855 856 0.000451889 0 0 0 0 0 0 0.000451889
856 857 0.114758 0 -1.20802 0 0 0 0 -1.09326
857 858 0.0457736 0 0 0 0 0 0 0.0457736
858 859 0.00427911 0 0 0 0 0 0 0.00427911
860 861 0.142481 0 0 0 0 0 0 0.142481
861 862 0.00128744 0 -1.21509 0 0 0 0 -1.2138
862 863 0.00148129 0 -1.10056 0 0 0 0 -1.09907
863 864 0.00443136 0 -1.31832 0 0 0 0 -1.31389
864 865 0.198454 0 0 0 0 0 0 0.198454
865 866 0.00699158 0 -1.37035 0 0 0 0 -1.36336
866 867 0.00587397 0 -0.917113 0 0 0 0 -0.911239
867 868 0.103004 0 -1.0307 0 0 0 0 -0.927692
868 869 0.0121501 0 -1.40154 0 0 0 0 -1.38939
869 870 0.0904961 0 -1.03043 0 0 0 0 -0.93993
870 871 0.00850551 0 -0.435005 0 0 0 0 -0.426499
871 872 0.00161402 0 0 0 0 0 0 0.00161402
872 873 0.112612 0 -1.02201 0 0 0 0 -0.909398
873 874 0.0448432 0 0 0 0 0 0 0.0448432
874 875 0.0276046 0 -0.736548 0 0 0 0 -0.708944
875 876 0.0131801 0 -0.314056 0 0 0 0 -0.300876
876 877 0.0309663 0 -0.857648 0 0 0 0 -0.826681
877 878 0.00786004 0 -1.02978 0 0 0 0 -1.02192
878 879 0.0565858 0 -1.22054 0 0 0 0 -1.16396
880 881 9.54321e-05 0 0 0 0 0 0 9.54321e-05
881 882 0.178371 0 -1.2162 0 0 0 0 -1.03783
882 883 0.119197 0 0 0 0 0 0 0.119197
883 884 0.00113249 0 -0.993412 0 0 0 0 -0.992279
884 885 0.00482033 0 -1.30389 0 0 0 0 -1.29907
885 886 0.000559941 0 0 0 0 0 0 0.000559941
886 887 0.175688 0 -0 0 0 0 0 0.175688
887 888 0.0615155 0 -1.30532 0 0 0 0 -1.24381
888 889 0.0095368 0 -0.705643 0 0 0 0 -0.696106
889 890 0.000687586 0 -0 0 0 0 0 0.000687586
890 891 8.48881e-06 0 0 0 0 0 0 8.48881e-06
891 892 0.083482 0 -1.13945 0 0 0 0 -1.05597
892 893 0.0497276 0 0 0 0 0 0 0.0497276
893 894 0.000381292 0 -1.0616 0 0 0 0 -1.06122
894 895 0.00120558 0 0 0 0 0 0 0.00120558
895 896 0.00488554 0 -1.24052 0 0 0 0 -1.23563
896 897 0.152876 0 -0.975492 0 0 0 0 -0.822616
897 898 0.0155927 0 0 0 0 0 0 0.0155927
898 899 0.0356903 0 0 0 0 0 0 0.0356903
900 901 0.20376 0 -0 0 0 0 0 0.20376
901 902 0.0082777 0 0 0 0 0 0 0.0082777
902 903 0.029762 0 0 0 0 0 0 0.029762
903 904 0.0515112 0 -1.22072 0 0 0 0 -1.16921
904 905 0.00710141 0 -1.39005 0 0 0 0 -1.38295
905 906 0.0401873 0 0 0 0 0 0 0.0401873
906 907 0.021193 0 0 0 0 0 0 0.021193
907 908 0.00482112 0 -1.43265 0 0 0 0 -1.42783
908 909 0.0534882 0 0 0 0 0 0 0.0534882
909 910 0.006845 0 0 0 0 0 0 0.006845
910 911 0.0179044 0 -0.565603 0 0 0 0 -0.547699
911 912 0.119881 0 -1.26926 0 0 0 0 -1.14938
912 913 0.0136657 0 -1.32553 0 0 0 0 -1.31187
913 914 0.00722291 0 -1.32403 0 0 0 0 -1.31681
914 915 0.0423446 0 -0.864603 0 0 0 0 -0.822258
915 916 0.279946 0 -1.30109 0 0 0 0 -1.02114
916 917 0.0211979 0 0 0 0 0 0 0.0211979
917 918 0.0453676 0 0 0 0 0 0 0.0453676
918 919 0.0061972 0 -1.23893 0 0 0 0 -1.23273
920 921 0.00475067 0 0 0 0 0 0 0.00475067
921 922 0.0891719 0 -1.26992 0 0 0 0 -1.18075
922 923 2.2472e-05 0 0 0 0 0 0 2.2472e-05
923 924 0.0100999 0 -1.12701 0 0 0 0 -1.11691
924 925 0.122454 0 -1.27796 0 0 0 0 -1.15551
925 926 0.112868 0 -1.32678 0 0 0 0 -1.21392
926 927 0.0444972 0 0 0 0 0 0 0.0444972
927 928 0.0589814 0 0 0 0 0 0 0.0589814
928 929 0.0415956 0 -1.01988 0 0 0 0 -0.978281
929 930 0.0466214 0 -1.24607 0 0 0 0 -1.19945
930 931 2.49259e-05 0 -1.25572 0 0 0 0 -1.25569
931 932 0.331988 0 -1.0755 0 0 0 0 -0.743514
932 933 0.0119987 0 0 0 0 0 0 0.0119987
933 934 0.135263 0 -0.96033 0 0 0 0 -0.825067
934 935 0.0507327 0 -0 0 0 0 0 0.0507327
935 936 0.274961 0 -1.11543 0 0 0 0 -0.840464
936 937 0.0351635 0 0 0 0 0 0 0.0351635
937 938 0.0210125 0 -1.02397 0 0 0 0 -1.00295
938 939 0.014894 0 -0.077098 0 0 0 0 -0.062204
940 941 0.0548303 0 -1.38131 0 0 0 0 -1.32648
941 942 0.2142 0 -0.783815 0 0 0 0 -0.569615
942 943 0.0158616 0 -0.65748 0 0 0 0 -0.641619
943 944 0.0330442 0 -1.14103 0 0 0 0 -1.10799
944 945 0.0168592 0 -1.36197 0 0 0 0 -1.34511
945 946 0.0619218 0 0 0 0 0 0 0.0619218
946 947 0.00426248 0 -0.937573 0 0 0 0 -0.933311
947 948 0.0735405 0 -1.30024 0 0 0 0 -1.2267
948 949 0.062543 0 0 0 0 0 0 0.062543
949 950 0.0720476 0 0 0 0 0 0 0.0720476
950 951 0.150427 0 -0.794722 0 0 0 0 -0.644295
951 952 0.172126 0 -1.22142 0 0 0 0 -1.04929
952 953 0.00180744 0 -1.16506 0 0 0 0 -1.16325
953 954 0.00027299 0 -1.15185 0 0 0 0 -1.15158
954 955 0.0122414 0 0 0 0 0 0 0.0122414
955 956 0.000325439 0 -1.07312 0 0 0 0 -1.07279
956 957 0.200111 0 -0 0 0 0 0 0.200111
957 958 0.0358892 0 0 0 0 0 0 0.0358892
958 959 6.23605e-06 0 -1.30941 0 0 0 0 -1.30941
960 961 0.154554 0 -0.824706 0 0 0 0 -0.670152
961 962 5.28071e-05 0 -1.08834 0 0 0 0 -1.08829
962 963 0.0466834 0 -1.15008 0 0 0 0 -1.1034
963 964 0.00339796 0 0 0 0 0 0 0.00339796
964 965 0.0785578 0 0 0 0 0 0 0.0785578
965 966 0.000811327 0 -1.41342 0 0 0 0 -1.4126
966 967 0.298969 0 -1.22609 0 0 0 0 -0.927123
967 968 0.00476327 0 0 0 0 0 0 0.00476327
968 969 0.0558047 0 -1.18116 0 0 0 0 -1.12535
969 970 1.33348e-06 0 -1.37196 0 0 0 0 -1.37196
970 971 0.0116684 0 -1.04864 0 0 0 0 -1.03697
971 972 0.00146471 0 -1.24542 0 0 0 0 -1.24395
972 973 9.56273e-06 0 0 0 0 0 0 9.56273e-06
973 974 0.00131422 0 -0.59311 0 0 0 0 -0.591796
974 975 0.0127182 0 -1.3527 0 0 0 0 -1.33998
975 976 0.0507812 0 -1.25082 0 0 0 0 -1.20004
976 977 0.0508951 0 -1.29672 0 0 0 0 -1.24582
977 978 0.0318905 0 0 0 0 0 0 0.0318905
978 979 0.000357134 0 -0.91213 0 0 0 0 -0.911773
980 981 0.0292238 0 0 0 0 0 0 0.0292238
981 982 0.000310228 0 -1.1417 0 0 0 0 -1.14139
982 983 0.00253948 0 0 0 0 0 0 0.00253948
983 984 0.110543 0 -1.28957 0 0 0 0 -1.17903
984 985 0.0509674 0 -1.08149 0 0 0 0 -1.03052
985 986 0.159387 0 0 0 0 0 0 0.159387
986 987 0.00758794 0 -1.03566 0 0 0 0 -1.02807
987 988 0.00805288 0 -1.15851 0 0 0 0 -1.15045
988 989 0.271514 0 0 0 0 0 0 0.271514
989 990 0.0464936 0 -0.44901 0 0 0 0 -0.402516
990 991 0.00191902 0 0 0 0 0 0 0.00191902
991 992 0.0848069 0 0 0 0 0 0 0.0848069
992 993 0.00602627 0 0 0 0 0 0 0.00602627
993 994 0.015655 0 0 0 0 0 0 0.015655
994 995 0.00430413 0 0 0 0 0 0 0.00430413
995 996 0.0521639 0 -1.06476 0 0 0 0 -1.0126
996 997 0.0425624 0 -1.08741 0 0 0 0 -1.04485
997 998 0.00536859 0 -1.42266 0 0 0 0 -1.41729
998 999 0.214193 0 -1.33063 0 0 0 0 -1.11644
#Total energy per particle is  -0.612386 and should be -0.61238610
