           0   0.000000
       10000   0.000000
       20000  -1.451067
       30000  -0.566227
       40000  -1.066510
       50000  -0.812478
       60000  -0.427973
       70000   0.000000
       80000  -1.566033
       90000   0.000000
      100000  -1.351107
      110000  -0.734464
      120000  -2.719250
      130000  -5.249501
      140000  -8.156604
      150000 -10.125441
      160000  -9.796237
      170000 -10.306025
      180000  -8.983553
      190000  -9.270566
      200000 -13.290533
