           0   0.000000
       10000  -0.000000
       20000  -1.853433
       30000  -1.807801
       40000  -4.223507
       50000  -1.823310
       60000  -6.914214
       70000  -3.679812
       80000  -1.846242
       90000  -2.856231
      100000  -1.583076
      110000  -3.433061
      120000  -5.622824
      130000  -0.612622
      140000  -4.556644
      150000  -4.405224
      160000  -3.365561
      170000  -2.291492
      180000  -4.595777
      190000  -1.792666
      200000  -5.167948
