           0   0.000000
       10000  -1.019723
       20000   0.000000
       30000   0.000000
       40000   0.000000
       50000  -0.000292
       60000  -1.833914
       70000  -0.910955
       80000  -1.238987
       90000  -0.836274
      100000  -1.576992
      110000   0.000000
      120000   0.000000
      130000   0.000000
      140000   0.000000
      150000  -1.560482
      160000  -0.017840
      170000   0.000000
      180000  -0.000018
      190000   0.000000
      200000   0.000000
