t = 0
b =  100.0 100.0 100.0
E = 0. 0. 0.
7.4015465860898635 88.57117131949703 66.88468188442084 0.06649108850408622 0.6084369807008542 -0.7908118459312368 0.0037768126713689652 0.7924066292972791 0.6099815321235309 0.0 0.0 0.0 0.0 0.0 0.0
7.761639290891168 88.93404842400217 67.05002562664654 -0.5312099840146137 0.5183929236240917 -0.6701378437453451 0.0037768126713689652 0.7924066292972791 0.6099815321235309 0.0 0.0 0.0 0.0 0.0 0.0
8.000642663121795 89.41509321175869 67.06261142630457 -0.9270955022488518 0.23140272779504864 -0.29486727061333906 0.0037768126713689652 0.7924066292972791 0.6099815321235309 0.0 0.0 0.0 0.0 0.0 0.0
8.028314586443695 89.94888625859718 67.00798222234828 -0.9707619389685446 -0.14350123317062558 0.19242830854253778 0.0037768126713689652 0.7924066292972791 0.6099815321235309 0.0 0.0 0.0 0.0 0.0 0.0
7.834701295232649 90.44996819481916 66.99721705737902 -0.6456196847999911 -0.46388667644210535 0.6066171560533532 0.0037768126713689652 0.7924066292972791 0.6099815321235309 0.0 0.0 0.0 0.0 0.0 0.0
7.493918976556991 90.84530714854995 67.12473029221935 -0.0751957181904205 -0.608033815561597 0.7903420038815053 0.0037768126713689652 0.7924066292972791 0.6099815321235309 0.0 0.0 0.0 0.0 0.0 0.0
7.13599579155379 91.10204477489165 67.43240201171263 0.5237963589650552 -0.5211787423659601 0.6738027106214312 0.0037768126713689652 0.7924066292972791 0.6099815321235309 0.0 0.0 0.0 0.0 0.0 0.0
6.89747200305795 91.23997969051213 67.8936670802933 0.9237894419415971 -0.23631915130160153 0.30127450221571067 0.0037768126713689652 0.7924066292972791 0.6099815321235309 0.0 0.0 0.0 0.0 0.0 0.0
6.8695260469197725 91.32404564815761 68.42360768113365 0.9728194709887004 0.13832203638774473 -0.18571292662282157 0.0037768126713689652 0.7924066292972791 0.6099815321235309 0.0 0.0 0.0 0.0 0.0 0.0
7.063334319803277 91.43964211835 68.91121501450687 0.6522591183329995 0.460412369832265 -0.6021449096827911 0.0037768126713689652 0.7924066292972791 0.6099815321235309 0.0 0.0 0.0 0.0 0.0 0.0
7.405825079234153 91.66018960273253 69.26156339677136 0.08389462143168262 0.607584346293184 -0.7898119742282462 0.0037768126713689652 0.7924066292972791 0.6099815321235309 0.0 0.0 0.0 0.0 0.0 0.0
7.767439620260127 92.01923595797027 69.43187411465907 -0.5163428447948011 0.5239248713287696 -0.6774162648123717 0.0037768126713689652 0.7924066292972791 0.6099815321235309 0.0 0.0 0.0 0.0 0.0 0.0
8.011353793568377 92.49771100411272 69.44776777366786 -0.9204130314917421 0.24121757818983408 -0.30765879059830864 0.0037768126713689652 0.7924066292972791 0.6099815321235309 0.0 0.0 0.0 0.0 0.0 0.0
8.045459787387246 93.03117160479347 69.39353060167927 -0.9748029190397168 -0.13313230584625937 0.1789834019447245 0.0037768126713689652 0.7924066292972791 0.6099815321235309 0.0 0.0 0.0 0.0 0.0 0.0
7.857359425138795 93.53428469216755 69.3800927017957 -0.6588488798088232 -0.4569030010379051 0.5976268076460564 0.0037768126713689652 0.7924066292972791 0.6099815321235309 0.0 0.0 0.0 0.0 0.0 0.0
7.519074440007213 93.93324672607856 69.50288385151941 -0.09258713577271165 -0.6070886071244447 0.7892217973352668 0.0037768126713689652 0.7924066292972791 0.6099815321235309 0.0 0.0 0.0 0.0 0.0 0.0
7.159684214362982 94.1938228928935 69.8055781347786 0.5088500091178134 -0.526631101384172 0.6809782311320216 0.0037768126713689652 0.7924066292972791 0.6099815321235309 0.0 0.0 0.0 0.0 0.0 0.0
6.916286364308146 94.33435348357742 70.26350142725133 0.9169665280260153 -0.24609763542557755 0.31401964957285144 0.0037768126713689652 0.7924066292972791 0.6099815321235309 0.0 0.0 0.0 0.0 0.0 0.0
6.881911063169232 94.41878611052262 70.79300550872483 0.9767121320743455 0.1279324367642393 -0.17224024698760862 0.0037768126713689652 0.7924066292972791 0.6099815321235309 0.0 0.0 0.0 0.0 0.0 0.0
7.070177323268957 94.53238094045363 71.28324742047798 0.6653884673916122 0.4533588373110423 -0.5930631940141148 0.0037768126713689652 0.7924066292972791 0.6099815321235309 0.0 0.0 0.0 0.0 0.0 0.0
43.07803802989405 16.64964880817073 60.41598557006958 -0.09785844594401649 0.9925498902957406 0.0725840191180901 0.6916237224366546 0.015383333678643935 0.7220941625631639 0.0 0.0 0.0 0.0 0.0 0.0
43.58821794414271 16.811293279138184 60.46365759772986 -0.49887624180384116 0.7331355254433414 0.46220644380686776 0.6916237224366546 0.015383333678643935 0.7220941625631639 0.0 0.0 0.0 0.0 0.0 0.0
43.98467900337502 17.140056016198585 60.61668959879927 -0.7103626126364178 0.19519071710268915 0.6762289128137755 0.6916237224366546 0.015383333678643935 0.7220941625631639 0.0 0.0 0.0 0.0 0.0 0.0
44.219212882705264 17.513312483364228 60.92386800182215 -0.6519703502988896 -0.4169103080800342 0.633340711898228 0.6916237224366546 0.015383333678643935 0.7220941625631639 0.0 0.0 0.0 0.0 0.0 0.0
44.30513010017061 17.791534232684928 61.37541644005032 -0.3458836515198479 -0.8706201368545153 0.3498357856405223 0.6916237224366546 0.015383333678643935 0.7220941625631639 0.0 0.0 0.0 0.0 0.0 0.0
44.31220312838875 17.871298094415536 61.906709956622855 0.0916100293378503 -0.993566819645516 -0.06657760452444293 0.6916237224366546 0.015383333678643935 0.7220941625631639 0.0 0.0 0.0 0.0 0.0 0.0
44.340158665676974 17.724578368345327 62.42282710614917 0.49429952841208746 -0.7390408561018168 -0.4576970496123847 0.6916237224366546 0.015383333678643935 0.7220941625631639 0.0 0.0 0.0 0.0 0.0 0.0
44.480789796019884 17.409394255872755 62.83461219881488 0.7091963723951711 -0.20374091522084642 -0.674929733265991 0.6916237224366546 0.015383333678643935 0.7220941625631639 0.0 0.0 0.0 0.0 0.0 0.0
44.78308226176517 17.047767395364875 63.09254703754592 0.6546576573742967 0.4089636057189723 -0.6357453270284692 0.6916237224366546 0.015383333678643935 0.7220941625631639 0.0 0.0 0.0 0.0 0.0 0.0
45.234603961107766 16.779363801648692 63.20556370897706 0.35140355302458326 0.8662960153392946 -0.35503064195778944 0.6916237224366546 0.015383333678643935 0.7220941625631639 0.0 0.0 0.0 0.0 0.0 0.0
45.76622811141924 16.708432411887145 63.237651134402874 -0.08535463627326731 0.994508085035225 0.060566119788445644 0.6916237224366546 0.015383333678643935 0.7220941625631639 0.0 0.0 0.0 0.0 0.0 0.0
46.27839566970653 16.864199171401616 63.28354460874017 -0.4896851721974867 0.7448899059377873 0.4531528000155277 0.6916237224366546 0.015383333678643935 0.7220941625631639 0.0 0.0 0.0 0.0 0.0 0.0
46.67893947758345 17.1897636084126 63.43273427809949 -0.7079761241044011 0.21227559767949464 0.6735791552059219 0.6916237224366546 0.015383333678643935 0.7220941625631639 0.0 0.0 0.0 0.0 0.0 0.0
46.918100105694265 17.56371627459389 63.73546633708219 -0.6572951097344844 -0.40098575919596796 0.6381015276906693 0.6916237224366546 0.015383333678643935 0.7220941625631639 0.0 0.0 0.0 0.0 0.0 0.0
47.00743029285928 17.846264224349422 64.18365365937989 -0.3568966937882413 -0.8619059220285042 0.36019846131711464 0.6916237224366546 0.015383333678643935 0.7220941625631639 0.0 0.0 0.0 0.0 0.0 0.0
47.015405867445494 17.93234069205865 64.71394823226845 0.07909274312266856 -0.995373614783864 -0.05455002270793503 0.6916237224366546 0.015383333678643935 0.7220941625631639 0.0 0.0 0.0 0.0 0.0 0.0
47.04141063531519 17.791521712958417 65.23180812576433 0.48503352456113014 -0.7506822295234619 -0.44857404107849685 0.6916237224366546 0.015383333678643935 0.7220941625631639 0.0 0.0 0.0 0.0 0.0 0.0
47.177978810370185 17.479584696018062 65.64741555248197 0.7067019606907399 -0.22079411452952116 -0.672177281485316 0.6916237224366546 0.015383333678643935 0.7220941625631639 0.0 0.0 0.0 0.0 0.0 0.0
47.47563971960104 17.117317653723408 65.90980014673494 0.6598825065272446 0.39297737605492133 -0.640409134451025 0.6916237224366546 0.015383333678643935 0.7220941625631639 0.0 0.0 0.0 0.0 0.0 0.0
47.92372086695802 16.84462981666552 66.02620345863929 0.362362655486886 0.8574501912447471 -0.36533885016904527 0.6916237224366546 0.015383333678643935 0.7220941625631639 0.0 0.0 0.0 0.0 0.0 0.0
19.350130616982433 8.070075695022247 33.16892719820449 0.9834953502347652 -0.15275544740838812 0.0969673623115514 0.01064653566027715 0.5838583331812498 0.8117857463969463 0.0 0.0 0.0 0.0 0.0 0.0
19.40282783017938 7.999703473703159 33.69897989021374 0.902582701800179 0.3438087396773423 -0.25911390725425526 0.01064653566027715 0.5838583331812498 0.8117857463969463 0.0 0.0 0.0 0.0 0.0 0.0
19.661268798651484 8.007702465411478 34.16996755891135 0.4787637945736662 0.7097542383840602 -0.5167534713006652 0.01064653566027715 0.5838583331812498 0.8117857463969463 0.0 0.0 0.0 0.0 0.0 0.0
20.028843989160983 8.177489958091892 34.5231612575663 -0.12694548271516573 0.8060522354706189 -0.5780697519426458 0.01064653566027715 0.5838583331812498 0.8117857463969463 0.0 0.0 0.0 0.0 0.0 0.0
20.36748195289121 8.531017083210305 34.744583938076936 -0.6844260487052188 0.5961175118271821 -0.4197676690107653 0.01064653566027715 0.5838583331812498 0.8117857463969463 0.0 0.0 0.0 0.0 0.0 0.0
20.55010497728359 9.020429213906587 34.87032056522856 -0.981881715798854 0.1597077788872946 -0.1019888304805309 0.01064653566027715 0.5838583331812498 0.8117857463969463 0.0 0.0 0.0 0.0 0.0 0.0
20.508908033664664 9.54624673782544 34.972808835263066 -0.9063041028736543 -0.33737760942354517 0.2545372699115703 0.01064653566027715 0.5838583331812498 0.8117857463969463 0.0 0.0 0.0 0.0 0.0 0.0
20.261119041278793 9.995159025060595 35.13331888398294 -0.4864064086702068 -0.7062876032615539 0.5143604058280563 0.01064653566027715 0.5838583331812498 0.8117857463969463 0.0 0.0 0.0 0.0 0.0 0.0
19.902453692731747 10.283073030908907 35.411077403395694 0.1182852124685292 -0.8068671281214925 0.5787694239230777 0.01064653566027715 0.5838583331812498 0.8117857463969463 0.0 0.0 0.0 0.0 0.0 0.0
19.570751462088754 10.387061649513816 35.82076643120271 0.6780383037671808 -0.6009043409090903 0.42329426136098003 0.01064653566027715 0.5838583331812498 0.8117857463969463 0.0 0.0 0.0 0.0 0.0 0.0
19.393608084123994 10.354074104701015 36.32694539920595 0.980193307268775 -0.1666479480005063 0.10700253180520167 0.01064653566027715 0.5838583331812498 0.8117857463969463 0.0 0.0 0.0 0.0 0.0 0.0
19.43989980139298 10.283099154897915 36.85751559770101 0.9099564853807967 0.33092078655857854 -0.24994124857030223 0.01064653566027715 0.5838583331812498 0.8117857463969463 0.0 0.0 0.0 0.0 0.0 0.0
19.693616128136338 10.287557608803278 37.33111168072007 0.4940119810355281 0.7027671816035544 -0.511928169819118 0.01064653566027715 0.5838583331812498 0.8117857463969463 0.0 0.0 0.0 0.0 0.0 0.0
20.059942501500853 10.452211863867774 37.68801372132101 -0.1096159343450034 0.8076205747166452 -0.5794250203710829 0.01064653566027715 0.5838583331812498 0.8117857463969463 0.0 0.0 0.0 0.0 0.0 0.0
20.401281919182356 10.800963254350746 37.912835810296734 -0.6715989235871787 0.6056454087989411 -0.42678861821434366 0.01064653566027715 0.5838583331812498 0.8117857463969463 0.0 0.0 0.0 0.0 0.0 0.0
20.589530341100268 11.287771534826096 38.04037142032157 -0.9784302532233747 0.17357542622727268 -0.11200808447280024 0.01064653566027715 0.5838583331812498 0.8117857463969463 0.0 0.0 0.0 0.0 0.0 0.0
20.554745556009564 11.814146339171513 38.142374783966495 -0.9135395711785376 -0.3244387627945049 0.24532619323526672 0.01064653566027715 0.5838583331812498 0.8117857463969463 0.0 0.0 0.0 0.0 0.0 0.0
20.311719396924147 12.26656531732944 38.3003002610786 -0.5015799324758485 -0.6991932415038034 0.5094569484980358 0.01064653566027715 0.5838583331812498 0.8117857463969463 0.0 0.0 0.0 0.0 0.0 0.0
19.954358076448624 12.559603174086432 38.57435646563091 0.10093830854368177 -0.8083125178782044 0.5800364913604498 0.01064653566027715 0.5838583331812498 0.8117857463969463 0.0 0.0 0.0 0.0 0.0 0.0
19.620005646581664 12.668386166959497 38.980632006639716 0.6651083985489444 -0.6103403544460617 0.43025047346204914 0.01064653566027715 0.5838583331812498 0.8117857463969463 0.0 0.0 0.0 0.0 0.0 0.0
95.14085681317694 47.352068608428276 87.2115119455196 0.41905667725896806 0.17474888256232748 -0.8909850331447161 0.82169097305459 0.3444980030534203 0.4540320150526906 0.0 0.0 0.0 0.0 0.0 0.0
95.64478723338095 47.18174343332007 87.28719925248532 0.11294700973987658 0.6824117165039757 -0.7221891872417626 0.82169097305459 0.3444980030534203 0.4540320150526906 0.0 0.0 0.0 0.0 0.0 0.0
96.17446392800908 47.16697403046107 87.19826351149558 -0.23607311515269438 0.9308149300302966 -0.279021594746351 0.82169097305459 0.3444980030534203 0.4540320150526906 0.0 0.0 0.0 0.0 0.0 0.0
96.65032774861007 47.36438392019061 87.04572478920397 -0.4954051166667525 0.8255859892423848 0.27015096658549004 0.82169097305459 0.3444980030534203 0.4540320150526906 0.0 0.0 0.0 0.0 0.0 0.0
97.01326395727894 47.74998616214505 86.95476698824585 -0.5665244316272601 0.40670312807963666 0.7166886590282066 0.82169097305459 0.3444980030534203 0.4540320150526906 0.0 0.0 0.0 0.0 0.0 0.0
97.24706090393266 48.22829639494218 87.02717838966383 -0.4224116432291836 -0.16669305115425373 0.8909443475107223 0.82169097305459 0.3444980030534203 0.4540320150526906 0.0 0.0 0.0 0.0 0.0 0.0
97.38456910322108 48.66860894148368 87.3026805831305 -0.11781760922228449 -0.6767597532954501 0.7267153825787831 0.82169097305459 0.3444980030534203 0.4540320150526906 0.0 0.0 0.0 0.0 0.0 0.0
97.49522077478015 48.95465408096722 87.74383757092212 0.2315373043335414 -0.9297141103400236 0.2863950937719011 0.82169097305459 0.3444980030534203 0.4540320150526906 0.0 0.0 0.0 0.0 0.0 0.0
97.65865138214738 49.028770859745244 88.2502783293505 0.49292732487576313 -0.829454532875423 -0.26273147942954655 0.82169097305459 0.3444980030534203 0.4540320150526906 0.0 0.0 0.0 0.0 0.0 0.0
97.93444478873003 48.9138134516555 88.69682943877604 0.5670460133923004 -0.4140713106311946 -0.7120419709596227 0.82169097305459 0.3444980030534203 0.4540320150526906 0.0 0.0 0.0 0.0 0.0 0.0
98.33949635190757 48.7044684752786 88.9810705585169 0.4257344409173325 0.15862452542495553 -0.8908358130152348 0.82169097305459 0.3444980030534203 0.4540320150526906 0.0 0.0 0.0 0.0 0.0 0.0
98.84159409428798 48.531281964463446 89.06224562665076 0.12267923643759908 0.6710562522115283 -0.7311862357258279 0.82169097305459 0.3444980030534203 0.4540320150526906 0.0 0.0 0.0 0.0 0.0 0.0
99.37165657247445 48.51106274745472 88.9767467693441 -0.22698386105223176 0.9285424893207128 -0.2937467827022375 0.82169097305459 0.3444980030534203 0.4540320150526906 0.0 0.0 0.0 0.0 0.0 0.0
99.84997807239199 48.70250482010329 88.82428832367772 -0.49041199476054015 0.8332599103344183 0.25529198425423727 0.82169097305459 0.3444980030534203 0.4540320150526906 0.0 0.0 0.0 0.0 0.0 0.0
100.21651014267304 49.08388851553115 88.73002369385486 -0.5675244124080145 0.4214079600493052 0.7073410581381668 0.82169097305459 0.3444980030534203 0.4540320150526906 0.0 0.0 0.0 0.0 0.0 0.0
100.45367500528852 49.56133216871187 88.79699748049111 -0.42902481727950925 -0.15054391982390694 0.8906594379235744 0.82169097305459 0.3444980030534203 0.4540320150526906 0.0 0.0 0.0 0.0 0.0 0.0
100.59304364730582 50.00445933063185 89.06699711402669 -0.12753152115408875 -0.6653016475959013 0.7356014062101187 0.82169097305459 0.3444980030534203 0.4540320150526906 0.0 0.0 0.0 0.0 0.0 0.0
100.70334147506328 50.29593096104861 89.5046771112536 0.2224131320710975 -0.9273001561958427 0.3010761016777834 0.82169097305459 0.3444980030534203 0.4540320150526906 0.0 0.0 0.0 0.0 0.0 0.0
100.86433838327457 50.37602449168298 90.01098741533131 0.4878593178732072 -0.8370018318251454 -0.24783304760592492 0.82169097305459 0.3444980030534203 0.4540320150526906 0.0 0.0 0.0 0.0 0.0 0.0
101.13654283834559 50.265323428416515 90.4608041684092 0.567959592242462 -0.4287125176197116 -0.7025862785565525 0.82169097305459 0.3444980030534203 0.4540320150526906 0.0 0.0 0.0 0.0 0.0 0.0
22.08902818713771 34.86490615829556 74.80629961662387 0.22073532638007495 -0.18875933446209944 0.9568938443428858 0.5155432318970966 0.8554142399172906 0.04981620410891102 0.0 0.0 0.0 0.0 0.0 0.0
22.023836053994323 35.346493865068744 75.03544666238166 0.6642882182979221 -0.435724351635262 0.6073429446553265 0.5155432318970966 0.8554142399172906 0.04981620410891102 0.0 0.0 0.0 0.0 0.0 0.0
22.110068441113803 35.72875819217659 75.40303755148369 0.8554669097776527 -0.5171504026995177 0.027052306060675952 0.5155432318970966 0.8554142399172906 0.04981620410891102 0.0 0.0 0.0 0.0 0.0 0.0
22.391304537234404 35.993138068716924 75.77679501460347 0.721639419588849 -0.4021023694845808 -0.5635159558968632 0.5155432318970966 0.8554142399172906 0.04981620410891102 0.0 0.0 0.0 0.0 0.0 0.0
22.837038361756704 36.16585869748107 76.02209899784549 0.31364904873055394 -0.13428892330934514 -0.9399950847248278 0.5155432318970966 0.8554142399172906 0.04981620410891102 0.0 0.0 0.0 0.0 0.0 0.0
23.354268496806114 36.30796816195145 76.0531310719475 -0.21350183967292655 0.18454313002217748 -0.9593543649861059 0.5155432318970966 0.8554142399172906 0.04981620410891102 0.0 0.0 0.0 0.0 0.0 0.0
23.82283088078423 36.49214423871704 75.8654782883648 -0.6595398096242595 0.43326416286167807 -0.6142388824395325 0.5155432318970966 0.8554142399172906 0.04981620410891102 0.0 0.0 0.0 0.0 0.0 0.0
24.141051144406052 36.775082895039624 75.53780973220296 -0.8550075789817599 0.5173808964395189 -0.03576377892771676 0.5155432318970966 0.8554142399172906 0.04981620410891102 0.0 0.0 0.0 0.0 0.0 0.0
24.26437240349613 37.175958542985015 75.20198882150923 -0.7256436741196872 0.4049359773126906 0.5562985821372356 0.5155432318970966 0.8554142399172906 0.04981620410891102 0.0 0.0 0.0 0.0 0.0 0.0
24.222283164238213 37.66913935970016 74.99297619011764 -0.32059560534429216 0.13864911023626808 0.9370138110319504 0.5155432318970966 0.8554142399172906 0.04981620410891102 0.0 0.0 0.0 0.0 0.0 0.0
24.10711414665451 38.19392524545626 74.99755588643397 0.20625209397408034 -0.18031287190841752 0.9617418270801408 0.5155432318970966 0.8554142399172906 0.04981620410891102 0.0 0.0 0.0 0.0 0.0 0.0
24.03896030038193 38.67760880638729 75.22136466249447 0.6547411744405812 -0.43077097934464265 0.6210880435547182 0.5155432318970966 0.8554142399172906 0.04981620410891102 0.0 0.0 0.0 0.0 0.0 0.0
24.12005472542454 39.06309810902248 75.58675047762583 0.8544831360484307 -0.5175719896211355 0.04447252824452709 0.5155432318970966 0.8554142399172906 0.04981620410891102 0.0 0.0 0.0 0.0 0.0 0.0
24.39592860821574 39.3306068603381 75.96227380696986 0.7295926680752969 -0.4077387476983557 -0.5490388440867809 0.5155432318970966 0.8554142399172906 0.04981620410891102 0.0 0.0 0.0 0.0 0.0 0.0
24.83811316265137 39.50517155128637 76.21264371452878 0.32751774736144645 -0.14299873849664577 -0.9339611801095665 0.5155432318970966 0.8554142399172906 0.04981620410891102 0.0 0.0 0.0 0.0 0.0 0.0
25.354955397903407 39.64713967529486 76.25011714169459 -0.19898664137974129 0.176068882271351 -0.9640560488105088 0.5155432318970966 0.8554142399172906 0.04981620410891102 0.0 0.0 0.0 0.0 0.0 0.0
25.8264386219918 39.829242706557125 76.06783396219997 -0.6498926781815365 0.4282449909497315 -0.6278899064107473 0.5155432318970966 0.8554142399172906 0.04981620410891102 0.0 0.0 0.0 0.0 0.0 0.0
26.149778789639818 40.10896419698113 75.74242325878245 -0.8538936209160262 0.51772366769188 -0.053177890806129315 0.5155432318970966 0.8554142399172906 0.04981620410891102 0.0 0.0 0.0 0.0 0.0 0.0
26.27847387953222 40.50670081374569 75.40489065348241 -0.7334861007245005 0.41051046719975776 0.5417372946026586 0.5155432318970966 0.8554142399172906 0.04981620410891102 0.0 0.0 0.0 0.0 0.0 0.0
26.239970789685305 40.99801330442517 75.19084708153285 -0.3344149476341034 0.14733747684944357 0.9308374244273395 0.5155432318970966 0.8554142399172906 0.04981620410891102 0.0 0.0 0.0 0.0 0.0 0.0
56.883850303348765 20.399607230702173 17.006235661112804 -0.11047910969888451 0.6746811533967904 0.7297942912707105 0.993477191034541 0.054103734751605986 0.1003785673340978 0.0 0.0 0.0 0.0 0.0 0.0
57.26841406861968 20.75657721127416 16.89061453186101 -0.1060512076762843 0.1148772293268142 0.9877025683537511 0.993477191034541 0.054103734751605986 0.1003785673340978 0.0 0.0 0.0 0.0 0.0 0.0
57.628803457763865 21.13973345988581 17.000140234143558 -0.061332678775825746 -0.4885704748092695 0.8703661262128867 0.993477191034541 0.054103734751605986 0.1003785673340978 0.0 0.0 0.0 0.0 0.0 0.0
57.97521206085128 21.411520053391797 17.308065922282445 0.006687160219274427 -0.9064020871025785 0.42236304097812777 0.993477191034541 0.054103734751605986 0.1003785673340978 0.0 0.0 0.0 0.0 0.0 0.0
58.32314500232108 21.47669226262277 17.712269278901967 0.0721664352437156 -0.9798763922708625 -0.18610282505769152 0.993477191034541 0.054103734751605986 0.1003785673340978 0.0 0.0 0.0 0.0 0.0 0.0
58.68752828497541 21.31850161740374 18.074050490693853 0.11022847496061498 -0.6810792733558171 -0.7238651163807867 0.993477191034541 0.054103734751605986 0.1003785673340978 0.0 0.0 0.0 0.0 0.0 0.0
59.077038151965354 21.005058930393066 18.270826626430292 0.10641287411815423 -0.12352875145469103 -0.9866189476114675 0.993477191034541 0.054103734751605986 0.1003785673340978 0.0 0.0 0.0 0.0 0.0 0.0
59.490804836958816 20.663457860601458 18.242702942014688 0.062169243269828305 0.48095240841465925 -0.8745397452554095 0.993477191034541 0.054103734751605986 0.1003785673340978 0.0 0.0 0.0 0.0 0.0 0.0
59.918743002911796 20.431489907441158 18.01522789515068 -0.005693522511023262 0.9027117072318253 -0.4302082721520133 0.993477191034541 0.054103734751605986 0.1003785673340978 0.0 0.0 0.0 0.0 0.0 0.0
60.34538333022924 20.40529511634822 17.6896868591131 -0.071393223899317 0.9815157359367265 0.17756651624067285 0.993477191034541 0.054103734751605986 0.1003785673340978 0.0 0.0 0.0 0.0 0.0 0.0
60.75574956991244 20.60283686814549 17.404622116039715 -0.10996944589721024 0.6874255264912721 0.7178808163596928 0.993477191034541 0.054103734751605986 0.1003785673340978 0.0 0.0 0.0 0.0 0.0 0.0
61.14104827094318 20.957077290336326 17.283198327643678 -0.10676643680766579 0.1321708663898837 0.9854601920164727 0.993477191034541 0.054103734751605986 0.1003785673340978 0.0 0.0 0.0 0.0 0.0 0.0
61.5020095593442 21.341446065679495 17.386410221025344 -0.06300107333525777 -0.47329771563206513 0.8786467647104127 0.993477191034541 0.054103734751605986 0.1003785673340978 0.0 0.0 0.0 0.0 0.0 0.0
61.84860975109613 21.617926611852003 17.68990967206941 0.004699451218989595 -0.8989525823695755 0.4380207413003554 0.993477191034541 0.054103734751605986 0.1003785673340978 0.0 0.0 0.0 0.0 0.0 0.0
62.19628118290128 21.689490888587784 18.09325596487523 0.07061457568450845 -0.983080333379206 -0.16901668504596568 0.993477191034541 0.054103734751605986 0.1003785673340978 0.0 0.0 0.0 0.0 0.0 0.0
62.56004920945561 21.536961972397105 18.458074899006707 0.10970204223473651 -0.6937194295114086 -0.7118418469350443 0.993477191034541 0.054103734751605986 0.1003785673340978 0.0 0.0 0.0 0.0 0.0 0.0
62.94882381998913 21.22629969042139 18.660629461731205 0.1071118688196515 -0.14080291600188047 -0.9842263898124916 0.993477191034541 0.054103734751605986 0.1003785673340978 0.0 0.0 0.0 0.0 0.0 0.0
63.362014584390366 20.883541379312675 18.63882958792922 0.06382810562503433 0.465606979395979 -0.882686871812464 0.993477191034541 0.054103734751605986 0.1003785673340978 0.0 0.0 0.0 0.0 0.0 0.0
63.78975496747719 20.64691819380762 18.4158212139238 -0.0037050220455507863 0.895124998787742 -0.44579985347338125 0.993477191034541 0.054103734751605986 0.1003785673340978 0.0 0.0 0.0 0.0 0.0 0.0
64.21665079067215 20.614338779941374 18.09119274929201 -0.0698305498963659 0.9845700654481485 0.16045398257631757 0.993477191034541 0.054103734751605986 0.1003785673340978 0.0 0.0 0.0 0.0 0.0 0.0
32.313462700446095 30.75526927857552 40.55841507610051 0.9984192123891112 -0.04875039656609003 -0.027972757585833525 0.055597567808607064 0.7836062794963061 0.6187649870408996 0.0 0.0 0.0 0.0 0.0 0.0
32.44602648435668 30.837234531224937 41.07260729956541 0.8135960171504443 0.3236752170090865 -0.48300711668779284 0.055597567808607064 0.7836062794963061 0.6187649870408996 0.0 0.0 0.0 0.0 0.0 0.0
32.76404950597654 30.992981559776027 41.476698035583496 0.31967409239631234 0.573131204081469 -0.7545389967117141 0.055597567808607064 0.7836062794963061 0.6187649870408996 0.0 0.0 0.0 0.0 0.0 0.0
33.1549422470167 31.279373864331088 41.708791583559545 -0.29569736472498476 0.6048450644805683 -0.7394088966655711 0.055597567808607064 0.7836062794963061 0.6187649870408996 0.0 0.0 0.0 0.0 0.0 0.0
33.47843076446367 31.703640620365974 41.77233685027514 -0.7987284491909634 0.4067681724132966 -0.4433649945186765 0.055597567808607064 0.7836062794963061 0.6187649870408996 0.0 0.0 0.0 0.0 0.0 0.0
33.61984910678553 32.22063019410145 41.734817052539704 -0.9983092417817646 0.05415325084504195 0.02112068171327096 0.055597567808607064 0.7836062794963061 0.6187649870408996 0.0 0.0 0.0 0.0 0.0 0.0
33.5337028260314 32.749964003070986 41.702111714865374 -0.8186156625792355 -0.3190353961133158 0.47758225784337965 0.055597567808607064 0.7836062794963061 0.6187649870408996 0.0 0.0 0.0 0.0 0.0 0.0
33.26095307923455 33.20657368345803 41.77827126789359 -0.3279163066388475 -0.5710171621008514 0.7526023494692459 0.055597567808607064 0.7836062794963061 0.6187649870408996 0.0 0.0 0.0 0.0 0.0 0.0
32.91345480002147 33.5330199837771 42.02598655016398 0.2873639366619181 -0.6060599613084378 0.7416962256914766 0.055597567808607064 0.7836062794963061 0.6187649870408996 0.0 0.0 0.0 0.0 0.0 0.0
32.6314611392124 33.721314896846216 42.44277151041825 0.7934698159560116 -0.4108504484327537 0.44900730527391225 0.055597567808607064 0.7836062794963061 0.6187649870408996 0.0 0.0 0.0 0.0 0.0 0.0
32.53033894791706 33.81595643726765 42.96190770003774 0.9981232460605449 -0.059551981144279724 -0.01426699741902437 0.055597567808607064 0.7836062794963061 0.6187649870408996 0.0 0.0 0.0 0.0 0.0 0.0
32.656738981967216 33.897023101713444 43.47779172714666 0.8235729672559218 0.31437127943693477 -0.47212102926099725 0.055597567808607064 0.7836062794963061 0.6187649870408996 0.0 0.0 0.0 0.0 0.0 0.0
32.97087249981712 34.04975070919859 43.88605575078022 0.3361335487850525 0.5688596349525565 -0.7506083886440474 0.055597567808607064 0.7836062794963061 0.6187649870408996 0.0 0.0 0.0 0.0 0.0 0.0
33.36162767068903 34.33214988837037 44.12321856860445 -0.2790086247225 0.6072287043237964 -0.7439270716782025 0.055597567808607064 0.7836062794963061 0.6187649870408996 0.0 0.0 0.0 0.0 0.0 0.0
33.68878281677644 34.75296686979923 44.190803187031925 -0.7881507569225314 0.41490143659989 -0.4546154223844494 0.055597567808607064 0.7836062794963061 0.6187649870408996 0.0 0.0 0.0 0.0 0.0 0.0
33.83627897302415 35.26836064675594 44.15475820562238 -0.9978612393897465 0.06494617632958807 0.007412226637686858 0.055597567808607064 0.7836062794963061 0.6187649870408996 0.0 0.0 0.0 0.0 0.0 0.0
33.75631262835522 35.798558906650506 44.12040284150812 -0.8284675536625594 -0.30968322217048716 0.46662384683434527 0.055597567808607064 0.7836062794963061 0.6187649870408996 0.0 0.0 0.0 0.0 0.0 0.0
33.48749707876114 36.25816486630711 44.19241439796208 -0.3443251930601238 -0.5666587869406308 0.748557266083955 0.055597567808607064 0.7836062794963061 0.6187649870408996 0.0 0.0 0.0 0.0 0.0 0.0
33.1401925905748 36.58860093765066 44.43505960677327 0.2706320651960833 -0.6083512045223397 0.746101264738189 0.055597567808607064 0.7836062794963061 0.6187649870408996 0.0 0.0 0.0 0.0 0.0 0.0
32.854578690165354 36.78036333278154 44.847778622357644 0.7827716771574618 -0.41892082841627326 0.4601889187704566 0.055597567808607064 0.7836062794963061 0.6187649870408996 0.0 0.0 0.0 0.0 0.0 0.0
85.11228961769856 26.43460736498912 28.356901705649562 0.3716962115237611 -0.7656207637348295 0.525039781804179 0.4202298694656149 0.6430587158097915 0.6402205438987211 0.0 0.0 0.0 0.0 0.0 0.0
85.02720513294811 26.591888974338488 28.863565527067262 0.7864870089977698 -0.6100227774996771 0.09649039127976208 0.4202298694656149 0.6430587158097915 0.6402205438987211 0.0 0.0 0.0 0.0 0.0 0.0
85.12140038664555 26.610115872362407 29.392224336213257 0.9024782423919608 -0.2226669390554491 -0.3687173121251487 0.4202298694656149 0.6430587158097915 0.6402205438987211 0.0 0.0 0.0 0.0 0.0 0.0
85.42131558409277 26.577585834622415 29.836834022458618 0.6756029028698757 0.24928379232863696 -0.6938431440290023 0.4202298694656149 0.6430587158097915 0.6402205438987211 0.0 0.0 0.0 0.0 0.0 0.0
85.87523448450703 26.601880045187457 30.12328214219076 0.19205472506935084 0.6265274432043256 -0.7553663650774949 0.4202298694656149 0.6430587158097915 0.6402205438987211 0.0 0.0 0.0 0.0 0.0 0.0
86.37293226554387 26.76899120614464 30.237544475235854 -0.36445825376878915 0.7657428434264476 -0.5299132749809018 0.4202298694656149 0.6430587158097915 0.6402205438987211 0.0 0.0 0.0 0.0 0.0 0.0
86.78755177616642 27.11065347235502 30.231013060575304 -0.7825074485831114 0.6140397348932503 -0.10313727204157287 0.4202298694656149 0.6430587158097915 0.6402205438987211 0.0 0.0 0.0 0.0 0.0 0.0
87.02379868926282 27.5922861154551 30.20097150150766 -0.9032689808538469 0.22905266487721263 0.3628223049095818 0.4202298694656149 0.6430587158097915 0.6402205438987211 0.0 0.0 0.0 0.0 0.0 0.0
87.05414540975218 28.126131320721093 30.253635298260374 -0.6808635254461934 -0.24295534208201341 0.6909396221601378 0.4202298694656149 0.6430587158097915 0.6402205438987211 0.0 0.0 0.0 0.0 0.0 0.0
86.92928926819269 28.60459484811489 30.46379880362494 -0.19978663329043816 -0.6226605525875801 0.7565574250576113 0.4202298694656149 0.6430587158097915 0.6402205438987211 0.0 0.0 0.0 0.0 0.0 0.0
86.75889175728834 28.941122882954307 30.8464195978365 0.35719254110673504 -0.7658066088358452 0.5347464132100918 0.4202298694656149 0.6430587158097915 0.6402205438987211 0.0 0.0 0.0 0.0 0.0 0.0
86.66991629736836 29.103085277213452 31.35093585376512 0.7784682971966425 -0.6180099307836601 0.10977629850080511 0.4202298694656149 0.6430587158097915 0.6402205438987211 0.0 0.0 0.0 0.0 0.0 0.0
86.75839271028889 29.124172288304752 31.880475620391113 0.9039909318856925 -0.23542094745173253 -0.3568996673707728 0.4202298694656149 0.6430587158097915 0.6402205438987211 0.0 0.0 0.0 0.0 0.0 0.0
87.05293388457687 29.091595087016902 32.32866009661008 0.6860722976289779 0.23660838984545016 -0.6879834825639647 0.4202298694656149 0.6430587158097915 0.6402205438987211 0.0 0.0 0.0 0.0 0.0 0.0
87.50386526069667 29.11295277563921 32.62001871633115 0.20750332698589485 0.6187462439590263 -0.7576908702606786 0.4202298694656149 0.6430587158097915 0.6402205438987211 0.0 0.0 0.0 0.0 0.0 0.0
88.00209702673202 29.275353690040863 32.73866167833553 -0.3498996268497486 0.7658120551070386 -0.5395388284295612 0.4202298694656149 0.6430587158097915 0.6402205438987211 0.0 0.0 0.0 0.0 0.0 0.0
88.42056916181735 29.612321486500473 32.734316747422774 -0.7743698624353795 0.6219330628251175 -0.11640696506989076 0.4202298694656149 0.6430587158097915 0.6402205438987211 0.0 0.0 0.0 0.0 0.0 0.0
88.66252366239496 30.09105894420022 32.70343684515958 -0.9046440405081319 0.24177130180963438 0.35094985054049965 0.4202298694656149 0.6430587158097915 0.6402205438987211 0.0 0.0 0.0 0.0 0.0 0.0
88.69826452547407 30.62490817775482 32.752555972369755 -0.6912288227500613 -0.23024341896393383 0.6849749503619573 0.4202298694656149 0.6430587158097915 0.6402205438987211 0.0 0.0 0.0 0.0 0.0 0.0
88.57643975665776 31.106273416711968 32.9578151610677 -0.21520421849962013 -0.6147848154084218 0.7587666143704557 0.4202298694656149 0.6430587158097915 0.6402205438987211 0.0 0.0 0.0 0.0 0.0 0.0
51.673656688791084 77.0308756029025 10.51511928775386 -0.058775653183571974 0.995765646506749 -0.0706838017500526 0.8193840365253358 0.08856745792697446 0.5663617272413461 0.0 0.0 0.0 0.0 0.0 0.0
52.18694129111095 77.17022329030486 10.438920592520205 -0.38197422117615476 0.8210533429582302 0.42422529671624354 0.8193840365253358 0.08856745792697446 0.5663617272413461 0.0 0.0 0.0 0.0 0.0 0.0
52.613154857694866 77.49673011306902 10.459424067021285 -0.5600543962755036 0.33440914714003017 0.7579641122913136 0.8193840365253358 0.08856745792697446 0.5663617272413461 0.0 0.0 0.0 0.0 0.0 0.0
52.911704007025655 77.89946551144597 10.652705484768546 -0.525360542619623 -0.279282674699451 0.8037396891227508 0.8193840365253358 0.08856745792697446 0.5663617272413461 0.0 0.0 0.0 0.0 0.0 0.0
53.0904972041358 78.23853841533752 11.029199389941041 -0.29107343526268226 -0.7868703390632961 0.5441611202454609 0.8193840365253358 0.08856745792697446 0.5663617272413461 0.0 0.0 0.0 0.0 0.0 0.0
53.20294020251919 78.39824420068068 11.529734839595545 0.05379733663887025 -0.9955128058464932 0.07784664389815954 0.8193840365253358 0.08856745792697446 0.5663617272413461 0.0 0.0 0.0 0.0 0.0 0.0
53.32764630548213 78.33102281060728 12.048015434176083 0.3782296009078126 -0.825943313602085 -0.41804307399253116 0.8193840365253358 0.08856745792697446 0.5663617272413461 0.0 0.0 0.0 0.0 0.0 0.0
53.53856985787303 78.07552761620995 12.471003096886278 0.5589661161301762 -0.3425841474844459 -0.755111238765986 0.8193840365253358 0.08856745792697446 0.5663617272413461 0.0 0.0 0.0 0.0 0.0 0.0
53.87690975402369 77.7419403546141 12.721863128960157 0.5273420584195939 0.2709284639640348 -0.8053000191455818 0.8193840365253358 0.08856745792697446 0.5663617272413461 0.0 0.0 0.0 0.0 0.0 0.0
54.33545728898394 77.47011124490365 12.789154996331002 0.29537193602636513 0.7815108222702188 -0.5495418583534502 0.8193840365253358 0.08856745792697446 0.5663617272413461 0.0 0.0 0.0 0.0 0.0 0.0
54.861334866055294 77.37642755171996 12.731178779798816 -0.04881492321869888 0.9951841530317873 -0.08500355772293831 0.8193840365253358 0.08856745792697446 0.5663617272413461 0.0 0.0 0.0 0.0 0.0 0.0
55.37608507984298 77.50959611753336 12.653825999609047 -0.37445617699098604 0.8307703854648394 0.4118290156702144 0.8193840365253358 0.08856745792697446 0.5663617272413461 0.0 0.0 0.0 0.0 0.0 0.0
55.80547799630329 77.83213881885372 12.670349656499521 -0.5578352685509805 0.3507330587196623 0.7522008605962942 0.8193840365253358 0.08856745792697446 0.5663617272413461 0.0 0.0 0.0 0.0 0.0 0.0
56.10771234574509 78.23463113194505 12.858337523230956 -0.5292834150801289 -0.2625536209771455 0.806799022454109 0.8193840365253358 0.08856745792697446 0.5663617272413461 0.0 0.0 0.0 0.0 0.0 0.0
56.28929652406545 78.57727433887338 13.23023525251677 -0.29964794307354103 -0.7760917904022838 0.5548807467212878 0.8193840365253358 0.08856745792697446 0.5663617272413461 0.0 0.0 0.0 0.0 0.0 0.0
56.40257594433376 78.74300739775975 13.72861806547705 0.04382879235312947 -0.9947797130908163 0.0921539981976915 0.8193840365253358 0.08856745792697446 0.5663617272413461 0.0 0.0 0.0 0.0 0.0 0.0
56.525846139198045 78.68198038974627 14.248007385226124 0.3706542367865153 -0.8355341909462825 -0.40558359497389396 0.8193840365253358 0.08856745792697446 0.5663617272413461 0.0 0.0 0.0 0.0 0.0 0.0
56.73360697900046 78.43049333661648 14.674943911739193 0.5566619396563373 -0.35885526027453896 -0.7492331994188043 0.8193840365253358 0.08856745792697446 0.5663617272413461 0.0 0.0 0.0 0.0 0.0 0.0
57.06825892546294 78.0972052156157 14.93109270687009 0.531184464759401 0.25415878351550114 -0.8082365848934271 0.8193840365253358 0.08856745792697446 0.5663617272413461 0.0 0.0 0.0 0.0 0.0 0.0
57.523994387381066 77.8218525973144 15.003003947043329 0.30390113076971725 0.770613656139748 -0.5601773787719548 0.8193840365253358 0.08856745792697446 0.5663617272413461 0.0 0.0 0.0 0.0 0.0 0.0
39.98687352954685 14.378123894792012 55.29800597177808 -0.3765781371988334 -0.03883723644773903 0.9255704055602465 0.6991339696800267 0.6435893826719832 0.31145529205865674 0.0 0.0 0.0 0.0 0.0 0.0
40.00261706981978 14.893473183704607 55.4491759207604 0.0513433825814151 -0.47967399243241776 0.875943330386757 0.6991339696800267 0.6435893826719832 0.31145529205865674 0.0 0.0 0.0 0.0 0.0 0.0
40.03006433576766 15.299480770949268 55.80001717946598 0.4597586929034045 -0.7382745789705412 0.49353073900783856 0.6991339696800267 0.6435893826719832 0.31145529205865674 0.0 0.0 0.0 0.0 0.0 0.0
40.162313610229205 15.537198644687752 56.26335878565736 0.6935039890359623 -0.7163923096650354 -0.07638243151408593 0.6991339696800267 0.6435893826719832 0.31145529205865674 0.0 0.0 0.0 0.0 0.0 0.0
40.45264714081263 15.611614868896774 56.70928901418173 0.663775524965384 -0.4223406244770949 -0.6172766392576563 0.6991339696800267 0.6435893826719832 0.31145529205865674 0.0 0.0 0.0 0.0 0.0 0.0
40.894288323197635 15.589758534467277 57.014511013364675 0.38186764122549566 0.032165325108379585 -0.9236571314321936 0.6991339696800267 0.6435893826719832 0.31145529205865674 0.0 0.0 0.0 0.0 0.0 0.0
41.42297624641548 15.575234286908318 57.109185340374744 -0.04511814390244963 0.4744511299096231 -0.8791248366519285 0.6991339696800267 0.6435893826719832 0.31145529205865674 0.0 0.0 0.0 0.0 0.0 0.0
41.94137948731112 15.668861189340886 57.00346313320831 -0.45496279182671534 0.7364850180583256 -0.5005983182441477 0.6991339696800267 0.6435893826719832 0.31145529205865674 0.0 0.0 0.0 0.0 0.0 0.0
42.35607394549443 15.930369874813383 56.78362952364676 -0.6919594685637739 0.7187159344738123 0.06811387082213637 0.6991339696800267 0.6435893826719832 0.31145529205865674 0.0 0.0 0.0 0.0 0.0 0.0
42.613036221046094 16.355709880163616 56.57932247308233 -0.666069174248086 0.4278946510930747 0.6109484615599005 0.6991339696800267 0.6435893826719832 0.31145529205865674 0.0 0.0 0.0 0.0 0.0 0.0
42.71816800737001 16.878588484694237 56.514281143553994 -0.38712806455281884 -0.025490964254980892 0.9216735172374978 0.6991339696800267 0.6435893826719832 0.31145529205865674 0.0 0.0 0.0 0.0 0.0 0.0
42.73505393919811 17.39565642312086 56.65933532128045 0.03888946930214305 -0.4691921360963745 0.8822393941571183 0.6991339696800267 0.6435893826719832 0.31145529205865674 0.0 0.0 0.0 0.0 0.0 0.0
42.760804726777295 17.805771999361166 57.00549599666472 0.4501322435719675 -0.734639370960568 0.5076277749803768 0.6991339696800267 0.6435893826719832 0.31145529205865674 0.0 0.0 0.0 0.0 0.0 0.0
42.889163173442135 18.04842650787555 57.4673704393283 0.6903622526990233 -0.7209848262815579 -0.05984012299521059 0.6991339696800267 0.6435893826719832 0.31145529205865674 0.0 0.0 0.0 0.0 0.0 0.0
43.174889717332 18.12673250255323 57.91560432407225 0.6683120997843764 -0.4334160918747131 -0.6045737577714141 0.6991339696800267 0.6435893826719832 0.31145529205865674 0.0 0.0 0.0 0.0 0.0 0.0
43.61295802539618 18.106241285450615 58.22602560170926 0.3923590065791982 0.01881466216596106 -0.9196197140360606 0.6991339696800267 0.6435893826719832 0.31145529205865674 0.0 0.0 0.0 0.0 0.0 0.0
44.14046458135569 18.090038871180735 58.32681953659588 -0.032657833118183266 0.4638974114854101 -0.8852867657167147 0.6991339696800267 0.6435893826719832 0.31145529205865674 0.0 0.0 0.0 0.0 0.0 0.0
44.66052678322833 18.17958188645551 58.22581232538179 -0.44526741600411474 0.732737778230439 -0.5146185738961808 0.6991339696800267 0.6435893826719832 0.31145529205865674 0.0 0.0 0.0 0.0 0.0 0.0
45.079090263612464 18.436152501333535 58.00749779405556 -0.6887124630758844 0.7231988123033751 0.05156181811123782 0.6991339696800267 0.6435893826719832 0.31145529205865674 0.0 0.0 0.0 0.0 0.0 0.0
45.34066171636809 18.8575763082316 57.80093678079019 -0.6705041307667936 0.4389045263429157 0.5981530133505705 0.6991339696800267 0.6435893826719832 0.31145529205865674 0.0 0.0 0.0 0.0 0.0 0.0
33.3759776376174 84.73850087621939 23.19645140265694 0.790078407530599 0.06402826767792301 -0.6096527625559298 0.4816972105341388 0.550256809664395 0.682044896455938 0.0 0.0 0.0 0.0 0.0 0.0
33.787163346122796 84.66736216133334 23.53490479454959 0.4176816934984257 0.5400422344708192 -0.7306821387607965 0.4816972105341388 0.550256809664395 0.682044896455938 0.0 0.0 0.0 0.0 0.0 0.0
34.29355960980353 84.71932609078738 23.706799169920764 -0.11339927915931303 0.8108851273635882 -0.5741131540965468 0.4816972105341388 0.550256809664395 0.682044896455938 0.0 0.0 0.0 0.0 0.0 0.0
34.77410650423178 84.95613131053848 23.747824433751138 -0.6013979697295871 0.7736592030945794 -0.19942898353095728 0.4816972105341388 0.550256809664395 0.682044896455938 0.0 0.0 0.0 0.0 0.0 0.0
35.11756471253717 85.36929216997822 23.743389854510585 -0.8609155167617388 0.44250721267785253 0.25102159215283837 0.4816972105341388 0.550256809664395 0.682044896455938 0.0 0.0 0.0 0.0 0.0 0.0
35.264777201707965 85.88332256247138 23.796175655099677 -0.7933568652362512 -0.05676066616125045 0.6061048681205587 0.4816972105341388 0.550256809664395 0.682044896455938 0.0 0.0 0.0 0.0 0.0 0.0
35.23114396848515 86.3844143593271 23.98712307944797 -0.4243886763880756 -0.5344642189379636 0.7309187711562823 0.4816972105341388 0.550256809664395 0.682044896455938 0.0 0.0 0.0 0.0 0.0 0.0
35.10077132312626 86.76367502065898 24.34468346067973 0.10581186602021754 -0.8091158791749278 0.578044412719562 0.4816972105341388 0.550256809664395 0.682044896455938 0.0 0.0 0.0 0.0 0.0 0.0
34.994518495956065 86.95849769187406 24.834009083979105 0.5958127114473712 -0.7763708892172385 0.20556131750347922 0.4816972105341388 0.550256809664395 0.682044896455938 0.0 0.0 0.0 0.0 0.0 0.0
35.02408119510756 86.97634659446352 25.370192416071394 0.8594543463383553 -0.44866961821685875 -0.24501795903412715 0.4816972105341388 0.550256809664395 0.682044896455938 0.0 0.0 0.0 0.0 0.0 0.0
35.24955653954966 86.89192124346306 25.850523896692355 0.79657490574501 0.049488742100092006 -0.6025108164528497 0.4816972105341388 0.550256809664395 0.682044896455938 0.0 0.0 0.0 0.0 0.0 0.0
35.656611158820596 86.81877685278145 26.193513017744856 0.4310633404369313 0.5288455018855737 -0.7310997412574773 0.4816972105341388 0.550256809664395 0.682044896455938 0.0 0.0 0.0 0.0 0.0 0.0
36.16192668010756 86.86618281089483 26.36984792977363 -0.09821639489785695 0.8072850136794488 -0.5819316510225584 0.4816972105341388 0.550256809664395 0.682044896455938 0.0 0.0 0.0 0.0 0.0 0.0
36.64485377108717 87.0976094132777 26.41353150364131 -0.5901820797203957 0.7790234516908416 -0.2116779971858101 0.4816972105341388 0.550256809664395 0.682044896455938 0.0 0.0 0.0 0.0 0.0 0.0
36.99324883842442 87.50661443598548 26.408963071390023 -0.8579277251389849 0.45479785582734267 0.23899566684921003 0.4816972105341388 0.550256809664395 0.682044896455938 0.0 0.0 0.0 0.0 0.0 0.0
37.1460792538215 88.01929064423936 26.45887370891702 -0.799732283990631 -0.04221304927961909 0.5988708812537522 0.4816972105341388 0.550256809664395 0.682044896455938 0.0 0.0 0.0 0.0 0.0 0.0
37.1166106699193 88.52234438658171 26.645296982669315 -0.43770517734348313 -0.5231865112007065 0.7312250352828079 0.4816972105341388 0.550256809664395 0.682044896455938 0.0 0.0 0.0 0.0 0.0 0.0
36.98736717706924 88.90613774723377 26.998403026222352 0.09061344421676472 -0.8053926703046472 0.5857745729772895 0.4816972105341388 0.550256809664395 0.682044896455938 0.0 0.0 0.0 0.0 0.0 0.0
36.87877902167955 89.10634182334817 27.485036402116986 0.5845065033430666 -0.7816166885124868 0.21777855676911057 0.4816972105341388 0.550256809664395 0.682044896455938 0.0 0.0 0.0 0.0 0.0 0.0
36.90342914211843 89.12837635072255 28.02131240687955 0.856335769421743 -0.46089145882028393 -0.23295517421895304 0.4816972105341388 0.550256809664395 0.682044896455938 0.0 0.0 0.0 0.0 0.0 0.0
20.382758311160043 48.63357271619576 62.45340441273929 0.4794277895583387 0.5267567307416997 -0.7019090690520545 0.5599737755713172 0.4322115032004965 0.7068398596383565 0.0 0.0 0.0 0.0 0.0 0.0
20.893387209689173 48.60455993209144 62.618029709895595 -0.00785874538224879 0.8558780200948735 -0.517118027958315 0.5599737755713172 0.4322115032004965 0.7068398596383565 0.0 0.0 0.0 0.0 0.0 0.0
21.402224706961146 48.77064456959799 62.664777936307665 -0.4921596115609042 0.8598369400966026 -0.13586520229084242 0.5599737755713172 0.4322115032004965 0.7068398596383565 0.0 0.0 0.0 0.0 0.0 0.0
21.798874405291983 49.13272906465437 62.68055568558253 -0.7894808128376726 0.5371294308486178 0.29700508527196695 0.5599737755713172 0.4322115032004965 0.7068398596383565 0.0 0.0 0.0 0.0 0.0 0.0
22.015561927495426 49.617252230373495 62.764035753390424 -0.7868650539021134 0.010357470496059323 0.6170381752797376 0.5599737755713172 0.4322115032004965 0.7068398596383565 0.0 0.0 0.0 0.0 0.0 0.0
22.05288353590314 50.104136381818094 62.988169692668464 -0.4853061053070028 -0.5203494660656243 0.7026481461705915 0.5599737755713172 0.4322115032004965 0.7068398596383565 0.0 0.0 0.0 0.0 0.0 0.0
21.97957960233594 50.472406856100214 63.37247229897495 0.0006287465796237496 -0.8533669406898442 0.521310338680709 0.5599737755713172 0.4322115032004965 0.7068398596383565 0.0 0.0 0.0 0.0 0.0 0.0
21.90641899157135 50.64615230940086 63.87560761338675 0.48632472712856895 -0.8621760470115993 0.14191801768195836 0.5599737755713172 0.4322115032004965 0.7068398596383565 0.0 0.0 0.0 0.0 0.0 0.0
21.94411611765795 50.6233647056568 64.41109314439461 0.7872578129255364 -0.543430058258851 -0.2913913309768912 0.5599737755713172 0.4322115032004965 0.7068398596383565 0.0 0.0 0.0 0.0 0.0 0.0
22.161268686972022 50.47670220303358 64.88015601233765 0.7890984933433731 -0.018225904707509188 -0.6139962411943681 0.5599737755713172 0.4322115032004965 0.7068398596383565 0.0 0.0 0.0 0.0 0.0 0.0
22.55829628267274 50.32588510485881 65.20925841778102 0.4911474631168075 0.513902574763092 -0.7033337139123862 0.5599737755713172 0.4322115032004965 0.7068398596383565 0.0 0.0 0.0 0.0 0.0 0.0
23.06728095804491 50.29221211477125 65.37803588100763 0.006601300104486391 0.8507908740883359 -0.5254629496024791 0.5599737755713172 0.4322115032004965 0.7068398596383565 0.0 0.0 0.0 0.0 0.0 0.0
23.57777039998361 50.452476931202305 65.42703404833864 -0.48045280718538136 0.8644494958825646 -0.1479600254665715 0.5599737755713172 0.4322115032004965 0.7068398596383565 0.0 0.0 0.0 0.0 0.0 0.0
23.97874060940693 50.80979303741973 65.44230472320898 -0.7849748602829547 0.549689301366172 0.2857553861037923 0.5599737755713172 0.4322115032004965 0.7068398596383565 0.0 0.0 0.0 0.0 0.0 0.0
24.200775774729482 51.292410837179574 65.52271334733297 -0.7912718398792471 0.026092950945750277 0.6109075489180469 0.5599737755713172 0.4322115032004965 0.7068398596383565 0.0 0.0 0.0 0.0 0.0 0.0
24.24244049925416 51.780976525928516 65.74237836645507 -0.49695141814574256 -0.5074165477898377 0.7039657200687978 0.5599737755713172 0.4322115032004965 0.7068398596383565 0.0 0.0 0.0 0.0 0.0 0.0
24.170825132375914 52.15387659664288 66.12251239361717 -0.013830844074036982 -0.848150016467796 0.5295755444862228 0.5599737755713172 0.4322115032004965 0.7068398596383565 0.0 0.0 0.0 0.0 0.0 0.0
24.096057024155805 52.33344084441633 66.62336318280802 0.4745442989007766 -0.8666571135775671 0.15399076552239313 0.5599737755713172 0.4322115032004965 0.7068398596383565 0.0 0.0 0.0 0.0 0.0 0.0
24.129461303801683 52.31545057588037 67.15931617184503 0.7826321287656073 -0.5559066835049862 -0.2800976798516965 0.5599737755713172 0.4322115032004965 0.7068398596383565 0.0 0.0 0.0 0.0 0.0 0.0
24.341266601825236 52.17074136134782 67.63142088594655 0.7933849280009793 -0.03395801010475481 -0.6077723336666525 0.5599737755713172 0.4322115032004965 0.7068398596383565 0.0 0.0 0.0 0.0 0.0 0.0
6.255527601998428 11.545435301654468 95.9790905768627 0.5665692911051118 -0.6859808068167664 0.45654087555844236 0.7581941702835461 0.6509670344716633 0.03719570108512239 0.0 0.0 0.0 0.0 0.0 0.0
6.502081830110393 11.835341581383151 96.35836681351924 0.6481721185066239 -0.7462866564455924 -0.15142368111327054 0.7581941702835461 0.6509670344716633 0.03719570108512239 0.0 0.0 0.0 0.0 0.0 0.0
6.896386913030709 11.955131794293118 96.70312601730146 0.4835235212275531 -0.5230657280432254 -0.701859849661112 0.7581941702835461 0.6509670344716633 0.03719570108512239 0.0 0.0 0.0 0.0 0.0 0.0
7.400911197828935 11.955689158037346 96.88789624626938 0.13517625415196552 -0.1011233843646254 -0.9856477268517834 0.7581941702835461 0.6509670344716633 0.03719570108512239 0.0 0.0 0.0 0.0 0.0 0.0
7.936248914014429 11.933195443133805 96.84798804488797 -0.2645267319024013 0.3592374237269215 -0.8949715534602649 0.7581941702835461 0.6509670344716633 0.03719570108512239 0.0 0.0 0.0 0.0 0.0 0.0
8.411287753339424 11.992589910272239 96.60407104973498 -0.5637315898559385 0.6831179284151795 -0.46428072378276736 0.7581941702835461 0.6509670344716633 0.03719570108512239 0.0 0.0 0.0 0.0 0.0 0.0
8.757823959018918 12.207701130687248 96.2543212489871 -0.648765391733641 0.7474705109758101 0.14279811521955624 0.7581941702835461 0.6509670344716633 0.03719570108512239 0.0 0.0 0.0 0.0 0.0 0.0
8.956474073239297 12.593198277598386 95.93712228309667 -0.48732237451281757 0.5278465493762255 0.6956255627928017 0.7581941702835461 0.6509670344716633 0.03719570108512239 0.0 0.0 0.0 0.0 0.0 0.0
9.04403903685586 13.09901806204855 95.77849118613274 -0.1407374396189657 0.10768485854493097 0.9841732288218662 0.7581941702835461 0.6509670344716633 0.03719570108512239 0.0 0.0 0.0 0.0 0.0 0.0
9.09952289668297 13.629384613392341 95.84420240764581 0.2593160015906413 -0.3533881104424069 0.8988170307225988 0.7581941702835461 0.6509670344716633 0.03719570108512239 0.0 0.0 0.0 0.0 0.0 0.0
9.214117847232055 14.079196333841413 96.11479899959342 0.5608509582636211 -0.680203027938546 0.47198521523244047 0.7581941702835461 0.6509670344716633 0.03719570108512239 0.0 0.0 0.0 0.0 0.0 0.0
9.456558791364532 14.373955752669273 96.4929846362043 0.6493092589642793 -0.7485974427326679 -0.1341616746965026 0.7581941702835461 0.6509670344716633 0.03719570108512239 0.0 0.0 0.0 0.0 0.0 0.0
9.847009801508463 14.498072360871571 96.84058811484671 0.4910841163125167 -0.5325871731508505 -0.6893383013446609 0.7581941702835461 0.6509670344716633 0.03719570108512239 0.0 0.0 0.0 0.0 0.0 0.0
10.349403451417817 14.500785706196252 97.03105690600754 0.14628790738505085 -0.11423813210634023 -0.9826237821901926 0.7581941702835461 0.6509670344716633 0.03719570108512239 0.0 0.0 0.0 0.0 0.0 0.0
10.885143434418548 14.477458465712786 96.99753657509982 -0.2540855233613783 0.34751188528508364 -0.9025940595881315 0.7581941702835461 0.6509670344716633 0.03719570108512239 0.0 0.0 0.0 0.0 0.0 0.0
11.36296461437424 14.533346570414531 96.75826989990881 -0.5579276156994101 0.677236327367821 -0.47965376318060854 0.7581941702835461 0.6509670344716633 0.03719570108512239 0.0 0.0 0.0 0.0 0.0 0.0
11.713606176776034 14.743610717249043 96.40966613430847 -0.6498036787809454 0.7496673658959481 0.1255150172424927 0.7581941702835461 0.6509670344716633 0.03719570108512239 0.0 0.0 0.0 0.0 0.0 0.0
11.91612497015361 15.124761563727853 96.08967352083788 -0.4948084601554501 0.537287238350244 0.6829985441159909 0.7581941702835461 0.6509670344716633 0.03719570108512239 0.0 0.0 0.0 0.0 0.0 0.0
12.005852159469582 15.628387053094368 95.9253704469891 -0.15182723476061286 0.12078270599169778 0.9809995049531226 0.7581941702835461 0.6509670344716633 0.03719570108512239 0.0 0.0 0.0 0.0 0.0 0.0
12.06097032584462 16.159544964092124 95.9846862411616 0.24883569553577836 -0.3416091957522498 0.9063023524214915 0.7581941702835461 0.6509670344716633 0.03719570108512239 0.0 0.0 0.0 0.0 0.0 0.0
34.389228255062946 92.72911170463514 93.93636345124749 0.997556328331814 -0.005048021432867059 -0.06968421115836348 0.05790972745447745 0.6177360059778969 0.7842504003088707 0.0 0.0 0.0 0.0 0.0 0.0
34.53924772345637 92.6926437585916 94.45099861340869 0.7851423155302221 0.4570161376509325 -0.41795668949122594 0.05790972745447745 0.6177360059778969 0.7842504003088707 0.0 0.0 0.0 0.0 0.0 0.0
34.86824040737945 92.76035265550564 94.87036053504933 0.27443961017920987 0.7454522251387933 -0.6074404336231702 0.05790972745447745 0.6177360059778969 0.7842504003088707 0.0 0.0 0.0 0.0 0.0 0.0
35.259791609078135 92.99798741059574 95.15125639073243 -0.34052729146447824 0.7506785489998616 -0.5661474011592111 0.05790972745447745 0.6177360059778969 0.7842504003088707 0.0 0.0 0.0 0.0 0.0 0.0
35.57371960397278 93.4067393645505 95.30309892850744 -0.8261221817681094 0.4707095414198422 -0.30976550551509285 0.05790972745447745 0.6177360059778969 0.7842504003088707 0.0 0.0 0.0 0.0 0.0 0.0
35.699333021539424 93.92278957328281 95.38433040955348 -0.9978594431917205 0.011910109210573087 0.064301484677277 0.05790972745447745 0.6177360059778969 0.7842504003088707 0.0 0.0 0.0 0.0 0.0 0.0
35.59748434763282 94.44155469178442 95.48021941605498 -0.7904932188265905 -0.4514141726141998 0.4139392657772562 0.05790972745447745 0.6177360059778969 0.7842504003088707 0.0 0.0 0.0 0.0 0.0 0.0
35.31544271962179 94.85741993543486 95.67046589121502 -0.2828054042874175 -0.7432386630203495 0.606314599112997 0.05790972745447745 0.6177360059778969 0.7842504003088707 0.0 0.0 0.0 0.0 0.0 0.0
34.96893559080495 95.10386390246377 95.99892179832057 0.3323249115947581 -0.7526943590572884 0.5683408792061984 0.05790972745447745 0.6177360059778969 0.7842504003088707 0.0 0.0 0.0 0.0 0.0 0.0
34.698181936042765 95.178731166662 96.45693102672405 0.8211994373858615 -0.4761888837097764 0.31444495713619286 0.05790972745447745 0.6177360059778969 0.7842504003088707 0.0 0.0 0.0 0.0 0.0 0.0
34.61462071887176 95.1450511598353 96.98661799300075 0.9980865671916581 -0.018771289987350927 -0.058913861389179034 0.05790972745447745 0.6177360059778969 0.7842504003088707 0.0 0.0 0.0 0.0 0.0 0.0
34.75857336609693 95.10709223686534 97.50287554272006 0.7957839230038263 0.44577783064050147 -0.4098903189855666 0.05790972745447745 0.6177360059778969 0.7842504003088707 0.0 0.0 0.0 0.0 0.0 0.0
35.0839249836102 95.1707483844163 97.9256985813294 0.2911496616691629 0.7409685004001509 -0.6051425913986589 0.05790972745447745 0.6177360059778969 0.7842504003088707 0.0 0.0 0.0 0.0 0.0 0.0
35.475644175662 95.40330832494807 98.21057934718856 -0.32409722389637186 0.7546528485250981 -0.570491075894813 0.05790972745447745 0.6177360059778969 0.7842504003088707 0.0 0.0 0.0 0.0 0.0 0.0
35.79348539532888 95.80789140604634 98.36541665434699 -0.8162141554870539 0.48163196237257555 -0.31910046255638397 0.05790972745447745 0.6177360059778969 0.7842504003088707 0.0 0.0 0.0 0.0 0.0 0.0
35.92527057257027 96.322262508122 98.44751500102517 -0.9982376830352546 0.025631041257719932 0.05352175158244178 0.05790972745447745 0.6177360059778969 0.7842504003088707 0.0 0.0 0.0 0.0 0.0 0.0
35.82950743855419 96.84247620685883 98.54181363266063 -0.8010140251543225 -0.440107540959101 0.40581015745913096 0.05790972745447745 0.6177360059778969 0.7842504003088707 0.0 0.0 0.0 0.0 0.0 0.0
35.55115313230023 97.26236737778605 98.72861670245773 -0.29947174687694045 -0.738641910159871 0.6039244997330807 0.05790972745447745 0.6177360059778969 0.7842504003088707 0.0 0.0 0.0 0.0 0.0 0.0
35.20453423192278 97.5138851020509 99.05308438097151 0.3158448549395924 -0.7565538682567354 0.5725978274792518 0.05790972745447745 0.6177360059778969 0.7842504003088707 0.0 0.0 0.0 0.0 0.0 0.0
34.92991217616689 97.59294634824165 99.508075752276 0.8111667157202044 -0.48703836289672625 0.32373166724090335 0.05790972745447745 0.6177360059778969 0.7842504003088707 0.0 0.0 0.0 0.0 0.0 0.0
38.54466492678068 64.66703124754528 24.864469934434368 -0.26223658343643746 0.6462870571343592 0.7166205509809177 0.9629149299743673 0.22407911583165416 0.15027770120867376 0.0 0.0 0.0 0.0 0.0 0.0
38.867759263560195 65.08466816425153 24.76509912653049 -0.17521302414494355 0.09578838922666459 0.9798596739632388 0.9629149299743673 0.22407911583165416 0.15027770120867376 0.0 0.0 0.0 0.0 0.0 0.0
39.15091378597279 65.52414004729597 24.88908736213786 -0.021623107575240448 -0.49110188924470366 0.8708337244268121 0.9629149299743673 0.22407911583165416 0.15027770120867376 0.0 0.0 0.0 0.0 0.0 0.0
39.42913932033323 65.85166523923453 25.211582172629143 0.14018178908137618 -0.8914143492062835 0.4309634834171954 0.9629149299743673 0.22407911583165416 0.15027770120867376 0.0 0.0 0.0 0.0 0.0 0.0
39.7393192979256 65.97599250222315 25.63231512272566 0.24872928035144953 -0.9530635942512554 -0.17263699026781293 0.9629149299743673 0.22407911583165416 0.15027770120867376 0.0 0.0 0.0 0.0 0.0 0.0
40.10619712280036 65.883068888914 26.013695465458603 0.26278035948420475 -0.6526280454666236 -0.7106497850135235 0.9629149299743673 0.22407911583165416 0.15027770120867376 0.0 0.0 0.0 0.0 0.0 0.0
40.532975738887934 65.64137869210575 26.23308316733708 0.17699678659559295 -0.10424819085017936 -0.9786748450018009 0.9629149299743673 0.22407911583165416 0.15027770120867376 0.0 0.0 0.0 0.0 0.0 0.0
41.000100778049195 65.37592511691304 26.229381907503353 0.02396917525085245 0.4837372944070522 -0.8748849688030645 0.9629149299743673 0.22407911583165416 0.15027770120867376 0.0 0.0 0.0 0.0 0.0 0.0
41.47268959146307 65.22073947320122 26.026250591502674 -0.1381647265149264 0.8879428938627786 -0.4387116656594061 0.9629149299743673 0.22407911583165416 0.15027770120867376 0.0 0.0 0.0 0.0 0.0 0.0
41.91378375112051 65.2679604400846 25.723114937510847 -0.24780753868664396 0.9548041423265328 0.1641355341361587 0.9629149299743673 0.22407911583165416 0.15027770120867376 0.0 0.0 0.0 0.0 0.0 0.0
42.29839017453706 65.53282904125426 25.45739398368989 -0.2633041237902019 0.6589193336464734 0.7046249003136079 0.9629149299743673 0.22407911583165416 0.15027770120867376 0.0 0.0 0.0 0.0 0.0 0.0
42.62297641465076 65.94789832526156 25.352292298066477 -0.1787670700556723 0.11270005357034753 0.9774154861618224 0.9629149299743673 0.22407911583165416 0.15027770120867376 0.0 0.0 0.0 0.0 0.0 0.0
42.906812695520344 66.38865759002633 25.46999250326807 -0.02631341758096876 -0.47633586110156667 0.8788695873016878 0.9629149299743673 0.22407911583165416 0.15027770120867376 0.0 0.0 0.0 0.0 0.0 0.0
43.1846508320244 66.72083608026507 25.788031058548757 0.1361371421696259 -0.8844038182300954 0.44642643830973566 0.9629149299743673 0.22407911583165416 0.15027770120867376 0.0 0.0 0.0 0.0 0.0 0.0
43.49352143436958 66.85141469231046 26.207832534488972 0.24686692551834144 -0.9564719783696976 -0.1556215784481034 0.9629149299743673 0.22407911583165416 0.15027770120867376 0.0 0.0 0.0 0.0 0.0 0.0
43.858665360154355 66.76396548679104 26.592160066725306 0.263807836467749 -0.6651604425679563 -0.6985463556994673 0.9629149299743673 0.22407911583165416 0.15027770120867376 0.0 0.0 0.0 0.0 0.0 0.0
44.283944290562665 66.52489293745894 26.817253935200153 0.18052373971124197 -0.12114333374510038 -0.9760816933483548 0.9629149299743673 0.22407911583165416 0.15027770120867376 0.0 0.0 0.0 0.0 0.0 0.0
44.75037361311835 66.25820576138788 26.819849950963786 0.028655656042459666 0.4688981529760489 -0.8827872764785563 0.9629149299743673 0.22407911583165416 0.15027770120867376 0.0 0.0 0.0 0.0 0.0 0.0
45.223334993370564 66.0984039340416 26.621214579277193 -0.13409919045387295 0.8807973918225454 -0.45410721385837766 0.9629149299743673 0.22407911583165416 0.15027770120867376 0.0 0.0 0.0 0.0 0.0 0.0
45.66572845893938 66.1393798998756 26.31906545390308 -0.2459075124778766 0.9580669753685777 0.1470957715743359 0.9629149299743673 0.22407911583165416 0.15027770120867376 0.0 0.0 0.0 0.0 0.0 0.0
25.726593078272792 33.68359088655268 36.3389131322599 0.4627350694733118 -0.4625061704173612 0.7562832126957442 0.5826637517867714 0.8016344341031713 0.13373550917333876 0.0 0.0 0.0 0.0 0.0 0.0
25.771375092979948 34.076585873821614 36.70255390728192 0.7665995240903104 -0.5967522728542101 0.23709047747188045 0.5826637517867714 0.8016344341031713 0.13373550917333876 0.0 0.0 0.0 0.0 0.0 0.0
25.990903493324577 34.33355116171659 37.12023946410372 0.7792200026448514 -0.504282209667802 -0.3721768940849461 0.5826637517867714 0.8016344341031713 0.13373550917333876 0.0 0.0 0.0 0.0 0.0 0.0
26.38805511779029 34.475565304050534 37.453087286208294 0.4958017743309153 -0.2202269038796644 -0.8400480411130626 0.5826637517867714 0.8016344341031713 0.13373550917333876 0.0 0.0 0.0 0.0 0.0 0.0
26.898224772315164 34.56737871671565 37.594446130909 0.024020162585050513 0.14749628468983803 -0.9887708924680594 0.5826637517867714 0.8016344341031713 0.13373550917333876 0.0 0.0 0.0 0.0 0.0 0.0
27.413869823657095 34.6928139121168 37.51041461955989 -0.4568871105225773 0.45918316869929743 -0.7618431504066986 0.5826637517867714 0.8016344341031713 0.13373550917333876 0.0 0.0 0.0 0.0 0.0 0.0
27.825367443779427 34.92291992527117 37.25272093810415 -0.7642153315975471 0.5964186897867171 -0.24547845816761144 0.5826637517867714 0.8016344341031713 0.13373550917333876 0.0 0.0 0.0 0.0 0.0 0.0
28.062662155018035 35.28897959752876 36.9390704343851 -0.7812053711996327 0.5070647790354318 0.3641476045103053 0.5826637517867714 0.8016344341031713 0.13373550917333876 0.0 0.0 0.0 0.0 0.0 0.0
28.12188107731102 35.7706247021223 36.708427388572105 -0.501402429225688 0.22506848105757526 0.8354279040114808 0.5826637517867714 0.8016344341031713 0.13373550917333876 0.0 0.0 0.0 0.0 0.0 0.0
28.06680530008536 36.303574174054695 36.6682201597653 -0.031108321387334152 -0.14243509581838826 0.9893151751690006 0.5826637517867714 0.8016344341031713 0.13373550917333876 0.0 0.0 0.0 0.0 0.0 0.0
28.004638380020634 36.80405556141357 36.853527356267115 0.45100435784946563 -0.45582519840513813 0.7673450708121536 0.5826637517867714 0.8016344341031713 0.13373550917333876 0.0 0.0 0.0 0.0 0.0 0.0
28.045277917518565 37.20063158045343 37.213750885805105 0.761772941148502 -0.596039687126869 0.25384774472834426 0.5826637517867714 0.8016344341031713 0.13373550917333876 0.0 0.0 0.0 0.0 0.0 0.0
28.25956362092052 37.461340334058306 37.63183901674125 0.7831312479408371 -0.5098087334569578 -0.35609058368572644 0.5826637517867714 0.8016344341031713 0.13373550917333876 0.0 0.0 0.0 0.0 0.0 0.0
28.652364116931846 37.60583817083051 37.968756287921835 0.5069649003842162 -0.22989291839926645 -0.830744145840518 0.5826637517867714 0.8016344341031713 0.13373550917333876 0.0 0.0 0.0 0.0 0.0 0.0
29.160727277937426 37.69793190962002 38.11630540491867 0.03819411117050272 0.13736305996293108 -0.9897841176890634 0.5826637517867714 0.8016344341031713 0.13373550917333876 0.0 0.0 0.0 0.0 0.0 0.0
29.677796787786104 37.82133756225021 38.03823320114468 -0.4450872594483701 0.45243251525732026 -0.7727885549195693 0.5826637517867714 0.8016344341031713 0.13373550917333876 0.0 0.0 0.0 0.0 0.0 0.0
30.093408642838835 38.04787522096911 37.784003821960944 -0.7592725387406655 0.5956152937371835 -0.2621976998005047 0.5826637517867714 0.8016344341031713 0.13373550917333876 0.0 0.0 0.0 0.0 0.0 0.0
30.335944298795084 38.41018340463646 37.470006468857626 -0.7849974862054957 0.5125138639696252 0.34800644518453894 0.5826637517867714 0.8016344341031713 0.13373550917333876 0.0 0.0 0.0 0.0 0.0 0.0
30.399539753070812 38.88931913972197 37.23533719588416 -0.5124887642027864 0.2346998485051538 0.8259971232864926 0.5826637517867714 0.8016344341031713 0.13373550917333876 0.0 0.0 0.0 0.0 0.0 0.0
30.346313377421033 39.421954712659065 37.18895399315389 -0.04527699232423202 -0.13228056337863614 0.9901776843164588 0.5826637517867714 0.8016344341031713 0.13373550917333876 0.0 0.0 0.0 0.0 0.0 0.0
2.0946643744298914 55.95068418137161 63.579104443771264 -0.47842194182927383 0.8627077857537289 -0.1638527447930155 0.7263738935184011 0.4936447005832134 0.4782215766786648 0.0 0.0 0.0 0.0 0.0 0.0
2.496857234144536 56.28003651369178 63.44326245133824 -0.6768874369705924 0.6344611784188654 0.3732055877806852 0.7263738935184011 0.4936447005832134 0.4782215766786648 0.0 0.0 0.0 0.0 0.0 0.0
2.7447535813034407 56.754014291595894 63.39249268438276 -0.6181920778523442 0.16517216177745236 0.7684768778918231 0.7263738935184011 0.4936447005832134 0.4782215766786648 0.0 0.0 0.0 0.0 0.0 0.0
2.851733024864462 57.26564306897432 63.51689724592287 -0.3246352127376239 -0.36686852065449344 0.8717909538436269 0.7263738935184011 0.4936447005832134 0.4782215766786648 0.0 0.0 0.0 0.0 0.0 0.0
2.8847118614672804 57.69364415552602 63.84002658282258 0.09225599730743456 -0.7595297183752289 0.6438970708627706 0.7263738935184011 0.4936447005832134 0.4782215766786648 0.0 0.0 0.0 0.0 0.0 0.0
2.9387204555591677 57.94851041887545 64.3099322772857 0.47409761153737845 -0.8636328774255143 0.17137592527621645 0.7263738935184011 0.4936447005832134 0.4782215766786648 0.0 0.0 0.0 0.0 0.0 0.0
3.100799615118503 58.00651154064149 64.81890311930789 0.675821616654909 -0.6396274671701445 -0.3662537995754455 0.7263738935184011 0.4936447005832134 0.4782215766786648 0.0 0.0 0.0 0.0 0.0 0.0
3.4169323334590818 57.91870956114018 65.24438639619267 0.6207896904703665 -0.17261688813587245 -0.7647375825314158 0.7263738935184011 0.4936447005832134 0.4782215766786648 0.0 0.0 0.0 0.0 0.0 0.0
3.8745740812755565 57.79155955655691 65.4955477170769 0.32990938182599816 0.35997373270168337 -0.8726847721531552 0.7263738935184011 0.4936447005832134 0.4782215766786648 0.0 0.0 0.0 0.0 0.0 0.0
4.4074186830598805 57.746465575669575 65.54778051668976 -0.08630901676478629 0.7558043140460087 -0.6490844263225993 0.7263738935184011 0.4936447005832134 0.4782215766786648 0.0 0.0 0.0 0.0 0.0 0.0
4.920589141756954 57.873657211950444 65.45205450089891 -0.46973717687682054 0.8644922001099936 -0.1788860548191984 0.7263738935184011 0.4936447005832134 0.4782215766786648 0.0 0.0 0.0 0.0 0.0 0.0
5.326682996204656 58.19790987244767 65.31555140328337 -0.6747043299065673 0.6447450458133805 0.3592741197253592 0.7263738935184011 0.4936447005832134 0.4782215766786648 0.0 0.0 0.0 0.0 0.0 0.0
5.578977977420553 58.66913218642499 65.2609448525638 -0.6233400275499741 0.18004846904994784 0.7609400494432971 0.7263738935184011 0.4936447005832134 0.4782215766786648 0.0 0.0 0.0 0.0 0.0 0.0
5.689182579743011 59.18139655458748 65.37979461005784 -0.3351584270376501 -0.3530515313554328 0.873512132138548 0.7263738935184011 0.4936447005832134 0.4782215766786648 0.0 0.0 0.0 0.0 0.0 0.0
5.7229878080764625 59.61318281506871 65.69776148555796 0.08035546345635272 -0.7520213522920582 0.6542223514903316 0.7263738935184011 0.4936447005832134 0.4782215766786648 0.0 0.0 0.0 0.0 0.0 0.0
5.775110066833178 59.87354578463258 66.16485836666544 0.46534096991158247 -0.8652856883664167 0.18638256149652077 0.7263738935184011 0.4936447005832134 0.4782215766786648 0.0 0.0 0.0 0.0 0.0 0.0
5.933306814323212 59.936666854307084 66.67444115853058 0.6735356618112796 -0.6498135246251457 -0.3522670797600692 0.7263738935184011 0.4936447005832134 0.4782215766786648 0.0 0.0 0.0 0.0 0.0 0.0
6.245036037115958 59.851662910596865 67.10372465848033 0.6258428948731252 -0.1874663385760188 -0.7570845678243139 0.7263738935184011 0.4936447005832134 0.4782215766786648 0.0 0.0 0.0 0.0 0.0 0.0
6.699426167487207 59.72392600910961 67.36043070737281 0.34038194863746485 0.3461024437681753 -0.8742729707931383 0.7263738935184011 0.4936447005832134 0.4782215766786648 0.0 0.0 0.0 0.0 0.0 0.0
7.2314063737605005 59.67508317056944 67.41784620506397 -0.07439579076826768 0.748181121200562 -0.6593104550930725 0.7263738935184011 0.4936447005832134 0.4782215766786648 0.0 0.0 0.0 0.0 0.0 0.0
31.222709173829212 4.173623417726245 89.90246934603941 -0.520717170243643 0.8509966956453151 0.06825139276386799 0.8340160044909486 0.4899846137156713 0.2536382908293985 0.0 0.0 0.0 0.0 0.0 0.0
31.55260260714992 4.528086998942467 89.66963680028688 -0.528758793886879 0.5785203969711847 0.6210702763581557 0.8340160044909486 0.4899846137156713 0.2536382908293985 0.0 0.0 0.0 0.0 0.0 0.0
31.7619654567667 5.01442432285144 89.5783772435722 -0.33591611135689314 0.08625452714246803 0.9379341782227006 0.8340160044909486 0.4899846137156713 0.2536382908293985 0.0 0.0 0.0 0.0 0.0 0.0
31.894756218230057 5.520423368936542 89.70091981229552 -0.015453281904541904 -0.43878087964646234 0.8984612043572364 0.8340160044909486 0.4899846137156713 0.2536382908293985 0.0 0.0 0.0 0.0 0.0 0.0
32.02402440359704 5.926402299699973 90.0282666408222 0.31088050770844017 -0.7971160942326077 0.5176477974861821 0.8340160044909486 0.4899846137156713 0.2536382908293985 0.0 0.0 0.0 0.0 0.0 0.0
32.224157810478026 6.150678591701786 90.47361130107366 0.5191055947980755 -0.8526135775493922 -0.05982866225951627 0.8340160044909486 0.4899846137156713 0.2536382908293985 0.0 0.0 0.0 0.0 0.0 0.0
32.54262135402692 6.1806015918736925 90.90531801588055 0.5301137874412072 -0.5841889078163295 -0.6145752129309342 0.8340160044909486 0.4899846137156713 0.2536382908293985 0.0 0.0 0.0 0.0 0.0 0.0
32.981924352103086 6.077358712127336 91.1969322915622 0.3397228892055434 -0.0938211048861628 -0.9358343650602804 0.8340160044909486 0.4899846137156713 0.2536382908293985 0.0 0.0 0.0 0.0 0.0 0.0
33.49866719346305 5.952729308570093 91.2752230942823 0.02026558549688033 0.43219090439548064 -0.9015543955870248 0.8340160044909486 0.4899846137156713 0.2536382908293985 0.0 0.0 0.0 0.0 0.0 0.0
34.02002957567469 5.926617835268706 91.14800454416087 -0.30689095296456853 0.7940063632506974 -0.524758838044583 0.8340160044909486 0.4899846137156713 0.2536382908293985 0.0 0.0 0.0 0.0 0.0 0.0
34.47143615550172 6.081500137453762 90.90116720039563 -0.5174544874516659 0.8541655296285106 0.05140137557089709 0.8340160044909486 0.4899846137156713 0.2536382908293985 0.0 0.0 0.0 0.0 0.0 0.0
34.80488896863241 6.431089498993993 90.66604680180912 -0.5314284107782037 0.5898129304143642 0.6080333472218229 0.8340160044909486 0.4899846137156713 0.2536382908293985 0.0 0.0 0.0 0.0 0.0 0.0
35.01720265880479 6.915126736580669 90.56952762385362 -0.34350379584089114 0.10138053778947687 0.9336632844877305 0.8340160044909486 0.4899846137156713 0.2536382908293985 0.0 0.0 0.0 0.0 0.0 0.0
35.15121464790688 7.4222736709463994 90.68583702097486 -0.025076345786422847 -0.4255680161338346 0.9045789299590794 0.8340160044909486 0.4899846137156713 0.2536382908293985 0.0 0.0 0.0 0.0 0.0 0.0
35.279510483197924 7.832412362643906 91.00834521364288 0.3028780272864511 -0.7908361656101057 0.5318299161857805 0.8340160044909486 0.4899846137156713 0.2536382908293985 0.0 0.0 0.0 0.0 0.0 0.0
35.47684737433899 8.062279925506893 91.4520840524395 0.5157639739426295 -0.855652433695512 -0.04297017446851981 0.8340160044909486 0.4899846137156713 0.2536382908293985 0.0 0.0 0.0 0.0 0.0 0.0
35.79175267956881 8.097101489185846 91.88602783861397 0.5327025637842097 -0.5953920364741948 -0.6014451774192243 0.8340160044909486 0.4899846137156713 0.2536382908293985 0.0 0.0 0.0 0.0 0.0 0.0
36.22808755097475 7.996203419416469 92.18287217767123 0.34725854333225536 -0.10893225017232808 -0.9314211018412427 0.8340160044909486 0.4899846137156713 0.2536382908293985 0.0 0.0 0.0 0.0 0.0 0.0
36.743580018259784 7.8704742397927525 92.26739904725656 0.02988519641514556 0.4189127192201058 -0.907534577143398 0.8340160044909486 0.4899846137156713 0.2536382908293985 0.0 0.0 0.0 0.0 0.0 0.0
37.26588481700799 7.840236227696365 92.14505338142645 -0.2988420362739168 0.7876057427336554 -0.5388604934197972 0.8340160044909486 0.4899846137156713 0.2536382908293985 0.0 0.0 0.0 0.0 0.0 0.0
82.04247728125665 77.92686200561856 71.0666258128768 0.8646700297231822 0.187311420915338 -0.46611175837259067 0.22782776568516597 0.6807376456702325 0.6961973620678652 0.0 0.0 0.0 0.0 0.0 0.0
82.38734015284295 77.96438481338812 71.4769266059746 0.43789657779834107 0.5669838219179356 -0.6976932942459976 0.22782776568516597 0.6807376456702325 0.6961973620678652 0.0 0.0 0.0 0.0 0.0 0.0
82.83202156311684 78.13115160120404 71.72818819069607 -0.1552411052724455 0.7312495895099252 -0.664209482825528 0.22782776568516597 0.6807376456702325 0.6961973620678652 0.0 0.0 0.0 0.0 0.0 0.0
83.2413157585592 78.46460675595753 71.82804320290809 -0.6894000969573616 0.6177014122059341 -0.37838138388929143 0.22782776568516597 0.6807376456702325 0.6961973620678652 0.0 0.0 0.0 0.0 0.0 0.0
83.49346118020812 78.93886696705938 71.84164616675675 -0.9616444656532187 0.2694781409880342 0.05120012898586382 0.22782776568516597 0.6807376456702325 0.6961973620678652 0.0 0.0 0.0 0.0 0.0 0.0
83.5263997156532 79.4745547288786 71.86692020161875 -0.8685440240093468 -0.1811243814254727 0.46132985683878247 0.22782776568516597 0.6807376456702325 0.6961973620678652 0.0 0.0 0.0 0.0 0.0 0.0
83.36135361349656 79.9689551822528 71.99735439186293 -0.44546918636262955 -0.5629147230972742 0.6961926590547595 0.22782776568516597 0.6807376456702325 0.6961973620678652 0.0 0.0 0.0 0.0 0.0 0.0
83.09476279629187 80.33503920678483 72.28648572064436 0.14684684303086995 -0.7308443500321413 0.6665602303752938 0.22782776568516597 0.6807376456702325 0.6961973620678652 0.0 0.0 0.0 0.0 0.0 0.0
82.86164572157661 80.53452723873097 72.72755947491319 0.683373301608654 -0.6211139893238804 0.38369042588350194 0.22782776568516597 0.6807376456702325 0.6961973620678652 0.0 0.0 0.0 0.0 0.0 0.0
82.78430361246541 80.59243231726737 73.256095473835 0.9602748175129977 -0.27541203959935606 -0.04494978636325771 0.22782776568516597 0.6807376456702325 0.6961973620678652 0.0 0.0 0.0 0.0 0.0 0.0
82.92585617822138 80.58755721271125 73.77438516754097 0.8723518753053783 0.1749235486127106 -0.4565128232502646 0.22782776568516597 0.6807376456702325 0.6961973620678652 0.0 0.0 0.0 0.0 0.0 0.0
83.26626138140182 80.62255593656536 74.18861274882283 0.45300787072367255 0.5588027561410361 -0.6946390060971144 0.22782776568516597 0.6807376456702325 0.6961973620678652 0.0 0.0 0.0 0.0 0.0 0.0
83.70992974296762 80.78493376626457 74.444497346808 -0.13844139783365664 0.7303834539275236 -0.6688602167828231 0.22782776568516597 0.6807376456702325 0.6961973620678652 0.0 0.0 0.0 0.0 0.0 0.0
84.12204038354118 81.11380252726812 74.54791523733184 -0.6772944647372412 0.6244792662067993 -0.3889702483662632 0.22782776568516597 0.6807376456702325 0.6961973620678652 0.0 0.0 0.0 0.0 0.0 0.0
84.37976172956677 81.58502135665277 74.5626673475016 -0.9588320407275678 0.2813249645175617 0.03869602064039005 0.22782776568516597 0.6807376456702325 0.6961973620678652 0.0 0.0 0.0 0.0 0.0 0.0
84.41891728173883 82.12036822055111 74.58624021679391 -0.8760932936286575 -0.16870939469447713 0.45166102444279516 0.22782776568516597 0.6807376456702325 0.6961973620678652 0.0 0.0 0.0 0.0 0.0 0.0
84.25836734006192 82.61725777262039 74.71276923081949 -0.46051205678146856 -0.5546482341914247 0.6930324536897512 0.22782776568516597 0.6807376456702325 0.6961973620678652 0.0 0.0 0.0 0.0 0.0 0.0
83.99284366055164 82.9877152422537 74.99727501446995 0.13002540978800084 -0.7298669362950944 0.6711092668952473 0.22782776568516597 0.6807376456702325 0.6961973620678652 0.0 0.0 0.0 0.0 0.0 0.0
83.7569592772938 83.19179952079325 75.43476017662566 0.6711640492700867 -0.6277969865758264 0.39422044925865224 0.22782776568516597 0.6807376456702325 0.6961973620678652 0.0 0.0 0.0 0.0 0.0 0.0
83.67406676018528 83.25277745648918 75.96210790259406 0.9573162451699674 -0.28721646545052515 -0.03243930806573254 0.22782776568516597 0.6807376456702325 0.6961973620678652 0.0 0.0 0.0 0.0 0.0 0.0
12.294671922956534 34.692676855071625 10.701098918814516 0.988793520502058 -0.09988105593782792 0.11095561490024093 0.040517458357070504 0.8948725809912321 0.44447879517292366 0.0 0.0 0.0 0.0 0.0 0.0
12.372609728812622 34.87703707372702 11.1997191252984 0.8852175111617024 0.17416539987812962 -0.4313425221537664 0.040517458357070504 0.8948725809912321 0.44447879517292366 0.0 0.0 0.0 0.0 0.0 0.0
12.652332894191428 35.10109830076476 11.60001479028512 0.44533256928348236 0.38204350839018414 -0.8097664233791692 0.040517458357070504 0.8948725809912321 0.44447879517292366 0.0 0.0 0.0 0.0 0.0 0.0
13.033569632750813 35.41224635756106 11.815724173583225 -0.16374166122903613 0.4447769006379742 -0.880546521790208 0.040517458357070504 0.8948725809912321 0.44447879517292366 0.0 0.0 0.0 0.0 0.0 0.0
13.377481454480902 35.82478132285271 11.830712949532813 -0.7106076970260589 0.33853211206017864 -0.6167922746203909 0.040517458357070504 0.8948725809912321 0.44447879517292366 0.0 0.0 0.0 0.0 0.0 0.0
13.559410229314599 36.3144846937404 11.705103907075289 -0.9875019879957598 0.10367331415563993 -0.11870833010538277 0.040517458357070504 0.8948725809912321 0.44447879517292366 0.0 0.0 0.0 0.0 0.0 0.0
13.516237894912866 36.82782039985196 11.55243529703508 -0.8892277635730813 -0.17057270912200495 0.42447489371410013 0.040517458357070504 0.8948725809912321 0.44447879517292366 0.0 0.0 0.0 0.0 0.0 0.0
13.270366063825058 37.302274051552075 11.49652575237312 -0.4531210446736107 -0.3800153083805851 0.806393008569832 0.040517458357070504 0.8948725809912321 0.44447879517292366 0.0 0.0 0.0 0.0 0.0 0.0
12.921205276346427 37.69010320174964 11.624433519387846 0.15513393487723254 -0.4450837384682437 0.8819489372977549 0.040517458357070504 0.8948725809912321 0.44447879517292366 0.0 0.0 0.0 0.0 0.0 0.0
12.607407274204357 37.9764754997588 11.953381574410159 0.7044509388671402 -0.3410574149085426 0.6224377193463677 0.040517458357070504 0.8948725809912321 0.44447879517292366 0.0 0.0 0.0 0.0 0.0 0.0
12.454188885742633 38.185103749308155 12.424214327142506 0.9861352533898063 -0.10745767724919313 0.1264520052115884 0.040517458357070504 0.8948725809912321 0.44447879517292366 0.0 0.0 0.0 0.0 0.0 0.0
12.525760059319904 38.369237017947405 12.923871818441652 0.8931702978474788 0.16696702859367982 -0.4175749398678571 0.040517458357070504 0.8948725809912321 0.44447879517292366 0.0 0.0 0.0 0.0 0.0 0.0
12.800929430395152 38.59143042600821 13.328343089058908 0.4608750131418575 0.37795816873396204 -0.8029581838108157 0.040517458357070504 0.8948725809912321 0.44447879517292366 0.0 0.0 0.0 0.0 0.0 0.0
13.18115527521754 38.89977941052439 13.549780016411372 -0.1465143944756627 0.4453566814486152 -0.8832841889791234 0.040517458357070504 0.8948725809912321 0.44447879517292366 0.0 0.0 0.0 0.0 0.0 0.0
13.527983159209118 39.30964746458994 13.569872285093469 -0.6982405340418342 0.3435567449143019 -0.6280357630301516 0.040517458357070504 0.8948725809912321 0.44447879517292366 0.0 0.0 0.0 0.0 0.0 0.0
13.71564709149569 39.79782928946875 13.44680378183167 -0.9846934207663294 0.11123385702458263 -0.13418605050801916 0.040517458357070504 0.8948725809912321 0.44447879517292366 0.0 0.0 0.0 0.0 0.0 0.0
13.678850127535155 40.31136687555628 13.293147564134397 -0.8970448137456458 -0.16334863287969 0.41064318607323497 0.040517458357070504 0.8948725809912321 0.44447879517292366 0.0 0.0 0.0 0.0 0.0 0.0
13.437571770055744 40.78766913563912 13.233097473623424 -0.46859388419350356 -0.37587224610946723 0.7994622106773221 0.040517458357070504 0.8948725809912321 0.44447879517292366 0.0 0.0 0.0 0.0 0.0 0.0
13.089477421930097 41.178291305394474 13.355284819191462 0.13788369643569984 -0.44559570879342786 0.8845521751497263 0.040517458357070504 0.8948725809912321 0.44447879517292366 0.0 0.0 0.0 0.0 0.0 0.0
12.772813666745483 41.467339919309666 13.679105860917353 0.6919769554965125 -0.346029911743804 0.6335859793590405 0.040517458357070504 0.8948725809912321 0.44447879517292366 0.0 0.0 0.0 0.0 0.0 0.0
