#id1 id2 FENE BEXC STCK NEXC HB CRSTCK CXSTCK total, t = 200000
0 1 0.0823259 0 0 0 0 0 0 0.0823259
1 2 0.0273919 0 -1.23343 0 0 0 0 -1.20603
2 3 0.052901 0 -1.20952 0 0 0 0 -1.15662
3 4 0.0373893 0 -1.01228 0 0 0 0 -0.974886
4 5 0.0676504 0 -1.22267 0 0 0 0 -1.15502
5 6 0.00274176 0 0 0 0 0 0 0.00274176
6 7 0.00600456 0 -1.10657 0 0 0 0 -1.10057
7 8 0.0204592 0 -0.780217 0 0 0 0 -0.759758
8 9 0.00871653 0 -1.11657 0 0 0 0 -1.10785
9 10 0.00100823 0 -1.39747 0 0 0 0 -1.39646
10 11 0.0763339 0 -1.34536 0 0 0 0 -1.26903
11 12 0.0179126 0 0 0 0 0 0 0.0179126
12 13 0.0161394 0 0 0 0 0 0 0.0161394
13 14 0.04279 0 -1.25658 0 0 0 0 -1.21379
14 15 0.00805845 0 -1.14723 0 0 0 0 -1.13917
15 16 0.00106748 0 0 0 0 0 0 0.00106748
16 17 0.0022102 0 -0 0 0 0 0 0.0022102
17 18 0.0233981 0 -0.661508 0 0 0 0 -0.63811
18 19 0.0147463 0 0 0 0 0 0 0.0147463
20 21 0.00112303 0 -1.18265 0 0 0 0 -1.18152
21 22 0.00247073 0 0 0 0 0 0 0.00247073
22 23 0.0657048 0 -0.939871 0 0 0 0 -0.874166
23 24 0.0623375 0 -1.16144 0 0 0 0 -1.09911
24 25 0.0180269 0 0 0 0 0 0 0.0180269
25 26 0.000292613 0 -0.922824 0 0 0 0 -0.922532
26 27 0.150394 0 0 0 0 0 0 0.150394
27 28 0.0130913 0 -1.18898 0 0 0 0 -1.17588
28 29 0.0737314 0 -1.45985 0 0 0 0 -1.38612
29 30 0.00509703 0 -1.4013 0 0 0 0 -1.39621
30 31 0.0195028 0 -1.02099 0 0 0 0 -1.00149
31 32 0.0317698 0 0 0 0 0 0 0.0317698
32 33 0.0612941 0 -0.982431 0 0 0 0 -0.921136
33 34 0.120706 0 -1.38632 0 0 0 0 -1.26561
34 35 8.00329e-07 0 0 0 0 0 0 8.00329e-07
35 36 0.0121751 0 -1.23145 0 0 0 0 -1.21927
36 37 0.0180419 0 -1.15786 0 0 0 0 -1.13982
37 38 0.0290593 0 0 0 0 0 0 0.0290593
38 39 0.02126 0 0 0 0 0 0 0.02126
40 41 0.0163187 0 -0 0 0 0 0 0.0163187
41 42 0.106902 0 0 0 0 0 0 0.106902
42 43 0.00189508 0 -1.08156 0 0 0 0 -1.07966
43 44 0.0754114 0 -1.0199 0 0 0 0 -0.944488
44 45 0.0317084 0 0 0 0 0 0 0.0317084
45 46 0.0788486 0 -1.27558 0 0 0 0 -1.19673
46 47 0.111183 0 -1.04042 0 0 0 0 -0.92924
47 48 0.0260456 0 -0.938528 0 0 0 0 -0.912482
48 49 0.216629 0 -1.06734 0 0 0 0 -0.850714
49 50 0.0058425 0 -0.645057 0 0 0 0 -0.639215
50 51 0.0677012 0 -0.761468 0 0 0 0 -0.693766
51 52 0.00039413 0 -1.24048 0 0 0 0 -1.24008
52 53 0.0651657 0 -0 0 0 0 0 0.0651657
53 54 0.0160349 0 0 0 0 0 0 0.0160349
54 55 0.0563596 0 -0.955824 0 0 0 0 -0.899465
55 56 0.00436221 0 -1.13941 0 0 0 0 -1.13505
56 57 9.57282e-05 0 -1.2261 0 0 0 0 -1.226
57 58 0.0736381 0 0 0 0 0 0 0.0736381
58 59 0.000362931 0 -1.25724 0 0 0 0 -1.25688
60 61 0.00541618 0 0 0 0 0 0 0.00541618
61 62 0.0390593 0 0 0 0 0 0 0.0390593
62 63 1.35878e-07 0 0 0 0 0 0 1.35878e-07
63 64 0.00645333 0 0 0 0 0 0 0.00645333
64 65 0.0915628 0 -1.3799 0 0 0 0 -1.28833
65 66 0.000223163 0 -0.990148 0 0 0 0 -0.989925
66 67 0.0504499 0 0 0 0 0 0 0.0504499
67 68 0.0353626 0 -0.929483 0 0 0 0 -0.894121
68 69 0.000299633 0 -0.892411 0 0 0 0 -0.892112
69 70 0.0159054 0 0 0 0 0 0 0.0159054
70 71 0.00808432 0 -0.960403 0 0 0 0 -0.952319
71 72 0.030101 0 -1.4344 0 0 0 0 -1.4043
72 73 0.0119493 0 -1.30709 0 0 0 0 -1.29514
73 74 0.125933 0 -1.19764 0 0 0 0 -1.0717
74 75 0.0244163 0 0 0 0 0 0 0.0244163
75 76 0.0266622 0 -0.939644 0 0 0 0 -0.912981
76 77 0.0104984 0 0 0 0 0 0 0.0104984
77 78 0.000367203 0 0 0 0 0 0 0.000367203
78 79 0.00444386 0 -0 0 0 0 0 0.00444386
80 81 0.0058404 0 0 0 0 0 0 0.0058404
81 82 0.0794433 0 -1.22354 0 0 0 0 -1.1441
82 83 0.00681743 0 0 0 0 0 0 0.00681743
83 84 0.00193893 0 0 0 0 0 0 0.00193893
84 85 0.0409707 0 0 0 0 0 0 0.0409707
85 86 3.88942e-05 0 0 0 0 0 0 3.88942e-05
86 87 0.00165828 0 0 0 0 0 0 0.00165828
87 88 0.0781462 0 -1.39789 0 0 0 0 -1.31975
88 89 0.00113228 0 -1.2988 0 0 0 0 -1.29767
89 90 0.0732584 0 0 0 0 0 0 0.0732584
90 91 0.0424748 0 0 0 0 0 0 0.0424748
91 92 2.92266e-05 0 -0.87455 0 0 0 0 -0.87452
92 93 0.202996 0 -1.24148 0 0 0 0 -1.03849
93 94 0.00369097 0 0 0 0 0 0 0.00369097
94 95 0.0514223 0 0 0 0 0 0 0.0514223
95 96 0.0970327 0 0 0 0 0 0 0.0970327
96 97 0.00337873 0 -1.07854 0 0 0 0 -1.07516
97 98 0.0347603 0 -1.44175 0 0 0 0 -1.40699
98 99 0.0164605 0 -1.37075 0 0 0 0 -1.35429
100 101 0.00579936 0 0 0 0 0 0 0.00579936
101 102 0.186567 0 -0.926689 0 0 0 0 -0.740121
102 103 0.391881 0 0 0 0 0 0 0.391881
103 104 0.00568275 0 -1.06159 0 0 0 0 -1.0559
104 105 0.180403 0 0 0 0 0 0 0.180403
105 106 0.0886865 0 -1.19026 0 0 0 0 -1.10157
106 107 0.0153439 0 -1.3325 0 0 0 0 -1.31715
107 108 0.0204399 0 -0.819892 0 0 0 0 -0.799452
108 109 0.00913446 0 -1.36611 0 0 0 0 -1.35697
109 110 0.00128204 0 0 0 0 0 0 0.00128204
110 111 0.00163492 0 -1.18387 0 0 0 0 -1.18223
111 112 7.88251e-05 0 -1.05418 0 0 0 0 -1.0541
112 113 0.00665352 0 -0.230478 0 0 0 0 -0.223824
113 114 0.000433313 0 -1.30474 0 0 0 0 -1.30431
114 115 0.0123165 0 0 0 0 0 0 0.0123165
115 116 0.0583926 0 -1.33494 0 0 0 0 -1.27655
116 117 4.65639e-08 0 -1.43771 0 0 0 0 -1.43771
117 118 0.00700766 0 0 0 0 0 0 0.00700766
118 119 0.00276545 0 -1.29544 0 0 0 0 -1.29268
120 121 0.046302 0 -0.803876 0 0 0 0 -0.757574
121 122 0.0624038 0 -0.95224 0 0 0 0 -0.889837
122 123 0.161728 0 -1.21731 0 0 0 0 -1.05558
123 124 0.0574781 0 0 0 0 0 0 0.0574781
124 125 0.015668 0 0 0 0 0 0 0.015668
125 126 0.000133996 0 -1.08934 0 0 0 0 -1.0892
126 127 0.0300523 0 -1.30894 0 0 0 0 -1.27888
127 128 0.0172932 0 -0.795657 0 0 0 0 -0.778363
128 129 0.0020078 0 0 0 0 0 0 0.0020078
129 130 0.0313708 0 0 0 0 0 0 0.0313708
130 131 0.122319 0 -1.31841 0 0 0 0 -1.19609
131 132 0.152936 0 -1.43311 0 0 0 0 -1.28017
132 133 0.00197812 0 0 0 0 0 0 0.00197812
133 134 0.0246926 0 0 0 0 0 0 0.0246926
134 135 0.161404 0 -1.38179 0 0 0 0 -1.22038
135 136 7.82021e-06 0 0 0 0 0 0 7.82021e-06
136 137 0.00333592 0 -1.16012 0 0 0 0 -1.15678
137 138 0.0135967 0 -1.28584 0 0 0 0 -1.27224
138 139 0.0012092 0 0 0 0 0 0 0.0012092
140 141 0.0125225 0 -1.35481 0 0 0 0 -1.34229
141 142 0.275708 0 -1.32964 0 0 0 0 -1.05393
142 143 0.135689 0 -0 0 0 0 0 0.135689
143 144 0.0724384 0 0 0 0 0 0 0.0724384
144 145 6.87271e-05 0 -0.896428 0 0 0 0 -0.896359
145 146 0.00106284 0 -1.10656 0 0 0 0 -1.10549
146 147 0.0311686 0 -0.688453 0 0 0 0 -0.657284
147 148 0.32228 0 0 0 0 0 0 0.32228
148 149 0.0307071 0 0 0 0 0 0 0.0307071
149 150 0.012517 0 -1.28987 0 0 0 0 -1.27735
150 151 0.00190816 0 -1.33336 0 0 0 0 -1.33146
151 152 0.000702873 0 -1.09117 0 0 0 0 -1.09046
151 153 0 0 0 0 -0 -4.51194e-07 0 -4.51194e-07
152 153 0.420881 0 -1.30706 0 0 0 0 -0.886174
153 154 0.00531655 0 0 0 0 0 0 0.00531655
154 155 0.0188464 0 -0.795343 0 0 0 0 -0.776496
155 156 0.219578 0 0 0 0 0 0 0.219578
156 157 0.0295757 0 -1.20383 0 0 0 0 -1.17426
157 158 0.0292001 0 0 0 0 0 0 0.0292001
158 159 0.00190878 0 -0.870325 0 0 0 0 -0.868416
160 161 0.0694671 0 0 0 0 0 0 0.0694671
161 162 0.0108153 0 0 0 0 0 0 0.0108153
162 163 0.0442518 0 -0.915381 0 0 0 0 -0.871129
163 164 0.0334055 0 0 0 0 0 0 0.0334055
164 165 0.0028836 0 -1.28471 0 0 0 0 -1.28183
165 166 2.5073e-05 0 -0.906377 0 0 0 0 -0.906352
166 167 0.00590536 0 0 0 0 0 0 0.00590536
167 168 0.0274706 0 0 0 0 0 0 0.0274706
168 169 0.178127 0 -1.31697 0 0 0 0 -1.13884
169 170 0.110974 0 -0.934315 0 0 0 0 -0.82334
170 171 0.000490848 0 0 0 0 0 0 0.000490848
171 172 0.000318004 0 -0 0 0 0 0 0.000318004
172 173 0.000104929 0 0 0 0 0 0 0.000104929
173 174 4.24202e-07 0 0 0 0 0 0 4.24202e-07
174 175 0.00893236 0 -0.93977 0 0 0 0 -0.930838
175 176 0.000435173 0 -1.36683 0 0 0 0 -1.3664
176 177 0.129447 0 0 0 0 0 0 0.129447
177 178 0.0315121 0 -1.24903 0 0 0 0 -1.21752
178 179 0.00562454 0 0 0 0 0 0 0.00562454
180 181 0.0396465 0 -1.11439 0 0 0 0 -1.07475
181 182 0.0295222 0 -0.794187 0 0 0 0 -0.764665
182 183 0.0153564 0 -1.41092 0 0 0 0 -1.39556
183 184 0.0611989 0 -0.893937 0 0 0 0 -0.832738
184 185 0.017753 0 -0 0 0 0 0 0.017753
185 186 0.000606969 0 0 0 0 0 0 0.000606969
186 187 0.0126237 0 0 0 0 0 0 0.0126237
187 188 0.00429219 0 -0.889618 0 0 0 0 -0.885326
188 189 0.00531485 0 0 0 0 0 0 0.00531485
189 190 0.0489497 0 -1.18655 0 0 0 0 -1.1376
190 191 0.140713 0 -1.06204 0 0 0 0 -0.921328
191 192 0.0231633 0 0 0 0 0 0 0.0231633
192 193 0.366151 0 -1.39803 0 0 0 0 -1.03188
193 194 0.0279426 0 -1.40529 0 0 0 0 -1.37735
194 195 0.00816026 0 0 0 0 0 0 0.00816026
195 196 0.0366532 0 -0.758299 0 0 0 0 -0.721646
196 197 0.118274 0 0 0 0 0 0 0.118274
197 198 0.316689 0 -1.25478 0 0 0 0 -0.938088
198 199 0.00766515 0 -1.06153 0 0 0 0 -1.05386
200 201 0.034755 0 -1.19759 0 0 0 0 -1.16283
201 202 0.00139057 0 0 0 0 0 0 0.00139057
202 203 0.000675452 0 -1.28496 0 0 0 0 -1.28429
203 204 0.0639629 0 -0.935849 0 0 0 0 -0.871886
204 205 0.000640038 0 -1.38697 0 0 0 0 -1.38633
205 206 0.0503329 0 -1.30712 0 0 0 0 -1.25679
204 207 0 0 0 0 0 -0.000181479 -0 -0.000181479
206 207 0.184891 0 0 0 0 0 0 0.184891
205 208 0 0 0 0 0 -0.00115909 0 -0.00115909
204 208 0 0 0 0 -0 -0.022857 0 -0.022857
207 208 0.00163509 0 -1.36049 0 0 0 0 -1.35885
208 209 0.107705 0 -1.24042 0 0 0 0 -1.13272
209 210 0.0139222 0 -1.23057 0 0 0 0 -1.21665
210 211 0.0242237 0 -0.9978 0 0 0 0 -0.973576
211 212 0.0152222 0 -0.920247 0 0 0 0 -0.905025
212 213 0.122559 0 0 0 0 0 0 0.122559
213 214 0.000473234 0 -1.30154 0 0 0 0 -1.30107
214 215 0.179038 0 0 0 0 0 0 0.179038
214 216 0 0 0 0 0 -0 -0.0129314 -0.0129314
215 216 0.00968521 0 0 0 0 0 0 0.00968521
216 217 0.00809826 0 -0.859579 0 0 0 0 -0.851481
217 218 0.00944191 0 -1.0888 0 0 0 0 -1.07936
218 219 0.0859468 0 -1.16421 0 0 0 0 -1.07826
220 221 0.0109004 0 -1.33395 0 0 0 0 -1.32305
221 222 0.00100833 0 -1.18509 0 0 0 0 -1.18408
222 223 0.00207134 0 -1.10478 0 0 0 0 -1.10271
223 224 0.000106501 0 0 0 0 0 0 0.000106501
224 225 0.0509341 0 -0 0 0 0 0 0.0509341
225 226 0.140283 0 0 0 0 0 0 0.140283
226 227 0.011856 0 0 0 0 0 0 0.011856
227 228 0.00110889 0 -1.33615 0 0 0 0 -1.33504
228 229 0.036148 0 -1.16149 0 0 0 0 -1.12534
229 230 0.0212103 0 -0 0 0 0 0 0.0212103
230 231 0.0989208 0 0 0 0 0 0 0.0989208
231 232 0.0075854 0 0 0 0 0 0 0.0075854
232 233 0.000466768 0 -0 0 0 0 0 0.000466768
233 234 0.00252266 0 -0.990394 0 0 0 0 -0.987872
234 235 0.0319096 0 -1.12696 0 0 0 0 -1.09505
235 236 0.0934947 0 0 0 0 0 0 0.0934947
236 237 0.0196769 0 -1.14721 0 0 0 0 -1.12754
237 238 4.53771e-07 0 -1.02568 0 0 0 0 -1.02568
238 239 0.0419612 0 0 0 0 0 0 0.0419612
240 241 0.00949506 0 -1.1773 0 0 0 0 -1.16781
241 242 0.00105808 0 -0 0 0 0 0 0.00105808
242 243 0.00173466 0 -1.33389 0 0 0 0 -1.33216
243 244 0.0790977 0 0 0 0 0 0 0.0790977
244 245 0.0290528 0 0 0 0 0 0 0.0290528
245 246 0.0068291 0 -0 0 0 0 0 0.0068291
246 247 8.46685e-05 0 0 0 0 0 0 8.46685e-05
247 248 2.16517e-05 0 -0 0 0 0 0 2.16517e-05
248 249 0.00601542 0 -1.16686 0 0 0 0 -1.16084
249 250 0.10358 0 0 0 0 0 0 0.10358
250 251 0.0367749 0 -1.33301 0 0 0 0 -1.29623
251 252 0.0214904 0 0 0 0 0 0 0.0214904
252 253 0.0283227 0 -1.08006 0 0 0 0 -1.05174
253 254 0.00212788 0 0 0 0 0 0 0.00212788
254 255 0.00102491 0 0 0 0 0 0 0.00102491
255 256 0.0120871 0 0 0 0 0 0 0.0120871
256 257 0.0225843 0 -0.573266 0 0 0 0 -0.550682
257 258 0.00174231 0 -0.8821 0 0 0 0 -0.880357
258 259 0.000579101 0 -1.03525 0 0 0 0 -1.03467
260 261 0.00935332 0 0 0 0 0 0 0.00935332
261 262 0.000205021 0 -0.705946 0 0 0 0 -0.705741
262 263 0.00622409 0 0 0 0 0 0 0.00622409
263 264 0.0216543 0 -1.19137 0 0 0 0 -1.16971
264 265 0.0564493 0 -1.3051 0 0 0 0 -1.24865
265 266 0.0642662 0 -1.35267 0 0 0 0 -1.2884
266 267 0.122632 0 0 0 0 0 0 0.122632
267 268 0.0411401 0 0 0 0 0 0 0.0411401
268 269 0.0664951 0 0 0 0 0 0 0.0664951
269 270 0.0550695 0 0 0 0 0 0 0.0550695
270 271 0.00571348 0 -1.36158 0 0 0 0 -1.35587
271 272 0.0264801 0 -0.8292 0 0 0 0 -0.80272
272 273 0.000661087 0 -1.06961 0 0 0 0 -1.06894
273 274 0.131252 0 -1.12793 0 0 0 0 -0.996683
274 275 0.0251764 0 -0 0 0 0 0 0.0251764
275 276 0.00050004 0 -1.33407 0 0 0 0 -1.33357
276 277 0.100112 0 -1.40123 0 0 0 0 -1.30111
277 278 0.0270358 0 0 0 0 0 0 0.0270358
278 279 0.177901 0 0 0 0 0 0 0.177901
280 281 0.038203 0 0 0 0 0 0 0.038203
281 282 0.00108668 0 0 0 0 0 0 0.00108668
282 283 0.0686874 0 -0.960672 0 0 0 0 -0.891984
283 284 0.120467 0 -1.23452 0 0 0 0 -1.11405
284 285 0.0163674 0 -0 0 0 0 0 0.0163674
285 286 8.69523e-05 0 -1.37822 0 0 0 0 -1.37813
286 287 1.24862e-05 0 -1.06121 0 0 0 0 -1.0612
287 288 0.0594491 0 -1.29182 0 0 0 0 -1.23237
288 289 0.0373601 0 -0.954538 0 0 0 0 -0.917178
289 290 0.106738 0 0 0 0 0 0 0.106738
290 291 0.0481757 0 -0.605259 0 0 0 0 -0.557083
291 292 1.89755e-07 0 -1.32071 0 0 0 0 -1.32071
292 293 0.0384038 0 0 0 0 0 0 0.0384038
293 294 0.0918273 0 0 0 0 0 0 0.0918273
294 295 0.00456109 0 0 0 0 0 0 0.00456109
295 296 0.0215671 0 -0.582516 0 0 0 0 -0.560949
296 297 0.0345866 0 -1.1368 0 0 0 0 -1.10221
297 298 0.146018 0 0 0 0 0 0 0.146018
298 299 0.00957477 0 -1.30423 0 0 0 0 -1.29465
300 301 0.382041 0 -1.03286 0 0 0 0 -0.650817
301 302 0.0616981 0 -1.24911 0 0 0 0 -1.18742
302 303 0.0180056 0 0 0 0 0 0 0.0180056
303 304 0.344463 0 0 0 0 0 0 0.344463
304 305 0.0354085 0 0 0 0 0 0 0.0354085
305 306 0.00161361 0 -1.3913 0 0 0 0 -1.38969
306 307 0.051463 0 -0.778501 0 0 0 0 -0.727038
307 308 0.0220216 0 -0.813593 0 0 0 0 -0.791571
308 309 0.0280041 0 0 0 0 0 0 0.0280041
309 310 9.59031e-05 0 -0.066251 0 0 0 0 -0.0661551
310 311 0.0302354 0 -0.493213 0 0 0 0 -0.462978
311 312 0.25442 0 -0 0 0 0 0 0.25442
310 313 0 0 0 0 0 -0.0816537 0 -0.0816537
312 313 0.0806978 0 -1.25324 0 0 0 0 -1.17254
311 314 0 0 0 0 0 -0.000793243 -0 -0.000793243
313 314 0.000610012 0 -1.14911 0 0 0 0 -1.1485
314 315 0.0735022 0 -1.07697 0 0 0 0 -1.00346
315 316 0.0917395 0 0 0 0 0 0 0.0917395
316 317 0.0640134 0 -0.936096 0 0 0 0 -0.872083
317 318 0.0828743 0 -0 0 0 0 0 0.0828743
318 319 0.107116 0 -1.34035 0 0 0 0 -1.23323
320 321 0.000800414 0 -1.12501 0 0 0 0 -1.12421
321 322 0.140659 0 -0.457388 0 0 0 0 -0.316729
322 323 0.0188969 0 -7.89769e-07 0 0 0 0 0.0188961
323 324 0.0722661 0 -1.16937 0 0 0 0 -1.0971
324 325 8.27723e-07 0 -1.12323 0 0 0 0 -1.12323
325 326 0.15497 0 -0.935185 0 0 0 0 -0.780215
326 327 0.00287021 0 -0 0 0 0 0 0.00287021
327 328 0.0578055 0 0 0 0 0 0 0.0578055
328 329 3.65314e-06 0 0 0 0 0 0 3.65314e-06
329 330 0.0115332 0 -1.15283 0 0 0 0 -1.14129
330 331 0.00434609 0 0 0 0 0 0 0.00434609
331 332 0.0500161 0 0 0 0 0 0 0.0500161
332 333 0.0774465 0 -1.19674 0 0 0 0 -1.1193
333 334 0.0529036 0 -1.21844 0 0 0 0 -1.16553
334 335 0.0785311 0 0 0 0 0 0 0.0785311
335 336 0.0647127 0 0 0 0 0 0 0.0647127
336 337 0.0698516 0 -1.0232 0 0 0 0 -0.953347
337 338 0.147142 0 0 0 0 0 0 0.147142
338 339 0.180754 0.00465735 -0 0 0 0 0 0.185411
340 341 1.10714e-06 0 0 0 0 0 0 1.10714e-06
341 342 0.000204774 0 0 0 0 0 0 0.000204774
342 343 0.053691 0 -1.33381 0 0 0 0 -1.28012
343 344 0.00925374 0 0 0 0 0 0 0.00925374
344 345 0.0356335 0 -0 0 0 0 0 0.0356335
345 346 0.026084 0 0 0 0 0 0 0.026084
346 347 0.0214682 0 -0 0 0 0 0 0.0214682
347 348 0.0836238 0 0 0 0 0 0 0.0836238
348 349 0.0397495 0 0 0 0 0 0 0.0397495
349 350 0.0114658 0 -1.14469 0 0 0 0 -1.13323
350 351 0.00512735 0 -1.34573 0 0 0 0 -1.34061
351 352 1.66395e-05 0 0 0 0 0 0 1.66395e-05
352 353 0.0385729 0 -1.33088 0 0 0 0 -1.29231
353 354 0.0382519 0 -1.07455 0 0 0 0 -1.0363
354 355 0.022376 0 -1.1032 0 0 0 0 -1.08082
355 356 0.0025507 0 0 0 0 0 0 0.0025507
356 357 0.0150668 0 -1.45712 0 0 0 0 -1.44205
357 358 0.00556298 0 0 0 0 0 0 0.00556298
358 359 0.00815279 0 0 0 0 0 0 0.00815279
360 361 0.00159268 0 -0 0 0 0 0 0.00159268
360 362 0 0 0 0 0 -0 -2.14299e-16 -2.14299e-16
361 362 0.00823411 0 -1.15201 0 0 0 0 -1.14377
360 363 0 0 0 0.151419 0 -0 -0 0.151419
362 363 0.120655 0 -1.31916 0 0 0 0 -1.19851
363 364 0.00912279 0 -1.07355 0 0 0 0 -1.06443
364 365 0.0289449 0 -1.17722 0 0 0 0 -1.14828
365 366 0.107499 0 -1.1633 0 0 0 0 -1.05581
366 367 0.000199041 0 -1.44284 0 0 0 0 -1.44264
367 368 0.0402639 0 0 0 0 0 0 0.0402639
368 369 0.00572576 0 -1.00544 0 0 0 0 -0.999709
369 370 0.0692667 0 -1.05109 0 0 0 0 -0.981826
370 371 0.172653 0 0 0 0 0 0 0.172653
371 372 0.00396617 0 -0 0 0 0 0 0.00396617
372 373 0.0303017 0 0 0 0 0 0 0.0303017
373 374 0.0276704 0 -0.439385 0 0 0 0 -0.411715
374 375 0.061155 0 0 0 0 0 0 0.061155
375 376 0.128314 0 -1.2334 0 0 0 0 -1.10508
376 377 0.013961 0 -1.33529 0 0 0 0 -1.32133
377 378 0.0668013 0 -1.37325 0 0 0 0 -1.30645
378 379 0.113894 0 -1.27315 0 0 0 0 -1.15926
380 381 0.0604073 0 0 0 0 0 0 0.0604073
381 382 0.00749319 0 -1.23154 0 0 0 0 -1.22405
382 383 0.00282026 0 -1.29871 0 0 0 0 -1.29589
383 384 0.15138 0 -0.626425 0 0 0 0 -0.475045
384 385 0.178548 0 -1.24655 0 0 0 0 -1.068
385 386 0.00577733 0 0 0 0 0 0 0.00577733
386 387 0.0993251 0 -1.07753 0 0 0 0 -0.9782
387 388 0.00167984 0 -1.08625 0 0 0 0 -1.08457
388 389 0.00558893 0 0 0 0 0 0 0.00558893
389 390 0.00206454 0 0 0 0 0 0 0.00206454
390 391 0.00416122 0 -1.29938 0 0 0 0 -1.29522
391 392 0.0386794 0 -0.995831 0 0 0 0 -0.957152
392 393 0.00174243 0 -0.823495 0 0 0 0 -0.821752
393 394 0.125541 0 0 0 0 0 0 0.125541
394 395 0.277354 0 0 0 0 0 0 0.277354
395 396 0.000300997 0 0 0 0 0 0 0.000300997
396 397 0.00374105 0 0 0 0 0 0 0.00374105
397 398 0.0141183 0 -0.702919 0 0 0 0 -0.688801
398 399 0.0339435 0 -1.14041 0 0 0 0 -1.10647
400 401 0.00502675 0 -0 0 0 0 0 0.00502675
401 402 0.0878731 0 -1.29842 0 0 0 0 -1.21055
402 403 4.80702e-06 0 -0 0 0 0 0 4.80702e-06
403 404 0.00469436 0 0 0 0 0 0 0.00469436
404 405 0.00195001 0 0 0 0 0 0 0.00195001
405 406 0.0428078 0 -0 0 0 0 0 0.0428078
406 407 0.164875 0 0 0 0 0 0 0.164875
407 408 0.0516978 0 0 0 0 0 0 0.0516978
408 409 0.138724 0.228361 0 0 0 0 0 0.367085
409 410 0.0958695 0 -1.3346 0 0 0 0 -1.23873
410 411 0.0712729 0 -0.976972 0 0 0 0 -0.905699
411 412 0.0437488 0 -1.14731 0 0 0 0 -1.10356
412 413 0.164663 0 -0.873371 0 0 0 0 -0.708708
413 414 0.049859 0 0 0 0 0 0 0.049859
414 415 0.00123286 0 -0.77852 0 0 0 0 -0.777287
415 416 0.00234167 0 -1.03844 0 0 0 0 -1.0361
416 417 0.0298145 0 -1.09177 0 0 0 0 -1.06196
417 418 0.170213 0 -0.816625 0 0 0 0 -0.646412
418 419 0.0421747 0 0 0 0 0 0 0.0421747
420 421 0.0936459 0 -0.920646 0 0 0 0 -0.827
421 422 0.00372882 0 -1.17545 0 0 0 0 -1.17172
422 423 0.0401731 0 -1.29303 0 0 0 0 -1.25286
423 424 0.000271396 0 -0 0 0 0 0 0.000271396
424 425 0.000147598 0 0 0 0 0 0 0.000147598
425 426 0.0519414 0 0 0 0 0 0 0.0519414
426 427 0.00449564 0 -1.00937 0 0 0 0 -1.00487
427 428 0.215623 0 -1.20061 0 0 0 0 -0.984989
428 429 0.0683971 0 -0.656637 0 0 0 0 -0.58824
429 430 0.0348334 0 -0.94308 0 0 0 0 -0.908246
430 431 0.0384406 0 0 0 0 0 0 0.0384406
431 432 0.00284423 0 -0.848748 0 0 0 0 -0.845904
430 433 0 0 0 0 0 -1.09823e-06 0 -1.09823e-06
432 433 0.00525911 0 -1.24925 0 0 0 0 -1.244
433 434 0.0367465 0.0127472 -0 0 0 0 0 0.0494937
434 435 0.0605157 0 -0 0 0 0 0 0.0605157
435 436 0.0220776 0 -1.11832 0 0 0 0 -1.09624
433 437 0 0 0 0 0 -0.180785 0 -0.180785
432 437 0 0 0 0 -0.8396 0 -0 -0.8396
431 437 0 0 0 0 0 -0.199759 0 -0.199759
436 437 0.120346 0 0 0 0 0 0 0.120346
432 438 0 0 0 0 0 -0.171284 0 -0.171284
431 438 0 0 0 0 -0.709683 0 -0 -0.709683
437 438 0.00102735 0 -1.32495 0 0 0 0 -1.32392
431 439 0 0 0 0 -0 -0.131452 0 -0.131452
438 439 6.53276e-06 0 -1.30469 0 0 0 0 -1.30469
440 441 0.0142306 0 -1.22286 0 0 0 0 -1.20863
441 442 0.0860972 0 -1.40147 0 0 0 0 -1.31537
442 443 0.0159832 0 -0.817803 0 0 0 0 -0.801819
443 444 0.0240375 0 -0.522002 0 0 0 0 -0.497964
444 445 0.065353 0 0 0 0 0 0 0.065353
445 446 0.0528976 0 0 0 0 0 0 0.0528976
446 447 0.0198622 0 -1.02264 0 0 0 0 -1.00278
447 448 0.0157831 0 -1.43431 0 0 0 0 -1.41853
448 449 0.00912644 0 0 0 0 0 0 0.00912644
449 450 0.00412895 0 -0 0 0 0 0 0.00412895
450 451 0.0538635 0 0 0 0 0 0 0.0538635
451 452 0.0245112 0 -0 0 0 0 0 0.0245112
452 453 0.0460746 0 0 0 0 0 0 0.0460746
453 454 0.0291062 0 0 0 0 0 0 0.0291062
454 455 0.230113 0 -1.31855 0 0 0 0 -1.08844
455 456 0.0314579 0 -1.38558 0 0 0 0 -1.35412
456 457 0.252469 0 0 0 0 0 0 0.252469
457 458 0.00100712 0 0 0 0 0 0 0.00100712
458 459 0.0597947 0 -1.39124 0 0 0 0 -1.33145
460 461 0.102546 0 0 0 0 0 0 0.102546
461 462 0.0133108 0 -1.30292 0 0 0 0 -1.28961
462 463 0.00322281 0 -0.926137 0 0 0 0 -0.922915
463 464 0.000228612 0 -1.20836 0 0 0 0 -1.20814
464 465 0.00264516 0 -0.631266 0 0 0 0 -0.628621
465 466 0.186535 0 -0.994305 0 0 0 0 -0.80777
466 467 0.0781912 0 0 0 0 0 0 0.0781912
467 468 0.0155983 0 -1.39248 0 0 0 0 -1.37688
468 469 0.0977505 0 0 0 0 0 0 0.0977505
469 470 0.00333539 0 0 0 0 0 0 0.00333539
470 471 0.128727 0 -1.09197 0 0 0 0 -0.963241
471 472 2.17254e-06 0 0 0 0 0 0 2.17254e-06
472 473 0.0143266 0 -1.17497 0 0 0 0 -1.16064
473 474 0.416513 0 -0.91972 0 0 0 0 -0.503207
474 475 0.0694412 0 -1.30015 0 0 0 0 -1.23071
475 476 0.0272205 0 -1.06099 0 0 0 0 -1.03377
476 477 0.0409139 0 -1.11221 0 0 0 0 -1.07129
477 478 0.0559099 0 -1.17559 0 0 0 0 -1.11968
478 479 0.00725216 0 -1.17211 0 0 0 0 -1.16486
480 481 0.0299706 0 -1.34058 0 0 0 0 -1.31061
481 482 0.000708448 0 -0.840216 0 0 0 0 -0.839508
482 483 0.00594887 0 -1.26807 0 0 0 0 -1.26212
483 484 0.00610272 0 0 0 0 0 0 0.00610272
484 485 0.0793991 0 0 0 0 0 0 0.0793991
485 486 3.93799e-05 0 -1.04792 0 0 0 0 -1.04788
486 487 0.00962692 0 -0.205356 0 0 0 0 -0.195729
487 488 2.86034e-05 0 -1.01385 0 0 0 0 -1.01382
488 489 0.0018386 0 -1.1828 0 0 0 0 -1.18096
489 490 0.0341239 0 -0 0 0 0 0 0.0341239
490 491 0.0105734 0 0 0 0 0 0 0.0105734
491 492 0.00585171 0 -1.03016 0 0 0 0 -1.02431
492 493 0.0691806 0 0 0 0 0 0 0.0691806
493 494 0.125194 0 0 0 0 0 0 0.125194
494 495 0.000223102 0 -0.825502 0 0 0 0 -0.825279
495 496 0.00231054 0 0 0 0 0 0 0.00231054
496 497 0.0127854 0 -0 0 0 0 0 0.0127854
497 498 0.00095296 0 -0.936356 0 0 0 0 -0.935403
498 499 0.000880564 0 -1.30481 0 0 0 0 -1.30393
500 501 0.0047838 0 -1.04319 0 0 0 0 -1.03841
501 502 0.0515204 0 0 0 0 0 0 0.0515204
502 503 0.00333271 0 -0.799448 0 0 0 0 -0.796116
503 504 0.0124964 0 0 0 0 0 0 0.0124964
504 505 0.0208193 0 -0.986098 0 0 0 0 -0.965279
505 506 0.0218886 0 -0 0 0 0 0 0.0218886
506 507 0.00490846 0 0 0 0 0 0 0.00490846
507 508 0.0570285 0 -0 0 0 0 0 0.0570285
508 509 0.0209568 0 0 0 0 0 0 0.0209568
509 510 0.076401 0 -0.915988 0 0 0 0 -0.839587
510 511 0.0434077 0 -1.20077 0 0 0 0 -1.15736
511 512 0.0839382 0 -1.0866 0 0 0 0 -1.00266
512 513 0.112907 0 -1.13068 0 0 0 0 -1.01777
513 514 0.0123298 0 -1.10305 0 0 0 0 -1.09072
514 515 0.00701991 0 -0.52706 0 0 0 0 -0.52004
515 516 0.00275579 0 0 0 0 0 0 0.00275579
516 517 0.00926343 0 0 0 0 0 0 0.00926343
517 518 0.00685924 0 -1.00354 0 0 0 0 -0.996683
518 519 0.0153033 0 0 0 0 0 0 0.0153033
520 521 0.216417 0 0 0 0 0 0 0.216417
521 522 0.0101139 0 -1.06788 0 0 0 0 -1.05777
522 523 0.0487798 0 -1.28704 0 0 0 0 -1.23826
523 524 0.0991862 0 -0.961363 0 0 0 0 -0.862177
524 525 0.00275635 0 -1.38845 0 0 0 0 -1.3857
525 526 0.120399 0 0 0 0 0 0 0.120399
526 527 0.0699891 0 0 0 0 0 0 0.0699891
527 528 0.158612 0 -0.827682 0 0 0 0 -0.66907
528 529 0.068508 0 -1.03682 0 0 0 0 -0.968314
529 530 0.00425816 0 -1.30752 0 0 0 0 -1.30326
530 531 0.17788 0 0 0 0 0 0 0.17788
531 532 0.00154305 0 -1.1841 0 0 0 0 -1.18256
532 533 0.0093316 0 -1.42085 0 0 0 0 -1.41152
533 534 0.0976692 0 -1.27903 0 0 0 0 -1.18136
534 535 0.0801055 0 0 0 0 0 0 0.0801055
535 536 0.0909173 0 0 0 0 0 0 0.0909173
536 537 0.228551 0 0 0 0 0 0 0.228551
537 538 0.015566 0 0 0 0 0 0 0.015566
538 539 0.0217937 0 -0.919342 0 0 0 0 -0.897548
540 541 0.000460198 0 -0.864393 0 0 0 0 -0.863933
541 542 0.0914347 0 -1.13971 0 0 0 0 -1.04827
542 543 0.014686 0 -1.01003 0 0 0 0 -0.995341
543 544 0.0229369 0 -1.3876 0 0 0 0 -1.36466
544 545 0.00765904 0 -1.08611 0 0 0 0 -1.07845
544 546 0 0 0 0 -0 -0 -0.00818437 -0.00818437
545 546 0.0223194 0 -0 0 0 0 0 0.0223194
546 547 0.00597975 0 -1.38411 0 0 0 0 -1.37813
547 548 0.0474348 0 -0.989621 0 0 0 0 -0.942186
548 549 0.0561587 0 -0 0 0 0 0 0.0561587
549 550 0.0739442 0 -0 0 0 0 0 0.0739442
550 551 0.0045558 0 0 0 0 0 0 0.0045558
551 552 0.0157782 0 -0.805702 0 0 0 0 -0.789924
552 553 0.607861 0 -1.20545 0 0 0 0 -0.597589
553 554 0.0337667 0 -0 0 0 0 0 0.0337667
554 555 0.0206721 0 0 0 0 0 0 0.0206721
555 556 0.026339 0 -0 0 0 0 0 0.026339
556 557 0.0470981 0 -1.41512 0 0 0 0 -1.36802
557 558 0.00171796 0 0 0 0 0 0 0.00171796
558 559 0.000145279 0 -0 0 0 0 0 0.000145279
560 561 0.0647084 0 -1.1495 0 0 0 0 -1.08479
561 562 0.0254552 0 -1.21662 0 0 0 0 -1.19116
562 563 0.0301991 0 -1.24405 0 0 0 0 -1.21385
563 564 0.0570697 0 0 0 0 0 0 0.0570697
564 565 0.00394386 0 -1.29527 0 0 0 0 -1.29132
565 566 0.26008 0 -1.21767 0 0 0 0 -0.957589
566 567 0.00564338 0 -1.21514 0 0 0 0 -1.2095
567 568 0.00965085 0 -1.11981 0 0 0 0 -1.11016
568 569 0.177195 0 0 0 0 0 0 0.177195
569 570 0.00171186 0 -1.27089 0 0 0 0 -1.26918
570 571 0.0973748 0 -0.959828 0 0 0 0 -0.862453
571 572 0.0320264 0 0 0 0 0 0 0.0320264
572 573 0.000733389 0 -1.0079 0 0 0 0 -1.00717
573 574 0.0163594 0 -1.21163 0 0 0 0 -1.19527
574 575 0.0828895 0 0 0 0 0 0 0.0828895
575 576 8.13358e-06 0 -0 0 0 0 0 8.13358e-06
576 577 0.025025 0 0 0 0 0 0 0.025025
577 578 0.112552 0 -1.20907 0 0 0 0 -1.09651
578 579 0.00017954 0 -0 0 0 0 0 0.00017954
580 581 0.000710087 0 -1.05206 0 0 0 0 -1.05135
581 582 0.257472 0 0 0 0 0 0 0.257472
581 583 0 0 0 0.0790242 0 0 0 0.0790242
582 583 0.0522397 0 -1.03789 0 0 0 0 -0.985654
583 584 0.018137 0 -1.39202 0 0 0 0 -1.37389
584 585 0.00509214 0 -0.904445 0 0 0 0 -0.899353
585 586 0.00218277 0 -1.35565 0 0 0 0 -1.35347
586 587 0.00156516 0 0 0 0 0 0 0.00156516
587 588 0.00940563 0 -1.12231 0 0 0 0 -1.1129
588 589 0.0258468 0 0 0 0 0 0 0.0258468
589 590 0.0766731 0 0 0 0 0 0 0.0766731
590 591 0.0174928 0 -1.05865 0 0 0 0 -1.04116
591 592 0.0139656 0 -1.02374 0 0 0 0 -1.00978
592 593 2.19124e-08 0 -1.12187 0 0 0 0 -1.12187
593 594 0.000430059 0 -1.40282 0 0 0 0 -1.40239
594 595 0.0980657 0 0 0 0 0 0 0.0980657
595 596 0.00451176 0 -0.988703 0 0 0 0 -0.984191
596 597 0.0103505 0 0 0 0 0 0 0.0103505
597 598 0.00585426 0 -1.09639 0 0 0 0 -1.09053
598 599 0.125937 0 -0.00111952 0 0 0 0 0.124817
600 601 0.00170877 0 -0.834374 0 0 0 0 -0.832666
601 602 0.11578 0 -1.25508 0 0 0 0 -1.1393
602 603 0.0458658 0 -1.18988 0 0 0 0 -1.14402
602 604 0 0 0 0 0 -0 -1.19911e-08 -1.19911e-08
603 604 0.0437865 0 -0 0 0 0 0 0.0437865
604 605 0.115715 0 -1.30269 0 0 0 0 -1.18698
605 606 0.0315763 0 -1.43584 0 0 0 0 -1.40427
605 607 0 0 0 0 0 -0 -0.000283584 -0.000283584
606 607 0.00111004 0 -0 0 0 0 0 0.00111004
607 608 0.198062 0 -1.04508 0 0 0 0 -0.847021
608 609 0.0591576 0 -1.12478 0 0 0 0 -1.06562
609 610 0.0368442 0 -0 0 0 0 0 0.0368442
610 611 0.104936 0 0 0 0 0 0 0.104936
611 612 0.00405837 0 -1.1799 0 0 0 0 -1.17585
612 613 0.0403622 0 0 0 0 0 0 0.0403622
613 614 0.0225033 0 -0.996646 0 0 0 0 -0.974142
614 615 0.0431575 0 -1.20246 0 0 0 0 -1.1593
615 616 0.0306801 0.0596546 -1.01875 0 0 0 0 -0.928418
616 617 0.0177649 0 -1.24507 0 0 0 0 -1.2273
617 618 0.0208704 0 -0 0 0 0 0 0.0208704
618 619 0.0305787 0 0 0 0 0 0 0.0305787
620 621 0.0769537 0 0 0 0 0 0 0.0769537
621 622 0.199613 0 -1.2171 0 0 0 0 -1.01748
622 623 0.0586184 0 -0.560114 0 0 0 0 -0.501496
623 624 0.00100095 0 -1.27971 0 0 0 0 -1.27871
624 625 0.0450992 0 -1.3929 0 0 0 0 -1.3478
625 626 0.00132708 0 -1.19894 0 0 0 0 -1.19762
626 627 0.0021411 0 -1.29061 0 0 0 0 -1.28847
627 628 0.00327 0 -1.24188 0 0 0 0 -1.23861
628 629 0.306107 0 -1.38455 0 0 0 0 -1.07845
629 630 0.0146955 0 -1.17056 0 0 0 0 -1.15586
630 631 0.00404549 0 -1.2439 0 0 0 0 -1.23986
631 632 1.80228e-05 0 -0.0405985 0 0 0 0 -0.0405804
632 633 0.290202 0 -1.43161 0 0 0 0 -1.14141
633 634 0.0388455 0 -0.747777 0 0 0 0 -0.708932
634 635 0.0409627 0 -1.07122 0 0 0 0 -1.03026
635 636 0.0870658 0 -1.45915 0 0 0 0 -1.37208
636 637 0.0653437 0 -0.986084 0 0 0 0 -0.920741
637 638 0.00420149 0 0 0 0 0 0 0.00420149
638 639 0.0500329 0 -1.11365 0 0 0 0 -1.06361
640 641 0.0481425 0.00526029 -0 0 0 0 0 0.0534028
641 642 0.00901393 0 0 0 0 0 0 0.00901393
642 643 0.0831965 0 0 0 0 0 0 0.0831965
643 644 0.0109732 0 -1.1745 0 0 0 0 -1.16353
644 645 0.0107483 0 -1.26764 0 0 0 0 -1.25689
645 646 0.10831 0 0 0 0 0 0 0.10831
646 647 0.0506925 0 -1.0604 0 0 0 0 -1.00971
643 648 0 0 0 0 0 -0.000816568 0 -0.000816568
647 648 0.228391 0 -1.03713 0 0 0 0 -0.808742
648 649 0.022885 0 -1.24118 0 0 0 0 -1.21829
649 650 0.03894 0 0 0 0 0 0 0.03894
650 651 0.0255111 0 0 0 0 0 0 0.0255111
648 652 0 0 0 0.208697 0 0 0 0.208697
651 652 0.00244681 0 0 0 0 0 0 0.00244681
652 653 0.0286459 0 -0.86632 0 0 0 0 -0.837674
653 654 0.277732 0 -0.785846 0 0 0 0 -0.508114
654 655 0.0528665 0 0 0 0 0 0 0.0528665
655 656 0.145929 0 -0.981928 0 0 0 0 -0.835998
656 657 0.0335752 0 -1.39459 0 0 0 0 -1.36101
657 658 0.0773225 0 0 0 0 0 0 0.0773225
658 659 0.000380825 0 -1.20827 0 0 0 0 -1.20789
660 661 0.0959997 0 0 0 0 0 0 0.0959997
661 662 0.236667 0 0 0 0 0 0 0.236667
662 663 0.119704 0 0 0 0 0 0 0.119704
663 664 0.0996614 0 0 0 0 0 0 0.0996614
664 665 0.000112421 0 -1.0658 0 0 0 0 -1.06568
665 666 0.0391723 0 -1.35267 0 0 0 0 -1.3135
666 667 0.00510816 0 0 0 0 0 0 0.00510816
667 668 0.0321659 0 -0 0 0 0 0 0.0321659
668 669 0.0598673 0 0 0 0 0 0 0.0598673
669 670 0.00798665 0 -1.22489 0 0 0 0 -1.2169
670 671 0.192633 0 0 0 0 0 0 0.192633
671 672 0.00337781 0 -1.24943 0 0 0 0 -1.24605
672 673 0.130736 0 -1.33694 0 0 0 0 -1.2062
673 674 0.109834 0 0 0 0 0 0 0.109834
673 675 0 0 0 0.0383124 0 -0 -0.150497 -0.112184
674 675 0.00167285 0 -0 0 0 0 0 0.00167285
675 676 0.0170062 0 0 0 0 0 0 0.0170062
676 677 0.00185838 0 -1.09774 0 0 0 0 -1.09589
677 678 0.0379914 0 0 0 0 0 0 0.0379914
678 679 0.303316 0 -1.19436 0 0 0 0 -0.891047
680 681 4.36789e-06 0 -0.94257 0 0 0 0 -0.942566
681 682 0.166062 0 0 0 0 0 0 0.166062
682 683 0.107385 0 -1.32929 0 0 0 0 -1.2219
683 684 0.0383452 0 -0.974327 0 0 0 0 -0.935982
684 685 0.023641 0 -1.33543 0 0 0 0 -1.31179
685 686 0.0196362 0 -1.22477 0 0 0 0 -1.20513
686 687 0.0102865 0 -1.05812 0 0 0 0 -1.04783
687 688 0.0131618 0 -0.7199 0 0 0 0 -0.706738
688 689 0.0181935 0 0 0 0 0 0 0.0181935
689 690 0.00432615 0 -1.32529 0 0 0 0 -1.32096
690 691 0.00630863 0 -1.44475 0 0 0 0 -1.43844
691 692 0.00371007 0 -0 0 0 0 0 0.00371007
692 693 0.0409469 0 0 0 0 0 0 0.0409469
693 694 0.0143139 0 -1.17946 0 0 0 0 -1.16515
694 695 0.0187744 0 -1.03275 0 0 0 0 -1.01398
695 696 0.0128932 0 0 0 0 0 0 0.0128932
696 697 0.0184745 0 -1.02444 0 0 0 0 -1.00597
697 698 0.104466 0 0 0 0 0 0 0.104466
698 699 0.000115407 0 -0.965409 0 0 0 0 -0.965293
700 701 0.0466084 0 0 0 0 0 0 0.0466084
701 702 0.00636832 0 -0 0 0 0 0 0.00636832
702 703 0.0323938 0 0 0 0 0 0 0.0323938
703 704 0.00527955 0 0 0 0 0 0 0.00527955
704 705 0.0751683 0 0 0 0 0 0 0.0751683
705 706 0.0277734 0 -1.27718 0 0 0 0 -1.2494
706 707 0.000313163 0 -1.29617 0 0 0 0 -1.29585
707 708 0.0953288 0 0 0 0 0 0 0.0953288
708 709 0.108246 0 0 0 0 0 0 0.108246
709 710 0.0385348 0 -1.09525 0 0 0 0 -1.05671
710 711 0.0507287 0 0 0 0 0 0 0.0507287
711 712 0.0165602 0 -1.25409 0 0 0 0 -1.23753
712 713 2.98224e-08 0 0 0 0 0 0 2.98224e-08
713 714 0.0121759 0 -1.0115 0 0 0 0 -0.999325
714 715 0.00169167 0 -1.22637 0 0 0 0 -1.22468
715 716 0.0514846 0 -1.32924 0 0 0 0 -1.27775
716 717 0.0251229 0 0 0 0 0 0 0.0251229
717 718 0.00855648 0 -1.13379 0 0 0 0 -1.12523
718 719 0.0385212 0 -1.34307 0 0 0 0 -1.30455
720 721 0.0743335 0 0 0 0 0 0 0.0743335
721 722 0.0849085 0 -1.25512 0 0 0 0 -1.17021
722 723 0.135747 0 -1.30751 0 0 0 0 -1.17177
723 724 0.11231 0 0 0 0 0 0 0.11231
724 725 0.0217436 0 0 0 0 0 0 0.0217436
725 726 0.00431097 0 0 0 0 0 0 0.00431097
726 727 0.0694463 0 -1.26007 0 0 0 0 -1.19063
727 728 0.172444 0 -1.12781 0 0 0 0 -0.955367
728 729 0.0425008 0 0 0 0 0 0 0.0425008
729 730 0.0492791 0 -0 0 0 0 0 0.0492791
730 731 0.0445097 0 0 0 0 0 0 0.0445097
731 732 0.148714 0 -0.669353 0 0 0 0 -0.520639
732 733 0.00220293 0 -1.42239 0 0 0 0 -1.42018
733 734 0.0945722 0 0 0 0 0 0 0.0945722
734 735 0.0104027 0 0 0 0 0 0 0.0104027
735 736 0.0399444 0 0 0 0 0 0 0.0399444
736 737 0.0376042 0 -0.736786 0 0 0 0 -0.699181
737 738 0.0186514 0 0 0 0 0 0 0.0186514
738 739 0.0293124 0 -0 0 0 0 0 0.0293124
740 741 0.0191413 0 -0 0 0 0 0 0.0191413
741 742 0.0175865 0 -1.03875 0 0 0 0 -1.02116
742 743 0.0856636 0 -1.26241 0 0 0 0 -1.17675
743 744 0.000687777 0 -1.42605 0 0 0 0 -1.42536
744 745 0.0275734 0 0 0 0 0 0 0.0275734
745 746 0.0392776 0 -1.30939 0 0 0 0 -1.27011
746 747 0.022135 0 -1.34867 0 0 0 0 -1.32654
747 748 6.04864e-06 0 -1.37216 0 0 0 0 -1.37216
748 749 0.0248085 0 0 0 0 0 0 0.0248085
749 750 0.0361376 0 0 0 0 0 0 0.0361376
750 751 0.00629586 0 0 0 0 0 0 0.00629586
751 752 0.112757 0 0 0 0 0 0 0.112757
752 753 0.0208445 0 0 0 0 0 0 0.0208445
753 754 0.016824 0 -1.1801 0 0 0 0 -1.16328
754 755 0.00767542 0 -1.18519 0 0 0 0 -1.17751
755 756 0.0360793 0 0 0 0 0 0 0.0360793
756 757 0.00132393 0 0 0 0 0 0 0.00132393
757 758 0.0109162 0 0 0 0 0 0 0.0109162
758 759 0.00103238 0 -1.35622 0 0 0 0 -1.35519
760 761 0.00336697 0 0 0 0 0 0 0.00336697
761 762 0.015404 0 -1.17881 0 0 0 0 -1.16341
762 763 0.00988085 0 -1.29582 0 0 0 0 -1.28594
763 764 0.00906694 0 -1.2144 0 0 0 0 -1.20533
764 765 0.0420576 0 -1.18195 0 0 0 0 -1.1399
765 766 0.131616 0 0 0 0 0 0 0.131616
766 767 0.0227642 0 0 0 0 0 0 0.0227642
767 768 0.0452996 0 -0.947219 0 0 0 0 -0.901919
768 769 0.00160029 0 -1.02599 0 0 0 0 -1.02439
769 770 0.00038833 0 0 0 0 0 0 0.00038833
770 771 0.0509554 0 0 0 0 0 0 0.0509554
771 772 0.0319356 0 -0.917473 0 0 0 0 -0.885538
772 773 0.0100409 0 -0.916335 0 0 0 0 -0.906294
773 774 0.123985 0 -1.07441 0 0 0 0 -0.950427
774 775 0.0477353 0 0 0 0 0 0 0.0477353
775 776 0.0596557 0 0 0 0 0 0 0.0596557
776 777 0.0143934 0 -0 0 0 0 0 0.0143934
777 778 0.0411695 0 0 0 0 0 0 0.0411695
778 779 0.00239285 0 -1.30367 0 0 0 0 -1.30128
780 781 0.00332002 0 0 0 0 0 0 0.00332002
781 782 0.050594 0 0 0 0 0 0 0.050594
782 783 0.0450788 0 -1.27478 0 0 0 0 -1.22971
783 784 0.0440005 0 -1.03667 0 0 0 0 -0.992671
784 785 0.0358055 0 -0.244728 0 0 0 0 -0.208923
785 786 0.0724894 0 0 0 0 0 0 0.0724894
786 787 0.126864 0 -1.41744 0 0 0 0 -1.29058
787 788 0.1143 0 -0.929697 0 0 0 0 -0.815398
788 789 0.240248 0 -1.2359 0 0 0 0 -0.995656
789 790 0.027114 0.0145839 -0.782895 0 0 0 0 -0.741197
790 791 0.0417953 0 -0.714501 0 0 0 0 -0.672706
791 792 0.0452355 0 -1.28622 0 0 0 0 -1.24099
792 793 0.331279 0 0 0 0 0 0 0.331279
793 794 0.301468 0 -1.21526 0 0 0 0 -0.913793
794 795 0.0236741 0 -0 0 0 0 0 0.0236741
795 796 0.0240375 0 -1.15251 0 0 0 0 -1.12848
796 797 0.0166765 0 -1.18114 0 0 0 0 -1.16447
797 798 0.0130461 0 -1.38893 0 0 0 0 -1.37589
798 799 0.050294 0 0 0 0 0 0 0.050294
800 801 0.616772 0 0 0 0 0 0 0.616772
801 802 0.00780263 0 -1.20728 0 0 0 0 -1.19948
802 803 0.0106511 0 -1.07218 0 0 0 0 -1.06153
803 804 0.115268 0 -1.0188 0 0 0 0 -0.903533
804 805 0.00451258 0 -1.19315 0 0 0 0 -1.18863
805 806 0.00353707 0 -0 0 0 0 0 0.00353707
806 807 0.0144929 0 -1.13537 0 0 0 0 -1.12087
807 808 0.00540278 0 0 0 0 0 0 0.00540278
808 809 0.0121484 0 -1.06491 0 0 0 0 -1.05276
809 810 0.000293483 0 -1.37576 0 0 0 0 -1.37547
810 811 0.145048 0 0 0 0 0 0 0.145048
811 812 0.0213797 0 -1.05333 0 0 0 0 -1.03195
810 813 0 0 0 0 0 -0.00022908 0 -0.00022908
809 813 0 0 0 0 -1.1363e-29 -0.0213162 0 -0.0213162
812 813 0.00733965 0 -1.206 0 0 0 0 -1.19866
810 814 0 0 0 0 0 -0.0482706 0 -0.0482706
809 814 0 0 0 0 -0.604632 0 -0 -0.604632
808 814 0 0 0 0 0 -0.066019 -0 -0.066019
813 814 0.0578442 0 -1.10436 0 0 0 0 -1.04651
809 815 0 0 0 0 0 -0.0913579 0 -0.0913579
808 815 0 0 0 0 0 -0.000921582 -0 -0.000921582
814 815 0.00196891 0 -1.29791 0 0 0 0 -1.29594
815 816 0.00165556 0 -1.04074 0 0 0 0 -1.03909
816 817 0.0164792 0 0 0 0 0 0 0.0164792
817 818 0.0452038 0 0 0 0 0 0 0.0452038
818 819 0.00431287 0 -1.34078 0 0 0 0 -1.33647
820 821 0.0150553 0 -1.2851 0 0 0 0 -1.27005
821 822 0.0486595 0 0 0 0 0 0 0.0486595
822 823 0.128964 0 -1.1358 0 0 0 0 -1.00683
823 824 0.0131525 0 -1.30933 0 0 0 0 -1.29617
824 825 0.218165 0 -0.988264 0 0 0 0 -0.770099
825 826 0.206281 0 -1.30337 0 0 0 0 -1.09709
826 827 0.00373733 0 -1.32905 0 0 0 0 -1.32531
827 828 0.00874939 0 -1.07431 0 0 0 0 -1.06556
828 829 0.0111486 0 0 0 0 0 0 0.0111486
829 830 5.07206e-06 0 -1.29522 0 0 0 0 -1.29522
830 831 0.00890453 0 -1.36681 0 0 0 0 -1.3579
831 832 0.000458058 0 0 0 0 0 0 0.000458058
832 833 0.000806194 0 -0.984961 0 0 0 0 -0.984154
833 834 0.115579 0 -0.795664 0 0 0 0 -0.680084
834 835 0.184116 0 0 0 0 0 0 0.184116
835 836 0.000241878 0 -1.28943 0 0 0 0 -1.28919
836 837 0.0094333 0 0 0 0 0 0 0.0094333
837 838 0.00462269 0 0 0 0 0 0 0.00462269
838 839 0.00015991 0 0 0 0 0 0 0.00015991
840 841 0.335829 0 -0 0 0 0 0 0.335829
841 842 0.0505959 0 0 0 0 0 0 0.0505959
842 843 0.142951 0 -1.39361 0 0 0 0 -1.25066
843 844 0.00210988 0 0 0 0 0 0 0.00210988
844 845 0.117459 0 -1.39268 0 0 0 0 -1.27522
845 846 0.00294494 0 -1.13548 0 0 0 0 -1.13254
846 847 0.00255221 0 0 0 0 0 0 0.00255221
847 848 0.015778 0 0 0 0 0 0 0.015778
848 849 0.0633265 0 -1.17875 0 0 0 0 -1.11542
849 850 0.00251398 0 -1.34044 0 0 0 0 -1.33793
850 851 0.0386531 0 -0.915027 0 0 0 0 -0.876374
851 852 0.00870932 0 -1.31484 0 0 0 0 -1.30613
852 853 0.00363909 0 -0.859551 0 0 0 0 -0.855912
853 854 0.0120859 0 -0.827779 0 0 0 0 -0.815693
854 855 0.0102549 0 0 0 0 0 0 0.0102549
855 856 0.00147374 0 -1.26131 0 0 0 0 -1.25983
856 857 0.0440082 0 -1.3064 0 0 0 0 -1.26239
857 858 0.141119 0 0 0 0 0 0 0.141119
858 859 8.09038e-05 0 -0 0 0 0 0 8.09038e-05
860 861 0.0738884 0 -1.43567 0 0 0 0 -1.36178
861 862 0.0434484 0 0 0 0 0 0 0.0434484
862 863 4.12581e-05 0 -1.26427 0 0 0 0 -1.26423
863 864 0.00627868 0 -0.000808673 0 0 0 0 0.00547001
864 865 0.122701 0 -1.29247 0 0 0 0 -1.16977
865 866 0.00930303 0 -0 0 0 0 0 0.00930303
866 867 0.0245801 0 0 0 0 0 0 0.0245801
867 868 3.08577e-05 0 0 0 0 0 0 3.08577e-05
868 869 0.00996058 0 0 0 0 0 0 0.00996058
869 870 0.052163 0 -1.30248 0 0 0 0 -1.25032
870 871 0.0676378 0 0 0 0 0 0 0.0676378
871 872 0.0144737 0 0 0 0 0 0 0.0144737
872 873 0.0270343 0 -1.12576 0 0 0 0 -1.09873
873 874 0.00137506 0 0 0 0 0 0 0.00137506
874 875 0.0940188 0 -1.34399 0 0 0 0 -1.24998
875 876 0.000877512 0 0 0 0 0 0 0.000877512
876 877 0.0316872 0 0 0 0 0 0 0.0316872
877 878 0.118687 0 -1.11354 0 0 0 0 -0.994852
878 879 0.0214766 0 -1.08346 0 0 0 0 -1.06198
880 881 0.141856 0 -1.10946 0 0 0 0 -0.967601
881 882 0.0134498 0 -1.22773 0 0 0 0 -1.21428
882 883 0.000773233 0 -0.000325172 0 0 0 0 0.000448061
883 884 0.000425355 0 -1.33644 0 0 0 0 -1.33602
884 885 0.00293128 0 0 0 0 0 0 0.00293128
885 886 0.000453347 0 0 0 0 0 0 0.000453347
886 887 0.0202952 0 0 0 0 0 0 0.0202952
887 888 0.154172 0 0 0 0 0 0 0.154172
888 889 0.142262 0 -0 0 0 0 0 0.142262
889 890 0.00182633 0 -0.881819 0 0 0 0 -0.879992
890 891 0.0786921 0 -1.13582 0 0 0 0 -1.05713
891 892 0.0410904 0 -1.09211 0 0 0 0 -1.05102
892 893 0.00525494 0 -0 0 0 0 0 0.00525494
893 894 0.100136 0 0 0 0 0 0 0.100136
894 895 0.0307464 0 -1.23442 0 0 0 0 -1.20368
895 896 0.000264073 0 0 0 0 0 0 0.000264073
896 897 0.00568615 0 0 0 0 0 0 0.00568615
897 898 0.0254014 0 -1.13315 0 0 0 0 -1.10775
898 899 0.00925502 0 0 0 0 0 0 0.00925502
900 901 0.0222495 0 -0.435481 0 0 0 0 -0.413232
901 902 0.162009 0 0 0 0 0 0 0.162009
902 903 0.00113283 0 -0.831067 0 0 0 0 -0.829934
903 904 0.0102164 0 0 0 0 0 0 0.0102164
904 905 0.02316 0 -0.950771 0 0 0 0 -0.927611
905 906 0.00450039 0 0 0 0 0 0 0.00450039
904 907 0 0 0 0.133255 0 0 0 0.133255
906 907 0.00569456 0 -1.30405 0 0 0 0 -1.29836
907 908 0.158813 0 -0.871271 0 0 0 0 -0.712457
908 909 0.0194169 0 0 0 0 0 0 0.0194169
909 910 0.0960337 0 -0 0 0 0 0 0.0960337
910 911 0.0494318 0 0 0 0 0 0 0.0494318
911 912 1.89117e-08 0 -1.10346 0 0 0 0 -1.10346
912 913 0.0983755 0 -1.22004 0 0 0 0 -1.12166
913 914 0.00888541 0 -1.20777 0 0 0 0 -1.19888
914 915 0.00309012 0 -0.852912 0 0 0 0 -0.849822
915 916 0.216125 0 -1.43602 0 0 0 0 -1.2199
914 917 0 0 0 0 0 -0.000973501 0 -0.000973501
916 917 0.0607481 0 -0 0 0 0 0 0.0607481
917 918 0.038342 0 0 0 0 0 0 0.038342
918 919 0.0266749 0 -0 0 0 0 0 0.0266749
920 921 0.0285223 0 -1.01169 0 0 0 0 -0.983172
921 922 0.06969 0 -0.978027 0 0 0 0 -0.908337
922 923 0.0425955 0 -1.34002 0 0 0 0 -1.29742
923 924 0.0314956 0 -1.13977 0 0 0 0 -1.10827
924 925 0.013002 0 0 0 0 0 0 0.013002
925 926 0.1927 0 -1.3301 0 0 0 0 -1.1374
926 927 0.0354138 0 -1.35286 0 0 0 0 -1.31744
927 928 0.00186223 0 0 0 0 0 0 0.00186223
928 929 0.00917831 0 0 0 0 0 0 0.00917831
929 930 0.0156787 0 -1.15241 0 0 0 0 -1.13673
930 931 0.000541317 0 -1.19897 0 0 0 0 -1.19843
931 932 0.00977741 0 -0.930261 0 0 0 0 -0.920483
932 933 0.0217282 0 0 0 0 0 0 0.0217282
933 934 0.00733532 0 -1.16336 0 0 0 0 -1.15602
934 935 0.0196527 0 0 0 0 0 0 0.0196527
935 936 0.0114938 0 0 0 0 0 0 0.0114938
936 937 0.00778313 0 -1.03283 0 0 0 0 -1.02505
937 938 1.46797e-05 0 -4.49156e-05 0 0 0 0 -3.02359e-05
938 939 0.210505 0 0 0 0 0 0 0.210505
940 941 0.0551553 0 0 0 0 0 0 0.0551553
941 942 0.130605 0 -0.351461 0 0 0 0 -0.220856
942 943 0.115403 0 -1.32686 0 0 0 0 -1.21145
943 944 0.00110417 0 -0.891162 0 0 0 0 -0.890058
944 945 0.0756287 0 -1.11325 0 0 0 0 -1.03762
945 946 0.00551832 0 0 0 0 0 0 0.00551832
946 947 0.15355 0 -0.764839 0 0 0 0 -0.611289
947 948 0.0897516 0 -1.28062 0 0 0 0 -1.19087
948 949 0.00616261 0 -1.17067 0 0 0 0 -1.16451
949 950 0.0596704 0 -0.993711 0 0 0 0 -0.934041
950 951 0.00285732 0 -0.921609 0 0 0 0 -0.918752
951 952 0.000161227 0 0 0 0 0 0 0.000161227
952 953 0.0878108 0 -1.18843 0 0 0 0 -1.10061
953 954 0.0692219 0 -1.09446 0 0 0 0 -1.02524
954 955 0.0963205 0 0 0 0 0 0 0.0963205
955 956 0.0476326 0 -1.37064 0 0 0 0 -1.32301
956 957 0.0284966 0 -1.1468 0 0 0 0 -1.1183
957 958 0.000198105 0 -1.07592 0 0 0 0 -1.07573
958 959 0.00210958 0 0 0 0 0 0 0.00210958
960 961 0.304804 0 0 0 0 0 0 0.304804
961 962 0.000406421 0 -1.26421 0 0 0 0 -1.26381
962 963 0.100484 0 -0 0 0 0 0 0.100484
963 964 0.0313259 0 0 0 0 0 0 0.0313259
964 965 0.00984319 0 -1.38826 0 0 0 0 -1.37842
965 966 0.0641743 0 -0.984865 0 0 0 0 -0.920691
966 967 0.00010366 0 0 0 0 0 0 0.00010366
967 968 0.00498992 0 -0.803219 0 0 0 0 -0.798229
968 969 0.0089691 0 -1.44494 0 0 0 0 -1.43597
969 970 0.00770894 0 -0 0 0 0 0 0.00770894
970 971 0.239358 0 -0.799706 0 0 0 0 -0.560349
971 972 0.00304168 0 -1.26749 0 0 0 0 -1.26445
972 973 0.0224563 0 -1.29915 0 0 0 0 -1.2767
973 974 0.0459514 0 -1.15107 0 0 0 0 -1.10512
974 975 0.00215834 0 -1.14602 0 0 0 0 -1.14386
975 976 0.00481932 0 -1.10574 0 0 0 0 -1.10092
976 977 0.0183735 0 0 0 0 0 0 0.0183735
977 978 0.0360203 0 -0 0 0 0 0 0.0360203
978 979 0.00377553 0 -1.18349 0 0 0 0 -1.17971
980 981 0.00310322 0 0 0 0 0 0 0.00310322
981 982 0.000132744 0 0 0 0 0 0 0.000132744
982 983 0.142877 0 0 0 0 0 0 0.142877
983 984 0.124827 0 -1.23568 0 0 0 0 -1.11085
984 985 0.0509846 0 0 0 0 0 0 0.0509846
985 986 0.0169494 0 -1.02473 0 0 0 0 -1.00778
986 987 0.00474309 0 -1.25086 0 0 0 0 -1.24612
987 988 0.131834 0 0 0 0 0 0 0.131834
988 989 0.0979297 0 -0.725383 0 0 0 0 -0.627454
989 990 0.0121651 0 -1.34341 0 0 0 0 -1.33124
990 991 0.00440591 0 -1.2696 0 0 0 0 -1.2652
991 992 0.0122416 0 -0.837828 0 0 0 0 -0.825586
992 993 0.125284 0 -1.03143 0 0 0 0 -0.906146
993 994 0.185165 0 -1.2243 0 0 0 0 -1.03913
994 995 3.93659e-05 0 -1.27722 0 0 0 0 -1.27718
995 996 3.97849e-06 0 0 0 0 0 0 3.97849e-06
996 997 0.0155259 0 -1.34828 0 0 0 0 -1.33276
997 998 0.0393167 0 0 0 0 0 0 0.0393167
998 999 0.0858128 0 -0.725864 0 0 0 0 -0.640051
1000 1001 0.00982206 0 -1.09095 0 0 0 0 -1.08113
1001 1002 0.085096 0 -0.865814 0 0 0 0 -0.780718
1002 1003 0.0135864 0 0 0 0 0 0 0.0135864
1003 1004 0.00201556 0 -1.43707 0 0 0 0 -1.43506
1004 1005 0.156699 0 -0.941816 0 0 0 0 -0.785117
1005 1006 0.148247 0 -1.27992 0 0 0 0 -1.13167
1006 1007 0.161499 0 -1.05565 0 0 0 0 -0.894151
1007 1008 0.000531929 0 -1.32626 0 0 0 0 -1.32573
1008 1009 0.138025 0 -1.10653 0 0 0 0 -0.968508
1009 1010 0.0144895 0 -1.03175 0 0 0 0 -1.01726
1010 1011 0.20639 0 -1.23745 0 0 0 0 -1.03106
1011 1012 0.352693 0 -1.40298 0 0 0 0 -1.05029
1012 1013 0.000106007 0 -0.93934 0 0 0 0 -0.939234
1013 1014 0.0467822 0 -0.805099 0 0 0 0 -0.758316
1014 1015 0.0202145 0 -1.17486 0 0 0 0 -1.15465
1012 1016 0 0 0 0 -5.19652e-17 -0.0701529 0 -0.0701529
1015 1016 0.0138189 0 -0 0 0 0 0 0.0138189
1013 1017 0 0 0 0 0 -0.00990665 -0 -0.00990665
1012 1017 0 0 0 0 -0.812092 0 -0 -0.812092
1011 1017 0 0 0 0 0 -0.133543 -0 -0.133543
1016 1017 0.000788811 0 -0.844913 0 0 0 0 -0.844124
1012 1018 0 0 0 0 0 -0.119998 0 -0.119998
1011 1018 0 0 0 0 -0.780853 0 -0 -0.780853
1010 1018 0 0 0 0 -3.49999e-30 -0.0997043 -0 -0.0997043
1017 1018 0.0507091 0 -0.904096 0 0 0 0 -0.853387
1011 1019 0 0 0 0 -0 -0.144255 -0 -0.144255
1010 1019 0 0 0 0 -0.791564 0 -0 -0.791564
1009 1019 0 0 0 0 -0 -0.182516 0 -0.182516
1018 1019 0.00572986 0 -0.616202 0 0 0 0 -0.610472
1020 1021 0.0198263 0 0 0 0 0 0 0.0198263
1021 1022 0.110273 0 -0.926136 0 0 0 0 -0.815862
1022 1023 0.0681981 0 -1.31381 0 0 0 0 -1.24562
1023 1024 0.0513967 0 -1.15863 0 0 0 0 -1.10723
1024 1025 0.00135152 0 0 0 0 0 0 0.00135152
1025 1026 0.0389298 0 0 0 0 0 0 0.0389298
1026 1027 0.19621 0 0 0 0 0 0 0.19621
1027 1028 0.156742 0 -1.33656 0 0 0 0 -1.17982
1028 1029 0.000234054 0 -0.96301 0 0 0 0 -0.962776
1029 1030 0.000164351 0 0 0 0 0 0 0.000164351
1030 1031 0.0745493 0 -1.13709 0 0 0 0 -1.06254
1031 1032 0.0968008 0 0 0 0 0 0 0.0968008
1032 1033 0.0415762 0 0 0 0 0 0 0.0415762
1033 1034 0.00127417 0 0 0 0 0 0 0.00127417
1034 1035 0.0248083 0 -1.33829 0 0 0 0 -1.31348
1035 1036 0.108181 0 0 0 0 0 0 0.108181
1036 1037 0.0965378 0 0 0 0 0 0 0.0965378
1037 1038 0.0013343 0 -1.22318 0 0 0 0 -1.22184
1038 1039 0.0293783 0 -1.43082 0 0 0 0 -1.40144
1040 1041 0.00798799 0 -0.973309 0 0 0 0 -0.965321
1041 1042 0.0189877 0 -1.04138 0 0 0 0 -1.0224
1042 1043 0.107824 0 -1.44898 0 0 0 0 -1.34116
1043 1044 0.0244234 0 -0.0834326 0 0 0 0 -0.0590092
1044 1045 0.0271872 0 -1.27894 0 0 0 0 -1.25176
1045 1046 0.042947 0 -1.43438 0 0 0 0 -1.39143
1046 1047 0.00920158 0 -1.31699 0 0 0 0 -1.30779
1047 1048 0.0440083 0 -1.04736 0 0 0 0 -1.00335
1048 1049 0.284998 0 0 0 0 0 0 0.284998
1049 1050 0.014942 0 -1.41192 0 0 0 0 -1.39698
1050 1051 0.0337263 0 -1.25634 0 0 0 0 -1.22261
1051 1052 0.000352928 0 0 0 0 0 0 0.000352928
1052 1053 0.000193189 0 0 0 0 0 0 0.000193189
1053 1054 0.00664541 0 -0.889022 0 0 0 0 -0.882376
1047 1055 0 0 0 0 0 -0.0332524 0 -0.0332524
1054 1055 0.00493649 0 -1.16122 0 0 0 0 -1.15629
1046 1056 0 0 0 0 0 -0.140864 -0 -0.140864
1055 1056 0.048094 0 -1.20792 0 0 0 0 -1.15982
1047 1057 0 0 0 0 -0 -0.137102 -0 -0.137102
1045 1057 0 0 0 0 0 -0.148827 -0 -0.148827
1056 1057 0.069079 0 -1.23308 0 0 0 0 -1.164
1046 1058 0 0 0 0 -0 -0.137354 0 -0.137354
1045 1058 0 0 0 0 -0.774908 0 -0 -0.774908
1044 1058 0 0 0 0 -3.30719e-29 -0.185259 0 -0.185259
1057 1058 0.00152712 0 -1.07222 0 0 0 0 -1.07069
1045 1059 0 0 0 0 -0 -0.0851488 -0 -0.0851488
1044 1059 0 0 0 0 -0.762997 0 -0 -0.762997
1058 1059 0.0190347 0 -1.33935 0 0 0 0 -1.32032
1060 1061 0.0372238 0 0 0 0 0 0 0.0372238
1061 1062 0.0327568 0 0 0 0 0 0 0.0327568
1062 1063 0.0183197 0 -1.26051 0 0 0 0 -1.24219
1063 1064 0.0408936 0 -0.557437 0 0 0 0 -0.516543
1064 1065 0.0452045 0 0 0 0 0 0 0.0452045
1065 1066 0.00227997 0 -1.18482 0 0 0 0 -1.18254
1066 1067 0.245936 0 0 0 0 0 0 0.245936
1067 1068 0.106499 0 0 0 0 0 0 0.106499
1068 1069 0.00149458 0 0 0 0 0 0 0.00149458
1069 1070 0.149559 0 0 0 0 0 0 0.149559
1070 1071 0.064756 0 -1.42482 0 0 0 0 -1.36007
1071 1072 0.0669493 0 -1.27828 0 0 0 0 -1.21133
1072 1073 0.0417019 0 -1.08479 0 0 0 0 -1.04309
1073 1074 0.0750104 0 0 0 0 0 0 0.0750104
1074 1075 0.000511986 0 0 0 0 0 0 0.000511986
1075 1076 2.21589e-05 0 0 0 0 0 0 2.21589e-05
1076 1077 0.196504 0 -0.99712 0 0 0 0 -0.800615
1077 1078 0.0144559 0 -0.997013 0 0 0 0 -0.982557
1078 1079 0.00326337 0 -1.338 0 0 0 0 -1.33474
1080 1081 0.0819604 0 0 0 0 0 0 0.0819604
1081 1082 0.0870029 0 -1.26063 0 0 0 0 -1.17362
1082 1083 0.00293367 0 0 0 0 0 0 0.00293367
1083 1084 0.00830734 0 0 0 0 0 0 0.00830734
1084 1085 0.00393344 0 0 0 0 0 0 0.00393344
1085 1086 0.174232 0 0 0 0 0 0 0.174232
1086 1087 0.198902 0 -0 0 0 0 0 0.198902
1087 1088 0.287538 0 0 0 0 0 0 0.287538
1088 1089 6.55723e-05 0.082972 0 0 0 0 0 0.0830376
1089 1090 0.0197032 0 -0 0 0 0 0 0.0197032
1090 1091 0.292091 0 0 0 0 0 0 0.292091
1091 1092 0.0126922 0 0 0 0 0 0 0.0126922
1092 1093 0.00747427 0 0 0 0 0 0 0.00747427
1093 1094 0.00346325 0 -0 0 0 0 0 0.00346325
1094 1095 0.0957189 0 -0.94663 0 0 0 0 -0.850911
1095 1096 0.00226088 0 0 0 0 0 0 0.00226088
1096 1097 0.0330513 0 0 0 0 0 0 0.0330513
1097 1098 0.00607301 0 0 0 0 0 0 0.00607301
1098 1099 0.00959648 0 0 0 0 0 0 0.00959648
1100 1101 0.0176561 0 -1.19127 0 0 0 0 -1.17361
1101 1102 0.00348978 0 -0 0 0 0 0 0.00348978
1102 1103 0.0223112 0 0 0 0 0 0 0.0223112
1103 1104 0.0691785 0 -1.13052 0 0 0 0 -1.06134
1104 1105 0.144552 0 -1.2909 0 0 0 0 -1.14635
1105 1106 0.00111976 0 0 0 0 0 0 0.00111976
1106 1107 0.00115807 0 -1.36079 0 0 0 0 -1.35963
1107 1108 0.000191054 0 0 0 0 0 0 0.000191054
1108 1109 0.000267893 0 -1.34909 0 0 0 0 -1.34882
1109 1110 0.00303912 0 -1.3681 0 0 0 0 -1.36506
1110 1111 0.00106122 0 -1.09579 0 0 0 0 -1.09473
1111 1112 0.0112094 0 -1.17987 0 0 0 0 -1.16866
1112 1113 0.0161428 0 0 0 0 0 0 0.0161428
1113 1114 0.150461 0 -0.857691 0 0 0 0 -0.70723
1114 1115 0.0619195 0 -1.13652 0 0 0 0 -1.0746
1115 1116 0.00874618 0 -1.14889 0 0 0 0 -1.14015
1116 1117 0.00295482 0 -0.982931 0 0 0 0 -0.979976
1117 1118 0.0161397 0 -1.22976 0 0 0 0 -1.21362
1118 1119 0.00568315 0 -1.28349 0 0 0 0 -1.27781
1120 1121 0.00558319 0 0 0 0 0 0 0.00558319
1121 1122 1.40577e-05 0 0 0 0 0 0 1.40577e-05
1122 1123 0.231117 0 -1.36273 0 0 0 0 -1.13162
1123 1124 0.201525 0 0 0 0 0 0 0.201525
1124 1125 0.0105191 0 -1.31126 0 0 0 0 -1.30074
1125 1126 0.000123045 0 0 0 0 0 0 0.000123045
1126 1127 0.000499551 0 -1.04201 0 0 0 0 -1.04151
1127 1128 0.00604108 0 0 0 0 0 0 0.00604108
1128 1129 0.278601 0 -1.40672 0 0 0 0 -1.12812
1129 1130 0.0302316 0 -0.687594 0 0 0 0 -0.657363
1130 1131 0.00738981 0 -1.1679 0 0 0 0 -1.16051
1131 1132 0.216312 0 -0.946382 0 0 0 0 -0.73007
1132 1133 0.00593153 0 0 0 0 0 0 0.00593153
1133 1134 0.0800877 0 0 0 0 0 0 0.0800877
1134 1135 0.023691 0 -0.8805 0 0 0 0 -0.856809
1135 1136 0.0229883 0 -1.15113 0 0 0 0 -1.12814
1136 1137 0.0618257 0 -0 0 0 0 0 0.0618257
1137 1138 0.00327224 0 0 0 0 0 0 0.00327224
1138 1139 0.0540793 0 -1.32281 0 0 0 0 -1.26873
1140 1141 0.034327 0 0 0 0 0 0 0.034327
1141 1142 0.0358011 0 -1.20924 0 0 0 0 -1.17343
1142 1143 8.08127e-06 0 -1.04476 0 0 0 0 -1.04475
1143 1144 0.0311321 0 0 0 0 0 0 0.0311321
1144 1145 0.0163049 0 0 0 0 0 0 0.0163049
1145 1146 0.0611515 0 -1.20321 0 0 0 0 -1.14206
1146 1147 0.0211204 0 -0 0 0 0 0 0.0211204
1147 1148 0.114749 0 -1.0065 0 0 0 0 -0.891753
1148 1149 0.0222665 0 -1.27638 0 0 0 0 -1.25411
1149 1150 0.127549 0 -0 0 0 0 0 0.127549
1150 1151 0.156239 0 -1.39095 0 0 0 0 -1.23471
1151 1152 0.216167 0 -1.2577 0 0 0 0 -1.04153
1152 1153 0.0806471 0 -1.33376 0 0 0 0 -1.25311
1153 1154 0.0123562 0 -1.17065 0 0 0 0 -1.15829
1154 1155 0.0161345 0 -0.00143285 0 0 0 0 0.0147016
1155 1156 0.0636778 0 -1.21418 0 0 0 0 -1.15051
1156 1157 0.242262 0 0 0 0 0 0 0.242262
1157 1158 0.0934719 0 0 0 0 0 0 0.0934719
1158 1159 0.0255088 0 -0 0 0 0 0 0.0255088
1160 1161 0.0775212 0 -1.41018 0 0 0 0 -1.33266
1161 1162 0.16925 0 0 0 0 0 0 0.16925
1162 1163 0.210955 0 -1.34977 0 0 0 0 -1.13881
1163 1164 1.2998e-05 0 -0 0 0 0 0 1.2998e-05
1164 1165 0.0358739 0 -1.09351 0 0 0 0 -1.05763
1165 1166 0.0236756 0 -1.30676 0 0 0 0 -1.28309
1166 1167 0.00103008 0 0 0 0 0 0 0.00103008
1167 1168 0.000876638 0 -0.906861 0 0 0 0 -0.905984
1168 1169 0.0732458 0 0 0 0 0 0 0.0732458
1169 1170 0.0250516 0 0 0 0 0 0 0.0250516
1170 1171 0.00237145 0 0 0 0 0 0 0.00237145
1171 1172 0.161158 0 -1.13675 0 0 0 0 -0.975588
1172 1173 0.0928581 0 -1.3173 0 0 0 0 -1.22444
1173 1174 0.260911 0 -1.41534 0 0 0 0 -1.15443
1174 1175 0.0386859 0 -0.880136 0 0 0 0 -0.84145
1162 1176 0 0 0 0 -0 -0.099132 0 -0.099132
1175 1176 0.0114584 0 -0.787255 0 0 0 0 -0.775797
1163 1177 0 0 0 0 0 -0.173203 0 -0.173203
1162 1177 0 0 0 0 -0.894887 0 -0 -0.894887
1176 1177 0.0204514 0 -0.926706 0 0 0 0 -0.906255
1177 1178 0.00230134 0 -0 0 0 0 0 0.00230134
1178 1179 0.00234319 0 0 0 0 0 0 0.00234319
1180 1181 0.016381 0 -1.30573 0 0 0 0 -1.28935
1181 1182 0.00102216 0 -0.858826 0 0 0 0 -0.857804
1182 1183 0.0214698 0 -0 0 0 0 0 0.0214698
1183 1184 0.00716138 0 0 0 0 0 0 0.00716138
1184 1185 0.0141339 0 -1.14431 0 0 0 0 -1.13018
1185 1186 0.00195558 0 -1.2406 0 0 0 0 -1.23864
1186 1187 0.0574553 0 0 0 0 0 0 0.0574553
1187 1188 0.00024271 0 0 0 0 0 0 0.00024271
1188 1189 0.0483571 0 0 0 0 0 0 0.0483571
1189 1190 0.00231046 0 -1.20125 0 0 0 0 -1.19894
1190 1191 0.0333095 0 0 0 0 0 0 0.0333095
1191 1192 0.0598559 0 -1.27539 0 0 0 0 -1.21553
1192 1193 0.130803 0 0 0 0 0 0 0.130803
1190 1194 0 0 0 0 0 -0.00825976 0 -0.00825976
1193 1194 0.01762 0 -0.501981 0 0 0 0 -0.484361
1194 1195 0.0937334 0 0 0 0 0 0 0.0937334
1195 1196 0.00157998 0 -1.28909 0 0 0 0 -1.28751
1196 1197 0.074287 0 -1.08722 0 0 0 0 -1.01293
1197 1198 0.0574596 0 0 0 0 0 0 0.0574596
1198 1199 0.189327 0 -1.23658 0 0 0 0 -1.04725
#Total energy per particle is  -0.568217 and should be -0.56821710
