#id1 id2 FENE BEXC STCK NEXC HB CRSTCK CXSTCK total, t = 200000
0 1 0.0040883 0 -1.24236 0 0 0 0 -1.23827
1 2 0.0385292 0 -0.827522 0 0 0 0 -0.788993
2 3 0.00155511 0 0 0 0 0 0 0.00155511
3 4 0.000640588 0 -1.32518 0 0 0 0 -1.32454
4 5 0.0717089 0 -1.2052 0 0 0 0 -1.13349
5 6 0.0143813 0 -1.03125 0 0 0 0 -1.01687
6 7 0.0233021 0 -1.29901 0 0 0 0 -1.27571
7 8 0.0220017 0 -0.944661 0 0 0 0 -0.92266
8 9 0.00105088 0 0 0 0 0 0 0.00105088
9 10 0.00655044 0 -1.27846 0 0 0 0 -1.27191
10 11 0.10875 0 0 0 0 0 0 0.10875
11 12 0.0198378 0 -1.35224 0 0 0 0 -1.3324
12 13 0.000375285 0 -1.1697 0 0 0 0 -1.16932
13 14 0.00183628 0 0 0 0 0 0 0.00183628
14 15 0.0549924 0 0 0 0 0 0 0.0549924
15 16 0.0387065 0 -0.53371 0 0 0 0 -0.495004
16 17 0.0122978 0 -0.934907 0 0 0 0 -0.922609
17 18 0.0347512 0 0 0 0 0 0 0.0347512
18 19 0.0355355 0 0 0 0 0 0 0.0355355
20 21 0.0065094 0 0 0 0 0 0 0.0065094
21 22 0.00801145 0 0 0 0 0 0 0.00801145
22 23 0.00623942 0 -1.14002 0 0 0 0 -1.13378
23 24 0.0478993 0 0 0 0 0 0 0.0478993
24 25 0.000811975 0 0 0 0 0 0 0.000811975
25 26 0.134102 0 -1.04483 0 0 0 0 -0.91073
26 27 0.000381235 0 0 0 0 0 0 0.000381235
27 28 0.0131833 0 0 0 0 0 0 0.0131833
28 29 0.0505851 0 -0.94747 0 0 0 0 -0.896885
29 30 0.000553589 0 -1.44109 0 0 0 0 -1.44053
30 31 0.050623 0 -0 0 0 0 0 0.050623
31 32 0.029164 0 -0.795223 0 0 0 0 -0.766059
32 33 0.0386358 0 -1.18397 0 0 0 0 -1.14534
33 34 0.000978553 0 0 0 0 0 0 0.000978553
34 35 0.135609 0 0 0 0 0 0 0.135609
35 36 0.0770287 0 -0.76784 0 0 0 0 -0.690811
36 37 0.0984744 0 -1.27062 0 0 0 0 -1.17214
37 38 0.0151064 0 -0.411202 0 0 0 0 -0.396095
38 39 0.0037539 0 -1.27137 0 0 0 0 -1.26762
40 41 0.0343821 0 -0.937948 0 0 0 0 -0.903566
41 42 0.0191472 0 0 0 0 0 0 0.0191472
42 43 0.000471922 0 0 0 0 0 0 0.000471922
43 44 0.00795047 0 -1.00712 0 0 0 0 -0.999166
44 45 0.0248759 0 0 0 0 0 0 0.0248759
45 46 0.0136125 0 0 0 0 0 0 0.0136125
46 47 0.135232 0 -1.13406 0 0 0 0 -0.99883
47 48 0.0116574 0 -1.29836 0 0 0 0 -1.2867
48 49 0.0126846 0 0 0 0 0 0 0.0126846
49 50 0.152541 0 -1.42936 0 0 0 0 -1.27682
50 51 0.0504516 0 -1.21831 0 0 0 0 -1.16786
51 52 0.0910736 0 0 0 0 0 0 0.0910736
52 53 0.0520518 0 0 0 0 0 0 0.0520518
53 54 0.0679306 0 -1.07155 0 0 0 0 -1.00362
54 55 0.00128105 0 0 0 0 0 0 0.00128105
55 56 0.039013 0 0 0 0 0 0 0.039013
56 57 0.0563181 0 0 0 0 0 0 0.0563181
57 58 0.02455 0 -1.27105 0 0 0 0 -1.2465
58 59 0.000830549 0 0 0 0 0 0 0.000830549
60 61 0.0629211 0 -1.25006 0 0 0 0 -1.18714
61 62 0.153551 0 -1.23111 0 0 0 0 -1.07756
62 63 0.219614 0 -1.41662 0 0 0 0 -1.197
63 64 0.150223 0 -1.17775 0 0 0 0 -1.02753
64 65 0.107763 0 0 0 0 0 0 0.107763
65 66 0.119217 0 0 0 0 0 0 0.119217
66 67 0.0986087 0 -1.18336 0 0 0 0 -1.08476
67 68 0.000172152 0 -1.36585 0 0 0 0 -1.36567
68 69 0.0179724 0 -1.28406 0 0 0 0 -1.26609
69 70 9.6621e-07 0 -1.36133 0 0 0 0 -1.36133
70 71 0.0232427 0 -0 0 0 0 0 0.0232427
71 72 0.000334165 0 -0 0 0 0 0 0.000334165
72 73 0.0116385 0 -1.1315 0 0 0 0 -1.11986
73 74 0.0357116 0 -1.14034 0 0 0 0 -1.10463
74 75 0.0164319 0 0 0 0 0 0 0.0164319
75 76 0.00182922 0 -1.24991 0 0 0 0 -1.24808
76 77 0.378848 0 -1.14423 0 0 0 0 -0.765378
77 78 0.0951785 0 -1.10798 0 0 0 0 -1.0128
78 79 0.0917158 0 0 0 0 0 0 0.0917158
80 81 0.0140772 0 -1.03393 0 0 0 0 -1.01986
81 82 0.0142312 0 -0.730418 0 0 0 0 -0.716186
82 83 0.171009 0 -1.03151 0 0 0 0 -0.860498
83 84 0.00822607 0 -1.28529 0 0 0 0 -1.27707
84 85 0.261906 0 -0 0 0 0 0 0.261906
85 86 0.00324279 0 -0.929155 0 0 0 0 -0.925912
86 87 0.00472991 0 -1.1201 0 0 0 0 -1.11537
87 88 0.000167295 0 0 0 0 0 0 0.000167295
88 89 0.00212969 0 -1.33566 0 0 0 0 -1.33353
89 90 0.000474663 0 -1.39064 0 0 0 0 -1.39017
90 91 0.0998246 0 -1.14845 0 0 0 0 -1.04863
91 92 0.114439 0 -0 0 0 0 0 0.114439
92 93 0.0176934 0 0 0 0 0 0 0.0176934
93 94 0.0572586 0 -1.32687 0 0 0 0 -1.26961
94 95 0.184811 0 -1.40536 0 0 0 0 -1.22055
95 96 0.00169658 0 0 0 0 0 0 0.00169658
96 97 0.0400178 0 0 0 0 0 0 0.0400178
97 98 0.0390089 0 0 0 0 0 0 0.0390089
98 99 0.150225 0 -1.19096 0 0 0 0 -1.04073
100 101 0.000145809 0 -0 0 0 0 0 0.000145809
101 102 0.00389048 0 -1.08472 0 0 0 0 -1.08083
102 103 0.0241011 0 -1.16157 0 0 0 0 -1.13747
103 104 0.0310925 0 0 0 0 0 0 0.0310925
104 105 0.00839599 0 -1.11265 0 0 0 0 -1.10426
105 106 0.0312249 0 -1.35435 0 0 0 0 -1.32313
106 107 0.00168836 0 -1.11127 0 0 0 0 -1.10958
107 108 0.0736389 0 -1.39585 0 0 0 0 -1.32221
108 109 0.223108 0 -0.897166 0 0 0 0 -0.674058
109 110 0.00163802 0 -0.752228 0 0 0 0 -0.75059
110 111 0.0236339 0 -1.05418 0 0 0 0 -1.03054
111 112 4.55855e-05 0 -1.25366 0 0 0 0 -1.25361
112 113 0.0595408 0 0 0 0 0 0 0.0595408
113 114 0.00353533 0 -1.17559 0 0 0 0 -1.17206
114 115 0.012075 0 -0.953563 0 0 0 0 -0.941488
115 116 0.000776871 0 0 0 0 0 0 0.000776871
116 117 0.110187 0 -0.706412 0 0 0 0 -0.596226
117 118 0.176119 0 0 0 0 0 0 0.176119
118 119 0.0154954 0 -1.21535 0 0 0 0 -1.19985
120 121 0.0439814 0 0 0 0 0 0 0.0439814
121 122 0.0714335 0 0 0 0 0 0 0.0714335
122 123 0.0349924 0 0 0 0 0 0 0.0349924
123 124 0.333496 0 -1.18407 0 0 0 0 -0.850571
124 125 0.141065 0 0 0 0 0 0 0.141065
125 126 0.00380456 0 -1.1324 0 0 0 0 -1.1286
126 127 0.00829251 0 0 0 0 0 0 0.00829251
127 128 0.278313 0 0 0 0 0 0 0.278313
128 129 0.027656 0 -0 0 0 0 0 0.027656
129 130 0.085483 0 -1.15843 0 0 0 0 -1.07294
130 131 0.00197396 0 -0 0 0 0 0 0.00197396
131 132 0.00142062 0 0 0 0 0 0 0.00142062
132 133 0.100822 0 -1.06778 0 0 0 0 -0.966953
133 134 0.00722413 0 -1.08304 0 0 0 0 -1.07582
134 135 0.0324578 0 0 0 0 0 0 0.0324578
130 136 0 0 0 0 -0.700714 0 -0 -0.700714
129 136 0 0 0 0 -2.4905e-29 -0.098161 0 -0.098161
135 136 0.0966138 0 0 0 0 0 0 0.0966138
130 137 0 0 0 0 -0 -0.177241 0 -0.177241
129 137 0 0 0 0 -0.824387 0 -0 -0.824387
136 137 0.0295629 0 -1.25341 0 0 0 0 -1.22385
129 138 0 0 0 0 -0 -0.139216 -0 -0.139216
137 138 0.0812161 0 -1.38434 0 0 0 0 -1.30313
138 139 0.0453385 0 -1.16361 0 0 0 0 -1.11827
140 141 0.0472687 0 -0.95157 0 0 0 0 -0.904302
141 142 0.0382446 0 0 0 0 0 0 0.0382446
142 143 0.0655111 0 -1.07721 0 0 0 0 -1.0117
143 144 0.17091 0 -1.32237 0 0 0 0 -1.15146
144 145 0.110445 0 -1.21608 0 0 0 0 -1.10564
145 146 0.0228037 0 -1.32129 0 0 0 0 -1.29848
146 147 0.0187882 0 -1.31791 0 0 0 0 -1.29912
147 148 0.014813 0 0 0 0 0 0 0.014813
148 149 0.00107128 0 -1.37709 0 0 0 0 -1.37602
149 150 0.0682101 0 0 0 0 0 0 0.0682101
150 151 0.125463 0 -1.1379 0 0 0 0 -1.01244
151 152 0.0230576 0 -1.20017 0 0 0 0 -1.17711
152 153 0.0260366 0 -0 0 0 0 0 0.0260366
153 154 0.0892031 0 0 0 0 0 0 0.0892031
154 155 0.173893 0 -0.949228 0 0 0 0 -0.775334
155 156 0.00814914 0 -1.11905 0 0 0 0 -1.11091
156 157 0.00185123 0 -1.36517 0 0 0 0 -1.36332
157 158 0.427737 0 -0.912706 0 0 0 0 -0.484969
158 159 0.000454006 0 -1.25899 0 0 0 0 -1.25853
160 161 0.0589313 0 -0.918957 0 0 0 0 -0.860025
161 162 0.0319307 0 -1.17474 0 0 0 0 -1.14281
162 163 0.0776308 0 -1.32509 0 0 0 0 -1.24746
163 164 0.0254633 0 0 0 0 0 0 0.0254633
164 165 0.0198528 0 -1.07136 0 0 0 0 -1.05151
165 166 0.0116024 0 0 0 0 0 0 0.0116024
166 167 2.06193e-05 0 -1.30635 0 0 0 0 -1.30633
167 168 0.0905131 0 0 0 0 0 0 0.0905131
168 169 0.00295638 0 -1.12242 0 0 0 0 -1.11947
169 170 0.150596 0 0 0 0 0 0 0.150596
170 171 0.0659866 0 -0.532608 0 0 0 0 -0.466621
171 172 0.06069 0 -1.13434 0 0 0 0 -1.07365
172 173 0.326815 0 0 0 0 0 0 0.326815
173 174 0.110343 0 0 0 0 0 0 0.110343
174 175 0.0784226 0 -1.42225 0 0 0 0 -1.34382
175 176 0.0147826 0 -1.14901 0 0 0 0 -1.13423
176 177 0.115254 0 0 0 0 0 0 0.115254
177 178 0.0301675 0 0 0 0 0 0 0.0301675
178 179 0.0400566 0 0 0 0 0 0 0.0400566
180 181 0.0130652 0 -0.855206 0 0 0 0 -0.842141
181 182 0.0857019 0 -1.00684 0 0 0 0 -0.92114
182 183 0.00547716 0 -0 0 0 0 0 0.00547716
183 184 0.00140312 0 0 0 0 0 0 0.00140312
184 185 0.00841243 0 -1.00427 0 0 0 0 -0.995862
185 186 0.037129 0 0 0 0 0 0 0.037129
186 187 0.130475 0 -1.34142 0 0 0 0 -1.21095
187 188 0.0290751 0 0 0 0 0 0 0.0290751
188 189 0.00566854 0 -1.10246 0 0 0 0 -1.0968
189 190 0.00414162 0 -0 0 0 0 0 0.00414162
190 191 0.000207075 0 -1.27044 0 0 0 0 -1.27023
191 192 0.00436995 0 0 0 0 0 0 0.00436995
192 193 0.00692237 0 -0.952041 0 0 0 0 -0.945118
193 194 0.0130873 0 -0.845202 0 0 0 0 -0.832115
194 195 0.0709174 0 -8.50256e-06 0 0 0 0 0.0709089
195 196 0.0218723 0 -1.21723 0 0 0 0 -1.19536
196 197 0.0114474 0 0 0 0 0 0 0.0114474
197 198 0.0414595 0 -0.912279 0 0 0 0 -0.87082
198 199 0.0587981 0 0 0 0 0 0 0.0587981
200 201 0.135731 0 -0.963353 0 0 0 0 -0.827622
201 202 0.143113 0 -1.28813 0 0 0 0 -1.14502
202 203 0.0732881 0 -1.36953 0 0 0 0 -1.29624
203 204 0.0286412 0 0 0 0 0 0 0.0286412
204 205 0.00601413 0 0 0 0 0 0 0.00601413
205 206 5.68628e-05 0 -1.393 0 0 0 0 -1.39294
206 207 0.000723582 0 -1.45235 0 0 0 0 -1.45162
207 208 0.171897 0 0 0 0 0 0 0.171897
208 209 0.0287496 0 0 0 0 0 0 0.0287496
209 210 6.95119e-05 0 -0.876145 0 0 0 0 -0.876076
210 211 0.00225497 0 -0 0 0 0 0 0.00225497
211 212 0.0391106 0 -0.94691 0 0 0 0 -0.9078
210 213 0 0 0 0 0 -0.00536579 0 -0.00536579
212 213 0.0366108 0 0 0 0 0 0 0.0366108
213 214 0.00865589 0 -1.42233 0 0 0 0 -1.41368
214 215 0.000384422 0 -1.21326 0 0 0 0 -1.21287
215 216 0.044621 0 0 0 0 0 0 0.044621
216 217 0.0608408 0 -1.32898 0 0 0 0 -1.26814
217 218 0.0999031 0 0 0 0 0 0 0.0999031
216 219 0 0 0 0 0 -1.31918e-09 0 -1.31918e-09
218 219 0.0590406 0 -1.37202 0 0 0 0 -1.31298
220 221 0.000382383 0 -0.895137 0 0 0 0 -0.894755
221 222 0.00181554 0 0 0 0 0 0 0.00181554
222 223 0.0700387 0 0 0 0 0 0 0.0700387
223 224 0.0211731 0 0 0 0 0 0 0.0211731
224 225 0.00372048 0 -1.23196 0 0 0 0 -1.22824
225 226 0.0292462 0 0 0 0 0 0 0.0292462
226 227 0.254702 0 0 0 0 0 0 0.254702
227 228 0.0756011 0 0 0 0 0 0 0.0756011
228 229 0.0392519 0 0 0 0 0 0 0.0392519
229 230 0.0051865 0 0 0 0 0 0 0.0051865
230 231 0.223709 0 0 0 0 0 0 0.223709
231 232 0.00064356 0 -1.45583 0 0 0 0 -1.45519
232 233 0.0280998 0 -1.34841 0 0 0 0 -1.32031
233 234 0.0161224 0 0 0 0 0 0 0.0161224
234 235 0.000569326 0 -1.17882 0 0 0 0 -1.17825
235 236 0.0508741 0 -1.00258 0 0 0 0 -0.95171
236 237 0.0703033 0 -0.951257 0 0 0 0 -0.880954
237 238 0.000986378 0 0 0 0 0 0 0.000986378
238 239 0.0391684 0 -1.21686 0 0 0 0 -1.1777
240 241 0.116206 0 -1.00519 0 0 0 0 -0.888985
241 242 0.0230081 0 -1.13349 0 0 0 0 -1.11048
242 243 0.0438599 0 0 0 0 0 0 0.0438599
243 244 0.192516 0 0 0 0 0 0 0.192516
244 245 0.0767876 0 -1.13341 0 0 0 0 -1.05662
245 246 0.0370224 0 -1.03587 0 0 0 0 -0.998848
246 247 0.00648525 0 -1.29381 0 0 0 0 -1.28732
247 248 3.94725e-05 0 -1.37033 0 0 0 0 -1.37029
248 249 0.00592274 0 -0.963226 0 0 0 0 -0.957303
249 250 0.00703369 0 -0.735083 0 0 0 0 -0.728049
250 251 0.0182258 0 0 0 0 0 0 0.0182258
251 252 0.0700883 0 -0.621142 0 0 0 0 -0.551054
252 253 0.00514062 0 -1.22862 0 0 0 0 -1.22348
253 254 0.0236196 0 -1.26935 0 0 0 0 -1.24573
254 255 0.00351715 0 0 0 0 0 0 0.00351715
255 256 0.00100219 0 -0 0 0 0 0 0.00100219
256 257 0.000586605 0 0 0 0 0 0 0.000586605
257 258 0.0851974 0 -0.742388 0 0 0 0 -0.65719
258 259 0.0978108 0 -1.32212 0 0 0 0 -1.22431
260 261 0.0542666 0 0 0 0 0 0 0.0542666
261 262 0.00308083 0 0 0 0 0 0 0.00308083
262 263 0.00105559 0 -0 0 0 0 0 0.00105559
263 264 0.0162602 0 -1.404 0 0 0 0 -1.38774
264 265 0.00290329 0 -1.1788 0 0 0 0 -1.1759
265 266 0.016568 0 0 0 0 0 0 0.016568
266 267 0.310821 0 0 0 0 0 0 0.310821
267 268 0.0197671 0 -1.05729 0 0 0 0 -1.03752
268 269 0.0483087 0 0 0 0 0 0 0.0483087
269 270 0.00113485 0 0 0 0 0 0 0.00113485
270 271 0.000546563 0 0 0 0 0 0 0.000546563
271 272 0.0100368 0 -1.16695 0 0 0 0 -1.15691
272 273 0.136068 0 -1.18171 0 0 0 0 -1.04564
273 274 0.109148 0 -1.28069 0 0 0 0 -1.17154
274 275 0.00501647 0 0 0 0 0 0 0.00501647
275 276 0.0186303 0 -1.27989 0 0 0 0 -1.26126
276 277 0.0205088 0 -1.27201 0 0 0 0 -1.2515
277 278 0.00253905 0 -1.03512 0 0 0 0 -1.03259
278 279 0.00321393 0 0 0 0 0 0 0.00321393
280 281 0.000805386 0 -1.3846 0 0 0 0 -1.38379
281 282 0.0274426 0 0 0 0 0 0 0.0274426
282 283 0.0519657 0 -1.25999 0 0 0 0 -1.20803
283 284 0.0297533 0 -1.37603 0 0 0 0 -1.34628
284 285 0.0105503 0 -1.3411 0 0 0 0 -1.33055
285 286 0.0512682 0 -1.24988 0 0 0 0 -1.19861
286 287 0.0665252 0 -0.766187 0 0 0 0 -0.699662
287 288 0.00727725 0 -1.23698 0 0 0 0 -1.2297
288 289 0.0114384 0 0 0 0 0 0 0.0114384
289 290 0.0625292 0 -0.980644 0 0 0 0 -0.918115
290 291 0.00547312 0 -1.14626 0 0 0 0 -1.14079
291 292 0.0100104 0 0 0 0 0 0 0.0100104
292 293 0.00850902 0 -1.33381 0 0 0 0 -1.3253
293 294 0.000308778 0 -1.05546 0 0 0 0 -1.05515
294 295 0.0582635 0 -0.788636 0 0 0 0 -0.730372
295 296 0.0954123 0 -1.2688 0 0 0 0 -1.17339
296 297 0.00979116 0 0 0 0 0 0 0.00979116
297 298 0.0388862 0 0 0 0 0 0 0.0388862
298 299 0.004849 0 -1.39813 0 0 0 0 -1.39328
300 301 0.00454044 0 0 0 0 0 0 0.00454044
301 302 0.0711902 0 -1.29278 0 0 0 0 -1.22159
302 303 0.00917587 0 0 0 0 0 0 0.00917587
303 304 0.0472345 0 0 0 0 0 0 0.0472345
304 305 0.024079 0 -0 0 0 0 0 0.024079
305 306 0.132021 0 -0.471326 0 0 0 0 -0.339305
306 307 0.10959 0 -1.20592 0 0 0 0 -1.09634
307 308 0.0300198 0 -0.966509 0 0 0 0 -0.936489
308 309 0.0738593 0 -1.18173 0 0 0 0 -1.10787
309 310 0.210683 0 -1.34008 0 0 0 0 -1.1294
310 311 0.0758328 0 0 0 0 0 0 0.0758328
311 312 0.0540725 0 -1.02709 0 0 0 0 -0.973016
312 313 0.172633 0 -0.889394 0 0 0 0 -0.71676
313 314 0.0871959 0 -1.30737 0 0 0 0 -1.22018
314 315 0.0703633 0 0 0 0 0 0 0.0703633
315 316 0.0169992 0 0 0 0 0 0 0.0169992
316 317 0.000257229 0 -1.38609 0 0 0 0 -1.38584
317 318 0.231623 0 -0.993953 0 0 0 0 -0.762331
318 319 0.500246 0 0 0 0 0 0 0.500246
320 321 0.0773133 0 -0.800458 0 0 0 0 -0.723145
321 322 0.0165345 0 0 0 0 0 0 0.0165345
322 323 0.040978 0 0 0 0 0 0 0.040978
323 324 7.93475e-06 0 -1.14879 0 0 0 0 -1.14878
324 325 0.203414 0 -1.37555 0 0 0 0 -1.17214
325 326 0.0375228 0 -0.746078 0 0 0 0 -0.708556
326 327 0.00152608 0 0 0 0 0 0 0.00152608
327 328 0.025205 0 0 0 0 0 0 0.025205
328 329 0.0295421 0 0 0 0 0 0 0.0295421
329 330 0.00383588 0 0 0 0 0 0 0.00383588
330 331 0.018719 0 0 0 0 0 0 0.018719
331 332 0.0774061 0 0 0 0 0 0 0.0774061
328 333 0 0 0 0 0 -0.00038448 -0 -0.00038448
332 333 5.40156e-06 0 -1.42478 0 0 0 0 -1.42477
328 334 0 0 0 0 0 -0.00703084 -0 -0.00703084
333 334 0.0373063 0 -0.872012 0 0 0 0 -0.834705
334 335 0.000189179 0 0 0 0 0 0 0.000189179
335 336 0.0398096 0 -1.04208 0 0 0 0 -1.00227
336 337 0.0460651 0 -1.37877 0 0 0 0 -1.33271
337 338 0.0162476 0 0 0 0 0 0 0.0162476
338 339 0.0991743 0 0 0 0 0 0 0.0991743
340 341 0.0012463 0 -1.37406 0 0 0 0 -1.37281
341 342 0.00119646 0 0 0 0 0 0 0.00119646
342 343 0.0165461 0 -0.760185 0 0 0 0 -0.743638
343 344 0.00111964 0 -1.136 0 0 0 0 -1.13488
344 345 0.000408088 0 -1.37276 0 0 0 0 -1.37235
345 346 0.0395405 0 0 0 0 0 0 0.0395405
346 347 0.00886531 0 0 0 0 0 0 0.00886531
347 348 0.00215127 0 -0 0 0 0 0 0.00215127
348 349 0.0392044 0 0 0 0 0 0 0.0392044
349 350 0.000918293 0 -1.19416 0 0 0 0 -1.19324
350 351 0.0143347 0 0 0 0 0 0 0.0143347
351 352 0.164112 0 0 0 0 0 0 0.164112
345 353 0 0 0 0 0 -0.0119625 -0 -0.0119625
352 353 0.0182807 0 0 0 0 0 0 0.0182807
353 354 0.00522859 0 -0.00256921 0 0 0 0 0.00265938
354 355 0.0283211 0 -1.32258 0 0 0 0 -1.29426
355 356 0.0584841 0 -0.953054 0 0 0 0 -0.89457
356 357 0.0718924 0 -0.971601 0 0 0 0 -0.899709
357 358 0.00061626 0 -1.362 0 0 0 0 -1.36138
358 359 0.00207008 0 -1.37915 0 0 0 0 -1.37708
360 361 0.0164767 0 -1.08481 0 0 0 0 -1.06833
361 362 0.027915 0 -1.15814 0 0 0 0 -1.13023
362 363 0.00510536 0 -1.18952 0 0 0 0 -1.18442
363 364 0.232027 0 0 0 0 0 0 0.232027
364 365 0.00180297 0 0 0 0 0 0 0.00180297
365 366 0.133432 0 0 0 0 0 0 0.133432
366 367 0.225181 0 -1.28481 0 0 0 0 -1.05963
367 368 0.308333 0 -1.40992 0 0 0 0 -1.10159
368 369 0.00578146 0 -1.03638 0 0 0 0 -1.0306
369 370 0.152372 0 -0.99455 0 0 0 0 -0.842178
370 371 0.0198444 0 -1.25746 0 0 0 0 -1.23762
371 372 0.0379641 0 -1.0729 0 0 0 0 -1.03493
372 373 0.0500062 0 -1.14795 0 0 0 0 -1.09794
373 374 0.115345 0 -1.24477 0 0 0 0 -1.12942
374 375 0.142415 0 0 0 0 0 0 0.142415
375 376 0.150947 0 -1.07329 0 0 0 0 -0.922338
376 377 0.0108371 0 0 0 0 0 0 0.0108371
377 378 0.00502112 0 -1.38885 0 0 0 0 -1.38383
378 379 0.00458632 0 0 0 0 0 0 0.00458632
380 381 0.0230697 0 -1.02005 0 0 0 0 -0.996979
381 382 0.00258828 0 -1.33455 0 0 0 0 -1.33196
382 383 0.0889685 0 -1.18886 0 0 0 0 -1.09989
383 384 0.0499303 0 0 0 0 0 0 0.0499303
384 385 0.0943247 0 0 0 0 0 0 0.0943247
385 386 0.0169454 0 0 0 0 0 0 0.0169454
386 387 0.141653 0 -1.13653 0 0 0 0 -0.994879
387 388 0.0741793 0 -0.862001 0 0 0 0 -0.787822
388 389 0.0208264 0 -0 0 0 0 0 0.0208264
389 390 0.0525521 0 -1.00253 0 0 0 0 -0.949973
390 391 0.00256531 0 -1.12649 0 0 0 0 -1.12393
391 392 0.0118387 0 -1.26477 0 0 0 0 -1.25293
392 393 0.0866653 0 0 0 0 0 0 0.0866653
393 394 0.144796 0 0 0 0 0 0 0.144796
394 395 0.00379263 0 -1.31794 0 0 0 0 -1.31415
395 396 0.0287452 0 0 0 0 0 0 0.0287452
396 397 0.117495 0 -0 0 0 0 0 0.117495
397 398 0.00326169 0 0 0 0 0 0 0.00326169
398 399 0.00302228 0 -1.22532 0 0 0 0 -1.2223
400 401 0.0262622 0 0 0 0 0 0 0.0262622
401 402 0.0185905 0 0 0 0 0 0 0.0185905
402 403 0.0148746 0 0 0 0 0 0 0.0148746
403 404 0.00976945 0 -1.05419 0 0 0 0 -1.04442
404 405 0.0139361 0 -0.987596 0 0 0 0 -0.97366
405 406 0.0048575 0 -1.39354 0 0 0 0 -1.38869
406 407 0.0222487 0 -0.902888 0 0 0 0 -0.88064
407 408 0.000223948 0 -0.694151 0 0 0 0 -0.693928
408 409 0.115973 0 -1.11605 0 0 0 0 -1.00008
409 410 0.266764 0 -1.32634 0 0 0 0 -1.05958
410 411 0.0891382 0 0 0 0 0 0 0.0891382
411 412 0.0213128 0 0 0 0 0 0 0.0213128
412 413 0.049206 0 -1.36417 0 0 0 0 -1.31496
413 414 0.0151365 0 -1.12362 0 0 0 0 -1.10848
414 415 0.0195243 0 -1.01938 0 0 0 0 -0.999859
415 416 5.16661e-05 0 -1.17548 0 0 0 0 -1.17543
416 417 0.00111734 0 -1.03775 0 0 0 0 -1.03663
417 418 0.0160761 0 0 0 0 0 0 0.0160761
418 419 0.00257181 0 0 0 0 0 0 0.00257181
420 421 0.001249 0 0 0 0 0 0 0.001249
421 422 0.00555021 0 -1.11747 0 0 0 0 -1.11192
422 423 0.103001 0 0 0 0 0 0 0.103001
423 424 0.0433206 0 -1.05206 0 0 0 0 -1.00874
424 425 0.0144392 0 -1.32379 0 0 0 0 -1.30935
425 426 0.070289 0 0 0 0 0 0 0.070289
426 427 0.14119 0 -0 0 0 0 0 0.14119
427 428 0.0561559 0 -1.40589 0 0 0 0 -1.34974
428 429 0.0718159 0 -1.19629 0 0 0 0 -1.12447
429 430 0.131179 0 0 0 0 0 0 0.131179
430 431 0.00952679 0 -1.12505 0 0 0 0 -1.11552
431 432 0.401874 0 -1.19475 0 0 0 0 -0.792878
432 433 0.01661 0 0 0 0 0 0 0.01661
433 434 0.0249707 0 0 0 0 0 0 0.0249707
434 435 0.055759 0 -1.25971 0 0 0 0 -1.20395
435 436 0.143345 0 0 0 0 0 0 0.143345
436 437 0.0776663 0 -1.23578 0 0 0 0 -1.15811
437 438 0.00600102 0 -0.467714 0 0 0 0 -0.461713
438 439 0.00850441 0 0 0 0 0 0 0.00850441
440 441 0.0444981 0 -0 0 0 0 0 0.0444981
441 442 0.0140474 0 -1.28983 0 0 0 0 -1.27578
442 443 0.000961079 0 -0.870259 0 0 0 0 -0.869298
443 444 0.0128133 0 -1.03768 0 0 0 0 -1.02487
444 445 0.00316817 0 -1.09169 0 0 0 0 -1.08853
445 446 0.097746 0 -1.34258 0 0 0 0 -1.24484
446 447 0.152328 0 -1.16155 0 0 0 0 -1.00922
447 448 0.0800426 0 0 0 0 0 0 0.0800426
448 449 0.0403821 0 0 0 0 0 0 0.0403821
449 450 0.00576791 0 0 0 0 0 0 0.00576791
450 451 0.012334 0 -0.778675 0 0 0 0 -0.766341
451 452 0.167413 0 -0.923189 0 0 0 0 -0.755776
452 453 0.0298208 0 0 0 0 0 0 0.0298208
453 454 0.00483229 0 -1.02117 0 0 0 0 -1.01634
454 455 0.0240289 0 0 0 0 0 0 0.0240289
455 456 0.025143 0 -1.25048 0 0 0 0 -1.22534
456 457 0.0741319 0 -1.17338 0 0 0 0 -1.09925
457 458 0.00432276 0 -0 0 0 0 0 0.00432276
458 459 0.0712208 0 -1.13448 0 0 0 0 -1.06326
460 461 0.128559 0 0 0 0 0 0 0.128559
461 462 0.0498364 0 0 0 0 0 0 0.0498364
462 463 0.0566896 0 -1.03311 0 0 0 0 -0.976419
463 464 0.0509454 0 -1.14012 0 0 0 0 -1.08917
464 465 0.0035236 0 -0.716201 0 0 0 0 -0.712677
465 466 0.00225294 0 -1.13545 0 0 0 0 -1.1332
466 467 0.00154772 0 0 0 0 0 0 0.00154772
467 468 7.71997e-05 0 -1.06817 0 0 0 0 -1.06809
468 469 0.0086255 0 0 0 0 0 0 0.0086255
469 470 0.0104193 0 0 0 0 0 0 0.0104193
470 471 0.115684 0 -1.27202 0 0 0 0 -1.15634
471 472 0.0156183 0 0 0 0 0 0 0.0156183
472 473 0.0010743 0 -1.32768 0 0 0 0 -1.32661
473 474 0.00842232 0 0 0 0 0 0 0.00842232
474 475 0.109422 0 -1.31059 0 0 0 0 -1.20116
475 476 0.665824 0 -1.2356 0 0 0 0 -0.569772
476 477 0.00474396 0 0 0 0 0 0 0.00474396
477 478 0.483423 0 -0.978721 0 0 0 0 -0.495298
478 479 0.108538 0 0 0 0 0 0 0.108538
480 481 0.0344593 0 0 0 0 0 0 0.0344593
481 482 0.00120892 0 -1.20713 0 0 0 0 -1.20592
482 483 0.0110808 0 -1.0691 0 0 0 0 -1.05802
483 484 0.0392282 0 -1.23098 0 0 0 0 -1.19176
484 485 0.0283915 0 0 0 0 0 0 0.0283915
485 486 0.00788408 0 -1.17865 0 0 0 0 -1.17077
486 487 0.0219939 0 -1.41824 0 0 0 0 -1.39625
487 488 0.0378841 0 -0.249577 0 0 0 0 -0.211693
488 489 0.0314149 0 -1.36448 0 0 0 0 -1.33306
489 490 0.0378146 0 -1.14617 0 0 0 0 -1.10836
490 491 0.00714655 0 -1.39224 0 0 0 0 -1.38509
491 492 0.0108974 0 0 0 0 0 0 0.0108974
492 493 0.0215928 0 -1.32952 0 0 0 0 -1.30793
493 494 0.000338222 0 -1.05924 0 0 0 0 -1.0589
494 495 0.00641864 0 0 0 0 0 0 0.00641864
495 496 0.0619956 0 0 0 0 0 0 0.0619956
496 497 0.0465895 0 -0.873421 0 0 0 0 -0.826831
497 498 0.0026472 0 -1.26068 0 0 0 0 -1.25804
498 499 0.00252018 0 -1.04605 0 0 0 0 -1.04353
500 501 0.00903768 0 0 0 0 0 0 0.00903768
501 502 0.00209368 0 -1.2213 0 0 0 0 -1.2192
502 503 0.106311 0 0 0 0 0 0 0.106311
503 504 0.0431461 0 -1.40287 0 0 0 0 -1.35972
504 505 0.0246182 0 -1.30212 0 0 0 0 -1.2775
505 506 0.0203965 0 -1.06523 0 0 0 0 -1.04484
506 507 0.00214344 0 -1.09413 0 0 0 0 -1.09199
507 508 0.0180442 0 0 0 0 0 0 0.0180442
508 509 0.0177495 0 -1.22214 0 0 0 0 -1.20439
509 510 0.0651551 0 -1.2588 0 0 0 0 -1.19364
510 511 0.000463514 0 -1.41354 0 0 0 0 -1.41308
511 512 0.0152347 0 -0 0 0 0 0 0.0152347
512 513 0.00558472 0 -1.26848 0 0 0 0 -1.2629
513 514 0.0438668 0 0 0 0 0 0 0.0438668
514 515 0.0160574 0 -1.19993 0 0 0 0 -1.18387
515 516 0.046153 0 -1.44119 0 0 0 0 -1.39504
516 517 0.138605 0 -0 0 0 0 0 0.138605
517 518 2.66702e-05 0 0 0 0 0 0 2.66702e-05
518 519 0.015946 0 -0.548344 0 0 0 0 -0.532398
520 521 0.165029 0 0 0 0 0 0 0.165029
521 522 0.000459959 0 0 0 0 0 0 0.000459959
522 523 0.00187861 0 0 0 0 0 0 0.00187861
523 524 0.0434519 0 0 0 0 0 0 0.0434519
524 525 0.288889 0 -1.38472 0 0 0 0 -1.09583
525 526 0.00652891 0 -1.12401 0 0 0 0 -1.11748
526 527 0.0638314 0 0 0 0 0 0 0.0638314
527 528 0.00995122 0 -1.41262 0 0 0 0 -1.40267
528 529 0.117377 0 0 0 0 0 0 0.117377
529 530 0.0451476 0 0 0 0 0 0 0.0451476
530 531 1.9151e-05 0 -0 0 0 0 0 1.9151e-05
531 532 0.287487 0 -0 0 0 0 0 0.287487
532 533 0.0106574 0 -1.26324 0 0 0 0 -1.25258
533 534 0.000356088 0 -1.38237 0 0 0 0 -1.38201
534 535 0.0925932 0 0 0 0 0 0 0.0925932
535 536 0.0120086 0 -0.921765 0 0 0 0 -0.909757
536 537 0.00848717 0 -0.869337 0 0 0 0 -0.860849
537 538 0.00617044 0 -0.333011 0 0 0 0 -0.32684
538 539 0.0347807 0 0 0 0 0 0 0.0347807
540 541 0.172719 0 0 0 0 0 0 0.172719
541 542 0.0636355 0 -0.923957 0 0 0 0 -0.860321
542 543 0.0270388 0 0 0 0 0 0 0.0270388
543 544 0.00246591 0 0 0 0 0 0 0.00246591
544 545 0.000162748 0 -0.503705 0 0 0 0 -0.503542
545 546 0.0967166 0 0 0 0 0 0 0.0967166
546 547 0.000952118 0 0 0 0 0 0 0.000952118
547 548 0.0472817 0 -1.21588 0 0 0 0 -1.1686
548 549 0.00397003 0 0 0 0 0 0 0.00397003
549 550 0.0737693 0 -1.40982 0 0 0 0 -1.33605
550 551 0.0440402 0 0 0 0 0 0 0.0440402
551 552 0.0264414 0 -1.12576 0 0 0 0 -1.09932
552 553 0.0111027 0 -1.38538 0 0 0 0 -1.37427
553 554 0.217964 0 0 0 0 0 0 0.217964
554 555 0.0192598 0 -1.31574 0 0 0 0 -1.29648
555 556 0.0401202 0 -1.42272 0 0 0 0 -1.3826
556 557 0.0220451 0 -1.18895 0 0 0 0 -1.1669
557 558 0.0194037 0 -1.18083 0 0 0 0 -1.16143
558 559 0.00951466 0 0 0 0 0 0 0.00951466
560 561 0.0532841 0 -1.27659 0 0 0 0 -1.22331
561 562 0.00380766 0 -1.27818 0 0 0 0 -1.27437
562 563 0.0187519 0 0 0 0 0 0 0.0187519
563 564 0.0934686 0 -1.23322 0 0 0 0 -1.13975
564 565 6.43734e-05 0 -1.23852 0 0 0 0 -1.23846
565 566 0.0110366 0 -0 0 0 0 0 0.0110366
566 567 0.0118316 0 -0.92785 0 0 0 0 -0.916019
567 568 0.0517732 0 -0.456187 0 0 0 0 -0.404414
567 569 0 0 0 0 0 -2.01151e-06 0 -2.01151e-06
568 569 0.00977951 0 -1.2663 0 0 0 0 -1.25652
569 570 0.239034 0 -1.15136 0 0 0 0 -0.91233
570 571 0.0128613 0 -0.696015 0 0 0 0 -0.683154
571 572 0.00831929 0 -0.816376 0 0 0 0 -0.808057
572 573 0.155496 0 -1.34666 0 0 0 0 -1.19117
573 574 0.000316925 0 -1.18639 0 0 0 0 -1.18607
574 575 0.00239519 0 -1.32174 0 0 0 0 -1.31935
575 576 0.0785797 0 -1.2123 0 0 0 0 -1.13372
576 577 0.00116134 0 -1.25698 0 0 0 0 -1.25582
577 578 0.00269879 0 -1.10609 0 0 0 0 -1.10339
578 579 0.0207037 0 -1.13955 0 0 0 0 -1.11885
580 581 0.00920385 0 -0.745239 0 0 0 0 -0.736035
581 582 0.0130552 0 0 0 0 0 0 0.0130552
582 583 0.000340936 0 -1.28832 0 0 0 0 -1.28797
583 584 0.0192695 0 0 0 0 0 0 0.0192695
584 585 0.389568 0 -1.17103 0 0 0 0 -0.781463
585 586 0.117635 0 -1.29735 0 0 0 0 -1.17971
586 587 0.215578 0 0 0 0 0 0 0.215578
587 588 0.00193927 0 -1.21199 0 0 0 0 -1.21005
588 589 0.00269902 0 0 0 0 0 0 0.00269902
589 590 0.023996 0 -1.21857 0 0 0 0 -1.19458
590 591 0.0557433 0 -1.04209 0 0 0 0 -0.986344
591 592 0.000550449 0 0 0 0 0 0 0.000550449
592 593 0.00421389 0 0 0 0 0 0 0.00421389
593 594 0.00492456 0 -1.10932 0 0 0 0 -1.10439
594 595 0.184742 0 -1.34908 0 0 0 0 -1.16434
595 596 0.148778 0 -1.35102 0 0 0 0 -1.20224
596 597 0.0172554 0 0 0 0 0 0 0.0172554
597 598 0.0313482 0 -1.10451 0 0 0 0 -1.07316
598 599 0.0340098 0 0 0 0 0 0 0.0340098
600 601 0.000596264 0 -0 0 0 0 0 0.000596264
601 602 0.00478558 0 0 0 0 0 0 0.00478558
602 603 0.00912973 0 -1.41133 0 0 0 0 -1.4022
603 604 0.018882 0 0 0 0 0 0 0.018882
604 605 0.00118619 0 0 0 0 0 0 0.00118619
605 606 0.21334 0 -1.04503 0 0 0 0 -0.831687
606 607 0.327961 0 -1.0691 0 0 0 0 -0.741143
607 608 0.0227431 0 -0.793651 0 0 0 0 -0.770908
608 609 0.00783762 0 -0.0198583 0 0 0 0 -0.0120206
609 610 0.0243339 0 0 0 0 0 0 0.0243339
610 611 0.00465415 0 0 0 0 0 0 0.00465415
611 612 0.022507 0 -1.21852 0 0 0 0 -1.19601
612 613 0.0855776 0 -1.21288 0 0 0 0 -1.1273
613 614 0.0226374 0 0 0 0 0 0 0.0226374
614 615 0.00331393 0 -0 0 0 0 0 0.00331393
615 616 0.000750653 0 0 0 0 0 0 0.000750653
616 617 0.0430481 0 0 0 0 0 0 0.0430481
617 618 0.00126611 0 0 0 0 0 0 0.00126611
618 619 0.00425282 0 -1.29036 0 0 0 0 -1.2861
620 621 0.000388318 0 -0.545241 0 0 0 0 -0.544853
621 622 0.017012 0 -1.14723 0 0 0 0 -1.13021
622 623 0.1043 0 -1.1148 0 0 0 0 -1.0105
623 624 0.00865853 0 0 0 0 0 0 0.00865853
624 625 0.117634 0 0 0 0 0 0 0.117634
625 626 0.241171 0 0 0 0 0 0 0.241171
626 627 0.0216352 0 0 0 0 0 0 0.0216352
627 628 0.0889033 0 0 0 0 0 0 0.0889033
628 629 0.0146766 0 -1.09364 0 0 0 0 -1.07896
629 630 0.0806824 0 0 0 0 0 0 0.0806824
630 631 0.00815964 0 -0.38142 0 0 0 0 -0.37326
631 632 0.0918972 0 -1.34033 0 0 0 0 -1.24843
632 633 0.00728731 0 -1.27629 0 0 0 0 -1.26901
633 634 0.012023 0 0 0 0 0 0 0.012023
634 635 0.106586 0 -1.29102 0 0 0 0 -1.18444
635 636 0.04693 0 -1.35605 0 0 0 0 -1.30912
636 637 0.000295168 0 -1.42622 0 0 0 0 -1.42592
637 638 0.180211 0 0 0 0 0 0 0.180211
638 639 0.132488 0 -1.31462 0 0 0 0 -1.18213
640 641 0.236053 0 -0.718926 0 0 0 0 -0.482873
641 642 0.0125391 0 0 0 0 0 0 0.0125391
642 643 0.0452772 0 -1.0552 0 0 0 0 -1.00993
643 644 0.00496093 0 -1.13111 0 0 0 0 -1.12615
644 645 0.0185765 0 0 0 0 0 0 0.0185765
645 646 0.0378069 0 -0 0 0 0 0 0.0378069
646 647 0.180331 0 0 0 0 0 0 0.180331
647 648 0.00622592 0 -0.267253 0 0 0 0 -0.261027
647 649 0 0 0 0.00745472 0 0 0 0.00745472
648 649 0.000399335 0 -0.45927 0 0 0 0 -0.45887
649 650 0.0931042 0 -0.956726 0 0 0 0 -0.863622
650 651 0.142422 0 -1.08019 0 0 0 0 -0.937763
651 652 0.0433686 0 0 0 0 0 0 0.0433686
652 653 0.0244339 0 0 0 0 0 0 0.0244339
653 654 0.00848793 0 0 0 0 0 0 0.00848793
654 655 0.0445294 0 -1.22642 0 0 0 0 -1.18189
655 656 0.0962478 0 -1.23957 0 0 0 0 -1.14333
656 657 0.0170361 0 0 0 0 0 0 0.0170361
657 658 0.00256493 0 0 0 0 0 0 0.00256493
658 659 0.0268014 0 -1.15397 0 0 0 0 -1.12717
660 661 0.11308 0 -1.2252 0 0 0 0 -1.11212
661 662 0.00576282 0 -1.12556 0 0 0 0 -1.11979
662 663 0.0239663 0 0 0 0 0 0 0.0239663
663 664 0.0134185 0 -0.954956 0 0 0 0 -0.941538
664 665 5.83493e-05 0 -1.21681 0 0 0 0 -1.21675
665 666 0.00138132 0 -1.40923 0 0 0 0 -1.40785
666 667 0.0882948 0 -1.35997 0 0 0 0 -1.27167
667 668 0.259445 0 -0.799497 0 0 0 0 -0.540052
668 669 0.00270232 0 -1.03163 0 0 0 0 -1.02892
669 670 0.101936 0 0 0 0 0 0 0.101936
670 671 0.238995 0 -1.36854 0 0 0 0 -1.12954
671 672 0.0513301 0 -0.764691 0 0 0 0 -0.713361
672 673 3.91611e-06 0 0 0 0 0 0 3.91611e-06
673 674 0.0818696 0 -0 0 0 0 0 0.0818696
674 675 0.0351704 0 0 0 0 0 0 0.0351704
675 676 0.0119912 0 -1.28043 0 0 0 0 -1.26844
676 677 0.0128951 0 0 0 0 0 0 0.0128951
677 678 0.0242868 0 -0.843661 0 0 0 0 -0.819374
678 679 0.0567026 0 -0.995405 0 0 0 0 -0.938703
680 681 0.0011513 0 0 0 0 0 0 0.0011513
681 682 0.0265656 0 -1.40039 0 0 0 0 -1.37383
682 683 0.00101137 0 0 0 0 0 0 0.00101137
683 684 0.0155658 0 0 0 0 0 0 0.0155658
684 685 0.000120249 0 0 0 0 0 0 0.000120249
685 686 0.0478347 0 0 0 0 0 0 0.0478347
686 687 0.0872689 0 -0 0 0 0 0 0.0872689
687 688 0.152725 0 -1.24086 0 0 0 0 -1.08813
688 689 0.0285071 0 0 0 0 0 0 0.0285071
689 690 0.00978364 0 0 0 0 0 0 0.00978364
690 691 0.0925627 0 -1.21019 0 0 0 0 -1.11763
691 692 0.0150384 0 0 0 0 0 0 0.0150384
692 693 0.0210984 0 0 0 0 0 0 0.0210984
693 694 0.0171364 0 -1.40243 0 0 0 0 -1.3853
694 695 0.0614239 0 0 0 0 0 0 0.0614239
695 696 0.0280816 0 -1.38498 0 0 0 0 -1.35689
696 697 0.233292 0 0 0 0 0 0 0.233292
697 698 0.0165453 0 0 0 0 0 0 0.0165453
698 699 0.044105 0 0 0 0 0 0 0.044105
700 701 0.00019173 0 0 0 0 0 0 0.00019173
701 702 0.0218898 0 0 0 0 0 0 0.0218898
702 703 0.00102195 0 -1.17239 0 0 0 0 -1.17137
703 704 0.00222217 0 0 0 0 0 0 0.00222217
704 705 0.00317424 0 0 0 0 0 0 0.00317424
705 706 6.99629e-07 0 -1.26834 0 0 0 0 -1.26834
706 707 0.00809801 0 -1.27024 0 0 0 0 -1.26214
707 708 0.103288 0 0 0 0 0 0 0.103288
708 709 0.000583612 0 -1.04923 0 0 0 0 -1.04865
709 710 0.0155451 0 0 0 0 0 0 0.0155451
710 711 0.0382673 0 0 0 0 0 0 0.0382673
711 712 0.257014 0 0 0 0 0 0 0.257014
712 713 0.0186166 0 -1.06384 0 0 0 0 -1.04522
713 714 0.00012259 0 -1.41043 0 0 0 0 -1.41031
713 715 0 0 0 0.0127386 0 0 0 0.0127386
714 715 0.144131 0 -0 0 0 0 0 0.144131
715 716 0.0726731 0 0 0 0 0 0 0.0726731
716 717 0.0547428 0 -0 0 0 0 0 0.0547428
717 718 0.0829935 0 -1.21065 0 0 0 0 -1.12766
716 719 0 0 0 0 0 -0.0082046 0 -0.0082046
718 719 0.000774011 0 -1.11602 0 0 0 0 -1.11524
720 721 0.214387 0 -0 0 0 0 0 0.214387
721 722 0.0408809 0 0 0 0 0 0 0.0408809
722 723 0.00251014 0 0 0 0 0 0 0.00251014
723 724 0.000626281 0 0 0 0 0 0 0.000626281
724 725 0.0623528 0 -1.11392 0 0 0 0 -1.05157
725 726 0.0439161 0 -1.35434 0 0 0 0 -1.31043
726 727 0.00705534 0 -0.972539 0 0 0 0 -0.965483
727 728 0.0318965 0 -1.29801 0 0 0 0 -1.26611
728 729 0.0102452 0 -0.757603 0 0 0 0 -0.747358
729 730 2.85793e-05 0 -1.25766 0 0 0 0 -1.25763
730 731 0.119262 0 -0.982913 0 0 0 0 -0.863651
731 732 0.140486 0 -1.28897 0 0 0 0 -1.14849
732 733 0.207135 0 0 0 0 0 0 0.207135
733 734 0.149934 0 -1.20817 0 0 0 0 -1.05823
734 735 0.00576081 0 -1.03879 0 0 0 0 -1.03303
735 736 0.00447193 0 -0.953176 0 0 0 0 -0.948705
736 737 0.094785 0 -0.856083 0 0 0 0 -0.761298
737 738 9.94427e-05 0 -1.15973 0 0 0 0 -1.15963
738 739 0.05076 0 0 0 0 0 0 0.05076
740 741 0.149087 0 0 0 0 0 0 0.149087
741 742 0.0335943 0 0 0 0 0 0 0.0335943
742 743 0.0385282 0 0 0 0 0 0 0.0385282
743 744 0.0872108 0 -1.21676 0 0 0 0 -1.12955
744 745 0.0993197 0 -1.2576 0 0 0 0 -1.15828
745 746 0.134824 0 0 0 0 0 0 0.134824
746 747 0.0192053 0 -1.23122 0 0 0 0 -1.21201
747 748 0.000151987 0 0 0 0 0 0 0.000151987
748 749 0.0442852 0 -1.40988 0 0 0 0 -1.36559
749 750 0.00252893 0 0 0 0 0 0 0.00252893
750 751 0.00593844 0 -0 0 0 0 0 0.00593844
751 752 0.147322 0 0 0 0 0 0 0.147322
752 753 0.0211642 0 -0 0 0 0 0 0.0211642
753 754 0.194609 0 0 0 0 0 0 0.194609
754 755 0.0226532 0 -1.24254 0 0 0 0 -1.21989
755 756 0.201144 0 0 0 0 0 0 0.201144
756 757 0.00466445 0 -1.13942 0 0 0 0 -1.13475
757 758 0.00168425 0 -1.22821 0 0 0 0 -1.22652
758 759 0.0112239 0 0 0 0 0 0 0.0112239
760 761 0.0174856 0 0 0 0 0 0 0.0174856
761 762 0.0563808 0 -0.87663 0 0 0 0 -0.820249
762 763 0.0073459 0 -1.02333 0 0 0 0 -1.01599
763 764 0.0568972 0 -0.885268 0 0 0 0 -0.828371
764 765 0.139057 0 -1.38849 0 0 0 0 -1.24943
765 766 0.0169527 0 -0 0 0 0 0 0.0169527
766 767 0.0176639 0 -0.875147 0 0 0 0 -0.857483
767 768 0.00319701 0 -1.3192 0 0 0 0 -1.316
768 769 0.000370113 0 0 0 0 0 0 0.000370113
769 770 0.0315158 0 -1.05072 0 0 0 0 -1.01921
770 771 0.044948 0 -0.978618 0 0 0 0 -0.93367
771 772 0.00121397 0 -1.33505 0 0 0 0 -1.33384
772 773 0.106158 0 0 0 0 0 0 0.106158
773 774 0.00129641 0 0 0 0 0 0 0.00129641
774 775 0.0272049 0 -1.0821 0 0 0 0 -1.0549
775 776 0.0232143 0 -1.28812 0 0 0 0 -1.26491
776 777 0.128301 0 -1.29704 0 0 0 0 -1.16874
777 778 0.028737 0 -0.9576 0 0 0 0 -0.928863
778 779 0.00730822 0 -1.07689 0 0 0 0 -1.06958
780 781 0.163094 0 0 0 0 0 0 0.163094
781 782 0.0290834 0 -1.08992 0 0 0 0 -1.06084
782 783 0.164162 0 -1.35262 0 0 0 0 -1.18845
783 784 0.0448422 0 -0.88155 0 0 0 0 -0.836708
784 785 0.167838 0 -1.13754 0 0 0 0 -0.969702
785 786 0.030567 0 -1.04937 0 0 0 0 -1.0188
786 787 0.00164586 0 0 0 0 0 0 0.00164586
787 788 0.0248046 0 0 0 0 0 0 0.0248046
788 789 0.0037228 0 -1.19006 0 0 0 0 -1.18634
789 790 0.0751581 0 0 0 0 0 0 0.0751581
790 791 0.00113745 0 -1.38328 0 0 0 0 -1.38214
791 792 0.0811394 0 -0.0337697 0 0 0 0 0.0473697
792 793 0.023025 0 -0 0 0 0 0 0.023025
793 794 0.0652835 0.0623382 0 0 0 0 0 0.127622
794 795 0.0218677 0 -1.41891 0 0 0 0 -1.39704
795 796 0.0315714 0 0 0 0 0 0 0.0315714
796 797 0.0137962 0 -0.749216 0 0 0 0 -0.73542
797 798 0.0301609 0 -1.37689 0 0 0 0 -1.34673
798 799 0.00337188 0 -1.39586 0 0 0 0 -1.39249
800 801 0.0249156 0 0 0 0 0 0 0.0249156
801 802 0.115025 0 0 0 0 0 0 0.115025
802 803 0.037104 0 -0 0 0 0 0 0.037104
803 804 0.00148009 0 0 0 0 0 0 0.00148009
804 805 0.166928 0 -1.2786 0 0 0 0 -1.11167
805 806 0.00926475 0 -0.737242 0 0 0 0 -0.727977
806 807 0.000912131 0 -1.23318 0 0 0 0 -1.23226
807 808 0.0510025 0 -1.22149 0 0 0 0 -1.17049
808 809 0.000787431 0 0 0 0 0 0 0.000787431
809 810 0.0808283 0 -0.943184 0 0 0 0 -0.862356
810 811 0.0122363 0 -1.44715 0 0 0 0 -1.43492
811 812 0.0128938 0 -0 0 0 0 0 0.0128938
812 813 0.00890253 0 0 0 0 0 0 0.00890253
813 814 0.048545 0 0 0 0 0 0 0.048545
814 815 0.247253 0 -1.36966 0 0 0 0 -1.1224
815 816 3.19012e-05 0 -0 0 0 0 0 3.19012e-05
816 817 0.0445184 0 -1.00974 0 0 0 0 -0.965226
817 818 0.262538 0 -1.01401 0 0 0 0 -0.751471
818 819 0.0560911 0 0 0 0 0 0 0.0560911
820 821 0.0161009 0 0 0 0 0 0 0.0161009
821 822 0.0137667 0 0 0 0 0 0 0.0137667
822 823 0.000519955 0 -1.22711 0 0 0 0 -1.22659
823 824 0.00227402 0 0 0 0 0 0 0.00227402
824 825 0.00706067 0 -1.30248 0 0 0 0 -1.29542
825 826 0.0542559 0 -1.23318 0 0 0 0 -1.17893
826 827 0.0364704 0 -1.39905 0 0 0 0 -1.36258
827 828 0.0170994 0 -0.581461 0 0 0 0 -0.564362
828 829 0.0636721 0 -1.26606 0 0 0 0 -1.20239
829 830 0.000302139 0 -1.39107 0 0 0 0 -1.39077
830 831 0.0322911 0 0 0 0 0 0 0.0322911
830 832 0 0 0 0 0 0 -0.505372 -0.505372
831 832 8.74842e-06 0 0 0 0 0 0 8.74842e-06
832 833 0.00394105 0 -1.27035 0 0 0 0 -1.26641
833 834 0.00547748 0 -1.26432 0 0 0 0 -1.25884
834 835 0.0238548 0 -1.31638 0 0 0 0 -1.29252
835 836 0.0642694 0 -1.29702 0 0 0 0 -1.23275
836 837 0.00906375 0 -1.25701 0 0 0 0 -1.24795
837 838 0.165958 0 -1.18366 0 0 0 0 -1.0177
838 839 0.0103444 0 0 0 0 0 0 0.0103444
840 841 0.0330755 0 0 0 0 0 0 0.0330755
841 842 0.231768 0 -0.589607 0 0 0 0 -0.357839
842 843 0.202872 0 0 0 0 0 0 0.202872
843 844 0.138948 0 -1.34725 0 0 0 0 -1.20831
844 845 0.178613 0 -1.01208 0 0 0 0 -0.833465
845 846 0.0314708 0 -0.927906 0 0 0 0 -0.896435
846 847 0.0330697 0 -1.19316 0 0 0 0 -1.16009
847 848 0.117952 0 -1.33115 0 0 0 0 -1.21319
848 849 0.000915887 0 -0 0 0 0 0 0.000915887
849 850 0.0335245 0 -0.795089 0 0 0 0 -0.761564
848 851 0 0 0 0 0 -0.000702827 -0 -0.000702827
847 851 0 0 0 0 0 -0.149416 0 -0.149416
850 851 0.00475333 0 -0.949237 0 0 0 0 -0.944484
848 852 0 0 0 0 0 -0.209181 0 -0.209181
847 852 0 0 0 0 -0.684232 0 -0 -0.684232
846 852 0 0 0 0 -1.35327e-27 -0.10503 0 -0.10503
851 852 0.00332246 0 -1.31917 0 0 0 0 -1.31585
847 853 0 0 0 0 -0 -0.139678 0 -0.139678
846 853 0 0 0 0 -0.666285 0 -0 -0.666285
845 853 0 0 0 0 0 -0.196785 0 -0.196785
852 853 0.00958634 0 -1.04407 0 0 0 0 -1.03448
846 854 0 0 0 0 0 -0.112717 -0 -0.112717
845 854 0 0 0 0 -0.791206 0 -0 -0.791206
844 854 0 0 0 0 -2.13873e-28 -0.159166 0 -0.159166
853 854 0.0328209 0 -1.08034 0 0 0 0 -1.04752
845 855 0 0 0 0 -0 -0.127855 0 -0.127855
844 855 0 0 0 0 -0.873732 0 -0 -0.873732
843 855 0 0 0 0 0 -0.184732 0 -0.184732
854 855 0.0114682 0 -1.26335 0 0 0 0 -1.25188
844 856 0 0 0 0 0 -0.171419 0 -0.171419
843 856 0 0 0 0 -0.00484028 0 -0 -0.00484028
855 856 0.00920598 0 -1.37444 0 0 0 0 -1.36523
843 857 0 0 0 0 -0 -0.0038096 0 -0.0038096
856 857 0.0358176 0 -1.25274 0 0 0 0 -1.21692
857 858 0.0118366 0 -1.21842 0 0 0 0 -1.20658
858 859 0.124456 0 -0.748457 0 0 0 0 -0.624001
860 861 0.00408928 0 0 0 0 0 0 0.00408928
861 862 0.0170537 0 0 0 0 0 0 0.0170537
862 863 0.144121 0 -1.32227 0 0 0 0 -1.17814
863 864 0.0444356 0 -1.33648 0 0 0 0 -1.29205
864 865 0.0179685 0 -1.17039 0 0 0 0 -1.15242
865 866 0.0700857 0 -1.28734 0 0 0 0 -1.21726
866 867 0.00861746 0 -0.750629 0 0 0 0 -0.742012
867 868 0.00188717 0 -0.907004 0 0 0 0 -0.905117
868 869 0.0710205 0 -0 0 0 0 0 0.0710205
869 870 0.04524 0 -0.21077 0 0 0 0 -0.16553
867 871 0 0 0 0 0 -0.00210617 0 -0.00210617
868 871 0 0 0 0 0 -0.000959177 -0 -0.000959177
870 871 0.448947 0 -1.31419 0 0 0 0 -0.865239
867 872 0 0 0 0 -0.674146 -4.386e-27 -0 -0.674146
866 872 0 0 0 0 -1.94716e-29 -0.134978 0 -0.134978
868 872 0 0 0 0 0 -0.0235043 -0 -0.0235043
871 872 0.0546615 0 -1.36904 0 0 0 0 -1.31438
867 873 0 0 0 0 -0 -0.153822 0 -0.153822
866 873 0 0 0 0 -0.694566 0 -0 -0.694566
865 873 0 0 0 0 0 -0.153793 -0 -0.153793
872 873 0.000361343 0 -1.31158 0 0 0 0 -1.31122
866 874 0 0 0 0 0 -0.145742 0 -0.145742
865 874 0 0 0 0 -0.735348 0 -0 -0.735348
864 874 0 0 0 0 -4.75586e-29 -0.162315 0 -0.162315
873 874 0.0697181 0 -0.991298 0 0 0 0 -0.92158
865 875 0 0 0 0 -0 -0.137641 0 -0.137641
864 875 0 0 0 0 -0.626925 0 -0 -0.626925
863 875 0 0 0 0 0 -0.103787 -0 -0.103787
874 875 0.000628851 0 -1.27223 0 0 0 0 -1.2716
864 876 0 0 0 0 0 -0.183582 0 -0.183582
863 876 0 0 0 0 -0.514488 0 -0 -0.514488
862 876 0 0 0 0 0 -0.126861 0 -0.126861
875 876 0.00202288 0 -0.965591 0 0 0 0 -0.963568
863 877 0 0 0 0 -0 -0.152924 0 -0.152924
862 877 0 0 0 0 0 -0.00706648 -0 -0.00706648
876 877 0.000941499 0 -1.31195 0 0 0 0 -1.31101
877 878 0.129936 0 -1.35262 0 0 0 0 -1.22269
878 879 0.234134 0 -1.20546 0 0 0 0 -0.971325
880 881 0.0058836 0 -1.418 0 0 0 0 -1.41212
881 882 0.000560837 0 -1.16524 0 0 0 0 -1.16468
882 883 0.0821223 0 0 0 0 0 0 0.0821223
883 884 0.000657275 0 -0.884855 0 0 0 0 -0.884198
884 885 0.00110172 0 -1.33833 0 0 0 0 -1.33723
885 886 0.0306935 0 -1.22615 0 0 0 0 -1.19546
886 887 0.0130958 0 -1.14224 0 0 0 0 -1.12914
887 888 0.0282127 0 0 0 0 0 0 0.0282127
888 889 0.346954 0 -1.32531 0 0 0 0 -0.978356
889 890 0.0311248 0 -1.08514 0 0 0 0 -1.05402
890 891 0.0019782 0 -1.28051 0 0 0 0 -1.27853
886 892 0 0 0 0 -1.36786e-27 -0.123051 0 -0.123051
887 892 0 0 0 0 -0.546844 -1.52026e-11 -0 -0.546844
891 892 0.00133565 0 -1.10451 0 0 0 0 -1.10317
886 893 0 0 0 0 -0.701928 0 -0 -0.701928
885 893 0 0 0 0 0 -0.124324 0 -0.124324
887 893 0 0 0 0 -0 -0.125675 0 -0.125675
892 893 0.00111488 0 -0.84823 0 0 0 0 -0.847115
886 894 0 0 0 0 0 -0.030864 -0 -0.030864
885 894 0 0 0 0 -0.759311 0 -0 -0.759311
884 894 0 0 0 0 -0 -0.151742 0 -0.151742
893 894 0.169628 0 -0.873472 0 0 0 0 -0.703844
885 895 0 0 0 0 -0 -0.118857 -0 -0.118857
884 895 0 0 0 0 -0.756025 0 -0 -0.756025
883 895 0 0 0 0 0 -0.182009 0 -0.182009
894 895 0.0207125 0 -1.13588 0 0 0 0 -1.11517
884 896 0 0 0 0 0 -0.102709 -0 -0.102709
883 896 0 0 0 0 -0.268121 0 -0 -0.268121
895 896 0.390673 0 -1.43677 0 0 0 0 -1.0461
883 897 0 0 0 0 -0 -0.0722324 0 -0.0722324
896 897 0.0250669 0 -1.42786 0 0 0 0 -1.40279
897 898 0.090573 0 -1.23047 0 0 0 0 -1.1399
898 899 0.0175862 0 -1.06575 0 0 0 0 -1.04816
900 901 0.163459 0 -1.30171 0 0 0 0 -1.13826
901 902 0.212633 0 0 0 0 0 0 0.212633
902 903 0.107272 0 -1.24208 0 0 0 0 -1.13481
902 904 0 0 0 0.000152572 0 0 0 0.000152572
903 904 0.0189225 0 0 0 0 0 0 0.0189225
904 905 0.146318 0 -0.086536 0 0 0 0 0.059782
905 906 0.054265 0 0 0 0 0 0 0.054265
906 907 0.00107915 0 0 0 0 0 0 0.00107915
907 908 0.0506809 0 -0.949986 0 0 0 0 -0.899305
908 909 0.0763293 0 0 0 0 0 0 0.0763293
909 910 0.193556 0 -1.35182 0 0 0 0 -1.15826
910 911 0.00790483 0 -1.16389 0 0 0 0 -1.15598
911 912 0.00255451 0 -1.05642 0 0 0 0 -1.05386
912 913 1.61464e-05 0 0 0 0 0 0 1.61464e-05
913 914 0.00241314 0 0 0 0 0 0 0.00241314
914 915 0.00743929 0 -1.22246 0 0 0 0 -1.21502
915 916 0.130375 0 0 0 0 0 0 0.130375
916 917 0.02478 0 0 0 0 0 0 0.02478
917 918 0.0631482 0 -1.16493 0 0 0 0 -1.10178
918 919 0.0293109 0 -1.26595 0 0 0 0 -1.23664
920 921 0.0807573 0 -1.18056 0 0 0 0 -1.0998
921 922 0.0019391 0 -1.23937 0 0 0 0 -1.23743
922 923 0.0584947 0 -1.00678 0 0 0 0 -0.948289
923 924 0.053986 0 -1.2377 0 0 0 0 -1.18371
924 925 0.0153976 0 0 0 0 0 0 0.0153976
925 926 0.000494166 0 -1.35277 0 0 0 0 -1.35228
926 927 0.012186 0 -1.00074 0 0 0 0 -0.988554
927 928 0.115043 0 0 0 0 0 0 0.115043
928 929 0.00980964 0 -1.37398 0 0 0 0 -1.36417
929 930 0.0254371 0 -1.39098 0 0 0 0 -1.36554
930 931 0.0336075 0 -1.12509 0 0 0 0 -1.09148
931 932 0.015004 0 -1.08817 0 0 0 0 -1.07316
932 933 0.00862025 0 -1.00858 0 0 0 0 -0.999956
933 934 0.0427965 0 -1.14754 0 0 0 0 -1.10474
934 935 0.000193947 0 0 0 0 0 0 0.000193947
935 936 0.117365 0 0 0 0 0 0 0.117365
936 937 0.007439 0 -1.19979 0 0 0 0 -1.19235
937 938 0.000132252 0 0 0 0 0 0 0.000132252
938 939 0.00205444 0 -0.943609 0 0 0 0 -0.941554
940 941 0.0177273 0 0 0 0 0 0 0.0177273
941 942 0.0403242 0 -1.07556 0 0 0 0 -1.03523
942 943 0.046635 0 -1.41605 0 0 0 0 -1.36942
943 944 0.0432701 0 0 0 0 0 0 0.0432701
944 945 0.0209551 0 -0.958669 0 0 0 0 -0.937714
945 946 0.0209187 0 0 0 0 0 0 0.0209187
946 947 0.0117419 0 0 0 0 0 0 0.0117419
947 948 0.00306326 0 -1.19946 0 0 0 0 -1.19639
948 949 0.0890568 0 -1.27601 0 0 0 0 -1.18695
949 950 0.00216996 0 -1.17039 0 0 0 0 -1.16822
950 951 0.166906 0 0 0 0 0 0 0.166906
951 952 0.00031025 0 0 0 0 0 0 0.00031025
952 953 3.78086e-05 0 -0.983671 0 0 0 0 -0.983633
953 954 0.108159 0 0 0 0 0 0 0.108159
954 955 0.0230387 0 -1.24207 0 0 0 0 -1.21903
955 956 0.00395517 0 -1.04152 0 0 0 0 -1.03757
956 957 0.00980947 0 -1.40631 0 0 0 0 -1.3965
957 958 0.0198571 0 -0.942551 0 0 0 0 -0.922694
958 959 0.123281 0 0 0 0 0 0 0.123281
960 961 0.112863 0 -0.969045 0 0 0 0 -0.856182
961 962 0.0119487 0 -1.27373 0 0 0 0 -1.26178
962 963 0.141526 0 0 0 0 0 0 0.141526
963 964 0.0879722 0 -0.936072 0 0 0 0 -0.8481
964 965 0.0373469 0 -1.11072 0 0 0 0 -1.07337
965 966 1.99201e-05 0 0 0 0 0 0 1.99201e-05
966 967 0.208561 0 -0.961045 0 0 0 0 -0.752485
967 968 0.0534413 0 -1.25074 0 0 0 0 -1.1973
968 969 0.00798877 0 -1.08678 0 0 0 0 -1.07879
969 970 0.0167311 0 0 0 0 0 0 0.0167311
970 971 0.112293 0 0 0 0 0 0 0.112293
971 972 0.0381118 0 0 0 0 0 0 0.0381118
972 973 0.00339635 0 -1.1981 0 0 0 0 -1.1947
973 974 0.0586057 0 0 0 0 0 0 0.0586057
974 975 0.00171398 0 -1.14375 0 0 0 0 -1.14204
975 976 0.0706234 0 0 0 0 0 0 0.0706234
976 977 0.00264557 0 -1.00977 0 0 0 0 -1.00713
977 978 0.0192175 0 0 0 0 0 0 0.0192175
978 979 0.0205876 0 0 0 0 0 0 0.0205876
980 981 0.0172456 0 -1.17764 0 0 0 0 -1.1604
981 982 0.0438722 0 -1.29496 0 0 0 0 -1.25108
982 983 0.0990204 0 -0.932258 0 0 0 0 -0.833238
983 984 0.0602891 0 -1.20085 0 0 0 0 -1.14056
984 985 0.00843174 0 -1.30682 0 0 0 0 -1.29839
985 986 0.00477206 0 -1.07065 0 0 0 0 -1.06588
986 987 0.0499486 0 0 0 0 0 0 0.0499486
987 988 0.0911889 0 -1.11752 0 0 0 0 -1.02633
988 989 0.0353001 0 -1.25167 0 0 0 0 -1.21637
989 990 0.0308885 0 -0 0 0 0 0 0.0308885
990 991 0.121567 0 -0.955552 0 0 0 0 -0.833985
991 992 0.00117678 0 -1.08596 0 0 0 0 -1.08478
992 993 0.0646972 0 -1.07803 0 0 0 0 -1.01333
993 994 0.0493606 0 -1.41267 0 0 0 0 -1.36331
994 995 0.0163114 0 0 0 0 0 0 0.0163114
995 996 3.08588e-06 0 -1.33723 0 0 0 0 -1.33723
996 997 0.0037815 0 -0.901518 0 0 0 0 -0.897737
997 998 0.166802 0 0 0 0 0 0 0.166802
998 999 0.0285772 0 -0.000684359 0 0 0 0 0.0278928
1000 1001 0.038752 0 0 0 0 0 0 0.038752
1001 1002 0.0598649 0 -1.14169 0 0 0 0 -1.08182
1002 1003 0.0579656 0 -1.20638 0 0 0 0 -1.14841
1003 1004 0.195228 0 -0.931833 0 0 0 0 -0.736605
1004 1005 0.0720022 0 0 0 0 0 0 0.0720022
1005 1006 0.00376117 0 -1.05574 0 0 0 0 -1.05198
1006 1007 0.01661 0 -1.42604 0 0 0 0 -1.40943
1007 1008 0.0504415 0 0 0 0 0 0 0.0504415
1008 1009 0.00134009 0 -1.31122 0 0 0 0 -1.30988
1009 1010 0.0829476 0 -1.01449 0 0 0 0 -0.931544
1009 1011 0 0 0 0.029719 0 0 0 0.029719
1010 1011 0.122808 0 0 0 0 0 0 0.122808
1011 1012 0.190469 0 0 0 0 0 0 0.190469
1012 1013 0.17678 0 -1.36621 0 0 0 0 -1.18943
1013 1014 0.045478 0 0 0 0 0 0 0.045478
1014 1015 0.028571 0 -0.00127103 0 0 0 0 0.0273
1015 1016 0.0247655 0 -1.09765 0 0 0 0 -1.07288
1016 1017 0.343938 0 0 0 0 0 0 0.343938
1017 1018 0.0238524 0 0 0 0 0 0 0.0238524
1018 1019 0.00714983 0 -1.03897 0 0 0 0 -1.03182
1020 1021 0.00860591 0 -1.15575 0 0 0 0 -1.14714
1021 1022 0.0188763 0 -1.16506 0 0 0 0 -1.14619
1022 1023 0.0126279 0 0 0 0 0 0 0.0126279
1023 1024 2.6671e-05 0 -1.05686 0 0 0 0 -1.05683
1024 1025 0.280978 0 0 0 0 0 0 0.280978
1025 1026 0.00427979 0 -0.953769 0 0 0 0 -0.949489
1026 1027 4.23361e-06 0 -1.2802 0 0 0 0 -1.28019
1027 1028 0.0524118 0 -0.87825 0 0 0 0 -0.825839
1028 1029 0.015938 0 -1.30896 0 0 0 0 -1.29302
1029 1030 0.00398836 0 -1.08416 0 0 0 0 -1.08017
1030 1031 0.0502413 0 0 0 0 0 0 0.0502413
1031 1032 0.145193 0 -0.532879 0 0 0 0 -0.387686
1032 1033 0.0129667 0 -1.37266 0 0 0 0 -1.35969
1033 1034 0.169529 0 0 0 0 0 0 0.169529
1034 1035 0.0798711 0 -1.14852 0 0 0 0 -1.06865
1035 1036 0.0105019 0 0 0 0 0 0 0.0105019
1036 1037 0.282154 0 0 0 0 0 0 0.282154
1037 1038 0.00647605 0 -1.15338 0 0 0 0 -1.1469
1038 1039 0.0618724 0 -0 0 0 0 0 0.0618724
1040 1041 0.107744 0 0 0 0 0 0 0.107744
1041 1042 0.132109 0 -1.35866 0 0 0 0 -1.22655
1042 1043 0.00753492 0 -0 0 0 0 0 0.00753492
1043 1044 0.00428593 0 -1.26772 0 0 0 0 -1.26343
1044 1045 0.0599267 0 -1.39789 0 0 0 0 -1.33796
1045 1046 0.0727609 0 -0 0 0 0 0 0.0727609
1046 1047 0.306834 0 -0.918257 0 0 0 0 -0.611423
1047 1048 2.53827e-05 0 -1.27327 0 0 0 0 -1.27324
1048 1049 0.0259722 0 -1.05501 0 0 0 0 -1.02904
1049 1050 0.0556021 0 -1.25677 0 0 0 0 -1.20117
1050 1051 0.215729 0 0 0 0 0 0 0.215729
1051 1052 8.65179e-05 0 -1.12438 0 0 0 0 -1.12429
1052 1053 2.96457e-05 0 -1.28739 0 0 0 0 -1.28736
1053 1054 0.0291349 0 -1.33685 0 0 0 0 -1.30772
1054 1055 0.0442125 0 -0.798096 0 0 0 0 -0.753884
1055 1056 0.0165522 0 -1.14484 0 0 0 0 -1.12829
1056 1057 4.74749e-06 0 -1.42252 0 0 0 0 -1.42252
1057 1058 0.0788508 0 -1.24384 0 0 0 0 -1.16499
1058 1059 0.0440417 0 0 0 0 0 0 0.0440417
1060 1061 0.0445688 0 -1.34188 0 0 0 0 -1.29731
1061 1062 0.00110312 0 -1.05683 0 0 0 0 -1.05573
1062 1063 3.48919e-07 0 0 0 0 0 0 3.48919e-07
1063 1064 0.0113043 0 -1.21618 0 0 0 0 -1.20488
1064 1065 0.0115744 0 0 0 0 0 0 0.0115744
1065 1066 0.0231453 0 0 0 0 0 0 0.0231453
1066 1067 0.064295 0 -1.06669 0 0 0 0 -1.00239
1067 1068 0.0182789 0 0 0 0 0 0 0.0182789
1068 1069 0.00102505 0 -1.16354 0 0 0 0 -1.16252
1069 1070 0.000263954 0 0 0 0 0 0 0.000263954
1070 1071 0.161618 0 -1.15378 0 0 0 0 -0.99216
1071 1072 0.163705 0 0 0 0 0 0 0.163705
1072 1073 0.00845473 0 0 0 0 0 0 0.00845473
1073 1074 0.0124212 0 -1.08823 0 0 0 0 -1.07581
1074 1075 0.0130427 0 -1.21165 0 0 0 0 -1.19861
1075 1076 0.000338327 0 -1.21702 0 0 0 0 -1.21668
1076 1077 0.132109 0 0 0 0 0 0 0.132109
1077 1078 0.0658554 0 0 0 0 0 0 0.0658554
1078 1079 0.325498 0 0 0 0 0 0 0.325498
1080 1081 0.0635838 0 0 0 0 0 0 0.0635838
1081 1082 0.001879 0 0 0 0 0 0 0.001879
1082 1083 0.000218423 0 0 0 0 0 0 0.000218423
1083 1084 0.0100278 0 0 0 0 0 0 0.0100278
1084 1085 0.00577195 0 -0.814346 0 0 0 0 -0.808574
1085 1086 0.00337513 0 -1.05574 0 0 0 0 -1.05236
1086 1087 0.0189642 0 -1.34352 0 0 0 0 -1.32456
1087 1088 0.0264155 0 -1.23664 0 0 0 0 -1.21023
1088 1089 0.00113803 0 -1.36273 0 0 0 0 -1.3616
1089 1090 0.0253454 0 0 0 0 0 0 0.0253454
1090 1091 0.00603903 0 -0.985684 0 0 0 0 -0.979645
1091 1092 0.0330522 0 0 0 0 0 0 0.0330522
1092 1093 0.112037 0 0 0 0 0 0 0.112037
1093 1094 0.0292853 0 -0 0 0 0 0 0.0292853
1094 1095 0.000326443 0 -1.15642 0 0 0 0 -1.1561
1095 1096 0.0454493 0 0 0 0 0 0 0.0454493
1096 1097 0.0488271 0 0 0 0 0 0 0.0488271
1097 1098 0.0692355 0 -1.28601 0 0 0 0 -1.21678
1098 1099 0.0661525 0 -1.35888 0 0 0 0 -1.29273
1100 1101 0.00518208 0 -0.920491 0 0 0 0 -0.915309
1101 1102 0.0163395 0 0 0 0 0 0 0.0163395
1102 1103 0.122795 0 0 0 0 0 0 0.122795
1103 1104 0.0958625 0 0 0 0 0 0 0.0958625
1104 1105 0.0844597 0 0 0 0 0 0 0.0844597
1105 1106 0.232445 0 0 0 0 0 0 0.232445
1106 1107 0.00639399 0 -1.33138 0 0 0 0 -1.32499
1107 1108 0.114425 0 -1.26967 0 0 0 0 -1.15524
1108 1109 4.38547e-05 0 -0.993062 0 0 0 0 -0.993018
1109 1110 0.0161825 0 0 0 0 0 0 0.0161825
1110 1111 0.0145669 0.000599323 -0 0 0 0 0 0.0151663
1111 1112 0.131795 0 -1.20906 0 0 0 0 -1.07727
1112 1113 0.0384126 0 -0.829506 0 0 0 0 -0.791094
1113 1114 3.54213e-06 0 -1.35976 0 0 0 0 -1.35976
1114 1115 0.133723 0 0 0 0 0 0 0.133723
1115 1116 0.00412793 0 -0.860236 0 0 0 0 -0.856108
1116 1117 0.0983427 0 -1.17534 0 0 0 0 -1.07699
1117 1118 0.12497 0 0 0 0 0 0 0.12497
1118 1119 0.0566127 0 -1.07095 0 0 0 0 -1.01434
1120 1121 0.192286 0 -1.24291 0 0 0 0 -1.05063
1121 1122 0.0076676 0 0 0 0 0 0 0.0076676
1122 1123 0.00797412 0 -1.19057 0 0 0 0 -1.18259
1123 1124 0.223556 0 -1.29354 0 0 0 0 -1.06998
1124 1125 0.0604679 0 0 0 0 0 0 0.0604679
1125 1126 0.00297092 0 -1.37878 0 0 0 0 -1.3758
1126 1127 0.00431753 0 -1.37418 0 0 0 0 -1.36986
1127 1128 0.107169 0 -1.402 0 0 0 0 -1.29483
1128 1129 0.0346757 0 0 0 0 0 0 0.0346757
1129 1130 0.0408621 0 -1.27402 0 0 0 0 -1.23315
1130 1131 0.0582051 0 0 0 0 0 0 0.0582051
1131 1132 0.0141995 0 -0.89683 0 0 0 0 -0.882631
1132 1133 0.0320758 0 -0.805397 0 0 0 0 -0.773322
1133 1134 0.0194722 0 0 0 0 0 0 0.0194722
1134 1135 0.00849026 0 -0.511525 0 0 0 0 -0.503035
1135 1136 0.00315731 0 -0.903915 0 0 0 0 -0.900757
1136 1137 0.00601798 0 -1.31111 0 0 0 0 -1.30509
1137 1138 0.143895 0 -0 0 0 0 0 0.143895
1138 1139 4.80916e-05 0 -1.21445 0 0 0 0 -1.21441
1140 1141 0.0465398 0 0 0 0 0 0 0.0465398
1141 1142 0.00260641 0 -0.901023 0 0 0 0 -0.898417
1142 1143 0.0172488 0 0 0 0 0 0 0.0172488
1143 1144 0.22219 0 0 0 0 0 0 0.22219
1144 1145 0.00194622 0 -1.01196 0 0 0 0 -1.01002
1145 1146 0.0623207 0 -1.14473 0 0 0 0 -1.08241
1146 1147 0.0151159 0 -1.3035 0 0 0 0 -1.28839
1147 1148 0.0147861 0 -1.01506 0 0 0 0 -1.00027
1148 1149 0.189694 0 0 0 0 0 0 0.189694
1149 1150 0.00289122 0 -1.05979 0 0 0 0 -1.0569
1150 1151 0.000117748 0 0 0 0 0 0 0.000117748
1151 1152 0.0413521 0 0 0 0 0 0 0.0413521
1152 1153 0.109025 0 0 0 0 0 0 0.109025
1153 1154 0.00385748 0 -1.33258 0 0 0 0 -1.32872
1154 1155 0.212064 0 -1.18217 0 0 0 0 -0.970101
1155 1156 0.00407824 0 -1.33008 0 0 0 0 -1.32601
1150 1157 0 0 0 0 0 -4.61041e-06 0 -4.61041e-06
1156 1157 0.263106 0 -1.07584 0 0 0 0 -0.812729
1157 1158 0.00892728 0 -0 0 0 0 0 0.00892728
1158 1159 0.000679379 0 0 0 0 0 0 0.000679379
1160 1161 0.0230966 0 0 0 0 0 0 0.0230966
1161 1162 7.05203e-05 0 -1.09906 0 0 0 0 -1.09899
1162 1163 0.0817824 0 -1.3076 0 0 0 0 -1.22582
1163 1164 0.0478526 0 -1.40584 0 0 0 0 -1.35799
1164 1165 0.320101 0 -0.48485 0 0 0 0 -0.164749
1165 1166 0.0170817 0 -1.3581 0 0 0 0 -1.34102
1166 1167 0.0102329 0 -1.04814 0 0 0 0 -1.03791
1167 1168 0.0623286 0 0 0 0 0 0 0.0623286
1168 1169 1.24708e-05 0 -1.2389 0 0 0 0 -1.23888
1169 1170 0.148819 0 -0.819505 0 0 0 0 -0.670686
1170 1171 0.0583535 0 -1.13399 0 0 0 0 -1.07564
1171 1172 0.0271846 0 0 0 0 0 0 0.0271846
1172 1173 0.0145535 0 -1.33485 0 0 0 0 -1.32029
1173 1174 0.0391087 0.094895 -1.10475 0 0 0 0 -0.97075
1174 1175 0.00820201 0 -1.27114 0 0 0 0 -1.26294
1175 1176 0.0128136 0 -0.970926 0 0 0 0 -0.958112
1176 1177 0.0635761 0 -1.11114 0 0 0 0 -1.04756
1177 1178 0.227366 0 0 0 0 0 0 0.227366
1178 1179 0.109136 0 0 0 0 0 0 0.109136
1180 1181 0.0139705 0 0 0 0 0 0 0.0139705
1181 1182 9.4097e-06 0 -0.947533 0 0 0 0 -0.947524
1182 1183 0.0386759 0 -1.25912 0 0 0 0 -1.22044
1183 1184 0.0633597 0 -1.24482 0 0 0 0 -1.18146
1184 1185 0.00116435 0 0 0 0 0 0 0.00116435
1185 1186 0.0092918 0 0 0 0 0 0 0.0092918
1186 1187 0.196673 0 0 0 0 0 0 0.196673
1187 1188 0.00396776 0 -1.35178 0 0 0 0 -1.34781
1188 1189 0.00149447 0 0 0 0 0 0 0.00149447
1189 1190 0.0240689 0 -1.17016 0 0 0 0 -1.14609
1190 1191 0.0366534 0 -1.20097 0 0 0 0 -1.16432
1191 1192 0.0189518 0 0 0 0 0 0 0.0189518
1192 1193 0.0885302 0 0 0 0 0 0 0.0885302
1193 1194 0.0310594 0 -1.24924 0 0 0 0 -1.21818
1194 1195 0.0243709 0 0 0 0 0 0 0.0243709
1195 1196 0.00425431 0 0 0 0 0 0 0.00425431
1196 1197 0.0289093 0 -1.2413 0 0 0 0 -1.21239
1197 1198 0.0275373 0 -1.37243 0 0 0 0 -1.34489
1198 1199 0.279299 0 0 0 0 0 0 0.279299
#Total energy per particle is  -0.601404 and should be -0.60140410
