#id1 id2 FENE BEXC STCK NEXC HB CRSTCK CXSTCK total, t = 200000
0 1 0.00839635 0 -0.746328 0 0 0 0 -0.737931
1 2 0.00728548 0 -1.17285 0 0 0 0 -1.16556
2 3 0.0087778 0 -1.24435 0 0 0 0 -1.23557
3 4 0.00606677 0 0 0 0 0 0 0.00606677
4 5 0.00832153 0 -1.38111 0 0 0 0 -1.37279
5 6 0.00255908 0 -1.36838 0 0 0 0 -1.36582
6 7 0.00350061 0 0 0 0 0 0 0.00350061
7 8 0.414152 0 -1.10279 0 0 0 0 -0.688642
8 9 0.011333 0 -1.47175 0 0 0 0 -1.46042
9 10 0.000236219 0 -0.805147 0 0 0 0 -0.804911
10 11 0.00347538 0 0 0 0 0 0 0.00347538
11 12 0.0140222 0 -0 0 0 0 0 0.0140222
12 13 0.00134154 0 0 0 0 0 0 0.00134154
13 14 0.0867385 0 -1.04845 0 0 0 0 -0.961714
14 15 0.0603895 0 -1.22124 0 0 0 0 -1.16085
15 16 0.353764 0 -0 0 0 0 0 0.353764
16 17 0.105073 0 -0 0 0 0 0 0.105073
17 18 0.00855058 0 0 0 0 0 0 0.00855058
18 19 0.0276421 0 -1.24878 0 0 0 0 -1.22113
20 21 0.115199 0 0 0 0 0 0 0.115199
21 22 0.103818 0 0 0 0 0 0 0.103818
22 23 4.37616e-06 0 -1.39383 0 0 0 0 -1.39382
23 24 0.0475908 0 -1.27125 0 0 0 0 -1.22366
24 25 0.00838026 0 -0 0 0 0 0 0.00838026
25 26 0.00303715 0 0 0 0 0 0 0.00303715
26 27 0.0422427 0 -1.28243 0 0 0 0 -1.24019
27 28 0.416301 0 -1.16307 0 0 0 0 -0.746766
28 29 0.000618188 0 0 0 0 0 0 0.000618188
29 30 0.11218 0 -1.20359 0 0 0 0 -1.09141
30 31 0.0613591 0 -1.08252 0 0 0 0 -1.02116
31 32 0.0828204 0 -1.39195 0 0 0 0 -1.30913
32 33 0.0658808 0 -0.807172 0 0 0 0 -0.741292
33 34 0.0420621 0 0 0 0 0 0 0.0420621
34 35 0.0557198 0 -1.29102 0 0 0 0 -1.2353
35 36 0.0421502 0 0 0 0 0 0 0.0421502
36 37 0.00599242 0 -1.19881 0 0 0 0 -1.19282
37 38 0.0448832 0 -1.2955 0 0 0 0 -1.25062
38 39 0.16026 0 -0 0 0 0 0 0.16026
40 41 0.00282929 0 0 0 0 0 0 0.00282929
41 42 0.310081 0 -0.85941 0 0 0 0 -0.549329
42 43 0.370645 0 -1.22814 0 0 0 0 -0.857492
43 44 0.00556179 0 -1.4459 0 0 0 0 -1.44034
44 45 0.00268609 0 0 0 0 0 0 0.00268609
45 46 0.420969 0 -0 0 0 0 0 0.420969
46 47 0.0127443 0 0 0 0 0 0 0.0127443
46 48 0 0 0 0.068884 0 0 0 0.068884
47 48 0.00292059 0 -1.30013 0 0 0 0 -1.29721
48 49 0.0297416 0 -1.29587 0 0 0 0 -1.26613
49 50 0.000439472 0 -1.02101 0 0 0 0 -1.02057
50 51 0.0449251 0 -1.16449 0 0 0 0 -1.11956
51 52 0.0175388 0 -0.961302 0 0 0 0 -0.943763
52 53 0.0169305 0 0 0 0 0 0 0.0169305
53 54 0.000633064 0 -0 0 0 0 0 0.000633064
54 55 0.000849921 0 -1.18144 0 0 0 0 -1.18059
55 56 0.0304516 0 0 0 0 0 0 0.0304516
53 57 0 0 0 0 -0 -0.0263847 -8.56243e-16 -0.0263847
56 57 0.092617 0 -1.25976 0 0 0 0 -1.16714
57 58 0.00299261 0 0 0 0 0 0 0.00299261
58 59 0.0225233 0 0 0 0 0 0 0.0225233
60 61 0.00791247 0 -0.928682 0 0 0 0 -0.92077
61 62 0.000427975 0 -1.31196 0 0 0 0 -1.31154
62 63 0.000308358 0 -0.86037 0 0 0 0 -0.860062
63 64 0.00277293 0 -1.13723 0 0 0 0 -1.13446
64 65 0.0020816 0 -1.22898 0 0 0 0 -1.2269
65 66 0.187764 0 -1.12036 0 0 0 0 -0.932592
66 67 9.47097e-05 0 0 0 0 0 0 9.47097e-05
67 68 0.0020059 0 0 0 0 0 0 0.0020059
68 69 0.0141467 0 -1.19791 0 0 0 0 -1.18376
69 70 0.0373144 0 -0.810057 0 0 0 0 -0.772742
70 71 0.000201575 0 0 0 0 0 0 0.000201575
71 72 0.000284254 0 0 0 0 0 0 0.000284254
72 73 0.000328837 0 -1.18856 0 0 0 0 -1.18823
73 74 0.351157 0 -0 0 0 0 0 0.351157
74 75 0.0337991 0 -0 0 0 0 0 0.0337991
75 76 0.00391073 0 -0.855283 0 0 0 0 -0.851372
76 77 0.0407 0 0 0 0 0 0 0.0407
77 78 0.00351832 0 0 0 0 0 0 0.00351832
78 79 0.20867 0 0 0 0 0 0 0.20867
80 81 0.000545802 0 0 0 0 0 0 0.000545802
81 82 0.0192281 0 -0 0 0 0 0 0.0192281
82 83 0.010575 0 0 0 0 0 0 0.010575
83 84 0.0938394 0 0 0 0 0 0 0.0938394
84 85 0.129297 0 0 0 0 0 0 0.129297
85 86 0.06947 0 -1.00002 0 0 0 0 -0.930554
86 87 0.0529539 0 -1.35781 0 0 0 0 -1.30485
87 88 0.0102367 0 -1.13845 0 0 0 0 -1.12822
88 89 0.10599 0 0 0 0 0 0 0.10599
89 90 0.464065 0 -0.954176 0 0 0 0 -0.490111
90 91 0.17697 0 0 0 0 0 0 0.17697
88 92 0 0 0 0 -0.5961 0 -0 -0.5961
87 92 0 0 0 0 -0 -0.179648 0 -0.179648
91 92 0.0568965 0 0 0 0 0 0 0.0568965
88 93 0 0 0 0 -0 -0.100383 -0 -0.100383
87 93 0 0 0 0 -0.365322 0 -0 -0.365322
86 93 0 0 0 0 -1.60534e-32 -0.151537 0 -0.151537
92 93 0.00539841 0 -0.813482 0 0 0 0 -0.808083
87 94 0 0 0 0 -0 -0.149375 0 -0.149375
86 94 0 0 0 0 -0.713359 0 -0 -0.713359
85 94 0 0 0 0 -6.00794e-18 -0.110447 0 -0.110447
93 94 0.0180151 0 -1.31997 0 0 0 0 -1.30196
86 95 0 0 0 0 -0 -0.18369 0 -0.18369
85 95 0 0 0 0 -0.682929 0 -0 -0.682929
94 95 0.00304198 0 -1.06717 0 0 0 0 -1.06413
85 96 0 0 0 0 0 -0.173938 0 -0.173938
95 96 0.000617887 0 -0.997577 0 0 0 0 -0.996959
96 97 0.209875 0 -1.11711 0 0 0 0 -0.907233
97 98 0.00351986 0 -1.10312 0 0 0 0 -1.0996
98 99 0.000542749 0 -1.23307 0 0 0 0 -1.23253
100 101 0.00766428 0 0 0 0 0 0 0.00766428
101 102 0.0016897 0 -1.05156 0 0 0 0 -1.04987
102 103 0.0172039 0 -0 0 0 0 0 0.0172039
103 104 0.000864613 0 -0.783785 0 0 0 0 -0.78292
104 105 0.0636943 0 -1.36209 0 0 0 0 -1.2984
105 106 0.0039558 0 -0.909132 0 0 0 0 -0.905176
106 107 0.271176 0 -0.862274 0 0 0 0 -0.591099
107 108 0.0913838 0 0 0 0 0 0 0.0913838
108 109 0.0250777 0 -0 0 0 0 0 0.0250777
109 110 0.0755601 0 -1.10491 0 0 0 0 -1.02935
107 111 0 0 0 0 -0 -0.130885 0 -0.130885
110 111 0.000386262 0 -1.09214 0 0 0 0 -1.09175
107 112 0 0 0 0 -0.404075 0 -0 -0.404075
106 112 0 0 0 0 -0 -0.0533013 0 -0.0533013
111 112 0.0250122 0 -1.0104 0 0 0 0 -0.985383
107 113 0 0 0 0 -0 -0.0460267 -0 -0.0460267
106 113 0 0 0 0 -0.702829 0 -0 -0.702829
105 113 0 0 0 0 -1.99445e-29 -0.0943274 0 -0.0943274
112 113 0.0467852 0 -0.983862 0 0 0 0 -0.937077
106 114 0 0 0 0 -0 -0.114634 0 -0.114634
105 114 0 0 0 0 -0.528709 0 -0 -0.528709
104 114 0 0 0 0 -2.35345e-30 -0.160063 -0 -0.160063
113 114 0.0105359 0 -0.82172 0 0 0 0 -0.811184
105 115 0 0 0 0 -0 -0.178732 0 -0.178732
104 115 0 0 0 0 -0.601329 0 -0 -0.601329
103 115 0 0 0 0 0 -0.11067 -0 -0.11067
114 115 0.0324944 0 -1.41655 0 0 0 0 -1.38405
104 116 0 0 0 0 0 -0.188591 0 -0.188591
103 116 0 0 0 0 -0.615979 0 -0 -0.615979
115 116 0.0285696 0 -1.12422 0 0 0 0 -1.09566
103 117 0 0 0 0 -0 -0.0482827 0 -0.0482827
116 117 0.0117132 0 -1.41233 0 0 0 0 -1.40062
117 118 0.00059681 0 0 0 0 0 0 0.00059681
118 119 0.0879477 0 0 0 0 0 0 0.0879477
120 121 0.0913417 0 -1.30182 0 0 0 0 -1.21048
121 122 0.00978364 0 0 0 0 0 0 0.00978364
122 123 0.00669323 0 -1.34374 0 0 0 0 -1.33705
123 124 0.363722 0 -0.985442 0 0 0 0 -0.62172
124 125 0.0726244 0 -1.08248 0 0 0 0 -1.00985
125 126 0.0241052 0 -1.19216 0 0 0 0 -1.16806
126 127 0.0247121 0 -1.28681 0 0 0 0 -1.2621
127 128 0.00438567 0 0 0 0 0 0 0.00438567
128 129 0.041719 0 -0.606271 0 0 0 0 -0.564552
129 130 0.113684 0 0 0 0 0 0 0.113684
127 131 0 0 0 0 -0 -0.131132 -0 -0.131132
130 131 0.0115358 0 -1.37992 0 0 0 0 -1.36838
127 132 0 0 0 0 -0.371328 -2.40112e-05 -0 -0.371352
126 132 0 0 0 0 -1.20975e-30 -0.157039 0 -0.157039
131 132 0.000180728 0 -1.01314 0 0 0 0 -1.01296
127 133 0 0 0 0 -0 -0.107262 0 -0.107262
126 133 0 0 0 0 -0.56512 0 -0 -0.56512
125 133 0 0 0 0 -1.14e-30 -0.162496 0 -0.162496
132 133 0.0381758 0 -1.29411 0 0 0 0 -1.25593
126 134 0 0 0 0 -0 -0.154952 0 -0.154952
125 134 0 0 0 0 -0.564839 0 -0 -0.564839
124 134 0 0 0 0 -0 -0.153649 -0 -0.153649
133 134 0.27825 0 -1.3411 0 0 0 0 -1.06285
125 135 0 0 0 0 -0 -0.178387 0 -0.178387
124 135 0 0 0 0 -0.522193 0 -0 -0.522193
123 135 0 0 0 0 0 -0.0324487 -0 -0.0324487
134 135 6.80628e-05 0 -1.10656 0 0 0 0 -1.10649
124 136 0 0 0 0 0 -0.0812538 0 -0.0812538
123 136 0 0 0 0 -0.244026 0 -0 -0.244026
122 136 0 0 0 0 0 -0.144308 -0 -0.144308
135 136 0.0581699 0 -0.903621 0 0 0 0 -0.845451
136 137 0.0335755 0 0 0 0 0 0 0.0335755
137 138 0.0602094 0 -1.22572 0 0 0 0 -1.16551
138 139 0.0647258 0 -1.39259 0 0 0 0 -1.32786
140 141 0.15044 0 -1.31544 0 0 0 0 -1.165
141 142 0.0656735 0 -0.942112 0 0 0 0 -0.876439
142 143 0.000637119 0 -1.30426 0 0 0 0 -1.30363
143 144 0.00492727 0 -1.12561 0 0 0 0 -1.12068
144 145 0.00562951 0 0 0 0 0 0 0.00562951
145 146 0.111212 0 -0.336146 0 0 0 0 -0.224935
146 147 0.0854329 0 -0.6702 0 0 0 0 -0.584767
147 148 0.178823 0 -1.01693 0 0 0 0 -0.838104
148 149 0.0154537 0 0 0 0 0 0 0.0154537
149 150 0.0124649 0 0 0 0 0 0 0.0124649
150 151 0.0544497 0 -1.09382 0 0 0 0 -1.03937
151 152 0.00338569 0 -1.0595 0 0 0 0 -1.05612
152 153 0.00427993 0 0 0 0 0 0 0.00427993
153 154 0.348119 0 -1.05211 0 0 0 0 -0.703995
154 155 5.58997e-05 0 -0 0 0 0 0 5.58997e-05
155 156 0.030082 0 0 0 0 0 0 0.030082
156 157 0.0230738 0 -0.502756 0 0 0 0 -0.479682
157 158 0.00300628 0 -1.26848 0 0 0 0 -1.26548
158 159 0.0408853 0 -1.23186 0 0 0 0 -1.19098
160 161 0.0974186 0 0 0 0 0 0 0.0974186
161 162 0.00112376 0 -1.31296 0 0 0 0 -1.31184
162 163 0.0721147 0 -0.946994 0 0 0 0 -0.87488
163 164 0.154144 0 -1.23482 0 0 0 0 -1.08067
164 165 0.0355202 0 0 0 0 0 0 0.0355202
165 166 0.025964 0 0 0 0 0 0 0.025964
166 167 0.222309 0 -1.39527 0 0 0 0 -1.17296
167 168 0.00369329 0 0 0 0 0 0 0.00369329
168 169 0.000196275 0 -1.3959 0 0 0 0 -1.3957
169 170 0.0377211 0 -1.08704 0 0 0 0 -1.04931
170 171 0.0191592 0 0 0 0 0 0 0.0191592
171 172 0.0859235 0 0 0 0 0 0 0.0859235
172 173 0.0661065 0 0 0 0 0 0 0.0661065
173 174 0.0192274 0 -1.18268 0 0 0 0 -1.16345
174 175 0.015359 0 0 0 0 0 0 0.015359
175 176 0.00115153 0 -1.01196 0 0 0 0 -1.01081
176 177 0.117194 0 -1.20022 0 0 0 0 -1.08302
177 178 0.0119868 0 -0.911216 0 0 0 0 -0.899229
178 179 0.0275655 0 -1.05751 0 0 0 0 -1.02994
180 181 0.0198648 0 0 0 0 0 0 0.0198648
181 182 0.047795 0 -1.15558 0 0 0 0 -1.10778
182 183 0.0301973 0 -0.972104 0 0 0 0 -0.941906
183 184 0.0865722 0 -1.05877 0 0 0 0 -0.972196
184 185 0.0594931 0 -1.18992 0 0 0 0 -1.13043
185 186 0.0101113 0 -0.924697 0 0 0 0 -0.914586
186 187 0.0321755 0 -0 0 0 0 0 0.0321755
187 188 0.00933309 0.00324807 -0 0 0 0 0 0.0125812
188 189 0.000168779 0 0 0 0 0 0 0.000168779
189 190 0.0277264 0 -1.13236 0 0 0 0 -1.10463
190 191 0.055531 0 -1.11184 0 0 0 0 -1.05631
191 192 0.0446924 0 0 0 0 0 0 0.0446924
192 193 0.00981521 0 0 0 0 0 0 0.00981521
193 194 0.0534829 0 0 0 0 0 0 0.0534829
194 195 0.00385392 0 -1.0497 0 0 0 0 -1.04585
195 196 0.0269217 0 0 0 0 0 0 0.0269217
196 197 0.163658 0 -0 0 0 0 0 0.163658
197 198 0.00620361 0 -1.40501 0 0 0 0 -1.39881
198 199 0.0385492 0 0 0 0 0 0 0.0385492
200 201 0.0333442 0 -0 0 0 0 0 0.0333442
201 202 0.00415559 0 0 0 0 0 0 0.00415559
202 203 0.00319955 0 0 0 0 0 0 0.00319955
203 204 0.0315836 0 -1.1841 0 0 0 0 -1.15252
204 205 0.102408 0 0 0 0 0 0 0.102408
205 206 0.0426384 0 -1.07044 0 0 0 0 -1.0278
206 207 0.040002 0 -1.38949 0 0 0 0 -1.34949
207 208 0.0312359 0 0 0 0 0 0 0.0312359
208 209 0.00387377 0 -1.18167 0 0 0 0 -1.17779
209 210 0.0116907 0 0 0 0 0 0 0.0116907
210 211 0.278026 0 -0 0 0 0 0 0.278026
211 212 0.0704974 0 0 0 0 0 0 0.0704974
212 213 0.00194975 0 -1.15562 0 0 0 0 -1.15367
213 214 0.0120428 0 0 0 0 0 0 0.0120428
214 215 0.000935112 0 -0 0 0 0 0 0.000935112
215 216 0.0126537 0 0 0 0 0 0 0.0126537
216 217 0.0841354 0 -1.25123 0 0 0 0 -1.16709
217 218 0.0845075 0 -1.14298 0 0 0 0 -1.05847
218 219 0.104275 0 0 0 0 0 0 0.104275
220 221 0.00826973 0 0 0 0 0 0 0.00826973
221 222 0.000413501 0 -1.1533 0 0 0 0 -1.15288
222 223 0.0351421 0 -1.06349 0 0 0 0 -1.02835
223 224 0.0466008 0 -1.08728 0 0 0 0 -1.04068
224 225 0.0326123 0 -1.22352 0 0 0 0 -1.19091
225 226 0.0961977 0 0 0 0 0 0 0.0961977
226 227 0.0676749 0 0 0 0 0 0 0.0676749
227 228 0.00460074 0 0 0 0 0 0 0.00460074
228 229 0.0174083 0 0 0 0 0 0 0.0174083
229 230 0.0379433 0 -1.4428 0 0 0 0 -1.40486
230 231 0.0033319 0 -0.569616 0 0 0 0 -0.566284
231 232 0.00517945 0 0 0 0 0 0 0.00517945
232 233 0.00243983 0 -1.07811 0 0 0 0 -1.07567
233 234 0.328617 0 0 0 0 0 0 0.328617
234 235 0.00427128 0 -0 0 0 0 0 0.00427128
235 236 0.00332107 0 0 0 0 0 0 0.00332107
236 237 0.0011365 0 0 0 0 0 0 0.0011365
237 238 0.020243 0 0 0 0 0 0 0.020243
238 239 0.0119677 0 -1.0448 0 0 0 0 -1.03283
240 241 0.00901197 0 0 0 0 0 0 0.00901197
241 242 0.0436201 0 0 0 0 0 0 0.0436201
242 243 0.00185129 0 0 0 0 0 0 0.00185129
243 244 0.00164026 0 -0.843407 0 0 0 0 -0.841767
244 245 0.00583538 0 -1.13601 0 0 0 0 -1.13017
245 246 0.0329677 0 -1.05523 0 0 0 0 -1.02227
246 247 0.0680706 0 -0.913603 0 0 0 0 -0.845533
247 248 0.0812888 0 -1.18304 0 0 0 0 -1.10176
248 249 0.00176594 0 -0.919531 0 0 0 0 -0.917765
249 250 0.201431 0 -1.06668 0 0 0 0 -0.865244
250 251 0.00624579 0 -1.00742 0 0 0 0 -1.00117
251 252 0.0339566 0 -1.02389 0 0 0 0 -0.989935
252 253 0.0652919 0 -1.30172 0 0 0 0 -1.23643
253 254 0.00153224 0 -1.27033 0 0 0 0 -1.2688
254 255 0.107483 0 0 0 0 0 0 0.107483
255 256 0.00912118 0 -0.804476 0 0 0 0 -0.795355
256 257 0.147163 0 -1.09804 0 0 0 0 -0.950878
257 258 0.123964 0 0 0 0 0 0 0.123964
258 259 0.125251 0 0 0 0 0 0 0.125251
260 261 0.0107585 0 0 0 0 0 0 0.0107585
261 262 0.000970114 0 0 0 0 0 0 0.000970114
262 263 0.0381914 0 -1.1905 0 0 0 0 -1.15231
263 264 0.0230792 0 -1.38408 0 0 0 0 -1.361
264 265 0.298017 0 0 0 0 0 0 0.298017
265 266 0.0010067 0 0 0 0 0 0 0.0010067
266 267 0.00503097 0 -1.21108 0 0 0 0 -1.20605
267 268 0.265398 0 0 0 0 0 0 0.265398
268 269 0.00550562 0 -1.18127 0 0 0 0 -1.17576
269 270 0.0184048 0 0 0 0 0 0 0.0184048
270 271 0.0310777 0 0 0 0 0 0 0.0310777
271 272 0.000124687 0 0 0 0 0 0 0.000124687
272 273 0.100344 0 -1.36761 0 0 0 0 -1.26726
273 274 0.185637 0 -1.14174 0 0 0 0 -0.956108
274 275 0.0759239 0 -1.14112 0 0 0 0 -1.0652
275 276 0.0569767 0 -1.09367 0 0 0 0 -1.03669
276 277 0.0152839 0 0 0 0 0 0 0.0152839
277 278 0.000730226 0 -1.18403 0 0 0 0 -1.1833
278 279 0.294692 0 -1.26696 0 0 0 0 -0.972271
280 281 0.0226598 0 0 0 0 0 0 0.0226598
281 282 0.0654549 0 0 0 0 0 0 0.0654549
282 283 0.000607846 0 -1.32767 0 0 0 0 -1.32706
283 284 0.120472 0 -0 0 0 0 0 0.120472
284 285 0.59305 0 -1.2411 0 0 0 0 -0.64805
285 286 0.0328809 0 -0.442449 0 0 0 0 -0.409568
286 287 0.000114571 0 0 0 0 0 0 0.000114571
287 288 0.00883675 0 -0.681977 0 0 0 0 -0.67314
288 289 0.448013 0 -1.11616 0 0 0 0 -0.668144
289 290 0.111899 0 -0.94024 0 0 0 0 -0.828341
290 291 0.0047485 0 0 0 0 0 0 0.0047485
291 292 0.00393817 0 0 0 0 0 0 0.00393817
292 293 0.197996 0 0 0 0 0 0 0.197996
293 294 0.130129 0 -1.21531 0 0 0 0 -1.08518
294 295 0.0323532 0 -1.11367 0 0 0 0 -1.08132
295 296 0.0729611 0 -1.00328 0 0 0 0 -0.930317
296 297 0.0231913 0 0 0 0 0 0 0.0231913
297 298 0.0528824 0 0 0 0 0 0 0.0528824
298 299 0.0104821 0 -1.1761 0 0 0 0 -1.16562
300 301 0.0251995 0 0 0 0 0 0 0.0251995
301 302 0.00578993 0 -1.25389 0 0 0 0 -1.2481
302 303 0.0441259 0 0 0 0 0 0 0.0441259
303 304 0.0490888 0 -1.31453 0 0 0 0 -1.26544
304 305 0.000789671 0 -1.32687 0 0 0 0 -1.32608
305 306 2.60101e-07 0 0 0 0 0 0 2.60101e-07
306 307 0.0492188 0 -0 0 0 0 0 0.0492188
307 308 0.132776 0 0 0 0 0 0 0.132776
308 309 0.00110889 0 -1.15748 0 0 0 0 -1.15637
309 310 0.0191201 0 0 0 0 0 0 0.0191201
310 311 0.00236783 0 -1.31731 0 0 0 0 -1.31494
311 312 7.51829e-05 0 0 0 0 0 0 7.51829e-05
312 313 0.124784 0 0 0 0 0 0 0.124784
313 314 0.00111733 0 -1.09125 0 0 0 0 -1.09013
314 315 0.122436 0 -1.01817 0 0 0 0 -0.895738
315 316 0.0424664 0 -1.10887 0 0 0 0 -1.06641
316 317 0.0392191 0 -1.16776 0 0 0 0 -1.12854
317 318 0.0455175 0 0 0 0 0 0 0.0455175
318 319 0.026382 0 -1.43553 0 0 0 0 -1.40915
320 321 0.0003615 0 -1.11542 0 0 0 0 -1.11506
321 322 0.0299319 0 -0.238188 0 0 0 0 -0.208256
322 323 0.0237901 0 0 0 0 0 0 0.0237901
323 324 0.00448682 0 0 0 0 0 0 0.00448682
324 325 0.00682577 0 -0.995724 0 0 0 0 -0.988898
325 326 0.0196651 0 -1.26727 0 0 0 0 -1.2476
326 327 0.0100507 0 -1.07647 0 0 0 0 -1.06642
327 328 1.41077e-05 0 0 0 0 0 0 1.41077e-05
328 329 0.277776 0 -1.1971 0 0 0 0 -0.91932
329 330 0.0385918 0 0 0 0 0 0 0.0385918
330 331 0.0320425 0 -1.2079 0 0 0 0 -1.17586
331 332 0.0283367 0 -1.18573 0 0 0 0 -1.1574
332 333 0.0217694 0 -1.34318 0 0 0 0 -1.32141
333 334 0.00164242 0 -1.3003 0 0 0 0 -1.29866
334 335 0.040926 0 -1.33409 0 0 0 0 -1.29317
335 336 0.0838481 0 0 0 0 0 0 0.0838481
336 337 0.00165004 0 -0.988046 0 0 0 0 -0.986396
337 338 0.00396749 0 -1.25183 0 0 0 0 -1.24787
338 339 0.103111 0 -1.22361 0 0 0 0 -1.12049
340 341 0.0242763 0 0 0 0 0 0 0.0242763
341 342 0.0158714 0 0 0 0 0 0 0.0158714
342 343 0.0894069 0 0 0 0 0 0 0.0894069
343 344 0.0123477 0 -1.03093 0 0 0 0 -1.01859
344 345 0.00429136 0 -1.31131 0 0 0 0 -1.30702
345 346 0.0215542 0 0 0 0 0 0 0.0215542
346 347 0.00128141 0 0 0 0 0 0 0.00128141
347 348 0.282956 0 -1.1678 0 0 0 0 -0.884849
348 349 0.019812 0 -1.36597 0 0 0 0 -1.34616
349 350 0.0400646 0 0 0 0 0 0 0.0400646
350 351 0.0389937 0 0 0 0 0 0 0.0389937
351 352 0.000115425 0 0 0 0 0 0 0.000115425
352 353 0.0401716 0 -1.36142 0 0 0 0 -1.32125
353 354 0.0625282 0 -1.19056 0 0 0 0 -1.12803
354 355 0.0341579 0 -0.982978 0 0 0 0 -0.94882
355 356 0.0412791 0 -0 0 0 0 0 0.0412791
355 357 0 0 0 0 0 -0 -0.0109625 -0.0109625
356 357 0.0225854 0 -0 0 0 0 0 0.0225854
357 358 0.202505 0 0 0 0 0 0 0.202505
358 359 0.00142012 0 0 0 0 0 0 0.00142012
360 361 0.0490498 0 -1.22919 0 0 0 0 -1.18014
361 362 0.09405 0 -0 0 0 0 0 0.09405
362 363 0.0159794 0 0 0 0 0 0 0.0159794
361 364 0 0 0 0.00864185 0 0 0 0.00864185
363 364 0.00336336 0 0 0 0 0 0 0.00336336
364 365 0.0145929 0 0 0 0 0 0 0.0145929
365 366 0.000746512 0 -1.32978 0 0 0 0 -1.32903
366 367 0.00161655 0 -0 0 0 0 0 0.00161655
367 368 0.0671979 0 -1.43852 0 0 0 0 -1.37132
368 369 0.0739916 0 -1.1394 0 0 0 0 -1.06541
369 370 0.0190132 0 0 0 0 0 0 0.0190132
370 371 0.000829835 0 -1.05989 0 0 0 0 -1.05906
371 372 0.0908909 0 -1.36493 0 0 0 0 -1.27404
372 373 0.00102055 0 -0 0 0 0 0 0.00102055
373 374 0.000131641 0 -1.19667 0 0 0 0 -1.19654
374 375 0.00952019 0 -1.04849 0 0 0 0 -1.03897
375 376 0.0947518 0 -0.983012 0 0 0 0 -0.88826
376 377 0.0106409 0 -1.37991 0 0 0 0 -1.36927
377 378 0.0224554 0 -1.04883 0 0 0 0 -1.02637
378 379 0.0952098 0 0 0 0 0 0 0.0952098
380 381 0.154875 0 -1.1657 0 0 0 0 -1.01083
381 382 0.000691707 0 -1.26238 0 0 0 0 -1.26169
382 383 0.000301755 0.0104952 -0.940784 0 0 0 0 -0.929987
383 384 0.0678159 0 0 0 0 0 0 0.0678159
381 385 0 0 0 0 -0 -0.174153 0 -0.174153
382 385 0 0 0 0 0 -2.2545e-05 -0 -2.2545e-05
384 385 0.0144785 0 0 0 0 0 0 0.0144785
381 386 0 0 0 0 -0.704691 0 -0 -0.704691
380 386 0 0 0 0 0 -0.0947508 0 -0.0947508
382 386 0 0 0 0 0 -0.165814 0 -0.165814
385 386 0.000479043 0 -1.2638 0 0 0 0 -1.26332
381 387 0 0 0 0 0 -0.126269 0 -0.126269
380 387 0 0 0 0 -0.755763 0 -0 -0.755763
386 387 0.111304 0 -1.26656 0 0 0 0 -1.15525
387 388 0.000284501 0 -0.768047 0 0 0 0 -0.767763
388 389 0.0763169 0 0 0 0 0 0 0.0763169
389 390 0.075534 0 0 0 0 0 0 0.075534
389 391 0 0 0 0.0052291 0 0 0 0.0052291
390 391 0.209649 0 0 0 0 0 0 0.209649
391 392 0.131342 0 -1.22837 0 0 0 0 -1.09702
392 393 0.0834901 0 -1.32892 0 0 0 0 -1.24543
393 394 0.0354172 0 -1.00807 0 0 0 0 -0.972653
394 395 0.0199046 0 -1.32142 0 0 0 0 -1.30151
395 396 0.0400484 0 -1.23569 0 0 0 0 -1.19564
396 397 0.00214873 0 -1.041 0 0 0 0 -1.03885
397 398 0.0461173 0 -0.970137 0 0 0 0 -0.92402
398 399 0.0777969 0 -0.97857 0 0 0 0 -0.900773
400 401 0.0452304 0 -1.25236 0 0 0 0 -1.20713
401 402 0.0345482 0 -1.3122 0 0 0 0 -1.27765
402 403 4.01477e-05 0 -1.3303 0 0 0 0 -1.33026
403 404 0.0330932 0 0 0 0 0 0 0.0330932
404 405 0.0208984 0 0 0 0 0 0 0.0208984
405 406 0.000284965 0 0 0 0 0 0 0.000284965
406 407 0.0314578 0 0 0 0 0 0 0.0314578
407 408 0.0230041 0 -1.27209 0 0 0 0 -1.24909
408 409 0.0495132 0 0 0 0 0 0 0.0495132
409 410 0.171108 0 -0.912614 0 0 0 0 -0.741506
410 411 0.0140218 0 -0.37117 0 0 0 0 -0.357148
411 412 0.199791 0 -0.990625 0 0 0 0 -0.790834
412 413 0.0523757 0 0 0 0 0 0 0.0523757
413 414 0.0057985 0 -1.07868 0 0 0 0 -1.07288
414 415 0.0331457 0 -1.03736 0 0 0 0 -1.00421
415 416 0.0458119 0 -0.877201 0 0 0 0 -0.83139
416 417 0.0491473 0 0 0 0 0 0 0.0491473
417 418 0.0705899 0.000187775 -0 0 0 0 0 0.0707777
418 419 0.022691 0 -0.736744 0 0 0 0 -0.714053
420 421 0.158373 0 0 0 0 0 0 0.158373
421 422 0.0619918 0 -1.41646 0 0 0 0 -1.35446
422 423 0.0346205 0 -1.18498 0 0 0 0 -1.15036
423 424 0.124282 0 -1.15274 0 0 0 0 -1.02846
424 425 0.00123443 0 -0.672689 0 0 0 0 -0.671454
425 426 0.120455 0 0 0 0 0 0 0.120455
426 427 0.000317414 0 0 0 0 0 0 0.000317414
427 428 0.00607955 0 -0.595656 0 0 0 0 -0.589577
428 429 0.150974 0 0 0 0 0 0 0.150974
429 430 0.000362251 0 0 0 0 0 0 0.000362251
430 431 0.0109563 0 -0.942124 0 0 0 0 -0.931168
431 432 0.167462 0 -1.42473 0 0 0 0 -1.25727
432 433 0.0182569 0 -0.855382 0 0 0 0 -0.837126
433 434 0.0359918 0 0 0 0 0 0 0.0359918
434 435 0.202193 0 -1.12268 0 0 0 0 -0.920488
435 436 2.20612e-05 0 -1.21289 0 0 0 0 -1.21287
436 437 0.042326 0 -0.980964 0 0 0 0 -0.938638
437 438 0.0246786 0 -1.27983 0 0 0 0 -1.25515
438 439 0.114223 0 -1.41812 0 0 0 0 -1.3039
440 441 0.00487799 0 0 0 0 0 0 0.00487799
441 442 0.0050163 0 0 0 0 0 0 0.0050163
442 443 0.144384 0 -1.31634 0 0 0 0 -1.17195
443 444 0.00414121 0 0 0 0 0 0 0.00414121
444 445 0.0143381 0 -1.32416 0 0 0 0 -1.30982
445 446 0.000293942 0 -0 0 0 0 0 0.000293942
446 447 0.00878687 0 0 0 0 0 0 0.00878687
447 448 0.0171932 0 -1.17605 0 0 0 0 -1.15885
448 449 0.0248939 0 -1.19087 0 0 0 0 -1.16597
449 450 0.0439036 0 -0.970547 0 0 0 0 -0.926644
450 451 0.00477625 0 -0.840487 0 0 0 0 -0.835711
451 452 0.191136 0 -1.30677 0 0 0 0 -1.11563
452 453 0.0122714 0 0 0 0 0 0 0.0122714
453 454 0.00748653 0 0 0 0 0 0 0.00748653
454 455 0.11548 0 -0.958891 0 0 0 0 -0.843411
455 456 0.150491 0 0 0 0 0 0 0.150491
456 457 0.137163 0 0 0 0 0 0 0.137163
457 458 0.150766 0 0 0 0 0 0 0.150766
458 459 0.0362967 0 -0.981456 0 0 0 0 -0.945159
460 461 0.00222726 0 -1.34351 0 0 0 0 -1.34128
461 462 0.0065916 0 -0.947011 0 0 0 0 -0.940419
462 463 0.00504321 0 -1.39155 0 0 0 0 -1.3865
463 464 0.000424715 0 -1.22694 0 0 0 0 -1.22651
464 465 0.0403436 0 -1.27894 0 0 0 0 -1.2386
465 466 0.198694 0 -1.21417 0 0 0 0 -1.01548
466 467 0.00358013 0 -1.0981 0 0 0 0 -1.09452
467 468 0.510573 0 -1.39044 0 0 0 0 -0.879869
468 469 0.0244963 0 -1.01671 0 0 0 0 -0.992209
469 470 0.0707681 0 0 0 0 0 0 0.0707681
470 471 2.69078e-05 0 0 0 0 0 0 2.69078e-05
471 472 0.00105217 0 -1.27779 0 0 0 0 -1.27674
472 473 0.03991 0 -1.21113 0 0 0 0 -1.17122
473 474 0.0102068 0 -0 0 0 0 0 0.0102068
474 475 0.421175 0 0 0 0 0 0 0.421175
475 476 0.0491058 0 -0 0 0 0 0 0.0491058
476 477 0.0112256 0 -0.902255 0 0 0 0 -0.89103
477 478 0.140006 0 -1.31435 0 0 0 0 -1.17435
478 479 0.000183407 0 -1.01236 0 0 0 0 -1.01217
480 481 0.212886 0 -1.16605 0 0 0 0 -0.953159
481 482 0.0200635 0 -1.21265 0 0 0 0 -1.19259
482 483 0.00167869 0 0 0 0 0 0 0.00167869
483 484 0.0368054 0 -1.21374 0 0 0 0 -1.17693
484 485 3.71257e-05 0 -1.20922 0 0 0 0 -1.20919
485 486 0.00986378 0 0 0 0 0 0 0.00986378
486 487 0.0212213 0 -1.25845 0 0 0 0 -1.23723
487 488 0.235633 0 -0.982546 0 0 0 0 -0.746913
488 489 0.150625 0 -1.26959 0 0 0 0 -1.11896
489 490 0.130254 0 -1.01899 0 0 0 0 -0.888731
490 491 0.0811939 0 -1.20837 0 0 0 0 -1.12718
491 492 0.0246036 0 -0.893087 0 0 0 0 -0.868484
492 493 0.0677185 0 -1.2022 0 0 0 0 -1.13448
493 494 0.0749749 0 -1.17773 0 0 0 0 -1.10276
494 495 0.0015378 0 0 0 0 0 0 0.0015378
495 496 0.182601 0 0 0 0 0 0 0.182601
496 497 0.0483246 0 -1.07033 0 0 0 0 -1.022
497 498 0.112244 0 -1.28897 0 0 0 0 -1.17673
498 499 0.0205817 0 -1.3187 0 0 0 0 -1.29812
500 501 0.0142552 0 0 0 0 0 0 0.0142552
501 502 0.000597689 0 -1.34802 0 0 0 0 -1.34742
502 503 0.207223 0 0 0 0 0 0 0.207223
503 504 0.00906342 0 0 0 0 0 0 0.00906342
504 505 0.143328 0 -1.30387 0 0 0 0 -1.16054
505 506 0.00124974 0 -0.954937 0 0 0 0 -0.953687
506 507 0.000833374 0 0 0 0 0 0 0.000833374
507 508 0.314948 0 -0.843145 0 0 0 0 -0.528197
508 509 0.0130177 0 -0.64412 0 0 0 0 -0.631102
509 510 0.0795777 0 -1.26312 0 0 0 0 -1.18354
510 511 0.0248169 0 -1.20266 0 0 0 0 -1.17784
511 512 0.00900901 0 -1.43601 0 0 0 0 -1.427
512 513 0.00233925 0 -1.05685 0 0 0 0 -1.05451
513 514 0.00879199 0 -1.45285 0 0 0 0 -1.44405
514 515 4.14329e-05 0 -1.08059 0 0 0 0 -1.08055
515 516 0.00727807 0 0 0 0 0 0 0.00727807
516 517 0.0342978 0 -1.03994 0 0 0 0 -1.00564
517 518 0.00456882 0 -1.35399 0 0 0 0 -1.34943
518 519 0.0403756 0 -1.30064 0 0 0 0 -1.26026
520 521 0.0824236 0 -1.2017 0 0 0 0 -1.11928
521 522 0.0254625 0 -1.12878 0 0 0 0 -1.10332
522 523 0.0113367 0 -0.999931 0 0 0 0 -0.988594
523 524 0.0534709 0 0 0 0 0 0 0.0534709
524 525 0.0349285 0 -0.870732 0 0 0 0 -0.835803
525 526 0.164278 0 -1.20668 0 0 0 0 -1.04241
526 527 0.0123452 0 0 0 0 0 0 0.0123452
527 528 0.0734305 0 -1.09683 0 0 0 0 -1.0234
528 529 0.00155243 0 -0.103561 0 0 0 0 -0.102008
529 530 0.0166976 0 -1.31654 0 0 0 0 -1.29985
530 531 0.0240112 0 -1.17155 0 0 0 0 -1.14754
531 532 0.000697015 0 -0.648614 0 0 0 0 -0.647917
532 533 0.0899684 0 -1.11117 0 0 0 0 -1.0212
533 534 0.00235114 0 -1.33221 0 0 0 0 -1.32986
534 535 0.154491 0 0 0 0 0 0 0.154491
535 536 0.181134 0 -0.971953 0 0 0 0 -0.790819
536 537 0.0216621 0 -0 0 0 0 0 0.0216621
537 538 0.0792913 0 0 0 0 0 0 0.0792913
538 539 0.0768374 0 -0.895187 0 0 0 0 -0.818349
540 541 0.000800437 0 -1.22452 0 0 0 0 -1.22372
541 542 0.00468017 0 -1.11246 0 0 0 0 -1.10778
542 543 0.0257882 0 -0.886838 0 0 0 0 -0.86105
543 544 0.00247327 0 -1.09632 0 0 0 0 -1.09385
544 545 0.124388 0 -1.33363 0 0 0 0 -1.20924
545 546 0.103264 0 -1.27144 0 0 0 0 -1.16817
546 547 0.0495566 0 -1.317 0 0 0 0 -1.26745
547 548 0.0423665 0 -1.05057 0 0 0 0 -1.0082
548 549 8.44435e-07 0 0 0 0 0 0 8.44435e-07
549 550 0.00385681 0 -0.875806 0 0 0 0 -0.871949
550 551 0.0700675 0 0 0 0 0 0 0.0700675
551 552 0.105416 0 0 0 0 0 0 0.105416
551 553 0 0 0 0.0212737 0 0 0 0.0212737
552 553 0.00489291 0 -0.862991 0 0 0 0 -0.858098
553 554 0.000538061 0 -1.40778 0 0 0 0 -1.40724
554 555 0.000360589 0 -1.22299 0 0 0 0 -1.22263
555 556 0.00416022 0 0 0 0 0 0 0.00416022
556 557 0.00224919 0 0 0 0 0 0 0.00224919
557 558 0.207659 0 -1.04177 0 0 0 0 -0.834108
558 559 0.00218837 0 0 0 0 0 0 0.00218837
560 561 0.000333622 0 -1.22183 0 0 0 0 -1.2215
561 562 0.0129456 0 0 0 0 0 0 0.0129456
562 563 0.000744294 0 0 0 0 0 0 0.000744294
563 564 0.0125074 0 -1.24518 0 0 0 0 -1.23267
564 565 0.00682693 0 -0.914053 0 0 0 0 -0.907227
565 566 0.0420796 0 -0.930647 0 0 0 0 -0.888568
566 567 0.0500873 0 -0.687909 0 0 0 0 -0.637822
567 568 0.00285361 0 -1.34301 0 0 0 0 -1.34016
568 569 0.0662269 0 -1.16712 0 0 0 0 -1.10089
569 570 0.262556 0 0 0 0 0 0 0.262556
570 571 0.0109678 0 -1.41452 0 0 0 0 -1.40355
571 572 0.0547303 0 -1.11566 0 0 0 0 -1.06093
572 573 0.00550751 0 -0 0 0 0 0 0.00550751
573 574 0.0118559 0 0 0 0 0 0 0.0118559
574 575 0.0557353 0 0 0 0 0 0 0.0557353
575 576 0.0714133 0 -1.31425 0 0 0 0 -1.24283
576 577 0.0394309 0 -1.39939 0 0 0 0 -1.35996
577 578 0.0278959 0 -0.98587 0 0 0 0 -0.957974
578 579 0.0074806 0 -1.24611 0 0 0 0 -1.23863
580 581 0.00621111 0 -0.611009 0 0 0 0 -0.604798
581 582 0.00527423 0 -1.19093 0 0 0 0 -1.18565
582 583 0.0117 0 -1.22513 0 0 0 0 -1.21343
583 584 0.0786999 0 -1.19552 0 0 0 0 -1.11682
584 585 0.101255 0 -1.13471 0 0 0 0 -1.03346
585 586 0.140458 0 -1.3823 0 0 0 0 -1.24184
586 587 0.000465691 0 -0 0 0 0 0 0.000465691
587 588 0.313935 0 0 0 0 0 0 0.313935
588 589 0.000413215 0 -1.22491 0 0 0 0 -1.22449
589 590 0.0261565 0 -1.34959 0 0 0 0 -1.32343
590 591 0.0226419 0 0 0 0 0 0 0.0226419
591 592 0.113149 0 0 0 0 0 0 0.113149
592 593 0.0541706 0 0 0 0 0 0 0.0541706
593 594 0.000117517 0 -0.824642 0 0 0 0 -0.824524
594 595 0.053349 0 0 0 0 0 0 0.053349
595 596 0.00277733 0 -0.776515 0 0 0 0 -0.773738
596 597 0.00612885 0 -1.13529 0 0 0 0 -1.12916
597 598 0.00470135 0 -0.722033 0 0 0 0 -0.717331
598 599 0.0314336 0 -1.3467 0 0 0 0 -1.31527
600 601 0.0569649 0 0 0 0 0 0 0.0569649
601 602 0.010774 0 -1.11505 0 0 0 0 -1.10428
602 603 0.0760366 0 0 0 0 0 0 0.0760366
603 604 0.0120767 0 -1.23507 0 0 0 0 -1.223
604 605 0.0668889 0 0 0 0 0 0 0.0668889
605 606 0.00222849 0 0 0 0 0 0 0.00222849
606 607 0.0744538 0 0 0 0 0 0 0.0744538
607 608 0.0287014 0 -1.0027 0 0 0 0 -0.973998
608 609 0.0062964 0 -1.19062 0 0 0 0 -1.18433
609 610 0.0849141 0 -1.29732 0 0 0 0 -1.2124
610 611 0.0677178 0 -1.30452 0 0 0 0 -1.23681
611 612 0.120817 0 -1.19466 0 0 0 0 -1.07385
612 613 0.0263442 0 -1.37336 0 0 0 0 -1.34701
613 614 0.00314354 0 0 0 0 0 0 0.00314354
614 615 8.16208e-05 0 -1.22429 0 0 0 0 -1.22421
615 616 0.0209718 0 -1.25519 0 0 0 0 -1.23422
616 617 0.0717651 0 -1.2861 0 0 0 0 -1.21434
617 618 0.0636826 0 0 0 0 0 0 0.0636826
618 619 0.138936 0 0 0 0 0 0 0.138936
620 621 0.00576736 0 -1.1621 0 0 0 0 -1.15633
621 622 0.0444989 0 0 0 0 0 0 0.0444989
622 623 0.110589 0 0 0 0 0 0 0.110589
623 624 0.0202352 0 0 0 0 0 0 0.0202352
624 625 0.132822 0 0 0 0 0 0 0.132822
625 626 0.0710596 0 -0.743321 0 0 0 0 -0.672261
626 627 0.0871601 0 0 0 0 0 0 0.0871601
627 628 0.000342592 0 0 0 0 0 0 0.000342592
628 629 0.0623226 0 0 0 0 0 0 0.0623226
629 630 0.234942 0 -0 0 0 0 0 0.234942
630 631 0.028566 0 -1.00313 0 0 0 0 -0.974568
631 632 0.00256669 0 -1.39662 0 0 0 0 -1.39406
632 633 0.0139629 0 -1.09032 0 0 0 0 -1.07635
633 634 2.92844e-05 0 -1.22622 0 0 0 0 -1.22619
634 635 0.0275521 0 -1.26564 0 0 0 0 -1.23808
635 636 0.00464441 0 0 0 0 0 0 0.00464441
636 637 0.0060638 0 0 0 0 0 0 0.0060638
637 638 0.00144599 0 -1.19894 0 0 0 0 -1.19749
638 639 0.0171298 0 -0.96606 0 0 0 0 -0.94893
640 641 0.0396708 0 -1.25106 0 0 0 0 -1.21138
641 642 0.0201936 0 -1.43299 0 0 0 0 -1.4128
642 643 0.00190208 0 0 0 0 0 0 0.00190208
643 644 0.0161707 0 0 0 0 0 0 0.0161707
644 645 0.0527304 0 0 0 0 0 0 0.0527304
645 646 0.569314 0 -1.28365 0 0 0 0 -0.714332
646 647 0.0596421 0 -1.23998 0 0 0 0 -1.18034
647 648 0.0898894 0 -0.960373 0 0 0 0 -0.870484
648 649 0.0754272 0 -1.35824 0 0 0 0 -1.28281
647 650 0 0 0 0 -0 -0.00883522 0 -0.00883522
649 650 0.00624542 0 -0 0 0 0 0 0.00624542
650 651 0.273108 0 0 0 0 0 0 0.273108
651 652 0.0662801 0 0 0 0 0 0 0.0662801
652 653 0.0770943 0 0 0 0 0 0 0.0770943
653 654 0.158791 0 -1.20251 0 0 0 0 -1.04371
654 655 0.0252732 0 0 0 0 0 0 0.0252732
655 656 0.0253627 0 0 0 0 0 0 0.0253627
656 657 0.00422518 0 -0.819641 0 0 0 0 -0.815416
657 658 0.00511886 0 -1.12478 0 0 0 0 -1.11966
658 659 0.112269 0 -0 0 0 0 0 0.112269
660 661 0.182264 0 0 0 0 0 0 0.182264
661 662 0.00122939 0 -1.11692 0 0 0 0 -1.11569
662 663 0.0041171 0 0 0 0 0 0 0.0041171
663 664 0.0174018 0 -1.34351 0 0 0 0 -1.32611
664 665 0.0353769 0 -1.34636 0 0 0 0 -1.31098
665 666 0.000893822 0 -1.28441 0 0 0 0 -1.28352
666 667 0.0775864 0 0 0 0 0 0 0.0775864
667 668 0.0853284 0 -1.23511 0 0 0 0 -1.14978
668 669 0.213667 0 -1.25197 0 0 0 0 -1.03831
669 670 0.0155644 0 0 0 0 0 0 0.0155644
670 671 4.07993e-05 0 -1.37903 0 0 0 0 -1.37899
671 672 0.142562 0 0 0 0 0 0 0.142562
672 673 0.56119 0 -1.15863 0 0 0 0 -0.597443
673 674 1.83786e-06 0 0 0 0 0 0 1.83786e-06
674 675 0.0104417 0 -1.01965 0 0 0 0 -1.0092
675 676 0.00707859 0 -1.42211 0 0 0 0 -1.41503
676 677 0.00031357 0 -1.36403 0 0 0 0 -1.36371
677 678 0.0241613 0 0 0 0 0 0 0.0241613
678 679 0.00019768 0 -1.02394 0 0 0 0 -1.02374
680 681 0.155356 0 -0.905629 0 0 0 0 -0.750273
681 682 0.0222893 0 0 0 0 0 0 0.0222893
682 683 0.00730336 0 0 0 0 0 0 0.00730336
683 684 0.007003 0 0 0 0 0 0 0.007003
684 685 0.00667164 0 0 0 0 0 0 0.00667164
685 686 0.0409939 0 0 0 0 0 0 0.0409939
686 687 1.2935e-05 0 -1.25418 0 0 0 0 -1.25417
687 688 0.0267469 0 0 0 0 0 0 0.0267469
688 689 0.00201704 0 -1.18375 0 0 0 0 -1.18174
689 690 0.0463389 0 0 0 0 0 0 0.0463389
690 691 0.016637 0 -0 0 0 0 0 0.016637
691 692 0.0202384 0 0 0 0 0 0 0.0202384
692 693 5.61555e-05 0 0 0 0 0 0 5.61555e-05
693 694 0.0593572 0 -1.15901 0 0 0 0 -1.09966
689 695 0 0 0 0 0 -0 -1.12986e-16 -1.12986e-16
694 695 0.1038 0 -1.10423 0 0 0 0 -1.00043
695 696 0.0103088 0 0 0 0 0 0 0.0103088
696 697 0.0104487 0 0 0 0 0 0 0.0104487
697 698 3.88409e-05 0 -0 0 0 0 0 3.88409e-05
698 699 0.272322 0 -1.22371 0 0 0 0 -0.951392
700 701 0.0211123 0 0 0 0 0 0 0.0211123
701 702 0.00165992 0 -1.33446 0 0 0 0 -1.3328
702 703 0.0677699 0 -1.04723 0 0 0 0 -0.97946
703 704 0.0475313 0 -0.931083 0 0 0 0 -0.883552
704 705 0.0133664 0 -0.532636 0 0 0 0 -0.519269
705 706 0.0476046 0 -1.30007 0 0 0 0 -1.25247
706 707 0.0395186 0 0 0 0 0 0 0.0395186
707 708 0.154226 0 0 0 0 0 0 0.154226
708 709 0.0135084 0 -1.2619 0 0 0 0 -1.24839
707 710 0 0 0 0.0486864 0 0 0 0.0486864
709 710 0.00254792 0 0 0 0 0 0 0.00254792
710 711 0.117243 0 -1.272 0 0 0 0 -1.15476
711 712 0.00266443 0 -1.44061 0 0 0 0 -1.43794
712 713 0.0270944 0 -1.18562 0 0 0 0 -1.15853
713 714 0.0991403 0 0 0 0 0 0 0.0991403
714 715 0.0564367 0 -1.3019 0 0 0 0 -1.24546
715 716 0.0495398 0 -0.784373 0 0 0 0 -0.734833
713 717 0 0 0 0 -0.00878923 -0 0 -0.00878923
716 717 0.00105812 0 -1.22672 0 0 0 0 -1.22566
717 718 0.0402591 0 0 0 0 0 0 0.0402591
718 719 0.0290111 0 -1.26446 0 0 0 0 -1.23545
720 721 0.00693769 0 0 0 0 0 0 0.00693769
721 722 0.00523548 0 0 0 0 0 0 0.00523548
722 723 0.0830425 0 -1.03414 0 0 0 0 -0.951099
723 724 0.0160998 0 -1.37486 0 0 0 0 -1.35876
724 725 0.000266648 0 -1.07515 0 0 0 0 -1.07488
725 726 0.00991369 0 0 0 0 0 0 0.00991369
726 727 0.00171825 0 0 0 0 0 0 0.00171825
727 728 0.0656821 0 0 0 0 0 0 0.0656821
728 729 0.0524512 0 0 0 0 0 0 0.0524512
729 730 0.00493415 0 -1.24113 0 0 0 0 -1.23619
730 731 0.0577119 0 -0 0 0 0 0 0.0577119
731 732 0.000665544 0 -0.970576 0 0 0 0 -0.96991
732 733 0.14935 0 -1.26128 0 0 0 0 -1.11193
733 734 0.0279942 0 0 0 0 0 0 0.0279942
734 735 0.0100818 0 0 0 0 0 0 0.0100818
735 736 0.0401394 0 0 0 0 0 0 0.0401394
736 737 0.000515631 0 0 0 0 0 0 0.000515631
737 738 0.0494389 0 -1.01207 0 0 0 0 -0.962629
738 739 0.102907 0 0 0 0 0 0 0.102907
740 741 0.130688 0 0 0 0 0 0 0.130688
741 742 0.0303681 0 0 0 0 0 0 0.0303681
742 743 0.00283302 0 -1.30426 0 0 0 0 -1.30143
743 744 0.025627 0 -1.35492 0 0 0 0 -1.32929
744 745 0.0189742 0 0 0 0 0 0 0.0189742
745 746 0.00453401 0 0 0 0 0 0 0.00453401
746 747 0.000279337 0 -1.2917 0 0 0 0 -1.29142
747 748 0.185246 0 0 0 0 0 0 0.185246
748 749 0.00150995 0 -1.28422 0 0 0 0 -1.28271
749 750 0.114723 0 0 0 0 0 0 0.114723
750 751 0.0988995 0 0 0 0 0 0 0.0988995
751 752 0.017031 0 -1.41344 0 0 0 0 -1.39641
752 753 0.0188052 0 0 0 0 0 0 0.0188052
753 754 0.00114995 0 -1.14487 0 0 0 0 -1.14372
754 755 0.123845 0 0 0 0 0 0 0.123845
755 756 0.00204112 0 -1.03977 0 0 0 0 -1.03773
756 757 0.0156027 0 0 0 0 0 0 0.0156027
757 758 0.00263321 0 -1.36765 0 0 0 0 -1.36502
758 759 0.0255881 0 0 0 0 0 0 0.0255881
760 761 0.00146273 0 -1.37569 0 0 0 0 -1.37423
761 762 0.00454708 0 -1.22273 0 0 0 0 -1.21818
762 763 1.88075e-07 0 0 0 0 0 0 1.88075e-07
763 764 0.00830883 0 -1.17694 0 0 0 0 -1.16863
764 765 0.14393 0 -1.1383 0 0 0 0 -0.994371
765 766 0.0912108 0 0 0 0 0 0 0.0912108
766 767 0.0253717 0 0 0 0 0 0 0.0253717
767 768 0.000351275 0 -1.13251 0 0 0 0 -1.13216
768 769 0.000253672 0 -1.33136 0 0 0 0 -1.33111
769 770 0.11608 0 -1.26545 0 0 0 0 -1.14937
766 771 0 0 0 0 -0 -0.000773836 0 -0.000773836
770 771 0.0516919 0 -1.4121 0 0 0 0 -1.36041
771 772 0.0624739 0 0 0 0 0 0 0.0624739
772 773 0.00735697 0 -0.837864 0 0 0 0 -0.830507
773 774 0.0627167 0 -1.43114 0 0 0 0 -1.36842
774 775 0.023816 0 -1.18807 0 0 0 0 -1.16425
775 776 0.023124 0 0 0 0 0 0 0.023124
776 777 0.0768486 0 -1.02501 0 0 0 0 -0.94816
777 778 0.00268057 0 -1.33089 0 0 0 0 -1.32821
778 779 0.096805 0 -1.12015 0 0 0 0 -1.02334
780 781 0.0678427 0 0 0 0 0 0 0.0678427
781 782 0.0101371 0 -1.19346 0 0 0 0 -1.18332
782 783 0.121484 0 -0.887774 0 0 0 0 -0.76629
783 784 0.1929 0 -0 0 0 0 0 0.1929
784 785 0.0581833 0 0 0 0 0 0 0.0581833
785 786 0.0448887 0 -1.34134 0 0 0 0 -1.29645
786 787 0.0896801 0 -1.20761 0 0 0 0 -1.11793
787 788 2.49429e-06 0 -1.25763 0 0 0 0 -1.25763
788 789 0.00214844 0 -1.24029 0 0 0 0 -1.23815
789 790 0.0630925 0 -1.18212 0 0 0 0 -1.11902
790 791 0.0465085 0 -1.27154 0 0 0 0 -1.22503
791 792 0.0784923 0 0 0 0 0 0 0.0784923
792 793 0.0566587 0 -1.35665 0 0 0 0 -1.3
793 794 0.00661019 0 -1.33032 0 0 0 0 -1.32371
794 795 0.0323208 0 0 0 0 0 0 0.0323208
795 796 0.0459684 0 -1.31693 0 0 0 0 -1.27096
796 797 0.00138519 0 -1.30272 0 0 0 0 -1.30133
797 798 0.0970722 0 -0.779014 0 0 0 0 -0.681942
798 799 0.0209743 0 0 0 0 0 0 0.0209743
#Total energy per particle is  -0.602862 and should be -0.60286210
