           0   0.000000
       10000  -1.476201
       20000  -5.468340
       30000  -6.119046
       40000  -4.750284
       50000  -3.848653
       60000  -4.018224
       70000  -3.198747
       80000  -1.718942
       90000  -6.345204
      100000  -6.405967
      110000  -6.899214
      120000  -6.556237
      130000  -4.162533
      140000  -4.066927
      150000  -5.485313
      160000  -3.320123
      170000  -4.118421
      180000  -4.586407
      190000  -5.955530
      200000  -5.526528
