#id1 id2 FENE BEXC STCK NEXC HB CRSTCK CXSTCK total, t = 200000
0 1 0.000350875 0 -1.13052 0 0 0 0 -1.13017
1 2 0.282436 0 -0 0 0 0 0 0.282436
2 3 0.0228981 0 -0.891016 0 0 0 0 -0.868118
3 4 0.0324754 0 -1.30197 0 0 0 0 -1.2695
4 5 0.0601029 0 -1.28862 0 0 0 0 -1.22852
5 6 0.01309 0 -0 0 0 0 0 0.01309
6 7 0.0484868 0 -1.2329 0 0 0 0 -1.18441
5 8 0 0 0 0 0 -0.00754779 0 -0.00754779
7 8 0.000929054 0 -0.981313 0 0 0 0 -0.980384
8 9 0.0659336 0 -1.26204 0 0 0 0 -1.19611
9 10 0.000232751 0 -0.999634 0 0 0 0 -0.999401
10 11 0.0723771 0 -0 0 0 0 0 0.0723771
11 12 0.00612097 0 0 0 0 0 0 0.00612097
12 13 0.000864026 0 -0.769412 0 0 0 0 -0.768548
13 14 0.00243038 0 -1.19804 0 0 0 0 -1.19561
14 15 0.073375 0 0 0 0 0 0 0.073375
15 16 0.141523 0 0 0 0 0 0 0.141523
16 17 0.000121099 0 -1.0282 0 0 0 0 -1.02808
17 18 0.0746284 0 -1.10829 0 0 0 0 -1.03366
18 19 0.0142053 0 0 0 0 0 0 0.0142053
20 21 0.0673884 0 -1.28556 0 0 0 0 -1.21818
21 22 0.0201036 0 -0.770224 0 0 0 0 -0.750121
22 23 0.00268004 0 0 0 0 0 0 0.00268004
23 24 0.0310032 0 -1.0151 0 0 0 0 -0.984093
24 25 0.000770924 0 0 0 0 0 0 0.000770924
25 26 0.00176626 0 -1.238 0 0 0 0 -1.23623
26 27 0.00401239 0 -0.436936 0 0 0 0 -0.432923
27 28 0.0902653 0 0 0 0 0 0 0.0902653
28 29 0.0304842 0 -1.41784 0 0 0 0 -1.38736
29 30 0.0137946 0 -1.32129 0 0 0 0 -1.3075
30 31 0.00107216 0 -0 0 0 0 0 0.00107216
31 32 0.00122799 0 0 0 0 0 0 0.00122799
32 33 0.0349596 0 -1.25721 0 0 0 0 -1.22225
33 34 0.0220102 0 -1.21005 0 0 0 0 -1.18804
34 35 0.0204324 0 0 0 0 0 0 0.0204324
35 36 0.0776995 0 -1.27485 0 0 0 0 -1.19715
36 37 0.0896381 0 -1.04857 0 0 0 0 -0.958931
37 38 0.00215841 0 0 0 0 0 0 0.00215841
38 39 0.119309 0 -1.32986 0 0 0 0 -1.21055
40 41 0.0178877 0 -1.09688 0 0 0 0 -1.07899
41 42 0.14715 0 -1.3735 0 0 0 0 -1.22635
42 43 0.0338912 0 -1.34716 0 0 0 0 -1.31327
43 44 0.0299799 0 -1.27964 0 0 0 0 -1.24966
44 45 0.0167624 0 -0 0 0 0 0 0.0167624
45 46 0.0148438 0 -1.27864 0 0 0 0 -1.2638
46 47 0.030438 0 -1.30683 0 0 0 0 -1.27639
47 48 0.0145531 0 -0 0 0 0 0 0.0145531
48 49 0.00357372 0 -0 0 0 0 0 0.00357372
49 50 0.0336044 0 0 0 0 0 0 0.0336044
50 51 0.0478942 0 0 0 0 0 0 0.0478942
51 52 0.00827025 0 0 0 0 0 0 0.00827025
47 53 0 0 0 0 -0 -0.0824424 0 -0.0824424
52 53 0.00635791 0 0 0 0 0 0 0.00635791
53 54 0.0341869 0 0 0 0 0 0 0.0341869
54 55 0.00392828 0 0 0 0 0 0 0.00392828
55 56 0.000650982 0 0 0 0 0 0 0.000650982
56 57 0.00675483 0.00357053 0 0 0 0 0 0.0103254
57 58 0.00425356 0 -0 0 0 0 0 0.00425356
58 59 0.0145 0 0 0 0 0 0 0.0145
60 61 0.0997096 0 -0.7814 0 0 0 0 -0.681691
61 62 0.0291301 0 0 0 0 0 0 0.0291301
62 63 0.151871 0 -1.18617 0 0 0 0 -1.0343
63 64 0.0300273 0 -1.30457 0 0 0 0 -1.27454
64 65 0.000851109 0 -1.15059 0 0 0 0 -1.14974
65 66 0.061728 0 -1.23754 0 0 0 0 -1.17582
66 67 0.174228 0 -1.09157 0 0 0 0 -0.917345
67 68 0.000913994 0 0 0 0 0 0 0.000913994
68 69 0.00201068 0 -0.942073 0 0 0 0 -0.940062
69 70 0.00420963 0 -0 0 0 0 0 0.00420963
70 71 0.000278434 0 0 0 0 0 0 0.000278434
71 72 0.00198534 0 -1.16841 0 0 0 0 -1.16643
72 73 0.0849419 0 -1.0718 0 0 0 0 -0.986854
73 74 0.185673 0 -1.27144 0 0 0 0 -1.08576
74 75 0.000978463 0 -1.41135 0 0 0 0 -1.41037
75 76 0.00524573 0 -1.33948 0 0 0 0 -1.33424
76 77 0.01537 0 -0.254103 0 0 0 0 -0.238733
77 78 0.00559498 0 -1.23386 0 0 0 0 -1.22827
78 79 0.00727063 0 -1.40593 0 0 0 0 -1.39866
80 81 0.0310965 0 0 0 0 0 0 0.0310965
81 82 0.0056383 0 -0 0 0 0 0 0.0056383
82 83 0.00799378 0 -0 0 0 0 0 0.00799378
83 84 0.0189468 0 -0 0 0 0 0 0.0189468
84 85 0.0627791 0 -0.736978 0 0 0 0 -0.674199
85 86 0.226425 0 -0.992953 0 0 0 0 -0.766528
86 87 0.0425656 0 -1.34454 0 0 0 0 -1.30198
87 88 0.104793 0 -1.43838 0 0 0 0 -1.33359
88 89 0.332141 0 0 0 0 0 0 0.332141
89 90 0.0266597 0 -0 0 0 0 0 0.0266597
90 91 0.0051529 0 0 0 0 0 0 0.0051529
91 92 0.0211273 0 0 0 0 0 0 0.0211273
92 93 0.0576219 0 0 0 0 0 0 0.0576219
93 94 0.0702689 0 -1.2725 0 0 0 0 -1.20223
94 95 0.0814137 0 -1.21173 0 0 0 0 -1.13032
95 96 0.132361 0 -1.27808 0 0 0 0 -1.14572
96 97 0.000518474 0 0 0 0 0 0 0.000518474
97 98 0.000589392 0 0 0 0 0 0 0.000589392
98 99 4.31172e-06 0 -1.3332 0 0 0 0 -1.33319
100 101 0.0805205 0 -1.18742 0 0 0 0 -1.1069
101 102 0.000433866 0 -1.17921 0 0 0 0 -1.17877
102 103 1.35614e-05 0 -1.30347 0 0 0 0 -1.30346
103 104 0.153614 0 -0.98405 0 0 0 0 -0.830436
104 105 0.0139161 0 -1.22108 0 0 0 0 -1.20717
105 106 0.361142 0 -0.632231 0 0 0 0 -0.271089
106 107 0.00962031 0 0 0 0 0 0 0.00962031
107 108 0.0283352 0 -1.01377 0 0 0 0 -0.985436
108 109 0.00300228 0 0 0 0 0 0 0.00300228
109 110 0.000371604 0 -1.03747 0 0 0 0 -1.0371
110 111 0.00948338 0 -1.26689 0 0 0 0 -1.25741
111 112 0.00255969 0 0 0 0 0 0 0.00255969
112 113 0.149921 0 0 0 0 0 0 0.149921
113 114 0.00109971 0 -1.37326 0 0 0 0 -1.37216
114 115 0.0482845 0 -1.1774 0 0 0 0 -1.12912
115 116 0.078754 0 -1.30013 0 0 0 0 -1.22137
116 117 0.0610724 0 -1.41416 0 0 0 0 -1.35309
117 118 0.0411601 0 -0.832948 0 0 0 0 -0.791787
118 119 0.00177495 0 0 0 0 0 0 0.00177495
120 121 0.132858 0 0 0 0 0 0 0.132858
121 122 0.0129216 0 0 0 0 0 0 0.0129216
122 123 0.00186558 0 0 0 0 0 0 0.00186558
123 124 0.00916103 0 0 0 0 0 0 0.00916103
124 125 0.000285216 0 -0.0747472 0 0 0 0 -0.074462
125 126 0.015118 0 -1.23709 0 0 0 0 -1.22197
126 127 0.180146 0 0 0 0 0 0 0.180146
127 128 0.193384 0 -1.34071 0 0 0 0 -1.14733
128 129 0.00545874 0 -1.19123 0 0 0 0 -1.18577
129 130 0.00857107 0 0 0 0 0 0 0.00857107
130 131 0.0420274 0 -1.34445 0 0 0 0 -1.30243
131 132 0.201888 0 0 0 0 0 0 0.201888
132 133 0.00107293 0 -1.34896 0 0 0 0 -1.34788
133 134 0.121307 0 -1.11335 0 0 0 0 -0.992042
134 135 0.0158154 0 0 0 0 0 0 0.0158154
135 136 0.000990725 0 0 0 0 0 0 0.000990725
136 137 0.0063197 0 -1.13347 0 0 0 0 -1.12715
137 138 0.0210512 0 -1.28494 0 0 0 0 -1.26389
138 139 0.11591 0 -0.717547 0 0 0 0 -0.601637
140 141 0.0618551 0 0 0 0 0 0 0.0618551
141 142 0.0332791 0 -0.818462 0 0 0 0 -0.785183
142 143 0.0105984 0 0 0 0 0 0 0.0105984
143 144 0.0657103 0 0 0 0 0 0 0.0657103
144 145 0.00396245 0 -0 0 0 0 0 0.00396245
145 146 0.042778 0 -1.31468 0 0 0 0 -1.2719
146 147 0.000166182 0 -1.03176 0 0 0 0 -1.03159
147 148 0.00811122 0 -1.38741 0 0 0 0 -1.3793
148 149 0.00277043 0 -1.01129 0 0 0 0 -1.00852
149 150 0.296475 0 -0.985427 0 0 0 0 -0.688952
150 151 0.0144822 0 -0.965046 0 0 0 0 -0.950564
151 152 0.00377805 0 0 0 0 0 0 0.00377805
152 153 0.0582597 0 -1.34409 0 0 0 0 -1.28583
153 154 0.048709 0 -1.22636 0 0 0 0 -1.17765
154 155 0.111749 0 0 0 0 0 0 0.111749
155 156 0.00113987 0 0 0 0 0 0 0.00113987
156 157 5.31365e-06 0 -1.03604 0 0 0 0 -1.03603
157 158 0.0350379 0 -1.25242 0 0 0 0 -1.21739
158 159 0.0124343 0 -1.18963 0 0 0 0 -1.1772
160 161 0.00807318 0 -1.31983 0 0 0 0 -1.31176
161 162 0.00298911 0 -1.14867 0 0 0 0 -1.14568
162 163 0.115978 0 -0.946078 0 0 0 0 -0.8301
163 164 0.00548712 0 -1.11596 0 0 0 0 -1.11048
164 165 0.00405349 0 -1.08665 0 0 0 0 -1.0826
165 166 0.00947146 0 0 0 0 0 0 0.00947146
166 167 0.00343846 0 0 0 0 0 0 0.00343846
167 168 0.019243 0 -1.36336 0 0 0 0 -1.34411
168 169 0.000680982 0 -1.31396 0 0 0 0 -1.31328
169 170 0.0912858 0 0 0 0 0 0 0.0912858
170 171 0.0651399 0 -1.08028 0 0 0 0 -1.01514
171 172 0.0130215 0 -1.11207 0 0 0 0 -1.09904
172 173 0.0715425 0 -1.4617 0 0 0 0 -1.39016
173 174 0.198284 0 0 0 0 0 0 0.198284
174 175 0.000460878 0 -1.38512 0 0 0 0 -1.38465
175 176 0.17024 0 -1.21773 0 0 0 0 -1.04749
176 177 0.0080606 0 -1.31321 0 0 0 0 -1.30515
177 178 0.00811204 0 -1.4337 0 0 0 0 -1.42559
178 179 0.0183655 0 -1.00813 0 0 0 0 -0.989762
180 181 1.93445e-05 0 0 0 0 0 0 1.93445e-05
181 182 0.0436912 0 -1.33044 0 0 0 0 -1.28675
182 183 0.0508805 0 -1.20409 0 0 0 0 -1.15321
183 184 0.00287913 0 -1.36427 0 0 0 0 -1.3614
184 185 0.0113428 0 -0.898787 0 0 0 0 -0.887444
185 186 0.194515 0 -1.4177 0 0 0 0 -1.22319
186 187 3.19103e-05 0 -1.30696 0 0 0 0 -1.30693
187 188 0.219213 0 -1.2862 0 0 0 0 -1.06698
188 189 0.00250166 0 -1.05653 0 0 0 0 -1.05403
189 190 0.106399 0 -0 0 0 0 0 0.106399
186 191 0 0 0 0 0 -7.18177e-05 -0 -7.18177e-05
185 191 0 0 0 0 0 -0.179983 0 -0.179983
190 191 0.00265902 0 -1.42925 0 0 0 0 -1.42659
186 192 0 0 0 0 -0 -0.13002 0 -0.13002
185 192 0 0 0 0 -0.824037 0 -0 -0.824037
184 192 0 0 0 0 -2.9811e-35 -0.151641 0 -0.151641
191 192 0.00570072 0 -1.2522 0 0 0 0 -1.2465
185 193 0 0 0 0 -0 -0.201872 0 -0.201872
184 193 0 0 0 0 -0.501306 0 -0 -0.501306
183 193 0 0 0 0 -2.90702e-28 -0.116369 0 -0.116369
192 193 6.25692e-05 0 -1.05451 0 0 0 0 -1.05444
184 194 0 0 0 0 -0 -0.199073 0 -0.199073
183 194 0 0 0 0 -0.866829 0 -0 -0.866829
182 194 0 0 0 0 0 -0.164055 0 -0.164055
193 194 0.0587092 0 -0.904359 0 0 0 0 -0.84565
183 195 0 0 0 0 0 -0.171225 -0 -0.171225
181 195 0 0 0 0 -0 -0.00419683 -0 -0.00419683
194 195 0.00213476 0 -1.26078 0 0 0 0 -1.25865
195 196 0.069672 0 0 0 0 0 0 0.069672
196 197 0.0209978 0 -1.2052 0 0 0 0 -1.1842
197 198 0.0336985 0 -1.0037 0 0 0 0 -0.970006
198 199 0.0275942 0 -1.3838 0 0 0 0 -1.35621
200 201 0.126138 0 -1.15194 0 0 0 0 -1.02581
201 202 0.0190648 0 -1.10734 0 0 0 0 -1.08827
202 203 0.0322547 0 -1.216 0 0 0 0 -1.18375
203 204 0.00654284 0 -1.104 0 0 0 0 -1.09746
204 205 0.0111895 0 -1.34492 0 0 0 0 -1.33373
205 206 0.000684342 0 -0.914863 0 0 0 0 -0.914178
206 207 0.0330184 0 -1.38536 0 0 0 0 -1.35234
207 208 0.0662057 0 -1.43891 0 0 0 0 -1.37271
208 209 0.0507387 0 0 0 0 0 0 0.0507387
209 210 0.000352489 0 0 0 0 0 0 0.000352489
210 211 0.0176854 0 -1.20066 0 0 0 0 -1.18297
207 212 0 0 0 0 -0 -0.0267474 -0 -0.0267474
206 212 0 0 0 0 -0 -0.0412064 0 -0.0412064
211 212 0.0248052 0 -1.08676 0 0 0 0 -1.06195
207 213 0 0 0 0 0 -0.152913 0 -0.152913
205 213 0 0 0 0 0 -0.126244 -0 -0.126244
212 213 0.00128312 0 -0.793386 0 0 0 0 -0.792103
206 214 0 0 0 0 -0 -0.0405868 0 -0.0405868
205 214 0 0 0 0 -0.70707 0 -0 -0.70707
204 214 0 0 0 0 -0 -0.176188 0 -0.176188
213 214 0.0832508 0 -1.27343 0 0 0 0 -1.19018
205 215 0 0 0 0 -0 -0.156781 0 -0.156781
204 215 0 0 0 0 -0.875703 0 -0 -0.875703
203 215 0 0 0 0 -2.64625e-28 -0.114018 0 -0.114018
214 215 0.00713303 0 -1.25638 0 0 0 0 -1.24924
204 216 0 0 0 0 -0 -0.110085 0 -0.110085
203 216 0 0 0 0 -0.621202 0 -0 -0.621202
202 216 0 0 0 0 0 -0.0857651 -0 -0.0857651
215 216 0.0887774 0 -1.31678 0 0 0 0 -1.228
203 217 0 0 0 0 0 -0.0737111 0 -0.0737111
202 217 0 0 0 0 -0.723474 0 -0 -0.723474
201 217 0 0 0 0 0 -0.0276084 0 -0.0276084
216 217 0.00367546 0 -1.04261 0 0 0 0 -1.03894
202 218 0 0 0 0 0 -0.142586 0 -0.142586
201 218 0 0 0 0 -0.705511 0 -0 -0.705511
200 218 0 0 0 0 0 -0.00251839 0 -0.00251839
217 218 0.0449525 0 -1.1458 0 0 0 0 -1.10085
201 219 0 0 0 0 0 -0.0899655 0 -0.0899655
200 219 0 0 0 0 -0.0577435 -0.000338189 0 -0.0580816
218 219 0.0089878 0 -1.297 0 0 0 0 -1.28801
220 221 0.030434 0 -1.19025 0 0 0 0 -1.15981
221 222 0.0121016 0 -1.30081 0 0 0 0 -1.28871
222 223 0.0423828 0 -1.03087 0 0 0 0 -0.988486
223 224 0.115672 0 -1.1074 0 0 0 0 -0.991728
224 225 0.0503148 0 -1.13321 0 0 0 0 -1.08289
225 226 0.0082556 0 -1.32978 0 0 0 0 -1.32153
226 227 0.0529499 0 -0.937422 0 0 0 0 -0.884472
227 228 0.114316 0 -1.22005 0 0 0 0 -1.10573
228 229 0.00474294 0 -1.12893 0 0 0 0 -1.12419
229 230 0.0159832 0 -1.19866 0 0 0 0 -1.18268
227 231 0 0 0 0 0 -0.138276 -0 -0.138276
230 231 0.0516679 0 -0 0 0 0 0 0.0516679
228 232 0 0 0 0 -0 -0.0656407 0 -0.0656407
227 232 0 0 0 0 -0.407291 0 -0 -0.407291
226 232 0 0 0 0 -0 -0.0444503 -0 -0.0444503
231 232 0.152775 0 -0.89065 0 0 0 0 -0.737875
227 233 0 0 0 0 0 -0.0904426 -0 -0.0904426
225 233 0 0 0 0 0 -0.0968329 -0 -0.0968329
232 233 0.00469253 0 -1.30542 0 0 0 0 -1.30072
226 234 0 0 0 0 -0 -0.0734715 -0 -0.0734715
225 234 0 0 0 0 -0.799732 0 -0 -0.799732
224 234 0 0 0 0 -1.35768e-30 -0.177894 0 -0.177894
233 234 0.000124043 0 -1.16332 0 0 0 0 -1.1632
225 235 0 0 0 0 -0 -0.0885397 0 -0.0885397
224 235 0 0 0 0 -0.545975 0 -0 -0.545975
223 235 0 0 0 0 -0 -0.0123069 -0 -0.0123069
234 235 0.167429 0 -1.01774 0 0 0 0 -0.850313
224 236 0 0 0 0 -0 -0.0987239 0 -0.0987239
223 236 0 0 0 0 -0.713302 0 -0 -0.713302
222 236 0 0 0 0 0 -0.149724 -0 -0.149724
235 236 0.000628043 0 -1.23027 0 0 0 0 -1.22964
223 237 0 0 0 0 0 -0.164956 -0 -0.164956
222 237 0 0 0 0 -0.839055 0 -0 -0.839055
221 237 0 0 0 0 0 -0.119306 -0 -0.119306
236 237 0.0182755 0 -1.37901 0 0 0 0 -1.36073
222 238 0 0 0 0 0 -0.00522451 -0 -0.00522451
221 238 0 0 0 0 -0.472495 0 -0 -0.472495
220 238 0 0 0 0 0 -0.104454 0 -0.104454
237 238 0.0102012 0 -0.987142 0 0 0 0 -0.976941
221 239 0 0 0 0 0 -0.103173 0 -0.103173
220 239 0 0 0 0 -0.646025 0 -0 -0.646025
238 239 0.0711007 0 -1.11927 0 0 0 0 -1.04817
240 241 0.099405 0 -1.21208 0 0 0 0 -1.11267
241 242 0.041774 0 -1.30732 0 0 0 0 -1.26554
242 243 0.000649557 0 -1.3487 0 0 0 0 -1.34805
243 244 0.0799094 0 -1.158 0 0 0 0 -1.07809
244 245 0.000764328 0 -0.879174 0 0 0 0 -0.87841
245 246 0.0526033 0 -1.21734 0 0 0 0 -1.16474
246 247 0.00314265 0 -1.31923 0 0 0 0 -1.31608
247 248 0.139511 0 -1.08573 0 0 0 0 -0.946215
248 249 0.0104523 0 -1.13308 0 0 0 0 -1.12263
249 250 0.284114 0 0 0 0 0 0 0.284114
248 251 0 0 0 0 0 -0.0242212 -0 -0.0242212
246 251 0 0 0 0 0 -0.167303 0 -0.167303
250 251 0.0420281 0 0 0 0 0 0 0.0420281
247 252 0 0 0 0 -0 -0.158175 0 -0.158175
246 252 0 0 0 0 -0.723725 0 -0 -0.723725
245 252 0 0 0 0 -0 -0.127714 0 -0.127714
251 252 0.00223019 0 -1.15805 0 0 0 0 -1.15582
246 253 0 0 0 0 0 -0.123904 0 -0.123904
245 253 0 0 0 0 0 -0.00679343 -0 -0.00679343
244 253 0 0 0 0 0 -0.0229655 -0 -0.0229655
252 253 0.0118537 0 -1.27139 0 0 0 0 -1.25954
246 254 0 0 0 0 -0 -0.1283 -0 -0.1283
245 254 0 0 0 0 -0.487196 0 -0 -0.487196
244 254 0 0 0 0 -0 -0.160789 0 -0.160789
253 254 0.0207929 0 -0 0 0 0 0 0.0207929
245 255 0 0 0 0 -0 -0.0567046 -0 -0.0567046
244 255 0 0 0 0 -0.77963 0 -0 -0.77963
243 255 0 0 0 0 -0 -0.0653248 -0 -0.0653248
254 255 0.0645611 0 -1.3834 0 0 0 0 -1.31883
244 256 0 0 0 0 -0 -0.0466462 0 -0.0466462
243 256 0 0 0 0 -0.736479 0 -0 -0.736479
242 256 0 0 0 0 0 -0.0902301 0 -0.0902301
255 256 0.0072624 0 -0.968304 0 0 0 0 -0.961041
243 257 0 0 0 0 0 -0.176582 0 -0.176582
242 257 0 0 0 0 -0.750017 0 -0 -0.750017
241 257 0 0 0 0 0 -0.174512 0 -0.174512
256 257 0.0353647 0 -1.30969 0 0 0 0 -1.27432
242 258 0 0 0 0 0 -0.103594 0 -0.103594
241 258 0 0 0 0 -0.795774 0 -0 -0.795774
240 258 0 0 0 0 0 -0.106557 0 -0.106557
257 258 0.0314177 0 -1.23331 0 0 0 0 -1.20189
240 259 0 0 0 0 -0.453567 0 -0 -0.453567
258 259 0.0127697 0 -0.864006 0 0 0 0 -0.851236
260 261 0.0543251 0 -1.20254 0 0 0 0 -1.14822
261 262 9.1316e-05 0 -1.4237 0 0 0 0 -1.42361
262 263 0.0142352 0 0 0 0 0 0 0.0142352
263 264 0.00268611 0 -0 0 0 0 0 0.00268611
264 265 0.031312 0 0 0 0 0 0 0.031312
265 266 0.110077 0 0 0 0 0 0 0.110077
266 267 0.0255684 0 -1.31584 0 0 0 0 -1.29027
267 268 0.00466159 0 0 0 0 0 0 0.00466159
268 269 0.0269859 0 0 0 0 0 0 0.0269859
269 270 0.000229104 0 0 0 0 0 0 0.000229104
270 271 0.0128732 0 0 0 0 0 0 0.0128732
271 272 0.000510434 0 0 0 0 0 0 0.000510434
272 273 0.00291215 0 -0.837352 0 0 0 0 -0.834439
273 274 0.0369158 0 -1.0891 0 0 0 0 -1.05219
274 275 0.0478493 0 -1.23153 0 0 0 0 -1.18368
275 276 0.0519857 0 0 0 0 0 0 0.0519857
276 277 0.0376705 0 0 0 0 0 0 0.0376705
277 278 0.000629667 0 -1.25798 0 0 0 0 -1.25735
278 279 0.00159659 0 0 0 0 0 0 0.00159659
280 281 0.00242369 0 0 0 0 0 0 0.00242369
281 282 0.0216291 0 -0 0 0 0 0 0.0216291
282 283 0.00815808 0 -0.0649076 0 0 0 0 -0.0567495
283 284 0.141408 0 -1.41103 0 0 0 0 -1.26963
284 285 0.000703099 0 -0.872506 0 0 0 0 -0.871803
285 286 0.00635842 0 -0.651608 0 0 0 0 -0.64525
286 287 0.00819984 0 -1.42143 0 0 0 0 -1.41323
287 288 0.0183018 0 -1.04096 0 0 0 0 -1.02266
288 289 0.0401531 0 -1.32204 0 0 0 0 -1.28189
289 290 0.060525 0 -1.30666 0 0 0 0 -1.24613
290 291 0.000570893 0 0 0 0 0 0 0.000570893
291 292 0.00283955 0 -1.38206 0 0 0 0 -1.37922
292 293 0.0473979 0 -0 0 0 0 0 0.0473979
293 294 0.0572378 0 -1.20377 0 0 0 0 -1.14654
294 295 0.00409803 0 0 0 0 0 0 0.00409803
295 296 0.0911589 0 -0 0 0 0 0 0.0911589
296 297 0.0508414 0 0 0 0 0 0 0.0508414
297 298 0.192715 0 -0.916555 0 0 0 0 -0.72384
298 299 0.00766513 0 -1.17164 0 0 0 0 -1.16398
300 301 0.160802 0 -1.25021 0 0 0 0 -1.08941
301 302 0.0342698 0 -1.03254 0 0 0 0 -0.998271
302 303 0.0468628 0 0 0 0 0 0 0.0468628
303 304 0.000304438 0 0 0 0 0 0 0.000304438
304 305 0.151209 0 -0.792036 0 0 0 0 -0.640827
305 306 0.00131973 0 -1.37275 0 0 0 0 -1.37143
306 307 0.0353738 0 -1.23122 0 0 0 0 -1.19584
307 308 8.07812e-05 0 0 0 0 0 0 8.07812e-05
308 309 0.000551371 0 -1.01887 0 0 0 0 -1.01832
309 310 0.0152052 0 -1.17016 0 0 0 0 -1.15496
310 311 0.332172 0 -1.17372 0 0 0 0 -0.841544
311 312 0.0108728 0 -0.918218 0 0 0 0 -0.907345
312 313 8.62536e-06 0 -1.12851 0 0 0 0 -1.1285
313 314 0.00642102 0 0 0 0 0 0 0.00642102
314 315 0.0590343 0 -1.17179 0 0 0 0 -1.11276
315 316 0.114303 0 -1.33614 0 0 0 0 -1.22183
310 317 0 0 0 0 0 -0.00449329 0 -0.00449329
309 317 0 0 0 0 0 -0.00131314 0 -0.00131314
316 317 0.00058549 0 -1.28503 0 0 0 0 -1.28445
310 318 0 0 0 0 0 -0.0430799 0 -0.0430799
309 318 0 0 0 0 -0.617907 0 -0 -0.617907
308 318 0 0 0 0 0 -0.094273 -0 -0.094273
317 318 0.0509499 0 -1.26522 0 0 0 0 -1.21427
309 319 0 0 0 0 0 -0.0639557 0 -0.0639557
308 319 0 0 0 0 -0.521382 -3.3297e-08 -0 -0.521382
318 319 0.0322651 0 -1.24611 0 0 0 0 -1.21384
320 321 0.00667465 0 -0.972778 0 0 0 0 -0.966103
321 322 0.0330543 0 -0.982873 0 0 0 0 -0.949819
322 323 0.0173084 0 -1.12217 0 0 0 0 -1.10486
323 324 0.0453111 0 0 0 0 0 0 0.0453111
324 325 0.0240196 0 0 0 0 0 0 0.0240196
325 326 0.020508 0 -0 0 0 0 0 0.020508
326 327 0.136269 0 0 0 0 0 0 0.136269
327 328 0.112881 0 -0.967604 0 0 0 0 -0.854723
328 329 0.111448 0 -1.33713 0 0 0 0 -1.22569
329 330 0.0779269 0 -1.45147 0 0 0 0 -1.37354
330 331 0.0917141 0 0 0 0 0 0 0.0917141
331 332 0.0314856 0 -0 0 0 0 0 0.0314856
332 333 0.0180472 0 -1.31591 0 0 0 0 -1.29786
333 334 0.00455545 0 -0.466715 0 0 0 0 -0.462159
334 335 0.00200148 0 -0.67689 0 0 0 0 -0.674889
335 336 0.0669507 0 -1.0504 0 0 0 0 -0.983451
336 337 0.00173226 0 0 0 0 0 0 0.00173226
337 338 0.102569 0 -0.832443 0 0 0 0 -0.729874
338 339 0.00409245 0 0 0 0 0 0 0.00409245
340 341 0.0400522 0 0 0 0 0 0 0.0400522
341 342 0.0514344 0 -1.26145 0 0 0 0 -1.21002
342 343 0.0329498 0 -1.16036 0 0 0 0 -1.12741
343 344 0.0454842 0 -1.19197 0 0 0 0 -1.14649
344 345 0.0931008 0 0 0 0 0 0 0.0931008
345 346 0.0095671 0 -0.666043 0 0 0 0 -0.656476
346 347 0.000223618 0 -0.874988 0 0 0 0 -0.874764
347 348 0.00704837 0 0 0 0 0 0 0.00704837
347 349 0 0 0 0 -0 -0 -4.06557e-15 -4.06557e-15
348 349 0.229904 0 0 0 0 0 0 0.229904
349 350 0.000183094 0 0 0 0 0 0 0.000183094
350 351 0.0352869 0 -0.964652 0 0 0 0 -0.929365
347 352 0 0 0 0 -0 -0.000129134 0 -0.000129134
351 352 0.0363949 0 0 0 0 0 0 0.0363949
352 353 0.000920946 0 -0 0 0 0 0 0.000920946
353 354 0.00129271 0 0 0 0 0 0 0.00129271
354 355 0.0288308 0 -1.1713 0 0 0 0 -1.14247
355 356 0.0218546 0 -1.26645 0 0 0 0 -1.24459
356 357 9.71572e-06 0 -0.919522 0 0 0 0 -0.919513
357 358 0.000232425 0 -1.16325 0 0 0 0 -1.16301
358 359 0.00394309 0 0 0 0 0 0 0.00394309
360 361 6.68128e-05 0 -1.06126 0 0 0 0 -1.0612
361 362 0.0309132 0 0 0 0 0 0 0.0309132
362 363 0.0284145 0 -1.16541 0 0 0 0 -1.137
363 364 0.0841023 0 -0.596565 0 0 0 0 -0.512463
364 365 0.00347043 0 0 0 0 0 0 0.00347043
365 366 0.0756894 0 -1.27617 0 0 0 0 -1.20048
366 367 0.000167464 0 -0 0 0 0 0 0.000167464
367 368 0.0243782 0 -1.25727 0 0 0 0 -1.2329
368 369 0.0608004 0 -0 0 0 0 0 0.0608004
369 370 0.00739252 0 0 0 0 0 0 0.00739252
370 371 0.0696681 0 0 0 0 0 0 0.0696681
371 372 0.119498 0 -0 0 0 0 0 0.119498
372 373 0.00581726 0 -1.31645 0 0 0 0 -1.31063
373 374 0.116528 0 -1.19273 0 0 0 0 -1.0762
374 375 0.03261 0 0 0 0 0 0 0.03261
375 376 0.0539568 0 -0.962178 0 0 0 0 -0.908221
376 377 0.0815486 0 0 0 0 0 0 0.0815486
376 378 0 0 0 0.0339121 0 0 0 0.0339121
377 378 0.00030692 0 0 0 0 0 0 0.00030692
378 379 3.3736e-05 0 0 0 0 0 0 3.3736e-05
380 381 0.043716 0 0 0 0 0 0 0.043716
381 382 8.16708e-05 0 0 0 0 0 0 8.16708e-05
382 383 0.0555723 0 0 0 0 0 0 0.0555723
383 384 0.217423 0 0 0 0 0 0 0.217423
384 385 0.00306582 0 0 0 0 0 0 0.00306582
385 386 0.0260591 0 -0.424684 0 0 0 0 -0.398625
386 387 0.0107699 0 -1.07476 0 0 0 0 -1.06399
387 388 0.023998 0 -1.28224 0 0 0 0 -1.25824
388 389 0.00988817 0 0 0 0 0 0 0.00988817
389 390 0.0163823 0 0 0 0 0 0 0.0163823
390 391 0.00135078 0 -1.18192 0 0 0 0 -1.18057
388 392 0 0 0 0 -0 -0.0432576 0 -0.0432576
391 392 0.00794255 0 -1.0341 0 0 0 0 -1.02616
387 393 0 0 0 0 0 -0.0762646 0 -0.0762646
392 393 0.0248706 0 -1.27978 0 0 0 0 -1.25491
388 394 0 0 0 0 -0 -0.0348437 0 -0.0348437
387 394 0 0 0 0 -0.815202 0 -0 -0.815202
386 394 0 0 0 0 -0 -0.199693 0 -0.199693
393 394 0.0421426 0 -0.935516 0 0 0 0 -0.893373
387 395 0 0 0 0 -0 -0.14369 0 -0.14369
386 395 0 0 0 0 -0.413734 -2.11196e-07 -0 -0.413734
385 395 0 0 0 0 -1.31914e-29 -0.1782 0 -0.1782
394 395 0.0642548 0 -0.931793 0 0 0 0 -0.867538
386 396 0 0 0 0 -0 -0.045067 0 -0.045067
385 396 0 0 0 0 -0.698719 0 -0 -0.698719
383 396 0 0 0 0 -1.37665e-07 -0.000153579 0 -0.000153717
395 396 0.00186411 0 -1.35392 0 0 0 0 -1.35205
385 397 0 0 0 0 0 -0.146254 0 -0.146254
396 397 0.0532934 0 -1.18627 0 0 0 0 -1.13298
397 398 0.210007 0 -1.2999 0 0 0 0 -1.08989
398 399 0.00811922 0 -1.25125 0 0 0 0 -1.24313
400 401 0.00452358 0 -1.15654 0 0 0 0 -1.15202
401 402 0.0243578 0 -1.16755 0 0 0 0 -1.14319
402 403 0.0021218 0 0 0 0 0 0 0.0021218
403 404 0.000202429 0 -1.1934 0 0 0 0 -1.1932
404 405 0.117212 0 -1.11839 0 0 0 0 -1.00117
405 406 0.238664 0 0 0 0 0 0 0.238664
406 407 0.0109253 0 -1.3275 0 0 0 0 -1.31658
407 408 0.01708 0 -1.07304 0 0 0 0 -1.05596
408 409 0.0147412 0 -1.37145 0 0 0 0 -1.35671
409 410 0.0606806 0 -0.940859 0 0 0 0 -0.880179
410 411 6.13849e-05 0 0 0 0 0 0 6.13849e-05
411 412 0.0173522 0 -1.26295 0 0 0 0 -1.24559
412 413 0.0505303 0 -0.834734 0 0 0 0 -0.784204
413 414 0.000160388 0 -0.883203 0 0 0 0 -0.883043
414 415 0.0357992 0 -1.3481 0 0 0 0 -1.31231
415 416 0.0600614 0 -0.957045 0 0 0 0 -0.896984
416 417 0.506451 0 -1.10583 0 0 0 0 -0.599375
417 418 0.0187185 0 -1.15654 0 0 0 0 -1.13782
418 419 0.166899 0 -1.20182 0 0 0 0 -1.03492
420 421 2.20351e-05 0 0 0 0 0 0 2.20351e-05
421 422 0.123111 0 -1.091 0 0 0 0 -0.967894
422 423 0.0970026 0 -0.76153 0 0 0 0 -0.664527
423 424 0.10072 0 -0.810061 0 0 0 0 -0.70934
424 425 0.00897789 0 0 0 0 0 0 0.00897789
425 426 0.000204536 0 -0.927888 0 0 0 0 -0.927684
426 427 0.0613292 0 -1.08903 0 0 0 0 -1.0277
427 428 0.000211022 0 0 0 0 0 0 0.000211022
428 429 0.0885455 0 -1.37728 0 0 0 0 -1.28873
429 430 0.0420171 0 -1.38301 0 0 0 0 -1.34099
430 431 0.107857 0 -0.824278 0 0 0 0 -0.716421
431 432 0.00975902 0 -1.18678 0 0 0 0 -1.17702
432 433 0.053571 0 -1.27032 0 0 0 0 -1.21675
433 434 0.000888838 0 -1.30489 0 0 0 0 -1.304
434 435 0.0783068 0 0 0 0 0 0 0.0783068
435 436 0.00790476 0 -1.0182 0 0 0 0 -1.01029
436 437 0.00180135 0 -0 0 0 0 0 0.00180135
437 438 0.0659152 0 0 0 0 0 0 0.0659152
438 439 0.000412156 0 0 0 0 0 0 0.000412156
440 441 0.0988294 0 -1.26588 0 0 0 0 -1.16705
441 442 0.155644 0 -1.18841 0 0 0 0 -1.03277
442 443 0.0082116 0 -1.16326 0 0 0 0 -1.15505
443 444 0.0454659 0 -1.12284 0 0 0 0 -1.07737
444 445 0.00949887 0 -1.4043 0 0 0 0 -1.3948
445 446 0.000808173 0 0 0 0 0 0 0.000808173
446 447 0.000634421 0 -1.308 0 0 0 0 -1.30737
447 448 3.32714e-06 0 -1.16133 0 0 0 0 -1.16133
448 449 0.0772947 0 -1.0694 0 0 0 0 -0.992106
449 450 0.111028 0 -1.08663 0 0 0 0 -0.975601
450 451 0.264937 0 -1.28404 0 0 0 0 -1.0191
451 452 0.000128451 0 0 0 0 0 0 0.000128451
452 453 0.0024826 0 -0.58996 0 0 0 0 -0.587477
453 454 0.0266821 0 0 0 0 0 0 0.0266821
446 455 0 0 0 0 -0 -0.0152841 0 -0.0152841
447 455 0 0 0 0 0 -0.000427071 0 -0.000427071
454 455 0.00987921 0 -0 0 0 0 0 0.00987921
455 456 0.0726205 0 0 0 0 0 0 0.0726205
456 457 0.207393 0 -0.956911 0 0 0 0 -0.749518
457 458 0.146522 0 0 0 0 0 0 0.146522
458 459 0.0250289 0 0 0 0 0 0 0.0250289
460 461 0.0361271 0 0 0 0 0 0 0.0361271
461 462 0.0702538 0 0 0 0 0 0 0.0702538
462 463 0.026954 0 -0.998237 0 0 0 0 -0.971283
463 464 0.025417 0 -0.729316 0 0 0 0 -0.703899
464 465 0.38865 0 0 0 0 0 0 0.38865
465 466 0.0903309 0 -1.18991 0 0 0 0 -1.09958
466 467 5.54906e-05 0 -1.2136 0 0 0 0 -1.21354
467 468 0.00667327 0 0 0 0 0 0 0.00667327
468 469 0.0584038 0 -1.11188 0 0 0 0 -1.05348
469 470 0.0539989 0 -0.828052 0 0 0 0 -0.774053
470 471 0.00271038 0 0 0 0 0 0 0.00271038
471 472 0.048661 0 -0.958453 0 0 0 0 -0.909792
472 473 0.000174944 0 0 0 0 0 0 0.000174944
471 474 0 0 0 0 0 -1.45498e-05 -5.62703e-19 -1.45498e-05
473 474 0.0357588 0 -1.12769 0 0 0 0 -1.09193
474 475 0.00153144 0 0 0 0 0 0 0.00153144
475 476 0.19535 0 -1.45135 0 0 0 0 -1.256
476 477 0.0121962 0 0 0 0 0 0 0.0121962
477 478 0.0162171 0 -1.43122 0 0 0 0 -1.415
478 479 4.8969e-06 0 -1.09884 0 0 0 0 -1.09884
480 481 0.104622 0 -1.29241 0 0 0 0 -1.18778
481 482 0.0312868 0 -1.2726 0 0 0 0 -1.24132
482 483 0.0309061 0 -1.21655 0 0 0 0 -1.18565
483 484 0.00632306 0 -1.19194 0 0 0 0 -1.18561
484 485 0.0646346 0 0 0 0 0 0 0.0646346
485 486 0.00407893 0 0 0 0 0 0 0.00407893
486 487 0.000249001 0 -1.24424 0 0 0 0 -1.24399
487 488 0.0447775 0 -1.16912 0 0 0 0 -1.12434
488 489 0.057176 0 0 0 0 0 0 0.057176
489 490 0.0242787 0 -1.07092 0 0 0 0 -1.04664
490 491 0.029896 0 0 0 0 0 0 0.029896
491 492 0.0429896 0 -1.35911 0 0 0 0 -1.31612
492 493 0.0601611 0 0 0 0 0 0 0.0601611
490 494 0 0 0 0 -0.446697 -6.57957e-16 0 -0.446697
489 494 0 0 0 0 0 -0.0807655 0 -0.0807655
493 494 0.000983232 0 0 0 0 0 0 0.000983232
490 495 0 0 0 0 0 -0.161154 0 -0.161154
489 495 0 0 0 0 -0.341104 0 -0 -0.341104
494 495 0.136252 0 -1.04533 0 0 0 0 -0.909082
489 496 0 0 0 0 0 -0.0759318 0 -0.0759318
495 496 0.10738 0 -1.28231 0 0 0 0 -1.17493
496 497 0.15276 0 -0.781014 0 0 0 0 -0.628254
497 498 0.153354 0 -1.01188 0 0 0 0 -0.858526
498 499 0.0139513 0 -0 0 0 0 0 0.0139513
500 501 0.0101686 0 0 0 0 0 0 0.0101686
501 502 0.0753278 0 -1.19493 0 0 0 0 -1.1196
502 503 0.00223769 0 0 0 0 0 0 0.00223769
503 504 0.0645554 0 0 0 0 0 0 0.0645554
504 505 0.0298623 0 -1.12734 0 0 0 0 -1.09748
505 506 0.379363 0 0 0 0 0 0 0.379363
506 507 0.0545415 0 -1.25371 0 0 0 0 -1.19916
507 508 0.0406716 0 -1.22666 0 0 0 0 -1.18599
508 509 0.00750751 0 -0.815684 0 0 0 0 -0.808176
509 510 0.00199243 0 0 0 0 0 0 0.00199243
510 511 0.0596056 0 -1.1285 0 0 0 0 -1.06889
511 512 0.072121 0 0 0 0 0 0 0.072121
512 513 0.00084646 0 0 0 0 0 0 0.00084646
513 514 0.00324661 0 -1.23099 0 0 0 0 -1.22775
514 515 1.06331e-05 0 0 0 0 0 0 1.06331e-05
515 516 0.0610515 0 -0 0 0 0 0 0.0610515
516 517 0.00458414 0 -1.08281 0 0 0 0 -1.07823
517 518 0.0595723 0 0 0 0 0 0 0.0595723
518 519 0.0432026 0 0 0 0 0 0 0.0432026
520 521 0.00798487 0 0 0 0 0 0 0.00798487
521 522 0.00734188 0 0 0 0 0 0 0.00734188
522 523 0.0744661 0 -1.14731 0 0 0 0 -1.07284
523 524 0.0389916 0 0 0 0 0 0 0.0389916
524 525 0.0181745 0 0 0 0 0 0 0.0181745
525 526 0.000160457 0 -1.15838 0 0 0 0 -1.15822
526 527 0.00177712 0 -0.865984 0 0 0 0 -0.864207
527 528 0.00108343 0 0 0 0 0 0 0.00108343
528 529 0.00744379 0 -0.828987 0 0 0 0 -0.821543
529 530 4.79346e-05 0 -1.23818 0 0 0 0 -1.23814
530 531 1.78936e-05 0 -1.0719 0 0 0 0 -1.07188
531 532 0.0321782 0 -1.0633 0 0 0 0 -1.03112
532 533 0.00863995 0 0 0 0 0 0 0.00863995
533 534 0.00329139 0 -1.17019 0 0 0 0 -1.1669
534 535 0.496583 0 -1.17612 0 0 0 0 -0.679539
535 536 0.0575543 0 -1.26005 0 0 0 0 -1.2025
536 537 0.166638 0 0 0 0 0 0 0.166638
537 538 4.9907e-05 0 -1.04629 0 0 0 0 -1.04624
538 539 0.00522521 0 -1.04142 0 0 0 0 -1.0362
540 541 0.0287627 0 -1.08374 0 0 0 0 -1.05498
541 542 0.00303577 0 -0.907792 0 0 0 0 -0.904756
542 543 0.00948832 0 0 0 0 0 0 0.00948832
543 544 0.0338351 0 0 0 0 0 0 0.0338351
544 545 0.0522672 0 -1.24632 0 0 0 0 -1.19406
545 546 0.0232115 0 -0 0 0 0 0 0.0232115
546 547 0.0824201 0 0 0 0 0 0 0.0824201
547 548 0.000131434 0 -1.15198 0 0 0 0 -1.15185
548 549 0.0113827 0 -0.859633 0 0 0 0 -0.84825
549 550 0.0084816 0 -1.14597 0 0 0 0 -1.13749
550 551 0.00291294 0 -1.34184 0 0 0 0 -1.33892
551 552 0.100511 0 -0.550511 0 0 0 0 -0.45
552 553 0.148669 0 0 0 0 0 0 0.148669
549 554 0 0 0 0 0 -0.15952 0 -0.15952
553 554 0.0948979 0 0 0 0 0 0 0.0948979
550 555 0 0 0 0 0 -0.161593 -0 -0.161593
549 555 0 0 0 0 -0.439139 -4.47783e-16 0 -0.439139
548 555 0 0 0 0 0 -0.000630136 0 -0.000630136
554 555 0.0286376 0 -1.37778 0 0 0 0 -1.34914
549 556 0 0 0 0 0 -0.0839796 0 -0.0839796
548 556 0 0 0 0 -0.814902 0 -0 -0.814902
547 556 0 0 0 0 0 -0.126735 -0 -0.126735
555 556 0.16634 0 -0.828498 0 0 0 0 -0.662158
548 557 0 0 0 0 0 -0.204788 0 -0.204788
547 557 0 0 0 0 -0.712113 0 -0 -0.712113
556 557 0.077188 0 -1.13128 0 0 0 0 -1.05409
547 558 0 0 0 0 0 -0.106228 -0 -0.106228
557 558 0.0565102 0 -1.32447 0 0 0 0 -1.26796
546 559 0 0 0 0 -0 -9.53107e-09 -0 -9.53107e-09
558 559 0.000389029 0 0 0 0 0 0 0.000389029
560 561 0.0577398 0 -1.26337 0 0 0 0 -1.20563
561 562 0.0914565 0 -1.24645 0 0 0 0 -1.15499
562 563 0.163984 0 -1.11461 0 0 0 0 -0.950622
563 564 0.0356523 0 -1.1458 0 0 0 0 -1.11015
564 565 0.219783 0 0 0 0 0 0 0.219783
565 566 0.26587 0 -0.873915 0 0 0 0 -0.608045
566 567 0.252821 0 0 0 0 0 0 0.252821
567 568 0.216358 0 -1.03829 0 0 0 0 -0.821928
568 569 0.00191286 0 -1.32073 0 0 0 0 -1.31882
569 570 0.0223554 0 0 0 0 0 0 0.0223554
570 571 0.11226 0 0 0 0 0 0 0.11226
571 572 0.0973138 0 0 0 0 0 0 0.0973138
572 573 0.00994837 0 0 0 0 0 0 0.00994837
573 574 0.0503417 0 -1.08456 0 0 0 0 -1.03422
574 575 0.00491691 0 0 0 0 0 0 0.00491691
575 576 0.156925 0 -1.36915 0 0 0 0 -1.21222
576 577 0.00340106 0 -1.08517 0 0 0 0 -1.08177
577 578 0.0606292 0 -0.911173 0 0 0 0 -0.850544
578 579 0.0171561 0 0 0 0 0 0 0.0171561
580 581 0.00031218 0 0 0 0 0 0 0.00031218
581 582 0.0105181 0 -1.082 0 0 0 0 -1.07148
582 583 0.245761 0 -1.31331 0 0 0 0 -1.06755
583 584 0.00844513 0 -1.14031 0 0 0 0 -1.13187
584 585 0.067592 0 0 0 0 0 0 0.067592
585 586 0.00504269 0 0 0 0 0 0 0.00504269
586 587 0.00304101 0 -0.920117 0 0 0 0 -0.917076
587 588 0.0157585 0 -1.27966 0 0 0 0 -1.26391
588 589 0.0169004 0 -0 0 0 0 0 0.0169004
589 590 0.0353827 0 0 0 0 0 0 0.0353827
590 591 0.0226533 0 -1.26266 0 0 0 0 -1.24
591 592 0.09999 0 -1.3346 0 0 0 0 -1.23461
592 593 0.117987 0 -1.16301 0 0 0 0 -1.04502
593 594 0.00601595 0 -0.466033 0 0 0 0 -0.460017
594 595 0.00359815 0 0 0 0 0 0 0.00359815
595 596 0.0684773 0 0 0 0 0 0 0.0684773
596 597 0.00965471 0 -1.20508 0 0 0 0 -1.19543
597 598 0.0385971 0 -1.0941 0 0 0 0 -1.0555
598 599 0.041933 0 -1.2942 0 0 0 0 -1.25226
600 601 0.0108722 0 -0.281826 0 0 0 0 -0.270954
601 602 2.96337e-07 0 -0.952133 0 0 0 0 -0.952132
602 603 0.066605 0 0 0 0 0 0 0.066605
603 604 0.0187789 0 -1.2733 0 0 0 0 -1.25452
604 605 0.0289134 0 0 0 0 0 0 0.0289134
605 606 0.126064 0 0 0 0 0 0 0.126064
606 607 0.14702 0 0 0 0 0 0 0.14702
607 608 0.062653 0 -1.1392 0 0 0 0 -1.07655
608 609 0.0100818 0 -1.33785 0 0 0 0 -1.32776
609 610 0.245411 0 0 0 0 0 0 0.245411
606 611 0 0 0 0 0 -0.00852664 0 -0.00852664
610 611 0.0223135 0 0 0 0 0 0 0.0223135
611 612 0.0402792 0 -0.459272 0 0 0 0 -0.418993
603 613 0 0 0 0 0 -0.012087 0 -0.012087
612 613 0.0119862 0 -1.31634 0 0 0 0 -1.30435
613 614 0.000219516 0 -1.24792 0 0 0 0 -1.2477
614 615 0.0909929 0 0 0 0 0 0 0.0909929
615 616 0.00061125 0 -1.22852 0 0 0 0 -1.22791
616 617 0.183695 0 -1.12121 0 0 0 0 -0.93752
617 618 0.00378377 0 -1.13922 0 0 0 0 -1.13543
618 619 0.101557 0 0 0 0 0 0 0.101557
620 621 0.00181431 0 0 0 0 0 0 0.00181431
621 622 0.0518501 0 -1.21192 0 0 0 0 -1.16007
622 623 0.0277425 0 -1.23064 0 0 0 0 -1.20289
623 624 0.182761 0 -1.02222 0 0 0 0 -0.839463
624 625 0.0563999 0 -1.2774 0 0 0 0 -1.221
625 626 0.0028457 0 0 0 0 0 0 0.0028457
626 627 0.159399 0 -1.16459 0 0 0 0 -1.00519
627 628 0.0454182 0 -0.657059 0 0 0 0 -0.61164
628 629 0.0106936 0 0 0 0 0 0 0.0106936
629 630 0.019782 0 -1.18207 0 0 0 0 -1.16228
630 631 0.00646324 0 0 0 0 0 0 0.00646324
631 632 0.000111546 0 0 0 0 0 0 0.000111546
632 633 0.0746522 0 0 0 0 0 0 0.0746522
633 634 0.0275283 0 -0.81266 0 0 0 0 -0.785132
634 635 0.00272747 0 0 0 0 0 0 0.00272747
635 636 0.0205276 0 0 0 0 0 0 0.0205276
636 637 0.0914691 0 -1.1535 0 0 0 0 -1.06203
637 638 0.0134899 0 -1.28917 0 0 0 0 -1.27568
638 639 0.0103222 0 0 0 0 0 0 0.0103222
640 641 0.00932984 0 0 0 0 0 0 0.00932984
641 642 0.0048365 0 -1.1157 0 0 0 0 -1.11086
642 643 0.0366448 0 0 0 0 0 0 0.0366448
643 644 0.000184568 0 0 0 0 0 0 0.000184568
644 645 0.0719006 0 -0 0 0 0 0 0.0719006
645 646 0.00264263 0 -1.29523 0 0 0 0 -1.29259
646 647 0.0333357 0 -0.806304 0 0 0 0 -0.772969
645 648 0 0 0 0 0 -0.000499303 -0 -0.000499303
647 648 0.00418225 0 -0 0 0 0 0 0.00418225
648 649 0.041003 0 -1.00973 0 0 0 0 -0.968723
649 650 0.0909892 0 0 0 0 0 0 0.0909892
650 651 0.00585885 0 -0.801928 0 0 0 0 -0.796069
651 652 0.00841282 0 -1.05329 0 0 0 0 -1.04487
652 653 0.00519725 0 -1.23337 0 0 0 0 -1.22818
653 654 0.110998 0 -1.38847 0 0 0 0 -1.27748
654 655 0.0472754 0 0 0 0 0 0 0.0472754
655 656 0.0277665 0 -0.574519 0 0 0 0 -0.546752
656 657 0.00213619 0 0 0 0 0 0 0.00213619
657 658 0.0848242 0 0 0 0 0 0 0.0848242
658 659 0.121305 0 -1.18992 0 0 0 0 -1.06862
660 661 0.0151624 0 -0 0 0 0 0 0.0151624
661 662 0.0461438 0 0 0 0 0 0 0.0461438
662 663 0.00784795 0 -1.15727 0 0 0 0 -1.14943
663 664 0.00140407 0 -1.12199 0 0 0 0 -1.12058
664 665 0.0266168 0 -1.15958 0 0 0 0 -1.13296
665 666 0.0276651 0 -1.20778 0 0 0 0 -1.18011
666 667 0.108633 0 -1.34515 0 0 0 0 -1.23651
667 668 0.000493479 0 0 0 0 0 0 0.000493479
668 669 0.00211172 0 0 0 0 0 0 0.00211172
669 670 0.0192445 0 -0.716173 0 0 0 0 -0.696928
670 671 0.02722 0 -1.03889 0 0 0 0 -1.01167
671 672 0.03245 0 -1.01773 0 0 0 0 -0.985284
672 673 0.126181 0 -1.30313 0 0 0 0 -1.17695
673 674 0.184029 0 0 0 0 0 0 0.184029
674 675 1.31707e-05 0 -0.686315 0 0 0 0 -0.686302
675 676 0.0466471 0 -0.888849 0 0 0 0 -0.842202
676 677 0.0701757 0 -1.1349 0 0 0 0 -1.06473
677 678 0.0030649 0 -1.38983 0 0 0 0 -1.38677
678 679 0.0751313 0 -1.14902 0 0 0 0 -1.07389
680 681 0.0052585 0 -1.21685 0 0 0 0 -1.21159
681 682 0.0623661 0 -1.21325 0 0 0 0 -1.15088
682 683 0.179396 0 0 0 0 0 0 0.179396
683 684 0.0634535 0 0 0 0 0 0 0.0634535
684 685 0.0622355 0 -0 0 0 0 0 0.0622355
685 686 6.0627e-05 0 0 0 0 0 0 6.0627e-05
686 687 0.0687755 0 0 0 0 0 0 0.0687755
687 688 0.180718 0 0 0 0 0 0 0.180718
688 689 0.0601998 0 -1.16584 0 0 0 0 -1.10564
689 690 0.0716161 0 -1.32915 0 0 0 0 -1.25753
690 691 0.0132709 0 0 0 0 0 0 0.0132709
691 692 0.0342892 0 -0 0 0 0 0 0.0342892
692 693 0.0180464 0 -1.37343 0 0 0 0 -1.35538
693 694 0.0326456 0 0 0 0 0 0 0.0326456
694 695 0.121509 0 -1.30367 0 0 0 0 -1.18216
695 696 0.00183988 0 0 0 0 0 0 0.00183988
696 697 0.0547229 0 0 0 0 0 0 0.0547229
697 698 0.138133 0 -1.25657 0 0 0 0 -1.11843
698 699 0.0403855 0 -1.13172 0 0 0 0 -1.09133
700 701 0.0208001 0 -1.27739 0 0 0 0 -1.25659
701 702 0.0148054 0 -0 0 0 0 0 0.0148054
702 703 0.0267864 0 0 0 0 0 0 0.0267864
703 704 7.51471e-05 0 -1.37822 0 0 0 0 -1.37815
704 705 0.113276 0 -0.669455 0 0 0 0 -0.556179
705 706 0.086425 0 0 0 0 0 0 0.086425
706 707 0.184936 0 -1.28661 0 0 0 0 -1.10167
707 708 0.265988 0 0 0 0 0 0 0.265988
706 709 0 0 0 0 -0 -0.00222323 0 -0.00222323
708 709 0.00581998 0.421534 0 0 0 0 0 0.427354
709 710 0.0151262 0 0 0 0 0 0 0.0151262
710 711 0.0484377 0 0 0 0 0 0 0.0484377
711 712 0.0312214 0 -0.821821 0 0 0 0 -0.7906
712 713 0.00667432 0 0 0 0 0 0 0.00667432
713 714 6.55463e-05 0 0 0 0 0 0 6.55463e-05
714 715 0.011232 0 -1.12089 0 0 0 0 -1.10966
715 716 0.102388 0 -1.37827 0 0 0 0 -1.27588
716 717 0.06868 0 0 0 0 0 0 0.06868
717 718 0.0376843 0 -1.34776 0 0 0 0 -1.31008
718 719 0.0388623 0 0 0 0 0 0 0.0388623
720 721 0.00718474 0 0 0 0 0 0 0.00718474
721 722 0.0653622 0 -1.29577 0 0 0 0 -1.2304
722 723 5.44534e-06 0 -0.788704 0 0 0 0 -0.788698
723 724 0.0680018 0 -0.924195 0 0 0 0 -0.856193
721 725 0 0 0 0 0 -0.0252934 0 -0.0252934
724 725 0.1797 0 0 0 0 0 0 0.1797
725 726 0.0287831 0 0 0 0 0 0 0.0287831
726 727 0.0136356 0 0 0 0 0 0 0.0136356
727 728 0.0997255 0 -0.433253 0 0 0 0 -0.333528
728 729 0.0359855 0 0 0 0 0 0 0.0359855
729 730 0.0468104 0 -1.05564 0 0 0 0 -1.00883
730 731 0.0600589 0 -0.759733 0 0 0 0 -0.699675
731 732 0.1039 0 -1.0958 0 0 0 0 -0.991897
732 733 0.00124221 0 0 0 0 0 0 0.00124221
733 734 0.230974 0 0 0 0 0 0 0.230974
734 735 0.0060698 0 -1.13939 0 0 0 0 -1.13332
735 736 0.37983 0 -1.21407 0 0 0 0 -0.83424
736 737 0.131256 0 -3.96501e-06 0 0 0 0 0.131252
737 738 0.000223725 0 -0 0 0 0 0 0.000223725
738 739 0.198652 0 0 0 0 0 0 0.198652
740 741 0.193667 0 -1.17591 0 0 0 0 -0.982246
741 742 0.0996867 0 -1.19914 0 0 0 0 -1.09945
742 743 0.00471327 0 0 0 0 0 0 0.00471327
743 744 0.0931009 0 -0 0 0 0 0 0.0931009
744 745 0.0019438 0 -0.242357 0 0 0 0 -0.240413
745 746 0.0179605 0 -1.17257 0 0 0 0 -1.15461
746 747 0.0593542 0 -1.08761 0 0 0 0 -1.02826
747 748 0.0855755 0 0 0 0 0 0 0.0855755
748 749 0.0518413 0 -0.960342 0 0 0 0 -0.9085
749 750 0.00983446 0 0 0 0 0 0 0.00983446
750 751 0.175495 0 0 0 0 0 0 0.175495
751 752 4.23986e-05 0 0 0 0 0 0 4.23986e-05
752 753 0.122867 0 0 0 0 0 0 0.122867
753 754 0.0135009 0 0 0 0 0 0 0.0135009
754 755 0.0905828 0 -1.16424 0 0 0 0 -1.07366
755 756 0.000861854 0 -1.04295 0 0 0 0 -1.04209
756 757 0.0012697 0 0 0 0 0 0 0.0012697
757 758 0.000810878 0 -0.858802 0 0 0 0 -0.857991
758 759 0.144981 0 -1.33063 0 0 0 0 -1.18565
760 761 0.00768463 0 -1.07169 0 0 0 0 -1.06401
761 762 0.0120063 0 -1.35151 0 0 0 0 -1.33951
762 763 0.0323878 0 -1.23569 0 0 0 0 -1.20331
763 764 0.00881314 0 -1.06763 0 0 0 0 -1.05881
764 765 7.59114e-05 0 -1.2483 0 0 0 0 -1.24822
765 766 0.178503 0 -0.82758 0 0 0 0 -0.649077
766 767 0.00732857 0 -0.633465 0 0 0 0 -0.626136
767 768 0.0321027 0 0 0 0 0 0 0.0321027
768 769 0.030904 0 -1.21208 0 0 0 0 -1.18117
769 770 0.00743917 0 -0.42454 0 0 0 0 -0.417101
770 771 0.00082677 0 0 0 0 0 0 0.00082677
771 772 0.00380578 0 -1.33909 0 0 0 0 -1.33528
772 773 0.00239103 0 0 0 0 0 0 0.00239103
773 774 0.334548 0 -1.12076 0 0 0 0 -0.786215
774 775 0.0660282 0 -1.08273 0 0 0 0 -1.0167
775 776 0.0093576 0 0 0 0 0 0 0.0093576
776 777 0.00199344 0 -1.18093 0 0 0 0 -1.17894
777 778 0.00886103 0 0 0 0 0 0 0.00886103
778 779 0.155939 0 -1.39423 0 0 0 0 -1.2383
780 781 0.0602369 0 0 0 0 0 0 0.0602369
781 782 0.0801241 0 -1.28 0 0 0 0 -1.19987
782 783 0.107992 0 -1.2256 0 0 0 0 -1.11761
783 784 0.29448 0 -1.14304 0 0 0 0 -0.848557
784 785 0.0135932 0 -1.42593 0 0 0 0 -1.41234
785 786 0.005402 0 0 0 0 0 0 0.005402
786 787 0.187633 0 0 0 0 0 0 0.187633
787 788 0.00812203 0 0 0 0 0 0 0.00812203
788 789 0.119242 0 0 0 0 0 0 0.119242
789 790 0.133618 0 0 0 0 0 0 0.133618
790 791 0.0260138 0 -1.28624 0 0 0 0 -1.26023
791 792 0.0213119 0 0 0 0 0 0 0.0213119
792 793 2.52455e-06 0 0 0 0 0 0 2.52455e-06
793 794 0.000303135 0 -1.34328 0 0 0 0 -1.34298
794 795 0.0688703 0 -1.11644 0 0 0 0 -1.04757
795 796 0.0160636 0 -0 0 0 0 0 0.0160636
796 797 0.0774325 0 0 0 0 0 0 0.0774325
797 798 0.004136 0 -1.0289 0 0 0 0 -1.02476
798 799 0.000156128 0 -1.19718 0 0 0 0 -1.19702
800 801 0.0113645 0 0 0 0 0 0 0.0113645
801 802 0.04509 0 -1.1296 0 0 0 0 -1.08451
802 803 0.00177096 0 -0.7545 0 0 0 0 -0.752729
803 804 0.0489932 0 -1.15744 0 0 0 0 -1.10845
804 805 0.0813171 0 -1.1565 0 0 0 0 -1.07518
805 806 0.0514895 0 -0.967951 0 0 0 0 -0.916462
806 807 0.00134551 0 -0.787145 0 0 0 0 -0.785799
807 808 0.00317028 0 -1.04779 0 0 0 0 -1.04462
808 809 0.0633207 0 0 0 0 0 0 0.0633207
809 810 0.0128223 0 -0.86708 0 0 0 0 -0.854258
810 811 0.00330094 0 0 0 0 0 0 0.00330094
811 812 0.0182744 0 -0.814838 0 0 0 0 -0.796564
812 813 0.0734796 0 -0.956768 0 0 0 0 -0.883288
813 814 0.279079 0 0 0 0 0 0 0.279079
814 815 0.0415522 0 -1.37923 0 0 0 0 -1.33767
815 816 0.163156 0 0 0 0 0 0 0.163156
816 817 0.00383393 0 -0 0 0 0 0 0.00383393
817 818 0.00339329 0 0 0 0 0 0 0.00339329
818 819 0.0971382 0 -1.15355 0 0 0 0 -1.05641
820 821 0.00426139 0 0 0 0 0 0 0.00426139
821 822 0.000206161 0 -1.19899 0 0 0 0 -1.19878
822 823 0.0331699 0 -0.981137 0 0 0 0 -0.947967
823 824 0.00990084 0 -1.22862 0 0 0 0 -1.21872
824 825 0.0835007 0 -1.06372 0 0 0 0 -0.980215
825 826 0.0220671 0 -1.37275 0 0 0 0 -1.35068
826 827 0.00887771 0 -1.11594 0 0 0 0 -1.10707
827 828 0.200724 0 -1.17543 0 0 0 0 -0.974706
828 829 0.0313125 0 0 0 0 0 0 0.0313125
829 830 0.0412026 0 0 0 0 0 0 0.0412026
830 831 0.224304 0 0 0 0 0 0 0.224304
831 832 0.0188508 0 0 0 0 0 0 0.0188508
832 833 0.0232799 0 -0.473462 0 0 0 0 -0.450182
833 834 0.0121183 0 -1.18638 0 0 0 0 -1.17426
834 835 0.0039177 0 -0.890784 0 0 0 0 -0.886866
835 836 0.0141136 0 0 0 0 0 0 0.0141136
836 837 7.68716e-05 0 -1.14406 0 0 0 0 -1.14398
837 838 0.141459 0 -1.11665 0 0 0 0 -0.97519
838 839 0.0160554 0 -1.31122 0 0 0 0 -1.29516
840 841 0.13101 0 -1.19608 0 0 0 0 -1.06507
841 842 0.0494712 0 -0 0 0 0 0 0.0494712
842 843 0.0923871 0 0 0 0 0 0 0.0923871
843 844 0.0254293 0 0 0 0 0 0 0.0254293
844 845 0.000333787 0 -1.31935 0 0 0 0 -1.31901
845 846 0.344789 0 -1.42952 0 0 0 0 -1.08473
846 847 0.0435988 0 0 0 0 0 0 0.0435988
847 848 0.112264 0 -1.12842 0 0 0 0 -1.01615
848 849 0.0772382 0 -1.22504 0 0 0 0 -1.1478
849 850 0.0379888 0 0 0 0 0 0 0.0379888
850 851 0.0209721 0 0 0 0 0 0 0.0209721
851 852 8.82588e-05 0 -1.28759 0 0 0 0 -1.2875
852 853 0.00682708 0 -1.32638 0 0 0 0 -1.31955
853 854 0.0970909 0 -1.02915 0 0 0 0 -0.932063
854 855 0.133382 0 0 0 0 0 0 0.133382
855 856 0.0978276 0 -1.36899 0 0 0 0 -1.27116
856 857 0.0152674 0 -0.679909 0 0 0 0 -0.664642
857 858 0.0501595 0 -0.971151 0 0 0 0 -0.920992
858 859 0.00933204 0 -1.29442 0 0 0 0 -1.28508
860 861 0.0928637 0 0 0 0 0 0 0.0928637
861 862 0.0417493 0 -1.02522 0 0 0 0 -0.983472
862 863 0.0389598 0 0 0 0 0 0 0.0389598
863 864 0.00914198 0 -0.111735 0 0 0 0 -0.102593
864 865 0.0327413 0 -0 0 0 0 0 0.0327413
865 866 0.000467573 0 0 0 0 0 0 0.000467573
860 867 0 0 0 0 0 -6.86951e-05 0 -6.86951e-05
866 867 0.0395738 0 -1.28455 0 0 0 0 -1.24497
867 868 0.0426953 0 0 0 0 0 0 0.0426953
868 869 0.068699 0 -1.18306 0 0 0 0 -1.11436
869 870 0.0153291 0 0 0 0 0 0 0.0153291
870 871 0.00301861 0 -1.42953 0 0 0 0 -1.42652
871 872 0.0128407 0 -1.11298 0 0 0 0 -1.10014
872 873 0.0543281 0 -1.07459 0 0 0 0 -1.02026
873 874 0.0771831 0 -1.32189 0 0 0 0 -1.24471
874 875 0.0524319 0 -1.18113 0 0 0 0 -1.1287
875 876 0.00559631 0 -1.17952 0 0 0 0 -1.17392
876 877 0.000580209 0 -1.28717 0 0 0 0 -1.28659
877 878 0.000645024 0 0 0 0 0 0 0.000645024
878 879 0.219218 0 0 0 0 0 0 0.219218
880 881 0.0357584 0 -1.21893 0 0 0 0 -1.18317
881 882 0.0357554 0 -1.27961 0 0 0 0 -1.24386
882 883 0.0885129 0 0 0 0 0 0 0.0885129
883 884 0.00954814 0 -2.46243e-08 0 0 0 0 0.00954811
884 885 0.0716117 0 0 0 0 0 0 0.0716117
885 886 0.014347 0 0 0 0 0 0 0.014347
886 887 0.0206754 0 0 0 0 0 0 0.0206754
887 888 0.0820463 0 -1.27997 0 0 0 0 -1.19793
888 889 0.032251 0 -0.335007 0 0 0 0 -0.302756
889 890 0.00550004 0 -0.799676 0 0 0 0 -0.794175
890 891 0.0377965 0 -1.14249 0 0 0 0 -1.10469
891 892 0.0144575 0 -1.14169 0 0 0 0 -1.12723
892 893 0.130988 0 0 0 0 0 0 0.130988
893 894 0.0405747 0 0 0 0 0 0 0.0405747
894 895 0.160125 0 -1.0788 0 0 0 0 -0.91867
895 896 0.000142579 0 -0.801624 0 0 0 0 -0.801481
896 897 0.0100949 0 -1.10803 0 0 0 0 -1.09793
897 898 0.0132304 0 0 0 0 0 0 0.0132304
898 899 0.028872 0 0 0 0 0 0 0.028872
900 901 0.0277147 0 -0.948051 0 0 0 0 -0.920336
901 902 0.0217282 0 -0.547217 0 0 0 0 -0.525489
902 903 0.0604033 0 -0.837478 0 0 0 0 -0.777074
903 904 0.31089 0 -1.28157 0 0 0 0 -0.970676
904 905 0.0101672 0 0 0 0 0 0 0.0101672
905 906 0.00182259 0 -1.22527 0 0 0 0 -1.22344
906 907 0.112694 0 0 0 0 0 0 0.112694
907 908 0.0625175 0 0 0 0 0 0 0.0625175
908 909 0.09786 0 0 0 0 0 0 0.09786
909 910 0.0091147 0 -1.24483 0 0 0 0 -1.23571
910 911 0.0605691 0 -0.516457 0 0 0 0 -0.455888
911 912 0.0512492 0 -0.964735 0 0 0 0 -0.913486
912 913 0.428987 0 0 0 0 0 0 0.428987
913 914 0.0184765 0 -0.809152 0 0 0 0 -0.790676
911 915 0 0 0 0.145376 0 0 0 0.145376
914 915 0.0456747 0 0 0 0 0 0 0.0456747
915 916 0.377816 0 -1.31456 0 0 0 0 -0.936747
916 917 0.0676599 0 -1.24017 0 0 0 0 -1.17251
917 918 0.039886 0 -1.01416 0 0 0 0 -0.974277
918 919 0.0303134 0 0 0 0 0 0 0.0303134
920 921 0.0464275 0 -1.33549 0 0 0 0 -1.28907
921 922 6.73694e-05 0 0 0 0 0 0 6.73694e-05
922 923 0.0199399 0 0 0 0 0 0 0.0199399
923 924 0.146313 0 -0.698454 0 0 0 0 -0.55214
924 925 0.00844917 0 -1.41997 0 0 0 0 -1.41152
925 926 0.0476767 0 0 0 0 0 0 0.0476767
926 927 0.101514 0 -1.04037 0 0 0 0 -0.938857
927 928 0.0574439 0 0 0 0 0 0 0.0574439
928 929 0.00435214 0 0 0 0 0 0 0.00435214
929 930 0.00328834 0 -0.98705 0 0 0 0 -0.983761
930 931 0.120633 0 -0.887428 0 0 0 0 -0.766794
931 932 0.0719948 0 0 0 0 0 0 0.0719948
932 933 0.0128939 0 -1.30777 0 0 0 0 -1.29488
933 934 0.256668 0 -0.972784 0 0 0 0 -0.716116
934 935 0.0711973 0 0 0 0 0 0 0.0711973
935 936 0.0336714 0 -1.12029 0 0 0 0 -1.08662
936 937 2.66002e-05 0 -1.26946 0 0 0 0 -1.26943
937 938 0.0452242 0 -0.991535 0 0 0 0 -0.94631
938 939 0.00693758 0 -0 0 0 0 0 0.00693758
940 941 0.0320442 0 -1.34898 0 0 0 0 -1.31693
941 942 0.00803564 0 -1.17021 0 0 0 0 -1.16217
942 943 0.0126099 0 0 0 0 0 0 0.0126099
943 944 0.0364336 0 -1.25231 0 0 0 0 -1.21587
944 945 0.0652745 0 -1.08805 0 0 0 0 -1.02278
945 946 0.0188423 0 -1.14581 0 0 0 0 -1.12697
946 947 0.000364313 0 -1.1242 0 0 0 0 -1.12384
947 948 0.0869877 0 -1.37971 0 0 0 0 -1.29272
948 949 0.0310174 0 -1.094 0 0 0 0 -1.06298
949 950 0.0426173 0 -1.28292 0 0 0 0 -1.24031
950 951 0.0469094 0 -0.841962 0 0 0 0 -0.795053
951 952 0.000437105 0 0 0 0 0 0 0.000437105
952 953 0.011137 0 0 0 0 0 0 0.011137
953 954 0.157624 0 0 0 0 0 0 0.157624
954 955 0.0393144 0 -1.36736 0 0 0 0 -1.32805
955 956 0.00929466 0 -0.823492 0 0 0 0 -0.814197
956 957 0.00818425 0 -1.02052 0 0 0 0 -1.01234
957 958 0.0146811 0 0 0 0 0 0 0.0146811
958 959 0.00477316 0 -1.24907 0 0 0 0 -1.2443
960 961 0.00378818 0 -1.41056 0 0 0 0 -1.40677
961 962 0.0219556 0 0 0 0 0 0 0.0219556
962 963 0.0746268 0 -1.02608 0 0 0 0 -0.951457
963 964 0.0895406 0 -1.17973 0 0 0 0 -1.09019
964 965 0.0261266 0 -1.19575 0 0 0 0 -1.16963
965 966 0.010645 0 -0.95985 0 0 0 0 -0.949205
966 967 0.0695929 0 -1.39889 0 0 0 0 -1.3293
967 968 0.00643832 0 -0.865532 0 0 0 0 -0.859094
968 969 0.01599 0 0 0 0 0 0 0.01599
969 970 0.0293534 0 0 0 0 0 0 0.0293534
970 971 0.0840513 0 -1.35519 0 0 0 0 -1.27114
971 972 0.0112692 0 -1.25371 0 0 0 0 -1.24244
972 973 0.104591 0 0 0 0 0 0 0.104591
966 974 0 0 0 0 0 -0.102953 0 -0.102953
968 974 0 0 0 0 -0 -0.162431 0 -0.162431
967 974 0 0 0 0 0 -6.79208e-06 -0 -6.79208e-06
973 974 0.00373862 0 0 0 0 0 0 0.00373862
966 975 0 0 0 0 -0.561363 0 -0 -0.561363
965 975 0 0 0 0 -6.09914e-29 -0.1376 0 -0.1376
967 975 0 0 0 0 0 -0.198884 0 -0.198884
974 975 0.000589631 0 -1.1136 0 0 0 0 -1.11301
966 976 0 0 0 0 -0 -0.170539 0 -0.170539
965 976 0 0 0 0 -0.789402 0 -0 -0.789402
964 976 0 0 0 0 -0 -0.181001 0 -0.181001
975 976 0.0158591 0 -0.887602 0 0 0 0 -0.871743
965 977 0 0 0 0 -0 -0.164566 0 -0.164566
964 977 0 0 0 0 -0.808095 0 -0 -0.808095
963 977 0 0 0 0 0 -0.202798 0 -0.202798
976 977 0.0539049 0 -0.961908 0 0 0 0 -0.908003
964 978 0 0 0 0 0 -0.193755 0 -0.193755
963 978 0 0 0 0 -0.243062 0 -0 -0.243062
962 978 0 0 0 0 0 -0.0132985 0 -0.0132985
977 978 0.0115229 0 -1.33383 0 0 0 0 -1.32231
963 979 0 0 0 0 0 -0.131082 0 -0.131082
962 979 0 0 0 0 0 -0.00734209 -0 -0.00734209
978 979 0.0327399 0 -1.18387 0 0 0 0 -1.15113
980 981 0.014044 0 -1.0331 0 0 0 0 -1.01906
981 982 0.0102253 0 -0.926432 0 0 0 0 -0.916206
982 983 0.0483924 0 -1.35905 0 0 0 0 -1.31066
983 984 0.0231661 0 0 0 0 0 0 0.0231661
984 985 0.0371396 0 -0.896692 0 0 0 0 -0.859553
985 986 0.126624 0 -1.26254 0 0 0 0 -1.13591
986 987 0.000156584 0 0 0 0 0 0 0.000156584
987 988 0.0425936 0 -1.18057 0 0 0 0 -1.13798
988 989 0.00155137 0 -1.1027 0 0 0 0 -1.10115
989 990 0.208555 0 -0.913635 0 0 0 0 -0.70508
990 991 0.0867879 0 -1.17992 0 0 0 0 -1.09313
991 992 0.0052914 0 -1.12047 0 0 0 0 -1.11518
992 993 0.0218962 0 0 0 0 0 0 0.0218962
993 994 0.0258594 0 -1.3441 0 0 0 0 -1.31824
994 995 0.000220806 0 0 0 0 0 0 0.000220806
995 996 0.00221102 0 0 0 0 0 0 0.00221102
996 997 0.0201507 0 0 0 0 0 0 0.0201507
997 998 0.0994168 0 -0.693829 0 0 0 0 -0.594412
998 999 0.0465694 0 -1.06187 0 0 0 0 -1.0153
1000 1001 0.0249686 0 -0 0 0 0 0 0.0249686
1001 1002 0.0165179 0 -0.875016 0 0 0 0 -0.858499
1002 1003 0.0131896 0 -1.33662 0 0 0 0 -1.32344
1003 1004 0.0289773 0 -1.2769 0 0 0 0 -1.24792
1004 1005 0.00544982 0 -1.09547 0 0 0 0 -1.09002
1005 1006 0.00187907 0 -1.30858 0 0 0 0 -1.30671
1006 1007 0.0544342 0 0 0 0 0 0 0.0544342
1007 1008 0.00305139 0 0 0 0 0 0 0.00305139
1008 1009 0.0706982 0 -1.3775 0 0 0 0 -1.3068
1009 1010 0.038666 0 -1.19379 0 0 0 0 -1.15512
1010 1011 0.0280642 0 -0.000390866 0 0 0 0 0.0276733
1011 1012 0.00846184 0 -1.14669 0 0 0 0 -1.13823
1012 1013 0.150523 0 -1.1531 0 0 0 0 -1.00258
1013 1014 0.00688707 0 -1.29502 0 0 0 0 -1.28814
1014 1015 0.0161903 0 -1.32627 0 0 0 0 -1.31008
1015 1016 0.0789379 0 -0.95885 0 0 0 0 -0.879912
1016 1017 0.00690162 0 -0.621526 0 0 0 0 -0.614625
1017 1018 0.0251455 0 -0.991498 0 0 0 0 -0.966353
1018 1019 0.00204665 0 -1.30854 0 0 0 0 -1.30649
1020 1021 0.214197 0 -1.18104 0 0 0 0 -0.966848
1021 1022 0.0527333 0 0 0 0 0 0 0.0527333
1022 1023 0.123113 0 -1.34709 0 0 0 0 -1.22397
1023 1024 0.0246026 0 -1.16647 0 0 0 0 -1.14187
1024 1025 0.0628129 0 0 0 0 0 0 0.0628129
1025 1026 0.00162505 0 -1.25645 0 0 0 0 -1.25482
1026 1027 0.184094 0 -1.32525 0 0 0 0 -1.14115
1027 1028 0.00182813 0 -1.3339 0 0 0 0 -1.33207
1028 1029 0.0284009 0 0 0 0 0 0 0.0284009
1029 1030 0.0641887 0 0 0 0 0 0 0.0641887
1030 1031 0.00110368 0 0 0 0 0 0 0.00110368
1031 1032 0.000333858 0 0 0 0 0 0 0.000333858
1032 1033 0.00621007 0 0 0 0 0 0 0.00621007
1033 1034 0.0952972 0 -1.18674 0 0 0 0 -1.09144
1034 1035 0.151161 0 0 0 0 0 0 0.151161
1035 1036 0.000659635 0 0 0 0 0 0 0.000659635
1036 1037 0.0427904 0 -0 0 0 0 0 0.0427904
1037 1038 0.0111293 0 0 0 0 0 0 0.0111293
1038 1039 0.0419981 0 0 0 0 0 0 0.0419981
1040 1041 0.0285725 0 -0.979581 0 0 0 0 -0.951009
1041 1042 0.0165637 0 0 0 0 0 0 0.0165637
1042 1043 0.163509 0 -1.07897 0 0 0 0 -0.915464
1043 1044 0.0962492 0 -1.30782 0 0 0 0 -1.21157
1044 1045 0.0866313 0 -1.03235 0 0 0 0 -0.945718
1045 1046 0.0117243 0 -1.3444 0 0 0 0 -1.33267
1046 1047 0.0973927 0 -1.34235 0 0 0 0 -1.24496
1047 1048 0.00712931 0 -1.32403 0 0 0 0 -1.3169
1048 1049 0.016469 0 0 0 0 0 0 0.016469
1049 1050 0.0421208 0 -1.36925 0 0 0 0 -1.32713
1050 1051 0.140687 0 -1.23546 0 0 0 0 -1.09478
1051 1052 0.043297 0 -1.28615 0 0 0 0 -1.24285
1052 1053 0.00399219 0 0 0 0 0 0 0.00399219
1053 1054 0.00124308 0 -1.37831 0 0 0 0 -1.37706
1054 1055 2.41932e-06 0 -0.771031 0 0 0 0 -0.771029
1055 1056 0.104708 0 -0.986068 0 0 0 0 -0.88136
1056 1057 0.123094 0 -1.08302 0 0 0 0 -0.959923
1057 1058 0.0113849 0 -1.30019 0 0 0 0 -1.28881
1058 1059 0.00687763 0 0 0 0 0 0 0.00687763
1060 1061 9.72866e-05 0 -1.22044 0 0 0 0 -1.22034
1061 1062 1.36041e-05 0 -1.09133 0 0 0 0 -1.09131
1062 1063 0.041864 0 -0.907733 0 0 0 0 -0.865869
1063 1064 0.00130026 0 -1.21741 0 0 0 0 -1.21611
1064 1065 0.00236375 0 -1.28329 0 0 0 0 -1.28093
1065 1066 0.000720302 0 -1.23794 0 0 0 0 -1.23722
1066 1067 0.0429909 0 -1.37395 0 0 0 0 -1.33096
1067 1068 0.00552374 0 -1.23165 0 0 0 0 -1.22613
1068 1069 0.0371832 0 -1.22632 0 0 0 0 -1.18913
1069 1070 0.000181997 0 0 0 0 0 0 0.000181997
1070 1071 0.0882128 0 -1.1527 0 0 0 0 -1.06448
1067 1072 0 0 0 0 -0 -0.00390208 -0 -0.00390208
1066 1072 0 0 0 0 -0 -0.130811 0 -0.130811
1071 1072 0.000502466 0 -1.35607 0 0 0 0 -1.35557
1067 1073 0 0 0 0 -0 -0.0665187 0 -0.0665187
1066 1073 0 0 0 0 -0.65255 0 -0 -0.65255
1065 1073 0 0 0 0 -3.68489e-07 -0.0735182 0 -0.0735186
1072 1073 0.0323446 0 -1.25124 0 0 0 0 -1.2189
1066 1074 0 0 0 0 -0 -0.145953 0 -0.145953
1065 1074 0 0 0 0 -0.578146 0 -0 -0.578146
1064 1074 0 0 0 0 0 -0.0734968 -0 -0.0734968
1073 1074 0.0126741 0 -1.27829 0 0 0 0 -1.26562
1065 1075 0 0 0 0 0 -0.147481 0 -0.147481
1064 1075 0 0 0 0 -0.8078 0 -0 -0.8078
1063 1075 0 0 0 0 0 -0.160645 0 -0.160645
1074 1075 0.0565971 0 -1.29607 0 0 0 0 -1.23947
1064 1076 0 0 0 0 0 -0.0960605 0 -0.0960605
1063 1076 0 0 0 0 -0.623362 0 -0 -0.623362
1062 1076 0 0 0 0 0 -0.184689 0 -0.184689
1075 1076 0.00883343 0 -1.17714 0 0 0 0 -1.16831
1063 1077 0 0 0 0 0 -0.00288145 -0 -0.00288145
1062 1077 0 0 0 0 -0.732888 0 -0 -0.732888
1061 1077 0 0 0 0 0 -0.136641 0 -0.136641
1076 1077 0.00485346 0 -1.02853 0 0 0 0 -1.02368
1062 1078 0 0 0 0 0 -0.0198309 0 -0.0198309
1061 1078 0 0 0 0 0 -0.0293375 -0 -0.0293375
1060 1078 0 0 0 0 0 -0.00456681 0 -0.00456681
1077 1078 0.0326969 0 -1.1115 0 0 0 0 -1.0788
1078 1079 0.0476096 0 -0 0 0 0 0 0.0476096
1080 1081 0.087918 0.0639262 -0 0 0 0 0 0.151844
1081 1082 0.0659709 0 -1.05973 0 0 0 0 -0.993759
1082 1083 0.000384407 0 -1.03923 0 0 0 0 -1.03885
1083 1084 0.178375 0 -1.10289 0 0 0 0 -0.924519
1084 1085 0.0947815 0 -1.21115 0 0 0 0 -1.11637
1085 1086 0.00255726 0 -1.40395 0 0 0 0 -1.40139
1086 1087 0.0091659 0 -0.944316 0 0 0 0 -0.93515
1087 1088 8.9881e-05 0 -1.4011 0 0 0 0 -1.40101
1088 1089 0.000365765 0 -1.39154 0 0 0 0 -1.39117
1089 1090 0.062466 0 0 0 0 0 0 0.062466
1090 1091 0.388272 0 0 0 0 0 0 0.388272
1088 1092 0 0 0 0 0 -0.117137 -0 -0.117137
1087 1092 0 0 0 0 -0.111873 0 -0 -0.111873
1086 1092 0 0 0 0 -0 -0.116026 0 -0.116026
1091 1092 0.0162604 0 0 0 0 0 0 0.0162604
1087 1093 0 0 0 0 -0 -0.101128 -0 -0.101128
1086 1093 0 0 0 0 -0.663081 0 -0 -0.663081
1085 1093 0 0 0 0 -4.50018e-30 -0.086093 -0 -0.086093
1092 1093 0.0349457 0 -1.43283 0 0 0 0 -1.39789
1086 1094 0 0 0 0 -0 -0.0585119 -0 -0.0585119
1085 1094 0 0 0 0 -0.456719 0 -0 -0.456719
1084 1094 0 0 0 0 0 -0.0391067 -0 -0.0391067
1093 1094 0.0375607 0 -1.15717 0 0 0 0 -1.11961
1085 1095 0 0 0 0 0 -0.121189 0 -0.121189
1084 1095 0 0 0 0 -0.676963 0 -0 -0.676963
1083 1095 0 0 0 0 0 -0.0532683 -0 -0.0532683
1094 1095 0.000658356 0 -1.15673 0 0 0 0 -1.15607
1084 1096 0 0 0 0 0 -0.134842 0 -0.134842
1083 1096 0 0 0 0 -0.67567 0 -0 -0.67567
1082 1096 0 0 0 0 0 -0.101233 -0 -0.101233
1095 1096 0.0661909 0 -1.16652 0 0 0 0 -1.10033
1083 1097 0 0 0 0 0 -0.167861 0 -0.167861
1082 1097 0 0 0 0 -0.546248 0 -0 -0.546248
1081 1097 0 0 0 0 0 -0.0297643 0 -0.0297643
1096 1097 0.00318408 0 -1.2967 0 0 0 0 -1.29352
1082 1098 0 0 0 0 0 -0.110157 0 -0.110157
1081 1098 0 0 0 0 0 -0.0274404 0 -0.0274404
1097 1098 0.00756936 0 -1.20656 0 0 0 0 -1.19899
1098 1099 0.0369006 0 0 0 0 0 0 0.0369006
1100 1101 0.0125774 0 0 0 0 0 0 0.0125774
1101 1102 0.0118973 0 -0.897976 0 0 0 0 -0.886079
1102 1103 0.098434 0 0 0 0 0 0 0.098434
1103 1104 0.0463592 0 0 0 0 0 0 0.0463592
1104 1105 0.0948317 0 -1.3314 0 0 0 0 -1.23657
1105 1106 0.154966 0 0 0 0 0 0 0.154966
1106 1107 0.0271843 0 -1.24457 0 0 0 0 -1.21739
1107 1108 0.0144197 0 -1.43142 0 0 0 0 -1.417
1108 1109 0.000596329 0 -1.36383 0 0 0 0 -1.36324
1109 1110 0.0173024 0 -1.15485 0 0 0 0 -1.13754
1110 1111 0.0312863 0 -1.02348 0 0 0 0 -0.992195
1111 1112 0.0875687 0 -1.14458 0 0 0 0 -1.05701
1112 1113 0.000534944 0 -1.2101 0 0 0 0 -1.20956
1113 1114 0.138069 0 -1.018 0 0 0 0 -0.879932
1114 1115 0.0198939 0 -1.35352 0 0 0 0 -1.33363
1115 1116 0.00327766 0 -0.974319 0 0 0 0 -0.971041
1116 1117 0.0149271 0 0 0 0 0 0 0.0149271
1117 1118 0.0731708 0 0 0 0 0 0 0.0731708
1118 1119 0.0255492 0 -1.20396 0 0 0 0 -1.17841
1120 1121 0.0332126 0 -1.45389 0 0 0 0 -1.42068
1121 1122 0.0751562 0 -1.33974 0 0 0 0 -1.26458
1122 1123 0.0229387 0 0 0 0 0 0 0.0229387
1123 1124 0.00674058 0 -1.40309 0 0 0 0 -1.39635
1124 1125 0.0749494 0 0 0 0 0 0 0.0749494
1125 1126 0.0374888 0 -1.23639 0 0 0 0 -1.1989
1126 1127 0.0795973 0 0 0 0 0 0 0.0795973
1127 1128 0.0604143 0 -1.39545 0 0 0 0 -1.33504
1128 1129 0.00359323 0 -0.723579 0 0 0 0 -0.719986
1129 1130 0.0504213 0 -0 0 0 0 0 0.0504213
1130 1131 0.00598774 0 0 0 0 0 0 0.00598774
1131 1132 0.0129206 0 0 0 0 0 0 0.0129206
1132 1133 0.00348057 0 -1.02064 0 0 0 0 -1.01716
1133 1134 0.0718787 0 -0.836546 0 0 0 0 -0.764667
1134 1135 0.050373 0 0 0 0 0 0 0.050373
1135 1136 4.13662e-06 0 0 0 0 0 0 4.13662e-06
1136 1137 0.0333182 0 -1.45221 0 0 0 0 -1.41889
1137 1138 0.00777875 0 -0.945182 0 0 0 0 -0.937403
1138 1139 0.0255705 0 0 0 0 0 0 0.0255705
1140 1141 0.115472 0 -0 0 0 0 0 0.115472
1141 1142 0.0841241 0 -0.794116 0 0 0 0 -0.709992
1142 1143 0.0107663 0 -0.741296 0 0 0 0 -0.730529
1143 1144 0.000195001 0 -1.17452 0 0 0 0 -1.17433
1144 1145 0.0234242 0 0 0 0 0 0 0.0234242
1145 1146 0.217032 0 -0.873022 0 0 0 0 -0.65599
1146 1147 0.0481952 0 -0 0 0 0 0 0.0481952
1147 1148 0.00852269 0 0 0 0 0 0 0.00852269
1148 1149 0.217358 0 0 0 0 0 0 0.217358
1149 1150 0.0508772 0 -1.20286 0 0 0 0 -1.15198
1150 1151 0.00826416 0 -1.23152 0 0 0 0 -1.22325
1151 1152 0.121853 0 0 0 0 0 0 0.121853
1152 1153 0.000237427 0 0 0 0 0 0 0.000237427
1153 1154 0.00504818 0 0 0 0 0 0 0.00504818
1154 1155 0.0194424 0 -1.07971 0 0 0 0 -1.06027
1155 1156 0.0024308 0 0 0 0 0 0 0.0024308
1156 1157 0.0383007 0 -1.2371 0 0 0 0 -1.1988
1157 1158 0.247968 0 -1.02794 0 0 0 0 -0.779975
1158 1159 0.00539993 0 -1.03323 0 0 0 0 -1.02783
1160 1161 0.156317 0 -1.22239 0 0 0 0 -1.06607
1161 1162 0.0353589 0 -1.27551 0 0 0 0 -1.24015
1162 1163 0.0819295 0 0 0 0 0 0 0.0819295
1163 1164 0.0944763 0 -1.12104 0 0 0 0 -1.02656
1164 1165 0.137873 0 0 0 0 0 0 0.137873
1165 1166 0.00268359 0 -0.950197 0 0 0 0 -0.947513
1166 1167 0.000540642 0 -1.33631 0 0 0 0 -1.33577
1167 1168 0.0322687 0 -1.39153 0 0 0 0 -1.35926
1168 1169 0.0844069 0 -1.04692 0 0 0 0 -0.962514
1169 1170 0.0439167 0 -1.28125 0 0 0 0 -1.23734
1170 1171 0.00192013 0 -0.844611 0 0 0 0 -0.842691
1171 1172 0.00600123 0 -1.38771 0 0 0 0 -1.38171
1172 1173 0.0163071 0 -1.19169 0 0 0 0 -1.17538
1173 1174 0.0550521 0 -1.05419 0 0 0 0 -0.999142
1174 1175 0.0450228 0 -1.11402 0 0 0 0 -1.069
1175 1176 0.137935 0 -1.40049 0 0 0 0 -1.26255
1176 1177 0.0777916 0 -1.34002 0 0 0 0 -1.26223
1177 1178 0.00145888 0 -0.825682 0 0 0 0 -0.824223
1178 1179 7.62367e-06 0 0 0 0 0 0 7.62367e-06
1180 1181 0.0374196 0 -1.16338 0 0 0 0 -1.12596
1181 1182 0.0410035 0 -1.19149 0 0 0 0 -1.15049
1182 1183 0.0135134 0 0 0 0 0 0 0.0135134
1183 1184 0.00951116 0 -1.25767 0 0 0 0 -1.24815
1184 1185 0.0461089 0 -1.29274 0 0 0 0 -1.24663
1185 1186 0.0348567 0 -0.554551 0 0 0 0 -0.519694
1186 1187 0.193881 0 0 0 0 0 0 0.193881
1187 1188 0.00128179 0 -1.19134 0 0 0 0 -1.19006
1188 1189 0.0239255 0 0 0 0 0 0 0.0239255
1189 1190 0.00170032 0 0 0 0 0 0 0.00170032
1190 1191 0.0241027 0 -1.20065 0 0 0 0 -1.17654
1191 1192 0.0370328 0 0 0 0 0 0 0.0370328
1192 1193 0.115068 0 0 0 0 0 0 0.115068
1193 1194 0.0896353 0 -1.35753 0 0 0 0 -1.2679
1194 1195 0.0350701 0 -1.1275 0 0 0 0 -1.09243
1195 1196 0.0045102 0 0 0 0 0 0 0.0045102
1196 1197 0.0228426 0 0 0 0 0 0 0.0228426
1197 1198 0.392754 0 -1.24048 0 0 0 0 -0.847728
1198 1199 0.0461823 0 0 0 0 0 0 0.0461823
#Total energy per particle is  -0.660269 and should be -0.66026910
