#id1 id2 FENE BEXC STCK NEXC HB CRSTCK CXSTCK total, t = 200000
0 1 0.0439332 0 -1.43881 0 0 0 0 -1.39488
1 2 0.0629198 0 0 0 0 0 0 0.0629198
2 3 0.00312796 0 -1.32394 0 0 0 0 -1.32081
3 4 0.0100557 0 -1.16768 0 0 0 0 -1.15762
4 5 0.00549655 0 0 0 0 0 0 0.00549655
5 6 0.00302474 0 -1.41236 0 0 0 0 -1.40934
6 7 0.00156105 0 0 0 0 0 0 0.00156105
7 8 0.103559 0 -0 0 0 0 0 0.103559
8 9 0.00058643 0 0 0 0 0 0 0.00058643
9 10 0.0448025 0 -0 0 0 0 0 0.0448025
10 11 0.0433143 0 0 0 0 0 0 0.0433143
11 12 0.000841696 0 0 0 0 0 0 0.000841696
12 13 0.0475556 0 0 0 0 0 0 0.0475556
13 14 0.27651 0 0 0 0 0 0 0.27651
14 15 0.000100754 0 -0.789878 0 0 0 0 -0.789777
15 16 0.000971192 0 -0.873222 0 0 0 0 -0.872251
16 17 0.0331621 0 0 0 0 0 0 0.0331621
17 18 0.016464 0 -1.32053 0 0 0 0 -1.30406
18 19 0.00239488 0 -0.999245 0 0 0 0 -0.99685
20 21 0.00122439 0 -0.521359 0 0 0 0 -0.520135
21 22 0.071281 0 -1.21364 0 0 0 0 -1.14236
22 23 0.0274608 0 -1.44581 0 0 0 0 -1.41835
23 24 0.00130522 0 0 0 0 0 0 0.00130522
24 25 0.0255466 0 -1.11654 0 0 0 0 -1.09099
25 26 0.0137651 0 0 0 0 0 0 0.0137651
26 27 0.0100705 0 -0.226862 0 0 0 0 -0.216791
27 28 0.00135023 0 -1.30243 0 0 0 0 -1.30108
28 29 0.0193567 0 -1.19853 0 0 0 0 -1.17917
29 30 0.000825483 0 0 0 0 0 0 0.000825483
30 31 0.000448636 0 0 0 0 0 0 0.000448636
31 32 0.0127818 0 -0.973628 0 0 0 0 -0.960846
32 33 0.17069 0 -0.972672 0 0 0 0 -0.801983
33 34 0.00205935 0 0 0 0 0 0 0.00205935
34 35 0.0614107 0 -1.10996 0 0 0 0 -1.04855
35 36 0.0721344 0 0 0 0 0 0 0.0721344
36 37 0.265554 0 0 0 0 0 0 0.265554
37 38 0.127755 0 -1.25372 0 0 0 0 -1.12596
38 39 0.144414 0 -0.610796 0 0 0 0 -0.466382
40 41 0.126074 0 0 0 0 0 0 0.126074
41 42 0.000204046 0 0 0 0 0 0 0.000204046
42 43 0.00247555 0 0 0 0 0 0 0.00247555
43 44 0.01608 0 -1.26534 0 0 0 0 -1.24926
44 45 0.104013 0 -1.3101 0 0 0 0 -1.20608
45 46 0.0121614 0 -1.24556 0 0 0 0 -1.2334
46 47 0.224637 0 -1.39869 0 0 0 0 -1.17406
47 48 0.0468535 0 0 0 0 0 0 0.0468535
48 49 0.0196536 0 0 0 0 0 0 0.0196536
49 50 0.084599 0 0 0 0 0 0 0.084599
50 51 0.0425944 0 -1.14613 0 0 0 0 -1.10354
51 52 0.0569513 0 0 0 0 0 0 0.0569513
52 53 0.0373368 0 -1.10378 0 0 0 0 -1.06645
53 54 0.00937427 0 0 0 0 0 0 0.00937427
54 55 0.00446923 0 -1.31735 0 0 0 0 -1.31289
55 56 0.0437853 0 0 0 0 0 0 0.0437853
56 57 0.072501 0 -1.20193 0 0 0 0 -1.12943
57 58 0.00912741 0 0 0 0 0 0 0.00912741
58 59 0.000543761 0 0 0 0 0 0 0.000543761
60 61 0.160668 0 -1.3021 0 0 0 0 -1.14143
61 62 0.00174923 0 -0.999485 0 0 0 0 -0.997736
62 63 0.00108927 0 0 0 0 0 0 0.00108927
63 64 0.00441776 0 -1.24638 0 0 0 0 -1.24196
64 65 0.00496536 0 -1.25006 0 0 0 0 -1.2451
65 66 0.0102845 0 0 0 0 0 0 0.0102845
66 67 0.0165933 0 -1.29403 0 0 0 0 -1.27744
67 68 0.612627 0 0 0 0 0 0 0.612627
68 69 0.00160368 0 0 0 0 0 0 0.00160368
69 70 0.00649178 0 -1.16434 0 0 0 0 -1.15784
70 71 0.00153972 0 -1.00068 0 0 0 0 -0.999137
71 72 0.0301414 0 -0 0 0 0 0 0.0301414
72 73 0.0459053 0 0 0 0 0 0 0.0459053
73 74 0.0259881 0 0 0 0 0 0 0.0259881
74 75 0.00902117 0 0 0 0 0 0 0.00902117
75 76 0.00109283 0 0 0 0 0 0 0.00109283
76 77 0.29592 0 0 0 0 0 0 0.29592
77 78 0.0214496 0 -1.29871 0 0 0 0 -1.27726
78 79 0.0223019 0 -0 0 0 0 0 0.0223019
80 81 0.10274 0 -1.10749 0 0 0 0 -1.00475
81 82 0.132269 0 0 0 0 0 0 0.132269
82 83 0.0855249 0 -1.37059 0 0 0 0 -1.28506
83 84 0.0095452 0 0 0 0 0 0 0.0095452
84 85 0.0622208 0 -1.17348 0 0 0 0 -1.11126
85 86 0.00680256 0 0 0 0 0 0 0.00680256
86 87 0.104608 0 -1.35553 0 0 0 0 -1.25092
87 88 0.171251 0 -1.02291 0 0 0 0 -0.851659
88 89 0.15718 0 0 0 0 0 0 0.15718
89 90 0.0138282 0 0 0 0 0 0 0.0138282
90 91 0.0353527 0 -1.40625 0 0 0 0 -1.3709
91 92 0.0149885 0 0 0 0 0 0 0.0149885
92 93 0.0542728 0 -1.28744 0 0 0 0 -1.23316
93 94 0.0121601 0 -1.39388 0 0 0 0 -1.38172
94 95 0.0585538 0 -0 0 0 0 0 0.0585538
95 96 0.0435026 0 0 0 0 0 0 0.0435026
96 97 0.0112101 0 -1.12905 0 0 0 0 -1.11784
97 98 1.3973e-05 0 0 0 0 0 0 1.3973e-05
98 99 0.08346 0 -1.15762 0 0 0 0 -1.07416
100 101 0.000370352 0 0 0 0 0 0 0.000370352
101 102 0.0575088 0 -1.27747 0 0 0 0 -1.21996
102 103 0.00746525 0 -1.32834 0 0 0 0 -1.32087
103 104 0.000893649 0 0 0 0 0 0 0.000893649
104 105 0.0189465 0 0 0 0 0 0 0.0189465
105 106 0.000367683 0 0 0 0 0 0 0.000367683
106 107 0.0304079 0 -0 0 0 0 0 0.0304079
107 108 0.076793 0 0 0 0 0 0 0.076793
108 109 0.130074 0 -1.34908 0 0 0 0 -1.21901
109 110 0.0055549 0 -1.38984 0 0 0 0 -1.38428
110 111 0.0323693 0 0 0 0 0 0 0.0323693
111 112 0.00341212 0 -0.755523 0 0 0 0 -0.752111
112 113 0.199137 0 -0.808789 0 0 0 0 -0.609652
113 114 0.0761561 0 -0.798241 0 0 0 0 -0.722085
114 115 0.000190438 0 0 0 0 0 0 0.000190438
115 116 0.0641513 0 0 0 0 0 0 0.0641513
116 117 0.000352008 0 0 0 0 0 0 0.000352008
117 118 0.0346469 0 -1.07759 0 0 0 0 -1.04294
118 119 0.0707628 0 -1.37657 0 0 0 0 -1.30581
120 121 0.104247 0 -1.08484 0 0 0 0 -0.980592
121 122 0.046605 0 0 0 0 0 0 0.046605
122 123 0.174669 0 0 0 0 0 0 0.174669
123 124 0.00617752 0 0 0 0 0 0 0.00617752
124 125 0.00254716 0 -0 0 0 0 0 0.00254716
125 126 0.0282814 0 0 0 0 0 0 0.0282814
126 127 0.152439 0 -1.2505 0 0 0 0 -1.09806
127 128 0.0134599 0 -1.26962 0 0 0 0 -1.25616
128 129 5.04762e-05 0 -1.28707 0 0 0 0 -1.28702
129 130 0.024582 0 -0.876984 0 0 0 0 -0.852402
130 131 0.000963912 0 -1.33496 0 0 0 0 -1.334
131 132 0.0583133 0 -1.29365 0 0 0 0 -1.23534
132 133 0.0756283 0 -1.45121 0 0 0 0 -1.37558
133 134 0.0371598 0 -1.0954 0 0 0 0 -1.05824
134 135 0.090596 0 -1.19871 0 0 0 0 -1.10811
134 136 0 0 0 0 -0 -1.91052e-06 0 -1.91052e-06
135 136 0.109271 0 -0.999507 0 0 0 0 -0.890237
136 137 0.0817943 0 -1.33592 0 0 0 0 -1.25413
137 138 5.29651e-08 0 -1.39051 0 0 0 0 -1.39051
138 139 0.162127 0 -0.921832 0 0 0 0 -0.759704
140 141 0.0866839 0 0 0 0 0 0 0.0866839
141 142 0.21338 0 0 0 0 0 0 0.21338
142 143 9.37736e-05 0 0 0 0 0 0 9.37736e-05
142 144 0 0 0 0.0223967 0 0 0 0.0223967
143 144 0.0311922 0 -1.28477 0 0 0 0 -1.25358
144 145 2.8586e-05 0 -0.939184 0 0 0 0 -0.939156
145 146 0.210717 0 0 0 0 0 0 0.210717
146 147 0.0783755 0 0 0 0 0 0 0.0783755
147 148 0.0156114 0 -1.36367 0 0 0 0 -1.34806
148 149 0.05077 0 -1.07844 0 0 0 0 -1.02767
149 150 0.00300715 0 -1.2377 0 0 0 0 -1.23469
150 151 0.0207075 0 -1.13206 0 0 0 0 -1.11135
151 152 0.07817 0 0 0 0 0 0 0.07817
152 153 0.00352724 0 -0.951117 0 0 0 0 -0.94759
153 154 0.000812679 0.299533 -0 0 0 0 0 0.300346
154 155 0.0265713 0 -1.20164 0 0 0 0 -1.17507
155 156 0.0623161 0 -1.38896 0 0 0 0 -1.32664
156 157 0.0220757 0 -1.31073 0 0 0 0 -1.28866
157 158 0.00133661 0 0 0 0 0 0 0.00133661
158 159 0.0400764 0 0 0 0 0 0 0.0400764
160 161 0.0152914 0 0 0 0 0 0 0.0152914
161 162 0.0514298 0 -1.16135 0 0 0 0 -1.10992
162 163 0.0405536 0 -0.51473 0 0 0 0 -0.474177
163 164 0.00242523 0 -1.18982 0 0 0 0 -1.18739
164 165 0.00994115 0 -1.41185 0 0 0 0 -1.40191
165 166 0.069441 0 -0 0 0 0 0 0.069441
166 167 0.00155428 0 -1.24902 0 0 0 0 -1.24747
167 168 0.00385142 0 -1.09626 0 0 0 0 -1.09241
168 169 0.0866312 0 0 0 0 0 0 0.0866312
169 170 0.0375889 0 0 0 0 0 0 0.0375889
170 171 0.0404482 0 0 0 0 0 0 0.0404482
171 172 0.0208864 0 -1.05019 0 0 0 0 -1.02931
172 173 0.0190443 0 -1.00616 0 0 0 0 -0.987113
173 174 0.181063 0 -0 0 0 0 0 0.181063
174 175 0.0197996 0 0 0 0 0 0 0.0197996
175 176 0.0077296 0 0 0 0 0 0 0.0077296
176 177 0.0308707 0 0 0 0 0 0 0.0308707
177 178 0.00883292 0 -0.942378 0 0 0 0 -0.933545
178 179 0.0715705 0 -0 0 0 0 0 0.0715705
180 181 0.0612662 0 -1.2682 0 0 0 0 -1.20693
181 182 0.00500149 0 0 0 0 0 0 0.00500149
182 183 0.0448058 0 -1.44247 0 0 0 0 -1.39766
183 184 0.00576529 0 -1.30725 0 0 0 0 -1.30149
184 185 0.00065428 0 -1.14304 0 0 0 0 -1.14238
185 186 0.0437884 0 -1.3254 0 0 0 0 -1.28162
186 187 0.0306378 0 -1.00674 0 0 0 0 -0.976106
187 188 0.247248 0 0 0 0 0 0 0.247248
188 189 0.114651 0 0 0 0 0 0 0.114651
189 190 0.00524581 0 -0 0 0 0 0 0.00524581
190 191 0.00657968 0 0 0 0 0 0 0.00657968
191 192 0.013467 0 0 0 0 0 0 0.013467
192 193 0.00924181 0 -0 0 0 0 0 0.00924181
193 194 0.0212999 0 -0.560688 0 0 0 0 -0.539388
194 195 0.00698045 0 -1.14535 0 0 0 0 -1.13837
195 196 0.0056952 0 -0.608164 0 0 0 0 -0.602469
196 197 0.0113666 0 -1.11547 0 0 0 0 -1.10411
197 198 0.00287528 0 0 0 0 0 0 0.00287528
198 199 0.000671931 0 0 0 0 0 0 0.000671931
200 201 0.0103372 0 -1.01335 0 0 0 0 -1.00302
201 202 0.014081 0 -1.20443 0 0 0 0 -1.19035
202 203 0.0146178 0 -1.29233 0 0 0 0 -1.27771
203 204 0.00352303 0 -1.00335 0 0 0 0 -0.99983
204 205 0.00486083 0 -1.1906 0 0 0 0 -1.18573
205 206 0.0807731 0 -1.3175 0 0 0 0 -1.23672
206 207 0.00695445 0 -0.891829 0 0 0 0 -0.884874
207 208 0.372964 0 -1.23347 0 0 0 0 -0.860507
208 209 0.916198 0 -0.939484 0 0 0 0 -0.0232857
209 210 0.00946584 0 0 0 0 0 0 0.00946584
207 211 0 0 0 0 -0 -0.0896367 -0 -0.0896367
210 211 0.00866713 0 0 0 0 0 0 0.00866713
208 212 0 0 0 0 -0 -0.173995 0 -0.173995
207 212 0 0 0 0 -0.513793 0 -0 -0.513793
206 212 0 0 0 0 -0 -0.108788 0 -0.108788
211 212 6.32742e-05 0 -1.22528 0 0 0 0 -1.22522
207 213 0 0 0 0 -0 -0.144575 0 -0.144575
206 213 0 0 0 0 -0.732196 0 -0 -0.732196
205 213 0 0 0 0 -0 -0.138258 0 -0.138258
212 213 0.0529574 0 -1.39473 0 0 0 0 -1.34177
206 214 0 0 0 0 -0 -0.101755 0 -0.101755
205 214 0 0 0 0 -0.751807 0 -0 -0.751807
204 214 0 0 0 0 0 -0.131751 0 -0.131751
213 214 0.0969477 0 -0.964766 0 0 0 0 -0.867818
205 215 0 0 0 0 0 -0.0607854 -0 -0.0607854
204 215 0 0 0 0 -0.597384 0 -0 -0.597384
203 215 0 0 0 0 0 -0.0780546 0 -0.0780546
214 215 0.00303613 0 -1.25329 0 0 0 0 -1.25025
204 216 0 0 0 0 0 -0.101178 -0 -0.101178
203 216 0 0 0 0 -0.41509 0 -0 -0.41509
202 216 0 0 0 0 0 -0.144819 -0 -0.144819
215 216 0.134626 0 -0.93331 0 0 0 0 -0.798684
203 217 0 0 0 0 0 -0.180131 0 -0.180131
202 217 0 0 0 0 -0.818674 0 -0 -0.818674
201 217 0 0 0 0 0 -0.0353136 0 -0.0353136
216 217 0.0023424 0 -1.02389 0 0 0 0 -1.02155
202 218 0 0 0 0 0 -0.162713 0 -0.162713
201 218 0 0 0 0 0 -0.000257604 -0 -0.000257604
200 218 0 0 0 0 0 -0.0235352 -0 -0.0235352
217 218 0.0183123 0 -1.43792 0 0 0 0 -1.41961
218 219 0.0617752 0 -1.02387 0 0 0 0 -0.962092
220 221 0.100464 0 0 0 0 0 0 0.100464
221 222 0.0115016 0 0 0 0 0 0 0.0115016
222 223 0.137473 0 0 0 0 0 0 0.137473
223 224 0.000183118 0 -1.16541 0 0 0 0 -1.16522
224 225 5.24847e-05 0 -1.43511 0 0 0 0 -1.43505
225 226 0.0923229 0 0 0 0 0 0 0.0923229
226 227 0.00520923 0 -0 0 0 0 0 0.00520923
227 228 0.0258414 0 0 0 0 0 0 0.0258414
228 229 0.0689838 0 -1.2662 0 0 0 0 -1.19721
229 230 0.242016 0 0 0 0 0 0 0.242016
230 231 0.0162826 0 -0.917396 0 0 0 0 -0.901113
231 232 0.0317708 0 0 0 0 0 0 0.0317708
232 233 0.323406 0 0 0 0 0 0 0.323406
233 234 0.00573845 0 -1.11645 0 0 0 0 -1.11071
234 235 0.0230895 0 0 0 0 0 0 0.0230895
235 236 0.00782482 0 -1.08881 0 0 0 0 -1.08099
236 237 0.0746227 0 -0.979139 0 0 0 0 -0.904516
237 238 0.150173 0 -1.14272 0 0 0 0 -0.992545
238 239 0.000367856 0 0 0 0 0 0 0.000367856
240 241 0.00942561 0 -0.933279 0 0 0 0 -0.923853
241 242 0.190071 0 -1.35228 0 0 0 0 -1.16221
242 243 0.0942307 0 -0.775644 0 0 0 0 -0.681414
243 244 0.0330602 0 -0.970917 0 0 0 0 -0.937857
244 245 0.127206 0 -1.31718 0 0 0 0 -1.18998
245 246 0.423943 0 -1.24688 0 0 0 0 -0.822934
246 247 0.139199 0 -0.596401 0 0 0 0 -0.457202
247 248 0.132666 0 0 0 0 0 0 0.132666
248 249 0.142889 0 -1.33297 0 0 0 0 -1.19008
249 250 0.00776301 0 -0.97417 0 0 0 0 -0.966407
250 251 0.0289249 0 -1.19574 0 0 0 0 -1.16681
251 252 0.019247 0 -1.27952 0 0 0 0 -1.26028
252 253 0.00120864 0 0 0 0 0 0 0.00120864
253 254 0.00651166 0 0 0 0 0 0 0.00651166
254 255 0.00212834 0 -0 0 0 0 0 0.00212834
255 256 0.0045043 0 -1.13925 0 0 0 0 -1.13474
256 257 0.160168 0 -0.983443 0 0 0 0 -0.823275
257 258 0.0522034 0 0 0 0 0 0 0.0522034
258 259 0.0543819 0 0 0 0 0 0 0.0543819
260 261 0.000843418 0 -0.724578 0 0 0 0 -0.723735
261 262 0.00499527 0 -0.871813 0 0 0 0 -0.866817
262 263 0.0685682 0 -1.39604 0 0 0 0 -1.32747
263 264 0.0437869 0 -1.354 0 0 0 0 -1.31021
264 265 0.151061 0 -1.11801 0 0 0 0 -0.966946
265 266 0.00327542 0 -1.25982 0 0 0 0 -1.25655
266 267 0.00731156 0 -0.807019 0 0 0 0 -0.799707
267 268 0.118756 0 0 0 0 0 0 0.118756
268 269 0.0241675 0 0 0 0 0 0 0.0241675
269 270 0.000281785 0 -0.836284 0 0 0 0 -0.836003
270 271 9.10022e-05 0 0 0 0 0 0 9.10022e-05
267 272 0 0 0 0 -0.202618 0 -0 -0.202618
266 272 0 0 0 0 -1.40512e-27 -0.0155999 0 -0.0155999
271 272 0.0358895 0 -0 0 0 0 0 0.0358895
267 273 0 0 0 0 -0 -0.000570976 0 -0.000570976
266 273 0 0 0 0 -0.646929 0 -0 -0.646929
265 273 0 0 0 0 -0 -0.154098 0 -0.154098
272 273 0.11616 0 -1.13197 0 0 0 0 -1.01581
266 274 0 0 0 0 -0 -0.190824 0 -0.190824
265 274 0 0 0 0 -0.654626 0 -0 -0.654626
264 274 0 0 0 0 0 -0.149289 -0 -0.149289
273 274 0.000399864 0 -1.01527 0 0 0 0 -1.01487
265 275 0 0 0 0 0 -0.192836 0 -0.192836
264 275 0 0 0 0 -0.677745 0 -0 -0.677745
263 275 0 0 0 0 0 -0.100506 -0 -0.100506
274 275 1.71604e-06 0 -1.32644 0 0 0 0 -1.32644
275 276 0.000991988 0 0 0 0 0 0 0.000991988
276 277 0.0872905 0 -0 0 0 0 0 0.0872905
277 278 0.00386793 0 0 0 0 0 0 0.00386793
278 279 0.444682 0 0 0 0 0 0 0.444682
280 281 0.328248 0 -1.07105 0 0 0 0 -0.742801
281 282 0.124565 0 -1.19023 0 0 0 0 -1.06566
282 283 0.000556704 0 -1.24095 0 0 0 0 -1.24039
283 284 0.0218405 0 -0.967604 0 0 0 0 -0.945764
284 285 0.0164881 0 -1.32089 0 0 0 0 -1.3044
285 286 0.0012136 0 0 0 0 0 0 0.0012136
286 287 0.00174531 0 -1.42209 0 0 0 0 -1.42034
287 288 0.0144057 0 0 0 0 0 0 0.0144057
288 289 0.0183464 0 -1.39668 0 0 0 0 -1.37834
289 290 0.0130363 0 0 0 0 0 0 0.0130363
290 291 0.0170388 0 -1.30127 0 0 0 0 -1.28423
291 292 0.0031695 0 -1.33684 0 0 0 0 -1.33367
292 293 0.275573 0 -1.17692 0 0 0 0 -0.901349
293 294 0.0171959 0 -1.21363 0 0 0 0 -1.19643
294 295 0.00419146 0 0 0 0 0 0 0.00419146
295 296 0.00210505 0 -1.3497 0 0 0 0 -1.34759
296 297 0.0505219 0 0 0 0 0 0 0.0505219
297 298 0.0965308 0 0 0 0 0 0 0.0965308
298 299 0.0483104 0 0 0 0 0 0 0.0483104
300 301 0.0112251 0 -1.3457 0 0 0 0 -1.33448
301 302 0.013895 0 0 0 0 0 0 0.013895
302 303 0.0160941 0 0 0 0 0 0 0.0160941
303 304 0.0172134 0 -1.32883 0 0 0 0 -1.31162
304 305 0.00303807 0 -1.1705 0 0 0 0 -1.16746
305 306 0.00631441 0 0 0 0 0 0 0.00631441
306 307 0.0293619 0 0 0 0 0 0 0.0293619
307 308 0.110709 0 0 0 0 0 0 0.110709
308 309 0.0188903 0 -1.36947 0 0 0 0 -1.35058
309 310 0.146872 0 -1.26801 0 0 0 0 -1.12114
310 311 0.00541232 0 0 0 0 0 0 0.00541232
311 312 0.26454 0 -0.951478 0 0 0 0 -0.686938
312 313 0.0137222 0 -0.987072 0 0 0 0 -0.97335
313 314 0.0697995 0 -1.28211 0 0 0 0 -1.21231
314 315 0.00173212 0 0 0 0 0 0 0.00173212
315 316 0.169253 0 0 0 0 0 0 0.169253
316 317 0.0228571 0 -1.22512 0 0 0 0 -1.20226
317 318 0.266091 0 0 0 0 0 0 0.266091
318 319 0.0314891 0 -1.34702 0 0 0 0 -1.31553
320 321 0.145267 0 -1.132 0 0 0 0 -0.98673
321 322 0.00429249 0 -1.1526 0 0 0 0 -1.14831
322 323 0.0200955 0 -1.16959 0 0 0 0 -1.1495
323 324 0.0238232 0 -1.27634 0 0 0 0 -1.25252
324 325 0.00501964 0 -1.17948 0 0 0 0 -1.17446
325 326 0.0692772 0 -1.25728 0 0 0 0 -1.188
326 327 0.00550887 0 -1.09933 0 0 0 0 -1.09382
327 328 0.100134 0 0 0 0 0 0 0.100134
328 329 0.196848 0 -1.24565 0 0 0 0 -1.0488
329 330 0.0444435 0 -1.20765 0 0 0 0 -1.16321
330 331 0.00713615 0 -0.907678 0 0 0 0 -0.900542
331 332 0.102512 0 0 0 0 0 0 0.102512
332 333 0.116717 0 0 0 0 0 0 0.116717
333 334 0.0770521 0 0 0 0 0 0 0.0770521
334 335 0.285044 0 0 0 0 0 0 0.285044
335 336 0.0976382 0 -1.18907 0 0 0 0 -1.09143
336 337 0.240774 0 -0.64849 0 0 0 0 -0.407716
337 338 0.00142386 0 -0.895219 0 0 0 0 -0.893795
338 339 0.0137889 0 -1.25048 0 0 0 0 -1.23669
340 341 0.229124 0 -1.05537 0 0 0 0 -0.826247
341 342 0.00171055 0 -1.11994 0 0 0 0 -1.11823
342 343 0.0224475 0 -1.3365 0 0 0 0 -1.31406
343 344 0.0112027 0 0 0 0 0 0 0.0112027
344 345 0.0360608 0 -1.23499 0 0 0 0 -1.19893
345 346 0.0415496 0 -1.39212 0 0 0 0 -1.35057
346 347 0.0777607 0 -1.40561 0 0 0 0 -1.32785
347 348 0.0312038 0 -1.37736 0 0 0 0 -1.34615
348 349 0.00777046 0 0 0 0 0 0 0.00777046
349 350 0.0424536 0 -1.15386 0 0 0 0 -1.1114
350 351 0.00418169 0 0 0 0 0 0 0.00418169
351 352 0.0459377 0 -0.796077 0 0 0 0 -0.750139
352 353 0.0524739 0 0 0 0 0 0 0.0524739
353 354 0.253397 0 0 0 0 0 0 0.253397
354 355 0.121354 0 0 0 0 0 0 0.121354
350 356 0 0 0 0 0 -0.000724787 0 -0.000724787
355 356 0.136577 0 -0.80733 0 0 0 0 -0.670753
350 357 0 0 0 0.00782581 0 0 -0 0.00782581
349 357 0 0 0 0 0 -5.96688e-10 0 -5.96688e-10
356 357 0.14229 0 -0.876644 0 0 0 0 -0.734354
357 358 0.0185089 0 -1.30222 0 0 0 0 -1.28371
358 359 0.000420291 0 0 0 0 0 0 0.000420291
360 361 0.0152003 0 0 0 0 0 0 0.0152003
361 362 0.0614305 0 0 0 0 0 0 0.0614305
362 363 0.00527446 0 -1.09303 0 0 0 0 -1.08775
363 364 0.00185016 0 -1.25283 0 0 0 0 -1.25098
364 365 0.00665398 0 -1.05177 0 0 0 0 -1.04511
365 366 0.00022813 0 -1.11176 0 0 0 0 -1.11154
366 367 0.000232622 0 -1.20299 0 0 0 0 -1.20276
367 368 0.000439157 0 -1.26108 0 0 0 0 -1.26064
368 369 0.0480659 0 -1.38705 0 0 0 0 -1.33898
369 370 0.0217101 0 -1.29357 0 0 0 0 -1.27186
370 371 0.167294 0 -0 0 0 0 0 0.167294
368 372 0 0 0 0 -0 -0.111016 0 -0.111016
367 372 0 0 0 0 -0.432849 0 -0 -0.432849
366 372 0 0 0 0 -0 -0.162512 0 -0.162512
371 372 0.00738996 0 0 0 0 0 0 0.00738996
365 373 0 0 0 0 -1.36969e-28 -0.0916758 0 -0.0916758
367 373 0 0 0 0 -0 -0.131149 0 -0.131149
366 373 0 0 0 0 -0.73164 -1.13835e-30 -0 -0.73164
372 373 0.00073988 0 -1.4211 0 0 0 0 -1.42036
365 374 0 0 0 0 -0.804476 0 -0 -0.804476
364 374 0 0 0 0 0 -0.124991 0 -0.124991
366 374 0 0 0 0 -0 -0.100236 -0 -0.100236
373 374 0.00913901 0 -1.27779 0 0 0 0 -1.26865
365 375 0 0 0 0 0 -0.160756 0 -0.160756
364 375 0 0 0 0 -0.825742 0 -0 -0.825742
363 375 0 0 0 0 0 -0.186779 0 -0.186779
374 375 0.0174764 0 -1.2456 0 0 0 0 -1.22813
364 376 0 0 0 0 0 -0.178828 0 -0.178828
363 376 0 0 0 0 -0.771113 0 -0 -0.771113
362 376 0 0 0 0 0 -0.166189 -0 -0.166189
375 376 0.260088 0 -0.904394 0 0 0 0 -0.644306
363 377 0 0 0 0 0 -0.193488 0 -0.193488
362 377 0 0 0 0 -0.74456 0 -0 -0.74456
376 377 0.00640413 0 -1.21818 0 0 0 0 -1.21177
362 378 0 0 0 0 0 -0.0264231 0 -0.0264231
377 378 0.0175777 0 -1.01204 0 0 0 0 -0.994464
378 379 0.0488195 0 -1.13136 0 0 0 0 -1.08254
380 381 0.0121148 0 0 0 0 0 0 0.0121148
381 382 8.06526e-05 0 0 0 0 0 0 8.06526e-05
382 383 0.0557966 0 0 0 0 0 0 0.0557966
383 384 0.0280606 0 0 0 0 0 0 0.0280606
384 385 0.0818103 0 0 0 0 0 0 0.0818103
385 386 0.0599206 0 0 0 0 0 0 0.0599206
386 387 0.00786607 0 -1.19408 0 0 0 0 -1.18621
387 388 0.0518234 0 0 0 0 0 0 0.0518234
388 389 0.0804328 0 0 0 0 0 0 0.0804328
389 390 0.000762648 0 -1.20709 0 0 0 0 -1.20633
390 391 0.0100194 0 0 0 0 0 0 0.0100194
391 392 0.0432445 0 0 0 0 0 0 0.0432445
392 393 0.068046 0 0 0 0 0 0 0.068046
393 394 0.0202672 0 -1.10096 0 0 0 0 -1.08069
394 395 0.185047 0 -1.14696 0 0 0 0 -0.96191
395 396 0.00588846 0 0 0 0 0 0 0.00588846
396 397 0.147365 0 -1.12133 0 0 0 0 -0.97397
397 398 0.089978 0 0 0 0 0 0 0.089978
398 399 0.124764 0 0 0 0 0 0 0.124764
400 401 0.209019 0 -1.19897 0 0 0 0 -0.989953
401 402 0.020701 0 -0.982418 0 0 0 0 -0.961717
402 403 0.0553752 0 0 0 0 0 0 0.0553752
403 404 0.0165689 0 -1.27809 0 0 0 0 -1.26152
404 405 0.0113419 0 -1.38337 0 0 0 0 -1.37203
405 406 0.00267645 0 -1.1752 0 0 0 0 -1.17252
406 407 0.0478016 0 -1.36222 0 0 0 0 -1.31441
407 408 0.000566151 0 0 0 0 0 0 0.000566151
408 409 0.00682549 0 0 0 0 0 0 0.00682549
409 410 0.0125058 0 -1.14015 0 0 0 0 -1.12765
410 411 0.0153821 0 -0.743054 0 0 0 0 -0.727672
411 412 0.0271656 0 -1.33878 0 0 0 0 -1.31162
412 413 0.00787496 0 -1.16773 0 0 0 0 -1.15986
413 414 0.000641616 0 -1.33922 0 0 0 0 -1.33858
414 415 0.0157234 0 -1.31395 0 0 0 0 -1.29822
415 416 0.0410455 0 -0.948429 0 0 0 0 -0.907384
416 417 0.370203 0 0 0 0 0 0 0.370203
417 418 0.0612176 0 -0.948338 0 0 0 0 -0.88712
418 419 0.00175591 0 0 0 0 0 0 0.00175591
420 421 0.0594262 0 -1.32232 0 0 0 0 -1.26289
421 422 0.0104539 0 0 0 0 0 0 0.0104539
422 423 0.00192186 0 0 0 0 0 0 0.00192186
423 424 0.000123959 0 0 0 0 0 0 0.000123959
424 425 0.00479081 0 -1.29356 0 0 0 0 -1.28877
425 426 0.00338531 0 -1.22872 0 0 0 0 -1.22534
426 427 0.035708 0 -1.33278 0 0 0 0 -1.29707
427 428 0.012596 0 -1.37003 0 0 0 0 -1.35744
428 429 0.000118298 0 0 0 0 0 0 0.000118298
429 430 0.00303963 0 -1.37758 0 0 0 0 -1.37454
430 431 0.162213 0 -0.851904 0 0 0 0 -0.689691
431 432 0.0443315 0 -1.21763 0 0 0 0 -1.1733
432 433 0.0021567 0 0 0 0 0 0 0.0021567
433 434 0.0444891 0 0 0 0 0 0 0.0444891
434 435 0.0530375 0 -1.24005 0 0 0 0 -1.18701
435 436 0.000131117 0 0 0 0 0 0 0.000131117
436 437 0.0290737 0 -1.35293 0 0 0 0 -1.32386
437 438 0.0435424 0 0 0 0 0 0 0.0435424
438 439 5.08915e-05 0 -1.32645 0 0 0 0 -1.3264
440 441 0.00156929 0 -0.880315 0 0 0 0 -0.878746
441 442 0.0133004 0 0 0 0 0 0 0.0133004
442 443 0.0161546 0 -1.3475 0 0 0 0 -1.33134
443 444 0.00431519 0 -1.40711 0 0 0 0 -1.4028
444 445 0.0410129 0 0 0 0 0 0 0.0410129
445 446 0.084011 0 -1.31886 0 0 0 0 -1.23484
446 447 0.00541135 0 -1.26108 0 0 0 0 -1.25566
447 448 0.0959624 0 -1.3329 0 0 0 0 -1.23694
448 449 0.0159238 0 -1.32863 0 0 0 0 -1.3127
449 450 0.198271 0 0 0 0 0 0 0.198271
450 451 0.00353901 0 -1.39572 0 0 0 0 -1.39219
451 452 0.0137101 0 0 0 0 0 0 0.0137101
452 453 0.117618 0 0 0 0 0 0 0.117618
453 454 0.0891879 0 0 0 0 0 0 0.0891879
454 455 0.0153728 0 -1.37211 0 0 0 0 -1.35673
455 456 0.00533276 0 -1.40886 0 0 0 0 -1.40353
456 457 0.00160822 0 -0.728791 0 0 0 0 -0.727182
457 458 0.0352305 0 -1.07162 0 0 0 0 -1.03639
458 459 1.87735e-05 0 -1.26075 0 0 0 0 -1.26073
460 461 0.00244734 0 -1.07942 0 0 0 0 -1.07698
461 462 0.0269657 0 0 0 0 0 0 0.0269657
462 463 0.0201292 0 0 0 0 0 0 0.0201292
463 464 0.0580412 0 -0.99392 0 0 0 0 -0.935879
464 465 0.149449 0 -1.10719 0 0 0 0 -0.957737
465 466 0.001346 0 -1.26101 0 0 0 0 -1.25966
466 467 0.112269 0 -1.07411 0 0 0 0 -0.96184
467 468 3.26129e-05 0 -1.26817 0 0 0 0 -1.26814
468 469 0.105899 0 0 0 0 0 0 0.105899
469 470 0.22795 0 0 0 0 0 0 0.22795
470 471 0.00571276 0 0 0 0 0 0 0.00571276
471 472 0.0842893 0 -1.11497 0 0 0 0 -1.03068
472 473 0.187354 0 0 0 0 0 0 0.187354
473 474 0.0312697 0 -1.25646 0 0 0 0 -1.22519
474 475 0.0427544 0 -0.803377 0 0 0 0 -0.760622
475 476 0.0124184 0 -1.29515 0 0 0 0 -1.28273
476 477 0.0275062 0 -1.17901 0 0 0 0 -1.1515
477 478 0.00578469 0 -1.40832 0 0 0 0 -1.40253
478 479 0.0593298 0 -1.12953 0 0 0 0 -1.0702
480 481 0.0315043 0 0 0 0 0 0 0.0315043
481 482 0.0399237 0 -0.993707 0 0 0 0 -0.953784
482 483 0.0322237 0 -1.10258 0 0 0 0 -1.07036
482 484 0 0 0 0 0 -8.25604e-11 0 -8.25604e-11
483 484 0.0299902 0 -1.14278 0 0 0 0 -1.11279
484 485 0.00116551 0 0 0 0 0 0 0.00116551
485 486 0.0908707 0 -1.12276 0 0 0 0 -1.03189
486 487 0.0282557 0 0 0 0 0 0 0.0282557
487 488 0.171649 0 -1.38164 0 0 0 0 -1.20999
488 489 0.00485186 0 -1.01724 0 0 0 0 -1.01239
489 490 0.0099781 0 0 0 0 0 0 0.0099781
490 491 0.000665175 0 -1.03805 0 0 0 0 -1.03738
491 492 0.0577988 0 -2.32223e-05 0 0 0 0 0.0577756
492 493 0.000138767 0 -1.02204 0 0 0 0 -1.0219
493 494 0.120697 0 -1.0875 0 0 0 0 -0.966799
494 495 0.269134 0 0 0 0 0 0 0.269134
495 496 0.0291727 0 0 0 0 0 0 0.0291727
496 497 0.19769 0 -0 0 0 0 0 0.19769
497 498 0.0966599 0 0 0 0 0 0 0.0966599
498 499 0.0405969 0 -1.33317 0 0 0 0 -1.29257
500 501 0.0246775 0 -1.32635 0 0 0 0 -1.30167
501 502 0.0231232 0 0 0 0 0 0 0.0231232
502 503 0.0190246 0 0 0 0 0 0 0.0190246
503 504 0.000424743 0 -0.943938 0 0 0 0 -0.943513
504 505 0.150997 0 -1.20484 0 0 0 0 -1.05385
505 506 0.1127 0 -1.37022 0 0 0 0 -1.25752
506 507 0.120719 0 0 0 0 0 0 0.120719
507 508 0.145289 0 0 0 0 0 0 0.145289
508 509 0.0145523 0 0 0 0 0 0 0.0145523
509 510 0.120881 0 0 0 0 0 0 0.120881
510 511 0.0901078 0 -1.41125 0 0 0 0 -1.32114
511 512 0.0148747 0 0 0 0 0 0 0.0148747
512 513 0.0283683 0 -1.02046 0 0 0 0 -0.992095
513 514 0.0513786 0 -1.2185 0 0 0 0 -1.16712
514 515 0.0321953 0 -1.34158 0 0 0 0 -1.30938
515 516 0.0995134 0 0 0 0 0 0 0.0995134
516 517 0.1889 0 -1.36463 0 0 0 0 -1.17573
517 518 0.0148554 0 0 0 0 0 0 0.0148554
518 519 0.0214238 0 -0 0 0 0 0 0.0214238
520 521 0.0472999 0 -1.24401 0 0 0 0 -1.19671
521 522 0.0396179 0 -1.13999 0 0 0 0 -1.10037
522 523 0.196252 0 0 0 0 0 0 0.196252
523 524 0.000230655 0 -1.25913 0 0 0 0 -1.2589
524 525 0.0148836 0 0 0 0 0 0 0.0148836
525 526 0.0243074 0 -1.29658 0 0 0 0 -1.27227
526 527 0.00299168 0 0 0 0 0 0 0.00299168
527 528 0.123545 0 -1.17647 0 0 0 0 -1.05293
528 529 0.00629557 0 0 0 0 0 0 0.00629557
529 530 0.0024522 0 -0.956778 0 0 0 0 -0.954326
530 531 0.00160129 0 0 0 0 0 0 0.00160129
531 532 0.0245203 0 -1.24159 0 0 0 0 -1.21707
532 533 0.133763 0 -1.0027 0 0 0 0 -0.86894
533 534 0.164362 0 -0 0 0 0 0 0.164362
534 535 0.058468 0 0 0 0 0 0 0.058468
535 536 0.0044298 0 -1.24574 0 0 0 0 -1.24131
536 537 0.000504465 0 -0 0 0 0 0 0.000504465
537 538 0.04936 0 0 0 0 0 0 0.04936
538 539 0.044328 0 -0.915788 0 0 0 0 -0.87146
540 541 0.00487305 0 0 0 0 0 0 0.00487305
541 542 0.0771083 0 -0 0 0 0 0 0.0771083
542 543 0.0426626 0 -1.00083 0 0 0 0 -0.958163
543 544 0.0163057 0 -0 0 0 0 0 0.0163057
544 545 0.0440959 0 -0 0 0 0 0 0.0440959
545 546 0.0126258 0 0 0 0 0 0 0.0126258
546 547 1.87024e-06 0 0 0 0 0 0 1.87024e-06
547 548 0.00614873 0 -1.39937 0 0 0 0 -1.39323
548 549 0.0337253 0 -1.04207 0 0 0 0 -1.00835
549 550 0.317566 0 0 0 0 0 0 0.317566
550 551 0.237909 0 0 0 0 0 0 0.237909
551 552 0.000226381 0 -0 0 0 0 0 0.000226381
552 553 0.02473 0 -0.814316 0 0 0 0 -0.789586
553 554 0.0670934 0 -1.33971 0 0 0 0 -1.27262
554 555 0.060237 0 -1.39522 0 0 0 0 -1.33498
555 556 0.215462 0 -0 0 0 0 0 0.215462
556 557 9.95125e-05 0 0 0 0 0 0 9.95125e-05
557 558 0.017018 0 -0 0 0 0 0 0.017018
558 559 0.170286 0 -1.16275 0 0 0 0 -0.992464
560 561 0.00628343 0 -0 0 0 0 0 0.00628343
561 562 0.0954974 0 0 0 0 0 0 0.0954974
562 563 0.0887112 0 -0.818768 0 0 0 0 -0.730056
563 564 0.0041426 0 -1.43234 0 0 0 0 -1.4282
564 565 0.00572282 0 0 0 0 0 0 0.00572282
565 566 0.038829 0 -1.15689 0 0 0 0 -1.11806
566 567 0.157296 0 0 0 0 0 0 0.157296
567 568 0.00258789 0 -0.884283 0 0 0 0 -0.881695
568 569 0.0244798 0 -1.40833 0 0 0 0 -1.38385
569 570 0.00164406 0 0 0 0 0 0 0.00164406
570 571 0.00022384 0 -1.3338 0 0 0 0 -1.33358
571 572 0.0101814 0 -1.09526 0 0 0 0 -1.08507
572 573 0.021148 0 0 0 0 0 0 0.021148
573 574 0.0356587 0 0 0 0 0 0 0.0356587
574 575 0.10192 0 -1.33197 0 0 0 0 -1.23005
575 576 0.0113723 0 -0.945975 0 0 0 0 -0.934603
576 577 0.0157567 0 -1.18673 0 0 0 0 -1.17098
577 578 0.0970546 0 0 0 0 0 0 0.0970546
578 579 0.107672 0 0 0 0 0 0 0.107672
580 581 0.00358676 0 0 0 0 0 0 0.00358676
581 582 0.00184629 0 -0.919034 0 0 0 0 -0.917187
582 583 0.0268735 0 -1.27346 0 0 0 0 -1.24659
583 584 0.00662346 0 -0.714645 0 0 0 0 -0.708022
584 585 0.00514592 0 0 0 0 0 0 0.00514592
585 586 4.20912e-05 0 -1.44488 0 0 0 0 -1.44484
586 587 0.0403386 0 -0.624758 0 0 0 0 -0.584419
587 588 0.0324524 0 -0.792758 0 0 0 0 -0.760306
588 589 0.0210139 0 -1.08058 0 0 0 0 -1.05957
589 590 0.0125975 0 -0.889318 0 0 0 0 -0.876721
590 591 0.0178911 0 0 0 0 0 0 0.0178911
591 592 0.0385669 0 -1.24603 0 0 0 0 -1.20746
592 593 0.016237 0 -1.22075 0 0 0 0 -1.20451
593 594 0.0336951 0 0 0 0 0 0 0.0336951
594 595 0.0575993 0 -1.22565 0 0 0 0 -1.16805
595 596 0.0253318 0 -1.27569 0 0 0 0 -1.25036
596 597 0.000278631 0 0 0 0 0 0 0.000278631
597 598 0.0326625 0 -1.24196 0 0 0 0 -1.2093
598 599 0.152769 0 -1.35439 0 0 0 0 -1.20162
600 601 0.0278459 0 0 0 0 0 0 0.0278459
601 602 0.0260861 0 -1.33681 0 0 0 0 -1.31072
602 603 0.0555543 0 -1.11758 0 0 0 0 -1.06202
603 604 0.000803536 0 0 0 0 0 0 0.000803536
604 605 0.00115369 0 -0.89211 0 0 0 0 -0.890957
605 606 0.00377129 0 -0.999726 0 0 0 0 -0.995955
606 607 0.153868 0 0 0 0 0 0 0.153868
607 608 0.0522554 0 0 0 0 0 0 0.0522554
608 609 0.00309804 0 -1.25161 0 0 0 0 -1.24851
609 610 0.000185016 0 -0.914893 0 0 0 0 -0.914708
610 611 0.00196907 0 0 0 0 0 0 0.00196907
611 612 0.121153 0 -1.39195 0 0 0 0 -1.2708
612 613 0.0159443 0 -1.20664 0 0 0 0 -1.1907
613 614 0.013879 0 -0 0 0 0 0 0.013879
614 615 0.0149335 0 -0 0 0 0 0 0.0149335
615 616 0.000574826 0 0 0 0 0 0 0.000574826
616 617 0.115506 0 -1.15999 0 0 0 0 -1.04449
617 618 0.0193633 0 0 0 0 0 0 0.0193633
618 619 0.12914 0 0 0 0 0 0 0.12914
620 621 0.0227415 0 -1.00814 0 0 0 0 -0.985399
621 622 0.169766 0 -1.3526 0 0 0 0 -1.18284
622 623 0.162294 0 0 0 0 0 0 0.162294
623 624 0.00577961 0 -1.27088 0 0 0 0 -1.26511
624 625 0.0403796 0 0 0 0 0 0 0.0403796
625 626 0.273702 0 0 0 0 0 0 0.273702
626 627 0.0058468 0 -1.14807 0 0 0 0 -1.14222
627 628 0.0164445 0 -1.10022 0 0 0 0 -1.08378
628 629 0.132488 0 -1.3136 0 0 0 0 -1.18111
629 630 0.0389306 0 0 0 0 0 0 0.0389306
630 631 0.038322 0 0 0 0 0 0 0.038322
631 632 0.0759467 0 0 0 0 0 0 0.0759467
632 633 0.153369 0 0 0 0 0 0 0.153369
633 634 0.0324884 0 -1.33972 0 0 0 0 -1.30723
634 635 0.690865 0 -1.23936 0 0 0 0 -0.548496
635 636 0.00409781 0 -1.24176 0 0 0 0 -1.23766
636 637 0.0154737 0 -0.572105 0 0 0 0 -0.556632
637 638 0.351992 0 -1.18408 0 0 0 0 -0.832088
638 639 0.4783 0 -1.30935 0 0 0 0 -0.831047
640 641 0.0218189 0 0 0 0 0 0 0.0218189
641 642 0.21498 0 -1.28497 0 0 0 0 -1.06999
642 643 0.000168302 0 0 0 0 0 0 0.000168302
643 644 0.0440831 0 -0.830264 0 0 0 0 -0.786181
644 645 0.00511689 0 -0.341813 0 0 0 0 -0.336696
645 646 0.0005902 0 -0 0 0 0 0 0.0005902
646 647 0.0139354 0 0 0 0 0 0 0.0139354
644 648 0 0 0 0 0 -0.018191 0 -0.018191
643 648 0 0 0 0 0 -0.000170705 -0 -0.000170705
647 648 8.92405e-05 0 -1.198 0 0 0 0 -1.19791
648 649 0.00325754 0 0 0 0 0 0 0.00325754
649 650 0.020016 0 -1.38773 0 0 0 0 -1.36771
650 651 0.116347 0 -1.22829 0 0 0 0 -1.11194
651 652 0.0226351 0 -1.17365 0 0 0 0 -1.15101
652 653 0.0880411 0 0 0 0 0 0 0.0880411
653 654 0.0814696 0 0 0 0 0 0 0.0814696
654 655 0.108238 0 0 0 0 0 0 0.108238
655 656 0.027111 0 -0.863112 0 0 0 0 -0.836001
656 657 0.201806 0 -1.14419 0 0 0 0 -0.942382
657 658 0.217577 0 0 0 0 0 0 0.217577
658 659 0.0364842 0 -1.24741 0 0 0 0 -1.21093
660 661 0.000322998 0 -1.25411 0 0 0 0 -1.25379
661 662 0.018651 0 0 0 0 0 0 0.018651
662 663 0.191032 0 -1.31029 0 0 0 0 -1.11926
663 664 0.0128427 0 -1.32976 0 0 0 0 -1.31691
664 665 0.104742 0 -0 0 0 0 0 0.104742
665 666 0.0255615 0 0 0 0 0 0 0.0255615
666 667 0.008489 0 0 0 0 0 0 0.008489
667 668 0.00039024 0 0 0 0 0 0 0.00039024
668 669 0.000507988 0 0 0 0 0 0 0.000507988
669 670 0.00180491 0 -0.932609 0 0 0 0 -0.930804
670 671 0.013089 0 -1.24193 0 0 0 0 -1.22884
671 672 0.0249917 0 -0 0 0 0 0 0.0249917
672 673 0.00208217 0 0 0 0 0 0 0.00208217
673 674 0.0153425 0 -1.0895 0 0 0 0 -1.07416
674 675 0.0321947 0 0 0 0 0 0 0.0321947
675 676 0.00475016 0 -1.18525 0 0 0 0 -1.1805
676 677 0.04041 0 -1.20862 0 0 0 0 -1.16821
677 678 0.0294985 0 -1.32025 0 0 0 0 -1.29075
678 679 0.00718828 0 -1.03431 0 0 0 0 -1.02712
680 681 0.0866696 0 -1.11101 0 0 0 0 -1.02434
681 682 7.94182e-05 0 -1.13711 0 0 0 0 -1.13703
682 683 0.265087 0 -0.629879 0 0 0 0 -0.364792
683 684 0.0504135 0 -1.22989 0 0 0 0 -1.17948
684 685 0.0740002 0 -0.936311 0 0 0 0 -0.862311
685 686 0.00283728 0 -0 0 0 0 0 0.00283728
686 687 0.000990291 0 0 0 0 0 0 0.000990291
687 688 0.000311366 0 0 0 0 0 0 0.000311366
688 689 0.0297405 0 0 0 0 0 0 0.0297405
689 690 0.0627826 0 -1.34282 0 0 0 0 -1.28004
690 691 0.0554673 0 -0 0 0 0 0 0.0554673
691 692 0.0759785 0 -1.2869 0 0 0 0 -1.21092
692 693 0.014102 0 -1.20281 0 0 0 0 -1.18871
693 694 0.0293514 0 -0.864545 0 0 0 0 -0.835194
694 695 0.0143029 0 0 0 0 0 0 0.0143029
695 696 0.0899395 0 -1.07383 0 0 0 0 -0.983888
696 697 0.0112978 0 -1.43192 0 0 0 0 -1.42062
697 698 0.000122553 0 0 0 0 0 0 0.000122553
698 699 0.0877588 0 -1.2916 0 0 0 0 -1.20385
700 701 0.0562581 0 0 0 0 0 0 0.0562581
701 702 0.0220065 0 -0.871641 0 0 0 0 -0.849634
702 703 0.0105128 0 -1.29816 0 0 0 0 -1.28764
703 704 0.00969867 0 -0 0 0 0 0 0.00969867
704 705 0.00654433 0 0 0 0 0 0 0.00654433
705 706 2.57774e-05 0 0 0 0 0 0 2.57774e-05
706 707 0.00891502 0 -1.24453 0 0 0 0 -1.23561
707 708 0.111444 0 0 0 0 0 0 0.111444
708 709 0.0143939 0 -1.33028 0 0 0 0 -1.31588
709 710 0.00011258 0 -0.824476 0 0 0 0 -0.824363
710 711 3.24332e-05 0 -0.564424 0 0 0 0 -0.564392
711 712 0.123528 0 -1.18195 0 0 0 0 -1.05843
712 713 6.57804e-06 0 0 0 0 0 0 6.57804e-06
713 714 0.0141378 0 -1.09841 0 0 0 0 -1.08428
714 715 0.000938831 0 0 0 0 0 0 0.000938831
715 716 0.00682531 0 0 0 0 0 0 0.00682531
716 717 0.065095 0 0 0 0 0 0 0.065095
717 718 0.000453001 0 -0.858339 0 0 0 0 -0.857886
718 719 0.0161499 0 -1.20825 0 0 0 0 -1.1921
720 721 0.0602134 0 0 0 0 0 0 0.0602134
721 722 0.00871185 0 -0.95091 0 0 0 0 -0.942199
722 723 0.117806 0 -0.802211 0 0 0 0 -0.684406
723 724 0.0400289 0 0 0 0 0 0 0.0400289
724 725 0.0652626 0 -1.28723 0 0 0 0 -1.22197
725 726 0.0322733 0 -1.10422 0 0 0 0 -1.07195
726 727 0.113615 0 0 0 0 0 0 0.113615
727 728 0.00103295 0 -1.45619 0 0 0 0 -1.45516
728 729 0.207641 0 -0.940571 0 0 0 0 -0.73293
729 730 0.237347 0 -1.1614 0 0 0 0 -0.924049
730 731 0.180133 0 -1.13318 0 0 0 0 -0.953047
731 732 0.00230576 0 0 0 0 0 0 0.00230576
732 733 0.00936745 0 -1.17225 0 0 0 0 -1.16288
733 734 0.00116764 0 -1.0458 0 0 0 0 -1.04464
734 735 0.134574 0.0156148 -0.262078 0 0 0 0 -0.11189
735 736 0.00690407 0 -1.23221 0 0 0 0 -1.2253
736 737 0.00671884 0 -1.37987 0 0 0 0 -1.37315
737 738 0.0114602 0 0 0 0 0 0 0.0114602
738 739 0.000961533 0 -0.870799 0 0 0 0 -0.869837
740 741 0.159254 0 0 0 0 0 0 0.159254
741 742 0.100987 0 0 0 0 0 0 0.100987
742 743 0.00123688 0 -1.1855 0 0 0 0 -1.18427
743 744 0.00481522 0 -1.29962 0 0 0 0 -1.2948
744 745 2.04437e-05 0 -0.937253 0 0 0 0 -0.937232
745 746 0.136224 0 -1.28193 0 0 0 0 -1.14571
746 747 0.0327956 0 -1.01565 0 0 0 0 -0.982857
747 748 0.00235897 0 -1.03754 0 0 0 0 -1.03518
748 749 0.0257731 0 -0.853682 0 0 0 0 -0.827909
749 750 0.000370377 0 -1.29448 0 0 0 0 -1.29411
750 751 0.024255 0 0 0 0 0 0 0.024255
751 752 0.0133195 0 0 0 0 0 0 0.0133195
752 753 0.00830146 0 -0 0 0 0 0 0.00830146
753 754 0.0128564 0 0 0 0 0 0 0.0128564
754 755 0.0119846 0 -1.28421 0 0 0 0 -1.27223
755 756 3.85207e-05 0 0 0 0 0 0 3.85207e-05
756 757 0.00850832 0 0 0 0 0 0 0.00850832
757 758 0.0173502 0 0 0 0 0 0 0.0173502
758 759 0.00629785 0 -0 0 0 0 0 0.00629785
760 761 0.00324694 0 -0.945448 0 0 0 0 -0.942201
761 762 0.0277692 0 -0.808757 0 0 0 0 -0.780988
762 763 0.0778656 0 -1.10082 0 0 0 0 -1.02296
763 764 0.0263279 0 -1.24892 0 0 0 0 -1.22259
764 765 0.000110473 0 0 0 0 0 0 0.000110473
765 766 0.0161404 0 0 0 0 0 0 0.0161404
766 767 0.0420225 0 -0 0 0 0 0 0.0420225
767 768 0.0343213 0 0 0 0 0 0 0.0343213
768 769 0.229583 0 -1.09152 0 0 0 0 -0.861937
769 770 0.180363 0 -1.43457 0 0 0 0 -1.25421
770 771 0.228016 0 -1.40526 0 0 0 0 -1.17724
771 772 0.000761263 0 -1.13633 0 0 0 0 -1.13557
772 773 0.165867 0 -1.27611 0 0 0 0 -1.11024
773 774 0.135859 0 -1.14903 0 0 0 0 -1.01317
774 775 0.00123935 0 -0 0 0 0 0 0.00123935
775 776 0.282494 0 -0.911782 0 0 0 0 -0.629287
776 777 0.0682183 0 -1.15025 0 0 0 0 -1.08204
777 778 0.0089617 0 0 0 0 0 0 0.0089617
778 779 0.00628509 0 0 0 0 0 0 0.00628509
780 781 0.0543322 0 -1.00924 0 0 0 0 -0.954903
781 782 0.00112873 0 -1.2044 0 0 0 0 -1.20327
782 783 0.00330571 0 -1.14363 0 0 0 0 -1.14033
783 784 0.0608532 0 -1.08535 0 0 0 0 -1.02449
784 785 0.0784207 0 -1.17544 0 0 0 0 -1.09702
785 786 0.00125444 0 -1.30821 0 0 0 0 -1.30695
786 787 0.0108794 0 0 0 0 0 0 0.0108794
787 788 0.000913398 0 -0.923984 0 0 0 0 -0.923071
788 789 2.46765e-05 0 -0.999031 0 0 0 0 -0.999007
789 790 0.0368801 0 -1.12504 0 0 0 0 -1.08816
790 791 0.049722 0 -0.823285 0 0 0 0 -0.773563
791 792 0.0393798 0 -0.528372 0 0 0 0 -0.488992
792 793 0.00391508 0 -1.27212 0 0 0 0 -1.2682
793 794 0.0612407 0 0 0 0 0 0 0.0612407
794 795 0.0803585 0 -1.30138 0 0 0 0 -1.22102
795 796 0.460791 0 -1.2593 0 0 0 0 -0.798514
796 797 0.130916 0 -1.34832 0 0 0 0 -1.21741
797 798 0.255028 0 0 0 0 0 0 0.255028
798 799 0.00433915 0 0 0 0 0 0 0.00433915
#Total energy per particle is  -0.593698 and should be -0.59369810
