           0   0.000000
       10000   0.000000
       20000  -1.186795
       30000   0.000000
       40000   0.000000
       50000  -0.000634
       60000  -4.394110
       70000  -1.706439
       80000   0.000000
       90000  -3.206420
      100000   0.000000
      110000  -0.002304
      120000  -0.000000
      130000  -1.415937
      140000  -1.270541
      150000   0.000000
      160000  -0.000024
      170000  -3.171699
      180000  -3.680953
      190000  -0.640726
      200000  -1.946641
