           0   0.000000
       10000  -2.428701
       20000  -3.280806
       30000  -2.473193
       40000  -4.040513
       50000  -2.235924
       60000  -1.621769
       70000  -3.280462
       80000  -1.739901
       90000   0.000000
      100000  -3.217534
      110000  -2.542459
      120000  -4.244593
      130000  -2.713879
      140000  -3.429638
      150000  -3.992057
      160000  -2.812924
      170000   0.000000
      180000  -0.602091
      190000  -2.032684
      200000   0.000000
