           0   0.000000
       10000  -1.761720
       20000  -1.775720
       30000  -2.771541
       40000  -1.868525
       50000   0.000000
       60000  -2.489584
       70000  -3.033228
       80000  -9.735744
       90000  -5.945817
      100000 -12.767865
      110000 -12.897513
      120000 -11.881735
      130000 -12.374288
      140000  -7.590596
      150000  -8.950435
      160000 -10.903122
      170000  -5.799481
      180000  -9.794101
      190000 -11.777324
      200000  -9.099092
