#id1 id2 FENE BEXC STCK NEXC HB CRSTCK CXSTCK total, t = 200000
0 1 0.157466 0 -1.42266 0 0 0 0 -1.26519
1 2 8.95392e-05 0 -0 0 0 0 0 8.95392e-05
2 3 0.0448214 0 -1.25245 0 0 0 0 -1.20763
3 4 8.2504e-05 0 0 0 0 0 0 8.2504e-05
4 5 0.00781943 0 -1.30254 0 0 0 0 -1.29472
5 6 0.00465313 0 -1.32676 0 0 0 0 -1.32211
6 7 0.029284 0 -1.02484 0 0 0 0 -0.99556
7 8 0.155497 0 -0 0 0 0 0 0.155497
8 9 5.48792e-05 0 0 0 0 0 0 5.48792e-05
9 10 0.0895313 0 0 0 0 0 0 0.0895313
10 11 0.00660733 0 -1.32587 0 0 0 0 -1.31926
11 12 0.019077 0 -0.846737 0 0 0 0 -0.82766
12 13 0.0193808 0 -1.26517 0 0 0 0 -1.24579
13 14 0.0494297 0 -1.18191 0 0 0 0 -1.13248
14 15 0.194391 0 -0.6901 0 0 0 0 -0.495709
15 16 0.0829427 0 -1.01459 0 0 0 0 -0.931646
16 17 0.13481 0 0 0 0 0 0 0.13481
17 18 0.00482749 0 -1.20012 0 0 0 0 -1.19529
18 19 0.000230858 0 0 0 0 0 0 0.000230858
20 21 0.0030301 0 0 0 0 0 0 0.0030301
21 22 0.119881 0 -1.20747 0 0 0 0 -1.08759
22 23 0.0152182 0 -1.32143 0 0 0 0 -1.30622
23 24 0.0306303 0 0 0 0 0 0 0.0306303
24 25 0.0390455 0 -1.32875 0 0 0 0 -1.2897
25 26 0.00356211 0 -1.0482 0 0 0 0 -1.04464
26 27 0.0244971 0 -0.735575 0 0 0 0 -0.711078
27 28 0.0510927 0 0 0 0 0 0 0.0510927
28 29 0.0137475 0 0 0 0 0 0 0.0137475
29 30 0.167769 0 -1.06938 0 0 0 0 -0.901609
30 31 0.0209926 0 -1.25365 0 0 0 0 -1.23266
31 32 0.00515784 0 -1.37107 0 0 0 0 -1.36592
32 33 0.0697912 0 -0.923692 0 0 0 0 -0.853901
33 34 0.0532901 0 -1.21114 0 0 0 0 -1.15785
34 35 0.000595162 0 -1.25668 0 0 0 0 -1.25608
35 36 0.00688146 0 -1.42156 0 0 0 0 -1.41468
36 37 0.0483544 0 -1.31157 0 0 0 0 -1.26321
37 38 0.0157122 0 -1.0035 0 0 0 0 -0.987787
38 39 0.0213131 0 0 0 0 0 0 0.0213131
40 41 0.0566271 0 -1.07824 0 0 0 0 -1.02161
41 42 0.0258777 0 0 0 0 0 0 0.0258777
42 43 0.0258508 0 0 0 0 0 0 0.0258508
43 44 0.036287 0 -1.15623 0 0 0 0 -1.11994
44 45 0.00620724 0 0 0 0 0 0 0.00620724
45 46 0.000713912 0 -1.13866 0 0 0 0 -1.13794
46 47 0.0140026 0 0 0 0 0 0 0.0140026
47 48 0.0320648 0 -1.19661 0 0 0 0 -1.16455
48 49 0.000826655 0 -1.25405 0 0 0 0 -1.25322
49 50 0.0291753 0 -1.32931 0 0 0 0 -1.30013
50 51 7.30483e-06 0 0 0 0 0 0 7.30483e-06
51 52 0.0176275 0 -0.842736 0 0 0 0 -0.825109
52 53 0.0024171 0 -0 0 0 0 0 0.0024171
53 54 0.0328541 0 -1.25272 0 0 0 0 -1.21987
54 55 0.0851785 0 0 0 0 0 0 0.0851785
55 56 0.0268443 0 0 0 0 0 0 0.0268443
56 57 0.0992672 0 -0.884384 0 0 0 0 -0.785117
57 58 0.00180742 0 -0 0 0 0 0 0.00180742
58 59 0.00253469 0 -1.39757 0 0 0 0 -1.39504
60 61 0.00462804 0 -0.957413 0 0 0 0 -0.952785
61 62 0.0398435 0 0 0 0 0 0 0.0398435
62 63 0.0055653 0 -1.39683 0 0 0 0 -1.39126
63 64 0.00960497 0 -1.29128 0 0 0 0 -1.28167
64 65 0.00775242 0 -1.29237 0 0 0 0 -1.28462
65 66 0.0430804 0 -1.18634 0 0 0 0 -1.14326
66 67 0.0115089 0 -1.11135 0 0 0 0 -1.09984
67 68 0.000514967 0 -0 0 0 0 0 0.000514967
68 69 0.0430048 0 0 0 0 0 0 0.0430048
69 70 0.00489081 0 0 0 0 0 0 0.00489081
70 71 0.146873 0 0 0 0 0 0 0.146873
71 72 0.000425439 0 -1.28195 0 0 0 0 -1.28152
72 73 0.0625909 0 -1.27917 0 0 0 0 -1.21658
73 74 0.225074 0 -1.32975 0 0 0 0 -1.10467
74 75 0.0050725 0 0 0 0 0 0 0.0050725
75 76 2.65594e-05 0 -1.24131 0 0 0 0 -1.24128
76 77 0.0458509 0 -0.84811 0 0 0 0 -0.802259
77 78 0.00283364 0 -0 0 0 0 0 0.00283364
78 79 0.137192 0 0 0 0 0 0 0.137192
80 81 0.026461 0 0 0 0 0 0 0.026461
81 82 0.148989 0 0 0 0 0 0 0.148989
82 83 0.017252 0 -0.731039 0 0 0 0 -0.713787
83 84 0.176983 0 0 0 0 0 0 0.176983
84 85 0.000255511 0 -0 0 0 0 0 0.000255511
85 86 0.000522124 0 0 0 0 0 0 0.000522124
86 87 0.0399519 0 -1.09784 0 0 0 0 -1.05789
87 88 0.0243514 0 0 0 0 0 0 0.0243514
88 89 0.0846332 0 -1.15855 0 0 0 0 -1.07392
89 90 0.0722249 0 -1.33165 0 0 0 0 -1.25943
90 91 0.0108634 0 -0 0 0 0 0 0.0108634
91 92 0.0268847 0 0 0 0 0 0 0.0268847
92 93 0.1146 0 0 0 0 0 0 0.1146
93 94 0.0229684 0 -1.21802 0 0 0 0 -1.19505
94 95 0.00649169 0 0 0 0 0 0 0.00649169
95 96 0.00337331 0 0 0 0 0 0 0.00337331
96 97 0.00743431 0 0 0 0 0 0 0.00743431
97 98 0.000669302 0 -1.01458 0 0 0 0 -1.01391
98 99 0.0780385 0 -0.99644 0 0 0 0 -0.918402
100 101 0.0239922 0 -0.871237 0 0 0 0 -0.847245
101 102 0.0550147 0 -0.879035 0 0 0 0 -0.82402
102 103 0.0450803 0 -1.0161 0 0 0 0 -0.971018
103 104 0.0202496 0 -1.16835 0 0 0 0 -1.1481
104 105 0.0115839 0 -1.07057 0 0 0 0 -1.05899
105 106 0.0497058 0 0 0 0 0 0 0.0497058
106 107 0.0224209 0 0 0 0 0 0 0.0224209
107 108 0.0163824 0 0 0 0 0 0 0.0163824
108 109 0.313904 0 0 0 0 0 0 0.313904
109 110 0.00565875 0 0 0 0 0 0 0.00565875
110 111 0.0873403 0 0 0 0 0 0 0.0873403
111 112 0.0098267 0 0 0 0 0 0 0.0098267
112 113 0.0590804 0 -1.45275 0 0 0 0 -1.39367
113 114 0.0447039 0 0 0 0 0 0 0.0447039
114 115 0.0698699 0 -0.0578646 0 0 0 0 0.0120053
115 116 0.0449379 0 0 0 0 0 0 0.0449379
116 117 0.104776 0 0 0 0 0 0 0.104776
117 118 0.00784518 0 -1.06847 0 0 0 0 -1.06062
118 119 0.112417 0 -1.0561 0 0 0 0 -0.943684
120 121 0.0612876 0 -1.18354 0 0 0 0 -1.12226
121 122 0.000156028 0 -1.29878 0 0 0 0 -1.29862
122 123 0.0679632 0 -0.491937 0 0 0 0 -0.423974
123 124 0.0177012 0 -1.38385 0 0 0 0 -1.36615
124 125 0.000685182 0 -1.25815 0 0 0 0 -1.25746
125 126 0.15473 0 -0 0 0 0 0 0.15473
126 127 0.0272339 0 0 0 0 0 0 0.0272339
127 128 0.0842846 0 0 0 0 0 0 0.0842846
128 129 0.00743616 0 -1.1777 0 0 0 0 -1.17026
129 130 0.00712883 0 -0 0 0 0 0 0.00712883
130 131 0.0032076 0 0 0 0 0 0 0.0032076
131 132 0.00583631 0 -1.3184 0 0 0 0 -1.31256
132 133 0.0410424 0 -1.19961 0 0 0 0 -1.15857
133 134 0.123029 0 -1.15132 0 0 0 0 -1.02829
134 135 0.0180217 0 0 0 0 0 0 0.0180217
135 136 0.247527 0 0 0 0 0 0 0.247527
127 137 0 0 0 0 0 -0.0487059 -3.49688e-18 -0.0487059
136 137 0.02002 0 0 0 0 0 0 0.02002
137 138 0.0358683 0 -1.44078 0 0 0 0 -1.40491
134 139 0 0 0 0 -7.60711e-05 0 -0 -7.60711e-05
127 139 0 0 0 0 0 0 -6.61773e-16 -6.61773e-16
138 139 0.0184001 0 -0.969926 0 0 0 0 -0.951526
140 141 0.0480347 0 -1.09429 0 0 0 0 -1.04626
141 142 0.00993628 0 -1.37749 0 0 0 0 -1.36755
142 143 0.0192831 0 -1.10606 0 0 0 0 -1.08678
143 144 0.000474135 0 0 0 0 0 0 0.000474135
144 145 0.0077026 0 -0 0 0 0 0 0.0077026
145 146 0.0140678 0 -1.12471 0 0 0 0 -1.11065
146 147 0.000115725 0 -1.24178 0 0 0 0 -1.24166
147 148 0.0840192 0 -0 0 0 0 0 0.0840192
148 149 0.0554778 0 0 0 0 0 0 0.0554778
149 150 0.0890938 0 0 0 0 0 0 0.0890938
150 151 0.000218997 0 -0.842369 0 0 0 0 -0.84215
151 152 9.63037e-05 0 -0.945736 0 0 0 0 -0.945639
152 153 0.0485687 0 0 0 0 0 0 0.0485687
153 154 0.0568664 0 -1.17788 0 0 0 0 -1.12102
154 155 0.205311 0 -0.873282 0 0 0 0 -0.667971
155 156 0.0207176 0 -1.19106 0 0 0 0 -1.17034
156 157 0.0216148 0 0 0 0 0 0 0.0216148
157 158 0.261247 0 -0.927024 0 0 0 0 -0.665777
158 159 0.0801295 0 -1.35935 0 0 0 0 -1.27922
160 161 0.196699 0 0 0 0 0 0 0.196699
161 162 0.00703039 0 0 0 0 0 0 0.00703039
162 163 0.0419338 0 -1.20623 0 0 0 0 -1.16429
163 164 0.104856 0 -0.691903 0 0 0 0 -0.587047
164 165 0.0762349 0 -0.718509 0 0 0 0 -0.642274
165 166 0.0459274 0 -1.0031 0 0 0 0 -0.957172
166 167 0.00535361 0 0 0 0 0 0 0.00535361
167 168 0.00328106 0 -1.32907 0 0 0 0 -1.32579
168 169 0.025038 0 -1.26844 0 0 0 0 -1.2434
169 170 0.0326748 0 -1.25572 0 0 0 0 -1.22304
162 171 0 0 0 0 0 -0.000782924 0 -0.000782924
170 171 0.0288271 0 -1.21997 0 0 0 0 -1.19115
171 172 2.19156e-06 0 -1.30373 0 0 0 0 -1.30373
172 173 0.238219 0 0 0 0 0 0 0.238219
173 174 0.00476884 0 -1.45391 0 0 0 0 -1.44914
174 175 0.0286796 0 -1.3557 0 0 0 0 -1.32702
175 176 0.132161 0 -0.880886 0 0 0 0 -0.748725
176 177 0.271424 0 0 0 0 0 0 0.271424
177 178 0.0226977 0 -1.13946 0 0 0 0 -1.11677
178 179 0.132628 0 -1.19153 0 0 0 0 -1.0589
180 181 0.000184113 0 -1.20768 0 0 0 0 -1.20749
181 182 0.00345106 0 -1.06601 0 0 0 0 -1.06256
182 183 0.0169889 0 -1.28366 0 0 0 0 -1.26668
183 184 0.325912 0 -0.701581 0 0 0 0 -0.375669
184 185 0.00167397 0 -1.24724 0 0 0 0 -1.24557
185 186 0.00776894 0 0 0 0 0 0 0.00776894
186 187 0.0145984 0 -1.11562 0 0 0 0 -1.10103
187 188 0.00334567 0 -1.15122 0 0 0 0 -1.14787
188 189 0.00040085 0 -1.16406 0 0 0 0 -1.16365
189 190 0.00336283 0 0 0 0 0 0 0.00336283
190 191 0.0988887 0 -1.2752 0 0 0 0 -1.17631
191 192 0.00382323 0 0 0 0 0 0 0.00382323
192 193 0.0299586 0 -0.904374 0 0 0 0 -0.874416
193 194 0.0428834 0 -0.856714 0 0 0 0 -0.813831
194 195 0.0146692 0 -1.41241 0 0 0 0 -1.39774
195 196 0.129231 0 0 0 0 0 0 0.129231
196 197 0.00984059 0 0 0 0 0 0 0.00984059
197 198 0.00235044 0 -0.502741 0 0 0 0 -0.50039
198 199 6.26878e-05 0 -1.35539 0 0 0 0 -1.35533
200 201 0.00261778 0 -1.15364 0 0 0 0 -1.15102
201 202 0.159873 0 0 0 0 0 0 0.159873
202 203 0.0423204 0 -1.43819 0 0 0 0 -1.39587
203 204 0.00749565 0 -1.38319 0 0 0 0 -1.3757
204 205 0.0192871 0 0 0 0 0 0 0.0192871
205 206 0.0339944 0 -1.26973 0 0 0 0 -1.23574
206 207 0.202328 0 -1.09252 0 0 0 0 -0.890194
207 208 0.0440504 0 0 0 0 0 0 0.0440504
208 209 0.176845 0 0 0 0 0 0 0.176845
209 210 0.0592383 0 -1.24287 0 0 0 0 -1.18364
210 211 0.00105343 0 -1.40829 0 0 0 0 -1.40723
211 212 0.00929682 0 -0.991867 0 0 0 0 -0.98257
212 213 0.00423347 0 0 0 0 0 0 0.00423347
213 214 0.00503226 0 0 0 0 0 0 0.00503226
214 215 0.0219992 0 0 0 0 0 0 0.0219992
215 216 0.144365 0 0 0 0 0 0 0.144365
216 217 0.044451 0 -0.987481 0 0 0 0 -0.94303
217 218 0.126991 0 0 0 0 0 0 0.126991
218 219 0.00143191 0 -1.05214 0 0 0 0 -1.0507
220 221 0.000520393 0 -1.1324 0 0 0 0 -1.13188
221 222 0.0149921 0 -0.957909 0 0 0 0 -0.942917
222 223 0.032165 0 0 0 0 0 0 0.032165
223 224 0.0234544 0 -1.18656 0 0 0 0 -1.1631
224 225 0.0148743 0 0 0 0 0 0 0.0148743
225 226 0.018953 0 -0.893386 0 0 0 0 -0.874433
226 227 0.068647 0 -0.419999 0 0 0 0 -0.351352
227 228 0.000300493 0 0 0 0 0 0 0.000300493
228 229 0.0114234 0 -1.28352 0 0 0 0 -1.2721
229 230 1.84687e-08 0 0 0 0 0 0 1.84687e-08
230 231 0.0639226 0 0 0 0 0 0 0.0639226
231 232 2.42099e-06 0 -1.38698 0 0 0 0 -1.38698
232 233 0.0125711 0 -1.30516 0 0 0 0 -1.29259
233 234 0.0338142 0 0 0 0 0 0 0.0338142
234 235 0.00254896 0 0 0 0 0 0 0.00254896
235 236 0.0344377 0 -1.28645 0 0 0 0 -1.25201
236 237 0.00381479 0 0 0 0 0 0 0.00381479
237 238 0.0685885 0 0 0 0 0 0 0.0685885
238 239 0.0139784 0 -0.862693 0 0 0 0 -0.848715
240 241 0.000216542 0 -1.36916 0 0 0 0 -1.36894
241 242 0.0058971 0 -1.39176 0 0 0 0 -1.38587
242 243 0.11759 0 -1.23227 0 0 0 0 -1.11468
243 244 0.00130912 0 -1.04233 0 0 0 0 -1.04102
244 245 0.000891707 0 0 0 0 0 0 0.000891707
245 246 0.0615266 0 -0 0 0 0 0 0.0615266
245 247 0 0 0 0.0074594 0 0 -0 0.0074594
246 247 0.0123518 0 -1.30364 0 0 0 0 -1.29129
247 248 0.0436731 0 -0.0244922 0 0 0 0 0.0191809
248 249 0.345025 0 -0.708873 0 0 0 0 -0.363847
249 250 0.0598143 0 -1.32506 0 0 0 0 -1.26525
250 251 0.0405119 0 -1.31202 0 0 0 0 -1.27151
251 252 0.0391513 0 0 0 0 0 0 0.0391513
252 253 0.0267116 0 0 0 0 0 0 0.0267116
253 254 0.0008447 0 0 0 0 0 0 0.0008447
254 255 0.0186804 0 0 0 0 0 0 0.0186804
255 256 0.157868 0 0 0 0 0 0 0.157868
256 257 0.00255603 0 -1.13352 0 0 0 0 -1.13096
257 258 0.167963 0 -1.19001 0 0 0 0 -1.02205
258 259 0.00114959 0 0 0 0 0 0 0.00114959
260 261 0.0592112 0 -1.08627 0 0 0 0 -1.02706
261 262 0.0144961 0 -0.989016 0 0 0 0 -0.97452
262 263 0.00551093 0 -0.467235 0 0 0 0 -0.461725
263 264 0.0747234 0 -1.41785 0 0 0 0 -1.34313
264 265 0.30029 0 -1.40547 0 0 0 0 -1.10518
265 266 0.0194507 0 0 0 0 0 0 0.0194507
266 267 0.160008 0 0 0 0 0 0 0.160008
267 268 0.10436 0 -0.86701 0 0 0 0 -0.76265
268 269 0.208118 0 -1.35921 0 0 0 0 -1.15109
269 270 0.00909758 0 -1.03031 0 0 0 0 -1.02121
270 271 0.057378 0 -1.09247 0 0 0 0 -1.0351
271 272 0.146553 0 -1.33991 0 0 0 0 -1.19335
272 273 0.16769 0 0 0 0 0 0 0.16769
273 274 0.232546 0 0 0 0 0 0 0.232546
274 275 0.0133879 0 -0.771631 0 0 0 0 -0.758243
275 276 0.145994 0 -1.15721 0 0 0 0 -1.01121
276 277 0.161726 0 -1.04179 0 0 0 0 -0.880066
277 278 0.0351512 0 -1.28896 0 0 0 0 -1.25381
278 279 0.017772 0 -1.18706 0 0 0 0 -1.16929
280 281 0.0144344 0 -0.229478 0 0 0 0 -0.215044
281 282 0.0456194 0 0 0 0 0 0 0.0456194
282 283 0.0679826 0 -1.11199 0 0 0 0 -1.04401
283 284 0.00235473 0 0 0 0 0 0 0.00235473
284 285 0.0129464 0 0 0 0 0 0 0.0129464
285 286 0.0341 0 -1.4179 0 0 0 0 -1.3838
286 287 0.041519 0 -0.972863 0 0 0 0 -0.931344
287 288 0.116793 0 0 0 0 0 0 0.116793
288 289 0.000461444 0 0 0 0 0 0 0.000461444
289 290 0.0621181 0 -0.782787 0 0 0 0 -0.720669
290 291 0.000465357 0 -0.689219 0 0 0 0 -0.688754
291 292 3.84512e-05 0 -1.14768 0 0 0 0 -1.14764
292 293 0.00179429 0 -1.10835 0 0 0 0 -1.10656
293 294 0.0200211 0 -1.28701 0 0 0 0 -1.26699
294 295 0.0748333 0 -1.23999 0 0 0 0 -1.16516
295 296 0.0359912 0 -0.880091 0 0 0 0 -0.844099
296 297 0.273369 0 0 0 0 0 0 0.273369
297 298 0.0466438 0 0 0 0 0 0 0.0466438
298 299 0.0314723 0 0 0 0 0 0 0.0314723
300 301 0.106999 0 -1.34183 0 0 0 0 -1.23483
301 302 0.0130794 0 -0 0 0 0 0 0.0130794
302 303 0.00766157 0 0 0 0 0 0 0.00766157
303 304 0.0192342 0 0 0 0 0 0 0.0192342
304 305 0.0805175 0 -0 0 0 0 0 0.0805175
305 306 1.19332e-06 0 -0 0 0 0 0 1.19332e-06
306 307 0.000392825 0 -1.22182 0 0 0 0 -1.22143
307 308 0.139214 0 0 0 0 0 0 0.139214
308 309 0.000814989 0 -0 0 0 0 0 0.000814989
309 310 0.0898227 0 -0.932821 0 0 0 0 -0.842999
310 311 0.0106403 0 0 0 0 0 0 0.0106403
311 312 0.0466527 0 -1.32018 0 0 0 0 -1.27353
312 313 0.0501456 0 0 0 0 0 0 0.0501456
313 314 0.0116692 0 -1.13807 0 0 0 0 -1.1264
314 315 0.00435112 0 -1.2082 0 0 0 0 -1.20385
315 316 0.00444293 0 0 0 0 0 0 0.00444293
316 317 0.0613388 0 -1.24791 0 0 0 0 -1.18657
317 318 0.0119585 0 -1.34633 0 0 0 0 -1.33437
318 319 0.0617459 0 0 0 0 0 0 0.0617459
320 321 0.0226418 0 -1.22527 0 0 0 0 -1.20263
321 322 0.0164723 0 -0.966343 0 0 0 0 -0.949871
322 323 0.0515529 0 -0.835878 0 0 0 0 -0.784325
323 324 0.00757728 0 -0.954168 0 0 0 0 -0.946591
324 325 0.0847084 0 -1.33518 0 0 0 0 -1.25047
325 326 0.3424 0 -1.12225 0 0 0 0 -0.779847
326 327 0.0474005 0 -0.535169 0 0 0 0 -0.487769
327 328 0.0509176 0 -1.11329 0 0 0 0 -1.06237
328 329 0.00522344 0 -1.20087 0 0 0 0 -1.19565
329 330 0.00348171 0 -0.693237 0 0 0 0 -0.689755
330 331 0.00905775 0 0 0 0 0 0 0.00905775
331 332 0.000569063 0 0 0 0 0 0 0.000569063
332 333 0.184327 0 0 0 0 0 0 0.184327
333 334 0.000498495 0 -1.23711 0 0 0 0 -1.23661
334 335 0.000233398 0 0 0 0 0 0 0.000233398
335 336 0.0354391 0 0 0 0 0 0 0.0354391
336 337 0.0010747 0 -1.16877 0 0 0 0 -1.16769
337 338 0.0206455 0 0 0 0 0 0 0.0206455
338 339 0.0141565 0 -1.34272 0 0 0 0 -1.32857
340 341 0.0459183 0 -1.14907 0 0 0 0 -1.10315
341 342 0.164708 0 0 0 0 0 0 0.164708
342 343 0.00782251 0 -0 0 0 0 0 0.00782251
343 344 0.100635 0 0 0 0 0 0 0.100635
344 345 0.024404 0 -0.951164 0 0 0 0 -0.92676
345 346 0.107651 0 -1.34551 0 0 0 0 -1.23786
346 347 0.089057 0 -0.965746 0 0 0 0 -0.876689
347 348 0.184233 0 -1.22071 0 0 0 0 -1.03648
348 349 0.117241 0 -1.29032 0 0 0 0 -1.17308
349 350 0.0367723 0 0 0 0 0 0 0.0367723
350 351 0.12404 0 -1.32143 0 0 0 0 -1.19739
351 352 0.0907555 0 -1.10631 0 0 0 0 -1.01555
352 353 0.00231595 0 0 0 0 0 0 0.00231595
353 354 0.041182 0 -0.848242 0 0 0 0 -0.80706
354 355 0.0283831 0 -1.35089 0 0 0 0 -1.32251
355 356 7.52887e-12 0 -1.26246 0 0 0 0 -1.26246
356 357 0.0149298 0 -0.955033 0 0 0 0 -0.940104
357 358 0.0265295 0 0 0 0 0 0 0.0265295
357 359 0 0 0 0.329697 0 0 0 0.329697
358 359 0.00111797 0 -1.26596 0 0 0 0 -1.26484
360 361 0.0261641 0 0 0 0 0 0 0.0261641
361 362 0.114906 0 -0.736621 0 0 0 0 -0.621715
362 363 0.0428817 0 -0.577007 0 0 0 0 -0.534125
363 364 0.09636 0 -1.3302 0 0 0 0 -1.23384
364 365 0.173505 0 0 0 0 0 0 0.173505
365 366 1.96919e-05 0 -0.705022 0 0 0 0 -0.705002
366 367 0.0690003 0 -1.30606 0 0 0 0 -1.23706
367 368 0.0227515 0 -0.966568 0 0 0 0 -0.943817
368 369 0.0211244 0 -1.29203 0 0 0 0 -1.27091
369 370 0.0591035 0 -1.33308 0 0 0 0 -1.27397
370 371 0.0231662 0 -1.20406 0 0 0 0 -1.18089
371 372 0.0220621 0 0 0 0 0 0 0.0220621
372 373 0.0271307 0 0 0 0 0 0 0.0271307
373 374 0.0228207 0 0 0 0 0 0 0.0228207
374 375 0.247837 0 0 0 0 0 0 0.247837
375 376 0.0196142 0 0 0 0 0 0 0.0196142
376 377 0.0269128 0 -0 0 0 0 0 0.0269128
377 378 0.537369 0 0 0 0 0 0 0.537369
378 379 0.0235584 0 -1.29151 0 0 0 0 -1.26795
380 381 0.0355256 0 0 0 0 0 0 0.0355256
381 382 0.00145072 0 -1.34477 0 0 0 0 -1.34331
382 383 0.0391304 0 -1.18499 0 0 0 0 -1.14586
383 384 0.0719395 0 -1.31593 0 0 0 0 -1.24399
384 385 0.158328 0 -1.22067 0 0 0 0 -1.06234
385 386 0.0176871 0 0 0 0 0 0 0.0176871
386 387 0.0171396 0 -1.18228 0 0 0 0 -1.16514
387 388 0.0426197 0 -1.03497 0 0 0 0 -0.992348
388 389 0.0323345 0 -0.216234 0 0 0 0 -0.1839
389 390 0.0129039 0 -1.26637 0 0 0 0 -1.25347
390 391 0.050365 0 -1.30645 0 0 0 0 -1.25608
391 392 0.410218 0 -1.22622 0 0 0 0 -0.815998
392 393 0.0610189 0 -1.27425 0 0 0 0 -1.21323
393 394 0.0551639 0 0 0 0 0 0 0.0551639
394 395 0.105515 0 -1.31681 0 0 0 0 -1.21129
395 396 0.0126542 0 -1.17147 0 0 0 0 -1.15881
396 397 0.00292294 0 -1.26012 0 0 0 0 -1.2572
397 398 0.0780307 0 0 0 0 0 0 0.0780307
398 399 0.00156253 0 -1.17603 0 0 0 0 -1.17447
400 401 0.110602 0 -0.801827 0 0 0 0 -0.691225
401 402 0.034485 0 -1.43738 0 0 0 0 -1.40289
402 403 0.0380683 0 -0.989527 0 0 0 0 -0.951459
403 404 0.0638374 0 -1.09416 0 0 0 0 -1.03033
404 405 0.00317315 0 0 0 0 0 0 0.00317315
405 406 0.130269 0 -0.75321 0 0 0 0 -0.622941
406 407 0.00455539 0 0 0 0 0 0 0.00455539
407 408 0.0215867 0 -1.4436 0 0 0 0 -1.42202
408 409 0.185051 0 0 0 0 0 0 0.185051
409 410 0.0437846 0 -0 0 0 0 0 0.0437846
404 411 0 0 0 0 0 -0.118748 0 -0.118748
410 411 0.0185537 0 -0.999707 0 0 0 0 -0.981154
404 412 0 0 0 0 -0.848498 0 -0 -0.848498
403 412 0 0 0 0 0 -0.0941286 -0 -0.0941286
411 412 0.221506 0 -1.37705 0 0 0 0 -1.15554
404 413 0 0 0 0 0 -0.16444 -0 -0.16444
403 413 0 0 0 0 -0.730432 0 -0 -0.730432
402 413 0 0 0 0 -5.33534e-27 -0.0210435 -0 -0.0210435
412 413 1.61678e-05 0 -1.26228 0 0 0 0 -1.26226
403 414 0 0 0 0 0 -0.0926081 0 -0.0926081
401 414 0 0 0 0 0 -0.155811 0 -0.155811
413 414 0.17472 0 -1.32725 0 0 0 0 -1.15253
401 415 0 0 0 0 0 -0.00939448 0 -0.00939448
414 415 0.0162967 0 -0.898373 0 0 0 0 -0.882077
415 416 3.49854e-05 0 -1.15342 0 0 0 0 -1.15338
416 417 0.403733 0 -0 0 0 0 0 0.403733
417 418 0.0163371 0 -0.787139 0 0 0 0 -0.770802
418 419 0.0112369 0 -1.17516 0 0 0 0 -1.16393
420 421 0.144892 0 0 0 0 0 0 0.144892
421 422 0.140116 0 0 0 0 0 0 0.140116
422 423 0.0131008 0 -1.34712 0 0 0 0 -1.33402
423 424 0.0616376 0 -1.1858 0 0 0 0 -1.12417
424 425 0.0208563 0 -0.897654 0 0 0 0 -0.876797
425 426 0.120331 0 -0 0 0 0 0 0.120331
426 427 0.0322753 0 0 0 0 0 0 0.0322753
427 428 0.00331946 0 0 0 0 0 0 0.00331946
428 429 0.0531731 0 0 0 0 0 0 0.0531731
429 430 0.107127 0 -1.28977 0 0 0 0 -1.18264
430 431 0.168384 0 -0.897769 0 0 0 0 -0.729385
431 432 0.0455858 0 -1.01015 0 0 0 0 -0.964562
432 433 0.0912373 0 -1.35515 0 0 0 0 -1.26391
433 434 0.0506825 0 -1.08354 0 0 0 0 -1.03286
434 435 0.0268282 0 -1.41623 0 0 0 0 -1.3894
435 436 0.0234998 0 -1.25612 0 0 0 0 -1.23262
436 437 0.118105 0 -1.40224 0 0 0 0 -1.28413
437 438 0.0347881 0 -1.22016 0 0 0 0 -1.18537
438 439 0.125061 0 -1.17274 0 0 0 0 -1.04768
440 441 0.01286 0 0 0 0 0 0 0.01286
441 442 0.0144927 0 0 0 0 0 0 0.0144927
442 443 0.105562 0 -0 0 0 0 0 0.105562
443 444 0.00825969 0 0 0 0 0 0 0.00825969
444 445 0.0236493 0.142372 0 0 0 0 0 0.166022
445 446 0.0106044 0 0 0 0 0 0 0.0106044
446 447 0.131139 0 0 0 0 0 0 0.131139
447 448 0.131402 0 -1.05837 0 0 0 0 -0.926972
448 449 0.00167867 0 0 0 0 0 0 0.00167867
449 450 0.00301569 0 -1.27257 0 0 0 0 -1.26955
450 451 0.0242195 0 0 0 0 0 0 0.0242195
451 452 0.00738478 0 0 0 0 0 0 0.00738478
452 453 0.228944 0 -0.882493 0 0 0 0 -0.653549
453 454 0.00894861 0 -1.31686 0 0 0 0 -1.30791
454 455 8.12084e-06 0 0 0 0 0 0 8.12084e-06
455 456 0.15774 0 0 0 0 0 0 0.15774
456 457 1.52702e-05 0 0 0 0 0 0 1.52702e-05
457 458 0.1126 0 -0 0 0 0 0 0.1126
458 459 0.000917696 0 -0.67656 0 0 0 0 -0.675642
460 461 0.0167385 0 -0.615536 0 0 0 0 -0.598798
461 462 0.00251031 0 0 0 0 0 0 0.00251031
462 463 0.00607009 0 0 0 0 0 0 0.00607009
463 464 0.214423 0 -1.3773 0 0 0 0 -1.16288
464 465 0.0613859 0 -0.857014 0 0 0 0 -0.795628
465 466 0.0440762 0 0 0 0 0 0 0.0440762
466 467 0.0367616 0 -1.37977 0 0 0 0 -1.343
467 468 0.00148195 0 0 0 0 0 0 0.00148195
468 469 0.117803 0 0 0 0 0 0 0.117803
469 470 0.0501226 0 -1.17803 0 0 0 0 -1.12791
470 471 0.00038363 0 0 0 0 0 0 0.00038363
471 472 0.0370279 0 0 0 0 0 0 0.0370279
472 473 0.107093 0 -1.15284 0 0 0 0 -1.04574
473 474 0.263862 0 -1.20358 0 0 0 0 -0.939716
474 475 0.0465983 0 -1.2472 0 0 0 0 -1.2006
475 476 0.00183353 0 0 0 0 0 0 0.00183353
476 477 0.0449011 0 -0.688213 0 0 0 0 -0.643312
477 478 5.03139e-06 0 0 0 0 0 0 5.03139e-06
478 479 0.0106444 0 -1.35984 0 0 0 0 -1.3492
480 481 0.30446 0 -1.27363 0 0 0 0 -0.969171
481 482 0.231553 0 0 0 0 0 0 0.231553
482 483 0.000300958 0 0 0 0 0 0 0.000300958
483 484 0.198129 0 -1.35509 0 0 0 0 -1.15696
484 485 0.0921053 0 -0.987405 0 0 0 0 -0.8953
485 486 0.0153823 0 0 0 0 0 0 0.0153823
486 487 0.0215319 0 -0 0 0 0 0 0.0215319
487 488 0.0135155 0 0 0 0 0 0 0.0135155
488 489 0.407893 0 0 0 0 0 0 0.407893
489 490 0.000756314 0 -0.337281 0 0 0 0 -0.336525
490 491 0.023828 0 -1.2175 0 0 0 0 -1.19367
491 492 0.0593599 0 -1.00308 0 0 0 0 -0.94372
492 493 0.00392528 0 0 0 0 0 0 0.00392528
493 494 0.0137942 0 -1.38959 0 0 0 0 -1.3758
494 495 0.101493 0 -1.36411 0 0 0 0 -1.26262
495 496 0.0894646 0 -0.813271 0 0 0 0 -0.723807
496 497 0.0135731 0 0 0 0 0 0 0.0135731
497 498 6.5451e-05 0 -1.32276 0 0 0 0 -1.32269
498 499 0.000289038 0 -1.27943 0 0 0 0 -1.27914
500 501 0.00117486 0 -1.25908 0 0 0 0 -1.2579
501 502 0.0453624 0 -1.10451 0 0 0 0 -1.05915
502 503 0.0487748 0 0 0 0 0 0 0.0487748
503 504 0.0728519 0 0 0 0 0 0 0.0728519
504 505 0.268596 0 0 0 0 0 0 0.268596
505 506 0.00909032 0 0 0 0 0 0 0.00909032
506 507 0.0161861 0 -1.04722 0 0 0 0 -1.03103
507 508 7.03607e-05 0 -1.15829 0 0 0 0 -1.15822
508 509 0.114172 0 0 0 0 0 0 0.114172
509 510 0.0924434 0 0 0 0 0 0 0.0924434
510 511 0.00455685 0 -1.41216 0 0 0 0 -1.4076
511 512 0.0121314 0 -1.28691 0 0 0 0 -1.27478
512 513 0.00725798 0 -1.1848 0 0 0 0 -1.17754
513 514 0.00116506 0 -0.576005 0 0 0 0 -0.57484
514 515 0.0870182 0 -1.32786 0 0 0 0 -1.24085
515 516 0.00739953 0 -1.13999 0 0 0 0 -1.13259
516 517 0.00144902 0 -1.35456 0 0 0 0 -1.35311
517 518 0.0218028 0 -1.21702 0 0 0 0 -1.19521
518 519 0.118065 0 -0.974008 0 0 0 0 -0.855943
520 521 0.01261 0 -1.12156 0 0 0 0 -1.10895
521 522 0.021448 0 -0.721098 0 0 0 0 -0.69965
522 523 0.0743671 0 -1.24532 0 0 0 0 -1.17095
523 524 0.00444079 0 -0 0 0 0 0 0.00444079
524 525 0.0138561 0 -0 0 0 0 0 0.0138561
525 526 0.209862 0 -0 0 0 0 0 0.209862
526 527 0.000713187 0 -1.15505 0 0 0 0 -1.15434
527 528 0.0014901 0 0 0 0 0 0 0.0014901
528 529 0.129233 0 -1.16597 0 0 0 0 -1.03674
529 530 0.0216652 0 -1.40476 0 0 0 0 -1.38309
530 531 0.0639618 0 0 0 0 0 0 0.0639618
531 532 0.0121673 0 -1.13407 0 0 0 0 -1.1219
532 533 0.302329 0 -0.821851 0 0 0 0 -0.519521
533 534 0.0093803 0 0 0 0 0 0 0.0093803
534 535 0.0140795 0 -1.21801 0 0 0 0 -1.20393
535 536 6.82525e-05 0 -0.787708 0 0 0 0 -0.78764
536 537 0.0162283 0 0 0 0 0 0 0.0162283
537 538 8.36048e-07 0 -1.06213 0 0 0 0 -1.06213
538 539 0.048636 0 -0.702245 0 0 0 0 -0.653609
540 541 0.0864421 0 -0 0 0 0 0 0.0864421
541 542 0.044837 0 -0.912117 0 0 0 0 -0.86728
542 543 0.00701924 0 -0 0 0 0 0 0.00701924
543 544 0.329643 0 -0.78074 0 0 0 0 -0.451097
544 545 0.144013 0 -0.778571 0 0 0 0 -0.634558
545 546 0.00126692 0 0 0 0 0 0 0.00126692
546 547 0.0311639 0 0 0 0 0 0 0.0311639
547 548 0.00391131 0 -1.00717 0 0 0 0 -1.00325
548 549 0.00826547 0 0 0 0 0 0 0.00826547
549 550 0.0811987 0 -0.937591 0 0 0 0 -0.856392
550 551 0.0460532 0 0 0 0 0 0 0.0460532
551 552 0.000597991 0 0 0 0 0 0 0.000597991
552 553 0.0214097 0 -1.24403 0 0 0 0 -1.22262
553 554 0.0208986 0 -0.866837 0 0 0 0 -0.845938
554 555 0.037858 0 0 0 0 0 0 0.037858
555 556 0.116448 0 0 0 0 0 0 0.116448
556 557 0.0470609 0 0 0 0 0 0 0.0470609
557 558 0.00162572 0 0 0 0 0 0 0.00162572
558 559 2.08514e-05 0 -1.27362 0 0 0 0 -1.2736
560 561 0.00115285 0 -0.72336 0 0 0 0 -0.722208
561 562 0.0214975 0 0 0 0 0 0 0.0214975
562 563 0.0033907 0 0 0 0 0 0 0.0033907
563 564 0.0352995 0 -1.17069 0 0 0 0 -1.13539
564 565 0.070425 0 -0 0 0 0 0 0.070425
565 566 0.193584 0 0 0 0 0 0 0.193584
566 567 0.0237944 0 -0 0 0 0 0 0.0237944
567 568 0.00792275 0 0 0 0 0 0 0.00792275
568 569 0.122606 0 -1.26734 0 0 0 0 -1.14473
569 570 0.0739654 0 0 0 0 0 0 0.0739654
570 571 0.000702607 0 -1.07412 0 0 0 0 -1.07342
571 572 0.0243093 0 -1.0959 0 0 0 0 -1.07159
572 573 0.000143067 0 -1.43517 0 0 0 0 -1.43503
573 574 0.000124211 0 -1.38023 0 0 0 0 -1.38011
574 575 0.0347524 0 -0.919314 0 0 0 0 -0.884562
575 576 0.050537 0 0 0 0 0 0 0.050537
576 577 0.05391 0 -1.34512 0 0 0 0 -1.29121
577 578 0.0727736 0 -1.02438 0 0 0 0 -0.951606
578 579 0.0547784 0 -0 0 0 0 0 0.0547784
580 581 0.0030728 0 -0 0 0 0 0 0.0030728
581 582 0.0436034 0 0 0 0 0 0 0.0436034
582 583 2.40772e-05 0 -0.655436 0 0 0 0 -0.655412
583 584 0.00493148 0 0 0 0 0 0 0.00493148
584 585 0.0486061 0 -0.346036 0 0 0 0 -0.297429
585 586 0.024809 0 -0.98363 0 0 0 0 -0.958821
586 587 0.0444441 0 0 0 0 0 0 0.0444441
587 588 0.00541177 0 -0.780582 0 0 0 0 -0.77517
588 589 0.00875668 0 -0.45519 0 0 0 0 -0.446433
589 590 0.0362066 0 -1.06346 0 0 0 0 -1.02725
590 591 0.08462 0 -1.19946 0 0 0 0 -1.11484
591 592 0.0501763 0 -1.46588 0 0 0 0 -1.41571
592 593 6.36827e-08 0 -0.706985 0 0 0 0 -0.706984
593 594 0.0138555 0 -0 0 0 0 0 0.0138555
594 595 0.047079 0 0 0 0 0 0 0.047079
595 596 0.234566 0 0 0 0 0 0 0.234566
596 597 0.0412639 0 0 0 0 0 0 0.0412639
597 598 0.0103312 0 0 0 0 0 0 0.0103312
598 599 0.0216084 0 0 0 0 0 0 0.0216084
600 601 0.0306468 0 -1.0579 0 0 0 0 -1.02726
601 602 0.0556766 0 0 0 0 0 0 0.0556766
602 603 0.0445928 0 0 0 0 0 0 0.0445928
603 604 0.0787515 0 -0.914326 0 0 0 0 -0.835575
604 605 0.0140601 0 0 0 0 0 0 0.0140601
605 606 0.0729242 0 -1.42339 0 0 0 0 -1.35047
606 607 0.169552 0 -0 0 0 0 0 0.169552
607 608 0.000470802 0 0 0 0 0 0 0.000470802
608 609 0.0803913 0 0 0 0 0 0 0.0803913
609 610 0.0606668 0 0 0 0 0 0 0.0606668
610 611 0.00285576 0 -1.33376 0 0 0 0 -1.3309
611 612 0.121008 0 -1.21687 0 0 0 0 -1.09586
612 613 5.76735e-05 0 0 0 0 0 0 5.76735e-05
613 614 0.0631444 0 -1.36191 0 0 0 0 -1.29877
614 615 0.00626116 0 -1.1503 0 0 0 0 -1.14404
615 616 0.00203231 0 0 0 0 0 0 0.00203231
616 617 0.0310916 0 -0.648216 0 0 0 0 -0.617125
617 618 0.00998752 0 0 0 0 0 0 0.00998752
618 619 0.00733812 0 0 0 0 0 0 0.00733812
620 621 0.0928155 0 0 0 0 0 0 0.0928155
621 622 0.0322176 0 0 0 0 0 0 0.0322176
622 623 0.02771 0 -0.827197 0 0 0 0 -0.799487
623 624 0.0279047 0 -0.82462 0 0 0 0 -0.796716
624 625 0.043575 0 0 0 0 0 0 0.043575
625 626 0.0175473 0 0 0 0 0 0 0.0175473
626 627 0.00340803 0 0 0 0 0 0 0.00340803
627 628 0.0939929 0 -1.04328 0 0 0 0 -0.949286
628 629 0.0571006 0 0 0 0 0 0 0.0571006
629 630 0.111378 0 0 0 0 0 0 0.111378
630 631 0.0558019 0 0 0 0 0 0 0.0558019
631 632 0.00777256 0 0 0 0 0 0 0.00777256
632 633 0.0261536 0 0 0 0 0 0 0.0261536
633 634 0.025754 0 0 0 0 0 0 0.025754
634 635 0.00447267 0 -1.07174 0 0 0 0 -1.06727
635 636 0.0387556 0 -0.887793 0 0 0 0 -0.849037
636 637 0.0547243 0 -1.37194 0 0 0 0 -1.31722
637 638 0.0775864 0 -1.04676 0 0 0 0 -0.969174
638 639 0.0218905 0 -1.02108 0 0 0 0 -0.999193
640 641 0.0130501 0 -0.948984 0 0 0 0 -0.935934
641 642 0.00250773 0 -1.15427 0 0 0 0 -1.15176
642 643 0.00835465 0 0 0 0 0 0 0.00835465
643 644 0.00496412 0 0 0 0 0 0 0.00496412
644 645 0.111387 0 -1.09015 0 0 0 0 -0.978767
645 646 0.0099978 0 -1.23719 0 0 0 0 -1.2272
646 647 0.00223129 0 0 0 0 0 0 0.00223129
647 648 0.287663 0 0 0 0 0 0 0.287663
648 649 0.00228041 0 -0.861158 0 0 0 0 -0.858878
649 650 0.0272473 0 -0.736483 0 0 0 0 -0.709235
650 651 0.301431 0 0 0 0 0 0 0.301431
651 652 0.0355116 0 0 0 0 0 0 0.0355116
652 653 0.0149261 0 -1.21077 0 0 0 0 -1.19584
653 654 0.111807 0 0 0 0 0 0 0.111807
654 655 0.182193 0 0 0 0 0 0 0.182193
655 656 0.0379526 0 -1.14291 0 0 0 0 -1.10496
656 657 0.000605099 0 0 0 0 0 0 0.000605099
657 658 0.0753262 0 -0 0 0 0 0 0.0753262
658 659 0.14546 0 -0 0 0 0 0 0.14546
660 661 0.100778 0 -1.33675 0 0 0 0 -1.23597
661 662 0.0106016 0 -1.24366 0 0 0 0 -1.23306
662 663 0.0369864 0 0 0 0 0 0 0.0369864
663 664 0.0200723 0 -1.24099 0 0 0 0 -1.22092
664 665 0.000588577 0 -1.3939 0 0 0 0 -1.39331
665 666 0.0574563 0 0 0 0 0 0 0.0574563
666 667 0.277406 0 -1.05479 0 0 0 0 -0.777386
667 668 0.108874 0 -1.19579 0 0 0 0 -1.08692
668 669 0.0478795 0 -0.941428 0 0 0 0 -0.893548
669 670 0.109473 0 -0.855441 0 0 0 0 -0.745969
670 671 6.2525e-06 0 0 0 0 0 0 6.2525e-06
671 672 0.11399 0 -0 0 0 0 0 0.11399
672 673 0.00264178 0 -0.822252 0 0 0 0 -0.819611
673 674 0.0235653 0 0 0 0 0 0 0.0235653
674 675 0.0188948 0 -0.932365 0 0 0 0 -0.91347
675 676 0.0339292 0 -0.419728 0 0 0 0 -0.385799
676 677 0.185508 0 -0 0 0 0 0 0.185508
677 678 0.29675 0 -1.12613 0 0 0 0 -0.829383
678 679 0.0164113 0 0 0 0 0 0 0.0164113
680 681 0.00976993 0 -1.11705 0 0 0 0 -1.10728
681 682 0.000893036 0 -1.35242 0 0 0 0 -1.35153
682 683 0.0268669 0 -1.27955 0 0 0 0 -1.25269
683 684 0.0254592 0 0 0 0 0 0 0.0254592
684 685 0.00631022 0 -1.23829 0 0 0 0 -1.23198
685 686 0.0108998 0 -1.2788 0 0 0 0 -1.2679
686 687 0.0043414 0 -0.940838 0 0 0 0 -0.936496
687 688 0.0181924 0 -1.31623 0 0 0 0 -1.29804
688 689 0.0128478 0 0 0 0 0 0 0.0128478
689 690 0.247499 0 -0.889653 0 0 0 0 -0.642154
690 691 0.00996954 0 0 0 0 0 0 0.00996954
691 692 0.0850449 0 0 0 0 0 0 0.0850449
692 693 0.0194881 0 -1.42561 0 0 0 0 -1.40612
693 694 0.0447333 0 -0.744603 0 0 0 0 -0.69987
694 695 0.0026273 0 0 0 0 0 0 0.0026273
695 696 0.0508783 0 -0.730722 0 0 0 0 -0.679843
696 697 0.0321314 0 0 0 0 0 0 0.0321314
697 698 0.11123 0 -0.934014 0 0 0 0 -0.822784
698 699 0.0630926 0 0 0 0 0 0 0.0630926
700 701 0.10393 0 -1.12262 0 0 0 0 -1.01869
701 702 0.0143282 0 -0.897465 0 0 0 0 -0.883137
702 703 0.000431559 0 -1.22926 0 0 0 0 -1.22883
703 704 0.0290967 0 -0.957635 0 0 0 0 -0.928538
704 705 0.153962 0 -0.284924 0 0 0 0 -0.130961
705 706 0.0190456 0 -0.985521 0 0 0 0 -0.966476
704 707 0 0 0 0.00410311 0 0 0 0.00410311
706 707 0.02835 0 0 0 0 0 0 0.02835
707 708 0.0953424 0 0 0 0 0 0 0.0953424
708 709 0.0846756 0 -1.25907 0 0 0 0 -1.1744
709 710 0.00183905 0 -0.99739 0 0 0 0 -0.995551
710 711 0.286593 0 -1.05359 0 0 0 0 -0.767002
711 712 0.0178849 0 -1.3187 0 0 0 0 -1.30082
712 713 0.00694547 0 -1.30869 0 0 0 0 -1.30175
713 714 0.0561072 0 0 0 0 0 0 0.0561072
714 715 0.0463608 0 -0 0 0 0 0 0.0463608
715 716 0.0123178 0 -1.2604 0 0 0 0 -1.24809
716 717 0.000605352 0 0 0 0 0 0 0.000605352
717 718 0.0237579 0 0 0 0 0 0 0.0237579
718 719 0.00882909 0 -0.865703 0 0 0 0 -0.856873
720 721 0.000880886 0 0 0 0 0 0 0.000880886
721 722 0.00134823 0 0 0 0 0 0 0.00134823
722 723 0.0043363 0 -1.26737 0 0 0 0 -1.26303
723 724 0.00057739 0 0 0 0 0 0 0.00057739
724 725 0.0208951 0 -1.15175 0 0 0 0 -1.13086
725 726 0.0361657 0 -1.38167 0 0 0 0 -1.34551
726 727 0.0139692 0 -1.1483 0 0 0 0 -1.13433
727 728 0.0126177 0 -1.03033 0 0 0 0 -1.01772
728 729 0.122562 0 0 0 0 0 0 0.122562
729 730 0.0229604 0 0 0 0 0 0 0.0229604
730 731 0.00264535 0 -1.24832 0 0 0 0 -1.24567
731 732 0.0524816 0 -1.11643 0 0 0 0 -1.06395
732 733 0.0263253 0 0 0 0 0 0 0.0263253
733 734 0.0168562 0 -1.17329 0 0 0 0 -1.15643
734 735 0.116519 0 0 0 0 0 0 0.116519
735 736 0.01461 0 -0.922928 0 0 0 0 -0.908318
736 737 0.0234355 0 -1.04073 0 0 0 0 -1.0173
737 738 0.0081077 0 -1.32958 0 0 0 0 -1.32147
738 739 0.062416 0 0 0 0 0 0 0.062416
740 741 0.0445548 0 -1.22317 0 0 0 0 -1.17862
741 742 0.00109727 0 0 0 0 0 0 0.00109727
742 743 0.116986 0 -1.25434 0 0 0 0 -1.13736
743 744 0.00130838 0 0 0 0 0 0 0.00130838
744 745 0.0132366 0 0 0 0 0 0 0.0132366
745 746 0.110467 0 -1.36876 0 0 0 0 -1.2583
746 747 0.0149946 0 -1.21792 0 0 0 0 -1.20293
747 748 0.00174995 0 0 0 0 0 0 0.00174995
748 749 0.0765292 0 0 0 0 0 0 0.0765292
749 750 0.0466812 0 -1.37628 0 0 0 0 -1.32959
750 751 0.0640964 0 -1.16452 0 0 0 0 -1.10042
751 752 0.0993223 0 -1.23065 0 0 0 0 -1.13133
752 753 0.000483269 0 -1.33663 0 0 0 0 -1.33615
753 754 0.0166122 0 0 0 0 0 0 0.0166122
754 755 0.0171753 0 -1.15547 0 0 0 0 -1.1383
755 756 0.000154861 0 -1.16709 0 0 0 0 -1.16693
756 757 0.0515243 0 -1.27548 0 0 0 0 -1.22395
757 758 0.00925457 0 0 0 0 0 0 0.00925457
758 759 0.103544 0 -1.1167 0 0 0 0 -1.01316
760 761 0.0026502 0 -1.03269 0 0 0 0 -1.03004
761 762 0.0748253 0 -1.17423 0 0 0 0 -1.0994
762 763 0.000772155 0 -1.03161 0 0 0 0 -1.03084
763 764 0.139033 0 -0 0 0 0 0 0.139033
764 765 0.00523505 0 -1.28419 0 0 0 0 -1.27896
765 766 0.0133279 0 -1.38511 0 0 0 0 -1.37179
766 767 0.275416 0 -1.01181 0 0 0 0 -0.73639
767 768 0.00463092 0 -1.36252 0 0 0 0 -1.35789
768 769 0.0690906 0 -1.4044 0 0 0 0 -1.33531
769 770 0.0341405 0 -1.30286 0 0 0 0 -1.26872
770 771 0.152692 0 0 0 0 0 0 0.152692
771 772 7.75214e-05 0 -0.957475 0 0 0 0 -0.957397
772 773 0.00421717 0 -0 0 0 0 0 0.00421717
773 774 0.0829415 0 -1.10397 0 0 0 0 -1.02103
774 775 0.00237406 0 -1.26395 0 0 0 0 -1.26157
775 776 0.0284669 0 -0.962877 0 0 0 0 -0.93441
776 777 0.00736434 0 -1.03828 0 0 0 0 -1.03091
777 778 0.103557 0 -1.09804 0 0 0 0 -0.994485
778 779 0.139736 0 -1.3358 0 0 0 0 -1.19607
780 781 0.0947536 0 0 0 0 0 0 0.0947536
781 782 0.0104828 0 -1.27176 0 0 0 0 -1.26128
782 783 0.0719566 0 -1.31327 0 0 0 0 -1.24132
783 784 0.0247719 0 -1.12034 0 0 0 0 -1.09557
784 785 0.0475818 0 -0.874827 0 0 0 0 -0.827245
785 786 0.00180438 0 -1.30124 0 0 0 0 -1.29944
786 787 0.00343224 0 -1.26379 0 0 0 0 -1.26036
787 788 0.0814642 0 0 0 0 0 0 0.0814642
788 789 0.0101793 0 -0.844348 0 0 0 0 -0.834169
789 790 0.00200038 0.0875363 0 0 0 0 0 0.0895367
790 791 0.0396468 0 0 0 0 0 0 0.0396468
791 792 0.0276599 0 0 0 0 0 0 0.0276599
792 793 0.0238261 0 0 0 0 0 0 0.0238261
793 794 0.0501597 0 -1.19399 0 0 0 0 -1.14383
794 795 0.0274226 0 0 0 0 0 0 0.0274226
795 796 0.013179 0 -1.28967 0 0 0 0 -1.27649
796 797 0.276758 0 -0.750345 0 0 0 0 -0.473587
797 798 0.0720579 0 -0.863582 0 0 0 0 -0.791524
798 799 0.0515765 0 -1.10058 0 0 0 0 -1.049
800 801 0.0538516 0 -0.96628 0 0 0 0 -0.912428
801 802 0.00306333 0 0 0 0 0 0 0.00306333
802 803 0.139899 0 -0.832037 0 0 0 0 -0.692138
803 804 0.0748774 0 -0.857944 0 0 0 0 -0.783067
804 805 0.00456353 0 -0.982657 0 0 0 0 -0.978093
805 806 0.0425459 0 -1.44124 0 0 0 0 -1.39869
806 807 0.0762451 0 -1.33625 0 0 0 0 -1.26001
807 808 0.0274381 0 -1.387 0 0 0 0 -1.35956
808 809 0.0166006 0 -0.88127 0 0 0 0 -0.864669
809 810 0.117771 0 0 0 0 0 0 0.117771
810 811 0.00179506 0 0 0 0 0 0 0.00179506
811 812 0.0899821 0 0 0 0 0 0 0.0899821
812 813 0.00562148 0 -1.35146 0 0 0 0 -1.34584
813 814 0.00826476 0 -1.29493 0 0 0 0 -1.28667
814 815 0.00283519 0 0 0 0 0 0 0.00283519
815 816 0.0295861 0 0 0 0 0 0 0.0295861
816 817 0.00190295 0 -1.26448 0 0 0 0 -1.26258
817 818 0.0706252 0 -0.950846 0 0 0 0 -0.88022
818 819 0.032115 0 -1.11109 0 0 0 0 -1.07897
820 821 0.0154702 0 -1.21687 0 0 0 0 -1.2014
821 822 0.00384902 0 -1.31095 0 0 0 0 -1.3071
822 823 0.00338602 0 0 0 0 0 0 0.00338602
823 824 0.128172 0 0 0 0 0 0 0.128172
824 825 0.0187419 0 -0.948858 0 0 0 0 -0.930116
825 826 0.122577 0 -0.825915 0 0 0 0 -0.703338
826 827 0.00238637 0 0 0 0 0 0 0.00238637
827 828 0.0678026 0 -1.1226 0 0 0 0 -1.0548
828 829 0.0134593 0 0 0 0 0 0 0.0134593
829 830 0.0149411 0 -1.11486 0 0 0 0 -1.09992
830 831 0.614424 0 -1.10005 0 0 0 0 -0.485626
831 832 0.144902 0 0 0 0 0 0 0.144902
832 833 0.113959 0 0 0 0 0 0 0.113959
833 834 7.10384e-06 0 -1.09333 0 0 0 0 -1.09332
834 835 0.00141391 0 -1.42154 0 0 0 0 -1.42013
835 836 0.0109838 0 -1.21425 0 0 0 0 -1.20327
836 837 0.240788 0 -0.738735 0 0 0 0 -0.497948
837 838 0.00642182 0 0 0 0 0 0 0.00642182
838 839 4.08753e-05 0 0 0 0 0 0 4.08753e-05
840 841 0.0104194 0 -1.40461 0 0 0 0 -1.39419
841 842 0.069652 0 -0.732461 0 0 0 0 -0.662809
842 843 0.0291189 0 -1.2424 0 0 0 0 -1.21328
843 844 0.159202 0 0 0 0 0 0 0.159202
844 845 0.00325173 0 0 0 0 0 0 0.00325173
845 846 0.21468 0 -1.01664 0 0 0 0 -0.801957
846 847 0.0325038 0 -1.33764 0 0 0 0 -1.30513
847 848 1.76453e-05 0 -0.935437 0 0 0 0 -0.935419
848 849 0.0478912 0 -0 0 0 0 0 0.0478912
849 850 0.00153156 0 -1.05862 0 0 0 0 -1.05709
850 851 0.0154573 0 -1.24976 0 0 0 0 -1.2343
851 852 0.033574 0 -0.923627 0 0 0 0 -0.890053
852 853 0.0696113 0 -0 0 0 0 0 0.0696113
853 854 0.175322 0 0 0 0 0 0 0.175322
854 855 0.000727241 0 -0.694312 0 0 0 0 -0.693585
855 856 0.0053042 0 0 0 0 0 0 0.0053042
856 857 0.00105411 0 -0.988534 0 0 0 0 -0.987479
857 858 0.0532015 0 0 0 0 0 0 0.0532015
858 859 0.693424 0 0 0 0 0 0 0.693424
860 861 0.061316 0 -1.29656 0 0 0 0 -1.23525
861 862 0.00693387 0 -0.702935 0 0 0 0 -0.696001
862 863 0.157355 0 0 0 0 0 0 0.157355
863 864 0.00757592 0 0 0 0 0 0 0.00757592
864 865 0.00132488 0 0 0 0 0 0 0.00132488
865 866 0.00803184 0 0 0 0 0 0 0.00803184
866 867 0.00863113 0 0 0 0 0 0 0.00863113
867 868 0.0215094 0 0 0 0 0 0 0.0215094
868 869 0.123115 0 -0 0 0 0 0 0.123115
869 870 1.11695e-06 0 0 0 0 0 0 1.11695e-06
870 871 0.0323579 0 -0.98947 0 0 0 0 -0.957112
871 872 0.0375964 0 -1.03089 0 0 0 0 -0.993298
872 873 0.170969 0 -1.27634 0 0 0 0 -1.10537
873 874 0.00322748 0 -1.25895 0 0 0 0 -1.25573
874 875 0.253902 0 0 0 0 0 0 0.253902
875 876 0.00438848 0 -1.23271 0 0 0 0 -1.22832
876 877 0.0107775 0 -1.32592 0 0 0 0 -1.31514
877 878 0.0447779 0 -0 0 0 0 0 0.0447779
878 879 0.0162286 0 0 0 0 0 0 0.0162286
880 881 0.0111097 0 0 0 0 0 0 0.0111097
881 882 0.0357255 0 0 0 0 0 0 0.0357255
882 883 0.0205946 0 -0 0 0 0 0 0.0205946
883 884 0.030185 0 0 0 0 0 0 0.030185
884 885 0.130179 0 -1.39973 0 0 0 0 -1.26955
885 886 0.000464042 0 -1.16938 0 0 0 0 -1.16891
886 887 0.108894 0 -1.26987 0 0 0 0 -1.16097
887 888 0.0601972 0 -1.32328 0 0 0 0 -1.26309
888 889 0.143218 0 0 0 0 0 0 0.143218
889 890 0.0207452 0 0 0 0 0 0 0.0207452
888 891 0 0 0 0.000268243 0 0 0 0.000268243
890 891 0.457796 0 -0.996693 0 0 0 0 -0.538897
891 892 0.00147559 0 0 0 0 0 0 0.00147559
888 893 0 0 0 0 0 -0 -1.1949e-15 -1.1949e-15
892 893 0.301484 0 -1.20527 0 0 0 0 -0.903791
893 894 0.012521 0 -0 0 0 0 0 0.012521
894 895 0.000130876 0 -1.2348 0 0 0 0 -1.23467
895 896 0.00019055 0 -1.36035 0 0 0 0 -1.36016
896 897 0.0023367 0 -0.951851 0 0 0 0 -0.949515
897 898 0.227795 0 -0.930499 0 0 0 0 -0.702704
898 899 0.139291 0 0 0 0 0 0 0.139291
900 901 0.0179671 0 -1.40654 0 0 0 0 -1.38857
901 902 0.0143734 0 -1.36649 0 0 0 0 -1.35212
902 903 0.111787 0 -1.21954 0 0 0 0 -1.10775
903 904 0.00136469 0 -0.89108 0 0 0 0 -0.889716
904 905 0.338174 0 -1.3742 0 0 0 0 -1.03602
905 906 0.0231466 0 0 0 0 0 0 0.0231466
906 907 0.00721427 0 0 0 0 0 0 0.00721427
907 908 0.000116208 0 -1.32696 0 0 0 0 -1.32684
905 909 0 0 0 0 0 -0.155686 0 -0.155686
908 909 0.00807711 0 -1.32278 0 0 0 0 -1.3147
904 910 0 0 0 0 -0 -0.155764 0 -0.155764
909 910 0.00194979 0 -0.919429 0 0 0 0 -0.917479
905 911 0 0 0 0 0 -0.124318 0 -0.124318
903 911 0 0 0 0 0 -0.0845378 -0 -0.0845378
910 911 0.00239767 0 -1.22651 0 0 0 0 -1.22411
904 912 0 0 0 0 0 -0.145722 0 -0.145722
903 912 0 0 0 0 -0.426496 0 -0 -0.426496
911 912 0.198111 0 -1.22932 0 0 0 0 -1.03121
903 913 0 0 0 0 0 -0.145035 0 -0.145035
902 913 0 0 0 0 -0.511142 0 -0 -0.511142
901 913 0 0 0 0 0 -0.127489 0 -0.127489
912 913 0.192656 0 -1.09521 0 0 0 0 -0.902551
902 914 0 0 0 0 0 -0.00828154 0 -0.00828154
901 914 0 0 0 0 0 -6.29387e-05 -0 -6.29387e-05
900 914 0 0 0 0 -0 -0.0466342 -0 -0.0466342
913 914 0.0327726 0 -0.924287 0 0 0 0 -0.891515
914 915 0.17639 0 0 0 0 0 0 0.17639
915 916 0.28111 0 -1.2699 0 0 0 0 -0.988789
916 917 0.199427 0 -1.28474 0 0 0 0 -1.08531
917 918 0.0150079 0 0 0 0 0 0 0.0150079
918 919 0.0903226 0 0 0 0 0 0 0.0903226
920 921 0.0381667 0 -0 0 0 0 0 0.0381667
921 922 0.00212841 0 0 0 0 0 0 0.00212841
922 923 0.20894 0 -1.36966 0 0 0 0 -1.16072
923 924 0.00340182 0 -0.86556 0 0 0 0 -0.862158
924 925 0.0452307 0 -0 0 0 0 0 0.0452307
925 926 0.0111221 0 0 0 0 0 0 0.0111221
926 927 0.0491219 0 0 0 0 0 0 0.0491219
927 928 0.143011 0 0 0 0 0 0 0.143011
928 929 0.0857198 0 0 0 0 0 0 0.0857198
929 930 0.106056 0 -1.36347 0 0 0 0 -1.25742
930 931 0.0258354 0 -0.660281 0 0 0 0 -0.634445
931 932 0.155306 0 -1.32398 0 0 0 0 -1.16867
932 933 0.00390037 0 -0 0 0 0 0 0.00390037
933 934 0.135094 0 0 0 0 0 0 0.135094
934 935 0.000883188 0 -0.765707 0 0 0 0 -0.764824
935 936 0.000285228 0 0 0 0 0 0 0.000285228
936 937 0.110311 0 0 0 0 0 0 0.110311
937 938 1.08442e-05 0 -0.815991 0 0 0 0 -0.81598
938 939 0.0154604 0 0 0 0 0 0 0.0154604
940 941 0.0382268 0 0 0 0 0 0 0.0382268
941 942 0.0231455 0 -0 0 0 0 0 0.0231455
942 943 0.0292859 0 -1.38353 0 0 0 0 -1.35424
943 944 0.00532034 0 -1.19308 0 0 0 0 -1.18776
944 945 0.0251825 0 0 0 0 0 0 0.0251825
945 946 0.00380391 0 -1.16339 0 0 0 0 -1.15959
946 947 0.0413189 0 -1.41063 0 0 0 0 -1.36931
947 948 0.0139837 0 -0 0 0 0 0 0.0139837
948 949 0.0540245 0 0 0 0 0 0 0.0540245
949 950 0.00613445 0 -1.36441 0 0 0 0 -1.35827
950 951 0.0581614 0 0 0 0 0 0 0.0581614
951 952 0.0128727 0 0 0 0 0 0 0.0128727
952 953 0.0243592 0 -0 0 0 0 0 0.0243592
953 954 0.0319664 0 -0 0 0 0 0 0.0319664
954 955 0.00430808 0 0 0 0 0 0 0.00430808
955 956 0.000418186 0 -1.40078 0 0 0 0 -1.40036
956 957 0.0556237 0 -1.38739 0 0 0 0 -1.33177
957 958 0.110726 0 -1.18293 0 0 0 0 -1.07221
958 959 0.0478837 0 -1.26122 0 0 0 0 -1.21334
960 961 0.052035 0 0 0 0 0 0 0.052035
961 962 0.00110301 0 -1.23384 0 0 0 0 -1.23274
962 963 0.00667463 0 -0.921169 0 0 0 0 -0.914495
963 964 6.63503e-05 0 -1.06295 0 0 0 0 -1.06289
964 965 0.0940325 0 0 0 0 0 0 0.0940325
965 966 0.0600549 0 0 0 0 0 0 0.0600549
966 967 0.00269581 0 -1.11657 0 0 0 0 -1.11387
967 968 0.0163632 0 0 0 0 0 0 0.0163632
968 969 0.0120183 0 -1.01623 0 0 0 0 -1.00421
969 970 0.00741444 0 -0 0 0 0 0 0.00741444
970 971 0.040501 0 -0 0 0 0 0 0.040501
971 972 0.00473114 0 0 0 0 0 0 0.00473114
972 973 0.0631145 0 -0 0 0 0 0 0.0631145
973 974 0.117735 0 0 0 0 0 0 0.117735
974 975 0.00308158 0 -1.04596 0 0 0 0 -1.04288
975 976 0.0148791 0 0 0 0 0 0 0.0148791
976 977 0.0646829 0 -1.38708 0 0 0 0 -1.3224
977 978 0.00195842 0 -0.787197 0 0 0 0 -0.785239
978 979 0.10382 0 -1.00983 0 0 0 0 -0.906008
980 981 0.0672433 0 0 0 0 0 0 0.0672433
981 982 0.0177202 0 -1.14918 0 0 0 0 -1.13146
982 983 0.00303285 0 -1.35534 0 0 0 0 -1.3523
983 984 0.0695787 0 -0.957733 0 0 0 0 -0.888154
984 985 3.17523e-05 0 -0.325415 0 0 0 0 -0.325384
985 986 0.108871 0 0 0 0 0 0 0.108871
986 987 0.0333522 0 0 0 0 0 0 0.0333522
987 988 0.00606474 0 -1.09295 0 0 0 0 -1.08688
988 989 0.189256 0 0 0 0 0 0 0.189256
989 990 0.00348304 0 0 0 0 0 0 0.00348304
990 991 0.11302 0 -1.18485 0 0 0 0 -1.07183
991 992 0.035663 0 -1.31879 0 0 0 0 -1.28312
992 993 0.0292547 0 -1.38977 0 0 0 0 -1.36051
993 994 0.00287109 0 -0.527316 0 0 0 0 -0.524445
994 995 0.15853 0 0 0 0 0 0 0.15853
995 996 0.0623406 0 0 0 0 0 0 0.0623406
996 997 0.0171576 0 -1.4161 0 0 0 0 -1.39894
997 998 0.0590396 0 0 0 0 0 0 0.0590396
998 999 0.206483 0 0 0 0 0 0 0.206483
1000 1001 0.118669 0 0 0 0 0 0 0.118669
1001 1002 0.0822707 0 -1.24554 0 0 0 0 -1.16326
1002 1003 0.012184 0 -0.978181 0 0 0 0 -0.965997
1003 1004 0.00691992 0 -1.32529 0 0 0 0 -1.31837
1004 1005 0.0346851 0 0 0 0 0 0 0.0346851
1005 1006 0.0248238 0 0 0 0 0 0 0.0248238
1006 1007 0.00624303 0 0 0 0 0 0 0.00624303
1007 1008 0.0194287 0 0 0 0 0 0 0.0194287
1008 1009 0.316884 0 -1.07598 0 0 0 0 -0.759095
1009 1010 0.0252098 0 0 0 0 0 0 0.0252098
1010 1011 0.0878493 0 -1.00429 0 0 0 0 -0.916441
1011 1012 0.0407398 0 -1.22139 0 0 0 0 -1.18065
1012 1013 0.121692 0 -1.09634 0 0 0 0 -0.974647
1013 1014 0.0966674 0 -0.708977 0 0 0 0 -0.61231
1014 1015 0.0547262 0 -1.31392 0 0 0 0 -1.25919
1015 1016 0.000697257 0 -1.14124 0 0 0 0 -1.14054
1016 1017 0.224119 0 0 0 0 0 0 0.224119
1017 1018 0.0317345 0 -1.26526 0 0 0 0 -1.23352
1018 1019 0.0233692 0 0 0 0 0 0 0.0233692
1020 1021 0.0386668 0 0 0 0 0 0 0.0386668
1021 1022 0.0314642 0 -1.2945 0 0 0 0 -1.26304
1022 1023 0.0316588 0 0 0 0 0 0 0.0316588
1023 1024 0.0417384 0 0 0 0 0 0 0.0417384
1024 1025 0.0495174 0 -1.40671 0 0 0 0 -1.35719
1025 1026 0.00815939 0 -1.21701 0 0 0 0 -1.20885
1026 1027 0.0435954 0 0 0 0 0 0 0.0435954
1027 1028 0.0473014 0 0 0 0 0 0 0.0473014
1028 1029 0.000528075 0 -1.41329 0 0 0 0 -1.41276
1029 1030 0.00668846 0 -1.28625 0 0 0 0 -1.27956
1030 1031 0.0671479 0 -1.17857 0 0 0 0 -1.11143
1031 1032 0.116226 0 0 0 0 0 0 0.116226
1032 1033 0.0404857 0 -1.10978 0 0 0 0 -1.06929
1033 1034 0.00459949 0 -1.14101 0 0 0 0 -1.13641
1034 1035 0.247335 0 -0.427655 0 0 0 0 -0.18032
1035 1036 0.000811915 0 0 0 0 0 0 0.000811915
1036 1037 0.0514363 0 -0.758411 0 0 0 0 -0.706975
1037 1038 0.256084 0 0 0 0 0 0 0.256084
1038 1039 0.000465162 0 0 0 0 0 0 0.000465162
1040 1041 0.0744004 0 0 0 0 0 0 0.0744004
1041 1042 0.00233527 0 -0.753231 0 0 0 0 -0.750896
1042 1043 0.0344535 0 -0.000106669 0 0 0 0 0.0343468
1043 1044 0.00148039 0 -1.3363 0 0 0 0 -1.33482
1044 1045 0.0403068 0 0 0 0 0 0 0.0403068
1045 1046 0.000179673 0 -1.11011 0 0 0 0 -1.10993
1046 1047 0.0939175 0 0 0 0 0 0 0.0939175
1047 1048 0.0163985 0 -1.18772 0 0 0 0 -1.17132
1048 1049 0.0012466 0 0 0 0 0 0 0.0012466
1049 1050 0.00363649 0 0 0 0 0 0 0.00363649
1050 1051 0.038121 0 0 0 0 0 0 0.038121
1051 1052 0.0738726 0 -1.35946 0 0 0 0 -1.28559
1052 1053 0.0148963 0 0 0 0 0 0 0.0148963
1053 1054 0.0299486 0 0 0 0 0 0 0.0299486
1054 1055 0.011335 0 -0 0 0 0 0 0.011335
1055 1056 0.00866498 0 -1.19421 0 0 0 0 -1.18554
1054 1057 0 0 0 0 -0.000112475 -0.0156216 0 -0.0157341
1056 1057 0.129506 0 -0.76507 0 0 0 0 -0.635564
1057 1058 0.00496679 0 0 0 0 0 0 0.00496679
1058 1059 0.000757966 0 -0.960682 0 0 0 0 -0.959924
1060 1061 0.202163 0 -0.716654 0 0 0 0 -0.514491
1061 1062 0.0413894 0 -1.3327 0 0 0 0 -1.29131
1062 1063 0.0259602 0 0 0 0 0 0 0.0259602
1063 1064 0.0824076 0 -0.969609 0 0 0 0 -0.887202
1064 1065 0.00232035 0 -1.31483 0 0 0 0 -1.31251
1065 1066 0.00957218 0 -1.41493 0 0 0 0 -1.40535
1066 1067 0.0231328 0 0 0 0 0 0 0.0231328
1067 1068 0.0125538 0 -1.31205 0 0 0 0 -1.2995
1068 1069 0.0551583 0 -0.574542 0 0 0 0 -0.519383
1069 1070 0.0307767 0 -0 0 0 0 0 0.0307767
1070 1071 0.00685964 0 0 0 0 0 0 0.00685964
1071 1072 0.215116 0 -1.36537 0 0 0 0 -1.15026
1072 1073 0.00166233 0 -1.40703 0 0 0 0 -1.40536
1073 1074 0.195124 0 -1.15912 0 0 0 0 -0.963991
1074 1075 0.000224079 0 -1.28911 0 0 0 0 -1.28889
1075 1076 0.0201372 0 0 0 0 0 0 0.0201372
1076 1077 0.0372874 0 0 0 0 0 0 0.0372874
1077 1078 0.00137224 0 -1.24665 0 0 0 0 -1.24528
1078 1079 0.138611 0 -1.17141 0 0 0 0 -1.0328
1080 1081 0.00276928 0 0 0 0 0 0 0.00276928
1081 1082 0.060984 0 -0 0 0 0 0 0.060984
1082 1083 0.0227035 0 0 0 0 0 0 0.0227035
1083 1084 0.0140552 0 -1.35728 0 0 0 0 -1.34323
1084 1085 0.0226002 0 -1.24315 0 0 0 0 -1.22055
1085 1086 0.239823 0 0 0 0 0 0 0.239823
1086 1087 0.11441 0 0 0 0 0 0 0.11441
1087 1088 0.00400248 0 0 0 0 0 0 0.00400248
1088 1089 0.228457 0 -0.785379 0 0 0 0 -0.556921
1089 1090 0.0383158 0 0 0 0 0 0 0.0383158
1090 1091 0.00348145 0 -0.951632 0 0 0 0 -0.948151
1091 1092 0.203312 0 -0.00483625 0 0 0 0 0.198476
1092 1093 0.000865312 0 -1.23528 0 0 0 0 -1.23442
1093 1094 0.0456182 0 0 0 0 0 0 0.0456182
1094 1095 0.000332534 0 0 0 0 0 0 0.000332534
1095 1096 0.0113176 0 -0.949161 0 0 0 0 -0.937843
1096 1097 0.000336337 0 -0.992505 0 0 0 0 -0.992169
1097 1098 0.0189607 0 -0.986192 0 0 0 0 -0.967231
1098 1099 0.0107345 0 -1.3484 0 0 0 0 -1.33766
1100 1101 0.0564179 0 -0.954874 0 0 0 0 -0.898456
1101 1102 0.00540664 0 -1.07885 0 0 0 0 -1.07344
1102 1103 0.00622672 0 -1.2177 0 0 0 0 -1.21148
1103 1104 0.00278148 0 -1.2888 0 0 0 0 -1.28602
1104 1105 0.0299758 0 0 0 0 0 0 0.0299758
1105 1106 0.0132716 0 0 0 0 0 0 0.0132716
1106 1107 0.0382334 0 -1.03257 0 0 0 0 -0.994335
1107 1108 0.0162721 0 -1.05531 0 0 0 0 -1.03904
1108 1109 0.0407624 0 -1.13947 0 0 0 0 -1.09871
1109 1110 0.0900726 0 0 0 0 0 0 0.0900726
1110 1111 0.0155254 0 -1.20462 0 0 0 0 -1.1891
1111 1112 0.00374849 0 -1.27914 0 0 0 0 -1.27539
1112 1113 0.00508355 0 0 0 0 0 0 0.00508355
1113 1114 0.0253432 0 0 0 0 0 0 0.0253432
1114 1115 0.00716017 0 -1.21072 0 0 0 0 -1.20356
1115 1116 0.0167894 0 -0.862479 0 0 0 0 -0.84569
1116 1117 0.00928856 0 -0.986164 0 0 0 0 -0.976876
1117 1118 0.0156077 0 -1.29384 0 0 0 0 -1.27823
1118 1119 0.0733911 0 -0.306366 0 0 0 0 -0.232974
1120 1121 0.00873549 0 -0 0 0 0 0 0.00873549
1121 1122 0.129712 0 -1.36492 0 0 0 0 -1.2352
1122 1123 0.00472595 0 0 0 0 0 0 0.00472595
1123 1124 0.0144541 0 0 0 0 0 0 0.0144541
1124 1125 0.0769169 0 0 0 0 0 0 0.0769169
1125 1126 0.00119441 0 -1.2817 0 0 0 0 -1.2805
1126 1127 0.0621272 0 -1.31209 0 0 0 0 -1.24996
1127 1128 0.0328976 0 0 0 0 0 0 0.0328976
1128 1129 0.0551828 0 0 0 0 0 0 0.0551828
1129 1130 0.0053919 0 0 0 0 0 0 0.0053919
1130 1131 0.0235791 0 -1.11386 0 0 0 0 -1.09028
1131 1132 0.0847319 0 0 0 0 0 0 0.0847319
1132 1133 0.0527836 0 -1.17438 0 0 0 0 -1.12159
1133 1134 0.0325064 0 -1.03578 0 0 0 0 -1.00328
1134 1135 0.00808119 0 -0.981717 0 0 0 0 -0.973636
1135 1136 0.00660872 0 -1.13448 0 0 0 0 -1.12787
1136 1137 0.00120226 0 -0.806186 0 0 0 0 -0.804984
1137 1138 0.0423991 0 0 0 0 0 0 0.0423991
1138 1139 0.145929 0 0 0 0 0 0 0.145929
1140 1141 0.00853125 0 -1.18819 0 0 0 0 -1.17966
1141 1142 0.015737 0 0 0 0 0 0 0.015737
1142 1143 0.0439391 0 -0 0 0 0 0 0.0439391
1143 1144 0.00121806 0 -0 0 0 0 0 0.00121806
1144 1145 0.0622126 0 0 0 0 0 0 0.0622126
1145 1146 0.0315872 0 0 0 0 0 0 0.0315872
1146 1147 0.0156124 0 0 0 0 0 0 0.0156124
1147 1148 0.0513022 0 -1.1204 0 0 0 0 -1.0691
1148 1149 0.0189031 0 -0.638169 0 0 0 0 -0.619266
1149 1150 0.00554281 0 -1.19745 0 0 0 0 -1.19191
1150 1151 0.0836546 0 -1.06004 0 0 0 0 -0.976388
1151 1152 0.0951561 0 0 0 0 0 0 0.0951561
1152 1153 0.000473962 0 -1.15096 0 0 0 0 -1.15049
1153 1154 0.0445645 0 0 0 0 0 0 0.0445645
1154 1155 0.00230071 0 -0.909449 0 0 0 0 -0.907148
1155 1156 0.00303978 0 -1.28409 0 0 0 0 -1.28105
1156 1157 1.947e-05 0 -1.22458 0 0 0 0 -1.22456
1157 1158 0.0933369 0 0 0 0 0 0 0.0933369
1157 1159 0 0 0 0 0 -0 -0.142554 -0.142554
1158 1159 0.0728426 0 0 0 0 0 0 0.0728426
1160 1161 0.000995283 0 -0 0 0 0 0 0.000995283
1161 1162 0.01231 0 -1.03533 0 0 0 0 -1.02302
1162 1163 0.157201 0 -1.20283 0 0 0 0 -1.04563
1163 1164 0.0069178 0 0 0 0 0 0 0.0069178
1164 1165 0.116686 0 0 0 0 0 0 0.116686
1165 1166 0.0582737 0 0 0 0 0 0 0.0582737
1166 1167 0.130464 0 0 0 0 0 0 0.130464
1167 1168 0.25822 0 0 0 0 0 0 0.25822
1168 1169 0.0833475 0 -0 0 0 0 0 0.0833475
1169 1170 0.154222 0 0 0 0 0 0 0.154222
1170 1171 0.00014728 0 -1.22462 0 0 0 0 -1.22448
1171 1172 0.0151461 0 0 0 0 0 0 0.0151461
1172 1173 0.0942895 0 -1.39487 0 0 0 0 -1.30058
1173 1174 0.016688 0 0 0 0 0 0 0.016688
1174 1175 0.00625261 0 -0.852378 0 0 0 0 -0.846125
1175 1176 0.0107184 0 0 0 0 0 0 0.0107184
1176 1177 0.196371 0 0 0 0 0 0 0.196371
1177 1178 0.0445756 0 -1.34748 0 0 0 0 -1.30291
1178 1179 0.0121395 0 0 0 0 0 0 0.0121395
1180 1181 4.78726e-05 0 -1.40001 0 0 0 0 -1.39996
1181 1182 0.129653 0 0 0 0 0 0 0.129653
1182 1183 0.451959 0 -0 0 0 0 0 0.451959
1183 1184 0.107044 0 -0 0 0 0 0 0.107044
1184 1185 0.0334934 0 0 0 0 0 0 0.0334934
1185 1186 0.258105 0 -1.2779 0 0 0 0 -1.0198
1186 1187 0.00205692 0 0 0 0 0 0 0.00205692
1187 1188 3.4511e-06 0 -1.35966 0 0 0 0 -1.35965
1188 1189 4.29195e-06 0 -1.13481 0 0 0 0 -1.1348
1189 1190 0.0967005 0 0 0 0 0 0 0.0967005
1190 1191 0.000460831 0 0 0 0 0 0 0.000460831
1191 1192 0.0320617 0 -0.84216 0 0 0 0 -0.810099
1192 1193 0.0345609 0 -1.21925 0 0 0 0 -1.18469
1193 1194 0.09556 0 -1.0588 0 0 0 0 -0.963244
1194 1195 0.0259041 0 0 0 0 0 0 0.0259041
1195 1196 0.0298104 0 0 0 0 0 0 0.0298104
1196 1197 0.0309306 0 0 0 0 0 0 0.0309306
1197 1198 0.018677 0 0 0 0 0 0 0.018677
1198 1199 0.0160657 0 -0 0 0 0 0 0.0160657
#Total energy per particle is  -0.550467 and should be -0.55046710
