           0   0.000000
       10000  -1.055267
       20000  -1.023803
       30000  -3.382541
       40000  -1.659338
       50000  -3.455630
       60000  -5.554344
       70000  -8.599743
       80000  -8.447370
       90000  -9.370709
      100000 -10.806093
      110000 -12.077132
      120000 -12.658316
      130000 -10.907054
      140000 -13.957833
      150000 -12.865503
      160000 -15.000040
      170000 -13.239983
      180000 -13.016027
      190000 -12.412567
      200000 -12.580725
