           0   0.000000
       10000  -1.284269
       20000  -2.501268
       30000   0.000000
       40000   0.000000
       50000   0.000000
       60000   0.000000
       70000  -0.652370
       80000   0.000000
       90000  -2.920961
      100000   0.000000
      110000  -0.000020
      120000   0.000000
      130000  -2.045868
      140000  -2.142934
      150000  -2.393697
      160000  -1.981255
      170000  -2.161076
      180000  -2.752408
      190000  -4.878604
      200000  -5.310507
