#id1 id2 FENE BEXC STCK NEXC HB CRSTCK CXSTCK total, t = 200000
0 1 0.0509272 0 -1.25951 0 0 0 0 -1.20858
1 2 0.0815383 0 0 0 0 0 0 0.0815383
2 3 0.00179926 0 -1.36746 0 0 0 0 -1.36566
3 4 0.0481266 0 -0.724133 0 0 0 0 -0.676006
4 5 0.000274737 0 0 0 0 0 0 0.000274737
5 6 0.114972 0 -0.443201 0 0 0 0 -0.328229
6 7 0.0297526 0 -1.19539 0 0 0 0 -1.16564
7 8 0.0877508 0 -1.22831 0 0 0 0 -1.14056
8 9 0.0133462 0 -1.17416 0 0 0 0 -1.16082
9 10 0.0162009 0 0 0 0 0 0 0.0162009
10 11 0.103874 0 -0 0 0 0 0 0.103874
11 12 0.0315802 0 -1.38218 0 0 0 0 -1.3506
12 13 0.0824588 0 -1.12056 0 0 0 0 -1.0381
13 14 0.21925 0 0 0 0 0 0 0.21925
14 15 0.000425455 0 0 0 0 0 0 0.000425455
15 16 0.0123538 0 -0.860303 0 0 0 0 -0.847949
16 17 0.0202523 0 -1.2949 0 0 0 0 -1.27465
17 18 0.0196952 0 0 0 0 0 0 0.0196952
18 19 0.000940157 0 -1.25189 0 0 0 0 -1.25095
20 21 0.15785 0 -1.27368 0 0 0 0 -1.11583
21 22 0.00811359 0 0 0 0 0 0 0.00811359
22 23 0.131418 0 -1.19894 0 0 0 0 -1.06752
23 24 0.108343 0 -0.834917 0 0 0 0 -0.726574
24 25 0.000401247 0 -0.796879 0 0 0 0 -0.796477
25 26 0.0092483 0 0 0 0 0 0 0.0092483
26 27 0.00975639 0 -0 0 0 0 0 0.00975639
27 28 0.000313514 0 0 0 0 0 0 0.000313514
28 29 0.0891817 0 0 0 0 0 0 0.0891817
29 30 0.301152 0 -1.29675 0 0 0 0 -0.995598
30 31 0.0207916 0 -1.0761 0 0 0 0 -1.0553
31 32 0.0105112 0 -1.06644 0 0 0 0 -1.05593
32 33 0.0298799 0 0 0 0 0 0 0.0298799
33 34 0.0586859 0 0 0 0 0 0 0.0586859
34 35 0.0861416 0 0 0 0 0 0 0.0861416
35 36 0.00097243 0 -1.07779 0 0 0 0 -1.07681
36 37 0.0137469 0 -1.18373 0 0 0 0 -1.16998
37 38 0.0425957 0 0 0 0 0 0 0.0425957
38 39 0.0229971 0 -0.678547 0 0 0 0 -0.65555
40 41 0.0411263 0 0 0 0 0 0 0.0411263
41 42 0.011275 0 0 0 0 0 0 0.011275
42 43 0.000985843 0 -1.05363 0 0 0 0 -1.05265
43 44 0.00831554 0 0 0 0 0 0 0.00831554
44 45 0.00137422 0 0 0 0 0 0 0.00137422
45 46 0.000596082 0 -1.35873 0 0 0 0 -1.35813
46 47 0.00450668 0 -1.28724 0 0 0 0 -1.28274
47 48 0.0325285 0 -0 0 0 0 0 0.0325285
48 49 0.0381986 0 0 0 0 0 0 0.0381986
49 50 0.0706977 0 0 0 0 0 0 0.0706977
50 51 0.000311543 0 0 0 0 0 0 0.000311543
51 52 0.0686462 0 -0.968147 0 0 0 0 -0.8995
52 53 0.0575126 0 0 0 0 0 0 0.0575126
53 54 0.0284208 0 -0.938437 0 0 0 0 -0.910017
54 55 0.0348004 0 -1.00231 0 0 0 0 -0.967511
55 56 0.0143271 0 -1.21047 0 0 0 0 -1.19614
56 57 0.0548718 0 0 0 0 0 0 0.0548718
57 58 7.89632e-05 0 -0.899735 0 0 0 0 -0.899656
58 59 0.0168277 0 -1.17637 0 0 0 0 -1.15955
60 61 0.00233144 0 -1.02737 0 0 0 0 -1.02504
61 62 0.0507081 0 -0.581298 0 0 0 0 -0.53059
62 63 0.222141 0 -0.850389 0 0 0 0 -0.628248
63 64 0.0289605 0 0 0 0 0 0 0.0289605
64 65 0.0175359 0 0 0 0 0 0 0.0175359
65 66 0.0211272 0 0 0 0 0 0 0.0211272
66 67 0.0171781 0 -1.34814 0 0 0 0 -1.33096
67 68 0.143373 0 0 0 0 0 0 0.143373
68 69 0.033429 0 -1.16366 0 0 0 0 -1.13023
69 70 0.00160562 0 0 0 0 0 0 0.00160562
70 71 0.0590795 0 0 0 0 0 0 0.0590795
71 72 0.0145038 0 0 0 0 0 0 0.0145038
72 73 0.00471342 0 0 0 0 0 0 0.00471342
73 74 0.22874 0 0 0 0 0 0 0.22874
74 75 0.0333255 0 0 0 0 0 0 0.0333255
75 76 0.0098532 0 -1.26851 0 0 0 0 -1.25866
76 77 0.0519431 0 0 0 0 0 0 0.0519431
77 78 0.0396511 0 -1.28414 0 0 0 0 -1.24449
78 79 0.401296 0 0 0 0 0 0 0.401296
80 81 0.00954653 0 -1.26913 0 0 0 0 -1.25958
81 82 0.0293556 0 0 0 0 0 0 0.0293556
82 83 0.00255391 0 -0.0492037 0 0 0 0 -0.0466498
83 84 0.138822 0 0 0 0 0 0 0.138822
84 85 0.171221 0 0 0 0 0 0 0.171221
85 86 0.271121 0 0 0 0 0 0 0.271121
86 87 0.0732002 0 -1.18836 0 0 0 0 -1.11516
87 88 0.0167025 0 -0.857179 0 0 0 0 -0.840477
88 89 0.00968841 0 -1.32022 0 0 0 0 -1.31053
89 90 0.0738964 0 -1.25575 0 0 0 0 -1.18186
90 91 0.250883 0 0 0 0 0 0 0.250883
91 92 0.0260689 0 -0.871694 0 0 0 0 -0.845625
92 93 0.00741704 0 -1.33252 0 0 0 0 -1.3251
93 94 0.0140303 0 -1.39672 0 0 0 0 -1.38269
94 95 0.0615481 0 -1.26943 0 0 0 0 -1.20788
95 96 0.0134781 0 -1.39963 0 0 0 0 -1.38615
96 97 0.0132778 0 -1.36882 0 0 0 0 -1.35554
97 98 0.0420907 0 -1.33778 0 0 0 0 -1.29569
98 99 0.000280142 0 -0.956481 0 0 0 0 -0.956201
100 101 0.00706368 0 -0 0 0 0 0 0.00706368
101 102 0.078685 0 -1.26987 0 0 0 0 -1.19119
102 103 0.0155626 0 -1.22511 0 0 0 0 -1.20955
103 104 0.147348 0 0 0 0 0 0 0.147348
104 105 0.0248942 0 -1.39408 0 0 0 0 -1.36919
105 106 0.114272 0 -1.30745 0 0 0 0 -1.19318
106 107 0.000882188 0 -1.04503 0 0 0 0 -1.04415
107 108 0.102965 0 -1.14534 0 0 0 0 -1.04238
108 109 0.0192629 0 -1.26671 0 0 0 0 -1.24744
109 110 0.0457162 0 0 0 0 0 0 0.0457162
110 111 0.0153909 0 0 0 0 0 0 0.0153909
111 112 0.0125721 0 0 0 0 0 0 0.0125721
109 113 0 0 0 0 0 -0.00194481 0 -0.00194481
112 113 0.0517808 0 -1.37889 0 0 0 0 -1.32711
108 114 0 0 0 0 -0 -0.16213 0 -0.16213
113 114 0.0207703 0 -1.18089 0 0 0 0 -1.16012
109 115 0 0 0 0 0 -0.08846 -0 -0.08846
108 115 0 0 0 0 -0.663321 0 -0 -0.663321
107 115 0 0 0 0 0 -0.169693 0 -0.169693
114 115 0.000798807 0 -1.19307 0 0 0 0 -1.19227
108 116 0 0 0 0 0 -0.18155 0 -0.18155
107 116 0 0 0 0 -0.746558 0 -0 -0.746558
106 116 0 0 0 0 0 -0.10098 0 -0.10098
115 116 0.0055804 0 -1.36305 0 0 0 0 -1.35747
107 117 0 0 0 0 0 -0.176175 0 -0.176175
106 117 0 0 0 0 -0.558699 0 -0 -0.558699
105 117 0 0 0 0 0 -0.0373966 0 -0.0373966
116 117 0.00284189 0 -1.42148 0 0 0 0 -1.41864
106 118 0 0 0 0 0 -0.149152 0 -0.149152
105 118 0 0 0 0 -0.671416 0 -0 -0.671416
104 118 0 0 0 0 -4.01784e-30 -0.143162 0 -0.143162
117 118 0.0769337 0 -1.16412 0 0 0 0 -1.08719
105 119 0 0 0 0 0 -0.0814246 -0 -0.0814246
118 119 0.105606 0 -1.09092 0 0 0 0 -0.985316
120 121 0.0202257 0 -1.07642 0 0 0 0 -1.0562
121 122 0.0334341 0 -1.394 0 0 0 0 -1.36056
122 123 0.00129054 0 0 0 0 0 0 0.00129054
123 124 0.00976115 0 -1.21823 0 0 0 0 -1.20847
124 125 0.0606718 0 -0.982356 0 0 0 0 -0.921684
125 126 0.00016865 0 0 0 0 0 0 0.00016865
126 127 0.00662906 0 -1.29737 0 0 0 0 -1.29074
127 128 0.125249 0 -1.22291 0 0 0 0 -1.09766
128 129 0.0610922 0 -1.20346 0 0 0 0 -1.14237
129 130 0.271995 0 0 0 0 0 0 0.271995
130 131 0.00863752 0 0 0 0 0 0 0.00863752
131 132 0.0169288 0 -1.3273 0 0 0 0 -1.31037
132 133 0.00260116 0 -1.13152 0 0 0 0 -1.12891
133 134 0.359905 0 -1.09222 0 0 0 0 -0.732314
134 135 0.0684037 0 0 0 0 0 0 0.0684037
135 136 0.00874907 0 -1.3306 0 0 0 0 -1.32185
136 137 0.0108222 0 0 0 0 0 0 0.0108222
137 138 0.0717699 0 0 0 0 0 0 0.0717699
138 139 0.00679545 0 0 0 0 0 0 0.00679545
140 141 0.023862 0 0 0 0 0 0 0.023862
141 142 0.0685323 0 -1.27224 0 0 0 0 -1.2037
142 143 0.0334269 0 0 0 0 0 0 0.0334269
143 144 0.0365373 0 0 0 0 0 0 0.0365373
144 145 0.030497 0 -0.954619 0 0 0 0 -0.924122
145 146 0.0281744 0 -0.272432 0 0 0 0 -0.244258
146 147 0.00611196 0 -0.929012 0 0 0 0 -0.9229
147 148 0.0399997 0 0 0 0 0 0 0.0399997
148 149 0.00167689 0 -1.29878 0 0 0 0 -1.2971
149 150 0.059371 0 -1.26008 0 0 0 0 -1.20071
150 151 0.0570637 0 -1.25442 0 0 0 0 -1.19736
151 152 0.00905434 0 -1.17763 0 0 0 0 -1.16858
152 153 0.133387 0 0 0 0 0 0 0.133387
153 154 0.114734 0 -1.17239 0 0 0 0 -1.05765
154 155 0.0241203 0 -1.10358 0 0 0 0 -1.07946
150 156 0 0 0 0 -0 -0.106165 -0 -0.106165
149 156 0 0 0 0 -0.503764 0 -0 -0.503764
148 156 0 0 0 0 0 -0.127875 0 -0.127875
155 156 0.00198829 0 0 0 0 0 0 0.00198829
149 157 0 0 0 0 0 -0.10971 0 -0.10971
148 157 0 0 0 0 -0.763775 0 -0 -0.763775
156 157 0.111053 0 -1.16869 0 0 0 0 -1.05764
148 158 0 0 0 0 0 -0.104564 0 -0.104564
157 158 0.0528694 0 -1.34608 0 0 0 0 -1.29321
158 159 0.0789022 0 0 0 0 0 0 0.0789022
160 161 0.0488461 0 -0.619481 0 0 0 0 -0.570635
161 162 0.0905203 0 -1.10945 0 0 0 0 -1.01893
162 163 0.14311 0 -1.10298 0 0 0 0 -0.959869
163 164 0.0204716 0 -1.26007 0 0 0 0 -1.2396
164 165 0.207923 0 0 0 0 0 0 0.207923
164 166 0 0 0 0.292447 0 0 0 0.292447
165 166 6.81898e-07 0 -1.42165 0 0 0 0 -1.42165
166 167 0.0225738 0 -1.17897 0 0 0 0 -1.1564
167 168 0.158227 0 -1.27289 0 0 0 0 -1.11466
168 169 0.0112065 0 -1.3808 0 0 0 0 -1.36959
169 170 0.00615324 0 -1.32401 0 0 0 0 -1.31786
170 171 0.0157785 0 0 0 0 0 0 0.0157785
171 172 0.00445623 0 -1.31339 0 0 0 0 -1.30894
172 173 0.062642 0 -1.26001 0 0 0 0 -1.19737
173 174 0.0929244 0 -1.3789 0 0 0 0 -1.28597
174 175 0.0425116 0 -1.18971 0 0 0 0 -1.14719
175 176 0.0488884 0 -1.21486 0 0 0 0 -1.16597
176 177 0.202143 0 0 0 0 0 0 0.202143
177 178 0.0579769 0 -1.26881 0 0 0 0 -1.21083
178 179 0.050629 0 -0 0 0 0 0 0.050629
180 181 0.0209596 0 -1.23101 0 0 0 0 -1.21005
181 182 0.00210166 0 -0.836135 0 0 0 0 -0.834034
182 183 0.148432 0 -1.25421 0 0 0 0 -1.10578
183 184 0.0474493 0 0 0 0 0 0 0.0474493
184 185 0.0305237 0 -1.43045 0 0 0 0 -1.39993
185 186 0.00911992 0 -0.728015 0 0 0 0 -0.718896
186 187 0.00942505 0 -1.18326 0 0 0 0 -1.17384
187 188 0.207593 0 0 0 0 0 0 0.207593
188 189 0.127792 0 -1.29566 0 0 0 0 -1.16787
189 190 0.138797 0 -0.946738 0 0 0 0 -0.807941
190 191 0.0221902 0 0 0 0 0 0 0.0221902
191 192 0.00601292 0 -0.438685 0 0 0 0 -0.432672
192 193 0.0162376 0 -0 0 0 0 0 0.0162376
193 194 0.00447546 0 -1.42059 0 0 0 0 -1.41611
194 195 0.00237373 0 -1.10296 0 0 0 0 -1.10059
195 196 0.0138775 0 -1.34413 0 0 0 0 -1.33025
196 197 0.130541 0 0 0 0 0 0 0.130541
197 198 0.149996 0 -1.12828 0 0 0 0 -0.978284
188 199 0 0 0 0 -0 -0 -1.8418e-08 -1.8418e-08
198 199 0.00318387 0 -1.3131 0 0 0 0 -1.30992
200 201 0.0161653 0 -0 0 0 0 0 0.0161653
201 202 0.0587904 0 0 0 0 0 0 0.0587904
202 203 0.0937421 0 0 0 0 0 0 0.0937421
203 204 0.0063609 0 -1.11628 0 0 0 0 -1.10992
204 205 0.00307261 0 0 0 0 0 0 0.00307261
205 206 0.0291449 0 -1.21865 0 0 0 0 -1.18951
206 207 0.00311037 0 0 0 0 0 0 0.00311037
207 208 0.201179 0 -1.36357 0 0 0 0 -1.16239
208 209 0.00102577 0 -1.21581 0 0 0 0 -1.21479
209 210 0.207885 0 -0.892009 0 0 0 0 -0.684123
210 211 0.000820953 0 0 0 0 0 0 0.000820953
211 212 6.36186e-06 0 -1.23709 0 0 0 0 -1.23708
212 213 0.455769 0 -0.646989 0 0 0 0 -0.191219
213 214 0.109389 0 -1.23879 0 0 0 0 -1.1294
214 215 0.0355304 0 0 0 0 0 0 0.0355304
215 216 0.00151243 0 0 0 0 0 0 0.00151243
216 217 0.0385597 0 0 0 0 0 0 0.0385597
217 218 0.000166767 0 0 0 0 0 0 0.000166767
218 219 0.00515994 0 0 0 0 0 0 0.00515994
220 221 0.0273943 0 -0 0 0 0 0 0.0273943
221 222 0.0957611 0 0 0 0 0 0 0.0957611
222 223 0.0329041 0 0 0 0 0 0 0.0329041
223 224 0.0576577 0 -0 0 0 0 0 0.0576577
224 225 0.00117917 0 -0 0 0 0 0 0.00117917
225 226 0.00683402 0 -0.855642 0 0 0 0 -0.848808
226 227 0.00182407 0 -1.02698 0 0 0 0 -1.02515
227 228 4.85011e-05 0 0 0 0 0 0 4.85011e-05
228 229 0.0948768 0 -1.25435 0 0 0 0 -1.15948
229 230 0.00167773 0 0 0 0 0 0 0.00167773
230 231 3.78031e-05 0 -1.15495 0 0 0 0 -1.15491
231 232 0.00703291 0 -1.01011 0 0 0 0 -1.00308
232 233 0.0383151 0 0 0 0 0 0 0.0383151
233 234 0.0668331 0 -1.37386 0 0 0 0 -1.30703
234 235 0.0281882 0 -0.824628 0 0 0 0 -0.79644
235 236 0.0217131 0 -1.06189 0 0 0 0 -1.04018
236 237 0.0446998 0 0 0 0 0 0 0.0446998
237 238 0.00175398 0 0 0 0 0 0 0.00175398
238 239 0.00045492 0 -0.772394 0 0 0 0 -0.77194
240 241 0.0291093 0 -1.23393 0 0 0 0 -1.20482
241 242 0.11539 0 -1.15571 0 0 0 0 -1.04032
242 243 0.00153024 0 -0 0 0 0 0 0.00153024
243 244 0.00442686 0 -1.397 0 0 0 0 -1.39257
244 245 0.0272007 0 0 0 0 0 0 0.0272007
245 246 0.137842 0 -1.28399 0 0 0 0 -1.14615
246 247 0.000476241 0 -1.2644 0 0 0 0 -1.26392
247 248 0.0481937 0 -1.06525 0 0 0 0 -1.01705
248 249 0.104421 0 -1.09953 0 0 0 0 -0.995111
249 250 0.0826976 0 0 0 0 0 0 0.0826976
250 251 0.00952149 0 -1.03446 0 0 0 0 -1.02494
251 252 0.0280938 0 -1.09389 0 0 0 0 -1.0658
252 253 0.14393 0 -1.31202 0 0 0 0 -1.16809
253 254 0.00388278 0 0 0 0 0 0 0.00388278
254 255 0.0120072 0 -1.10896 0 0 0 0 -1.09695
255 256 0.00456905 0 -1.27219 0 0 0 0 -1.26762
256 257 0.0642555 0 -0.640568 0 0 0 0 -0.576313
257 258 0.0971754 0 0 0 0 0 0 0.0971754
258 259 0.118965 0 -0 0 0 0 0 0.118965
260 261 0.0321925 0 0 0 0 0 0 0.0321925
261 262 0.0184422 0 -1.13354 0 0 0 0 -1.1151
262 263 0.016705 0 -0.736011 0 0 0 0 -0.719306
263 264 0.0625365 0 0 0 0 0 0 0.0625365
264 265 0.00835594 0 -0.997553 0 0 0 0 -0.989197
265 266 0.0460196 0 -0.958808 0 0 0 0 -0.912788
266 267 0.00027597 0 -1.32199 0 0 0 0 -1.32171
267 268 0.000984181 0 -0 0 0 0 0 0.000984181
268 269 0.00305127 0 0 0 0 0 0 0.00305127
269 270 0.0981327 0 -1.13618 0 0 0 0 -1.03804
270 271 5.92769e-05 0 0 0 0 0 0 5.92769e-05
271 272 0.00416981 0 0 0 0 0 0 0.00416981
272 273 0.00859401 0 0 0 0 0 0 0.00859401
273 274 0.132523 0 0 0 0 0 0 0.132523
274 275 0.05262 0 -1.15332 0 0 0 0 -1.1007
275 276 0.0384658 0 0 0 0 0 0 0.0384658
276 277 0.0420976 0 -1.01547 0 0 0 0 -0.973368
277 278 0.0135297 0 -0.831342 0 0 0 0 -0.817812
278 279 0.00684643 0 0 0 0 0 0 0.00684643
280 281 0.000114054 0 -1.31563 0 0 0 0 -1.31551
281 282 0.200308 0 0 0 0 0 0 0.200308
282 283 0.0122974 0 -1.24144 0 0 0 0 -1.22914
283 284 0.0381689 0 -0.857966 0 0 0 0 -0.819797
284 285 0.000105792 0 -1.29131 0 0 0 0 -1.2912
285 286 0.196127 0 0 0 0 0 0 0.196127
286 287 0.00100368 0 -1.2034 0 0 0 0 -1.20239
287 288 0.36552 0 -1.33728 0 0 0 0 -0.971759
288 289 0.0129661 0 -1.01597 0 0 0 0 -1.003
289 290 0.0139595 0 -1.0406 0 0 0 0 -1.02664
290 291 0.105707 0 -1.38117 0 0 0 0 -1.27547
291 292 0.0590194 0 -0 0 0 0 0 0.0590194
292 293 0.00390288 0 -0.999723 0 0 0 0 -0.99582
293 294 0.00129122 0 -0.910249 0 0 0 0 -0.908958
294 295 0.124748 0 0 0 0 0 0 0.124748
295 296 0.00494941 0 -1.03797 0 0 0 0 -1.03302
296 297 0.00208643 0 -1.16542 0 0 0 0 -1.16334
297 298 0.0235991 0 0 0 0 0 0 0.0235991
298 299 0.00195816 0 -0 0 0 0 0 0.00195816
300 301 0.0615455 0 0 0 0 0 0 0.0615455
301 302 0.00101593 0 -1.24668 0 0 0 0 -1.24566
302 303 0.00549122 0 -1.12443 0 0 0 0 -1.11893
303 304 0.00255452 0 0 0 0 0 0 0.00255452
304 305 0.0314253 0 -1.06572 0 0 0 0 -1.0343
305 306 0.0596798 0 -1.24302 0 0 0 0 -1.18334
306 307 0.0907993 0 0 0 0 0 0 0.0907993
307 308 0.15902 0 -1.35307 0 0 0 0 -1.19405
308 309 0.00543182 0 -0.955361 0 0 0 0 -0.949929
309 310 0.073335 0 -1.22373 0 0 0 0 -1.15039
310 311 0.332104 0 0 0 0 0 0 0.332104
311 312 0.00154087 0 0 0 0 0 0 0.00154087
312 313 0.100994 0 0 0 0 0 0 0.100994
313 314 0.00131397 0 0 0 0 0 0 0.00131397
314 315 0.0619727 0 -0.905976 0 0 0 0 -0.844003
315 316 0.14521 0 0 0 0 0 0 0.14521
316 317 0.0137513 0 0 0 0 0 0 0.0137513
317 318 2.00217e-06 0 0 0 0 0 0 2.00217e-06
318 319 0.005907 0 -1.0864 0 0 0 0 -1.08049
320 321 5.39129e-05 0 -1.10538 0 0 0 0 -1.10532
321 322 0.139697 0 0 0 0 0 0 0.139697
322 323 1.43346e-05 0 0 0 0 0 0 1.43346e-05
323 324 0.0780016 0 -1.17272 0 0 0 0 -1.09472
324 325 0.0145956 0 -1.28127 0 0 0 0 -1.26668
325 326 0.00187557 0 -1.13646 0 0 0 0 -1.13459
326 327 0.00127184 0 0 0 0 0 0 0.00127184
327 328 0.0440873 0 -1.25934 0 0 0 0 -1.21526
328 329 0.000120952 0 -1.01967 0 0 0 0 -1.01955
329 330 0.186627 0 -1.44679 0 0 0 0 -1.26016
330 331 0.00727774 0 -1.35057 0 0 0 0 -1.34329
331 332 0.000421596 0 0 0 0 0 0 0.000421596
332 333 0.00147868 0 -1.14325 0 0 0 0 -1.14178
333 334 0.0164583 0 -1.01065 0 0 0 0 -0.994194
334 335 0.00918832 0 -1.32174 0 0 0 0 -1.31255
335 336 0.0164067 0 -1.32378 0 0 0 0 -1.30737
336 337 0.152794 0 -1.13826 0 0 0 0 -0.985467
337 338 0.217738 0 0 0 0 0 0 0.217738
338 339 0.00577624 0 -0.749788 0 0 0 0 -0.744011
340 341 0.00027784 0 -0 0 0 0 0 0.00027784
341 342 0.0840759 0 0 0 0 0 0 0.0840759
342 343 0.00345454 0 -1.13507 0 0 0 0 -1.13162
343 344 0.0311377 0 -1.35669 0 0 0 0 -1.32555
344 345 0.0817874 0 0 0 0 0 0 0.0817874
345 346 0.208014 0 -1.23779 0 0 0 0 -1.02978
346 347 0.162307 0 -1.40038 0 0 0 0 -1.23807
347 348 0.180761 0 0 0 0 0 0 0.180761
348 349 0.0630752 0 -1.06178 0 0 0 0 -0.998702
349 350 0.00182881 0 -1.42632 0 0 0 0 -1.42449
350 351 0.0168075 0 -0.765366 0 0 0 0 -0.748558
351 352 0.0286364 0 0 0 0 0 0 0.0286364
352 353 0.00345821 0 -1.20168 0 0 0 0 -1.19822
353 354 0.0927364 0 -0.975059 0 0 0 0 -0.882322
354 355 0.0206702 0 -0 0 0 0 0 0.0206702
355 356 0.202265 0 -0.997596 0 0 0 0 -0.795331
356 357 0.077915 0 0 0 0 0 0 0.077915
357 358 0.217301 0 -0.952842 0 0 0 0 -0.735541
358 359 0.0891755 0 -0.918044 0 0 0 0 -0.828869
360 361 0.0295592 0 -0 0 0 0 0 0.0295592
361 362 0.0107626 0 -1.33643 0 0 0 0 -1.32566
362 363 0.0199556 0 0 0 0 0 0 0.0199556
363 364 0.0580404 0 -1.25903 0 0 0 0 -1.20099
364 365 0.0816418 0 -1.28304 0 0 0 0 -1.2014
365 366 0.0303034 0 -1.2196 0 0 0 0 -1.18929
366 367 0.200974 0 -1.23652 0 0 0 0 -1.03555
367 368 0.0357889 0 -1.12305 0 0 0 0 -1.08726
368 369 0.0642929 0 -1.45168 0 0 0 0 -1.38739
369 370 0.126808 0 0 0 0 0 0 0.126808
370 371 0.013313 0 0 0 0 0 0 0.013313
371 372 0.000349369 0 -1.00096 0 0 0 0 -1.00061
372 373 0.00588565 0 -1.1994 0 0 0 0 -1.19352
371 374 0 0 0 0 0 -5.54746e-09 0 -5.54746e-09
373 374 0.11691 0 0 0 0 0 0 0.11691
374 375 0.00416838 0 -0.665596 0 0 0 0 -0.661428
375 376 0.0785451 0 -0.683983 0 0 0 0 -0.605438
376 377 0.0580407 0 0 0 0 0 0 0.0580407
377 378 0.0262738 0 0 0 0 0 0 0.0262738
378 379 0.045155 0 0 0 0 0 0 0.045155
380 381 0.000777079 0 -1.20049 0 0 0 0 -1.19971
381 382 0.00735517 0 -1.16492 0 0 0 0 -1.15756
382 383 0.0121527 0 0 0 0 0 0 0.0121527
383 384 0.0610009 0 -0.609588 0 0 0 0 -0.548587
384 385 0.0424961 0 -0.995291 0 0 0 0 -0.952794
385 386 0.0133981 0 0 0 0 0 0 0.0133981
386 387 0.0327146 0 0 0 0 0 0 0.0327146
387 388 0.000562739 0 0 0 0 0 0 0.000562739
388 389 0.208642 0 -1.32364 0 0 0 0 -1.115
389 390 0.0300381 0 -0 0 0 0 0 0.0300381
390 391 0.0802437 0 -0 0 0 0 0 0.0802437
391 392 0.0314683 0 0 0 0 0 0 0.0314683
392 393 0.0505782 0 -1.10718 0 0 0 0 -1.0566
393 394 0.00213144 0 0 0 0 0 0 0.00213144
394 395 0.00208745 0 0 0 0 0 0 0.00208745
395 396 0.0361281 0 -0.761272 0 0 0 0 -0.725144
396 397 0.0714217 0 -1.0814 0 0 0 0 -1.00998
397 398 0.228523 0 -1.19421 0 0 0 0 -0.965684
398 399 0.00247175 0 0 0 0 0 0 0.00247175
400 401 0.0232721 0 -1.20242e-05 0 0 0 0 0.0232601
401 402 0.0109906 0 0 0 0 0 0 0.0109906
402 403 0.0052533 0 -1.28111 0 0 0 0 -1.27585
403 404 0.098836 0 -0.118644 0 0 0 0 -0.019808
404 405 0.000346416 0 -1.29911 0 0 0 0 -1.29876
405 406 0.00880285 0 -1.32772 0 0 0 0 -1.31891
406 407 0.0407852 0 -0.795285 0 0 0 0 -0.7545
407 408 0.173843 0 -1.03832 0 0 0 0 -0.864474
408 409 0.128125 0 -1.34414 0 0 0 0 -1.21602
409 410 0.0968898 0 -1.02505 0 0 0 0 -0.92816
410 411 0.0157697 0 -1.16775 0 0 0 0 -1.15198
411 412 0.00234384 0 -1.25827 0 0 0 0 -1.25592
412 413 0.0324872 0 -1.18259 0 0 0 0 -1.15011
413 414 0.087763 0 -1.25612 0 0 0 0 -1.16836
414 415 0.056391 0 -1.1558 0 0 0 0 -1.09941
415 416 0.00754124 0 0 0 0 0 0 0.00754124
416 417 0.000720254 0 -1.12872 0 0 0 0 -1.128
417 418 0.0132915 0 0 0 0 0 0 0.0132915
418 419 0.000671941 0 0 0 0 0 0 0.000671941
420 421 0.0946366 0 -0 0 0 0 0 0.0946366
421 422 0.000568841 0 -0 0 0 0 0 0.000568841
422 423 0.00939579 0 0 0 0 0 0 0.00939579
423 424 0.0149062 0 -1.0183 0 0 0 0 -1.0034
424 425 0.102333 0 -1.10134 0 0 0 0 -0.999011
425 426 0.0179105 0 -1.18431 0 0 0 0 -1.1664
426 427 0.0056863 0 -1.29324 0 0 0 0 -1.28755
427 428 0.00608097 0 -1.09712 0 0 0 0 -1.09104
428 429 0.00480295 0 -1.38506 0 0 0 0 -1.38026
429 430 0.00339523 0 0 0 0 0 0 0.00339523
430 431 0.0329202 0 0 0 0 0 0 0.0329202
431 432 0.00952158 0 0 0 0 0 0 0.00952158
432 433 0.0153311 0 -0 0 0 0 0 0.0153311
433 434 0.000257821 0 0 0 0 0 0 0.000257821
434 435 0.0261425 0 -0.990905 0 0 0 0 -0.964762
435 436 0.0576891 0 -1.26717 0 0 0 0 -1.20948
436 437 0.000533985 0 -1.10674 0 0 0 0 -1.10621
437 438 0.00421753 0.0138842 -1.09492 0 0 0 0 -1.07682
438 439 0.0176591 0 0 0 0 0 0 0.0176591
440 441 0.179825 0 0 0 0 0 0 0.179825
441 442 0.0312135 0 -1.19512 0 0 0 0 -1.16391
442 443 0.035578 0 -1.35362 0 0 0 0 -1.31804
443 444 0.0353706 0 0 0 0 0 0 0.0353706
444 445 0.000121007 0 -0.904545 0 0 0 0 -0.904424
445 446 0.0178206 0 -1.24595 0 0 0 0 -1.22813
443 447 0 0 0 0 0 -0.0116613 -0 -0.0116613
442 447 0 0 0 0 0 -0.0646986 0 -0.0646986
446 447 0.0085179 0 -1.43078 0 0 0 0 -1.42227
443 448 0 0 0 0 -0 -0.175391 0 -0.175391
442 448 0 0 0 0 -0.640612 0 -0 -0.640612
441 448 0 0 0 0 0 -0.15835 0 -0.15835
447 448 0.0860047 0 -1.39326 0 0 0 0 -1.30726
448 449 0.00181677 0 0 0 0 0 0 0.00181677
449 450 0.089449 0 -1.28889 0 0 0 0 -1.19944
450 451 0.0220923 0 -1.22567 0 0 0 0 -1.20358
451 452 0.188452 0 -1.01659 0 0 0 0 -0.828137
452 453 0.0426609 0 0 0 0 0 0 0.0426609
453 454 0.00380498 0 -1.33657 0 0 0 0 -1.33277
454 455 0.192529 0 -1.26279 0 0 0 0 -1.07027
455 456 0.188949 0 0 0 0 0 0 0.188949
456 457 0.00263862 0 -1.21061 0 0 0 0 -1.20797
457 458 0.00308591 0 -1.30185 0 0 0 0 -1.29876
458 459 0.358645 0 0 0 0 0 0 0.358645
460 461 0.0482988 0 -0.914793 0 0 0 0 -0.866494
461 462 0.0852425 0 -1.15508 0 0 0 0 -1.06984
462 463 0.000186636 0 -0.955821 0 0 0 0 -0.955634
463 464 0.0272614 0 0 0 0 0 0 0.0272614
464 465 0.0492174 0 -1.32309 0 0 0 0 -1.27387
465 466 0.0135782 0 -0.793307 0 0 0 0 -0.779728
466 467 0.0031066 0 -1.21071 0 0 0 0 -1.2076
467 468 0.0392084 0 -1.30926 0 0 0 0 -1.27005
468 469 0.0146366 0 0 0 0 0 0 0.0146366
469 470 0.0675715 0 -1.07458 0 0 0 0 -1.007
470 471 0.000190536 0 0 0 0 0 0 0.000190536
471 472 0.0570116 0 -0 0 0 0 0 0.0570116
472 473 0.000453943 0 -1.33594 0 0 0 0 -1.33548
473 474 0.0140643 0 -1.40516 0 0 0 0 -1.3911
474 475 0.0236396 0 -0 0 0 0 0 0.0236396
475 476 0.00943082 0 -1.21991 0 0 0 0 -1.21048
476 477 0.0206933 0 -1.16629 0 0 0 0 -1.1456
477 478 0.0645732 0 0 0 0 0 0 0.0645732
478 479 0.103734 0 -1.18083 0 0 0 0 -1.0771
480 481 0.115236 0 0 0 0 0 0 0.115236
481 482 0.00144444 0 0 0 0 0 0 0.00144444
482 483 0.199649 0 -1.33137 0 0 0 0 -1.13172
483 484 0.0218852 0 -1.33956 0 0 0 0 -1.31768
484 485 0.221171 0 0 0 0 0 0 0.221171
485 486 0.0191256 0 0 0 0 0 0 0.0191256
486 487 0.0104363 0 -1.41622 0 0 0 0 -1.40578
487 488 0.0102002 0 0 0 0 0 0 0.0102002
488 489 0.212993 0 -0.949273 0 0 0 0 -0.73628
489 490 0.0901903 0 -0.734298 0 0 0 0 -0.644108
490 491 0.139147 0 0 0 0 0 0 0.139147
491 492 0.00172508 0 -0.587739 0 0 0 0 -0.586013
492 493 0.00145403 0 -1.30169 0 0 0 0 -1.30024
493 494 0.00521833 0 -1.32075 0 0 0 0 -1.31553
494 495 0.0121683 0 -1.43369 0 0 0 0 -1.42153
495 496 0.0817139 0 -1.27009 0 0 0 0 -1.18838
496 497 0.193493 0 0 0 0 0 0 0.193493
497 498 0.0278272 0 -1.23844 0 0 0 0 -1.21061
498 499 0.146639 0 0 0 0 0 0 0.146639
500 501 0.00975629 0 -1.24819 0 0 0 0 -1.23843
501 502 0.0908396 0 0 0 0 0 0 0.0908396
502 503 0.00166889 0 -0 0 0 0 0 0.00166889
503 504 0.165282 0 0 0 0 0 0 0.165282
504 505 0.0371698 0 0 0 0 0 0 0.0371698
505 506 5.10788e-05 0 0 0 0 0 0 5.10788e-05
506 507 0.00134092 0 -1.32371 0 0 0 0 -1.32237
507 508 0.121708 0 -0.853538 0 0 0 0 -0.73183
508 509 0.0276571 0 0 0 0 0 0 0.0276571
509 510 0.104383 0 0 0 0 0 0 0.104383
510 511 0.158515 0 -0.833268 0 0 0 0 -0.674753
511 512 0.0217244 0 0 0 0 0 0 0.0217244
512 513 0.03587 0 0 0 0 0 0 0.03587
512 514 0 0 0 0.0109023 0 -0 0 0.0109023
513 514 0.173889 0 -1.21538 0 0 0 0 -1.04149
514 515 0.0181704 0 -1.23195 0 0 0 0 -1.21378
515 516 0.0301081 0 -0.508924 0 0 0 0 -0.478816
516 517 0.130274 0 -1.18287 0 0 0 0 -1.0526
517 518 0.0946698 0 -0.89553 0 0 0 0 -0.80086
518 519 0.0106047 0 0 0 0 0 0 0.0106047
520 521 0.000986762 0 -1.30293 0 0 0 0 -1.30194
521 522 0.0358435 0 0 0 0 0 0 0.0358435
522 523 0.059976 0 -1.0979 0 0 0 0 -1.03792
523 524 0.0241304 0 -1.02631 0 0 0 0 -1.00218
524 525 0.108395 0 0 0 0 0 0 0.108395
525 526 0.029446 0 -0 0 0 0 0 0.029446
526 527 0.0105249 0 -1.32435 0 0 0 0 -1.31382
527 528 0.0449531 0 -1.27103 0 0 0 0 -1.22608
528 529 0.000567048 0 -1.3509 0 0 0 0 -1.35034
529 530 0.0208268 0 -1.2652 0 0 0 0 -1.24438
530 531 0.019649 0 -0.34906 0 0 0 0 -0.329411
531 532 0.0684822 0 -0.911825 0 0 0 0 -0.843342
532 533 0.00273275 0 -1.13145 0 0 0 0 -1.12872
533 534 0.0017961 0 -1.03303 0 0 0 0 -1.03123
534 535 0.0378939 0 -1.11455 0 0 0 0 -1.07666
535 536 0.0294783 0 -1.40795 0 0 0 0 -1.37848
536 537 0.0539135 0 -1.19083 0 0 0 0 -1.13692
537 538 0.00895312 0 -1.05835 0 0 0 0 -1.0494
538 539 0.0243046 0 0 0 0 0 0 0.0243046
540 541 0.0517415 0 -1.32708 0 0 0 0 -1.27533
541 542 0.00703637 0 0 0 0 0 0 0.00703637
542 543 0.00119344 0 -0 0 0 0 0 0.00119344
543 544 0.0879498 0 -0.93632 0 0 0 0 -0.848371
544 545 0.522905 0 0 0 0 0 0 0.522905
545 546 0.132236 0 -1.01847 0 0 0 0 -0.88623
546 547 0.19685 0 0 0 0 0 0 0.19685
547 548 0.0238436 0 -0.673353 0 0 0 0 -0.649509
548 549 0.029004 0 -0.995524 0 0 0 0 -0.96652
549 550 0.0281636 0 -1.20587 0 0 0 0 -1.17771
550 551 0.0170543 0 -0 0 0 0 0 0.0170543
551 552 0.0481262 0 -0.569799 0 0 0 0 -0.521673
552 553 0.0902381 0 -1.36023 0 0 0 0 -1.26999
553 554 0.00321028 0 -0.831239 0 0 0 0 -0.828029
554 555 0.00253388 0 -1.35595 0 0 0 0 -1.35342
555 556 0.000635709 0 0 0 0 0 0 0.000635709
556 557 0.00127595 0 -1.14711 0 0 0 0 -1.14583
557 558 0.0262379 0 -1.28939 0 0 0 0 -1.26315
558 559 0.0307374 0 0 0 0 0 0 0.0307374
560 561 0.00221293 0 -1.07832 0 0 0 0 -1.07611
561 562 0.0105222 0 -1.0488 0 0 0 0 -1.03828
562 563 0.105345 0 -1.20084 0 0 0 0 -1.0955
563 564 0.00332148 0 0 0 0 0 0 0.00332148
564 565 0.000174839 0 -1.13592 0 0 0 0 -1.13574
565 566 0.0458793 0 0 0 0 0 0 0.0458793
566 567 0.0244789 0 -1.38813 0 0 0 0 -1.36365
567 568 0.00136004 0 -1.1252 0 0 0 0 -1.12384
568 569 0.026421 0 0 0 0 0 0 0.026421
569 570 0.0168401 0 -1.44139 0 0 0 0 -1.42454
570 571 0.0809177 0 -0 0 0 0 0 0.0809177
571 572 0.39464 0 0 0 0 0 0 0.39464
572 573 0.0243034 0 -0 0 0 0 0 0.0243034
573 574 0.00128449 0 -1.30495 0 0 0 0 -1.30367
574 575 0.0978622 0 -1.36644 0 0 0 0 -1.26858
575 576 0.0107529 0 -1.33529 0 0 0 0 -1.32453
576 577 0.0246361 0 0 0 0 0 0 0.0246361
569 578 0 0 0 0 0 -0 -5.87116e-18 -5.87116e-18
577 578 0.00662604 0 -0.924318 0 0 0 0 -0.917692
578 579 0.0775767 0 0 0 0 0 0 0.0775767
580 581 0.0470167 0 0 0 0 0 0 0.0470167
581 582 0.00660725 0 -1.05953 0 0 0 0 -1.05292
582 583 0.025063 0 -0 0 0 0 0 0.025063
583 584 0.218593 0 0 0 0 0 0 0.218593
584 585 0.00104812 0 0 0 0 0 0 0.00104812
585 586 0.00456419 0 -1.18288 0 0 0 0 -1.17832
586 587 0.0017575 0 -1.03595 0 0 0 0 -1.03419
587 588 0.0317163 0 -1.35002 0 0 0 0 -1.31831
588 589 0.0261877 0 -0.720706 0 0 0 0 -0.694518
589 590 0.000354134 0 -1.14232 0 0 0 0 -1.14197
590 591 0.0429517 0 -1.24803 0 0 0 0 -1.20508
591 592 0.0380408 0 0 0 0 0 0 0.0380408
592 593 0.0248136 0 -1.05247 0 0 0 0 -1.02766
593 594 0.0873554 0 -1.11342 0 0 0 0 -1.02606
594 595 0.040465 0 -0 0 0 0 0 0.040465
595 596 0.0744882 0 0 0 0 0 0 0.0744882
596 597 4.71501e-05 0 -1.32064 0 0 0 0 -1.32059
597 598 0.00592537 0 -0 0 0 0 0 0.00592537
598 599 0.00123444 0 0 0 0 0 0 0.00123444
600 601 0.0161319 0 -1.384 0 0 0 0 -1.36787
601 602 0.00984937 0 -1.24157 0 0 0 0 -1.23172
602 603 0.118219 0 0 0 0 0 0 0.118219
603 604 0.338587 0 -0.955123 0 0 0 0 -0.616536
604 605 0.0519103 0 0 0 0 0 0 0.0519103
605 606 0.000940353 0 -1.21438 0 0 0 0 -1.21343
606 607 0.0110993 0 -1.02619 0 0 0 0 -1.01509
607 608 0.00744164 0 0 0 0 0 0 0.00744164
608 609 0.15203 0 -1.03211 0 0 0 0 -0.880082
609 610 0.0339336 0 0 0 0 0 0 0.0339336
610 611 0.0182043 0 -1.05974 0 0 0 0 -1.04153
611 612 0.0370927 0 0 0 0 0 0 0.0370927
612 613 0.0330173 0 -1.33952 0 0 0 0 -1.30651
613 614 0.00317918 0 0 0 0 0 0 0.00317918
614 615 0.035848 0 0 0 0 0 0 0.035848
615 616 0.0244674 0 -0 0 0 0 0 0.0244674
616 617 0.00728107 0 0 0 0 0 0 0.00728107
617 618 0.000600798 0 0 0 0 0 0 0.000600798
618 619 0.00229216 0 -0 0 0 0 0 0.00229216
620 621 0.108829 0 -0.995658 0 0 0 0 -0.886829
621 622 0.0633637 0 -1.2535 0 0 0 0 -1.19013
622 623 0.00772915 0 0 0 0 0 0 0.00772915
623 624 0.00391501 0 -0.939696 0 0 0 0 -0.935781
624 625 0.0127018 0 -0 0 0 0 0 0.0127018
625 626 0.0190446 0 -1.36744 0 0 0 0 -1.3484
626 627 0.00791749 0 -1.11764 0 0 0 0 -1.10972
627 628 0.0102379 0 0 0 0 0 0 0.0102379
628 629 0.0246019 0 -1.23746 0 0 0 0 -1.21286
629 630 0.102881 0 0 0 0 0 0 0.102881
630 631 0.0832936 0 -1.27035 0 0 0 0 -1.18706
631 632 0.00548971 0 -1.24906 0 0 0 0 -1.24357
632 633 0.0148013 0 -0.917094 0 0 0 0 -0.902292
633 634 0.00295347 0 -1.37988 0 0 0 0 -1.37693
634 635 0.0528387 0 -1.39801 0 0 0 0 -1.34517
635 636 0.114463 0 0 0 0 0 0 0.114463
636 637 6.16754e-06 0 -1.20888 0 0 0 0 -1.20888
637 638 0.0417209 0 0 0 0 0 0 0.0417209
638 639 0.0247338 0 -0 0 0 0 0 0.0247338
640 641 0.0416284 0 0 0 0 0 0 0.0416284
641 642 0.008786 0 0 0 0 0 0 0.008786
642 643 3.63378e-05 0 0 0 0 0 0 3.63378e-05
641 644 0 0 0 0 0 -0 -0.00100193 -0.00100193
643 644 0.106258 0 -0.781336 0 0 0 0 -0.675078
644 645 0.0497701 0 -0.968434 0 0 0 0 -0.918664
645 646 0.0312682 0 -0.892769 0 0 0 0 -0.861501
646 647 0.000733375 0 -1.12996 0 0 0 0 -1.12923
647 648 0.000124871 0 -1.12916 0 0 0 0 -1.12904
648 649 0.00172119 0 -1.26538 0 0 0 0 -1.26365
649 650 0.169276 0 0 0 0 0 0 0.169276
650 651 0.17205 0 0 0 0 0 0 0.17205
651 652 0.00688594 0 0 0 0 0 0 0.00688594
652 653 0.0268509 0 -1.0374 0 0 0 0 -1.01055
653 654 0.00394276 0 -1.14798 0 0 0 0 -1.14404
654 655 0.00431415 0 -0.978014 0 0 0 0 -0.9737
655 656 0.120818 0 0 0 0 0 0 0.120818
656 657 0.218345 0 -1.29685 0 0 0 0 -1.0785
657 658 0.0644769 0 0 0 0 0 0 0.0644769
658 659 0.0434881 0 -0 0 0 0 0 0.0434881
660 661 0.00274188 0 -1.24603 0 0 0 0 -1.24329
661 662 0.0309439 0 0 0 0 0 0 0.0309439
662 663 0.0588731 0 -1.0568 0 0 0 0 -0.997926
663 664 0.13348 0 -1.35891 0 0 0 0 -1.22543
664 665 0.0600445 0 -1.07315 0 0 0 0 -1.01311
665 666 0.000829741 0 -1.20596 0 0 0 0 -1.20514
666 667 0.0134514 0 0 0 0 0 0 0.0134514
667 668 0.189215 0 -0.416463 0 0 0 0 -0.227247
668 669 0.230499 0 0 0 0 0 0 0.230499
669 670 0.0106502 0 0 0 0 0 0 0.0106502
670 671 0.0145545 0 -1.09028 0 0 0 0 -1.07573
671 672 0.00890223 0 0 0 0 0 0 0.00890223
672 673 0.0784179 0 0 0 0 0 0 0.0784179
673 674 0.0368745 0 0 0 0 0 0 0.0368745
674 675 0.213647 0 -1.20316 0 0 0 0 -0.98951
675 676 0.00325089 0 -1.30245 0 0 0 0 -1.2992
676 677 0.00172119 0 0 0 0 0 0 0.00172119
677 678 0.0410448 0 -1.23519 0 0 0 0 -1.19415
678 679 0.00263351 0 -1.27946 0 0 0 0 -1.27683
680 681 0.00538679 0 0 0 0 0 0 0.00538679
681 682 0.0930916 0 0 0 0 0 0 0.0930916
682 683 0.0598181 0 0 0 0 0 0 0.0598181
683 684 0.00420011 0 0 0 0 0 0 0.00420011
684 685 0.136407 0 0 0 0 0 0 0.136407
685 686 0.00825694 0 -1.07132 0 0 0 0 -1.06306
686 687 0.0114915 0 -1.43853 0 0 0 0 -1.42704
687 688 0.141734 0 0 0 0 0 0 0.141734
688 689 0.00168796 0 -1.06869 0 0 0 0 -1.067
689 690 0.0645582 0 -1.25143 0 0 0 0 -1.18687
690 691 0.0119615 0 0 0 0 0 0 0.0119615
691 692 0.0549883 0 -0 0 0 0 0 0.0549883
692 693 0.00882088 0 0 0 0 0 0 0.00882088
693 694 0.128125 0 -1.19023 0 0 0 0 -1.0621
694 695 0.00155009 0 -1.27521 0 0 0 0 -1.27366
695 696 0.116797 0 -1.41526 0 0 0 0 -1.29846
696 697 0.0074659 0 0 0 0 0 0 0.0074659
697 698 0.0933313 0 -1.27895 0 0 0 0 -1.18562
698 699 0.000141031 0 0 0 0 0 0 0.000141031
700 701 0.00606198 0 -1.41419 0 0 0 0 -1.40813
701 702 0.244846 0 0 0 0 0 0 0.244846
702 703 0.0158207 0 -1.21635 0 0 0 0 -1.20052
703 704 0.0704976 0 -0.805365 0 0 0 0 -0.734867
704 705 0.00103047 0 -0 0 0 0 0 0.00103047
705 706 0.000111031 0 0 0 0 0 0 0.000111031
706 707 0.0257155 0 -1.07977 0 0 0 0 -1.05405
707 708 0.0153476 0 -1.31918 0 0 0 0 -1.30384
708 709 0.0280632 0 0 0 0 0 0 0.0280632
709 710 0.014615 0 -1.113 0 0 0 0 -1.09839
710 711 0.0204399 0 -1.25224 0 0 0 0 -1.2318
711 712 0.0143424 0 0 0 0 0 0 0.0143424
712 713 0.00554907 0 -1.14746 0 0 0 0 -1.14191
713 714 0.402692 0 -0 0 0 0 0 0.402692
714 715 0.0634693 0 -1.4001 0 0 0 0 -1.33663
715 716 0.0329066 0 0 0 0 0 0 0.0329066
716 717 0.0305823 0 0 0 0 0 0 0.0305823
717 718 0.031894 0 0 0 0 0 0 0.031894
718 719 0.0154549 0 0 0 0 0 0 0.0154549
720 721 0.000415653 0 0 0 0 0 0 0.000415653
721 722 0.0174242 0 -1.1608 0 0 0 0 -1.14338
722 723 0.00399599 0 -0.760818 0 0 0 0 -0.756822
723 724 0.0102256 0 0 0 0 0 0 0.0102256
724 725 0.00038429 0 -1.34394 0 0 0 0 -1.34356
725 726 0.0310626 0 -1.28643 0 0 0 0 -1.25537
726 727 0.000789632 0 0 0 0 0 0 0.000789632
727 728 0.0028647 0 0 0 0 0 0 0.0028647
728 729 0.00817553 0 -1.31161 0 0 0 0 -1.30344
729 730 0.0301873 0 -1.04776 0 0 0 0 -1.01757
730 731 0.148555 0 -1.22058 0 0 0 0 -1.07202
731 732 0.0322393 0 0 0 0 0 0 0.0322393
732 733 0.000737892 0 -1.20062 0 0 0 0 -1.19988
733 734 0.00125407 0 -1.41736 0 0 0 0 -1.4161
730 735 0 0 0 0 0 -0.146607 0 -0.146607
734 735 0.191738 0 -1.22458 0 0 0 0 -1.03284
731 736 0 0 0 0 -0 -0.182625 0 -0.182625
730 736 0 0 0 0 -0.885432 0 -0 -0.885432
729 736 0 0 0 0 0 -0.13782 -0 -0.13782
735 736 0.000176438 0 -1.45538 0 0 0 0 -1.45521
730 737 0 0 0 0 0 -0.0821431 0 -0.0821431
729 737 0 0 0 0 -0.702082 0 -0 -0.702082
728 737 0 0 0 0 -0 -0.193975 0 -0.193975
736 737 0.343847 0 -1.12587 0 0 0 0 -0.782026
729 738 0 0 0 0 0 -0.176049 0 -0.176049
737 738 0.059651 0 -1.34484 0 0 0 0 -1.28519
728 739 0 0 0 0 -0 -0.0841352 0 -0.0841352
738 739 0.0456558 0 -1.40602 0 0 0 0 -1.36037
740 741 0.373569 0 0 0 0 0 0 0.373569
741 742 0.00269875 0 -1.22349 0 0 0 0 -1.22079
742 743 0.00479639 0 0 0 0 0 0 0.00479639
743 744 0.0823398 0 0 0 0 0 0 0.0823398
744 745 0.0105912 0 0 0 0 0 0 0.0105912
745 746 0.0479337 0 -1.32252 0 0 0 0 -1.27459
746 747 0.00951502 0 0 0 0 0 0 0.00951502
747 748 0.0995861 0 0 0 0 0 0 0.0995861
748 749 0.00882972 0 -0.973675 0 0 0 0 -0.964846
749 750 0.033373 0 0 0 0 0 0 0.033373
750 751 0.0292272 0 0 0 0 0 0 0.0292272
751 752 0.00281586 0 0 0 0 0 0 0.00281586
752 753 0.000587615 0 -1.42923 0 0 0 0 -1.42865
753 754 0.0415748 0 0 0 0 0 0 0.0415748
754 755 0.0168238 0 -1.31759 0 0 0 0 -1.30077
755 756 0.0431453 0 0 0 0 0 0 0.0431453
756 757 0.00291513 0 0 0 0 0 0 0.00291513
757 758 0.127494 0 -1.33483 0 0 0 0 -1.20733
758 759 0.000168473 0 -0.981576 0 0 0 0 -0.981407
760 761 0.0425302 0 -1.05403 0 0 0 0 -1.0115
761 762 0.000360056 0 0 0 0 0 0 0.000360056
762 763 0.0716403 0 0 0 0 0 0 0.0716403
763 764 0.0254475 0 0 0 0 0 0 0.0254475
764 765 0.125154 0 -1.36646 0 0 0 0 -1.2413
765 766 0.0141923 0 0 0 0 0 0 0.0141923
766 767 0.0248797 0 -1.07801 0 0 0 0 -1.05313
767 768 1.57439e-07 0 -0.890326 0 0 0 0 -0.890325
768 769 0.00423048 0 -0.493993 0 0 0 0 -0.489762
769 770 0.091017 0 -1.21043 0 0 0 0 -1.11941
770 771 0.0387702 0 -1.29312 0 0 0 0 -1.25435
771 772 0.0753152 0 0 0 0 0 0 0.0753152
772 773 0.0213943 0 0 0 0 0 0 0.0213943
772 774 0 0 0 0 0 0 -0.479767 -0.479767
773 774 0.0872049 0 0 0 0 0 0 0.0872049
774 775 0.000140059 0 -0.738955 0 0 0 0 -0.738815
775 776 0.0189963 0 0 0 0 0 0 0.0189963
776 777 0.0496152 0 0 0 0 0 0 0.0496152
777 778 0.0256482 0 0 0 0 0 0 0.0256482
778 779 0.290018 0 -1.29909 0 0 0 0 -1.00907
780 781 0.053171 0 0 0 0 0 0 0.053171
781 782 0.00812288 0 -0.694781 0 0 0 0 -0.686658
782 783 4.26358e-05 0 0 0 0 0 0 4.26358e-05
783 784 0.0789296 0 0 0 0 0 0 0.0789296
784 785 0.221735 0 0 0 0 0 0 0.221735
785 786 0.141269 0 0 0 0 0 0 0.141269
786 787 0.0685335 0 -0.155426 0 0 0 0 -0.0868924
787 788 0.0188356 0 -1.0197 0 0 0 0 -1.00086
788 789 0.0592598 0 -1.10233 0 0 0 0 -1.04307
789 790 0.0172692 0 -1.41869 0 0 0 0 -1.40142
790 791 0.0127688 0 0 0 0 0 0 0.0127688
791 792 7.38689e-05 0 -1.1174 0 0 0 0 -1.11733
792 793 0.0170925 0 -1.26862 0 0 0 0 -1.25153
793 794 0.00256498 0 0 0 0 0 0 0.00256498
794 795 0.0400198 0 -1.22228 0 0 0 0 -1.18226
795 796 0.0364734 0 0 0 0 0 0 0.0364734
796 797 0.0149727 0 -1.25513 0 0 0 0 -1.24016
797 798 0.0716012 0 -0.710085 0 0 0 0 -0.638484
798 799 0.0156251 0 0 0 0 0 0 0.0156251
#Total energy per particle is  -0.588969 and should be -0.58896910
