           0   0.000000
       10000  -2.224370
       20000  -1.540708
       30000  -4.699961
       40000  -1.950789
       50000   0.000000
       60000  -2.457187
       70000  -0.000386
       80000  -0.973140
       90000  -0.662690
      100000  -1.431812
      110000  -0.178812
      120000  -1.732985
      130000  -0.003276
      140000  -0.017110
      150000   0.000000
      160000  -0.501143
      170000  -7.005395
      180000  -3.720292
      190000  -2.094671
      200000  -1.280525
