#id1 id2 FENE BEXC STCK NEXC HB CRSTCK CXSTCK total, t = 200000
0 1 0.0361542 0 -1.0803 0 0 0 0 -1.04414
1 2 0.00196529 0 -0.818808 0 0 0 0 -0.816842
2 3 0.0229458 0 -1.14561 0 0 0 0 -1.12266
3 4 0.0452425 0 -0.901333 0 0 0 0 -0.856091
4 5 0.0012117 0 0 0 0 0 0 0.0012117
5 6 0.0730596 0 -0 0 0 0 0 0.0730596
6 7 0.00677705 0 0 0 0 0 0 0.00677705
7 8 0.0181887 0 0 0 0 0 0 0.0181887
8 9 0.0417012 0 -1.23883 0 0 0 0 -1.19713
9 10 0.0198883 0 -1.27391 0 0 0 0 -1.25403
10 11 0.00618031 0 -1.23956 0 0 0 0 -1.23338
11 12 0.00387352 0 0 0 0 0 0 0.00387352
12 13 0.0415873 0 0 0 0 0 0 0.0415873
13 14 0.00833264 0 -1.3601 0 0 0 0 -1.35177
14 15 0.106364 0 -1.24233 0 0 0 0 -1.13597
15 16 0.0121051 0 0 0 0 0 0 0.0121051
16 17 0.105598 0 0 0 0 0 0 0.105598
17 18 0.0449526 0 -0.671509 0 0 0 0 -0.626557
18 19 0.275474 0 -1.20708 0 0 0 0 -0.931601
20 21 8.42981e-06 0 0 0 0 0 0 8.42981e-06
21 22 0.0491799 0 0 0 0 0 0 0.0491799
22 23 0.0404254 0 -0 0 0 0 0 0.0404254
23 24 0.0193048 0 -0 0 0 0 0 0.0193048
24 25 0.000951476 0 -1.22008 0 0 0 0 -1.21913
25 26 0.059741 0 0 0 0 0 0 0.059741
26 27 0.0603445 0 -1.12296 0 0 0 0 -1.06262
27 28 0.0122696 0 0 0 0 0 0 0.0122696
28 29 0.00109764 0 -1.30015 0 0 0 0 -1.29905
29 30 0.0123064 0 0 0 0 0 0 0.0123064
30 31 0.00842424 0 0 0 0 0 0 0.00842424
31 32 0.0478426 0 0 0 0 0 0 0.0478426
32 33 0.175447 0 -0.40737 0 0 0 0 -0.231923
33 34 0.0194833 0 -1.19238 0 0 0 0 -1.1729
34 35 9.07459e-05 0 0 0 0 0 0 9.07459e-05
35 36 0.0178238 0 -0.813435 0 0 0 0 -0.795611
36 37 8.36032e-06 0 0 0 0 0 0 8.36032e-06
37 38 0.10325 0 0 0 0 0 0 0.10325
38 39 0.019489 0 -0 0 0 0 0 0.019489
40 41 0.201464 0 0 0 0 0 0 0.201464
41 42 0.00167545 0 0 0 0 0 0 0.00167545
42 43 3.21017e-05 0 -1.01109 0 0 0 0 -1.01105
43 44 0.151209 0 -1.41392 0 0 0 0 -1.26271
44 45 0.0129632 0 -1.42854 0 0 0 0 -1.41558
45 46 0.0321194 0 0 0 0 0 0 0.0321194
46 47 0.00942298 0 -0 0 0 0 0 0.00942298
47 48 0.133104 0 -1.11848 0 0 0 0 -0.985372
48 49 0.000240247 0 -1.2295 0 0 0 0 -1.22926
49 50 0.107774 0 -1.20213 0 0 0 0 -1.09436
50 51 0.00109011 0 -1.01457 0 0 0 0 -1.01348
51 52 0.230908 0 0 0 0 0 0 0.230908
52 53 0.0195963 0 -1.17167 0 0 0 0 -1.15207
53 54 0.0699973 0 -1.12619 0 0 0 0 -1.0562
54 55 0.0302526 0 -1.3653 0 0 0 0 -1.33505
55 56 0.040474 0 -1.16126 0 0 0 0 -1.12078
56 57 0.236359 0 -1.28111 0 0 0 0 -1.04475
57 58 0.00127098 0 -1.0514 0 0 0 0 -1.05013
58 59 0.249219 0 -0.879076 0 0 0 0 -0.629857
60 61 0.0226337 0 -1.03827 0 0 0 0 -1.01563
61 62 2.41785e-05 0 -0 0 0 0 0 2.41785e-05
62 63 0.172647 0 0 0 0 0 0 0.172647
63 64 0.0104995 0 -1.31151 0 0 0 0 -1.30101
62 65 0 0 0 0.283726 0 0 0 0.283726
64 65 0.108027 0 0 0 0 0 0 0.108027
65 66 0.0430583 0 -1.38409 0 0 0 0 -1.34103
66 67 0.00463179 0 -1.40002 0 0 0 0 -1.39539
67 68 0.16137 0 0 0 0 0 0 0.16137
68 69 0.00649817 0 0 0 0 0 0 0.00649817
69 70 0.0108138 0 -1.28946 0 0 0 0 -1.27864
70 71 0.00103115 0 -1.28969 0 0 0 0 -1.28866
71 72 0.0335955 0 -1.0758 0 0 0 0 -1.0422
72 73 0.00234089 0 -1.20134 0 0 0 0 -1.199
73 74 0.000497431 0 -1.36152 0 0 0 0 -1.36102
74 75 0.0121309 0 -0.920676 0 0 0 0 -0.908545
75 76 0.0595444 0 -0.956104 0 0 0 0 -0.89656
76 77 0.0165837 0 -1.12185 0 0 0 0 -1.10527
77 78 0.0295519 0 -0.696302 0 0 0 0 -0.66675
78 79 0.0446313 0 0 0 0 0 0 0.0446313
80 81 0.278156 0 -0 0 0 0 0 0.278156
81 82 0.00510239 0 0 0 0 0 0 0.00510239
82 83 0.0379965 0 -1.17246 0 0 0 0 -1.13447
83 84 0.102336 0 0 0 0 0 0 0.102336
84 85 0.00289626 0 0 0 0 0 0 0.00289626
85 86 0.000139336 0 -1.09286 0 0 0 0 -1.09272
86 87 0.00246353 0 0 0 0 0 0 0.00246353
87 88 0.018909 0 -1.26403 0 0 0 0 -1.24512
88 89 0.0961795 0 -1.04104 0 0 0 0 -0.944861
89 90 0.00525712 0 0 0 0 0 0 0.00525712
90 91 0.00366447 0 -1.18572 0 0 0 0 -1.18206
91 92 0.136143 0 -1.25251 0 0 0 0 -1.11636
92 93 0.000250931 0 -1.40489 0 0 0 0 -1.40464
93 94 0.0818244 0 -1.10824 0 0 0 0 -1.02642
94 95 0.0316425 0 0 0 0 0 0 0.0316425
95 96 0.00419847 0 -1.28172 0 0 0 0 -1.27752
96 97 0.043825 0 -1.00859 0 0 0 0 -0.964764
97 98 0.0172 0 -1.11266 0 0 0 0 -1.09546
98 99 0.0225074 0 -1.1544 0 0 0 0 -1.1319
100 101 0.00598453 0 0 0 0 0 0 0.00598453
101 102 0.0403209 0 0 0 0 0 0 0.0403209
102 103 0.0551792 0 0 0 0 0 0 0.0551792
103 104 0.256716 0 -1.28491 0 0 0 0 -1.02819
101 105 0 0 0 0 0 -0.0721019 0 -0.0721019
104 105 0.0686755 0 -1.21334 0 0 0 0 -1.14466
105 106 0.127458 0 0 0 0 0 0 0.127458
106 107 0.0515409 0 0 0 0 0 0 0.0515409
107 108 0.137775 0 0 0 0 0 0 0.137775
108 109 0.126505 0 0 0 0 0 0 0.126505
109 110 0.00125611 0 -1.19052 0 0 0 0 -1.18927
110 111 0.124341 0 -1.19591 0 0 0 0 -1.07157
111 112 0.0748174 0 -1.45614 0 0 0 0 -1.38132
112 113 0.00148565 0 -1.29292 0 0 0 0 -1.29144
113 114 0.0770497 0 0 0 0 0 0 0.0770497
114 115 0.00200723 0 -0 0 0 0 0 0.00200723
115 116 0.0121065 0 -1.24219 0 0 0 0 -1.23009
114 117 0 0 0 0 -0 -0.0026755 0 -0.0026755
116 117 0.017091 0 -1.06273 0 0 0 0 -1.04564
117 118 0.0873991 0 -1.1852 0 0 0 0 -1.0978
118 119 0.491857 0 0 0 0 0 0 0.491857
120 121 0.14602 0 0 0 0 0 0 0.14602
121 122 0.45033 0 0 0 0 0 0 0.45033
122 123 2.97489e-05 0 -0 0 0 0 0 2.97489e-05
123 124 0.00521691 0 0 0 0 0 0 0.00521691
124 125 1.26207e-06 0 -0.881764 0 0 0 0 -0.881763
125 126 0.325919 0 0 0 0 0 0 0.325919
126 127 0.0170217 0 -1.12415 0 0 0 0 -1.10713
127 128 0.0578812 0 0 0 0 0 0 0.0578812
128 129 0.0264067 0 -0.957581 0 0 0 0 -0.931174
129 130 0.141919 0 -1.12452 0 0 0 0 -0.982598
130 131 0.000470563 0 0 0 0 0 0 0.000470563
131 132 0.029273 0 -0.956739 0 0 0 0 -0.927466
132 133 0.012139 0 -1.42067 0 0 0 0 -1.40853
133 134 0.0165929 0 -1.08629 0 0 0 0 -1.06969
134 135 0.00309858 0 -1.44117 0 0 0 0 -1.43807
135 136 0.0129783 0 -1.12625 0 0 0 0 -1.11328
136 137 0.0328114 0 0 0 0 0 0 0.0328114
137 138 0.00156845 0 -1.39108 0 0 0 0 -1.38951
138 139 0.000245064 0 0 0 0 0 0 0.000245064
140 141 0.0868014 0 0 0 0 0 0 0.0868014
141 142 0.0160494 0 -0.865556 0 0 0 0 -0.849506
142 143 0.024146 0 -0.949564 0 0 0 0 -0.925418
143 144 0.157252 0 -1.44996 0 0 0 0 -1.2927
144 145 0.0650625 0 -1.3328 0 0 0 0 -1.26773
145 146 0.000650378 0 0 0 0 0 0 0.000650378
146 147 0.0474425 0 -1.18193 0 0 0 0 -1.13449
147 148 0.0640917 0 0 0 0 0 0 0.0640917
148 149 0.105981 0 -1.33147 0 0 0 0 -1.22549
149 150 0.0749342 0 -0.80197 0 0 0 0 -0.727036
150 151 3.9562e-06 0 -0.793689 0 0 0 0 -0.793685
151 152 0.0468813 0 0 0 0 0 0 0.0468813
152 153 0.164985 0 -1.20496 0 0 0 0 -1.03997
153 154 0.0201363 0 -1.19747 0 0 0 0 -1.17733
154 155 0.00158512 0 0 0 0 0 0 0.00158512
155 156 0.00457887 0 0 0 0 0 0 0.00457887
156 157 0.0363244 0 -1.214 0 0 0 0 -1.17768
157 158 0.0470103 0 -0.885038 0 0 0 0 -0.838028
158 159 0.00435327 0 0 0 0 0 0 0.00435327
160 161 0.0430118 0 -0 0 0 0 0 0.0430118
161 162 0.000891007 0 -1.21286 0 0 0 0 -1.21197
160 163 0 0 0 0 -0 -0.00102499 -0 -0.00102499
162 163 0.0569122 0 -1.17992 0 0 0 0 -1.12301
163 164 0.00209079 0 -0.702602 0 0 0 0 -0.700511
164 165 0.0076951 0 -1.20415 0 0 0 0 -1.19645
165 166 0.0172533 0 0 0 0 0 0 0.0172533
166 167 0.0393281 0 -0 0 0 0 0 0.0393281
167 168 0.105138 0 0 0 0 0 0 0.105138
168 169 0.161542 0 -1.30416 0 0 0 0 -1.14262
169 170 0.0459054 0 0 0 0 0 0 0.0459054
170 171 0.0619659 0 -1.28091e-06 0 0 0 0 0.0619646
171 172 0.334675 0 -1.39278 0 0 0 0 -1.05811
172 173 0.116469 0 -1.39871 0 0 0 0 -1.28224
173 174 0.0772585 0 0 0 0 0 0 0.0772585
174 175 0.0962604 0 0 0 0 0 0 0.0962604
175 176 0.0134228 0 -1.0342 0 0 0 0 -1.02078
176 177 0.0338421 0 -1.16983 0 0 0 0 -1.13599
177 178 0.0161519 0 0 0 0 0 0 0.0161519
178 179 0.0160699 0 -1.40876 0 0 0 0 -1.39269
180 181 0.102554 0 -1.12547 0 0 0 0 -1.02291
181 182 0.0189834 0 0 0 0 0 0 0.0189834
182 183 0.0154566 0 -1.16348 0 0 0 0 -1.14802
183 184 0.18455 0 0 0 0 0 0 0.18455
184 185 0.231354 0 -1.29686 0 0 0 0 -1.06551
185 186 0.170326 0 -1.20258 0 0 0 0 -1.03225
186 187 0.00103602 0 0 0 0 0 0 0.00103602
187 188 0.0694581 0 0 0 0 0 0 0.0694581
188 189 0.0593301 0 -0.835822 0 0 0 0 -0.776492
189 190 0.049653 0 0 0 0 0 0 0.049653
190 191 0.0393088 0 0 0 0 0 0 0.0393088
191 192 0.0140453 0 -1.34526 0 0 0 0 -1.33122
192 193 0.0451703 0 0 0 0 0 0 0.0451703
193 194 0.14149 0 -0 0 0 0 0 0.14149
194 195 0.0759173 0 -1.36875 0 0 0 0 -1.29283
195 196 0.0461829 0 -0.912553 0 0 0 0 -0.86637
196 197 0.00995922 0 -1.14685 0 0 0 0 -1.1369
197 198 0.0102293 0 0 0 0 0 0 0.0102293
198 199 0.151262 0 0 0 0 0 0 0.151262
200 201 0.0570216 0 -0.00112754 0 0 0 0 0.055894
201 202 0.00139909 0 0 0 0 0 0 0.00139909
202 203 0.0104891 0 -1.30028 0 0 0 0 -1.28979
201 204 0 0 0 0.0757312 0 0 0 0.0757312
203 204 0.00769862 0 -0 0 0 0 0 0.00769862
204 205 0.0270517 0 0 0 0 0 0 0.0270517
205 206 0.169392 0 -1.08746 0 0 0 0 -0.918068
206 207 0.226622 0 -1.13479 0 0 0 0 -0.908167
207 208 0.00345925 0 -1.31364 0 0 0 0 -1.31018
208 209 5.7571e-05 0 -1.24814 0 0 0 0 -1.24808
209 210 0.0134884 0 0 0 0 0 0 0.0134884
210 211 0.0556464 0 0 0 0 0 0 0.0556464
211 212 0.00225754 0 -1.08785 0 0 0 0 -1.08559
212 213 0.000971437 0 -0 0 0 0 0 0.000971437
213 214 0.136784 0 0 0 0 0 0 0.136784
214 215 8.26565e-06 0 0 0 0 0 0 8.26565e-06
215 216 0.00973719 0 -0.84194 0 0 0 0 -0.832203
216 217 0.00414009 0 -6.53126e-05 0 0 0 0 0.00407478
217 218 0.0702356 0 -1.04868 0 0 0 0 -0.978444
218 219 0.0349777 0 -1.07425 0 0 0 0 -1.03927
220 221 0.540582 0 0 0 0 0 0 0.540582
221 222 0.0177239 0 -1.08202 0 0 0 0 -1.06429
222 223 0.0038254 0 -1.38057 0 0 0 0 -1.37675
223 224 0.0849012 0 -1.27505 0 0 0 0 -1.19015
224 225 0.0595229 0 0 0 0 0 0 0.0595229
225 226 0.0553716 0 -0.999816 0 0 0 0 -0.944445
226 227 0.0641278 0 -0.729898 0 0 0 0 -0.66577
227 228 0.0740957 0 -1.42802 0 0 0 0 -1.35392
228 229 0.0373342 0 0 0 0 0 0 0.0373342
229 230 0.0651259 0 -1.28897 0 0 0 0 -1.22385
230 231 0.0178737 0 -1.12346 0 0 0 0 -1.10559
231 232 0.0357375 0 -1.3636 0 0 0 0 -1.32787
232 233 0.00303642 0 -1.31231 0 0 0 0 -1.30927
233 234 0.117734 0 0 0 0 0 0 0.117734
234 235 0.0877593 0 0 0 0 0 0 0.0877593
235 236 0.11835 0 0 0 0 0 0 0.11835
236 237 0.00377706 0 0 0 0 0 0 0.00377706
237 238 0.170081 0 -0.932181 0 0 0 0 -0.7621
238 239 0.00508709 0 -0.995585 0 0 0 0 -0.990498
240 241 0.0170406 0 -0.881691 0 0 0 0 -0.86465
241 242 0.138081 0 0 0 0 0 0 0.138081
242 243 0.000523744 0 -1.12237 0 0 0 0 -1.12185
243 244 0.0638644 0 0 0 0 0 0 0.0638644
244 245 0.00231834 0 0 0 0 0 0 0.00231834
245 246 0.00107886 0 -0 0 0 0 0 0.00107886
246 247 0.0387133 0 0 0 0 0 0 0.0387133
247 248 0.130752 0 -1.04526 0 0 0 0 -0.914511
248 249 0.00125778 0 -0 0 0 0 0 0.00125778
249 250 0.00234098 0 -1.20983 0 0 0 0 -1.20749
248 251 0 0 0 0 0 -0 -2.02229e-17 -2.02229e-17
250 251 0.187678 0 -1.37373 0 0 0 0 -1.18605
251 252 0.0592754 0 0 0 0 0 0 0.0592754
252 253 0.116862 0 -0.0724872 0 0 0 0 0.0443751
253 254 0.0305866 0 -1.36415 0 0 0 0 -1.33357
254 255 0.126941 0 -0.922196 0 0 0 0 -0.795255
255 256 0.0181932 0 0 0 0 0 0 0.0181932
256 257 0.314366 0 -1.21686 0 0 0 0 -0.902492
254 258 0 0 0 0 0 -0.010472 0 -0.010472
257 258 0.0196356 0 -0.782844 0 0 0 0 -0.763209
258 259 0.0040487 0 0 0 0 0 0 0.0040487
260 261 0.132639 0 0 0 0 0 0 0.132639
261 262 0.245947 0 0 0 0 0 0 0.245947
262 263 0.179771 0 0 0 0 0 0 0.179771
263 264 0.0137012 0 -1.41616 0 0 0 0 -1.40246
264 265 0.00378142 0 -1.18709 0 0 0 0 -1.18331
265 266 0.00217361 0 -1.27503 0 0 0 0 -1.27286
266 267 0.0668912 0 -0.761266 0 0 0 0 -0.694374
267 268 0.00555735 0 -0.796821 0 0 0 0 -0.791263
268 269 0.00862377 0 -1.21338 0 0 0 0 -1.20476
269 270 0.00593727 0 0 0 0 0 0 0.00593727
270 271 0.0634394 0 -0 0 0 0 0 0.0634394
271 272 0.0834124 0 -1.10835 0 0 0 0 -1.02493
272 273 0.041673 0 -1.05286 0 0 0 0 -1.01118
273 274 0.00113767 0 0 0 0 0 0 0.00113767
274 275 0.0611687 0 -0.955181 0 0 0 0 -0.894012
275 276 0.0289105 0 0 0 0 0 0 0.0289105
276 277 0.0284443 0 -0.939002 0 0 0 0 -0.910558
277 278 0.00935234 0 -1.42237 0 0 0 0 -1.41302
278 279 0.00926395 0 -0 0 0 0 0 0.00926395
280 281 0.030792 0 -1.17751 0 0 0 0 -1.14672
281 282 0.0373815 0 -1.06203 0 0 0 0 -1.02465
282 283 0.0682468 0 -0 0 0 0 0 0.0682468
283 284 0.0376959 0 -1.12368 0 0 0 0 -1.08598
284 285 6.68259e-05 0 -1.05382 0 0 0 0 -1.05375
285 286 2.43696e-05 0 -1.07922 0 0 0 0 -1.07919
286 287 0.000210019 0 0 0 0 0 0 0.000210019
287 288 0.0584108 0 -0.738233 0 0 0 0 -0.679822
288 289 0.00203961 0 0 0 0 0 0 0.00203961
289 290 0.0495738 0 0 0 0 0 0 0.0495738
290 291 0.198802 0 0 0 0 0 0 0.198802
291 292 0.0754849 0 0 0 0 0 0 0.0754849
292 293 0.0592688 0 0 0 0 0 0 0.0592688
293 294 0.0446514 0 -0.356311 0 0 0 0 -0.31166
294 295 0.141418 0 -1.2312 0 0 0 0 -1.08979
295 296 0.0492877 0 -0.411606 0 0 0 0 -0.362318
296 297 0.00316589 0 0 0 0 0 0 0.00316589
297 298 2.97109e-06 0 0 0 0 0 0 2.97109e-06
298 299 0.000134223 0 -0 0 0 0 0 0.000134223
300 301 0.0643523 0 -1.02777 0 0 0 0 -0.963413
301 302 0.214324 0 -1.38504 0 0 0 0 -1.17072
302 303 0.00116547 0 -1.41133 0 0 0 0 -1.41016
303 304 0.0281663 0 0 0 0 0 0 0.0281663
304 305 0.138498 0 -0 0 0 0 0 0.138498
305 306 0.0611379 0 0 0 0 0 0 0.0611379
306 307 0.000882946 0 -1.3961 0 0 0 0 -1.39522
307 308 0.0306415 0 -1.11545 0 0 0 0 -1.0848
308 309 0.0785679 0 -1.13642 0 0 0 0 -1.05785
309 310 0.0933994 0 0 0 0 0 0 0.0933994
310 311 0.0208858 0 -1.32066 0 0 0 0 -1.29977
311 312 0.0796872 0 -1.05414 0 0 0 0 -0.974457
312 313 0.0020222 0 -1.14518 0 0 0 0 -1.14315
313 314 0.0316311 0 0 0 0 0 0 0.0316311
314 315 0.0188552 0 -1.42227 0 0 0 0 -1.40341
315 316 0.036337 0 -1.36794 0 0 0 0 -1.3316
316 317 0.00158811 0 -0.925441 0 0 0 0 -0.923853
317 318 0.0722122 0 0 0 0 0 0 0.0722122
318 319 0.0442234 0 0 0 0 0 0 0.0442234
320 321 0.0308018 0 0 0 0 0 0 0.0308018
321 322 0.0133009 0 0 0 0 0 0 0.0133009
322 323 0.0209251 0 -1.42724 0 0 0 0 -1.40631
323 324 0.00603325 0 -1.29534 0 0 0 0 -1.28931
324 325 0.00131825 0 -0.984151 0 0 0 0 -0.982832
325 326 0.00212463 0 -1.38339 0 0 0 0 -1.38127
326 327 0.128691 0 0 0 0 0 0 0.128691
327 328 0.0237804 0 -1.38964 0 0 0 0 -1.36586
328 329 0.0217343 0 -1.12702 0 0 0 0 -1.10529
329 330 2.98992e-05 0 -0 0 0 0 0 2.98992e-05
330 331 0.0012204 0 0 0 0 0 0 0.0012204
331 332 0.0618399 0 -1.2912 0 0 0 0 -1.22936
332 333 0.0851356 0 -1.22437 0 0 0 0 -1.13923
333 334 0.0027351 0 0 0 0 0 0 0.0027351
334 335 0.126733 0 -1.33559 0 0 0 0 -1.20885
335 336 0.0149822 0 -1.1529 0 0 0 0 -1.13791
336 337 0.128402 0 0 0 0 0 0 0.128402
337 338 0.115071 0 -1.31574 0 0 0 0 -1.20067
338 339 0.0142488 0 -1.22944 0 0 0 0 -1.21519
340 341 0.000128465 0 -1.13721 0 0 0 0 -1.13708
341 342 0.000301353 0 0 0 0 0 0 0.000301353
342 343 0.0239353 0 -1.20243 0 0 0 0 -1.17849
343 344 0.213194 0 -1.17276 0 0 0 0 -0.959568
344 345 0.0442532 0 0 0 0 0 0 0.0442532
345 346 0.0448323 0 -0.986598 0 0 0 0 -0.941765
346 347 0.023875 0 -1.13416 0 0 0 0 -1.11029
347 348 0.0170593 0 -0.836899 0 0 0 0 -0.81984
348 349 0.00766208 0 -1.07473 0 0 0 0 -1.06707
349 350 0.00166802 0 -1.31521 0 0 0 0 -1.31354
350 351 0.000843863 0 -1.1664 0 0 0 0 -1.16556
351 352 0.0424469 0 -1.18776 0 0 0 0 -1.14532
352 353 0.188716 0 -1.20331 0 0 0 0 -1.0146
353 354 0.244388 0 -1.01694 0 0 0 0 -0.772556
354 355 0.0190012 0 0 0 0 0 0 0.0190012
355 356 0.0519774 0 0 0 0 0 0 0.0519774
356 357 0.0230279 0 -1.21981 0 0 0 0 -1.19679
357 358 0.0106795 0 -1.34713 0 0 0 0 -1.33645
358 359 0.0291481 0 -1.21496 0 0 0 0 -1.18581
360 361 0.000816115 0 -1.30542 0 0 0 0 -1.3046
361 362 0.0182205 0 0 0 0 0 0 0.0182205
362 363 0.00148924 0 -1.02415 0 0 0 0 -1.02266
363 364 0.000523264 0 0 0 0 0 0 0.000523264
364 365 0.00699976 0 -1.04437 0 0 0 0 -1.03737
365 366 0.00426634 0 -1.34619 0 0 0 0 -1.34192
366 367 0.0144235 0 -1.01156 0 0 0 0 -0.997137
367 368 0.0445056 0 0 0 0 0 0 0.0445056
368 369 0.00943368 0 0 0 0 0 0 0.00943368
369 370 0.0281437 0 0 0 0 0 0 0.0281437
370 371 0.0106172 0 -0.882623 0 0 0 0 -0.872006
371 372 0.340576 0 -1.40627 0 0 0 0 -1.0657
372 373 0.00921509 0 -1.30511 0 0 0 0 -1.2959
373 374 0.0259358 0 -1.22876 0 0 0 0 -1.20282
374 375 0.00360202 0 0 0 0 0 0 0.00360202
375 376 0.0290141 0 0 0 0 0 0 0.0290141
376 377 0.00273361 0 -1.2673 0 0 0 0 -1.26457
377 378 0.000353796 0 -0.877471 0 0 0 0 -0.877117
378 379 0.00919793 0 0 0 0 0 0 0.00919793
380 381 0.0525138 0 -1.24632 0 0 0 0 -1.19381
381 382 0.0442092 0 -1.20757 0 0 0 0 -1.16336
382 383 0.0771826 0 0 0 0 0 0 0.0771826
382 384 0 0 0 0 0 0 -0.368794 -0.368794
383 384 0.0107716 0 0 0 0 0 0 0.0107716
384 385 0.00474836 0 0 0 0 0 0 0.00474836
385 386 0.000628726 0 -0.778838 0 0 0 0 -0.778209
386 387 0.0308508 0 -1.18997 0 0 0 0 -1.15912
387 388 0.0108819 0 0 0 0 0 0 0.0108819
388 389 0.0389161 0 -1.21194 0 0 0 0 -1.17303
389 390 0.179789 0 -1.2962 0 0 0 0 -1.11641
390 391 0.000328254 0 -1.29129 0 0 0 0 -1.29096
391 392 0.0748856 0 -1.00572 0 0 0 0 -0.930834
392 393 0.123952 0 -1.08947 0 0 0 0 -0.965516
393 394 0.0130566 0 0 0 0 0 0 0.0130566
394 395 0.0582721 0 -0 0 0 0 0 0.0582721
395 396 0.131797 0 -1.14633 0 0 0 0 -1.01453
396 397 0.00384275 0 0 0 0 0 0 0.00384275
397 398 0.0132053 0 -1.35971 0 0 0 0 -1.34651
398 399 0.0142476 0 -1.23438 0 0 0 0 -1.22014
#Total energy per particle is  -0.573163 and should be -0.57316310
