           0   0.000000
       10000  -2.931859
       20000  -3.695163
       30000  -3.646742
       40000  -5.504043
       50000  -5.377806
       60000  -3.622736
       70000  -2.456491
       80000  -4.029936
       90000  -4.460494
      100000  -2.971570
      110000  -3.365967
      120000  -3.522945
      130000  -2.333356
      140000  -3.779997
      150000  -7.540036
      160000  -7.688152
      170000  -2.957603
      180000  -3.436572
      190000  -4.023202
      200000  -5.615279
