           0   0.000000
       10000  -0.000000
       20000  -0.000668
       30000  -0.002526
       40000  -2.385760
       50000  -0.000003
       60000  -0.547566
       70000  -1.404081
       80000   0.000000
       90000  -0.000044
      100000  -0.000000
      110000  -0.000000
      120000  -0.274814
      130000  -0.266607
      140000  -1.500354
      150000  -0.878220
      160000  -2.487261
      170000  -2.511704
      180000  -1.017162
      190000  -1.302185
      200000  -0.818111
