           0   0.000000
       10000  -2.490162
       20000  -3.860387
       30000  -5.755423
       40000  -6.696539
       50000  -4.355536
       60000  -5.686788
       70000  -2.734584
       80000  -1.725476
       90000  -2.219452
      100000  -2.735794
      110000  -2.907271
      120000  -2.732859
      130000  -2.280406
      140000  -2.678548
      150000  -1.924825
      160000  -1.838710
      170000  -3.226520
      180000  -2.633037
      190000  -3.292871
      200000  -1.977803
