           0   0.000000
       10000  -1.243635
       20000  -0.685534
       30000  -0.576922
       40000  -3.170574
       50000  -1.549281
       60000  -3.055454
       70000  -5.042861
       80000  -3.587033
       90000  -3.634627
      100000  -5.744466
      110000  -1.768774
      120000  -1.559700
      130000   0.000000
      140000  -1.466092
      150000  -4.743889
      160000  -4.020593
      170000  -6.635413
      180000  -6.852115
      190000  -6.985022
      200000  -7.846294
