#id1 id2 FENE BEXC STCK NEXC HB CRSTCK CXSTCK total, t = 200000
0 1 0.00269975 0 -1.2813 0 0 0 0 -1.2786
1 2 0.000139684 0 0 0 0 0 0 0.000139684
2 3 0.00254439 0 -1.22446 0 0 0 0 -1.22191
3 4 0.161676 0 0 0 0 0 0 0.161676
4 5 0.00989054 0 0 0 0 0 0 0.00989054
5 6 0.0156024 0 0 0 0 0 0 0.0156024
6 7 0.0061124 0 -1.38949 0 0 0 0 -1.38338
7 8 0.126077 0 0 0 0 0 0 0.126077
8 9 0.00407176 0 -1.27184 0 0 0 0 -1.26777
9 10 0.0430725 0 -1.24973 0 0 0 0 -1.20665
10 11 0.00111488 0 -1.17626 0 0 0 0 -1.17514
11 12 0.0157772 0 -1.24383 0 0 0 0 -1.22806
12 13 0.0266262 0 -1.08673 0 0 0 0 -1.0601
13 14 0.0252041 0 -1.21536 0 0 0 0 -1.19015
14 15 0.0348701 0 -1.28918 0 0 0 0 -1.25431
15 16 0.0029536 0 0 0 0 0 0 0.0029536
12 17 0 0 0 0 0 -0.0977656 -0 -0.0977656
11 17 0 0 0 0 -0.673519 0 -0 -0.673519
10 17 0 0 0 0 -0 -0.134134 -0 -0.134134
16 17 0.00232303 0 0 0 0 0 0 0.00232303
11 18 0 0 0 0 -0 -0.166935 0 -0.166935
10 18 0 0 0 0 -0.801486 0 -0 -0.801486
9 18 0 0 0 0 0 -0.125629 0 -0.125629
17 18 0.0724987 0 -1.30116 0 0 0 0 -1.22866
10 19 0 0 0 0 0 -0.0941853 0 -0.0941853
9 19 0 0 0 0 -0.543893 0 -0 -0.543893
8 19 0 0 0 0 -0 -0.0667611 -0 -0.0667611
18 19 0.00442861 0 -0.888109 0 0 0 0 -0.88368
20 21 0.326133 0 -0.783019 0 0 0 0 -0.456886
21 22 0.0558578 0 -1.42385 0 0 0 0 -1.36799
22 23 0.064114 0 -0 0 0 0 0 0.064114
23 24 0.00175048 0 0 0 0 0 0 0.00175048
24 25 0.115492 0 0 0 0 0 0 0.115492
25 26 0.0491964 0 0 0 0 0 0 0.0491964
26 27 0.0100693 0 -0.617514 0 0 0 0 -0.607445
27 28 0.00314417 0 0 0 0 0 0 0.00314417
28 29 0.159203 0 0 0 0 0 0 0.159203
29 30 0.00550905 0 -1.19386 0 0 0 0 -1.18835
30 31 0.0646669 0 -1.34163 0 0 0 0 -1.27696
27 32 0 0 0 0 -0 -0.0654803 0 -0.0654803
31 32 0.0749775 0 -0 0 0 0 0 0.0749775
32 33 0.109477 0 0 0 0 0 0 0.109477
33 34 0.0432898 0 0 0 0 0 0 0.0432898
34 35 0.0358219 0 -1.17024 0 0 0 0 -1.13442
35 36 0.0181723 0 0 0 0 0 0 0.0181723
36 37 0.053575 0 0 0 0 0 0 0.053575
37 38 0.00519464 0 -1.23401 0 0 0 0 -1.22882
38 39 0.0308769 0 -1.35039 0 0 0 0 -1.31952
40 41 0.0305136 0 -1.05613 0 0 0 0 -1.02562
41 42 0.18 0 0 0 0 0 0 0.18
42 43 0.0535242 0 -1.11178 0 0 0 0 -1.05826
43 44 0.12775 0 -1.30768 0 0 0 0 -1.17993
44 45 0.0099109 0 0 0 0 0 0 0.0099109
45 46 0.0667702 0 0 0 0 0 0 0.0667702
46 47 0.0507984 0 -1.26335 0 0 0 0 -1.21255
47 48 0.00294188 0 -0 0 0 0 0 0.00294188
48 49 0.0465626 0 0 0 0 0 0 0.0465626
49 50 0.0164638 0 -1.03043 0 0 0 0 -1.01397
50 51 0.00376733 0 0 0 0 0 0 0.00376733
51 52 0.000751369 0 0 0 0 0 0 0.000751369
52 53 8.70858e-05 0 -1.21949 0 0 0 0 -1.2194
53 54 0.02964 0 -1.21151 0 0 0 0 -1.18187
54 55 0.320246 0 -1.22332 0 0 0 0 -0.903077
55 56 0.112592 0 -1.37059 0 0 0 0 -1.258
56 57 0.176809 0 0 0 0 0 0 0.176809
57 58 0.199638 0 -0.719947 0 0 0 0 -0.520308
58 59 0.0359514 0 -1.28411 0 0 0 0 -1.24816
60 61 0.00190209 0 -0.981469 0 0 0 0 -0.979567
61 62 0.00068548 0 -1.32479 0 0 0 0 -1.32411
62 63 0.00611775 0 -1.31328 0 0 0 0 -1.30716
63 64 0.00703188 0 0 0 0 0 0 0.00703188
64 65 0.00686508 0 0 0 0 0 0 0.00686508
65 66 0.0671054 0 -1.27561 0 0 0 0 -1.2085
66 67 0.104061 0 -1.23263 0 0 0 0 -1.12857
67 68 0.0485353 0 0 0 0 0 0 0.0485353
68 69 0.00280798 0 -0 0 0 0 0 0.00280798
69 70 0.0262837 0 0 0 0 0 0 0.0262837
70 71 0.00186343 0 -0 0 0 0 0 0.00186343
71 72 0.00140532 0 -0.637957 0 0 0 0 -0.636552
72 73 0.00392978 0 0 0 0 0 0 0.00392978
73 74 0.255665 0 -1.06482 0 0 0 0 -0.809154
74 75 0.0048717 0 0 0 0 0 0 0.0048717
75 76 0.0829129 0 -1.3942 0 0 0 0 -1.31129
76 77 4.68174e-05 0 -1.36217 0 0 0 0 -1.36213
77 78 0.086007 0 -0.991565 0 0 0 0 -0.905558
78 79 7.08637e-06 0 0 0 0 0 0 7.08637e-06
80 81 0.00225004 0 -1.32302 0 0 0 0 -1.32077
81 82 0.0771922 0 -0 0 0 0 0 0.0771922
82 83 0.0128046 0 0 0 0 0 0 0.0128046
83 84 0.093354 0 -1.00795 0 0 0 0 -0.914599
84 85 3.88581e-05 0 0 0 0 0 0 3.88581e-05
85 86 0.00597955 0 -1.19533 0 0 0 0 -1.18935
86 87 0.00707703 0 0 0 0 0 0 0.00707703
87 88 0.323003 0 0 0 0 0 0 0.323003
88 89 0.126127 0 0 0 0 0 0 0.126127
89 90 0.0236404 0 -0 0 0 0 0 0.0236404
90 91 0.0429131 0 -0.861677 0 0 0 0 -0.818763
91 92 0.000287552 0 -1.04767 0 0 0 0 -1.04738
92 93 0.000347556 0 0 0 0 0 0 0.000347556
93 94 0.0022361 0 -1.19396 0 0 0 0 -1.19172
94 95 0.00866113 0 -1.23242 0 0 0 0 -1.22376
95 96 0.0402767 0 0 0 0 0 0 0.0402767
96 97 0.0128851 0 -1.33404 0 0 0 0 -1.32115
97 98 0.018523 0 0 0 0 0 0 0.018523
98 99 0.000617158 0 -1.2818 0 0 0 0 -1.28118
100 101 0.0273652 0 -1.09677 0 0 0 0 -1.0694
101 102 0.00542904 0 -1.01003 0 0 0 0 -1.00461
102 103 0.0103815 0 0 0 0 0 0 0.0103815
103 104 5.88576e-05 0 -1.03923 0 0 0 0 -1.03917
104 105 0.00452689 0 -1.3311 0 0 0 0 -1.32657
105 106 0.0114762 0 -1.29132 0 0 0 0 -1.27984
106 107 0.0161146 0 -1.38379 0 0 0 0 -1.36768
107 108 0.241264 0 0 0 0 0 0 0.241264
108 109 0.223863 0 0 0 0 0 0 0.223863
109 110 0.0966162 0 0 0 0 0 0 0.0966162
110 111 0.00128548 0 -1.09297 0 0 0 0 -1.09168
111 112 0.0352191 0 -1.24141 0 0 0 0 -1.20619
112 113 0.00145266 0 0 0 0 0 0 0.00145266
113 114 0.00019382 0 -0.674651 0 0 0 0 -0.674457
114 115 0.0039016 0 -1.37721 0 0 0 0 -1.37331
115 116 0.000928159 0 -0.701522 0 0 0 0 -0.700594
116 117 0.163891 0 -0.508112 0 0 0 0 -0.34422
117 118 0.0791177 0 0 0 0 0 0 0.0791177
118 119 0.295582 0 0 0 0 0 0 0.295582
120 121 1.57684e-06 0 0 0 0 0 0 1.57684e-06
121 122 0.0156332 0 -1.26716 0 0 0 0 -1.25153
122 123 0.0103064 0 -1.10318 0 0 0 0 -1.09288
123 124 0.0380003 0 0 0 0 0 0 0.0380003
124 125 0.0375056 0 0 0 0 0 0 0.0375056
125 126 0.0245892 0 0 0 0 0 0 0.0245892
126 127 0.0710776 0 -1.42418 0 0 0 0 -1.35311
127 128 0.0397981 0 -1.35278 0 0 0 0 -1.31299
128 129 0.00202222 0 -0.856921 0 0 0 0 -0.854899
129 130 0.000741325 0 0 0 0 0 0 0.000741325
130 131 0.0261759 0 -1.03461 0 0 0 0 -1.00843
131 132 0.0159765 0 -1.09093 0 0 0 0 -1.07496
132 133 0.02091 0 0 0 0 0 0 0.02091
133 134 0.0113707 0 -0.989075 0 0 0 0 -0.977704
134 135 0.00316296 0 -1.24892 0 0 0 0 -1.24575
135 136 0.00017899 0 -1.23979 0 0 0 0 -1.23961
136 137 0.0128458 0 -0.750099 0 0 0 0 -0.737253
137 138 0.00375279 0 -0.942971 0 0 0 0 -0.939219
138 139 0.115426 0 0 0 0 0 0 0.115426
140 141 0.0623542 0 0 0 0 0 0 0.0623542
141 142 0.07243 0 -1.26329 0 0 0 0 -1.19086
142 143 0.0251279 0 0 0 0 0 0 0.0251279
143 144 0.436286 0 -0 0 0 0 0 0.436286
144 145 0.0374787 0 -0 0 0 0 0 0.0374787
145 146 0.00177594 0 0 0 0 0 0 0.00177594
146 147 0.211646 0 0 0 0 0 0 0.211646
147 148 0.00829169 0 0 0 0 0 0 0.00829169
148 149 0.0389147 0 0 0 0 0 0 0.0389147
149 150 2.57214e-05 0 -1.26816 0 0 0 0 -1.26813
150 151 0.0423988 0 0 0 0 0 0 0.0423988
151 152 0.00244526 0 0 0 0 0 0 0.00244526
152 153 0.0712668 0 -0 0 0 0 0 0.0712668
153 154 0.00247824 0 -0.861953 0 0 0 0 -0.859475
154 155 0.0129908 0 -1.34085 0 0 0 0 -1.32786
155 156 0.145954 0 0 0 0 0 0 0.145954
156 157 0.0119994 0 -1.33902 0 0 0 0 -1.32702
157 158 0.0445965 0 0 0 0 0 0 0.0445965
158 159 0.213335 0 -0.997235 0 0 0 0 -0.7839
160 161 0.0181961 0 0 0 0 0 0 0.0181961
161 162 0.000710092 0 -1.43272 0 0 0 0 -1.43201
162 163 0.0159065 0 -1.18848 0 0 0 0 -1.17257
163 164 0.0558726 0 -1.39009 0 0 0 0 -1.33422
162 165 0 0 0 0 0 -0.00244567 0 -0.00244567
164 165 0.0305525 0 0 0 0 0 0 0.0305525
162 166 0 0 0 0 0 -0.000244513 0 -0.000244513
165 166 0.0137243 0 -1.33628 0 0 0 0 -1.32256
166 167 0.131463 0 -0.852242 0 0 0 0 -0.720779
167 168 0.000535793 0 -1.36944 0 0 0 0 -1.3689
168 169 0.245977 0 -1.20191 0 0 0 0 -0.955935
169 170 0.000388111 0 -1.16631 0 0 0 0 -1.16592
170 171 0.00430628 0 0 0 0 0 0 0.00430628
171 172 0.0105446 0 -1.26821 0 0 0 0 -1.25767
172 173 0.126809 0 0 0 0 0 0 0.126809
173 174 0.0160348 0 -0.968266 0 0 0 0 -0.952232
174 175 0.0580598 0 0 0 0 0 0 0.0580598
175 176 0.00144875 0 -1.25595 0 0 0 0 -1.2545
176 177 0.0175338 0 -0.584177 0 0 0 0 -0.566643
177 178 0.0150805 0 0 0 0 0 0 0.0150805
173 179 0 0 0 0 0 -0.0178713 0 -0.0178713
178 179 0.0709658 0 0 0 0 0 0 0.0709658
180 181 0.00141883 0 0 0 0 0 0 0.00141883
181 182 0.0997213 0 0 0 0 0 0 0.0997213
182 183 0.263452 0 0 0 0 0 0 0.263452
183 184 0.08806 0 -0.957151 0 0 0 0 -0.869091
184 185 0.000915326 0 -0 0 0 0 0 0.000915326
185 186 0.00600601 0 0 0 0 0 0 0.00600601
186 187 0.0949714 0 0 0 0 0 0 0.0949714
187 188 0.0625994 0 0 0 0 0 0 0.0625994
188 189 0.0170829 0 -1.21929 0 0 0 0 -1.20221
189 190 0.0492973 0 0 0 0 0 0 0.0492973
190 191 0.00208962 0 0 0 0 0 0 0.00208962
191 192 0.0537969 0 0 0 0 0 0 0.0537969
192 193 0.00857789 0 -1.3974 0 0 0 0 -1.38882
193 194 0.0790767 0 0 0 0 0 0 0.0790767
194 195 0.0225139 0 -0 0 0 0 0 0.0225139
195 196 0.0909076 0 -0 0 0 0 0 0.0909076
196 197 0.00128877 0 -1.38644 0 0 0 0 -1.38515
197 198 0.0486807 0 0 0 0 0 0 0.0486807
198 199 0.0612267 0 0 0 0 0 0 0.0612267
200 201 0.0327627 0 0 0 0 0 0 0.0327627
201 202 0.056518 0 -0 0 0 0 0 0.056518
202 203 0.0486854 0 0 0 0 0 0 0.0486854
203 204 0.0250102 0 0 0 0 0 0 0.0250102
204 205 0.0315616 0 -1.31803 0 0 0 0 -1.28646
205 206 0.0575452 0 -1.13752 0 0 0 0 -1.07998
206 207 0.0707159 0 -0.67474 0 0 0 0 -0.604024
207 208 0.0152272 0 0 0 0 0 0 0.0152272
208 209 0.0394504 0 -1.2604 0 0 0 0 -1.22095
209 210 0.00305373 0 -0.891079 0 0 0 0 -0.888026
210 211 0.00599775 0 0 0 0 0 0 0.00599775
211 212 0.0211427 0 -1.03019 0 0 0 0 -1.00904
211 213 0 0 0 0.000317211 0 0 0 0.000317211
212 213 0.00108309 0 0 0 0 0 0 0.00108309
213 214 0.101085 0 -0.390631 0 0 0 0 -0.289546
214 215 0.100306 0 -1.26998 0 0 0 0 -1.16967
215 216 0.0342401 0 0 0 0 0 0 0.0342401
216 217 0.111316 0 0 0 0 0 0 0.111316
217 218 0.292839 0 -1.36556 0 0 0 0 -1.07272
218 219 0.0125166 0 -0.929405 0 0 0 0 -0.916888
220 221 0.0034295 0 0 0 0 0 0 0.0034295
221 222 0.0249373 0 -0.670737 0 0 0 0 -0.645799
222 223 0.000449608 0 -1.16824 0 0 0 0 -1.16779
223 224 0.00680297 0 -1.12385 0 0 0 0 -1.11704
224 225 0.00265353 0 0 0 0 0 0 0.00265353
225 226 0.107271 0 -1.00511 0 0 0 0 -0.897836
226 227 0.104949 0 -0.186866 0 0 0 0 -0.081917
227 228 0.0556976 0 -1.29639 0 0 0 0 -1.24069
228 229 0.0621835 0 0 0 0 0 0 0.0621835
229 230 0.025692 0 -1.18842 0 0 0 0 -1.16273
230 231 0.00722455 0 -1.13474 0 0 0 0 -1.12752
231 232 0.0555461 0 0 0 0 0 0 0.0555461
232 233 0.0184432 0 0 0 0 0 0 0.0184432
233 234 0.00375933 0 0 0 0 0 0 0.00375933
234 235 0.00449368 0 0 0 0 0 0 0.00449368
235 236 0.0596743 0 -1.1564 0 0 0 0 -1.09673
236 237 1.7603e-05 0 0 0 0 0 0 1.7603e-05
237 238 0.0896133 0 0 0 0 0 0 0.0896133
238 239 0.0116476 0 0 0 0 0 0 0.0116476
240 241 0.0143641 0 -1.00286 0 0 0 0 -0.988494
241 242 0.210843 0 0 0 0 0 0 0.210843
242 243 0.00661342 0 -1.03492 0 0 0 0 -1.0283
243 244 0.0163699 0 0 0 0 0 0 0.0163699
244 245 0.0172068 0 -1.21742 0 0 0 0 -1.20021
245 246 0.00606857 0 0 0 0 0 0 0.00606857
246 247 0.0128911 0 0 0 0 0 0 0.0128911
247 248 0.00653726 0 -1.1473 0 0 0 0 -1.14076
248 249 0.00614999 0 0 0 0 0 0 0.00614999
249 250 0.0253975 0 0 0 0 0 0 0.0253975
250 251 0.00088428 0 -1.27247 0 0 0 0 -1.27159
251 252 0.101968 0 0 0 0 0 0 0.101968
252 253 0.01531 0 -0 0 0 0 0 0.01531
253 254 0.0121099 0 0 0 0 0 0 0.0121099
254 255 0.00829615 0 -1.26355 0 0 0 0 -1.25525
255 256 0.0642104 0 -1.17937 0 0 0 0 -1.11516
256 257 0.0841547 0 0 0 0 0 0 0.0841547
257 258 3.22963e-05 0 -0 0 0 0 0 3.22963e-05
258 259 0.000776762 0 0 0 0 0 0 0.000776762
260 261 0.00188297 0 0 0 0 0 0 0.00188297
261 262 0.0326133 0 0 0 0 0 0 0.0326133
262 263 0.0604979 0 0 0 0 0 0 0.0604979
263 264 0.118636 0 0 0 0 0 0 0.118636
264 265 0.000620866 0 0 0 0 0 0 0.000620866
265 266 0.00302438 0 -0.925986 0 0 0 0 -0.922962
266 267 0.0293534 0 -0.870046 0 0 0 0 -0.840693
267 268 0.000399913 0 0 0 0 0 0 0.000399913
268 269 0.0284072 0 -1.33791 0 0 0 0 -1.3095
269 270 0.00729855 0 -1.2238 0 0 0 0 -1.2165
270 271 0.0446902 0 -1.22054 0 0 0 0 -1.17585
271 272 0.0129477 0 0 0 0 0 0 0.0129477
272 273 0.328588 0 -1.34629 0 0 0 0 -1.0177
273 274 0.000719587 0 -1.16218 0 0 0 0 -1.16146
274 275 0.0711216 0 -1.13466 0 0 0 0 -1.06354
275 276 0.0201102 0 -0 0 0 0 0 0.0201102
276 277 0.135006 0 -0.910941 0 0 0 0 -0.775935
277 278 0.000133106 0 -1.26345 0 0 0 0 -1.26332
278 279 0.0431624 0 -1.13543 0 0 0 0 -1.09227
280 281 0.334961 0 -1.05052 0 0 0 0 -0.715556
281 282 0.00420829 0 0 0 0 0 0 0.00420829
282 283 0.0149371 0 -0.82462 0 0 0 0 -0.809683
283 284 0.0337567 0 -1.17351 0 0 0 0 -1.13975
284 285 0.109736 0 0 0 0 0 0 0.109736
285 286 0.000187426 0 0 0 0 0 0 0.000187426
286 287 0.0141451 0 -1.2841 0 0 0 0 -1.26996
287 288 0.0425623 0 -1.43726 0 0 0 0 -1.3947
288 289 0.268928 0 -1.08343 0 0 0 0 -0.814499
289 290 0.0638549 0 -1.20709 0 0 0 0 -1.14324
290 291 0.0224955 0 0 0 0 0 0 0.0224955
291 292 0.0680948 0 -1.18333 0 0 0 0 -1.11524
292 293 0.0271031 0 -1.41028 0 0 0 0 -1.38318
293 294 0.00821512 0 -1.1633 0 0 0 0 -1.15508
294 295 0.0152627 0 0 0 0 0 0 0.0152627
295 296 0.0403388 0 0 0 0 0 0 0.0403388
296 297 0.00357592 0 0 0 0 0 0 0.00357592
297 298 1.76541e-06 0 -1.03126 0 0 0 0 -1.03126
295 299 0 0 0 0 -0 -0.00188544 -0 -0.00188544
298 299 0.00364898 0 -1.12156 0 0 0 0 -1.11791
300 301 0.0168198 0 -0.917867 0 0 0 0 -0.901047
301 302 6.61082e-07 0 -1.14491 0 0 0 0 -1.14491
302 303 0.150207 0 0 0 0 0 0 0.150207
303 304 0.0241044 0 0 0 0 0 0 0.0241044
304 305 0.000128195 0 0 0 0 0 0 0.000128195
305 306 0.0317217 0 -0.758996 0 0 0 0 -0.727275
306 307 0.107577 0 -0.768782 0 0 0 0 -0.661206
307 308 0.0164939 0 0 0 0 0 0 0.0164939
308 309 0.0511128 0 -1.27835 0 0 0 0 -1.22724
309 310 0.017129 0 0 0 0 0 0 0.017129
310 311 1.12773e-05 0 -0.560135 0 0 0 0 -0.560124
311 312 0.0172996 0 -0.835659 0 0 0 0 -0.81836
312 313 0.000153999 0 0 0 0 0 0 0.000153999
313 314 0.0282889 0 -1.12405 0 0 0 0 -1.09576
314 315 0.119859 0 -0.670063 0 0 0 0 -0.550205
315 316 0.00594612 0 -1.08589 0 0 0 0 -1.07994
316 317 5.39481e-06 0 -1.22973 0 0 0 0 -1.22973
317 318 0.0295021 0 -1.27696 0 0 0 0 -1.24745
318 319 0.00634948 0 0 0 0 0 0 0.00634948
320 321 0.0115903 0 -0 0 0 0 0 0.0115903
321 322 0.0208731 0 0 0 0 0 0 0.0208731
322 323 0.0720453 0 -0.808326 0 0 0 0 -0.73628
323 324 0.0820893 0 -1.13824 0 0 0 0 -1.05615
324 325 0.0121705 0 -1.29402 0 0 0 0 -1.28185
325 326 0.000999574 0 -1.38821 0 0 0 0 -1.38721
326 327 7.69995e-05 0 -1.13004 0 0 0 0 -1.12997
327 328 0.0200111 0 -1.11788 0 0 0 0 -1.09787
328 329 0.0266073 0 -0 0 0 0 0 0.0266073
329 330 0.00683416 0 -1.28744 0 0 0 0 -1.2806
327 331 0 0 0 0 -0 -0.0872412 -0 -0.0872412
330 331 0.137424 0 -1.35696 0 0 0 0 -1.21953
328 332 0 0 0 0 -0 -0.171155 0 -0.171155
327 332 0 0 0 0 -0.683619 0 -0 -0.683619
326 332 0 0 0 0 -1.20545e-18 -0.135291 0 -0.135291
331 332 0.00603584 0 -1.19355 0 0 0 0 -1.18751
327 333 0 0 0 0 -0 -0.164805 0 -0.164805
326 333 0 0 0 0 -0.709467 0 -0 -0.709467
325 333 0 0 0 0 0 -0.100048 -0 -0.100048
332 333 0.0636704 0 -1.08632 0 0 0 0 -1.02265
326 334 0 0 0 0 0 -0.10845 0 -0.10845
325 334 0 0 0 0 -0.525769 0 -0 -0.525769
324 334 0 0 0 0 0 -0.101486 0 -0.101486
333 334 0.0140044 0 -1.12285 0 0 0 0 -1.10884
325 335 0 0 0 0 0 -0.0926188 0 -0.0926188
324 335 0 0 0 0 -0.424699 -1.42505e-15 -0 -0.424699
323 335 0 0 0 0 0 -0.169448 0 -0.169448
334 335 0.00779892 0 -1.27283 0 0 0 0 -1.26504
324 336 0 0 0 0 0 -0.0492787 0 -0.0492787
323 336 0 0 0 0 -0.514138 -6.92102e-08 -0 -0.514138
322 336 0 0 0 0 -2.8193e-19 -0.111238 0 -0.111238
335 336 0.0386194 0 -1.11047 0 0 0 0 -1.07185
323 337 0 0 0 0 -0 -0.108993 0 -0.108993
322 337 0 0 0 0 -0.827433 0 -0 -0.827433
336 337 0.00212126 0 -0.654762 0 0 0 0 -0.65264
322 338 0 0 0 0 0 -0.179465 0 -0.179465
337 338 0.00252081 0 -1.31977 0 0 0 0 -1.31725
338 339 0.122014 0 0 0 0 0 0 0.122014
340 341 0.0044521 0 0 0 0 0 0 0.0044521
341 342 0.0174076 0 -1.01437 0 0 0 0 -0.99696
342 343 0.00153028 0 -1.20093 0 0 0 0 -1.1994
343 344 0.00317898 0 -1.18529 0 0 0 0 -1.18211
344 345 0.129848 0 -1.22072 0 0 0 0 -1.09087
345 346 0.00304152 0 0 0 0 0 0 0.00304152
346 347 0.119398 0 0 0 0 0 0 0.119398
347 348 0.0611147 0 -1.26533 0 0 0 0 -1.20421
348 349 0.117144 0 0 0 0 0 0 0.117144
349 350 1.23548e-06 0 -1.30038 0 0 0 0 -1.30038
350 351 0.166268 0 -1.03152 0 0 0 0 -0.865252
351 352 0.00688652 0 -1.21977 0 0 0 0 -1.21288
352 353 0.0934358 0 0 0 0 0 0 0.0934358
353 354 0.0854131 0 -1.16522 0 0 0 0 -1.07981
354 355 0.173018 0 -1.3142 0 0 0 0 -1.14118
355 356 0.0277872 0 -0 0 0 0 0 0.0277872
356 357 0.0855338 0 -0.649537 0 0 0 0 -0.564003
357 358 0.00156408 0 0 0 0 0 0 0.00156408
358 359 0.107926 0 0 0 0 0 0 0.107926
360 361 0.00954034 0 -1.19575 0 0 0 0 -1.18621
361 362 0.00848437 0 0 0 0 0 0 0.00848437
362 363 0.0640075 0 0 0 0 0 0 0.0640075
363 364 0.0151741 0 -1.33015 0 0 0 0 -1.31497
364 365 0.000220871 0 0 0 0 0 0 0.000220871
365 366 0.0812641 0 -1.06937 0 0 0 0 -0.988111
366 367 0.0020822 0 -0.839819 0 0 0 0 -0.837736
367 368 0.0481411 0 -0.00954798 0 0 0 0 0.0385931
368 369 0.00607102 0 0 0 0 0 0 0.00607102
369 370 0.0265501 0 0 0 0 0 0 0.0265501
365 371 0 0 0 0 0 -0.0495222 -0 -0.0495222
370 371 0.033072 0 0 0 0 0 0 0.033072
371 372 0.0789518 0 -1.082 0 0 0 0 -1.00305
372 373 0.0025964 0 0 0 0 0 0 0.0025964
373 374 0.00294166 0 0 0 0 0 0 0.00294166
374 375 0.10267 0 -0.967526 0 0 0 0 -0.864857
375 376 0.000177604 0 0 0 0 0 0 0.000177604
376 377 0.0168286 0 -1.36163 0 0 0 0 -1.3448
377 378 0.0225257 0 -0.31035 0 0 0 0 -0.287825
378 379 0.179329 0 -1.33558 0 0 0 0 -1.15626
380 381 0.150642 0 -1.32759 0 0 0 0 -1.17695
381 382 0.0074436 0 -1.02953 0 0 0 0 -1.02208
382 383 0.179385 0 -0.75514 0 0 0 0 -0.575755
383 384 0.000719838 0 -0.54487 0 0 0 0 -0.54415
384 385 7.29547e-06 0 0 0 0 0 0 7.29547e-06
385 386 0.00646278 0 0 0 0 0 0 0.00646278
386 387 0.0443813 0 -1.38352 0 0 0 0 -1.33914
387 388 0.152026 0 -1.13674 0 0 0 0 -0.984713
388 389 0.000103172 0 -0.734823 0 0 0 0 -0.73472
389 390 0.0455363 0 -1.04279 0 0 0 0 -0.997258
390 391 0.0855681 0 0 0 0 0 0 0.0855681
391 392 0.00790665 0 -1.4257 0 0 0 0 -1.41779
392 393 0.000950815 0 0 0 0 0 0 0.000950815
393 394 0.105754 0 0 0 0 0 0 0.105754
394 395 0.017054 0 -1.38355 0 0 0 0 -1.36649
395 396 0.213117 0 -0 0 0 0 0 0.213117
396 397 0.0120752 0 0 0 0 0 0 0.0120752
397 398 0.142201 0 -1.34482 0 0 0 0 -1.20262
398 399 0.106388 0 -1.36808 0 0 0 0 -1.26169
#Total energy per particle is  -0.546369 and should be -0.54636910
