#id1 id2 FENE BEXC STCK NEXC HB CRSTCK CXSTCK total, t = 200000
0 1 0.000123906 0 0 0 0 0 0 0.000123906
1 2 0.000282236 0 0 0 0 0 0 0.000282236
2 3 0.278661 0 0 0 0 0 0 0.278661
3 4 0.0705897 0 0 0 0 0 0 0.0705897
4 5 0.124323 0 0 0 0 0 0 0.124323
5 6 0.00763236 0 -1.14626 0 0 0 0 -1.13863
6 7 0.0290447 0 -1.22301 0 0 0 0 -1.19397
7 8 0.0446993 0 -1.36285 0 0 0 0 -1.31815
8 9 0.00106355 0 -0 0 0 0 0 0.00106355
9 10 0.111891 0 0 0 0 0 0 0.111891
10 11 0.000234031 0 -0 0 0 0 0 0.000234031
11 12 0.0218873 0 -1.4072 0 0 0 0 -1.38531
10 13 0 0 0 0 0 -0.00405597 0 -0.00405597
12 13 0.0755068 0 -1.29644 0 0 0 0 -1.22093
3 14 0 0 0 0 0 -0.0106399 0 -0.0106399
13 14 0.111225 0 -1.17419 0 0 0 0 -1.06297
3 15 0 0 0 0 0 -0.118818 0 -0.118818
14 15 0.0594903 0 -0.970909 0 0 0 0 -0.911418
15 16 0.000499407 0 0 0 0 0 0 0.000499407
16 17 0.242641 0 -0 0 0 0 0 0.242641
17 18 0.0780961 0 -1.21173 0 0 0 0 -1.13364
18 19 0.00190987 0 0 0 0 0 0 0.00190987
20 21 0.0985658 0 0 0 0 0 0 0.0985658
21 22 0.0830882 0 0 0 0 0 0 0.0830882
22 23 0.00139057 0 0 0 0 0 0 0.00139057
23 24 0.0212256 0 0 0 0 0 0 0.0212256
24 25 0.00220543 0 -0.996656 0 0 0 0 -0.994451
25 26 0.00457002 0 -0.936638 0 0 0 0 -0.932068
26 27 0.117962 0 -1.39018 0 0 0 0 -1.27222
27 28 0.0346902 0 0 0 0 0 0 0.0346902
28 29 0.0224849 0 -0 0 0 0 0 0.0224849
29 30 0.0123343 0 0 0 0 0 0 0.0123343
30 31 0.0284344 0 -1.06828 0 0 0 0 -1.03985
31 32 0.011746 0 0 0 0 0 0 0.011746
32 33 0.00339519 0 0 0 0 0 0 0.00339519
33 34 0.0205474 0 0 0 0 0 0 0.0205474
34 35 0.0373026 0 -1.24172 0 0 0 0 -1.20442
35 36 0.0486155 0 -0.96161 0 0 0 0 -0.912994
36 37 0.00233162 0 0 0 0 0 0 0.00233162
37 38 0.0148004 0 -0 0 0 0 0 0.0148004
38 39 0.103442 0 0 0 0 0 0 0.103442
40 41 0.00548146 0 -0 0 0 0 0 0.00548146
41 42 0.0206435 0 -0 0 0 0 0 0.0206435
42 43 0.033351 0 -1.38149 0 0 0 0 -1.34814
43 44 2.18244e-05 0 -1.27186 0 0 0 0 -1.27183
44 45 0.000792717 0 -1.39773 0 0 0 0 -1.39694
45 46 0.0136165 0 -0.8371 0 0 0 0 -0.823484
46 47 0.00903834 0 -1.31109 0 0 0 0 -1.30205
47 48 0.0139909 0 -1.11243 0 0 0 0 -1.09844
48 49 0.00432127 0 -1.12446 0 0 0 0 -1.12014
49 50 0.0722294 0 -1.16251 0 0 0 0 -1.09028
50 51 0.000219167 0 0 0 0 0 0 0.000219167
51 52 0.00506293 0 -1.20179 0 0 0 0 -1.19672
50 53 0 0 0 0 0 -0.00317446 -0 -0.00317446
52 53 0.0643342 0 -1.37526 0 0 0 0 -1.31092
49 54 0 0 0 0 0 -0.153775 0 -0.153775
53 54 0.000738378 0 -1.01234 0 0 0 0 -1.01161
50 55 0 0 0 0 0 -0.179597 -0 -0.179597
49 55 0 0 0 0 -0.902044 0 -0 -0.902044
48 55 0 0 0 0 -0 -0.154834 -0 -0.154834
54 55 0.0969933 0 -1.05639 0 0 0 0 -0.959398
49 56 0 0 0 0 -0 -0.134272 0 -0.134272
48 56 0 0 0 0 -0.532247 0 -0 -0.532247
47 56 0 0 0 0 0 -0.151673 0 -0.151673
55 56 0.0074962 0 -0.815838 0 0 0 0 -0.808341
48 57 0 0 0 0 0 -0.102041 -0 -0.102041
47 57 0 0 0 0 -0.854768 0 -0 -0.854768
46 57 0 0 0 0 -6.86811e-29 -0.0703768 -0 -0.0703768
56 57 0.0274159 0 -1.43414 0 0 0 0 -1.40672
47 58 0 0 0 0 -0 -0.18601 0 -0.18601
46 58 0 0 0 0 -0.85573 0 -0 -0.85573
45 58 0 0 0 0 0 -0.150584 0 -0.150584
57 58 0.00975975 0 -1.12647 0 0 0 0 -1.11671
46 59 0 0 0 0 0 -0.177297 0 -0.177297
45 59 0 0 0 0 -0.794968 0 -0 -0.794968
44 59 0 0 0 0 0 -0.184815 0 -0.184815
58 59 0.0330086 0 -1.38392 0 0 0 0 -1.35091
60 61 0.000371387 0 -1.12221 0 0 0 0 -1.12184
61 62 0.00905802 0 -0.999431 0 0 0 0 -0.990373
62 63 0.0195299 0 -1.20192 0 0 0 0 -1.18239
63 64 0.00230698 0 0 0 0 0 0 0.00230698
64 65 0.162817 0 -0.660501 0 0 0 0 -0.497684
65 66 0.0246979 0 0 0 0 0 0 0.0246979
66 67 0.17476 0 0 0 0 0 0 0.17476
67 68 0.000866317 0 -1.01055 0 0 0 0 -1.00968
68 69 0.0698807 0 -1.36411 0 0 0 0 -1.29422
69 70 0.0862486 0 0 0 0 0 0 0.0862486
70 71 0.00270335 0 0 0 0 0 0 0.00270335
71 72 0.00239487 0 -1.33992 0 0 0 0 -1.33752
72 73 0.0334824 0 -1.36326 0 0 0 0 -1.32977
73 74 0.0282016 0 0 0 0 0 0 0.0282016
74 75 0.0433026 0 0 0 0 0 0 0.0433026
75 76 0.00086374 0 -1.21912 0 0 0 0 -1.21826
76 77 0.0403372 0 -1.23412 0 0 0 0 -1.19378
77 78 0.0643301 0 -1.28831 0 0 0 0 -1.22398
78 79 0.0349966 0 0 0 0 0 0 0.0349966
80 81 0.0938165 0 0 0 0 0 0 0.0938165
81 82 0.138122 0 -1.01532 0 0 0 0 -0.877199
82 83 0.0379658 0 0 0 0 0 0 0.0379658
83 84 0.0101914 0 0 0 0 0 0 0.0101914
84 85 0.0355353 0 -1.28699 0 0 0 0 -1.25145
85 86 0.00233363 0 -1.09657 0 0 0 0 -1.09424
86 87 0.0315406 0 0 0 0 0 0 0.0315406
87 88 0.0435775 0 -1.17471 0 0 0 0 -1.13114
88 89 0.10014 0 -0.961514 0 0 0 0 -0.861374
89 90 0.0113538 0 0 0 0 0 0 0.0113538
90 91 0.00276746 0 -0.899386 0 0 0 0 -0.896619
91 92 0.0014439 0 -1.10566 0 0 0 0 -1.10422
92 93 0.0893668 0 -1.13329 0 0 0 0 -1.04392
93 94 0.00354373 0 -1.40712 0 0 0 0 -1.40357
94 95 0.00262061 0 0 0 0 0 0 0.00262061
95 96 0.000889448 0 0 0 0 0 0 0.000889448
96 97 0.0856617 0 -1.34674 0 0 0 0 -1.26107
97 98 0.0157654 0 0 0 0 0 0 0.0157654
98 99 0.000316344 0 -1.33833 0 0 0 0 -1.33801
100 101 0.031436 0 -1.18873 0 0 0 0 -1.15729
101 102 0.0015652 0 0 0 0 0 0 0.0015652
102 103 0.00187531 0 0 0 0 0 0 0.00187531
103 104 0.0903077 0 0 0 0 0 0 0.0903077
104 105 0.0784456 0 -1.27123 0 0 0 0 -1.19279
105 106 0.031067 0 0 0 0 0 0 0.031067
106 107 0.267115 0 -1.29012 0 0 0 0 -1.02301
107 108 0.00229531 0 -0.857502 0 0 0 0 -0.855207
108 109 0.0120561 0 -1.24599 0 0 0 0 -1.23394
109 110 0.0271018 0 -1.20537 0 0 0 0 -1.17827
110 111 0.0127669 0 -0.183055 0 0 0 0 -0.170288
111 112 0.00106476 0 -1.08869 0 0 0 0 -1.08763
112 113 3.79888e-05 0 -1.17819 0 0 0 0 -1.17815
113 114 0.0156478 0 0 0 0 0 0 0.0156478
114 115 0.0429206 0 0 0 0 0 0 0.0429206
115 116 0.019257 0 -0.676729 0 0 0 0 -0.657472
116 117 0.0309887 0 -1.27491 0 0 0 0 -1.24392
116 118 0 0 0 0.0116131 0 0 0 0.0116131
117 118 0.0111316 0 0 0 0 0 0 0.0111316
118 119 0.107469 0 -0.9371 0 0 0 0 -0.829631
120 121 0.160641 0 -0.999315 0 0 0 0 -0.838674
121 122 0.0430151 0 -1.12695 0 0 0 0 -1.08393
122 123 0.00653441 0 -0.581962 0 0 0 0 -0.575428
123 124 0.00298565 0 -1.19761 0 0 0 0 -1.19463
123 125 0 0 0 0.00163431 0 0 0 0.00163431
124 125 0.0311342 0 0 0 0 0 0 0.0311342
125 126 0.0155212 0 -1.2544 0 0 0 0 -1.23887
126 127 0.00378634 0 -0.000910134 0 0 0 0 0.00287621
127 128 0.00437134 0 -1.28227 0 0 0 0 -1.2779
128 129 0.0581616 0 -1.15397 0 0 0 0 -1.09581
129 130 0.0810735 0 0 0 0 0 0 0.0810735
130 131 0.0115686 0 0 0 0 0 0 0.0115686
131 132 0.310474 0 -1.07934 0 0 0 0 -0.768867
132 133 0.00546392 0 -1.35578 0 0 0 0 -1.35031
133 134 0.00548781 0 -1.21276 0 0 0 0 -1.20727
134 135 0.00484324 0 0 0 0 0 0 0.00484324
135 136 0.0114591 0 -0 0 0 0 0 0.0114591
136 137 0.146926 0 -1.29733 0 0 0 0 -1.1504
135 138 0 0 0 0 -0 -0.0378502 0 -0.0378502
137 138 0.088957 0 -0.950559 0 0 0 0 -0.861602
138 139 0.0585332 0 -1.28138 0 0 0 0 -1.22285
140 141 0.0935398 0 -0.706133 0 0 0 0 -0.612593
141 142 0.178832 0 0 0 0 0 0 0.178832
142 143 0.00647783 0 -1.10894 0 0 0 0 -1.10247
143 144 0.0620541 0 -0 0 0 0 0 0.0620541
144 145 0.00113469 0 0 0 0 0 0 0.00113469
145 146 0.000229275 0 -1.21418 0 0 0 0 -1.21395
146 147 0.434304 0 -1.20691 0 0 0 0 -0.77261
147 148 0.0150115 0 0 0 0 0 0 0.0150115
148 149 0.0304969 0 -1.268 0 0 0 0 -1.2375
149 150 0.180269 0 0 0 0 0 0 0.180269
150 151 0.200795 0 -1.24872 0 0 0 0 -1.04793
151 152 0.0333933 0 -1.28733 0 0 0 0 -1.25394
152 153 0.0199784 0 -1.32895 0 0 0 0 -1.30897
150 154 0 0 0 0 0 -0.000644396 -0 -0.000644396
153 154 0.0478909 0 0 0 0 0 0 0.0478909
154 155 0.00592819 0 0 0 0 0 0 0.00592819
155 156 0.0955999 0 0 0 0 0 0 0.0955999
156 157 0.0681426 0 0 0 0 0 0 0.0681426
157 158 0.00582984 0 0 0 0 0 0 0.00582984
158 159 0.00192927 0 -1.25474 0 0 0 0 -1.25281
160 161 0.00892962 0 0 0 0 0 0 0.00892962
161 162 0.00948602 0 -1.34988 0 0 0 0 -1.34039
162 163 0.000196382 0 0 0 0 0 0 0.000196382
163 164 0.0306954 0 -1.31546 0 0 0 0 -1.28476
164 165 0.00791163 0 -1.2097 0 0 0 0 -1.20179
165 166 0.0442862 0 -1.08935 0 0 0 0 -1.04506
166 167 0.00392196 0 -1.03735 0 0 0 0 -1.03343
167 168 0.00719462 0 -1.11654 0 0 0 0 -1.10935
168 169 7.64893e-05 0 -1.05447 0 0 0 0 -1.05439
169 170 0.00576344 0 0 0 0 0 0 0.00576344
170 171 0.0106526 0 0 0 0 0 0 0.0106526
171 172 0.0194438 0 -1.36692 0 0 0 0 -1.34748
172 173 0.0231639 0 0 0 0 0 0 0.0231639
169 174 0 0 0 0 0 -0.00275364 0 -0.00275364
173 174 0.0701713 0 -0.978452 0 0 0 0 -0.90828
169 175 0 0 0 0 -0.90844 0 -0 -0.90844
168 175 0 0 0 0 -0 -0.161577 0 -0.161577
174 175 0.0124081 0 -1.27558 0 0 0 0 -1.26317
169 176 0 0 0 0 -0 -0.15136 0 -0.15136
168 176 0 0 0 0 -0.70614 0 -0 -0.70614
167 176 0 0 0 0 0 -0.0628948 -0 -0.0628948
175 176 0.00694923 0 -1.25988 0 0 0 0 -1.25293
168 177 0 0 0 0 0 -0.0518995 -0 -0.0518995
167 177 0 0 0 0 -0.770059 0 -0 -0.770059
166 177 0 0 0 0 -0 -0.121693 -0 -0.121693
176 177 0.000108109 0 -1.24963 0 0 0 0 -1.24953
167 178 0 0 0 0 -0 -0.155958 0 -0.155958
166 178 0 0 0 0 -0.561442 0 -0 -0.561442
165 178 0 0 0 0 0 -0.00127451 -0 -0.00127451
177 178 0.0817836 0 -1.10111 0 0 0 0 -1.01933
166 179 0 0 0 0 0 -0.189468 0 -0.189468
165 179 0 0 0 0 -0.839287 0 -0 -0.839287
164 179 0 0 0 0 0 -0.135266 0 -0.135266
178 179 0.00283447 0.214045 -0.833127 0 0 0 0 -0.616248
180 181 0.00287926 0 -1.12056 0 0 0 0 -1.11768
181 182 0.110976 0 -1.32858 0 0 0 0 -1.21761
182 183 0.00244284 0 -0 0 0 0 0 0.00244284
183 184 0.0695631 0 -1.33362 0 0 0 0 -1.26405
184 185 0.00547129 0 -1.19773 0 0 0 0 -1.19226
185 186 0.00286641 0 0 0 0 0 0 0.00286641
186 187 0.00266015 0 -1.36114 0 0 0 0 -1.35848
187 188 0.000897249 0 0 0 0 0 0 0.000897249
188 189 0.0187133 0 0 0 0 0 0 0.0187133
189 190 0.0599534 0 -1.42525 0 0 0 0 -1.3653
190 191 0.00931619 0 0 0 0 0 0 0.00931619
191 192 0.0329337 0 -1.39735 0 0 0 0 -1.36441
192 193 0.057609 0 -1.31164 0 0 0 0 -1.25404
193 194 0.0130798 0 -1.21307 0 0 0 0 -1.19999
194 195 0.0982607 0 -0.86957 0 0 0 0 -0.771309
195 196 0.0197864 0 -1.27534 0 0 0 0 -1.25556
196 197 0.0261526 0 -0.988514 0 0 0 0 -0.962361
197 198 0.040033 0 -1.22056 0 0 0 0 -1.18052
198 199 0.00746646 0 0 0 0 0 0 0.00746646
200 201 0.0308052 0 0 0 0 0 0 0.0308052
201 202 0.0202281 0 0 0 0 0 0 0.0202281
202 203 0.004674 0 -1.39083 0 0 0 0 -1.38616
203 204 0.000888224 0 -1.04552 0 0 0 0 -1.04463
204 205 0.0486721 0 -1.17175 0 0 0 0 -1.12308
205 206 0.152389 0 0 0 0 0 0 0.152389
206 207 0.113227 0 -0.980393 0 0 0 0 -0.867166
207 208 0.00102263 0 0 0 0 0 0 0.00102263
208 209 0.0676233 0 -0 0 0 0 0 0.0676233
209 210 0.124127 0 0 0 0 0 0 0.124127
210 211 0.0400935 0 -0.84207 0 0 0 0 -0.801976
211 212 0.0122021 0 0 0 0 0 0 0.0122021
212 213 0.000875263 0 -1.08391 0 0 0 0 -1.08303
213 214 0.000590027 0 0 0 0 0 0 0.000590027
214 215 0.182021 0 0 0 0 0 0 0.182021
215 216 0.0901925 0 -0.853187 0 0 0 0 -0.762995
216 217 0.017178 0 -1.21254 0 0 0 0 -1.19536
217 218 0.0882457 0 -1.06824 0 0 0 0 -0.979995
218 219 0.113066 0 -1.12746 0 0 0 0 -1.01439
220 221 0.00195497 0 -1.14166 0 0 0 0 -1.1397
221 222 0.0983045 0 -1.37133 0 0 0 0 -1.27302
222 223 0.00515885 0 -1.11436 0 0 0 0 -1.1092
223 224 0.0128 0 -0.850276 0 0 0 0 -0.837476
224 225 0.0278217 0 -0.901317 0 0 0 0 -0.873495
225 226 0.0490778 0 -1.34668 0 0 0 0 -1.2976
226 227 0.0404315 0 -1.32594 0 0 0 0 -1.2855
227 228 0.00743872 0 -1.25738 0 0 0 0 -1.24994
228 229 0.00315805 0 0 0 0 0 0 0.00315805
229 230 0.0310621 0 -0.352376 0 0 0 0 -0.321314
230 231 0.0079967 0 -0.91962 0 0 0 0 -0.911623
231 232 0.0585037 0 0 0 0 0 0 0.0585037
232 233 0.0447982 0 -0.972746 0 0 0 0 -0.927948
233 234 0.00209261 0 -1.12278 0 0 0 0 -1.12069
234 235 3.47284e-05 0 0 0 0 0 0 3.47284e-05
235 236 0.0100386 0 -1.17643 0 0 0 0 -1.16639
236 237 0.192604 0 0 0 0 0 0 0.192604
237 238 0.00332602 0 0 0 0 0 0 0.00332602
238 239 0.233326 0 0 0 0 0 0 0.233326
240 241 0.0595839 0 0 0 0 0 0 0.0595839
241 242 0.00308144 0 -1.16243 0 0 0 0 -1.15935
242 243 0.00118093 0 -0.897826 0 0 0 0 -0.896645
243 244 0.0733778 0 0 0 0 0 0 0.0733778
244 245 0.00172891 0 -1.41881 0 0 0 0 -1.41708
245 246 0.0153885 0 -1.26406 0 0 0 0 -1.24867
246 247 0.0219355 0 0 0 0 0 0 0.0219355
247 248 0.0324009 0 -1.23874 0 0 0 0 -1.20634
248 249 0.0176443 0 0 0 0 0 0 0.0176443
249 250 0.0512205 0 -1.23621 0 0 0 0 -1.18499
250 251 0.0114819 0 0 0 0 0 0 0.0114819
251 252 0.0303061 0 0 0 0 0 0 0.0303061
252 253 0.00337769 0 0 0 0 0 0 0.00337769
253 254 0.00776892 0 0 0 0 0 0 0.00776892
254 255 0.00900798 0 -0 0 0 0 0 0.00900798
255 256 0.0927715 0 -0.170506 0 0 0 0 -0.0777343
256 257 0.0194506 0 0 0 0 0 0 0.0194506
257 258 0.00160902 0 -0 0 0 0 0 0.00160902
258 259 0.0034813 0 -1.28762 0 0 0 0 -1.28414
260 261 0.0684797 0 -0.950835 0 0 0 0 -0.882355
261 262 0.0523961 0 0 0 0 0 0 0.0523961
262 263 5.70962e-05 0 0 0 0 0 0 5.70962e-05
263 264 0.000608766 0 0 0 0 0 0 0.000608766
264 265 0.16801 0 -1.15523 0 0 0 0 -0.987216
265 266 0.00012301 0 -1.01118 0 0 0 0 -1.01106
266 267 0.00658563 0 -1.12582 0 0 0 0 -1.11924
267 268 0.00857439 0 -0 0 0 0 0 0.00857439
268 269 0.175191 0 -1.3187 0 0 0 0 -1.14351
269 270 0.0297625 0 0 0 0 0 0 0.0297625
270 271 0.0590897 0 0 0 0 0 0 0.0590897
271 272 0.00401778 0 -1.04211 0 0 0 0 -1.03809
272 273 0.0140218 0 -0.914529 0 0 0 0 -0.900507
273 274 0.00554053 0 0 0 0 0 0 0.00554053
274 275 0.111252 0 -1.25875 0 0 0 0 -1.14749
275 276 0.293977 0 -1.1127 0 0 0 0 -0.818726
276 277 0.25554 0 -1.24777 0 0 0 0 -0.992226
277 278 0.0216899 0 -1.17906 0 0 0 0 -1.15737
278 279 0.00127001 0 -0.702659 0 0 0 0 -0.701389
280 281 0.00418518 0 0 0 0 0 0 0.00418518
281 282 0.0740918 0 -0.817069 0 0 0 0 -0.742977
282 283 0.0847119 0 0 0 0 0 0 0.0847119
283 284 0.0237286 0 0 0 0 0 0 0.0237286
284 285 0.00766987 0 0 0 0 0 0 0.00766987
285 286 0.05889 0 -3.3367e-05 0 0 0 0 0.0588567
286 287 0.0972127 0 -1.21618 0 0 0 0 -1.11896
287 288 0.00351126 0 -1.1933 0 0 0 0 -1.18979
288 289 0.243493 0 -1.27478 0 0 0 0 -1.03129
289 290 0.00012381 0 0 0 0 0 0 0.00012381
290 291 0.14673 0 -0.992913 0 0 0 0 -0.846183
291 292 0.137506 0 0 0 0 0 0 0.137506
292 293 0.023001 0 -1.25355 0 0 0 0 -1.23055
293 294 0.0598624 0 0 0 0 0 0 0.0598624
294 295 0.0503341 0 0 0 0 0 0 0.0503341
295 296 0.142912 0 -0.818595 0 0 0 0 -0.675683
296 297 0.230873 0 -1.20865 0 0 0 0 -0.977774
297 298 0.0599441 0 0 0 0 0 0 0.0599441
298 299 5.06007e-05 0 -1.20375 0 0 0 0 -1.2037
300 301 0.0120436 0 -0.826581 0 0 0 0 -0.814538
301 302 0.0348566 0 -1.20581 0 0 0 0 -1.17095
302 303 0.0172566 0 -1.0783 0 0 0 0 -1.06104
303 304 0.000444649 0 -1.08883 0 0 0 0 -1.08839
304 305 0.00771522 0 -0 0 0 0 0 0.00771522
305 306 0.237607 0 0 0 0 0 0 0.237607
306 307 0.0157221 0 -1.0674 0 0 0 0 -1.05168
307 308 0.0143293 0 -0 0 0 0 0 0.0143293
308 309 0.000138509 0 0 0 0 0 0 0.000138509
309 310 0.0417746 0 -1.35059 0 0 0 0 -1.30881
310 311 0.0524196 0 -1.36123 0 0 0 0 -1.30881
311 312 0.169669 0 -1.40175 0 0 0 0 -1.23208
312 313 0.0689326 0 0 0 0 0 0 0.0689326
313 314 0.021564 0 0 0 0 0 0 0.021564
314 315 0.0212991 0 0 0 0 0 0 0.0212991
315 316 0.00555294 0 -1.43183 0 0 0 0 -1.42628
316 317 0.137285 0 -0.794062 0 0 0 0 -0.656777
317 318 0.0464427 0 -0.825548 0 0 0 0 -0.779106
318 319 0.00169029 0 0 0 0 0 0 0.00169029
320 321 0.0999234 0 -1.12446 0 0 0 0 -1.02454
321 322 0.00036133 0 0 0 0 0 0 0.00036133
322 323 0.10093 0 -0 0 0 0 0 0.10093
323 324 0.0567834 0 0 0 0 0 0 0.0567834
324 325 0.0345227 0 0 0 0 0 0 0.0345227
325 326 0.0183183 0 0 0 0 0 0 0.0183183
326 327 0.044969 0 0 0 0 0 0 0.044969
327 328 0.0125218 0 -1.05384 0 0 0 0 -1.04132
328 329 0.00224774 0 -0.863872 0 0 0 0 -0.861624
329 330 0.00190644 0 -0 0 0 0 0 0.00190644
330 331 0.057995 0 0 0 0 0 0 0.057995
331 332 0.10459 0 -0.518187 0 0 0 0 -0.413597
332 333 0.0257295 0 -0.600876 0 0 0 0 -0.575146
333 334 0.000299252 0 -1.26086 0 0 0 0 -1.26056
334 335 0.000288679 0 0 0 0 0 0 0.000288679
335 336 0.0603435 0 -0 0 0 0 0 0.0603435
336 337 0.00678569 0 -1.21675 0 0 0 0 -1.20997
337 338 0.0561059 0 0 0 0 0 0 0.0561059
338 339 0.000753609 0 -1.33524 0 0 0 0 -1.33449
340 341 0.00156603 0 -0.985875 0 0 0 0 -0.984309
341 342 0.0468455 0 -0.607696 0 0 0 0 -0.560851
342 343 0.144792 0 -1.26918 0 0 0 0 -1.12439
343 344 0.015452 0 -0.744766 0 0 0 0 -0.729314
344 345 0.00372286 0 -1.09093 0 0 0 0 -1.0872
345 346 0.000403688 0 0 0 0 0 0 0.000403688
346 347 0.000109587 0 0 0 0 0 0 0.000109587
347 348 0.0184779 0 -1.0581 0 0 0 0 -1.03962
348 349 0.000289732 0 -1.16525 0 0 0 0 -1.16496
349 350 0.127181 0 0 0 0 0 0 0.127181
350 351 0.0027698 0 -0.813186 0 0 0 0 -0.810416
351 352 0.0110551 0 -1.18903 0 0 0 0 -1.17797
352 353 0.175958 0 0 0 0 0 0 0.175958
353 354 0.126942 0 0 0 0 0 0 0.126942
354 355 0.267614 0 -1.00937 0 0 0 0 -0.741758
355 356 0.129206 0 0 0 0 0 0 0.129206
356 357 0.137242 0 -1.06856 0 0 0 0 -0.931319
357 358 0.00517215 0 -1.279 0 0 0 0 -1.27383
358 359 0.127446 0 -1.36561 0 0 0 0 -1.23816
360 361 0.0294933 0 0 0 0 0 0 0.0294933
361 362 0.00191318 0 0 0 0 0 0 0.00191318
362 363 0.0278749 0 -0.738883 0 0 0 0 -0.711008
360 364 0 0 0 0 -0.000869594 -0.000415134 0 -0.00128473
363 364 4.20445e-05 0 -1.30621 0 0 0 0 -1.30616
360 365 0 0 0 0 0 -0.000488982 0 -0.000488982
364 365 0.00193717 0 -1.3354 0 0 0 0 -1.33346
365 366 3.33982e-05 0 0 0 0 0 0 3.33982e-05
366 367 0.000172561 0 -1.12805 0 0 0 0 -1.12787
367 368 0.0214267 0 -0.551527 0 0 0 0 -0.530101
368 369 0.0613545 0 -1.32394 0 0 0 0 -1.26258
369 370 0.0604328 0 -0.867821 0 0 0 0 -0.807389
370 371 0.0322587 0 0 0 0 0 0 0.0322587
371 372 0.122432 0 0 0 0 0 0 0.122432
372 373 4.9842e-06 0 0 0 0 0 0 4.9842e-06
373 374 0.0106535 0 0 0 0 0 0 0.0106535
374 375 0.0178805 0 -1.36012 0 0 0 0 -1.34224
375 376 0.0687868 0 -0.7249 0 0 0 0 -0.656113
376 377 0.142236 0 -1.26211 0 0 0 0 -1.11987
377 378 0.0286069 0 0 0 0 0 0 0.0286069
378 379 0.00974961 0 0 0 0 0 0 0.00974961
380 381 0.00335269 0 -1.15561 0 0 0 0 -1.15226
381 382 0.0757961 0 -0 0 0 0 0 0.0757961
382 383 0.0940791 0 -1.25408 0 0 0 0 -1.16
383 384 0.190721 0 -1.17071 0 0 0 0 -0.979993
384 385 0.160096 0 0 0 0 0 0 0.160096
385 386 4.86859e-06 0 -1.07561 0 0 0 0 -1.0756
386 387 0.000720435 0 -0.865782 0 0 0 0 -0.865061
387 388 0.00195984 0 -1.39568 0 0 0 0 -1.39372
388 389 0.101906 0 0 0 0 0 0 0.101906
389 390 0.00267156 0 0 0 0 0 0 0.00267156
390 391 0.0205533 0 0 0 0 0 0 0.0205533
391 392 0.0024071 0 0 0 0 0 0 0.0024071
392 393 0.109694 0 -1.26673 0 0 0 0 -1.15704
393 394 0.00157276 0 -0.912226 0 0 0 0 -0.910653
394 395 0.0995576 0 0 0 0 0 0 0.0995576
395 396 4.36714e-05 0 0 0 0 0 0 4.36714e-05
396 397 0.0174078 0 -1.21084 0 0 0 0 -1.19343
397 398 0.0791618 0 -1.22824 0 0 0 0 -1.14908
398 399 0.00424085 0 -1.39073 0 0 0 0 -1.38649
400 401 0.0265575 0 -1.19026 0 0 0 0 -1.1637
401 402 0.147854 0 -1.41023 0 0 0 0 -1.26238
402 403 0.0498309 0 -1.28194 0 0 0 0 -1.23211
403 404 0.0177906 0 0 0 0 0 0 0.0177906
404 405 0.000385711 0 -1.35516 0 0 0 0 -1.35477
405 406 0.0774867 0 -1.28431 0 0 0 0 -1.20682
406 407 0.0138615 0 0 0 0 0 0 0.0138615
407 408 0.0172676 0 -0.826593 0 0 0 0 -0.809326
408 409 0.00158438 0 -1.16812 0 0 0 0 -1.16654
409 410 0.00319465 0 -0 0 0 0 0 0.00319465
410 411 0.0746209 0 0 0 0 0 0 0.0746209
411 412 0.124436 0 -1.24416 0 0 0 0 -1.11972
412 413 0.0932581 0 -1.20852 0 0 0 0 -1.11526
413 414 0.0522329 0 -1.33968 0 0 0 0 -1.28745
414 415 0.0271128 0 -1.30754 0 0 0 0 -1.28043
415 416 0.0373999 0 -1.11526 0 0 0 0 -1.07786
416 417 0.0597881 0 -1.3503 0 0 0 0 -1.29051
417 418 0.0673169 0 0 0 0 0 0 0.0673169
418 419 0.188732 0 -1.34225 0 0 0 0 -1.15352
420 421 0.00151399 0 0 0 0 0 0 0.00151399
421 422 0.00010321 0 0 0 0 0 0 0.00010321
422 423 0.0585618 0 -1.22838 0 0 0 0 -1.16981
423 424 0.00181761 0 -1.212 0 0 0 0 -1.21018
424 425 0.031167 0 -0.919147 0 0 0 0 -0.88798
425 426 0.00726582 0 -1.3353 0 0 0 0 -1.32803
426 427 0.0949385 0 -0.982806 0 0 0 0 -0.887867
427 428 0.0527573 0 -0.321703 0 0 0 0 -0.268946
428 429 0.0105743 0 0 0 0 0 0 0.0105743
429 430 0.000423761 0 -0 0 0 0 0 0.000423761
430 431 0.0117378 0 -1.18038 0 0 0 0 -1.16864
431 432 0.00664434 0 0 0 0 0 0 0.00664434
432 433 0.0407879 0 0 0 0 0 0 0.0407879
433 434 0.0921179 0 -1.33196 0 0 0 0 -1.23984
434 435 0.000986643 0 -1.37873 0 0 0 0 -1.37774
435 436 0.002033 0 -1.06711 0 0 0 0 -1.06508
436 437 0.100489 0 -1.34604 0 0 0 0 -1.24556
437 438 0.0534074 0 0 0 0 0 0 0.0534074
438 439 0.0431402 0 0 0 0 0 0 0.0431402
440 441 0.14057 0 -1.08407 0 0 0 0 -0.943497
441 442 0.0351282 0 0 0 0 0 0 0.0351282
442 443 0.0251259 0 -0 0 0 0 0 0.0251259
443 444 0.164675 0 0 0 0 0 0 0.164675
444 445 0.0346521 0 0 0 0 0 0 0.0346521
445 446 0.0604917 0 -1.40923 0 0 0 0 -1.34873
446 447 0.00149465 0 -0.981261 0 0 0 0 -0.979767
447 448 0.000173004 0 -0.896593 0 0 0 0 -0.89642
448 449 0.0294371 0 -0.637922 0 0 0 0 -0.608485
449 450 0.221235 0 -1.26973 0 0 0 0 -1.04849
450 451 0.0074664 0 -1.23192 0 0 0 0 -1.22445
451 452 0.0041462 0 0 0 0 0 0 0.0041462
452 453 0.0134988 0 -1.30629 0 0 0 0 -1.29279
453 454 0.0183894 0 -0.99269 0 0 0 0 -0.974301
454 455 0.0123903 0 -1.00321 0 0 0 0 -0.990818
455 456 0.0908441 0 0 0 0 0 0 0.0908441
456 457 0.00210455 0 -1.20617 0 0 0 0 -1.20406
457 458 0.00597691 0 -1.26868 0 0 0 0 -1.2627
458 459 0.0384969 0 -0.860697 0 0 0 0 -0.8222
460 461 0.000135856 0 -1.29675 0 0 0 0 -1.29662
461 462 0.00886865 0 -0.877181 0 0 0 0 -0.868312
462 463 0.0455915 0 -1.00596 0 0 0 0 -0.960369
463 464 0.0233628 0 -1.16483 0 0 0 0 -1.14146
464 465 0.011607 0 0 0 0 0 0 0.011607
465 466 0.0024521 0 0 0 0 0 0 0.0024521
466 467 0.00278253 0 -1.09013 0 0 0 0 -1.08735
467 468 0.0270611 0 -1.03425 0 0 0 0 -1.00719
468 469 0.000749949 0 -0.919419 0 0 0 0 -0.918669
469 470 0.00115651 0 -1.09985 0 0 0 0 -1.09869
470 471 0.0546212 0 0 0 0 0 0 0.0546212
471 472 0.000294856 0 -0.591107 0 0 0 0 -0.590812
470 473 0 0 0 0 0 -0.1855 0 -0.1855
472 473 0.0030051 0 0 0 0 0 0 0.0030051
470 474 0 0 0 0 -0.809543 0 -0 -0.809543
469 474 0 0 0 0 0 -0.153734 0 -0.153734
473 474 0.00263181 0 -1.27948 0 0 0 0 -1.27685
470 475 0 0 0 0 0 -0.188933 0 -0.188933
469 475 0 0 0 0 -0.876593 0 -0 -0.876593
468 475 0 0 0 0 0 -0.126925 0 -0.126925
474 475 0.00789829 0 -1.27129 0 0 0 0 -1.26339
467 476 0 0 0 0 0 -0.112629 -0 -0.112629
469 476 0 0 0 0 0 -0.169205 0 -0.169205
468 476 0 0 0 0 -0.738219 0 -0 -0.738219
475 476 0.147691 0 -1.40436 0 0 0 0 -1.25667
467 477 0 0 0 0 -0.854947 0 -0 -0.854947
468 477 0 0 0 0 0 -0.130357 0 -0.130357
466 477 0 0 0 0 0 -0.147374 0 -0.147374
476 477 0.252171 0 -1.32 0 0 0 0 -1.06783
467 478 0 0 0 0 0 -0.155714 0 -0.155714
466 478 0 0 0 0 -0.627225 0 -0 -0.627225
477 478 0.0708934 0 -1.15926 0 0 0 0 -1.08837
478 479 0.0411821 0 0 0 0 0 0 0.0411821
480 481 0.0126529 0 0 0 0 0 0 0.0126529
481 482 0.0152527 0 0 0 0 0 0 0.0152527
482 483 0.0297018 0 -1.262 0 0 0 0 -1.2323
483 484 0.0554229 0 -1.25749 0 0 0 0 -1.20207
484 485 0.0477479 0 0 0 0 0 0 0.0477479
485 486 0.0099105 0 -1.19405 0 0 0 0 -1.18414
486 487 0.140624 0 -0 0 0 0 0 0.140624
487 488 0.000648947 0 0 0 0 0 0 0.000648947
488 489 8.51037e-07 0 -1.05271 0 0 0 0 -1.05271
489 490 0.0306143 0 -1.21582 0 0 0 0 -1.18521
490 491 0.0114734 0 -1.02638 0 0 0 0 -1.01491
491 492 0.0113785 0 -0.940061 0 0 0 0 -0.928683
492 493 0.0355201 0 0 0 0 0 0 0.0355201
493 494 0.00062223 0 -1.3441 0 0 0 0 -1.34348
494 495 0.0103032 0 -0.743878 0 0 0 0 -0.733574
495 496 0.0232951 0 0 0 0 0 0 0.0232951
496 497 0.0335812 0 0 0 0 0 0 0.0335812
497 498 0.000399224 0 -1.3274 0 0 0 0 -1.327
498 499 0.00243674 0 -1.2558 0 0 0 0 -1.25336
500 501 0.701553 0 -1.06687 0 0 0 0 -0.365319
501 502 0.00858886 0 -1.37967 0 0 0 0 -1.37108
502 503 0.178035 0 -1.33319 0 0 0 0 -1.15515
503 504 0.0198878 0 -1.12984 0 0 0 0 -1.10996
504 505 0.0117355 0 -0.869551 0 0 0 0 -0.857816
505 506 0.135882 0 -1.17338 0 0 0 0 -1.0375
506 507 0.00124404 0 -1.26961 0 0 0 0 -1.26837
507 508 0.00367991 0 -1.21252 0 0 0 0 -1.20884
508 509 0.000987368 0 -1.0733 0 0 0 0 -1.07232
509 510 0.213575 0 -0.64664 0 0 0 0 -0.433065
510 511 0.0229145 0 -1.1601 0 0 0 0 -1.13718
511 512 0.00561801 0 -0 0 0 0 0 0.00561801
512 513 0.0038251 0 0 0 0 0 0 0.0038251
513 514 0.00518082 0 -1.15867 0 0 0 0 -1.15349
514 515 0.000291226 0 0 0 0 0 0 0.000291226
515 516 0.158205 0 -0.955706 0 0 0 0 -0.797501
516 517 0.11228 0 -1.14538 0 0 0 0 -1.0331
517 518 0.0154012 0 -1.22498 0 0 0 0 -1.20958
518 519 0.0838932 0 -1.08498 0 0 0 0 -1.00108
520 521 0.0794369 0 0 0 0 0 0 0.0794369
521 522 0.084002 0 -0.874704 0 0 0 0 -0.790702
522 523 0.0670543 0 -1.27343 0 0 0 0 -1.20638
523 524 0.0852391 0 0 0 0 0 0 0.0852391
524 525 0.0438928 0 0 0 0 0 0 0.0438928
525 526 6.17628e-06 0 0 0 0 0 0 6.17628e-06
526 527 0.0118097 0 0 0 0 0 0 0.0118097
527 528 0.000310639 0 -0 0 0 0 0 0.000310639
528 529 0.000693062 0 -0.995157 0 0 0 0 -0.994464
529 530 0.0439271 0 0 0 0 0 0 0.0439271
530 531 0.0360596 0 -0 0 0 0 0 0.0360596
531 532 0.00119469 0 0 0 0 0 0 0.00119469
532 533 0.0157703 0 -0 0 0 0 0 0.0157703
533 534 0.0336548 0 -1.03669 0 0 0 0 -1.00304
534 535 2.49728e-05 0 -0 0 0 0 0 2.49728e-05
535 536 0.0300087 0 -1.00678 0 0 0 0 -0.976768
536 537 0.0672657 0 0 0 0 0 0 0.0672657
537 538 0.0358275 0 -1.21877 0 0 0 0 -1.18294
538 539 0.0464002 0 -1.21023 0 0 0 0 -1.16383
540 541 0.00102018 0 -1.0607 0 0 0 0 -1.05968
541 542 0.00459605 0 -1.25319 0 0 0 0 -1.2486
542 543 0.00656267 0 -0.99143 0 0 0 0 -0.984867
543 544 0.0676148 0 0 0 0 0 0 0.0676148
544 545 0.0018315 0 0 0 0 0 0 0.0018315
545 546 0.0275065 0 -1.03856 0 0 0 0 -1.01106
546 547 0.00012542 0 0 0 0 0 0 0.00012542
547 548 0.0124545 0 -1.17347 0 0 0 0 -1.16102
548 549 0.023696 0 -1.24866 0 0 0 0 -1.22496
549 550 0.0242547 0 0 0 0 0 0 0.0242547
550 551 0.0479986 0 -1.14243 0 0 0 0 -1.09443
551 552 0.111779 0 -1.39311 0 0 0 0 -1.28133
552 553 0.00322156 0 -0.772597 0 0 0 0 -0.769375
553 554 0.0712811 0 -1.25062 0 0 0 0 -1.17933
554 555 0.00957421 0 -0.841966 0 0 0 0 -0.832391
555 556 0.094876 0 -0.995732 0 0 0 0 -0.900856
556 557 0.015924 0 -1.07242 0 0 0 0 -1.0565
557 558 0.000137353 0 -1.3077 0 0 0 0 -1.30756
558 559 0.113956 0 0 0 0 0 0 0.113956
560 561 0.0173667 0 -1.25061 0 0 0 0 -1.23324
561 562 0.019813 0 -1.30981 0 0 0 0 -1.29
562 563 0.0155437 0 -0.843281 0 0 0 0 -0.827737
563 564 0.00147764 0 0 0 0 0 0 0.00147764
564 565 0.00452074 0 -0 0 0 0 0 0.00452074
565 566 0.0133076 0 -0 0 0 0 0 0.0133076
566 567 0.0126225 0 0 0 0 0 0 0.0126225
567 568 8.23321e-05 0 -1.344 0 0 0 0 -1.34392
568 569 0.0726375 0 -1.21953 0 0 0 0 -1.14689
569 570 0.0220812 0 0 0 0 0 0 0.0220812
570 571 0.00788478 0 -1.03607 0 0 0 0 -1.02819
571 572 0.0135362 0 -1.20888 0 0 0 0 -1.19534
572 573 0.000574264 0 0 0 0 0 0 0.000574264
573 574 0.00191401 0 -1.29209 0 0 0 0 -1.29018
574 575 7.01092e-05 0 -1.27836 0 0 0 0 -1.27829
575 576 0.00169316 0 -1.10863 0 0 0 0 -1.10693
576 577 0.00429554 0 -0.9078 0 0 0 0 -0.903504
577 578 0.102111 0 -1.14557 0 0 0 0 -1.04345
578 579 0.00969759 0 -0.763941 0 0 0 0 -0.754244
580 581 0.100467 0 0 0 0 0 0 0.100467
581 582 0.0170274 0 -1.27026 0 0 0 0 -1.25323
582 583 0.0482926 0 -1.26831 0 0 0 0 -1.22002
583 584 0.0250083 0 -1.27603 0 0 0 0 -1.25102
584 585 0.00436953 0 0 0 0 0 0 0.00436953
585 586 0.0403102 0 -1.35698 0 0 0 0 -1.31667
586 587 0.0572512 0 0 0 0 0 0 0.0572512
587 588 0.0620597 0 -1.34762 0 0 0 0 -1.28556
588 589 5.74654e-05 0 0 0 0 0 0 5.74654e-05
589 590 0.00134952 0 -1.31009 0 0 0 0 -1.30874
590 591 0.00119934 0 0 0 0 0 0 0.00119934
591 592 0.0103605 0 -1.11076 0 0 0 0 -1.1004
592 593 0.17684 0 -1.11294 0 0 0 0 -0.936104
593 594 0.13918 0 -0.966956 0 0 0 0 -0.827776
594 595 0.0694522 0 0 0 0 0 0 0.0694522
595 596 0.0424006 0 0 0 0 0 0 0.0424006
596 597 0.0179812 0 -1.39136 0 0 0 0 -1.37338
597 598 0.0467721 0 0 0 0 0 0 0.0467721
598 599 0.0220431 0 -0.704861 0 0 0 0 -0.682818
#Total energy per particle is  -0.626149 and should be -0.62614910
