#id1 id2 FENE BEXC STCK NEXC HB CRSTCK CXSTCK total, t = 200000
0 1 0.00135283 0 -1.44469 0 0 0 0 -1.44333
1 2 0.0557922 0 -1.36983 0 0 0 0 -1.31404
2 3 0.0356365 0 0 0 0 0 0 0.0356365
3 4 0.000367153 0 0 0 0 0 0 0.000367153
4 5 0.124691 0 0 0 0 0 0 0.124691
5 6 0.133527 0 -1.22131 0 0 0 0 -1.08778
6 7 0.0196143 0 -1.34658 0 0 0 0 -1.32696
7 8 0.0829136 0 -1.45903 0 0 0 0 -1.37612
8 9 0.126255 0 0 0 0 0 0 0.126255
9 10 0.248119 0 -1.36474 0 0 0 0 -1.11662
10 11 0.000256972 0 -1.35707 0 0 0 0 -1.35681
11 12 0.278599 0 -1.20589 0 0 0 0 -0.927289
12 13 0.196322 0 -0.611093 0 0 0 0 -0.414771
13 14 8.33652e-05 0 0 0 0 0 0 8.33652e-05
14 15 0.0468407 0 -0.859935 0 0 0 0 -0.813094
15 16 0.0961434 0 -1.33133 0 0 0 0 -1.23518
16 17 0.00236464 0 0 0 0 0 0 0.00236464
17 18 0.00192162 0 -0 0 0 0 0 0.00192162
18 19 0.00195147 0 -1.25797 0 0 0 0 -1.25602
20 21 0.00908372 0 0 0 0 0 0 0.00908372
21 22 0.0335928 0 -1.19681 0 0 0 0 -1.16321
22 23 0.121082 0 -1.37389 0 0 0 0 -1.25281
23 24 0.0069874 0 -1.00799 0 0 0 0 -1.001
24 25 0.080635 0 0 0 0 0 0 0.080635
25 26 0.30801 0 -1.19478 0 0 0 0 -0.886769
26 27 0.00183448 0 -1.39015 0 0 0 0 -1.38832
27 28 0.0237047 0 -1.16115 0 0 0 0 -1.13745
28 29 0.00330928 0 0 0 0 0 0 0.00330928
29 30 0.00538882 0 0 0 0 0 0 0.00538882
30 31 0.0748025 0 -1.4509 0 0 0 0 -1.3761
31 32 0.0230119 0 -1.15569 0 0 0 0 -1.13268
32 33 0.115369 0 -1.24164 0 0 0 0 -1.12627
33 34 0.038306 0 0 0 0 0 0 0.038306
34 35 0.00858486 0 -1.20056 0 0 0 0 -1.19198
35 36 0.240309 0 -1.26499 0 0 0 0 -1.02468
36 37 0.201329 0 -1.22973 0 0 0 0 -1.0284
37 38 1.9322e-05 0 0 0 0 0 0 1.9322e-05
38 39 0.0252282 0 0 0 0 0 0 0.0252282
40 41 5.62962e-06 0 0 0 0 0 0 5.62962e-06
41 42 0.00164631 0 -0 0 0 0 0 0.00164631
42 43 0.288161 0 -1.10389 0 0 0 0 -0.815729
43 44 0.00471074 0 -1.24677 0 0 0 0 -1.24206
44 45 0.0690432 0 -0.87691 0 0 0 0 -0.807866
45 46 0.214766 0 0 0 0 0 0 0.214766
46 47 0.00508898 0 -1.24761 0 0 0 0 -1.24252
47 48 0.0681925 0 0 0 0 0 0 0.0681925
48 49 0.0546327 0 -1.25132 0 0 0 0 -1.19668
49 50 0.000157926 0 -1.23339 0 0 0 0 -1.23324
50 51 0.000892944 0 0 0 0 0 0 0.000892944
51 52 0.00618037 0 -0.845196 0 0 0 0 -0.839016
52 53 0.203305 0 -1.10711 0 0 0 0 -0.903808
53 54 0.0774618 0 -1.28046 0 0 0 0 -1.203
54 55 9.73212e-05 0 -1.08254 0 0 0 0 -1.08244
55 56 0.0237376 0 -1.38012 0 0 0 0 -1.35638
56 57 0.00227366 0 -0.758696 0 0 0 0 -0.756422
57 58 0.00528717 0 0 0 0 0 0 0.00528717
58 59 0.0020845 0 -0.917586 0 0 0 0 -0.915501
60 61 0.000103327 0 -0 0 0 0 0 0.000103327
61 62 0.00315066 0 -0.90039 0 0 0 0 -0.897239
62 63 0.00285092 0 -0.88287 0 0 0 0 -0.880019
63 64 0.000122125 0 -1.03738 0 0 0 0 -1.03726
64 65 0.012953 0 -0.962423 0 0 0 0 -0.94947
65 66 0.139151 0 -1.24895 0 0 0 0 -1.1098
66 67 0.0173224 0 0 0 0 0 0 0.0173224
67 68 0.0116443 0 -1.07961 0 0 0 0 -1.06797
68 69 0.0123859 0 0 0 0 0 0 0.0123859
69 70 0.0473839 0 0 0 0 0 0 0.0473839
70 71 0.148881 0 -1.35159 0 0 0 0 -1.2027
71 72 0.100659 0 -1.41963 0 0 0 0 -1.31897
72 73 0.0424878 0.00714709 -1.04187 0 0 0 0 -0.992235
73 74 0.0662714 0 0 0 0 0 0 0.0662714
74 75 0.00136413 0 0 0 0 0 0 0.00136413
75 76 0.00958582 0 -1.01232 0 0 0 0 -1.00274
76 77 0.15784 0 0 0 0 0 0 0.15784
77 78 0.0859663 0 -0.938255 0 0 0 0 -0.852289
78 79 0.0201588 0 -1.11563 0 0 0 0 -1.09547
80 81 0.300223 0 0 0 0 0 0 0.300223
81 82 0.0590882 0 -1.03747 0 0 0 0 -0.978382
82 83 0.14324 0 -0.592336 0 0 0 0 -0.449097
83 84 0.132667 0 -1.06077 0 0 0 0 -0.928099
84 85 0.0120236 0 0 0 0 0 0 0.0120236
85 86 0.108543 0 -0 0 0 0 0 0.108543
86 87 0.0344129 0 -0 0 0 0 0 0.0344129
87 88 0.187327 0 -1.26833 0 0 0 0 -1.081
88 89 0.0557455 0 -0.980061 0 0 0 0 -0.924316
89 90 0.182889 0 0 0 0 0 0 0.182889
90 91 0.0440709 0 0 0 0 0 0 0.0440709
91 92 0.0553259 0 0 0 0 0 0 0.0553259
92 93 0.00890188 0 0 0 0 0 0 0.00890188
93 94 0.0133548 0 -0 0 0 0 0 0.0133548
90 95 0 0 0 0 0 -9.37749e-06 0 -9.37749e-06
94 95 0.237199 0 -0 0 0 0 0 0.237199
95 96 0.000776795 0 -1.29154 0 0 0 0 -1.29077
96 97 0.0180265 0 -1.16243 0 0 0 0 -1.1444
97 98 0.0128318 0 -0.8772 0 0 0 0 -0.864368
98 99 0.00929482 0 0 0 0 0 0 0.00929482
100 101 0.0276957 0 0 0 0 0 0 0.0276957
101 102 1.54553e-05 0 -1.39757 0 0 0 0 -1.39755
102 103 0.00165374 0 -1.30552 0 0 0 0 -1.30386
103 104 0.0548652 0 0 0 0 0 0 0.0548652
104 105 0.0845518 0 -1.39978 0 0 0 0 -1.31523
105 106 0.00206011 0 -0.798664 0 0 0 0 -0.796604
106 107 0.00275324 0 -1.33091 0 0 0 0 -1.32816
107 108 0.00542149 0 -0.852982 0 0 0 0 -0.847561
108 109 0.00536329 0 -0 0 0 0 0 0.00536329
109 110 0.0247514 0 -0.894218 0 0 0 0 -0.869467
110 111 0.049307 0 -0 0 0 0 0 0.049307
111 112 0.000214652 0 -1.14066 0 0 0 0 -1.14045
112 113 0.000753865 0 0 0 0 0 0 0.000753865
113 114 0.00873143 0 -0.996716 0 0 0 0 -0.987985
114 115 0.000470334 0 -0 0 0 0 0 0.000470334
115 116 0.005019 0 0 0 0 0 0 0.005019
116 117 0.00168502 0 -1.08551 0 0 0 0 -1.08382
117 118 0.0823666 0 -1.39905 0 0 0 0 -1.31668
118 119 0.00703502 0 -1.07598 0 0 0 0 -1.06894
120 121 0.000105932 0 -1.06956 0 0 0 0 -1.06945
121 122 0.0273569 0 -1.05859 0 0 0 0 -1.03123
122 123 0.0261117 0 -0.0068476 0 0 0 0 0.0192641
123 124 0.0033197 0 -0.905001 0 0 0 0 -0.901681
124 125 0.0412268 0 0 0 0 0 0 0.0412268
125 126 0.00530688 0 -1.34388 0 0 0 0 -1.33858
122 127 0 0 0 0 -0.00408041 0 0 -0.00408041
121 127 0 0 0 0 -0.000198836 -0.00268656 0 -0.0028854
126 127 3.45077e-05 0 -1.14223 0 0 0 0 -1.14219
122 128 0 0 0 0 -0.124037 -6.40484e-05 -0 -0.124101
121 128 0 0 0 0 -0.29744 0 -0 -0.29744
120 128 0 0 0 0 0 -0.051633 0 -0.051633
127 128 0.0140093 0 -0 0 0 0 0 0.0140093
120 129 0 0 0 0 -0.163556 -6.63444e-18 -0 -0.163556
128 129 0.00585899 0 -1.03554 0 0 0 0 -1.02968
120 130 0 0 0 0 -0 -0.00153343 0 -0.00153343
129 130 0.000165813 0 -1.20337 0 0 0 0 -1.2032
130 131 0.00242161 0 -1.21651 0 0 0 0 -1.21409
131 132 0.056079 0 -0.634171 0 0 0 0 -0.578092
132 133 0.0033587 0 0 0 0 0 0 0.0033587
133 134 0.0241105 0 0 0 0 0 0 0.0241105
134 135 0.195928 0 -0 0 0 0 0 0.195928
135 136 0.0156146 0 0 0 0 0 0 0.0156146
136 137 0.00207544 0 0 0 0 0 0 0.00207544
137 138 0.0338065 0 0 0 0 0 0 0.0338065
138 139 0.433893 0 0 0 0 0 0 0.433893
140 141 0.00630353 0 -1.32209 0 0 0 0 -1.31578
141 142 0.00493678 0 -1.21376 0 0 0 0 -1.20883
142 143 0.00871827 0 0 0 0 0 0 0.00871827
143 144 0.0521079 0 -1.24295 0 0 0 0 -1.19084
144 145 0.0525054 0 0 0 0 0 0 0.0525054
145 146 0.124352 0 -1.0316 0 0 0 0 -0.907246
146 147 0.165175 0 -0.657352 0 0 0 0 -0.492177
147 148 0.00127469 0 -1.17106 0 0 0 0 -1.16979
148 149 0.0252968 0 -1.29986 0 0 0 0 -1.27456
149 150 0.00450765 0 0 0 0 0 0 0.00450765
150 151 0.0165735 0 -1.42628 0 0 0 0 -1.4097
151 152 0.0315329 0 -1.29994 0 0 0 0 -1.2684
152 153 0.0248338 0 0 0 0 0 0 0.0248338
153 154 0.0464752 0 -1.29986 0 0 0 0 -1.25339
154 155 0.0113057 0 -1.35533 0 0 0 0 -1.34403
155 156 0.28376 0 -1.24575 0 0 0 0 -0.961992
156 157 0.00820814 0 -0.802791 0 0 0 0 -0.794583
157 158 0.112593 0 0 0 0 0 0 0.112593
158 159 4.30123e-05 0 -1.39472 0 0 0 0 -1.39468
160 161 0.00896521 0 0 0 0 0 0 0.00896521
161 162 0.0616623 0 -1.35962 0 0 0 0 -1.29796
162 163 0.0318078 0 -1.11337 0 0 0 0 -1.08156
163 164 0.0991031 0 -1.35641 0 0 0 0 -1.25731
164 165 0.0341226 0 -1.01619 0 0 0 0 -0.982071
165 166 0.00488421 0 -1.05504 0 0 0 0 -1.05016
166 167 0.0259137 0 -0.849029 0 0 0 0 -0.823115
167 168 0.290349 0 -1.24408 0 0 0 0 -0.953735
168 169 0.000591726 0 -1.02909 0 0 0 0 -1.0285
169 170 0.0443452 0 -0.927398 0 0 0 0 -0.883053
170 171 0.00165487 0 -0.984674 0 0 0 0 -0.983019
171 172 0.0477613 0 0 0 0 0 0 0.0477613
172 173 0.111514 0 0 0 0 0 0 0.111514
173 174 0.0174208 0 -1.34635 0 0 0 0 -1.32893
174 175 0.000387273 0 -0.953426 0 0 0 0 -0.953039
175 176 0.0818907 0 -1.16223 0 0 0 0 -1.08034
176 177 0.000181832 0 0 0 0 0 0 0.000181832
177 178 0.00913529 0 0 0 0 0 0 0.00913529
178 179 0.00224985 0 -0 0 0 0 0 0.00224985
180 181 0.000160855 0 0 0 0 0 0 0.000160855
181 182 0.131641 0 0 0 0 0 0 0.131641
182 183 0.0660888 0 0 0 0 0 0 0.0660888
183 184 0.0486349 0 -0.852735 0 0 0 0 -0.8041
184 185 0.0147063 0 0 0 0 0 0 0.0147063
185 186 0.00462803 0 -1.43304 0 0 0 0 -1.42841
186 187 0.0103076 0 -0.929315 0 0 0 0 -0.919008
187 188 0.144644 0 -1.19837 0 0 0 0 -1.05373
188 189 0.110902 0 0 0 0 0 0 0.110902
189 190 0.00218436 0 -1.46809 0 0 0 0 -1.46591
190 191 0.0136282 0 -1.07397 0 0 0 0 -1.06034
191 192 0.0031768 0 -1.0651 0 0 0 0 -1.06192
192 193 0.0249337 0 0 0 0 0 0 0.0249337
193 194 0.0568341 0 0 0 0 0 0 0.0568341
194 195 0.0379945 0 0 0 0 0 0 0.0379945
195 196 0.221195 0 -0.49253 0 0 0 0 -0.271335
196 197 0.0820336 0 0 0 0 0 0 0.0820336
197 198 0.148843 0 -1.16231 0 0 0 0 -1.01346
198 199 0.128725 0 0 0 0 0 0 0.128725
200 201 0.0209181 0 0 0 0 0 0 0.0209181
201 202 0.0434231 0 0 0 0 0 0 0.0434231
202 203 0.0187577 0 0 0 0 0 0 0.0187577
203 204 0.0419888 0 -1.02172 0 0 0 0 -0.97973
204 205 0.204534 0 -0.923365 0 0 0 0 -0.718831
205 206 7.45476e-08 0 -0 0 0 0 0 7.45476e-08
206 207 0.0199344 0 0 0 0 0 0 0.0199344
207 208 0.050832 0 -1.36411 0 0 0 0 -1.31328
208 209 0.104549 0 -1.3143 0 0 0 0 -1.20976
209 210 0.000581381 0 -1.009 0 0 0 0 -1.00842
210 211 0.043933 0 -0.9614 0 0 0 0 -0.917467
211 212 0.117746 0 -1.19665 0 0 0 0 -1.07891
212 213 0.01678 0 0 0 0 0 0 0.01678
213 214 0.0489745 0 -1.01632 0 0 0 0 -0.967343
214 215 0.0140417 0 0 0 0 0 0 0.0140417
215 216 0.0161329 0 0 0 0 0 0 0.0161329
216 217 0.0198365 0 -1.26418 0 0 0 0 -1.24434
217 218 0.0406815 0 -1.44243 0 0 0 0 -1.40175
218 219 0.0696764 0 -1.26142 0 0 0 0 -1.19174
220 221 0.0188142 0 0 0 0 0 0 0.0188142
221 222 0.0271667 0 -1.26099 0 0 0 0 -1.23382
222 223 0.100852 0 -1.09704 0 0 0 0 -0.99619
223 224 0.00203547 0 0 0 0 0 0 0.00203547
224 225 0.0496698 0 0 0 0 0 0 0.0496698
225 226 0.0632558 0 -1.14414 0 0 0 0 -1.08089
226 227 2.70302e-05 0 -0.952403 0 0 0 0 -0.952376
227 228 0.0267741 0 -1.35631 0 0 0 0 -1.32953
228 229 0.00154094 0 -0.718437 0 0 0 0 -0.716896
229 230 0.00130944 0 -1.02948 0 0 0 0 -1.02817
230 231 0.0783584 0 -1.41383 0 0 0 0 -1.33547
231 232 0.112372 0 -1.08306 0 0 0 0 -0.970691
232 233 0.0867039 0 -1.1875 0 0 0 0 -1.1008
233 234 0.0106622 0 -1.23461 0 0 0 0 -1.22395
234 235 0.0146826 0 -1.20503 0 0 0 0 -1.19034
235 236 0.0123324 0 0 0 0 0 0 0.0123324
236 237 0.0213537 0 -1.27989 0 0 0 0 -1.25854
237 238 0.0644324 0 -1.37374 0 0 0 0 -1.30931
238 239 0.112847 0 0 0 0 0 0 0.112847
240 241 0.00173232 0 0 0 0 0 0 0.00173232
241 242 0.038211 0 -1.17616 0 0 0 0 -1.13795
242 243 0.0630422 0 -1.37587 0 0 0 0 -1.31283
243 244 0.00902982 0 -1.29673 0 0 0 0 -1.2877
244 245 0.11636 0 0 0 0 0 0 0.11636
244 246 0 0 0 0 0 0 -0.550079 -0.550079
245 246 0.0884698 0 0 0 0 0 0 0.0884698
246 247 0.00208849 0 -1.11553 0 0 0 0 -1.11344
247 248 0.0294198 0 -0 0 0 0 0 0.0294198
248 249 0.00145187 0 0 0 0 0 0 0.00145187
249 250 0.0881833 0 0 0 0 0 0 0.0881833
250 251 0.0735844 0 -1.0435 0 0 0 0 -0.969918
251 252 0.000841767 0 0 0 0 0 0 0.000841767
252 253 0.0042405 0 0 0 0 0 0 0.0042405
253 254 0.00511307 0.00846571 -0.622716 0 0 0 0 -0.609137
254 255 0.0112763 0 -1.35935 0 0 0 0 -1.34807
255 256 0.0194901 0 0 0 0 0 0 0.0194901
256 257 0.0146262 0 -1.10846 0 0 0 0 -1.09383
257 258 0.0733253 0 -1.01448 0 0 0 0 -0.941154
258 259 0.00254114 0 -1.08047 0 0 0 0 -1.07793
260 261 0.00371702 0 -1.32438 0 0 0 0 -1.32067
261 262 0.0224054 0 0 0 0 0 0 0.0224054
262 263 0.017182 0 -0.787341 0 0 0 0 -0.770159
263 264 0.024859 0 -1.31189 0 0 0 0 -1.28703
264 265 0.145563 0 0 0 0 0 0 0.145563
265 266 0.0275482 0 -1.01275 0 0 0 0 -0.985206
266 267 0.0257159 0 -0 0 0 0 0 0.0257159
267 268 0.278139 0 -1.31135 0 0 0 0 -1.03321
268 269 0.0227788 0 0 0 0 0 0 0.0227788
269 270 0.00181473 0 -1.22712 0 0 0 0 -1.2253
270 271 0.0552869 0 0 0 0 0 0 0.0552869
271 272 2.84407e-05 0 -0 0 0 0 0 2.84407e-05
272 273 0.0285602 0 -1.03007 0 0 0 0 -1.00151
273 274 0.0648189 0 0 0 0 0 0 0.0648189
274 275 0.0233509 0 -0.849508 0 0 0 0 -0.826157
275 276 0.0846664 0 -1.25213 0 0 0 0 -1.16746
276 277 0.000794011 0 -1.09254 0 0 0 0 -1.09175
277 278 0.167123 0 -1.03913 0 0 0 0 -0.872003
278 279 0.0381937 0 0 0 0 0 0 0.0381937
280 281 0.0122648 0 -1.06535 0 0 0 0 -1.05309
281 282 0.15486 0 -1.07413 0 0 0 0 -0.919268
282 283 0.107583 0 0 0 0 0 0 0.107583
283 284 0.0331863 0 -1.23387 0 0 0 0 -1.20068
284 285 0.00306509 0 0 0 0 0 0 0.00306509
285 286 0.0191355 0 -1.31825 0 0 0 0 -1.29911
286 287 0.00242631 0 -1.35647 0 0 0 0 -1.35404
287 288 0.0151016 0 0 0 0 0 0 0.0151016
288 289 0.0910084 0 -1.33255 0 0 0 0 -1.24154
289 290 0.0343827 0 -1.44812 0 0 0 0 -1.41373
290 291 0.0281796 0 -1.40854 0 0 0 0 -1.38036
291 292 0.119135 0 -0.906016 0 0 0 0 -0.786881
292 293 0.331138 0 0 0 0 0 0 0.331138
293 294 0.0349349 0 -1.22051 0 0 0 0 -1.18557
294 295 0.000209929 0 -1.2742 0 0 0 0 -1.27399
295 296 0.00165966 0 -1.26723 0 0 0 0 -1.26557
296 297 0.0116681 0 -1.36197 0 0 0 0 -1.3503
297 298 0.0273709 0 -1.23184 0 0 0 0 -1.20447
298 299 0.00136137 0 -0.73843 0 0 0 0 -0.737069
300 301 0.068423 0 -1.23422 0 0 0 0 -1.1658
301 302 0.000327521 0 -1.01979 0 0 0 0 -1.01946
302 303 0.0945171 0 -0.948862 0 0 0 0 -0.854345
303 304 0.0567413 0 -0.79771 0 0 0 0 -0.740969
304 305 0.000408322 0 0 0 0 0 0 0.000408322
303 306 0 0 0 0 -0 -0.0130668 -0 -0.0130668
302 306 0 0 0 0 0 -0.1715 0 -0.1715
305 306 0.146577 0 -1.12721 0 0 0 0 -0.980635
303 307 0 0 0 0 0 -0.0808079 0 -0.0808079
302 307 0 0 0 0 -0.672403 0 -0 -0.672403
301 307 0 0 0 0 0 -0.089874 0 -0.089874
306 307 0.0264393 0 -1.31812 0 0 0 0 -1.29168
302 308 0 0 0 0 0 -0.189286 0 -0.189286
301 308 0 0 0 0 -0.598609 0 -0 -0.598609
300 308 0 0 0 0 0 -0.084606 0 -0.084606
307 308 0.025263 0 -1.36669 0 0 0 0 -1.34143
301 309 0 0 0 0 0 -0.00584189 -0 -0.00584189
308 309 0.117131 0 -1.14068 0 0 0 0 -1.02355
309 310 0.00461093 0 -1.09779 0 0 0 0 -1.09318
310 311 3.79002e-05 0 -1.21488 0 0 0 0 -1.21484
311 312 0.0309471 0 -1.14141 0 0 0 0 -1.11047
312 313 6.81365e-05 0 0 0 0 0 0 6.81365e-05
313 314 0.0163167 0 0 0 0 0 0 0.0163167
314 315 0.101963 0 0 0 0 0 0 0.101963
315 316 0.0412227 0 0 0 0 0 0 0.0412227
316 317 0.00069585 0 -1.08246 0 0 0 0 -1.08177
317 318 0.169327 0 0 0 0 0 0 0.169327
318 319 0.0124091 0 0 0 0 0 0 0.0124091
320 321 0.0591246 0 -0 0 0 0 0 0.0591246
321 322 0.0122717 0 -1.235 0 0 0 0 -1.22273
322 323 0.0175717 0 -1.11884 0 0 0 0 -1.10127
323 324 0.0531031 0 -1.34516 0 0 0 0 -1.29205
324 325 0.0263131 0 -1.05892 0 0 0 0 -1.03261
325 326 0.000919921 0 -0.839348 0 0 0 0 -0.838428
326 327 0.0225835 0 0 0 0 0 0 0.0225835
327 328 8.26471e-05 0 -1.22792 0 0 0 0 -1.22784
328 329 0.0742388 0 -1.3649 0 0 0 0 -1.29066
329 330 0.192126 0 -1.26901 0 0 0 0 -1.07688
330 331 5.83918e-05 0 -1.3787 0 0 0 0 -1.37864
331 332 0.00290164 0 -0.724555 0 0 0 0 -0.721653
332 333 0.0343101 0 -0.0775693 0 0 0 0 -0.0432592
333 334 0.0290765 0 -0.821737 0 0 0 0 -0.792661
334 335 7.14653e-06 0 -0.593239 0 0 0 0 -0.593232
335 336 0.0128032 0 -0 0 0 0 0 0.0128032
336 337 0.0405503 0 -0 0 0 0 0 0.0405503
337 338 4.54744e-05 0 0 0 0 0 0 4.54744e-05
338 339 0.0219578 0 0 0 0 0 0 0.0219578
340 341 0.00837985 0 0 0 0 0 0 0.00837985
341 342 0.000544319 0 -1.08908 0 0 0 0 -1.08853
342 343 0.0144868 0 0 0 0 0 0 0.0144868
343 344 0.0183561 0 0 0 0 0 0 0.0183561
344 345 0.00156054 0 -0.980523 0 0 0 0 -0.978962
345 346 0.113596 0 -1.09488 0 0 0 0 -0.981286
346 347 0.0185951 0 -1.20735 0 0 0 0 -1.18875
347 348 0.00939999 0 -1.33208 0 0 0 0 -1.32268
348 349 0.0431893 0 0 0 0 0 0 0.0431893
349 350 0.0889872 0 0 0 0 0 0 0.0889872
350 351 0.0994765 0 0 0 0 0 0 0.0994765
351 352 0.0199568 0 0 0 0 0 0 0.0199568
352 353 0.0323574 0 -0 0 0 0 0 0.0323574
353 354 0.114119 0 -0.0047268 0 0 0 0 0.109392
354 355 0.0101338 0 0 0 0 0 0 0.0101338
355 356 1.10687e-05 0 0 0 0 0 0 1.10687e-05
356 357 0.00542396 0 -1.18339 0 0 0 0 -1.17796
357 358 0.036197 0 -1.08292 0 0 0 0 -1.04673
358 359 2.00289e-05 0 -1.40203 0 0 0 0 -1.40201
360 361 0.0593299 0 -0 0 0 0 0 0.0593299
361 362 0.000689413 0 -0.880536 0 0 0 0 -0.879846
362 363 0.0233797 0 -0.286165 0 0 0 0 -0.262786
363 364 0.0455561 0 -1.03206 0 0 0 0 -0.986506
364 365 0.000913413 0 -0.986965 0 0 0 0 -0.986052
365 366 5.83872e-07 0 -1.26058 0 0 0 0 -1.26058
366 367 0.148499 0 -1.15363 0 0 0 0 -1.00513
367 368 0.164865 0 0 0 0 0 0 0.164865
368 369 0.00491884 0 -0.821962 0 0 0 0 -0.817043
369 370 0.0534707 0 0 0 0 0 0 0.0534707
370 371 0.00535513 0 0 0 0 0 0 0.00535513
371 372 0.00281326 0 -0 0 0 0 0 0.00281326
372 373 0.0216362 0 0 0 0 0 0 0.0216362
373 374 0.0295647 0 0 0 0 0 0 0.0295647
374 375 0.210298 0 0 0 0 0 0 0.210298
375 376 0.00131388 0 -0 0 0 0 0 0.00131388
376 377 0.0349827 0 -0 0 0 0 0 0.0349827
377 378 0.0267094 0 0 0 0 0 0 0.0267094
378 379 0.0129299 0 0 0 0 0 0 0.0129299
380 381 0.00828017 0 -1.01812 0 0 0 0 -1.00984
381 382 0.000956866 0 -0.960557 0 0 0 0 -0.9596
382 383 0.0075961 0 0 0 0 0 0 0.0075961
383 384 0.00113258 0 -1.37194 0 0 0 0 -1.37081
384 385 0.0170358 0 -1.24843 0 0 0 0 -1.23139
385 386 0.229061 0 0 0 0 0 0 0.229061
386 387 0.0315529 0 -0 0 0 0 0 0.0315529
387 388 0.00292325 0 -1.08082 0 0 0 0 -1.07789
388 389 0.104247 0 -1.43907 0 0 0 0 -1.33482
389 390 0.0255749 0 -0.509664 0 0 0 0 -0.484089
390 391 0.00339448 0 -1.21759 0 0 0 0 -1.2142
391 392 0.025653 0 -1.27787 0 0 0 0 -1.25222
392 393 0.0100831 0 -0.960087 0 0 0 0 -0.950004
393 394 0.00281148 0 -1.24099 0 0 0 0 -1.23818
394 395 0.154882 0 0 0 0 0 0 0.154882
395 396 0.00227529 0 -1.08746 0 0 0 0 -1.08518
396 397 0.0830968 0 -1.14157 0 0 0 0 -1.05847
397 398 0.0246772 0 -0.919449 0 0 0 0 -0.894772
398 399 0.0226075 0 -1.22476 0 0 0 0 -1.20216
400 401 0.137384 0 -1.06302 0 0 0 0 -0.925635
401 402 0.00111298 0 0 0 0 0 0 0.00111298
402 403 0.00509471 0 0 0 0 0 0 0.00509471
403 404 0.131683 0 0 0 0 0 0 0.131683
404 405 0.015132 0 -0.919691 0 0 0 0 -0.904559
405 406 0.0078787 0 -1.3463 0 0 0 0 -1.33843
406 407 0.101778 0 -1.13471 0 0 0 0 -1.03294
407 408 0.0189332 0 0 0 0 0 0 0.0189332
408 409 0.023575 0 0 0 0 0 0 0.023575
409 410 0.125275 0 0 0 0 0 0 0.125275
410 411 0.0299868 0 -1.24742 0 0 0 0 -1.21743
411 412 0.00215029 0 -1.31614 0 0 0 0 -1.31399
412 413 0.00182254 0 -1.05587 0 0 0 0 -1.05405
413 414 0.0913194 0 -1.34715 0 0 0 0 -1.25583
414 415 0.0554485 0 -1.07312 0 0 0 0 -1.01767
415 416 0.0203776 0 0 0 0 0 0 0.0203776
416 417 0.0775795 0 0 0 0 0 0 0.0775795
417 418 0.00149031 0 -1.22898 0 0 0 0 -1.22749
418 419 0.267739 0 0 0 0 0 0 0.267739
420 421 0.0774861 0 -1.37201 0 0 0 0 -1.29452
421 422 0.0020289 0 0 0 0 0 0 0.0020289
422 423 0.0285223 0 -1.3894 0 0 0 0 -1.36088
423 424 0.0379221 0 -0 0 0 0 0 0.0379221
424 425 0.000323366 0 0 0 0 0 0 0.000323366
425 426 0.16567 0 0 0 0 0 0 0.16567
426 427 0.0618834 0 -0.399927 0 0 0 0 -0.338043
427 428 0.00690993 0 -1.06516 0 0 0 0 -1.05825
428 429 0.000379893 0 0 0 0 0 0 0.000379893
429 430 0.166925 0 -0.982242 0 0 0 0 -0.815317
430 431 0.00901362 0 0 0 0 0 0 0.00901362
431 432 0.0130975 0 -1.3614 0 0 0 0 -1.3483
432 433 0.0954679 0 -1.08925 0 0 0 0 -0.993785
433 434 0.0488042 0 0 0 0 0 0 0.0488042
434 435 0.0233742 0 -1.24578 0 0 0 0 -1.2224
435 436 0.0594361 0 0 0 0 0 0 0.0594361
436 437 0.0507209 0 -0.920253 0 0 0 0 -0.869532
437 438 0.000890754 0 0 0 0 0 0 0.000890754
438 439 0.0613676 0 -1.40058 0 0 0 0 -1.33921
440 441 0.100561 0 -1.16752 0 0 0 0 -1.06696
441 442 0.000455658 0 -0 0 0 0 0 0.000455658
442 443 0.00424467 0 -1.0784 0 0 0 0 -1.07416
443 444 0.0142227 0 -1.18468 0 0 0 0 -1.17046
444 445 0.0561511 0 -1.28001 0 0 0 0 -1.22386
445 446 0.0203393 0 -0.890121 0 0 0 0 -0.869782
446 447 0.0176173 0 -1.12021 0 0 0 0 -1.10259
447 448 0.177834 0 -1.38059 0 0 0 0 -1.20275
448 449 0.0710709 0 0 0 0 0 0 0.0710709
449 450 0.0139687 0 0 0 0 0 0 0.0139687
450 451 0.0446822 0 -0.895107 0 0 0 0 -0.850425
451 452 0.00199342 0 -1.14471 0 0 0 0 -1.14272
452 453 0.000124838 0 -0 0 0 0 0 0.000124838
453 454 0.00107443 0 0 0 0 0 0 0.00107443
454 455 0.00218417 0 -0.447681 0 0 0 0 -0.445496
455 456 0.018004 0 -0.864496 0 0 0 0 -0.846492
456 457 0.155587 0 -0.87262 0 0 0 0 -0.717034
457 458 0.00250979 0 0 0 0 0 0 0.00250979
458 459 0.109294 0 -1.37391 0 0 0 0 -1.26462
460 461 0.445514 0 0 0 0 0 0 0.445514
461 462 0.145516 0 0 0 0 0 0 0.145516
462 463 0.0340898 0 -0.921592 0 0 0 0 -0.887502
463 464 0.0127924 0 0 0 0 0 0 0.0127924
464 465 0.0459919 0 -1.09458 0 0 0 0 -1.04859
465 466 0.00207296 0 -1.25799 0 0 0 0 -1.25592
466 467 0.00317942 0 -0.962587 0 0 0 0 -0.959408
467 468 0.120097 0 0 0 0 0 0 0.120097
468 469 0.226342 0 0 0 0 0 0 0.226342
469 470 0.0331365 0 -1.27113 0 0 0 0 -1.23799
470 471 0.00352792 0 -0.896363 0 0 0 0 -0.892835
471 472 0.047366 0 0 0 0 0 0 0.047366
471 473 0 0 0 0.00114044 0 0 0 0.00114044
472 473 0.023547 0 0 0 0 0 0 0.023547
473 474 0.00160513 0 -1.12288 0 0 0 0 -1.12127
474 475 0.027284 0 0 0 0 0 0 0.027284
475 476 0.0138534 0 -1.25991 0 0 0 0 -1.24605
476 477 0.116609 0 -0.960614 0 0 0 0 -0.844005
477 478 0.0283497 0 -1.31718 0 0 0 0 -1.28883
478 479 0.161993 0 -1.3271 0 0 0 0 -1.16511
480 481 0.139914 0 0 0 0 0 0 0.139914
481 482 0.00153239 0 -0 0 0 0 0 0.00153239
482 483 0.00799313 0 -0 0 0 0 0 0.00799313
483 484 0.0989418 0 -1.22847 0 0 0 0 -1.12953
484 485 0.0068051 0 0 0 0 0 0 0.0068051
485 486 0.0299083 0 0 0 0 0 0 0.0299083
486 487 0.00184845 0 0 0 0 0 0 0.00184845
487 488 0.0338775 0 -1.04205 0 0 0 0 -1.00818
488 489 0.00449347 0 0 0 0 0 0 0.00449347
489 490 0.013843 0.115305 -0 0 0 0 0 0.129148
490 491 0.00396085 0 -1.27358 0 0 0 0 -1.26962
491 492 9.68216e-05 0 -1.35367 0 0 0 0 -1.35358
492 493 0.010599 0 -1.31612 0 0 0 0 -1.30552
493 494 0.182436 0 -1.41006 0 0 0 0 -1.22762
494 495 0.0473192 0 0 0 0 0 0 0.0473192
495 496 0.0177549 0 -0 0 0 0 0 0.0177549
496 497 0.030045 0 0 0 0 0 0 0.030045
497 498 0.0113106 0 0 0 0 0 0 0.0113106
498 499 0.10328 0 -1.33866 0 0 0 0 -1.23538
500 501 0.0255514 0 0 0 0 0 0 0.0255514
501 502 0.0171328 0 0 0 0 0 0 0.0171328
502 503 0.00367888 0 0 0 0 0 0 0.00367888
503 504 0.00549477 0 0 0 0 0 0 0.00549477
504 505 0.00794127 0 0 0 0 0 0 0.00794127
505 506 3.27329e-05 0 -1.1343 0 0 0 0 -1.13427
506 507 0.156595 0 0 0 0 0 0 0.156595
507 508 0.0916712 0 0 0 0 0 0 0.0916712
508 509 0.185211 0 -1.06833 0 0 0 0 -0.883122
509 510 0.000623033 0 -1.01304 0 0 0 0 -1.01241
510 511 0.00841418 0 -1.04151 0 0 0 0 -1.0331
511 512 0.000735577 0 -0.671027 0 0 0 0 -0.670291
512 513 1.88567e-05 0 -1.31337 0 0 0 0 -1.31335
513 514 0.00351388 0 -1.27801 0 0 0 0 -1.2745
514 515 0.320754 0 -1.28331 0 0 0 0 -0.962553
515 516 0.0446054 0 0 0 0 0 0 0.0446054
516 517 0.00226122 0 -1.0525 0 0 0 0 -1.05024
517 518 0.099723 0 -0 0 0 0 0 0.099723
518 519 0.0122221 0 -1.04558 0 0 0 0 -1.03335
520 521 0.000468332 0 0 0 0 0 0 0.000468332
521 522 0.00760849 0 -1.2578 0 0 0 0 -1.25019
522 523 0.0114786 0 -1.07946 0 0 0 0 -1.06798
523 524 1.05112e-05 0 -1.34486 0 0 0 0 -1.34485
521 525 0 0 0 0 0 -0.122009 0 -0.122009
524 525 0.182619 0 -0 0 0 0 0 0.182619
525 526 0.0226387 0 -1.44942 0 0 0 0 -1.42678
526 527 2.31815e-05 0 -1.04736 0 0 0 0 -1.04734
527 528 0.00275944 0 -0.89623 0 0 0 0 -0.893471
528 529 0.0648575 0 0 0 0 0 0 0.0648575
529 530 0.0177106 0 -0 0 0 0 0 0.0177106
530 531 0.00641697 0 -0 0 0 0 0 0.00641697
531 532 0.0226302 0 -1.31694 0 0 0 0 -1.29431
532 533 0.193321 0 -1.10111 0 0 0 0 -0.907793
533 534 0.107705 0 -0.861252 0 0 0 0 -0.753547
534 535 0.0131486 0 -1.23555 0 0 0 0 -1.2224
535 536 0.0706783 0 0 0 0 0 0 0.0706783
536 537 0.100586 0 -0 0 0 0 0 0.100586
537 538 0.0130285 0 -0.654321 0 0 0 0 -0.641293
538 539 0.00780682 0 -1.39129 0 0 0 0 -1.38348
540 541 1.44075e-05 0 0 0 0 0 0 1.44075e-05
541 542 0.0333248 0 -1.18538 0 0 0 0 -1.15205
542 543 0.0406949 0 0 0 0 0 0 0.0406949
543 544 0.0487228 0 -1.39058 0 0 0 0 -1.34186
544 545 0.0222667 0 -1.12039 0 0 0 0 -1.09812
545 546 0.228134 0 -0.323884 0 0 0 0 -0.0957494
546 547 0.00638022 0 -1.32399 0 0 0 0 -1.31761
547 548 0.0100644 0 -1.08557 0 0 0 0 -1.0755
548 549 0.0143634 0 -1.0678 0 0 0 0 -1.05344
549 550 0.00687247 0 -1.22094 0 0 0 0 -1.21407
550 551 0.000107247 0 -1.25517 0 0 0 0 -1.25507
551 552 0.00846808 0 -0.761761 0 0 0 0 -0.753293
552 553 0.00762716 0 0 0 0 0 0 0.00762716
553 554 0.119278 0 -0 0 0 0 0 0.119278
554 555 0.0271169 0 0 0 0 0 0 0.0271169
555 556 0.0337762 0 0 0 0 0 0 0.0337762
556 557 0.111603 0 -0 0 0 0 0 0.111603
557 558 0.00229001 0 -1.23297 0 0 0 0 -1.23068
558 559 0.0109994 0 0 0 0 0 0 0.0109994
560 561 0.0159216 0 -1.42143 0 0 0 0 -1.40551
561 562 0.0851463 0 -1.24284 0 0 0 0 -1.15769
562 563 0.0026344 0 0 0 0 0 0 0.0026344
563 564 0.00397513 0 -0 0 0 0 0 0.00397513
564 565 0.000328 0 0 0 0 0 0 0.000328
565 566 0.000251005 0 -1.2361 0 0 0 0 -1.23585
566 567 0.0442599 0 -1.39226 0 0 0 0 -1.348
567 568 0.108661 0 -1.08132 0 0 0 0 -0.972656
568 569 0.0745298 0 -1.36915 0 0 0 0 -1.29463
569 570 0.0383648 0 -0 0 0 0 0 0.0383648
570 571 0.00659086 0 0 0 0 0 0 0.00659086
571 572 0.0332642 0 0 0 0 0 0 0.0332642
572 573 0.0445894 0 -0 0 0 0 0 0.0445894
573 574 0.0200754 0 -0.937135 0 0 0 0 -0.91706
574 575 0.0596923 0 0 0 0 0 0 0.0596923
575 576 0.105053 0 0 0 0 0 0 0.105053
576 577 0.146531 0 -1.37017 0 0 0 0 -1.22363
577 578 0.000201827 0 -1.43532 0 0 0 0 -1.43511
578 579 0.164302 0 -1.31544 0 0 0 0 -1.15113
580 581 0.0076005 0 -0 0 0 0 0 0.0076005
581 582 0.0247662 0 -1.3 0 0 0 0 -1.27523
582 583 0.00633168 0 -1.34384 0 0 0 0 -1.33751
583 584 0.0677391 0 0 0 0 0 0 0.0677391
584 585 0.00789388 0 -1.01756 0 0 0 0 -1.00966
585 586 0.354589 0 0 0 0 0 0 0.354589
586 587 0.0106625 0 -1.36332 0 0 0 0 -1.35266
587 588 0.0253758 0 -1.35083 0 0 0 0 -1.32546
588 589 0.00108093 0 -1.0948 0 0 0 0 -1.09371
589 590 0.0932451 0 -1.25779 0 0 0 0 -1.16455
590 591 0.0373201 0 -0.441817 0 0 0 0 -0.404497
591 592 0.00240074 0 -1.33144 0 0 0 0 -1.32904
592 593 0.0281364 0 -1.27688 0 0 0 0 -1.24875
593 594 0.00439469 0 0 0 0 0 0 0.00439469
594 595 0.0274308 0 -1.09974 0 0 0 0 -1.07231
595 596 0.121842 0 -1.1368 0 0 0 0 -1.01496
596 597 0.0264596 0 -1.41005 0 0 0 0 -1.38359
597 598 0.110509 0 -0 0 0 0 0 0.110509
598 599 0.00188088 0 -0.909522 0 0 0 0 -0.907641
#Total energy per particle is  -0.596029 and should be -0.59602910
