           0   0.000000
       10000  -2.115993
       20000  -3.542640
       30000  -1.858992
       40000  -1.959766
       50000  -4.069032
       60000  -0.485090
       70000  -0.627570
       80000  -1.866320
       90000  -0.547357
      100000  -2.436459
      110000  -2.424515
      120000  -1.538161
      130000  -0.002676
      140000  -3.115177
      150000  -1.643352
      160000  -0.000490
      170000  -3.000474
      180000   0.000000
      190000  -0.018727
      200000  -0.304868
