#id1 id2 FENE BEXC STCK NEXC HB CRSTCK CXSTCK total, t = 200000
0 1 0.0489262 0 0 0 0 0 0 0.0489262
1 2 0.000341702 0 -0.794252 0 0 0 0 -0.793911
2 3 0.0722545 0 -1.2448 0 0 0 0 -1.17255
3 4 0.0167972 0 -0 0 0 0 0 0.0167972
4 5 0.0967999 0 -1.32007 0 0 0 0 -1.22327
5 6 0.200893 0 -1.13755 0 0 0 0 -0.936652
6 7 0.00905723 0 0 0 0 0 0 0.00905723
7 8 0.0160403 0 -1.32153 0 0 0 0 -1.30549
8 9 0.139618 0 -1.38005 0 0 0 0 -1.24043
9 10 0.0207336 0 0 0 0 0 0 0.0207336
10 11 0.15891 0 0 0 0 0 0 0.15891
11 12 0.129419 0 -1.19083 0 0 0 0 -1.06141
12 13 0.0196121 0 -0.645818 0 0 0 0 -0.626206
13 14 0.000183235 0 0 0 0 0 0 0.000183235
14 15 0.000214501 0 -1.01734 0 0 0 0 -1.01713
13 16 0 0 0 0 0 -0.128252 0 -0.128252
15 16 0.000703695 0 -0.741248 0 0 0 0 -0.740544
13 17 0 0 0 0 -0.751786 0 -0 -0.751786
12 17 0 0 0 0 -0 -0.0319057 -0 -0.0319057
16 17 0.0525604 0 -1.37022 0 0 0 0 -1.31766
17 18 0.0402832 0 0 0 0 0 0 0.0402832
18 19 0.000579511 0 0 0 0 0 0 0.000579511
14 20 0 0 0 0 0 -0.00272414 0 -0.00272414
19 20 0.000498576 0 -1.25407 0 0 0 0 -1.25357
20 21 0.0195405 0 0 0 0 0 0 0.0195405
21 22 0.0193546 0 -1.39664 0 0 0 0 -1.37729
22 23 0.0567524 0 -1.29317 0 0 0 0 -1.23642
23 24 0.103917 0 0 0 0 0 0 0.103917
24 25 0.0350948 0 0 0 0 0 0 0.0350948
25 26 0.00789379 0 0 0 0 0 0 0.00789379
26 27 0.0352956 0 -0.91067 0 0 0 0 -0.875374
27 28 0.0208372 0 -0 0 0 0 0 0.0208372
28 29 0.132352 0 0 0 0 0 0 0.132352
29 30 0.0240628 0 0 0 0 0 0 0.0240628
30 31 0.0461053 0 -1.37887 0 0 0 0 -1.33276
31 32 0.0282477 0 0 0 0 0 0 0.0282477
32 33 0.00242451 0 -1.14047 0 0 0 0 -1.13804
33 34 0.0171492 0 -1.08361 0 0 0 0 -1.06646
34 35 0.0127725 0 0 0 0 0 0 0.0127725
35 36 1.32232e-05 0 0 0 0 0 0 1.32232e-05
36 37 0.0147072 0 0 0 0 0 0 0.0147072
37 38 0.158946 0 0 0 0 0 0 0.158946
38 39 8.29298e-06 0 -0 0 0 0 0 8.29298e-06
39 40 0.0146472 0 -0.80364 0 0 0 0 -0.788993
40 41 0.00291156 0 -1.17374 0 0 0 0 -1.17083
41 42 0.00458954 0 -0.950931 0 0 0 0 -0.946342
42 43 0.00179593 0 -1.40327 0 0 0 0 -1.40147
43 44 0.000991703 0 0 0 0 0 0 0.000991703
44 45 0.0122977 0 0 0 0 0 0 0.0122977
45 46 0.0159814 0 0 0 0 0 0 0.0159814
46 47 0.0217856 0 -1.2001 0 0 0 0 -1.17832
47 48 0.164306 0 -1.19773 0 0 0 0 -1.03343
48 49 1.12914e-05 0 -1.04577 0 0 0 0 -1.04576
49 50 0.0327059 0 0 0 0 0 0 0.0327059
51 52 0.0227905 0 -0 0 0 0 0 0.0227905
52 53 0.0148935 0 -0.963055 0 0 0 0 -0.948162
53 54 0.0372451 0 0 0 0 0 0 0.0372451
54 55 0.0657969 0 -1.07943 0 0 0 0 -1.01363
55 56 0.00617561 0 -1.07623 0 0 0 0 -1.07006
56 57 0.0898046 0 -1.2554 0 0 0 0 -1.1656
57 58 0.0740264 0 0 0 0 0 0 0.0740264
58 59 0.00378177 0 0 0 0 0 0 0.00378177
59 60 0.040208 0 0 0 0 0 0 0.040208
60 61 0.0679348 0 -1.19488 0 0 0 0 -1.12694
59 62 0 0 0 0 -0 -1.85925e-06 0 -1.85925e-06
61 62 0.131286 0 0 0 0 0 0 0.131286
62 63 0.00410721 0 -0.967939 0 0 0 0 -0.963832
63 64 0.00744375 0 -1.32604 0 0 0 0 -1.3186
64 65 2.55747e-05 0 -0.440737 0 0 0 0 -0.440711
65 66 0.00175299 0 0 0 0 0 0 0.00175299
66 67 0.0254261 0 -0 0 0 0 0 0.0254261
67 68 0.0877728 0 -1.09857 0 0 0 0 -1.0108
68 69 0.141019 0 -0 0 0 0 0 0.141019
69 70 0.0542254 0 -1.15563 0 0 0 0 -1.1014
70 71 0.00656181 0 -1.18512 0 0 0 0 -1.17856
71 72 0.076286 0 0 0 0 0 0 0.076286
72 73 0.0749838 0 0 0 0 0 0 0.0749838
73 74 0.000314391 0 -1.38431 0 0 0 0 -1.38399
74 75 0.22139 0 -1.30495 0 0 0 0 -1.08356
75 76 0.00726742 0 0 0 0 0 0 0.00726742
76 77 0.120801 0 -1.33384 0 0 0 0 -1.21304
77 78 0.107882 0 -1.28391 0 0 0 0 -1.17603
78 79 0.000574895 0 -1.19554 0 0 0 0 -1.19497
79 80 0.120231 0 -1.0835 0 0 0 0 -0.963272
80 81 0.200401 0 -1.2419 0 0 0 0 -1.04149
81 82 0.0043185 0 0 0 0 0 0 0.0043185
82 83 0.300471 0 0 0 0 0 0 0.300471
83 84 0.0316376 0 -0.729595 0 0 0 0 -0.697957
84 85 3.34295e-08 0 -1.3262 0 0 0 0 -1.3262
85 86 0.0153634 0 0 0 0 0 0 0.0153634
86 87 0.000760422 0 -0.827847 0 0 0 0 -0.827086
87 88 0.112578 0 -0.590464 0 0 0 0 -0.477886
88 89 0.229973 0 0 0 0 0 0 0.229973
89 90 0.225197 0 0 0 0 0 0 0.225197
90 91 0.0351128 0 -0.94419 0 0 0 0 -0.909077
91 92 0.0362282 0 -1.35156 0 0 0 0 -1.31533
92 93 0.00950321 0 -1.03942 0 0 0 0 -1.02991
93 94 0.0681562 0 -1.20755 0 0 0 0 -1.13939
94 95 0.0119619 0 0 0 0 0 0 0.0119619
95 96 0.000788969 0 -1.15583 0 0 0 0 -1.15504
96 97 0.075847 0 -0.531741 0 0 0 0 -0.455894
97 98 0.0631311 0 0 0 0 0 0 0.0631311
98 99 0.0595533 0 -1.11451 0 0 0 0 -1.05496
99 100 0.136796 0 -1.3779 0 0 0 0 -1.2411
100 101 0.012336 0 0 0 0 0 0 0.012336
102 103 0.00114206 0 0 0 0 0 0 0.00114206
103 104 0.000803596 0 0 0 0 0 0 0.000803596
104 105 0.0131593 0 -0 0 0 0 0 0.0131593
105 106 6.59564e-05 0 -1.22216 0 0 0 0 -1.22209
106 107 0.000136045 0 -0.950565 0 0 0 0 -0.950429
107 108 0.344219 0 -0.917782 0 0 0 0 -0.573563
108 109 0.00493607 0 0 0 0 0 0 0.00493607
109 110 0.000433093 0 -1.29444 0 0 0 0 -1.294
110 111 0.0145475 0 -0.988029 0 0 0 0 -0.973482
111 112 0.00251604 0 0 0 0 0 0 0.00251604
112 113 0.0530892 0 -1.20522 0 0 0 0 -1.15213
113 114 0.014809 0 -1.36135 0 0 0 0 -1.34654
114 115 0.170702 0 -1.2392 0 0 0 0 -1.0685
115 116 0.048993 0 0 0 0 0 0 0.048993
116 117 0.0113205 0 0 0 0 0 0 0.0113205
117 118 0.229883 0 -1.39555 0 0 0 0 -1.16567
118 119 0.0199154 0 0 0 0 0 0 0.0199154
119 120 0.000121094 0 -0.787992 0 0 0 0 -0.787871
120 121 0.331202 0 -1.26899 0 0 0 0 -0.937788
121 122 0.125249 0 0 0 0 0 0 0.125249
122 123 0.0721686 0 0 0 0 0 0 0.0721686
123 124 0.0103522 0 -0.595668 0 0 0 0 -0.585316
124 125 0.00119858 0 -0.669566 0 0 0 0 -0.668368
125 126 0.038195 0 0 0 0 0 0 0.038195
126 127 0.00457601 0 0 0 0 0 0 0.00457601
127 128 0.0259716 0 0 0 0 0 0 0.0259716
128 129 0.00267996 0 -1.32415 0 0 0 0 -1.32147
129 130 0.0238923 0 0 0 0 0 0 0.0238923
130 131 0.0102903 0 -0.873704 0 0 0 0 -0.863414
131 132 0.00665424 0 -1.14713 0 0 0 0 -1.14048
132 133 0.00487921 0 -1.01336 0 0 0 0 -1.00848
133 134 0.19444 0 0 0 0 0 0 0.19444
134 135 0.169569 0 -1.38493 0 0 0 0 -1.21536
135 136 0.199864 0 -1.02 0 0 0 0 -0.820136
136 137 0.0130404 0 -0.860251 0 0 0 0 -0.84721
137 138 0.0298574 0 -1.12506 0 0 0 0 -1.0952
138 139 0.0198332 0 -1.16966 0 0 0 0 -1.14982
139 140 0.104708 0 0 0 0 0 0 0.104708
140 141 0.0134567 0 -0.629842 0 0 0 0 -0.616385
141 142 0.0633806 0 -1.30033 0 0 0 0 -1.23695
142 143 0.00520687 0 0 0 0 0 0 0.00520687
143 144 0.000224736 0 0 0 0 0 0 0.000224736
144 145 0.00723854 0 0 0 0 0 0 0.00723854
145 146 0.000145801 0 -1.269 0 0 0 0 -1.26885
146 147 0.0853734 0 -0 0 0 0 0 0.0853734
147 148 0.0103691 0 0 0 0 0 0 0.0103691
148 149 0.000476957 0 -1.43645 0 0 0 0 -1.43597
149 150 0.0172629 0 -1.16728 0 0 0 0 -1.15002
150 151 0.048418 0 -1.24504 0 0 0 0 -1.19663
151 152 0.00452222 0 -0.893038 0 0 0 0 -0.888516
153 154 0.0660882 0 0 0 0 0 0 0.0660882
154 155 0.000809022 0 -1.36646 0 0 0 0 -1.36566
155 156 8.54431e-05 0 -0.744737 0 0 0 0 -0.744651
156 157 0.0278054 0 0 0 0 0 0 0.0278054
157 158 1.12689e-05 0 -1.32307 0 0 0 0 -1.32306
158 159 0.0430031 0 -0.940078 0 0 0 0 -0.897075
159 160 0.248661 0 -1.34607 0 0 0 0 -1.09741
160 161 0.00277583 0 -1.47621 0 0 0 0 -1.47344
161 162 0.161302 0 0 0 0 0 0 0.161302
162 163 0.0151021 0 0 0 0 0 0 0.0151021
163 164 0.0812524 0 0 0 0 0 0 0.0812524
164 165 0.00854705 0 0 0 0 0 0 0.00854705
165 166 0.0205754 0 0 0 0 0 0 0.0205754
166 167 0.158279 0 -0.0712668 0 0 0 0 0.0870124
167 168 3.02217e-05 0 -1.31954 0 0 0 0 -1.31951
168 169 0.0129104 0 -1.17211 0 0 0 0 -1.1592
169 170 0.00387817 0 0 0 0 0 0 0.00387817
170 171 0.0298928 0 0 0 0 0 0 0.0298928
171 172 0.120351 0 -1.13547 0 0 0 0 -1.01512
172 173 0.0298284 0 0 0 0 0 0 0.0298284
173 174 0.0128354 0 -1.19721 0 0 0 0 -1.18438
174 175 0.00331814 0 -1.28669 0 0 0 0 -1.28338
175 176 0.00681701 0 0 0 0 0 0 0.00681701
176 177 0.115979 0 -1.2826 0 0 0 0 -1.16662
177 178 0.0419063 0 -0.880735 0 0 0 0 -0.838829
178 179 0.0137996 0 0 0 0 0 0 0.0137996
179 180 0.0365218 0 -1.27459 0 0 0 0 -1.23807
180 181 0.0038429 0 -0 0 0 0 0 0.0038429
181 182 8.40494e-05 0 0 0 0 0 0 8.40494e-05
182 183 0.0160092 0 0 0 0 0 0 0.0160092
183 184 0.0230457 0 -1.41618 0 0 0 0 -1.39313
184 185 0.0710115 0 -1.0135 0 0 0 0 -0.942487
185 186 0.00612616 0 -1.23269 0 0 0 0 -1.22657
186 187 0.000154812 0 -1.10713 0 0 0 0 -1.10697
187 188 1.38346e-07 0 -1.20644 0 0 0 0 -1.20644
188 189 0.0571716 0 -1.04942 0 0 0 0 -0.992247
189 190 0.0694681 0 0 0 0 0 0 0.0694681
190 191 0.0548921 0 -0.967757 0 0 0 0 -0.912865
191 192 0.000143783 0 0 0 0 0 0 0.000143783
192 193 0.151328 0 0 0 0 0 0 0.151328
193 194 0.105511 0 -0.000908642 0 0 0 0 0.104602
194 195 0.0774984 0 -1.07613 0 0 0 0 -0.998629
195 196 0.132722 0 0 0 0 0 0 0.132722
196 197 0.0458242 0 -0.650659 0 0 0 0 -0.604835
197 198 0.0306728 0 -1.38854 0 0 0 0 -1.35786
198 199 0.00395459 0 -0.821372 0 0 0 0 -0.817417
199 200 0.0819484 0 -0.703918 0 0 0 0 -0.62197
200 201 0.00351835 0 0 0 0 0 0 0.00351835
201 202 0.0449758 0 0 0 0 0 0 0.0449758
202 203 0.00205457 0 -1.27696 0 0 0 0 -1.27491
204 205 0.0308967 0 -1.28272 0 0 0 0 -1.25183
205 206 0.000440673 0 0 0 0 0 0 0.000440673
206 207 0.0140932 0 -1.13137 0 0 0 0 -1.11728
207 208 0.0531739 0 0 0 0 0 0 0.0531739
208 209 0.0114609 0 -1.40499 0 0 0 0 -1.39353
209 210 0.030866 0 0 0 0 0 0 0.030866
210 211 0.0995682 0 0 0 0 0 0 0.0995682
211 212 0.00333991 0 -0.514231 0 0 0 0 -0.510891
212 213 0.108165 0 0 0 0 0 0 0.108165
213 214 0.286544 0 0 0 0 0 0 0.286544
214 215 0.0164937 0 -1.12438 0 0 0 0 -1.10789
215 216 0.0830522 0 -1.28739 0 0 0 0 -1.20434
216 217 0.125302 0 -0.889181 0 0 0 0 -0.763879
217 218 0.000482425 0 0 0 0 0 0 0.000482425
218 219 0.0373199 0 0 0 0 0 0 0.0373199
219 220 0.00997863 0 -0.996284 0 0 0 0 -0.986306
220 221 0.00454771 0 -1.27753 0 0 0 0 -1.27299
221 222 0.0229417 0 -1.21825 0 0 0 0 -1.19531
222 223 0.0109203 0 0 0 0 0 0 0.0109203
223 224 0.000220664 0 -0 0 0 0 0 0.000220664
224 225 0.000420573 0 -1.12575 0 0 0 0 -1.12533
225 226 0.000344369 0 -1.19587 0 0 0 0 -1.19553
226 227 0.0339526 0 0 0 0 0 0 0.0339526
227 228 0.0127471 0 -1.14001 0 0 0 0 -1.12726
228 229 0.161375 0 -1.19205 0 0 0 0 -1.03068
229 230 0.0811779 0 -1.38962 0 0 0 0 -1.30845
230 231 0.0437429 0 -1.29786 0 0 0 0 -1.25411
231 232 0.000101624 0 -0.210019 0 0 0 0 -0.209917
232 233 0.358368 0 0 0 0 0 0 0.358368
233 234 0.0839652 0 -0.923862 0 0 0 0 -0.839897
234 235 0.154834 0 0 0 0 0 0 0.154834
235 236 0.0352652 0 0 0 0 0 0 0.0352652
236 237 0.0375053 0 -0.936466 0 0 0 0 -0.89896
237 238 0.0849689 0 -1.44297 0 0 0 0 -1.358
238 239 0.0230951 0 -1.22425 0 0 0 0 -1.20115
239 240 0.000186859 0 -0.960715 0 0 0 0 -0.960529
240 241 0.112787 0 -1.33487 0 0 0 0 -1.22208
241 242 0.00801069 0 0 0 0 0 0 0.00801069
242 243 0.0288667 0 0 0 0 0 0 0.0288667
243 244 0.00215305 0 -1.24874 0 0 0 0 -1.24659
244 245 0.000597556 0 -1.02115 0 0 0 0 -1.02055
245 246 0.0648812 0 -1.01905 0 0 0 0 -0.95417
246 247 0.0012214 0 0 0 0 0 0 0.0012214
247 248 0.025442 0 0 0 0 0 0 0.025442
248 249 0.017095 0 0 0 0 0 0 0.017095
249 250 0.0746951 0 0 0 0 0 0 0.0746951
250 251 0.103397 0 0 0 0 0 0 0.103397
251 252 0.124611 0 -1.22391 0 0 0 0 -1.0993
252 253 0.00501751 0 -1.36542 0 0 0 0 -1.36041
253 254 0.0152223 0 -1.28116 0 0 0 0 -1.26593
255 256 0.0511793 0 -1.34576 0 0 0 0 -1.29458
256 257 0.00355992 0 -1.42712 0 0 0 0 -1.42356
257 258 0.00578041 0 0 0 0 0 0 0.00578041
258 259 0.00193452 0 -0 0 0 0 0 0.00193452
259 260 0.100739 0 0 0 0 0 0 0.100739
260 261 0.212159 0 -1.2528 0 0 0 0 -1.04064
261 262 0.0287499 0 -1.14556 0 0 0 0 -1.11681
262 263 0.0169926 0 -1.08977 0 0 0 0 -1.07277
263 264 0.151898 0 -1.23774 0 0 0 0 -1.08584
264 265 0.0730475 0 -1.17377 0 0 0 0 -1.10072
265 266 0.0309902 0 -1.1019 0 0 0 0 -1.0709
266 267 0.0112659 0 -0.67703 0 0 0 0 -0.665764
267 268 0.0462828 0 -0.769964 0 0 0 0 -0.723682
268 269 0.0791487 0 -1.11422 0 0 0 0 -1.03507
269 270 0.0072737 0 0 0 0 0 0 0.0072737
270 271 0.109562 0 0 0 0 0 0 0.109562
271 272 0.0173683 0 0 0 0 0 0 0.0173683
272 273 0.0983467 0 -1.21714 0 0 0 0 -1.11879
273 274 1.9947e-05 0 0 0 0 0 0 1.9947e-05
274 275 0.0115301 0 -0 0 0 0 0 0.0115301
275 276 0.0636944 0 -1.01038 0 0 0 0 -0.946689
276 277 0.0208959 0 -0.89658 0 0 0 0 -0.875685
277 278 0.233736 0 -1.29211 0 0 0 0 -1.05838
278 279 0.0191187 0 -1.11035 0 0 0 0 -1.09123
279 280 2.14342e-05 0 0 0 0 0 0 2.14342e-05
280 281 0.056936 0 -0.609208 0 0 0 0 -0.552272
281 282 0.000221625 0 0 0 0 0 0 0.000221625
282 283 0.134735 0 -0.675298 0 0 0 0 -0.540564
283 284 0.168408 0 -1.13154 0 0 0 0 -0.963133
284 285 0.0319089 0 -1.35623 0 0 0 0 -1.32432
285 286 0.0241654 0 0 0 0 0 0 0.0241654
286 287 0.138721 0 -1.23131 0 0 0 0 -1.09259
287 288 0.0161808 0 0 0 0 0 0 0.0161808
288 289 0.0446456 0 -1.14794 0 0 0 0 -1.10329
289 290 0.0162758 0 -0.712289 0 0 0 0 -0.696013
290 291 0.677214 0 0 0 0 0 0 0.677214
291 292 0.103447 0 -1.02264 0 0 0 0 -0.919191
292 293 0.0124343 0 -1.39584 0 0 0 0 -1.3834
293 294 0.00282595 0 0 0 0 0 0 0.00282595
294 295 0.0671679 0 0 0 0 0 0 0.0671679
295 296 0.00136676 0 -1.39095 0 0 0 0 -1.38958
296 297 0.391839 0 -1.01354 0 0 0 0 -0.621705
297 298 0.0696682 0 -1.27342 0 0 0 0 -1.20375
298 299 0.00506978 0 -1.17285 0 0 0 0 -1.16778
299 300 0.00521183 0 -1.23759 0 0 0 0 -1.23238
300 301 0.22887 0 -1.23645 0 0 0 0 -1.00758
301 302 0.0494717 0 -1.36072 0 0 0 0 -1.31125
302 303 0.0416276 0 -1.45669 0 0 0 0 -1.41506
303 304 0.0453228 0 -1.15586 0 0 0 0 -1.11054
304 305 0.00126326 0 0 0 0 0 0 0.00126326
306 307 0.00581842 0 0 0 0 0 0 0.00581842
306 308 0 0 0 0.0953257 0 -0 0 0.0953257
307 308 4.90094e-06 0 0 0 0 0 0 4.90094e-06
308 309 0.0318031 0 0 0 0 0 0 0.0318031
309 310 0.0343296 0 0 0 0 0 0 0.0343296
310 311 0.00507649 0 -0 0 0 0 0 0.00507649
311 312 0.0449624 0 -1.30984 0 0 0 0 -1.26488
312 313 0.000434415 0 -1.21718 0 0 0 0 -1.21674
313 314 0.0428412 0 -1.20834 0 0 0 0 -1.1655
314 315 0.00278442 0 -1.16801 0 0 0 0 -1.16523
315 316 0.00713457 0 -1.32784 0 0 0 0 -1.32071
316 317 0.00300087 0 -0.626144 0 0 0 0 -0.623144
317 318 0.0294788 0 -1.22028 0 0 0 0 -1.1908
318 319 0.0364158 0 -0 0 0 0 0 0.0364158
319 320 0.00426928 0 0 0 0 0 0 0.00426928
320 321 0.0226803 0 -1.21472 0 0 0 0 -1.19204
321 322 0.154805 0 -1.06996 0 0 0 0 -0.91516
322 323 0.00365669 0 0 0 0 0 0 0.00365669
323 324 0.00237371 0 -1.36276 0 0 0 0 -1.36039
324 325 0.0371882 0 -1.11828 0 0 0 0 -1.08109
325 326 0.0334113 0 -1.10781 0 0 0 0 -1.0744
326 327 0.00320532 0 -1.35052 0 0 0 0 -1.34732
327 328 0.0909227 0 -0.96464 0 0 0 0 -0.873717
328 329 3.14728e-06 0 -1.18849 0 0 0 0 -1.18849
329 330 0.172214 0 -1.24666 0 0 0 0 -1.07444
330 331 0.112811 0 -1.13197 0 0 0 0 -1.01916
331 332 0.0140789 0 -1.40194 0 0 0 0 -1.38786
332 333 0.0200956 0 -1.08033 0 0 0 0 -1.06023
333 334 0.0107972 0 0 0 0 0 0 0.0107972
334 335 0.0687516 0 -1.42003 0 0 0 0 -1.35128
335 336 0.0331589 0 -1.14359 0 0 0 0 -1.11043
336 337 0.00638348 0 0 0 0 0 0 0.00638348
337 338 0.128029 0 0 0 0 0 0 0.128029
338 339 0.070526 0 0 0 0 0 0 0.070526
339 340 0.00658788 0 -1.13306 0 0 0 0 -1.12647
340 341 0.131766 0 0 0 0 0 0 0.131766
341 342 0.0147599 0 -1.02213 0 0 0 0 -1.00737
342 343 0.0419246 0 -0.83968 0 0 0 0 -0.797756
343 344 0.0210002 0 -1.27446 0 0 0 0 -1.25346
333 345 0 0 0 0 0 -0.0041987 0 -0.0041987
344 345 0.0252885 0 -1.20672 0 0 0 0 -1.18143
333 346 0 0 0 0 -0.726868 0 -0 -0.726868
332 346 0 0 0 0 -5.37713e-29 -0.110592 0 -0.110592
345 346 0.0154268 0 -1.36077 0 0 0 0 -1.34534
333 347 0 0 0 0 -0 -0.146929 0 -0.146929
332 347 0 0 0 0 -0.645035 0 -0 -0.645035
331 347 0 0 0 0 0 -0.083223 -0 -0.083223
346 347 0.0142525 0 -1.29721 0 0 0 0 -1.28296
332 348 0 0 0 0 0 -0.124279 -0 -0.124279
331 348 0 0 0 0 -0.637905 0 -0 -0.637905
330 348 0 0 0 0 0 -0.143276 -0 -0.143276
347 348 0.0158473 0 -1.10064 0 0 0 0 -1.08479
331 349 0 0 0 0 0 -0.10436 -0 -0.10436
329 349 0 0 0 0 0 -0.0160217 -0 -0.0160217
348 349 0.0533131 0 -1.38994 0 0 0 0 -1.33663
330 350 0 0 0 0 -0 -0.203208 0 -0.203208
329 350 0 0 0 0 -0.729016 0 -0 -0.729016
328 350 0 0 0 0 0 -0.13026 0 -0.13026
349 350 0.0275577 0 -0.909479 0 0 0 0 -0.881921
329 351 0 0 0 0 0 -0.144642 0 -0.144642
328 351 0 0 0 0 -0.805779 0 -0 -0.805779
327 351 0 0 0 0 -5.34025e-29 -0.0728288 0 -0.0728288
350 351 0.0794173 0 -1.19442 0 0 0 0 -1.115
328 352 0 0 0 0 -0 -0.12099 -0 -0.12099
327 352 0 0 0 0 -0.467169 0 -0 -0.467169
326 352 0 0 0 0 0 -0.0904883 0 -0.0904883
351 352 0.0240873 0 -1.12767 0 0 0 0 -1.10359
327 353 0 0 0 0 0 -0.16337 -0 -0.16337
326 353 0 0 0 0 -0.76442 0 -0 -0.76442
325 353 0 0 0 0 0 -0.173886 -0 -0.173886
352 353 0.00905292 0 -0.786376 0 0 0 0 -0.777323
326 354 0 0 0 0 0 -0.137747 0 -0.137747
325 354 0 0 0 0 -0.899524 0 -0 -0.899524
324 354 0 0 0 0 0 -0.153984 0 -0.153984
353 354 0.00766544 0 -1.31371 0 0 0 0 -1.30605
323 355 0 0 0 0 -0 -0.176239 0 -0.176239
325 355 0 0 0 0 0 -0.0379918 -0 -0.0379918
324 355 0 0 0 0 -0.67738 0 -0 -0.67738
354 355 0.0694011 0 -0.858956 0 0 0 0 -0.789555
323 356 0 0 0 0 -0.39811 0 -0 -0.39811
324 356 0 0 0 0 -0 -0.123083 0 -0.123083
355 356 0.0443453 0 -1.353 0 0 0 0 -1.30866
357 358 0.00301773 0 0 0 0 0 0 0.00301773
358 359 0.0135505 0 -0.43798 0 0 0 0 -0.42443
359 360 0.0461181 0 -0.841852 0 0 0 0 -0.795734
360 361 0.00142161 0 -1.09353 0 0 0 0 -1.09211
361 362 0.0229071 0 -1.13652 0 0 0 0 -1.11361
362 363 0.0159943 0 -0.802032 0 0 0 0 -0.786037
363 364 0.00360081 0 -1.28463 0 0 0 0 -1.28103
364 365 0.0371185 0 -0.525948 0 0 0 0 -0.488829
364 366 0 0 0 0 0 -7.78972e-09 0 -7.78972e-09
365 366 4.87126e-05 0 -1.20663 0 0 0 0 -1.20658
366 367 0.0224856 0 -1.20514 0 0 0 0 -1.18266
367 368 0.0149692 0 0 0 0 0 0 0.0149692
368 369 0.000134058 0 0 0 0 0 0 0.000134058
369 370 0.000445347 0 -0.938377 0 0 0 0 -0.937932
370 371 4.4712e-05 0 -0.969144 0 0 0 0 -0.969099
371 372 0.071935 0 -0.841284 0 0 0 0 -0.769349
372 373 0.00228182 0 -0.789558 0 0 0 0 -0.787276
371 374 0 0 0 0 -0 -2.97636e-07 0 -2.97636e-07
373 374 0.0159563 0 0 0 0 0 0 0.0159563
374 375 0.0339222 0 0 0 0 0 0 0.0339222
375 376 0.00220847 0 -1.30779 0 0 0 0 -1.30558
376 377 0.0253274 0 -1.15811 0 0 0 0 -1.13278
377 378 0.00885846 0 -1.06429 0 0 0 0 -1.05543
378 379 0.0378043 0 -1.32787 0 0 0 0 -1.29007
379 380 0.000214286 0 -0.949791 0 0 0 0 -0.949576
380 381 0.0568922 0 -0.184304 0 0 0 0 -0.127411
381 382 7.60211e-05 0 0 0 0 0 0 7.60211e-05
382 383 0.000310913 0 0 0 0 0 0 0.000310913
383 384 0.193205 0 -0.711516 0 0 0 0 -0.518311
384 385 0.0537927 0 -1.33801 0 0 0 0 -1.28422
385 386 0.00921395 0 -0.892563 0 0 0 0 -0.883349
386 387 0.329022 0 0 0 0 0 0 0.329022
387 388 0.00038246 0 -1.23784 0 0 0 0 -1.23746
388 389 0.0520384 0 0 0 0 0 0 0.0520384
389 390 0.0533934 0 -1.19347 0 0 0 0 -1.14008
390 391 0.010991 0 0 0 0 0 0 0.010991
391 392 0.00812861 0 0 0 0 0 0 0.00812861
392 393 7.08851e-06 0 -1.11822 0 0 0 0 -1.11821
393 394 0.00461228 0 0 0 0 0 0 0.00461228
394 395 0.0412082 0 0 0 0 0 0 0.0412082
395 396 0.0736259 0 -1.35613 0 0 0 0 -1.28251
396 397 0.00940095 0 0 0 0 0 0 0.00940095
397 398 0.00165453 0 0 0 0 0 0 0.00165453
398 399 0.00761066 0 -0 0 0 0 0 0.00761066
399 400 0.0927062 0 0 0 0 0 0 0.0927062
400 401 0.111373 0 -0.764087 0 0 0 0 -0.652714
401 402 0.0433665 0 -1.37247 0 0 0 0 -1.3291
402 403 0.0590122 0 -1.05904 0 0 0 0 -1.00003
403 404 0.0743881 0 0 0 0 0 0 0.0743881
404 405 0.0546162 0 -1.19825 0 0 0 0 -1.14363
405 406 0.0250234 0 0 0 0 0 0 0.0250234
406 407 0.0120035 0 0 0 0 0 0 0.0120035
408 409 0.00104446 0 -1.08874 0 0 0 0 -1.0877
409 410 0.0879601 0 0 0 0 0 0 0.0879601
410 411 0.000112878 0 0 0 0 0 0 0.000112878
411 412 0.0282811 0 -1.35706 0 0 0 0 -1.32878
412 413 0.0103586 0 -1.28492 0 0 0 0 -1.27456
413 414 0.0279329 0 0 0 0 0 0 0.0279329
414 415 0.0100485 0 0 0 0 0 0 0.0100485
415 416 0.00210916 0 -0.334615 0 0 0 0 -0.332506
416 417 0.00817989 0 0 0 0 0 0 0.00817989
417 418 0.00190216 0 -1.18633 0 0 0 0 -1.18443
418 419 0.0227206 0 -1.03957 0 0 0 0 -1.01685
419 420 0.0533803 0 -0.827862 0 0 0 0 -0.774482
420 421 0.0522052 0 -1.26966 0 0 0 0 -1.21746
421 422 0.0643491 0 0 0 0 0 0 0.0643491
422 423 0.0731107 0 0 0 0 0 0 0.0731107
423 424 0.0476158 0 -1.46802 0 0 0 0 -1.4204
424 425 0.000804327 0 -1.17324 0 0 0 0 -1.17243
425 426 0.0191286 0 -1.31156 0 0 0 0 -1.29243
426 427 0.075552 0 -0.991896 0 0 0 0 -0.916344
427 428 0.0409665 0 -0.724407 0 0 0 0 -0.68344
428 429 0.00355992 0 -1.24761 0 0 0 0 -1.24405
429 430 0.0136635 0 -1.05825 0 0 0 0 -1.04459
430 431 0.323913 0 -1.38617 0 0 0 0 -1.06225
431 432 0.0471131 0 -1.2301 0 0 0 0 -1.18299
432 433 0.0290897 0 -1.08756 0 0 0 0 -1.05847
433 434 0.0009091 0 -1.30821 0 0 0 0 -1.3073
434 435 0.0481968 0 -1.15688 0 0 0 0 -1.10868
435 436 0.0110749 0 -1.11809 0 0 0 0 -1.10701
436 437 0.00880568 0 -1.27561 0 0 0 0 -1.26681
437 438 0.0177721 0 -1.13086 0 0 0 0 -1.11309
438 439 0.0539995 0 -1.39571 0 0 0 0 -1.34171
439 440 0.00685907 0 -0.957302 0 0 0 0 -0.950443
440 441 0.00626519 0 0 0 0 0 0 0.00626519
441 442 9.41092e-06 0 0 0 0 0 0 9.41092e-06
442 443 0.0207447 0 -1.274 0 0 0 0 -1.25326
439 444 0 0 0 0 0 -0.0102185 -0 -0.0102185
438 444 0 0 0 0 0 -0.159171 0 -0.159171
443 444 0.032579 0 0 0 0 0 0 0.032579
439 445 0 0 0 0 0 -0.11872 0 -0.11872
438 445 0 0 0 0 -0.84012 0 -0 -0.84012
437 445 0 0 0 0 0 -0.120108 0 -0.120108
444 445 0.00014557 0 -0.708009 0 0 0 0 -0.707864
438 446 0 0 0 0 0 -0.192196 0 -0.192196
437 446 0 0 0 0 -0.277046 0 -0 -0.277046
436 446 0 0 0 0 0 -0.0661435 -0 -0.0661435
445 446 0.0480209 0 -1.35451 0 0 0 0 -1.30649
437 447 0 0 0 0 0 -0.119725 0 -0.119725
436 447 0 0 0 0 -0.812422 0 -0 -0.812422
435 447 0 0 0 0 0 -0.149496 0 -0.149496
446 447 0.00842558 0 -0.926601 0 0 0 0 -0.918176
436 448 0 0 0 0 0 -0.0898504 0 -0.0898504
435 448 0 0 0 0 -0.803585 0 -0 -0.803585
434 448 0 0 0 0 -6.24781e-33 -0.0937665 0 -0.0937665
447 448 0.0348647 0 -1.10667 0 0 0 0 -1.0718
435 449 0 0 0 0 -0 -0.116917 0 -0.116917
434 449 0 0 0 0 -0.643111 -8.66912e-32 -0 -0.643111
433 449 0 0 0 0 0 -0.0767701 0 -0.0767701
448 449 0.000168915 0 -1.30859 0 0 0 0 -1.30843
434 450 0 0 0 0 0 -0.0346944 -0 -0.0346944
433 450 0 0 0 0 -0.734653 0 -0 -0.734653
432 450 0 0 0 0 0 -0.12122 0 -0.12122
449 450 0.0438268 0 -1.1135 0 0 0 0 -1.06967
433 451 0 0 0 0 0 -0.0265465 -0 -0.0265465
431 451 0 0 0 0 0 -0.121365 0 -0.121365
450 451 0.0323154 0 -1.17346 0 0 0 0 -1.14114
432 452 0 0 0 0 -0 -0.101008 -0 -0.101008
431 452 0 0 0 0 -0.847585 0 -0 -0.847585
430 452 0 0 0 0 0 -0.112139 -0 -0.112139
451 452 0.158289 0 -1.12157 0 0 0 0 -0.963284
431 453 0 0 0 0 0 -0.148135 0 -0.148135
430 453 0 0 0 0 -0.729677 0 -0 -0.729677
429 453 0 0 0 0 -8.15834e-17 -0.0389271 -0 -0.0389271
452 453 0.00167448 0 -1.11318 0 0 0 0 -1.1115
430 454 0 0 0 0 -0 -0.026612 -0 -0.026612
429 454 0 0 0 0 -0.644683 0 -0 -0.644683
428 454 0 0 0 0 0 -0.075143 -0 -0.075143
453 454 0.0234503 0 -0.7735 0 0 0 0 -0.75005
429 455 0 0 0 0 0 -0.113799 -0 -0.113799
428 455 0 0 0 0 -0.712189 0 -0 -0.712189
427 455 0 0 0 0 0 -0.183437 0 -0.183437
454 455 0.00237037 0 -0.905647 0 0 0 0 -0.903277
428 456 0 0 0 0 0 -0.141768 0 -0.141768
427 456 0 0 0 0 -0.664333 -2.51568e-09 -0 -0.664333
426 456 0 0 0 0 0 -0.0763836 -0 -0.0763836
455 456 0.21444 0 -1.44057 0 0 0 0 -1.22613
427 457 0 0 0 0 0 -0.0839153 0 -0.0839153
426 457 0 0 0 0 -0.76575 0 -0 -0.76575
425 457 0 0 0 0 -0 -0.141857 0 -0.141857
456 457 0.00542684 0 -1.36842 0 0 0 0 -1.36299
426 458 0 0 0 0 -0 -0.138025 -0 -0.138025
425 458 0 0 0 0 -0.789252 0 -0 -0.789252
424 458 0 0 0 0 0 -0.150699 0 -0.150699
457 458 0.0875504 0 -1.05046 0 0 0 0 -0.962908
459 460 0.0547707 0 0 0 0 0 0 0.0547707
460 461 0.145859 0 0 0 0 0 0 0.145859
461 462 0.00416695 0 -1.4052 0 0 0 0 -1.40103
462 463 0.0018648 0 -0.808977 0 0 0 0 -0.807112
463 464 0.00563977 0 -1.34464 0 0 0 0 -1.339
464 465 0.0109064 0 0 0 0 0 0 0.0109064
465 466 0.0111971 0 -1.14845 0 0 0 0 -1.13725
466 467 0.000180082 0 0 0 0 0 0 0.000180082
467 468 0.0350071 0 0 0 0 0 0 0.0350071
468 469 0.0234934 0 -0 0 0 0 0 0.0234934
469 470 0.180857 0 -1.07533 0 0 0 0 -0.894472
470 471 0.0598501 0 -1.39935 0 0 0 0 -1.3395
471 472 0.0159203 0 0 0 0 0 0 0.0159203
472 473 0.000241479 0 0 0 0 0 0 0.000241479
472 474 0 0 0 0 0 -0 -1.17996e-15 -1.17996e-15
473 474 0.0216623 0 -1.22386 0 0 0 0 -1.2022
473 475 0 0 0 0.00730102 0 0 0 0.00730102
474 475 0.0207957 0 0 0 0 0 0 0.0207957
475 476 0.0411665 0 -1.44301 0 0 0 0 -1.40185
476 477 0.0275647 0 0 0 0 0 0 0.0275647
477 478 0.201174 0 -0 0 0 0 0 0.201174
478 479 0.0211566 0 -1.2189 0 0 0 0 -1.19774
479 480 0.12411 0 -0.768319 0 0 0 0 -0.644209
480 481 0.122418 0 0 0 0 0 0 0.122418
481 482 0.0140052 0 0 0 0 0 0 0.0140052
482 483 0.227114 0 -1.34115 0 0 0 0 -1.11403
483 484 0.0151255 0 -1.24359 0 0 0 0 -1.22847
484 485 0.0219224 0 -1.38863 0 0 0 0 -1.36671
485 486 0.0848344 0 0 0 0 0 0 0.0848344
486 487 0.0640067 0 0 0 0 0 0 0.0640067
487 488 2.80004e-05 0 -1.35649 0 0 0 0 -1.35646
488 489 0.00585361 0 0 0 0 0 0 0.00585361
489 490 0.0774646 0 0 0 0 0 0 0.0774646
490 491 0.0386183 0 -0 0 0 0 0 0.0386183
491 492 0.000174401 0 0 0 0 0 0 0.000174401
492 493 0.497962 0 0 0 0 0 0 0.497962
493 494 0.0215407 0 -1.00294 0 0 0 0 -0.9814
494 495 0.00287115 0 0 0 0 0 0 0.00287115
495 496 0.00831731 0 0 0 0 0 0 0.00831731
496 497 0.00916656 0 0 0 0 0 0 0.00916656
497 498 0.0158093 0 -0.589018 0 0 0 0 -0.573208
498 499 0.0272174 0 -1.22565 0 0 0 0 -1.19843
499 500 0.0890662 0 -0.933744 0 0 0 0 -0.844678
499 501 0 0 0 0 -0 -2.11427e-07 0 -2.11427e-07
500 501 0.0192561 0 -1.17839 0 0 0 0 -1.15913
501 502 0.0284913 0 -1.40018 0 0 0 0 -1.37168
502 503 0.000560957 0 -0.517566 0 0 0 0 -0.517005
503 504 0.000322023 0 -0 0 0 0 0 0.000322023
504 505 0.0193166 0 0 0 0 0 0 0.0193166
505 506 0.0538805 0 -0 0 0 0 0 0.0538805
506 507 0.0691238 0 -1.28544 0 0 0 0 -1.21631
507 508 0.0113766 0 0 0 0 0 0 0.0113766
508 509 0.0766477 0 0 0 0 0 0 0.0766477
510 511 0.00094572 0 -1.2457 0 0 0 0 -1.24475
511 512 0.00592884 0 -0.854395 0 0 0 0 -0.848466
512 513 0.140069 0 0 0 0 0 0 0.140069
513 514 0.0677389 0 0 0 0 0 0 0.0677389
514 515 0.329194 0 0 0 0 0 0 0.329194
515 516 0.102761 0 -1.15636 0 0 0 0 -1.0536
516 517 0.330556 0 -1.26321 0 0 0 0 -0.932658
517 518 0.00102966 0 -1.30888 0 0 0 0 -1.30785
518 519 0.241375 0 -0 0 0 0 0 0.241375
519 520 0.00299105 0 -1.38219 0 0 0 0 -1.3792
520 521 0.000604273 0 0 0 0 0 0 0.000604273
521 522 0.21904 0 -1.17042 0 0 0 0 -0.951382
522 523 0.111952 0 -1.05119 0 0 0 0 -0.939242
523 524 0.0852509 0 -0.9296 0 0 0 0 -0.844349
524 525 0.0220533 0 -1.17591 0 0 0 0 -1.15386
525 526 0.0138817 0 0 0 0 0 0 0.0138817
526 527 0.0515148 0 -1.37727 0 0 0 0 -1.32575
527 528 0.016864 0 -0 0 0 0 0 0.016864
528 529 0.000381365 0 -1.27937 0 0 0 0 -1.27899
529 530 0.0869957 0 -1.09099 0 0 0 0 -1.00399
530 531 0.0124308 0 0 0 0 0 0 0.0124308
531 532 0.06612 0 -1.01099 0 0 0 0 -0.944866
532 533 0.0202238 0 -1.12731 0 0 0 0 -1.10709
533 534 0.0325376 0 -1.13617 0 0 0 0 -1.10364
534 535 0.162792 0 0 0 0 0 0 0.162792
535 536 0.0393859 0 -1.43962 0 0 0 0 -1.40023
536 537 0.000248511 0 -1.076 0 0 0 0 -1.07575
537 538 0.0419265 0 0 0 0 0 0 0.0419265
538 539 0.163821 0 0 0 0 0 0 0.163821
539 540 0.00634355 0 -1.45093 0 0 0 0 -1.44459
540 541 0.0131396 0 0 0 0 0 0 0.0131396
541 542 0.0370079 0 -1.43066 0 0 0 0 -1.39365
542 543 0.00157542 0 -1.2885 0 0 0 0 -1.28692
543 544 0.0484234 0 -0 0 0 0 0 0.0484234
544 545 0.00494981 0 0 0 0 0 0 0.00494981
545 546 0.289832 0 0 0 0 0 0 0.289832
546 547 0.0254711 0 -0.66426 0 0 0 0 -0.638789
547 548 0.0332606 0 -1.22833 0 0 0 0 -1.19506
548 549 0.165907 0 -1.34354 0 0 0 0 -1.17764
549 550 0.0122084 0 -1.3535 0 0 0 0 -1.3413
550 551 0.0213991 0 0 0 0 0 0 0.0213991
551 552 0.233829 0 -0.552247 0 0 0 0 -0.318417
552 553 0.0502518 0 -1.00181 0 0 0 0 -0.951562
553 554 0.00185951 0 -0.931185 0 0 0 0 -0.929326
554 555 3.25942e-06 0 -1.18365 0 0 0 0 -1.18365
555 556 0.326507 0 -1.04683 0 0 0 0 -0.720326
556 557 0.0343291 0 -1.34499 0 0 0 0 -1.31066
557 558 0.00141084 0 -0.969069 0 0 0 0 -0.967659
558 559 0.011558 0 -0.94541 0 0 0 0 -0.933852
559 560 0.226313 0 -1.00057 0 0 0 0 -0.774254
561 562 1.28009e-05 0 0 0 0 0 0 1.28009e-05
562 563 0.100484 0 -0 0 0 0 0 0.100484
563 564 0.0368142 0 0 0 0 0 0 0.0368142
564 565 0.000117883 0 0 0 0 0 0 0.000117883
565 566 0.0719095 0 -1.31387 0 0 0 0 -1.24196
566 567 0.00920834 0 -0.037637 0 0 0 0 -0.0284287
567 568 0.0317526 0 0 0 0 0 0 0.0317526
568 569 0.0432078 0 0 0 0 0 0 0.0432078
569 570 0.0292392 0 -0 0 0 0 0 0.0292392
570 571 0.0257533 0 -1.30552 0 0 0 0 -1.27977
571 572 0.0243047 0 -1.14144 0 0 0 0 -1.11714
572 573 0.0109438 0 -1.07069 0 0 0 0 -1.05975
573 574 0.0528905 0 -0.617478 0 0 0 0 -0.564588
574 575 0.073674 0 0 0 0 0 0 0.073674
575 576 0.0121373 0 -1.24593 0 0 0 0 -1.23379
576 577 0.00259077 0 -0 0 0 0 0 0.00259077
577 578 0.249807 0 0 0 0 0 0 0.249807
578 579 0.00751238 0 0 0 0 0 0 0.00751238
579 580 0.0369474 0 -1.11488 0 0 0 0 -1.07793
580 581 0.12993 0 -1.28417 0 0 0 0 -1.15424
581 582 0.0362381 0 -1.0224 0 0 0 0 -0.986163
582 583 0.0311207 0 0 0 0 0 0 0.0311207
583 584 0.0938091 0 0 0 0 0 0 0.0938091
584 585 0.201968 0 -0.953522 0 0 0 0 -0.751554
585 586 0.0360546 0 -1.02186 0 0 0 0 -0.985809
586 587 0.0680483 0 -1.23762 0 0 0 0 -1.16957
587 588 0.162698 0 0 0 0 0 0 0.162698
588 589 0.0637021 0 -1.37076 0 0 0 0 -1.30706
589 590 0.0350634 0 0 0 0 0 0 0.0350634
590 591 0.00341742 0 -1.0155 0 0 0 0 -1.01208
591 592 0.216141 0 0 0 0 0 0 0.216141
592 593 0.0276652 0 -0.899943 0 0 0 0 -0.872278
593 594 0.0314625 0 -0 0 0 0 0 0.0314625
594 595 0.0431242 0 -1.18677 0 0 0 0 -1.14364
595 596 0.0168058 0 0 0 0 0 0 0.0168058
596 597 0.0199322 0 -1.17902 0 0 0 0 -1.15908
597 598 2.19429e-05 0 -0.162496 0 0 0 0 -0.162474
598 599 0.0268572 0 0 0 0 0 0 0.0268572
599 600 0.0283401 0 -1.04932 0 0 0 0 -1.02098
600 601 0.0276666 0 -0.99449 0 0 0 0 -0.966824
601 602 0.00647792 0 -1.19983 0 0 0 0 -1.19335
602 603 0.0254941 0 0 0 0 0 0 0.0254941
603 604 0.00262906 0 -0 0 0 0 0 0.00262906
604 605 0.00926738 0 -1.15403 0 0 0 0 -1.14477
605 606 0.0662936 0 0 0 0 0 0 0.0662936
606 607 0.0348984 0 -0.791221 0 0 0 0 -0.756322
607 608 0.0155621 0 -1.12282 0 0 0 0 -1.10726
608 609 0.0110114 0 -0 0 0 0 0 0.0110114
609 610 0.00653465 0 -1.26 0 0 0 0 -1.25347
610 611 1.22215e-05 0 0 0 0 0 0 1.22215e-05
612 613 0.00102192 0 0 0 0 0 0 0.00102192
613 614 0.00300377 0 -1.41518 0 0 0 0 -1.41217
614 615 0.233968 0 0 0 0 0 0 0.233968
615 616 0.0214441 0 -1.07881 0 0 0 0 -1.05736
616 617 6.04584e-05 0 -0.632365 0 0 0 0 -0.632305
617 618 0.0294285 0 0 0 0 0 0 0.0294285
618 619 0.00613176 0 -1.23342 0 0 0 0 -1.22729
619 620 0.240234 0 -0 0 0 0 0 0.240234
620 621 0.0364219 0 -1.39779 0 0 0 0 -1.36137
621 622 0.0876868 0 -0.976751 0 0 0 0 -0.889064
622 623 0.00163139 0 -1.20154 0 0 0 0 -1.19991
623 624 0.0685277 0 -1.14676 0 0 0 0 -1.07823
624 625 0.000208069 0 -1.46759 0 0 0 0 -1.46739
625 626 0.00152347 0 -1.17845 0 0 0 0 -1.17692
626 627 0.0234882 0 0 0 0 0 0 0.0234882
627 628 0.0101131 0 0 0 0 0 0 0.0101131
628 629 0.0453706 0 -0 0 0 0 0 0.0453706
629 630 0.0451227 0 0 0 0 0 0 0.0451227
630 631 0.26348 0 -0.737361 0 0 0 0 -0.473881
631 632 0.00565332 0 -0 0 0 0 0 0.00565332
632 633 0.00388471 0 -1.44003 0 0 0 0 -1.43614
633 634 0.0436419 0 -0.938937 0 0 0 0 -0.895295
634 635 3.71627e-05 0 0 0 0 0 0 3.71627e-05
635 636 0.00684543 0 -1.12728 0 0 0 0 -1.12044
636 637 0.000876838 0 0 0 0 0 0 0.000876838
637 638 9.64103e-07 0 0 0 0 0 0 9.64103e-07
638 639 0.00731024 0 -1.26499 0 0 0 0 -1.25768
639 640 0.0825933 0 -0.730467 0 0 0 0 -0.647873
640 641 0.0247983 0 -0.633427 0 0 0 0 -0.608629
641 642 0.00106115 0 -1.3556 0 0 0 0 -1.35454
642 643 0.150477 0 -1.07555 0 0 0 0 -0.925073
643 644 0.0270209 0 -1.19521 0 0 0 0 -1.16819
644 645 0.0153167 0 0 0 0 0 0 0.0153167
645 646 0.00617183 0 0 0 0 0 0 0.00617183
646 647 0.127299 0 -1.29455 0 0 0 0 -1.16725
647 648 0.0117122 0 -1.24349 0 0 0 0 -1.23178
648 649 0.0498498 0 0 0 0 0 0 0.0498498
649 650 0.043835 0 -0.608996 0 0 0 0 -0.565161
650 651 0.0441407 0 -1.28783 0 0 0 0 -1.24369
651 652 0.0342179 0 0 0 0 0 0 0.0342179
652 653 0.000217933 0 -1.36493 0 0 0 0 -1.36471
653 654 0.0165304 0 0 0 0 0 0 0.0165304
654 655 0.00779933 0 0 0 0 0 0 0.00779933
655 656 0.111829 0 -0.944797 0 0 0 0 -0.832967
656 657 0.0181623 0 0 0 0 0 0 0.0181623
657 658 0.00935022 0 -1.18795 0 0 0 0 -1.1786
658 659 0.00435948 0 -1.09938 0 0 0 0 -1.09502
659 660 0.000102002 0 -1.05454 0 0 0 0 -1.05444
660 661 0.019306 0 -0.97429 0 0 0 0 -0.954984
661 662 0.0497522 0 0 0 0 0 0 0.0497522
663 664 0.0102409 0 0 0 0 0 0 0.0102409
664 665 0.00959384 0 -1.34171 0 0 0 0 -1.33212
665 666 0.0357427 0 -1.37619 0 0 0 0 -1.34045
666 667 0.228659 0 0 0 0 0 0 0.228659
667 668 0.0160349 0 0 0 0 0 0 0.0160349
668 669 0.0959422 0 -0.742941 0 0 0 0 -0.646999
669 670 0.0317102 0 0 0 0 0 0 0.0317102
668 671 0 0 0 0 -0 -0.00345211 0 -0.00345211
670 671 0.0247341 0 0 0 0 0 0 0.0247341
671 672 0.0594473 0 0 0 0 0 0 0.0594473
672 673 0.0681975 0 0 0 0 0 0 0.0681975
673 674 0.0960258 0 -1.08368 0 0 0 0 -0.987654
674 675 0.026807 0 0 0 0 0 0 0.026807
675 676 0.080608 0 -0 0 0 0 0 0.080608
676 677 0.083746 0 -1.24569 0 0 0 0 -1.16194
677 678 0.100668 0 -1.22585 0 0 0 0 -1.12518
678 679 0.0146642 0 -1.36691 0 0 0 0 -1.35225
679 680 0.00122073 0 -0 0 0 0 0 0.00122073
680 681 0.226925 0 -0.959082 0 0 0 0 -0.732157
681 682 0.00329032 0 -0.703873 0 0 0 0 -0.700582
682 683 0.0440732 0 -1.33219 0 0 0 0 -1.28811
683 684 0.00450804 0 0 0 0 0 0 0.00450804
684 685 6.38915e-05 0 -0 0 0 0 0 6.38915e-05
685 686 0.00643343 0 0 0 0 0 0 0.00643343
686 687 0.204217 0 -1.21672 0 0 0 0 -1.01251
687 688 0.00450973 0 -1.07264 0 0 0 0 -1.06813
688 689 0.00596839 0 -1.23013 0 0 0 0 -1.22416
689 690 0.0218334 0 -0.582722 0 0 0 0 -0.560888
690 691 0.0029913 0 -0 0 0 0 0 0.0029913
691 692 0.0382081 0 -1.29305 0 0 0 0 -1.25484
691 693 0 0 0 0 0 -0.000302876 0 -0.000302876
692 693 0.0134988 0 -0 0 0 0 0 0.0134988
693 694 0.0749884 0 -1.36268 0 0 0 0 -1.2877
694 695 0.049731 0 0 0 0 0 0 0.049731
695 696 0.202035 0 0 0 0 0 0 0.202035
696 697 0.00271659 0 -1.31435 0 0 0 0 -1.31163
697 698 0.00013122 0 -0.640594 0 0 0 0 -0.640462
698 699 0.0591264 0 -1.17553 0 0 0 0 -1.1164
699 700 0.0352174 0 -1.12346 0 0 0 0 -1.08824
700 701 0.151999 0 -1.2001 0 0 0 0 -1.04811
701 702 0.0116215 0 -0.868608 0 0 0 0 -0.856986
702 703 0.0486338 0 -1.38885 0 0 0 0 -1.34022
703 704 0.169503 0 0 0 0 0 0 0.169503
704 705 0.0121751 0 0 0 0 0 0 0.0121751
705 706 0.023882 0 -1.29539 0 0 0 0 -1.27151
706 707 0.0650835 0 -0 0 0 0 0 0.0650835
707 708 0.000185206 0 0 0 0 0 0 0.000185206
708 709 0.158456 0 -0 0 0 0 0 0.158456
709 710 0.144575 0 0 0 0 0 0 0.144575
710 711 0.0182092 0 -1.34412 0 0 0 0 -1.32591
711 712 0.00049828 0 0 0 0 0 0 0.00049828
712 713 0.0131161 0 -0.99039 0 0 0 0 -0.977274
714 715 0.0090942 0 -1.40078 0 0 0 0 -1.39168
715 716 0.076809 0 -1.2723 0 0 0 0 -1.19549
716 717 0.000298161 0 0 0 0 0 0 0.000298161
717 718 0.0162395 0 -0.0314448 0 0 0 0 -0.0152053
718 719 0.0963912 0 -0 0 0 0 0 0.0963912
719 720 0.170441 0 -1.32077 0 0 0 0 -1.15033
720 721 0.00155183 0 0 0 0 0 0 0.00155183
720 722 0 0 0 0.175286 0 0 0 0.175286
721 722 0.0207163 0 0 0 0 0 0 0.0207163
722 723 0.0839113 0 -0 0 0 0 0 0.0839113
723 724 0.05806 0 0 0 0 0 0 0.05806
724 725 4.15043e-05 0 -1.13151 0 0 0 0 -1.13147
725 726 0.228027 0 -0 0 0 0 0 0.228027
726 727 0.022538 0 -1.28002 0 0 0 0 -1.25748
727 728 0.0179841 0 -0.966727 0 0 0 0 -0.948743
728 729 0.0257485 0 -0.977556 0 0 0 0 -0.951807
729 730 0.0457657 0 -1.2074 0 0 0 0 -1.16163
730 731 0.362571 0 -1.37339 0 0 0 0 -1.01082
731 732 0.049151 0 0 0 0 0 0 0.049151
732 733 0.252251 0 0 0 0 0 0 0.252251
733 734 0.000400022 0 0 0 0 0 0 0.000400022
734 735 0.187545 0 0 0 0 0 0 0.187545
735 736 0.0134898 0 -1.19879 0 0 0 0 -1.1853
736 737 0.0878451 0 0 0 0 0 0 0.0878451
737 738 0.00523062 0 -0 0 0 0 0 0.00523062
738 739 0.0176881 0 0 0 0 0 0 0.0176881
739 740 0.00656154 0 0 0 0 0 0 0.00656154
740 741 0.0870757 0 -1.13546 0 0 0 0 -1.04838
741 742 0.0339592 0 0 0 0 0 0 0.0339592
742 743 0.00395858 0 -1.02191 0 0 0 0 -1.01795
743 744 0.440215 0 0 0 0 0 0 0.440215
744 745 0.227812 0 -1.35002 0 0 0 0 -1.12221
745 746 3.54113e-05 0 0 0 0 0 0 3.54113e-05
746 747 0.130369 0 0 0 0 0 0 0.130369
747 748 0.182964 0 0 0 0 0 0 0.182964
748 749 0.131856 0 -1.30381 0 0 0 0 -1.17195
749 750 0.0450705 0 -1.24013 0 0 0 0 -1.19506
750 751 8.59137e-05 0 0 0 0 0 0 8.59137e-05
751 752 0.273767 0 -1.16953 0 0 0 0 -0.89576
752 753 0.0292609 0 -1.08414 0 0 0 0 -1.05488
753 754 0.00144893 0 0 0 0 0 0 0.00144893
754 755 0.170705 0 0 0 0 0 0 0.170705
755 756 0.126987 0 -1.03705 0 0 0 0 -0.910061
756 757 0.108656 0 -1.41348 0 0 0 0 -1.30482
757 758 0.000408002 0 -1.35337 0 0 0 0 -1.35296
758 759 5.36094e-06 0 -1.24462 0 0 0 0 -1.24461
759 760 0.0334817 0 -1.18283 0 0 0 0 -1.14935
760 761 0.0416756 0 0 0 0 0 0 0.0416756
761 762 8.15325e-05 0 -0 0 0 0 0 8.15325e-05
762 763 0.00560861 0 -0 0 0 0 0 0.00560861
763 764 0.017121 0 0 0 0 0 0 0.017121
765 766 0.0102749 0 0 0 0 0 0 0.0102749
766 767 0.0133942 0 0 0 0 0 0 0.0133942
767 768 0.0197045 0 -1.40095 0 0 0 0 -1.38125
768 769 0.0393169 0 -1.16647 0 0 0 0 -1.12715
769 770 0.0378251 0 -1.30805 0 0 0 0 -1.27023
770 771 0.00936389 0 -1.1122 0 0 0 0 -1.10284
771 772 0.0114637 0 -0.970636 0 0 0 0 -0.959172
772 773 0.0071822 0 -1.22845 0 0 0 0 -1.22127
773 774 0.0510846 0 -1.03219 0 0 0 0 -0.981106
774 775 0.00191546 0 0 0 0 0 0 0.00191546
775 776 0.0698613 0 0 0 0 0 0 0.0698613
776 777 0.00941677 0 0 0 0 0 0 0.00941677
777 778 0.00595059 0 -1.27657 0 0 0 0 -1.27062
778 779 0.0123325 0 -1.25145 0 0 0 0 -1.23912
779 780 0.00853584 0 -1.32501 0 0 0 0 -1.31648
780 781 0.0237653 0 -1.25196 0 0 0 0 -1.22819
781 782 0.360967 0 -1.45271 0 0 0 0 -1.09174
782 783 0.0887619 0 0 0 0 0 0 0.0887619
783 784 0.0223576 0 0 0 0 0 0 0.0223576
784 785 0.00198424 0 -1.18519 0 0 0 0 -1.18321
785 786 0.0184341 0 0 0 0 0 0 0.0184341
786 787 0.0740571 0 0 0 0 0 0 0.0740571
787 788 0.138911 0 0 0 0 0 0 0.138911
788 789 0.0130196 0 0 0 0 0 0 0.0130196
789 790 0.194721 0 0 0 0 0 0 0.194721
790 791 0.00358561 0 0 0 0 0 0 0.00358561
791 792 0.000225748 0 0 0 0 0 0 0.000225748
792 793 0.0156941 0 0 0 0 0 0 0.0156941
793 794 0.159381 0 -1.20539 0 0 0 0 -1.04601
794 795 0.0661435 0 -0.965029 0 0 0 0 -0.898886
795 796 0.0059568 0 -0.877932 0 0 0 0 -0.871975
796 797 0.101314 0 -1.24332 0 0 0 0 -1.14201
797 798 0.0227454 0 -1.41081 0 0 0 0 -1.38807
798 799 0.111052 0 -1.17658 0 0 0 0 -1.06553
799 800 0.000225571 0 0 0 0 0 0 0.000225571
800 801 0.0673165 0 0 0 0 0 0 0.0673165
801 802 0.0424057 0 0 0 0 0 0 0.0424057
802 803 0.00425108 0 -1.34066 0 0 0 0 -1.33641
803 804 0.204843 0 -1.19507 0 0 0 0 -0.990228
804 805 0.00569323 0 0 0 0 0 0 0.00569323
805 806 0.0326564 0 -0.938545 0 0 0 0 -0.905888
806 807 0.00471502 0 0 0 0 0 0 0.00471502
807 808 0.00293602 0 0 0 0 0 0 0.00293602
808 809 0.0148952 0 0 0 0 0 0 0.0148952
809 810 0.000655662 0 0 0 0 0 0 0.000655662
810 811 0.000474861 0 -1.05069 0 0 0 0 -1.05022
811 812 0.045673 0 -1.24061 0 0 0 0 -1.19494
812 813 0.095365 0 -0.908358 0 0 0 0 -0.812993
813 814 0.0169735 0 0 0 0 0 0 0.0169735
814 815 0.00810995 0 0 0 0 0 0 0.00810995
816 817 0.00476637 0 -1.26931 0 0 0 0 -1.26454
817 818 0.000337561 0 -1.08144 0 0 0 0 -1.08111
818 819 0.0224537 0 -1.17714 0 0 0 0 -1.15469
819 820 0.230341 0 -1.31369 0 0 0 0 -1.08335
820 821 0.190179 0 -1.30601 0 0 0 0 -1.11583
821 822 0.316407 0 -1.28131 0 0 0 0 -0.964901
822 823 0.00028389 0 -1.20885 0 0 0 0 -1.20857
823 824 0.048328 0 0 0 0 0 0 0.048328
824 825 0.07612 0 -1.16571 0 0 0 0 -1.08959
825 826 0.0137506 0 -1.36859 0 0 0 0 -1.35484
824 827 0 0 0 0 0 -5.52355e-05 0 -5.52355e-05
826 827 0.000292919 0 0 0 0 0 0 0.000292919
827 828 0.0224768 0 0 0 0 0 0 0.0224768
828 829 0.0343498 0 -1.39013 0 0 0 0 -1.35578
829 830 0.056988 0 -1.28198 0 0 0 0 -1.22499
830 831 0.022417 0 0 0 0 0 0 0.022417
831 832 0.00109699 0 -1.07617 0 0 0 0 -1.07507
832 833 0.0843832 0 0 0 0 0 0 0.0843832
833 834 0.000207008 0 -1.19034 0 0 0 0 -1.19013
834 835 1.73492e-05 0 -1.09739 0 0 0 0 -1.09737
835 836 0.124362 0 -0.892079 0 0 0 0 -0.767717
836 837 0.0174557 0 -0.708944 0 0 0 0 -0.691488
837 838 0.000500607 0.00835364 0 0 0 0 0 0.00885424
838 839 0.0291026 0 -1.24676 0 0 0 0 -1.21766
839 840 0.00996899 0 -1.15187 0 0 0 0 -1.1419
840 841 0.0363375 0 0 0 0 0 0 0.0363375
841 842 0.012101 0 -1.31287 0 0 0 0 -1.30077
842 843 0.0213822 0 0 0 0 0 0 0.0213822
843 844 0.0934639 0 -1.26126 0 0 0 0 -1.1678
844 845 0.0116198 0 -0.000729084 0 0 0 0 0.0108907
845 846 0.000484945 0 0 0 0 0 0 0.000484945
846 847 0.0843245 0 -1.15886 0 0 0 0 -1.07453
847 848 0.0629222 0 -1.16035 0 0 0 0 -1.09743
848 849 0.00867764 0 -1.42941 0 0 0 0 -1.42073
849 850 0.00118459 0 0 0 0 0 0 0.00118459
850 851 0.137988 0 -1.00536 0 0 0 0 -0.867372
851 852 0.0185205 0 0 0 0 0 0 0.0185205
852 853 0.0110231 0 -0 0 0 0 0 0.0110231
853 854 0.00192776 0 -1.3466 0 0 0 0 -1.34467
854 855 0.00318369 0 -1.1238 0 0 0 0 -1.12062
855 856 0.00341039 0 -1.14175 0 0 0 0 -1.13834
856 857 0.094621 0 -0.101326 0 0 0 0 -0.00670498
857 858 0.00162051 0 -1.15687 0 0 0 0 -1.15525
858 859 0.0543022 0 0 0 0 0 0 0.0543022
859 860 0.0893786 0 -0.158026 0 0 0 0 -0.0686476
860 861 0.047553 0 -1.35503 0 0 0 0 -1.30748
861 862 0.0274743 0 -0.929964 0 0 0 0 -0.90249
862 863 0.0951048 0 -0.582755 0 0 0 0 -0.48765
863 864 0.000750849 0 0 0 0 0 0 0.000750849
864 865 0.184394 0 -1.02052 0 0 0 0 -0.836128
865 866 0.0222332 0 -1.16487 0 0 0 0 -1.14263
867 868 0.0784611 0 -0 0 0 0 0 0.0784611
868 869 0.0180665 0 0 0 0 0 0 0.0180665
869 870 0.348867 0 -0.979261 0 0 0 0 -0.630394
870 871 0.0716755 0 -1.23293 0 0 0 0 -1.16126
871 872 0.0508581 0 -1.0422 0 0 0 0 -0.991344
872 873 0.0161261 0 0 0 0 0 0 0.0161261
873 874 0.093443 0 -1.21854 0 0 0 0 -1.1251
874 875 0.0279844 0 -1.06723 0 0 0 0 -1.03924
875 876 0.0826958 0 -1.21949 0 0 0 0 -1.13679
876 877 0.00448766 0 0 0 0 0 0 0.00448766
877 878 0.00329718 0 -1.41518 0 0 0 0 -1.41189
878 879 0.00189594 0 -0.825524 0 0 0 0 -0.823628
879 880 0.0723774 0 -0.950331 0 0 0 0 -0.877954
880 881 0.00337194 0 -1.36858 0 0 0 0 -1.3652
881 882 0.00308669 0 -0.993166 0 0 0 0 -0.990079
882 883 0.421327 0 0 0 0 0 0 0.421327
883 884 0.000500251 0 -1.35623 0 0 0 0 -1.35573
884 885 0.167388 0 -1.38848 0 0 0 0 -1.22109
885 886 0.0189217 0 -1.32526 0 0 0 0 -1.30634
886 887 0.0151431 0 -0 0 0 0 0 0.0151431
887 888 0.0644516 0 -0.837293 0 0 0 0 -0.772841
888 889 0.0224996 0 0 0 0 0 0 0.0224996
889 890 0.20561 0 0 0 0 0 0 0.20561
890 891 0.00113461 0 -1.18119 0 0 0 0 -1.18005
891 892 0.00396275 0 -1.3996 0 0 0 0 -1.39563
891 893 0 0 0 0.119385 0 0 0 0.119385
892 893 0.0403402 0 0 0 0 0 0 0.0403402
893 894 0.00153316 0 0 0 0 0 0 0.00153316
894 895 0.32145 0 -1.1826 0 0 0 0 -0.861151
895 896 0.133641 0 0 0 0 0 0 0.133641
896 897 0.110239 0 -1.4288 0 0 0 0 -1.31856
897 898 0.00279219 0 0 0 0 0 0 0.00279219
898 899 0.00511882 0 0 0 0 0 0 0.00511882
899 900 0.000560862 0 -1.30234 0 0 0 0 -1.30178
900 901 0.0104664 0 0 0 0 0 0 0.0104664
901 902 0.0983917 0 0 0 0 0 0 0.0983917
902 903 0.00274745 0 -1.17959 0 0 0 0 -1.17684
903 904 0.141987 0 -1.08762 0 0 0 0 -0.945629
904 905 0.00109891 0 -1.13339 0 0 0 0 -1.13229
905 906 0.11133 0 -0 0 0 0 0 0.11133
906 907 0.0135188 0 -1.19259 0 0 0 0 -1.17907
907 908 0.011107 0 -0 0 0 0 0 0.011107
908 909 0.0214264 0 -1.16723 0 0 0 0 -1.14581
909 910 0.000574266 0 -1.26549 0 0 0 0 -1.26492
910 911 0.0395269 0 0 0 0 0 0 0.0395269
911 912 0.0207316 0 0 0 0 0 0 0.0207316
912 913 0.00748362 0 -1.3992 0 0 0 0 -1.39171
913 914 0.0043103 0 -1.14304 0 0 0 0 -1.13873
914 915 0.0277422 0 0 0 0 0 0 0.0277422
915 916 0.0565652 0 -0.849828 0 0 0 0 -0.793263
916 917 0.00668279 0 -1.09609 0 0 0 0 -1.08941
918 919 0.0265803 0 -1.24708 0 0 0 0 -1.22049
919 920 0.00315751 0 -1.06358 0 0 0 0 -1.06043
920 921 0.0104808 0 0 0 0 0 0 0.0104808
921 922 0.000596086 0 -1.29636 0 0 0 0 -1.29577
922 923 0.00718682 0 0 0 0 0 0 0.00718682
923 924 0.00176099 0 0 0 0 0 0 0.00176099
924 925 0.105628 0 0 0 0 0 0 0.105628
925 926 0.0711633 0 -1.04806 0 0 0 0 -0.976897
926 927 0.0775654 0 -0.993812 0 0 0 0 -0.916247
927 928 0.146787 0 -1.28409 0 0 0 0 -1.1373
928 929 0.060133 0 -0 0 0 0 0 0.060133
929 930 0.000131444 0 0 0 0 0 0 0.000131444
930 931 0.0038957 0 -1.35845 0 0 0 0 -1.35456
931 932 0.0627818 0 -1.04956 0 0 0 0 -0.986779
932 933 0.0129167 0 -1.23983 0 0 0 0 -1.22691
933 934 0.0122542 0 -1.38486 0 0 0 0 -1.3726
934 935 0.00900003 0 -0.654614 0 0 0 0 -0.645614
935 936 0.0191632 0 -1.08584 0 0 0 0 -1.06668
936 937 0.0159733 0 -1.10686 0 0 0 0 -1.09089
937 938 0.102078 0 -1.31486 0 0 0 0 -1.21278
938 939 3.58901e-06 0 0 0 0 0 0 3.58901e-06
939 940 0.00992073 0 0 0 0 0 0 0.00992073
940 941 0.155309 0 -1.04453 0 0 0 0 -0.889223
941 942 0.000719751 0 0 0 0 0 0 0.000719751
942 943 0.0866432 0 -1.2338 0 0 0 0 -1.14715
943 944 0.00123958 0 -1.04685 0 0 0 0 -1.04561
944 945 0.188716 0 -1.30311 0 0 0 0 -1.11439
945 946 0.158315 0 -1.1019 0 0 0 0 -0.94358
946 947 0.121185 0 -0.970327 0 0 0 0 -0.849142
947 948 0.049792 0 0 0 0 0 0 0.049792
948 949 0.0161997 0 -1.19139 0 0 0 0 -1.17519
949 950 0.0218025 0 -1.1776 0 0 0 0 -1.1558
950 951 0.0148448 0 -1.00786 0 0 0 0 -0.993014
951 952 0.0417421 0 -1.29433 0 0 0 0 -1.25259
952 953 0.0174227 0 -1.20677 0 0 0 0 -1.18935
953 954 0.0462889 0 0 0 0 0 0 0.0462889
954 955 0.11843 0 -1.32067 0 0 0 0 -1.20224
955 956 0.0414041 0 -1.18927 0 0 0 0 -1.14786
956 957 0.0805646 0 -1.20603 0 0 0 0 -1.12546
957 958 0.0107071 0 -1.30571 0 0 0 0 -1.29501
958 959 0.000836021 0 -0.969783 0 0 0 0 -0.968947
959 960 0.0477465 0 -1.0928 0 0 0 0 -1.04506
960 961 0.179526 0 -0.998124 0 0 0 0 -0.818598
961 962 0.00452375 0 -1.43703 0 0 0 0 -1.43251
962 963 0.157964 0 -1.00663 0 0 0 0 -0.848661
963 964 0.000425316 0 -1.03345 0 0 0 0 -1.03303
964 965 0.00164593 0 -0.634127 0 0 0 0 -0.632481
965 966 0.0268754 0 0 0 0 0 0 0.0268754
966 967 0.000872997 0 -1.19105 0 0 0 0 -1.19018
967 968 0.0254358 0 0 0 0 0 0 0.0254358
969 970 0.0476944 0 -1.43433 0 0 0 0 -1.38664
970 971 0.0919291 0 -1.08374 0 0 0 0 -0.991809
971 972 0.037272 0 -1.36763 0 0 0 0 -1.33036
972 973 0.018316 0 -1.2092 0 0 0 0 -1.19089
973 974 0.0105919 0 -0.559386 0 0 0 0 -0.548794
974 975 0.0267853 0 -0 0 0 0 0 0.0267853
975 976 0.138123 0 0 0 0 0 0 0.138123
976 977 0.000425881 0 -1.0895 0 0 0 0 -1.08908
977 978 0.00686586 0 -1.08721 0 0 0 0 -1.08034
978 979 0.0942168 0 0 0 0 0 0 0.0942168
979 980 0.0129996 0 -1.35636 0 0 0 0 -1.34336
980 981 0.0206902 0 0 0 0 0 0 0.0206902
981 982 0.117737 0 -0 0 0 0 0 0.117737
982 983 2.3174e-07 0 -1.12908 0 0 0 0 -1.12908
981 984 0 0 0 0 0 -0.000317917 -0 -0.000317917
983 984 0.000375376 0 -1.22174 0 0 0 0 -1.22136
984 985 0.105467 0 -1.21826 0 0 0 0 -1.11279
985 986 0.169348 0 -1.43557 0 0 0 0 -1.26622
986 987 0.232335 0 -1.1966 0 0 0 0 -0.964263
987 988 0.0734266 0 -0.948136 0 0 0 0 -0.874709
988 989 0.0245644 0 -1.0147 0 0 0 0 -0.99014
989 990 0.00136056 0 -0 0 0 0 0 0.00136056
990 991 0.105918 0 0 0 0 0 0 0.105918
991 992 0.0476561 0 -0 0 0 0 0 0.0476561
992 993 0.00265513 0 0 0 0 0 0 0.00265513
993 994 0.0247093 0 0 0 0 0 0 0.0247093
994 995 0.0472758 0 -0.959311 0 0 0 0 -0.912035
995 996 0.111534 0 -1.12164 0 0 0 0 -1.01011
996 997 0.0686798 0 0 0 0 0 0 0.0686798
997 998 0.0736862 0 -1.40797 0 0 0 0 -1.33428
998 999 0.0280709 0 0 0 0 0 0 0.0280709
999 1000 0.0389571 0 0 0 0 0 0 0.0389571
1000 1001 0.0763452 0 0 0 0 0 0 0.0763452
1001 1002 0.00116826 0 0 0 0 0 0 0.00116826
1002 1003 0.0182245 0 0 0 0 0 0 0.0182245
1003 1004 0.0368102 0 -1.45847 0 0 0 0 -1.42166
1004 1005 0.00373837 0 -1.01999 0 0 0 0 -1.01625
1005 1006 0.0381432 0 -1.44418 0 0 0 0 -1.40604
1006 1007 0.01792 0 -1.01027 0 0 0 0 -0.992346
1007 1008 0.039217 0 0 0 0 0 0 0.039217
1008 1009 0.0101935 0 0 0 0 0 0 0.0101935
1009 1010 0.00534846 0 -1.28811 0 0 0 0 -1.28276
1010 1011 0.0699703 0 -1.02408 0 0 0 0 -0.95411
1011 1012 0.0790418 0 -1.31627 0 0 0 0 -1.23723
1012 1013 0.0211877 0 -1.35406 0 0 0 0 -1.33287
1013 1014 0.0223699 0 -1.29245 0 0 0 0 -1.27008
1014 1015 0.0559022 0 -1.00948 0 0 0 0 -0.953573
1015 1016 0.00329929 0 -0.3834 0 0 0 0 -0.3801
1016 1017 0.0184543 0 0 0 0 0 0 0.0184543
1017 1018 0.0320349 0 -1.21947 0 0 0 0 -1.18743
1018 1019 0.00997753 0 -0.78912 0 0 0 0 -0.779142
1020 1021 0.00313522 0 -1.24593 0 0 0 0 -1.24279
1021 1022 0.147969 0 -1.38927 0 0 0 0 -1.2413
1022 1023 0.000815979 0 -0.968512 0 0 0 0 -0.967696
1023 1024 0.0212881 0 0 0 0 0 0 0.0212881
1024 1025 0.0285125 0 -0.65247 0 0 0 0 -0.623957
1025 1026 0.00825289 0 -1.35233 0 0 0 0 -1.34408
1026 1027 0.233559 0 -0.056612 0 0 0 0 0.176947
1027 1028 0.0837331 0 -1.26087 0 0 0 0 -1.17714
1028 1029 0.0552171 0 -1.3145 0 0 0 0 -1.25929
1029 1030 0.016247 0 0 0 0 0 0 0.016247
1030 1031 0.000425935 0 -1.31086 0 0 0 0 -1.31043
1031 1032 0.00610459 0 -0.990256 0 0 0 0 -0.984151
1032 1033 0.0268752 0 -0 0 0 0 0 0.0268752
1033 1034 0.0218555 0 0 0 0 0 0 0.0218555
1034 1035 0.0221638 0 0 0 0 0 0 0.0221638
1035 1036 0.238044 0 -1.32814 0 0 0 0 -1.0901
1036 1037 0.00918078 0 -1.11086 0 0 0 0 -1.10168
1037 1038 0.0114851 0 -1.24934 0 0 0 0 -1.23786
1038 1039 0.205805 0 0 0 0 0 0 0.205805
1039 1040 0.0633322 0 0 0 0 0 0 0.0633322
1040 1041 0.0111485 0 -1.1797 0 0 0 0 -1.16855
1041 1042 0.00166411 0 -0.753446 0 0 0 0 -0.751781
1042 1043 0.0861176 0 0 0 0 0 0 0.0861176
1043 1044 0.0175257 0 -1.22711 0 0 0 0 -1.20958
1044 1045 0.0962682 0 0 0 0 0 0 0.0962682
1045 1046 0.0236508 0 -1.44742 0 0 0 0 -1.42377
1046 1047 0.0278303 0 -1.28621 0 0 0 0 -1.25838
1047 1048 0.131109 0 -1.41863 0 0 0 0 -1.28753
1048 1049 0.0917875 0 -1.3232 0 0 0 0 -1.23141
1049 1050 0.0476101 0 0 0 0 0 0 0.0476101
1050 1051 0.0644751 0 0 0 0 0 0 0.0644751
1051 1052 0.0201441 0 -1.19119 0 0 0 0 -1.17105
1052 1053 0.000314864 0 -1.18107 0 0 0 0 -1.18076
1053 1054 0.166137 0 -0.98839 0 0 0 0 -0.822253
1054 1055 0.0673617 0 -1.33668 0 0 0 0 -1.26932
1055 1056 0.0156597 0 -1.41313 0 0 0 0 -1.39747
1056 1057 0.000518291 0 -0 0 0 0 0 0.000518291
1057 1058 0.0769255 0 -1.32261 0 0 0 0 -1.24568
1058 1059 0.0923834 0 -1.38749 0 0 0 0 -1.29511
1059 1060 0.0090573 0 -0.833619 0 0 0 0 -0.824562
1060 1061 0.0164491 0 -1.04962 0 0 0 0 -1.03317
1061 1062 0.000919307 0 -0.990475 0 0 0 0 -0.989556
1062 1063 0.0263514 0 -1.29476 0 0 0 0 -1.2684
1063 1064 0.000229221 0 -1.27208 0 0 0 0 -1.27185
1064 1065 0.343101 0 -0.958311 0 0 0 0 -0.61521
1065 1066 0.0188147 0 -1.41225 0 0 0 0 -1.39343
1066 1067 0.0073739 0 -1.04672 0 0 0 0 -1.03935
1067 1068 0.00163561 0 0 0 0 0 0 0.00163561
1069 1070 0.0865541 0 -1.19054 0 0 0 0 -1.10398
1070 1071 0.00249317 0 0 0 0 0 0 0.00249317
1071 1072 0.187751 0 0 0 0 0 0 0.187751
1072 1073 0.0982675 0 0 0 0 0 0 0.0982675
1071 1074 0 0 0 0 0 -0.000709129 0 -0.000709129
1073 1074 0.0439902 0 -1.40896 0 0 0 0 -1.36497
1074 1075 0.238459 0 0 0 0 0 0 0.238459
1075 1076 0.000114176 0 0 0 0 0 0 0.000114176
1076 1077 0.0413223 0 -0.78081 0 0 0 0 -0.739488
1077 1078 0.0299992 0 0 0 0 0 0 0.0299992
1078 1079 0.124164 0 0 0 0 0 0 0.124164
1079 1080 0.000131036 0.0897484 -0 0 0 0 0 0.0898794
1080 1081 0.17643 0 0 0 0 0 0 0.17643
1081 1082 0.0441279 0 -1.26984 0 0 0 0 -1.22571
1082 1083 0.145548 0 -1.1696 0 0 0 0 -1.02405
1083 1084 0.112126 0 0 0 0 0 0 0.112126
1084 1085 0.0302567 0 -0.720955 0 0 0 0 -0.690698
1085 1086 0.0088357 0 -1.23825 0 0 0 0 -1.22941
1086 1087 0.00318029 0 0 0 0 0 0 0.00318029
1087 1088 0.00449822 0 0 0 0 0 0 0.00449822
1087 1089 0 0 0 0.0552179 0 0 0 0.0552179
1088 1089 0.116947 0 0 0 0 0 0 0.116947
1089 1090 0.0484541 0 0 0 0 0 0 0.0484541
1090 1091 0.000409443 0 -0.409181 0 0 0 0 -0.408772
1091 1092 0.000273897 0 -1.01452 0 0 0 0 -1.01425
1092 1093 0.104579 0 0 0 0 0 0 0.104579
1093 1094 0.00751465 0 -1.03904 0 0 0 0 -1.03153
1094 1095 0.00402461 0 -0 0 0 0 0 0.00402461
1095 1096 0.00656014 0 -1.00163 0 0 0 0 -0.995072
1096 1097 0.00669035 0 -1.22472 0 0 0 0 -1.21802
1097 1098 0.0243593 0 -0.934658 0 0 0 0 -0.910299
1098 1099 0.0271031 0 -1.19719 0 0 0 0 -1.17008
1099 1100 0.000310179 0 -1.265 0 0 0 0 -1.26469
1100 1101 0.00700779 0 0 0 0 0 0 0.00700779
1101 1102 0.00466589 0 -1.2601 0 0 0 0 -1.25544
1102 1103 0.00838018 0 0 0 0 0 0 0.00838018
1103 1104 0.0107951 0 0 0 0 0 0 0.0107951
1104 1105 0.00501698 0 -1.24103 0 0 0 0 -1.23601
1105 1106 0.00274499 0 0 0 0 0 0 0.00274499
1106 1107 0.11406 0 -1.47901 0 0 0 0 -1.36495
1107 1108 0.0427514 0 0 0 0 0 0 0.0427514
1108 1109 0.00103669 0 0 0 0 0 0 0.00103669
1109 1110 0.0226936 0 -1.35596 0 0 0 0 -1.33327
1110 1111 0.0049539 0 -1.39746 0 0 0 0 -1.39251
1111 1112 0.00752866 0 -0.880954 0 0 0 0 -0.873425
1112 1113 0.0897269 0 -0.624535 0 0 0 0 -0.534808
1113 1114 0.000292709 0 0 0 0 0 0 0.000292709
1114 1115 0.324562 0 0 0 0 0 0 0.324562
1115 1116 0.141171 0 0 0 0 0 0 0.141171
1116 1117 0.0225582 0 -1.07306 0 0 0 0 -1.05051
1118 1119 0.00273671 0 0 0 0 0 0 0.00273671
1119 1120 0.0432521 0 0 0 0 0 0 0.0432521
1120 1121 0.0153186 0 0 0 0 0 0 0.0153186
1121 1122 0.235984 0 -0 0 0 0 0 0.235984
1122 1123 0.0115309 0 0 0 0 0 0 0.0115309
1123 1124 0.131256 0 -1.21013 0 0 0 0 -1.07887
1124 1125 0.0541748 0 -0 0 0 0 0 0.0541748
1125 1126 0.0224851 0 -0 0 0 0 0 0.0224851
1126 1127 0.0520653 0 0 0 0 0 0 0.0520653
1127 1128 0.0437538 0 -1.31384 0 0 0 0 -1.27009
1128 1129 0.0828222 0 -1.355 0 0 0 0 -1.27217
1129 1130 0.0236602 0 0 0 0 0 0 0.0236602
1130 1131 0.00318275 0 -0 0 0 0 0 0.00318275
1131 1132 0.000656089 0 -0.903703 0 0 0 0 -0.903047
1132 1133 0.394814 0 -0.538501 0 0 0 0 -0.143687
1133 1134 0.00235016 0 -0 0 0 0 0 0.00235016
1134 1135 0.0318478 0 0 0 0 0 0 0.0318478
1135 1136 0.00363346 0 -1.27259 0 0 0 0 -1.26896
1136 1137 0.135196 0 -1.03993 0 0 0 0 -0.904731
1137 1138 0.00631806 0 -0.911404 0 0 0 0 -0.905086
1138 1139 0.0406903 0 0 0 0 0 0 0.0406903
1139 1140 0.0697262 0 0 0 0 0 0 0.0697262
1140 1141 0.0017572 0 0 0 0 0 0 0.0017572
1141 1142 0.000291058 0 0 0 0 0 0 0.000291058
1142 1143 0.0257032 0 0 0 0 0 0 0.0257032
1143 1144 0.0103406 0 -0.00306863 0 0 0 0 0.00727193
1144 1145 0.00308389 0 0 0 0 0 0 0.00308389
1145 1146 0.128931 0 -1.40443 0 0 0 0 -1.2755
1146 1147 0.00326259 0 -0.801333 0 0 0 0 -0.79807
1147 1148 0.00137678 0 -1.13819 0 0 0 0 -1.13682
1148 1149 0.00752532 0 -1.3067 0 0 0 0 -1.29917
1149 1150 0.434158 0 -1.21017 0 0 0 0 -0.776013
1150 1151 0.00446908 0 0 0 0 0 0 0.00446908
1151 1152 0.00721909 0 0 0 0 0 0 0.00721909
1152 1153 0.00135409 0 -1.43314 0 0 0 0 -1.43179
1153 1154 0.0264945 0 -0.946159 0 0 0 0 -0.919664
1154 1155 0.0393643 0 -1.21793 0 0 0 0 -1.17857
1155 1156 0.149428 0 -1.10593 0 0 0 0 -0.9565
1156 1157 8.17642e-05 0 0 0 0 0 0 8.17642e-05
1157 1158 0.0144476 0 0 0 0 0 0 0.0144476
1158 1159 0.0823162 0 0 0 0 0 0 0.0823162
1159 1160 0.00177753 0 0 0 0 0 0 0.00177753
1160 1161 0.00716426 0.00682389 0 0 0 0 0 0.0139881
1161 1162 0.00945888 0 -1.32461 0 0 0 0 -1.31515
1162 1163 0.0313359 0 -1.01669 0 0 0 0 -0.985355
1163 1164 0.0201943 0 -1.40457 0 0 0 0 -1.38438
1164 1165 0.00592496 0 -1.38203 0 0 0 0 -1.3761
1165 1166 0.00083549 0 -0.95073 0 0 0 0 -0.949894
1167 1168 0.117467 0 -0.954616 0 0 0 0 -0.837148
1168 1169 0.0103417 0 -1.31597 0 0 0 0 -1.30563
1169 1170 0.0268217 0 -1.13409 0 0 0 0 -1.10727
1170 1171 0.000564895 0 0 0 0 0 0 0.000564895
1171 1172 7.52523e-05 0 0 0 0 0 0 7.52523e-05
1172 1173 0.0262648 0 -1.14308 0 0 0 0 -1.11682
1173 1174 0.00172613 0 -0.884303 0 0 0 0 -0.882577
1174 1175 0.00469699 0 0 0 0 0 0 0.00469699
1175 1176 0.0213184 0 -1.2182 0 0 0 0 -1.19688
1176 1177 0.00448548 0 -1.36084 0 0 0 0 -1.35635
1177 1178 0.0180926 0 0 0 0 0 0 0.0180926
1178 1179 0.165806 0 -0.622577 0 0 0 0 -0.45677
1179 1180 0.0133044 0 -1.27948 0 0 0 0 -1.26618
1180 1181 0.0183125 0 0 0 0 0 0 0.0183125
1181 1182 0.351103 0 0 0 0 0 0 0.351103
1182 1183 0.000351277 0 -0.845584 0 0 0 0 -0.845232
1183 1184 0.0118525 0 0 0 0 0 0 0.0118525
1184 1185 0.0563394 0 0 0 0 0 0 0.0563394
1185 1186 0.00493276 0 -1.31101 0 0 0 0 -1.30608
1186 1187 0.015509 0 -0.755865 0 0 0 0 -0.740356
1187 1188 0.035206 0 -0 0 0 0 0 0.035206
1188 1189 0.000105066 0 -1.20876 0 0 0 0 -1.20866
1189 1190 0.0108666 0 0 0 0 0 0 0.0108666
1190 1191 0.0449339 0 -1.22337 0 0 0 0 -1.17843
1191 1192 0.0400825 0 0 0 0 0 0 0.0400825
1192 1193 0.00867706 0 -1.36229 0 0 0 0 -1.35361
1193 1194 0.107927 0 0 0 0 0 0 0.107927
1194 1195 0.122854 0 -1.08991 0 0 0 0 -0.96706
1195 1196 0.163705 0 -0.894968 0 0 0 0 -0.731263
1196 1197 0.127403 0 -0.660956 0 0 0 0 -0.533553
1197 1198 0.0130979 0 0 0 0 0 0 0.0130979
1198 1199 0.00702554 0 -1.34173 0 0 0 0 -1.3347
1199 1200 0.00276085 0 0 0 0 0 0 0.00276085
1200 1201 0.014488 0 0 0 0 0 0 0.014488
1201 1202 0.0338123 0 -1.01167 0 0 0 0 -0.977857
1202 1203 0.277009 0 -1.2987 0 0 0 0 -1.02169
1203 1204 0.0544221 0 -0 0 0 0 0 0.0544221
1204 1205 0.000296248 0 -0.962891 0 0 0 0 -0.962594
1205 1206 0.0518241 0 -1.30926 0 0 0 0 -1.25744
1206 1207 0.150357 0 -1.05229 0 0 0 0 -0.901931
1207 1208 0.0121824 0 -1.05305 0 0 0 0 -1.04087
1208 1209 0.0415548 0 -1.19412 0 0 0 0 -1.15256
1209 1210 0.0201803 0 -0.955655 0 0 0 0 -0.935475
1210 1211 0.123293 0 -1.43018 0 0 0 0 -1.30689
1211 1212 0.0679389 0 -0.571599 0 0 0 0 -0.50366
1212 1213 0.421394 0 -1.11099 0 0 0 0 -0.689594
1213 1214 0.00046665 0 -1.3192 0 0 0 0 -1.31874
1214 1215 0.024795 0 0 0 0 0 0 0.024795
1216 1217 0.234846 0 0 0 0 0 0 0.234846
1217 1218 0.0548072 0 -1.10271 0 0 0 0 -1.04791
1218 1219 0.0248381 0 -1.22509 0 0 0 0 -1.20026
1219 1220 0.000651176 0 0 0 0 0 0 0.000651176
1220 1221 0.00498099 0 -0 0 0 0 0 0.00498099
1221 1222 0.0145207 0 0 0 0 0 0 0.0145207
1222 1223 0.0593056 0 0 0 0 0 0 0.0593056
1223 1224 0.0156997 0 0 0 0 0 0 0.0156997
1224 1225 0.0820364 0 -1.37362 0 0 0 0 -1.29158
1225 1226 0.00417837 0 -1.25669 0 0 0 0 -1.25251
1226 1227 0.00862118 0 0 0 0 0 0 0.00862118
1227 1228 0.0171149 0 0 0 0 0 0 0.0171149
1228 1229 0.0250892 0 -1.3411 0 0 0 0 -1.31601
1229 1230 0.0288163 0 -1.28435 0 0 0 0 -1.25553
1230 1231 0.00911316 0 0 0 0 0 0 0.00911316
1231 1232 0.118854 0 -1.33488 0 0 0 0 -1.21603
1232 1233 0.00850506 0 -0.655842 0 0 0 0 -0.647337
1233 1234 2.03603e-06 0 -1.35919 0 0 0 0 -1.35919
1234 1235 0.0110031 0 0 0 0 0 0 0.0110031
1235 1236 0.0407199 0 -0 0 0 0 0 0.0407199
1236 1237 0.0758258 0 -1.25933 0 0 0 0 -1.1835
1237 1238 0.0338423 0 0 0 0 0 0 0.0338423
1238 1239 0.0271758 0 -0 0 0 0 0 0.0271758
1239 1240 0.0160272 0 -0.680666 0 0 0 0 -0.664639
1240 1241 0.0157227 0 -0.880751 0 0 0 0 -0.865028
1241 1242 0.00303521 0 0 0 0 0 0 0.00303521
1242 1243 0.129922 0 0 0 0 0 0 0.129922
1243 1244 0.0203159 0 -1.15677 0 0 0 0 -1.13646
1244 1245 7.86988e-07 0 -1.16303 0 0 0 0 -1.16303
1245 1246 0.000201202 0 -0.866063 0 0 0 0 -0.865862
1246 1247 0.0813217 0 0 0 0 0 0 0.0813217
1247 1248 0.000673438 0 -0.715122 0 0 0 0 -0.714449
1248 1249 0.00450649 0 -1.38873 0 0 0 0 -1.38422
1249 1250 0.0134937 0 -1.36169 0 0 0 0 -1.3482
1250 1251 0.00382046 0 -0.577782 0 0 0 0 -0.573961
1251 1252 0.122432 0 0 0 0 0 0 0.122432
1252 1253 0.0285674 0 0 0 0 0 0 0.0285674
1253 1254 0.000432754 0 0 0 0 0 0 0.000432754
1254 1255 0.111456 0 -1.03585 0 0 0 0 -0.924394
1255 1256 0.30532 0 -1.32853 0 0 0 0 -1.02321
1256 1257 0.0219817 0 -1.4336 0 0 0 0 -1.41162
1257 1258 0.0552215 0 -1.17053 0 0 0 0 -1.1153
1258 1259 0.000494294 0 0 0 0 0 0 0.000494294
1259 1260 0.0037115 0 0 0 0 0 0 0.0037115
1260 1261 0.019151 0 -1.35907 0 0 0 0 -1.33992
1261 1262 0.170728 0 -1.20152 0 0 0 0 -1.03079
1262 1263 0.0215326 0 0 0 0 0 0 0.0215326
1263 1264 0.0768759 0 -1.28541 0 0 0 0 -1.20853
1265 1266 0.0575153 0 0 0 0 0 0 0.0575153
1266 1267 0.0252247 0 0 0 0 0 0 0.0252247
1267 1268 0.0844295 0 -1.12 0 0 0 0 -1.03557
1268 1269 0.0142655 0 -1.35187 0 0 0 0 -1.33761
1269 1270 0.0222914 0 -1.35409 0 0 0 0 -1.3318
1270 1271 0.0548301 0 -1.32933 0 0 0 0 -1.2745
1271 1272 0.0597845 0 -0.932929 0 0 0 0 -0.873145
1272 1273 0.0369268 0 0 0 0 0 0 0.0369268
1273 1274 0.0299029 0 -1.18549 0 0 0 0 -1.15559
1274 1275 0.01191 0 0 0 0 0 0 0.01191
1275 1276 0.000239884 0 -1.26538 0 0 0 0 -1.26514
1276 1277 0.127318 0 -1.35784 0 0 0 0 -1.23052
1277 1278 0.0921357 0 -1.3978 0 0 0 0 -1.30566
1278 1279 0.0161898 0 -0.5218 0 0 0 0 -0.50561
1279 1280 0.142465 0 -0.725893 0 0 0 0 -0.583428
1280 1281 0.000466904 0 0 0 0 0 0 0.000466904
1281 1282 0.089723 0 -1.39134 0 0 0 0 -1.30162
1282 1283 0.128584 0 0 0 0 0 0 0.128584
1283 1284 0.19724 0 -1.31149 0 0 0 0 -1.11425
1284 1285 0.031982 0 -0.982289 0 0 0 0 -0.950307
1285 1286 0.0124787 0 -1.2717 0 0 0 0 -1.25923
1286 1287 0.00645692 0 -1.2921 0 0 0 0 -1.28564
1287 1288 0.188867 0 -1.25333 0 0 0 0 -1.06447
1288 1289 0.150154 0 0 0 0 0 0 0.150154
1289 1290 0.0783324 0 0 0 0 0 0 0.0783324
1290 1291 0.0340749 0 0 0 0 0 0 0.0340749
1291 1292 0.0628821 0 -1.21959 0 0 0 0 -1.1567
1292 1293 0.201493 0 -1.26121 0 0 0 0 -1.05971
1293 1294 0.0337011 0 -1.08416 0 0 0 0 -1.05046
1294 1295 0.000418242 0 0 0 0 0 0 0.000418242
1295 1296 0.0364414 0 0 0 0 0 0 0.0364414
1296 1297 0.00813606 0 0 0 0 0 0 0.00813606
1297 1298 0.034971 0 0 0 0 0 0 0.034971
1298 1299 0.0551878 0 0 0 0 0 0 0.0551878
1299 1300 0.0727131 0 0 0 0 0 0 0.0727131
1300 1301 0.0408346 0 0 0 0 0 0 0.0408346
1301 1302 0.00603833 0 0 0 0 0 0 0.00603833
1302 1303 0.00658552 0 0 0 0 0 0 0.00658552
1303 1304 0.0556616 0 -1.17697 0 0 0 0 -1.12131
1304 1305 0.335171 0 -0 0 0 0 0 0.335171
1305 1306 0.307885 0 0 0 0 0 0 0.307885
1306 1307 0.000869782 0 0 0 0 0 0 0.000869782
1307 1308 0.00214456 0 0 0 0 0 0 0.00214456
1308 1309 0.0465175 0 -1.22943 0 0 0 0 -1.18291
1309 1310 0.0314683 0 0 0 0 0 0 0.0314683
1310 1311 0.00653729 0 -1.0814 0 0 0 0 -1.07486
1311 1312 0.0647634 0 -1.33262 0 0 0 0 -1.26786
1312 1313 0.00303004 0 0 0 0 0 0 0.00303004
1314 1315 0.149511 0 -1.41925 0 0 0 0 -1.26974
1315 1316 0.0729165 0 -1.26822 0 0 0 0 -1.19531
1316 1317 0.0420647 0 0 0 0 0 0 0.0420647
1317 1318 0.0246341 0 -1.39087 0 0 0 0 -1.36623
1318 1319 0.00150157 0 -1.29402 0 0 0 0 -1.29251
1319 1320 1.92073e-06 0 -1.05079 0 0 0 0 -1.05078
1320 1321 0.0148997 0 0 0 0 0 0 0.0148997
1321 1322 0.0462365 0 -1.16969 0 0 0 0 -1.12345
1322 1323 0.000101711 0 -1.42381 0 0 0 0 -1.42371
1323 1324 0.0382256 0 -1.41159 0 0 0 0 -1.37337
1324 1325 0.114412 0 -1.26536 0 0 0 0 -1.15095
1325 1326 0.00154568 0 -0.30996 0 0 0 0 -0.308414
1326 1327 0.0146757 0 -1.07072 0 0 0 0 -1.05604
1327 1328 0.0297794 0 -1.15888 0 0 0 0 -1.1291
1328 1329 0.000106856 0 -1.31003 0 0 0 0 -1.30993
1329 1330 0.113875 0 -0.942119 0 0 0 0 -0.828245
1330 1331 0.09864 0 0 0 0 0 0 0.09864
1331 1332 0.0273359 0 -1.23211 0 0 0 0 -1.20478
1332 1333 0.0164898 0 -0.797461 0 0 0 0 -0.780971
1333 1334 0.0136179 0 -1.03031 0 0 0 0 -1.01669
1334 1335 0.0252533 0 0 0 0 0 0 0.0252533
1335 1336 0.0559592 0 -1.29994 0 0 0 0 -1.24398
1336 1337 0.0361935 0 -0.592428 0 0 0 0 -0.556235
1337 1338 0.159559 0 -1.23696 0 0 0 0 -1.0774
1338 1339 0.012085 0 -0 0 0 0 0 0.012085
1339 1340 1.53763e-07 0 0 0 0 0 0 1.53763e-07
1340 1341 0.00332086 0 -1.40852 0 0 0 0 -1.4052
1341 1342 5.84216e-06 0 0 0 0 0 0 5.84216e-06
1342 1343 0.0359467 0 0 0 0 0 0 0.0359467
1343 1344 0.0852181 0 0 0 0 0 0 0.0852181
1344 1345 0.000353336 0 0 0 0 0 0 0.000353336
1345 1346 0.121143 0 -1.40326 0 0 0 0 -1.28212
1346 1347 0.026201 0 -1.03689 0 0 0 0 -1.01069
1347 1348 0.0234632 0 0 0 0 0 0 0.0234632
1348 1349 0.000207183 0 -1.40535 0 0 0 0 -1.40515
1349 1350 0.0149093 0 -1.05609 0 0 0 0 -1.04119
1350 1351 0.0045208 0 -0.877411 0 0 0 0 -0.87289
1351 1352 0.184736 0 -1.20644 0 0 0 0 -1.0217
1352 1353 0.119403 0 -1.08943 0 0 0 0 -0.970025
1353 1354 0.0186926 0 0 0 0 0 0 0.0186926
1354 1355 0.0707043 0 0 0 0 0 0 0.0707043
1355 1356 0.00218102 0 -0 0 0 0 0 0.00218102
1356 1357 0.104109 0 0 0 0 0 0 0.104109
1357 1358 0.0924493 0 0 0 0 0 0 0.0924493
1358 1359 0.00277139 0 -0 0 0 0 0 0.00277139
1359 1360 0.424871 0 -0.911856 0 0 0 0 -0.486985
1360 1361 0.118149 0 -1.21453 0 0 0 0 -1.09639
1361 1362 0.010302 0 -0.567589 0 0 0 0 -0.557287
1363 1364 0.0946277 0 -1.4229 0 0 0 0 -1.32827
1364 1365 0.00921882 0 0 0 0 0 0 0.00921882
1365 1366 0.111965 0 -1.32161 0 0 0 0 -1.20964
1366 1367 2.43986e-05 0 -0.617995 0 0 0 0 -0.61797
1367 1368 0.00915074 0 -0.990681 0 0 0 0 -0.98153
1368 1369 0.0226754 0 -0.870927 0 0 0 0 -0.848252
1369 1370 0.0100121 0 0 0 0 0 0 0.0100121
1370 1371 0.00321265 0 -1.29577 0 0 0 0 -1.29256
1371 1372 0.0731134 0 -1.33051 0 0 0 0 -1.25739
1372 1373 0.00356712 0 -1.13484 0 0 0 0 -1.13128
1373 1374 0.0137151 0 -1.18772 0 0 0 0 -1.17401
1374 1375 0.0448818 0 -1.22839 0 0 0 0 -1.1835
1375 1376 0.00988832 0 -0.561473 0 0 0 0 -0.551585
1376 1377 0.440652 0 -1.09833 0 0 0 0 -0.657679
1377 1378 0.0994688 0 -0 0 0 0 0 0.0994688
1378 1379 0.134261 0 0 0 0 0 0 0.134261
1379 1380 0.0590789 0 -0.831354 0 0 0 0 -0.772275
1380 1381 0.00736075 0 0 0 0 0 0 0.00736075
1381 1382 0.0364422 0 0 0 0 0 0 0.0364422
1382 1383 0.01849 0 0 0 0 0 0 0.01849
1383 1384 0.00647564 0 -0 0 0 0 0 0.00647564
1384 1385 0.157701 0 0 0 0 0 0 0.157701
1385 1386 0.00809002 0 -1.04373 0 0 0 0 -1.03564
1386 1387 0.0166881 0 -1.23833 0 0 0 0 -1.22164
1387 1388 0.0208589 0 -0.814669 0 0 0 0 -0.79381
1388 1389 0.225136 0 -0.962032 0 0 0 0 -0.736896
1389 1390 0.0217507 0 0 0 0 0 0 0.0217507
1390 1391 0.0144955 0 0 0 0 0 0 0.0144955
1391 1392 0.032209 0 0 0 0 0 0 0.032209
1392 1393 0.196354 0 -0 0 0 0 0 0.196354
1393 1394 0.0199989 0 -0.960877 0 0 0 0 -0.940878
1394 1395 0.121865 0 -1.02802 0 0 0 0 -0.906156
1395 1396 0.0271924 0 0 0 0 0 0 0.0271924
1396 1397 0.0014864 0 0 0 0 0 0 0.0014864
1397 1398 0.174316 0 -1.29975 0 0 0 0 -1.12544
1398 1399 0.0979967 0 -1.24322 0 0 0 0 -1.14523
1399 1400 0.0455335 0 0 0 0 0 0 0.0455335
1400 1401 0.019756 0 -1.1578 0 0 0 0 -1.13804
1401 1402 0.101344 0 0 0 0 0 0 0.101344
1402 1403 0.0264154 0 0 0 0 0 0 0.0264154
1403 1404 0.00420865 0 -1.68743e-05 0 0 0 0 0.00419178
1404 1405 0.0694735 0 0 0 0 0 0 0.0694735
1405 1406 0.0140443 0 -1.21541 0 0 0 0 -1.20136
1406 1407 0.00617987 0 -0.911142 0 0 0 0 -0.904962
1407 1408 0.00932925 0 -0.699928 0 0 0 0 -0.690598
1408 1409 0.136217 0 -0.999722 0 0 0 0 -0.863506
1409 1410 0.000510852 0 -1.02854 0 0 0 0 -1.02803
1410 1411 0.259512 0 -1.21421 0 0 0 0 -0.954694
1412 1413 0.0172333 0 0 0 0 0 0 0.0172333
1413 1414 0.0668638 0 -1.16974 0 0 0 0 -1.10288
1414 1415 0.00801813 0 -0.0348372 0 0 0 0 -0.0268191
1415 1416 0.115024 0 -1.33062 0 0 0 0 -1.21559
1416 1417 0.0055493 0 -0.819331 0 0 0 0 -0.813782
1417 1418 2.80696e-05 0 -1.1258 0 0 0 0 -1.12577
1418 1419 0.187591 0 -0.292345 0 0 0 0 -0.104754
1412 1420 0 0 0 0.108527 0 0 0 0.108527
1419 1420 0.00210346 0 0 0 0 0 0 0.00210346
1420 1421 0.000221371 0 0 0 0 0 0 0.000221371
1421 1422 0.0131768 0 -0.885363 0 0 0 0 -0.872187
1422 1423 0.16613 0 0 0 0 0 0 0.16613
1423 1424 0.000227002 0 0 0 0 0 0 0.000227002
1424 1425 0.000166443 0 -1.26309 0 0 0 0 -1.26292
1425 1426 0.0814392 0 0 0 0 0 0 0.0814392
1426 1427 0.00010106 0 0 0 0 0 0 0.00010106
1427 1428 0.00224607 0 -1.152 0 0 0 0 -1.14976
1428 1429 0.0249502 0 0 0 0 0 0 0.0249502
1429 1430 0.354578 0 0 0 0 0 0 0.354578
1430 1431 0.00177012 0 -1.31005 0 0 0 0 -1.30827
1431 1432 0.00313317 0 -0.58985 0 0 0 0 -0.586717
1432 1433 0.00035379 0 -0.799799 0 0 0 0 -0.799445
1433 1434 0.0941828 0 -1.13237 0 0 0 0 -1.03819
1434 1435 0.0668013 0 -1.29371 0 0 0 0 -1.22691
1435 1436 0.0868343 0 -1.25402 0 0 0 0 -1.16718
1436 1437 0.0335291 0 -1.04346 0 0 0 0 -1.00993
1437 1438 0.224513 0 -1.30638 0 0 0 0 -1.08187
1438 1439 0.00447419 0 -1.1481 0 0 0 0 -1.14363
1439 1440 0.00714834 0 -1.45911 0 0 0 0 -1.45196
1440 1441 0.00374787 0 0 0 0 0 0 0.00374787
1441 1442 1.638e-06 0 0 0 0 0 0 1.638e-06
1442 1443 0.010329 0 -1.22122 0 0 0 0 -1.21089
1443 1444 0.00245412 0 -1.15583 0 0 0 0 -1.15338
1441 1445 0 0 0 0 -0 -0.00844739 0 -0.00844739
1444 1445 0.00290414 0 -1.25073 0 0 0 0 -1.24783
1445 1446 0.0523657 0 -1.09185 0 0 0 0 -1.03949
1446 1447 0.0549419 0 0 0 0 0 0 0.0549419
1447 1448 0.000739182 0 -0.862156 0 0 0 0 -0.861417
1448 1449 0.0301035 0 0 0 0 0 0 0.0301035
1449 1450 0.0940556 0 -0.221046 0 0 0 0 -0.126991
1450 1451 0.232586 0 -1.28161 0 0 0 0 -1.04903
1451 1452 0.0183573 0 0 0 0 0 0 0.0183573
1452 1453 0.117833 0 0 0 0 0 0 0.117833
1453 1454 0.0254418 0 -0 0 0 0 0 0.0254418
1454 1455 0.0627398 0 -1.10447 0 0 0 0 -1.04174
1455 1456 0.082883 0 -1.36729 0 0 0 0 -1.28441
1456 1457 0.00533318 0 -1.16182 0 0 0 0 -1.15648
1457 1458 0.000180593 0 0 0 0 0 0 0.000180593
1458 1459 0.376508 0 -1.00352 0 0 0 0 -0.627012
1459 1460 0.00243502 0 -0 0 0 0 0 0.00243502
1461 1462 0.117089 0 -0.886468 0 0 0 0 -0.769379
1462 1463 0.0035 0 -1.2341 0 0 0 0 -1.2306
1463 1464 0.0026307 0 0 0 0 0 0 0.0026307
1464 1465 0.0860184 0 -1.17216 0 0 0 0 -1.08614
1465 1466 0.177891 0 0 0 0 0 0 0.177891
1466 1467 0.0189845 0 0 0 0 0 0 0.0189845
1467 1468 0.000142974 0 -0.77416 0 0 0 0 -0.774017
1468 1469 0.0128123 0 0 0 0 0 0 0.0128123
1469 1470 0.010651 0 0 0 0 0 0 0.010651
1470 1471 0.0497336 0 -0.0348725 0 0 0 0 0.0148611
1471 1472 0.000829399 0 -0.979082 0 0 0 0 -0.978253
1472 1473 0.194104 0 0 0 0 0 0 0.194104
1473 1474 0.0712795 0 -1.07539 0 0 0 0 -1.00411
1474 1475 0.00123342 0 -1.38152 0 0 0 0 -1.38028
1475 1476 0.0251574 0 -1.16328 0 0 0 0 -1.13812
1476 1477 0.115019 0 -0.830001 0 0 0 0 -0.714982
1477 1478 0.112676 0 0 0 0 0 0 0.112676
1478 1479 0.153658 0 -1.10737 0 0 0 0 -0.953711
1479 1480 0.11331 0 -1.42462 0 0 0 0 -1.31131
1480 1481 0.0110084 0 -1.10808 0 0 0 0 -1.09708
1481 1482 1.71588e-06 0 -1.02144 0 0 0 0 -1.02144
1482 1483 0.00191993 0 -0 0 0 0 0 0.00191993
1483 1484 0.0300484 0 0 0 0 0 0 0.0300484
1484 1485 0.0561974 0 0 0 0 0 0 0.0561974
1485 1486 0.0569184 0 -1.2649 0 0 0 0 -1.20798
1486 1487 0.00635166 0 -1.0297 0 0 0 0 -1.02335
1487 1488 0.105633 0 -1.13994 0 0 0 0 -1.03431
1488 1489 0.0172331 0 -0.540916 0 0 0 0 -0.523683
1489 1490 0.000711895 0 -0.965765 0 0 0 0 -0.965053
1490 1491 0.00549768 0 0 0 0 0 0 0.00549768
1491 1492 0.00667573 0 -1.34594 0 0 0 0 -1.33926
1492 1493 0.0565788 0 -1.29164 0 0 0 0 -1.23507
1493 1494 0.103138 0 0 0 0 0 0 0.103138
1494 1495 0.0198044 0 -1.1956 0 0 0 0 -1.1758
1495 1496 0.0277443 0 -0 0 0 0 0 0.0277443
1496 1497 5.02543e-06 0 0 0 0 0 0 5.02543e-06
1497 1498 0.0965481 0 -0.86405 0 0 0 0 -0.767502
1498 1499 0.318067 0 -1.32597 0 0 0 0 -1.0079
1499 1500 0.0453976 0 0 0 0 0 0 0.0453976
1500 1501 0.0100665 0 -1.28857 0 0 0 0 -1.2785
1501 1502 0.0563358 0 0 0 0 0 0 0.0563358
1502 1503 0.0432306 0 -1.21976 0 0 0 0 -1.17653
1503 1504 0.012424 0 -1.2059 0 0 0 0 -1.19348
1504 1505 0.0159267 0 -1.18084 0 0 0 0 -1.16492
1505 1506 0.0144214 0 0 0 0 0 0 0.0144214
1506 1507 0.0198952 0 0 0 0 0 0 0.0198952
1507 1508 0.00154169 0 -0 0 0 0 0 0.00154169
1508 1509 0.000811787 0 0 0 0 0 0 0.000811787
#Total energy per particle is  -0.613662 and should be -0.61366210
