t = 0
b =  100.0 100.0 100.0
E = 0. 0. 0.
30.684884681729834 60.45868886169694 79.97684308126938 -0.27197714028632114 0.17162402453665146 0.946875720125676 0.7594807404779861 0.6425326781053989 0.10168953933278468 0.0 0.0 0.0 0.0 0.0 0.0
30.741994746566753 60.991423679218286 80.01705696958153 0.1262017213607865 -0.298875052777446 0.9459105815841438 0.7594807404779861 0.6425326781053989 0.10168953933278468 0.0 0.0 0.0 0.0 0.0 0.0
30.827872497758804 61.4560299190549 80.27289120472891 0.47643443908267064 -0.655826500616984 0.5855781983172376 0.7594807404779861 0.6425326781053989 0.10168953933278468 0.0 0.0 0.0 0.0 0.0 0.0
31.022353494330783 61.771140487440256 80.66220800860795 0.6456617478380119 -0.7636184960377692 0.0027748671642337194 0.7594807404779861 0.6425326781053989 0.10168953933278468 0.0 0.0 0.0 0.0 0.0 0.0
31.364013106638215 61.912184195626516 81.05215734354438 0.5695913637009353 -0.5812990577933882 -0.5810826824177675 0.7594807404779861 0.6425326781053989 0.10168953933278468 0.0 0.0 0.0 0.0 0.0 0.0
31.835511088223488 61.92072076529817 81.30964886273989 0.27712369743411547 -0.17813438869133436 -0.9441772057648975 0.7594807404779861 0.6425326781053989 0.10168953933278468 0.0 0.0 0.0 0.0 0.0 0.0
32.37017942535858 61.88865159546263 81.35191515817272 -0.12062789474906475 0.2927065129227131 -0.9485630228408835 0.7594807404779861 0.6425326781053989 0.10168953933278468 0.0 0.0 0.0 0.0 0.0 0.0
32.87735063009005 61.92330488445784 81.17795648270238 -0.472550932926226 0.6523433164855006 -0.5925738884116071 0.7594807404779861 0.6425326781053989 0.10168953933278468 0.0 0.0 0.0 0.0 0.0 0.0
33.27680383479216 62.106659852971944 80.86892057072326 -0.6449439710544381 0.764143987516819 -0.01145602646768105 0.7594807404779861 0.6425326781053989 0.10168953933278468 0.0 0.0 0.0 0.0 0.0 0.0
33.529242040999215 62.46420146748432 80.55727325715037 -0.5723120116909002 0.5856335818843311 0.5740141714658655 0.7594807404779861 0.6425326781053989 0.10168953933278468 0.0 0.0 0.0 0.0 0.0 0.0
33.65122170613351 62.955238275414224 80.3764724920245 -0.2822491505394225 0.18463118722264307 0.9414067886543694 0.7594807404779861 0.6425326781053989 0.10168953933278468 0.0 0.0 0.0 0.0 0.0 0.0
33.70886266852136 63.48836176828095 80.4102654339938 0.11504488185612768 -0.28651568233376185 0.9511432273509229 0.7594807404779861 0.6425326781053989 0.10168953933278468 0.0 0.0 0.0 0.0 0.0 0.0
33.79272811534821 63.956174002344476 80.6608715045655 0.4686314401866835 -0.6488104538848172 0.5995244517101311 0.7594807404779861 0.6425326781053989 0.10168953933278468 0.0 0.0 0.0 0.0 0.0 0.0
33.98341811371112 64.2760898730301 81.0481391927686 0.6441770792904664 -0.7646112864727158 0.020136313350359134 0.7594807404779861 0.6425326781053989 0.10168953933278468 0.0 0.0 0.0 0.0 0.0 0.0
34.320948297567355 64.42171257690573 81.43999695423351 0.5749890759053785 -0.5899235077106411 -0.5669019471124203 0.7594807404779861 0.6425326781053989 0.10168953933278468 0.0 0.0 0.0 0.0 0.0 0.0
34.78954725936828 64.43286219863676 81.70262939901654 0.2873531092791438 -0.19111392537421598 -0.9385646797720807 0.7594807404779861 0.6425326781053989 0.10168953933278468 0.0 0.0 0.0 0.0 0.0 0.0
35.32364837147095 64.40044739506533 81.75131599551354 -0.10945310785002303 0.2803030324663104 -0.9536509986216987 0.7594807404779861 0.6425326781053989 0.10168953933278468 0.0 0.0 0.0 0.0 0.0 0.0
35.832799644195276 64.43192767656433 81.58261781686807 -0.4646762593485904 0.6452281818560986 -0.606429358900504 0.7594807404779861 0.6425326781053989 0.10168953933278468 0.0 0.0 0.0 0.0 0.0 0.0
36.23602794898002 64.61048774241956 81.27568404677989 -0.6433611309478736 0.7650203573188348 -0.028815066774814532 0.7594807404779861 0.6425326781053989 0.10168953933278468 0.0 0.0 0.0 0.0 0.0 0.0
36.49260206372182 64.96343422279703 80.96218188131371 -0.5776223524755658 0.5941685085778573 0.5597465509808521 0.7594807404779861 0.6425326781053989 0.10168953933278468 0.0 0.0 0.0 0.0 0.0 0.0
20.59904259183704 32.663369593683456 73.51349618340753 -0.8167857029803903 0.48962801863281086 0.30516474038875724 0.5595807332678469 0.5435393153530741 0.6256471974051595 0.0 0.0 0.0 0.0 0.0 0.0
20.773472216529164 33.170893963048385 73.53954273114151 -0.7439954370099412 -0.003160204596085589 0.6681772241069712 0.5595807332678469 0.5435393153530741 0.6256471974051595 0.0 0.0 0.0 0.0 0.0 0.0
20.77830805794502 33.6776979636762 73.7179002981349 -0.38854886557904933 -0.49474781326312617 0.777338009059501 0.5595807332678469 0.5435393153530741 0.6256471974051595 0.0 0.0 0.0 0.0 0.0 0.0
20.69457417322642 34.07172418470343 74.07345208875238 0.11451391607592852 -0.7983724559291808 0.591175087971883 0.5595807332678469 0.5435393153530741 0.6256471974051595 0.0 0.0 0.0 0.0 0.0 0.0
20.636943739280518 34.28376137928077 74.5637622592744 0.5740709464430838 -0.7986820545120993 0.18041486704336254 0.5595807332678469 0.5435393153530741 0.6256471974051595 0.0 0.0 0.0 0.0 0.0 0.0
20.710172795639487 34.31373897440151 75.09519800441572 0.8155288263021239 -0.4955589873340187 -0.29888797825065205 0.5595807332678469 0.5435393153530741 0.6256471974051595 0.0 0.0 0.0 0.0 0.0 0.0
20.969301673614673 34.23075388276668 75.55850222551027 0.7471536701341301 -0.004164775563312939 -0.664638283466734 0.5595807332678469 0.5435393153530741 0.6256471974051595 0.0 0.0 0.0 0.0 0.0 0.0
21.398744254206157 34.14681943041114 75.87030212897571 0.3949223429389719 0.48881170407522934 -0.7778813926342907 0.5595807332678469 0.5435393153530741 0.6256471974051595 0.0 0.0 0.0 0.0 0.0 0.0
21.91820939529683 34.17430962138003 76.0047839445141 -0.10734658508816634 0.7960804448397203 -0.5955943552567486 0.5595807332678469 0.5435393153530741 0.6256471974051595 0.0 0.0 0.0 0.0 0.0 0.0
22.41320487893899 34.38326637479885 76.00350000803131 -0.568832750701117 0.8009049148543427 -0.18703106451057533 0.5595807332678469 0.5435393153530741 0.6256471974051595 0.0 0.0 0.0 0.0 0.0 0.0
22.778534919160485 34.77478942875923 75.95958233450838 -0.8142098439462886 0.5014522172997041 0.2925884546358085 0.5595807332678469 0.5435393153530741 0.6256471974051595 0.0 0.0 0.0 0.0 0.0 0.0
22.958265799835274 35.28061853143128 75.982360208426 -0.7502550046136176 0.011489438558925431 0.6610487280479564 0.5595807332678469 0.5435393153530741 0.6256471974051595 0.0 0.0 0.0 0.0 0.0 0.0
22.96697602860158 35.78906665198436 76.15582416070208 -0.40126574543347787 -0.482838369983558 0.7783655375293383 0.5595807332678469 0.5435393153530741 0.6256471974051595 0.0 0.0 0.0 0.0 0.0 0.0
22.88421771807048 36.18745175090716 76.50671656174927 0.1001710792423382 -0.7937278091422367 0.5999682657255215 0.5595807332678469 0.5435393153530741 0.6256471974051595 0.0 0.0 0.0 0.0 0.0 0.0
22.82429340820456 36.404906570761305 76.99437174784664 0.5635512361428566 -0.8030667831864925 0.1936330188381029 0.5595807332678469 0.5435393153530741 0.6256471974051595 0.0 0.0 0.0 0.0 0.0 0.0
22.892830620349567 36.43930229211956 77.52616558668082 0.8128288563584931 -0.5073072597375932 -0.2862666492773445 0.5595807332678469 0.5435393153530741 0.6256471974051595 0.0 0.0 0.0 0.0 0.0 0.0
23.14665219587719 36.35805730765818 77.99270493380483 0.7532992042697714 -0.018813226589310714 -0.6574088312091863 0.5595807332678469 0.5435393153530741 0.6256471974051595 0.0 0.0 0.0 0.0 0.0 0.0
23.572188348720704 36.27252384760381 78.3093879171693 0.4075785899879035 0.47682826588062555 -0.778790406875141 0.5595807332678469 0.5435393153530741 0.6256471974051595 0.0 0.0 0.0 0.0 0.0 0.0
24.090632053976435 36.29568340576034 78.44854560278193 -0.09298794498099987 0.7913147279990428 -0.6042964862879904 0.5595807332678469 0.5435393153530741 0.6256471974051595 0.0 0.0 0.0 0.0 0.0 0.0
24.58787915424788 36.499223181063016 78.44995388533098 -0.5582268049760889 0.8051674948739012 -0.20022022726156768 0.5595807332678469 0.5435393153530741 0.6256471974051595 0.0 0.0 0.0 0.0 0.0 0.0
98.0072144748829 38.726894943106686 59.88979803268616 0.08557883508045847 0.959860155670116 -0.2671043701312512 0.786047695163635 0.09968608021829686 0.6100751644991366 0.0 0.0 0.0 0.0 0.0 0.0
98.5387315369698 38.782912709247086 59.83469154753695 -0.2896626118384253 0.9312537641738466 0.22104750171622278 0.786047695163635 0.09968608021829686 0.6100751644991366 0.0 0.0 0.0 0.0 0.0 0.0
99.0042199975739 39.05120980023285 59.82997284735923 -0.5548563896192823 0.5488484979352944 0.6252197319445593 0.786047695163635 0.09968608021829686 0.6100751644991366 0.0 0.0 0.0 0.0 0.0 0.0
99.34322892670569 39.444616923592505 59.96777300475083 -0.6092509482796451 -0.04207348892641272 0.7918605328906806 0.786047695163635 0.09968608021829686 0.6100751644991366 0.0 0.0 0.0 0.0 0.0 0.0
99.54335908300702 39.828433393827545 60.2860777955308 -0.43218088555591877 -0.6170110539137532 0.657660278189539 0.786047695163635 0.09968608021829686 0.6100751644991366 0.0 0.0 0.0 0.0 0.0 0.0
99.6449735928473 40.07160217490867 60.75429626741738 -0.0909180787304215 -0.9575358036445596 0.2736038883107048 0.786047695163635 0.09968608021829686 0.6100751644991366 0.0 0.0 0.0 0.0 0.0 0.0
99.72586332378023 40.0965006394201 61.284882754253346 0.28488602627397747 -0.9342766924258922 -0.2143991931504356 0.786047695163635 0.09968608021829686 0.6100751644991366 0.0 0.0 0.0 0.0 0.0 0.0
99.87169283336627 39.90843070249599 61.766596938264584 0.5524571668565352 -0.5560702454813247 -0.6209484365703727 0.786047695163635 0.09968608021829686 0.6100751644991366 0.0 0.0 0.0 0.0 0.0 0.0
100.14345497152034 39.593604535617644 62.10676590662144 0.6101405931590318 0.03339658472031478 -0.7915889872329984 0.786047695163635 0.09968608021829686 0.6100751644991366 0.0 0.0 0.0 0.0 0.0 0.0
100.55429867708312 39.28639112127712 62.26649214043115 0.4360214071136911 0.6101754940255862 -0.661491646983716 0.786047695163635 0.09968608021829686 0.6100751644991366 0.0 0.0 0.0 0.0 0.0 0.0
101.0645334761169 39.11826722999892 62.27543133249706 0.09625039861668545 0.955138531560305 -0.280082570494763 0.786047695163635 0.09968608021829686 0.6100751644991366 0.0 0.0 0.0 0.0 0.0 0.0
101.59670855654387 39.16786719704337 62.220525693805875 -0.2800877455356478 0.9372284718906102 0.2077345572560098 0.786047695163635 0.09968608021829686 0.6100751644991366 0.0 0.0 0.0 0.0 0.0 0.0
102.06503762656303 39.43110842374522 62.21297315397757 -0.5500158723416072 0.563249646125248 0.6166298535686416 0.786047695163635 0.09968608021829686 0.6100751644991366 0.0 0.0 0.0 0.0 0.0 0.0
102.40799056117562 39.822742425004 62.345981408672536 -0.6109837734699942 -0.024717137234990305 0.7912571590091771 0.786047695163635 0.09968608021829686 0.6100751644991366 0.0 0.0 0.0 0.0 0.0 0.0
102.61166972540111 40.20874215405234 62.659356757660575 -0.4398287239531863 -0.6032934669111589 0.6652726406279063 0.786047695163635 0.09968608021829686 0.6100751644991366 0.0 0.0 0.0 0.0 0.0 0.0
102.71508991816225 40.45722111833562 63.124381026012585 -0.10157538866244614 -0.9526685219789032 0.28653992330669414 0.786047695163635 0.09968608021829686 0.6100751644991366 0.0 0.0 0.0 0.0 0.0 0.0
102.7953559978817 40.48853926305805 63.65472207889834 0.27526813503109193 -0.9401088777785663 -0.20105410157077205 0.786047695163635 0.09968608021829686 0.6100751644991366 0.0 0.0 0.0 0.0 0.0 0.0
102.9383694576428 40.30555955951029 64.13923284300486 0.5475326919885274 -0.5703861531279092 -0.612264311816182 0.786047695163635 0.09968608021829686 0.6100751644991366 0.0 0.0 0.0 0.0 0.0 0.0
103.20619301177085 39.9925603144098 64.48417793796796 0.6117804250010871 0.01603580744396917 -0.7908650734892209 0.786047695163635 0.09968608021829686 0.6100751644991366 0.0 0.0 0.0 0.0 0.0 0.0
103.61347193302758 39.68321643212072 64.64884531454459 0.4436025461324863 0.5963654966634807 -0.669002971184805 0.786047695163635 0.09968608021829686 0.6100751644991366 0.0 0.0 0.0 0.0 0.0 0.0
40.2859270956759 49.927709592049894 13.891680616649742 -0.7560897372064634 0.47746385133935765 0.447612086471365 0.6532441369272328 0.5923762035269343 0.4715533173090937 0.0 0.0 0.0 0.0 0.0 0.0
40.44028733014911 50.44132587071892 13.85917925640256 -0.589006294818662 0.006247120887505066 0.8081042990509384 0.6532441369272328 0.5923762035269343 0.4715533173090937 0.0 0.0 0.0 0.0 0.0 0.0
40.460383561185296 50.95636618079082 14.010885296551079 -0.1981495133691548 -0.4673429952358021 0.8615841776376795 0.6532441369272328 0.5923762035269343 0.4715533173090937 0.0 0.0 0.0 0.0 0.0 0.0
40.4353116044142 51.36487564039375 14.358989477101892 0.26798758109248927 -0.7633816939108271 0.5877338222205977 0.6532441369272328 0.5923762035269343 0.4715533173090937 0.0 0.0 0.0 0.0 0.0 0.0
40.47132742518538 51.599372218849865 14.84106760092096 0.6323117129836764 -0.7693989240078317 0.09059356135642202 0.6532441369272328 0.5923762035269343 0.4715533173090937 0.0 0.0 0.0 0.0 0.0 0.0
40.65147872082691 51.65848428836923 15.343796529901756 0.7564100534242879 -0.4831086392102417 -0.4409647081106317 0.6532441369272328 0.5923762035269343 0.4715533173090937 0.0 0.0 0.0 0.0 0.0 0.0
41.00405371194697 51.60747172837958 15.746007539793757 0.5931355680673284 -0.013277305230969148 -0.8049931124296975 0.6532441369272328 0.5923762035269343 0.4715533173090937 0.0 0.0 0.0 0.0 0.0 0.0
41.49183397447103 51.55343260624476 15.964720344378266 0.20451896370372769 0.4615982989902541 -0.8631911745696069 0.6532441369272328 0.5923762035269343 0.4715533173090937 0.0 0.0 0.0 0.0 0.0 0.0
42.02623434120654 51.604614830888984 15.986668693559283 -0.2617978143456448 0.7611049919130781 -0.5934484777036982 0.6532441369272328 0.5923762035269343 0.4715533173090937 0.0 0.0 0.0 0.0 0.0 0.0
42.500957887924486 51.829290962387994 15.87334044357486 -0.6286532256990678 0.7714551734112541 -0.09824478222872138 0.6532441369272328 0.5923762035269343 0.4715533173090937 0.0 0.0 0.0 0.0 0.0 0.0
42.83237991206373 52.229820324939965 15.737617292390123 -0.7566727660879835 0.4887166364878186 0.4342837485801114 0.6532441369272328 0.5923762035269343 0.4715533173090937 0.0 0.0 0.0 0.0 0.0 0.0
42.99131835536447 52.741752660156834 15.700889135358981 -0.5972196717460687 0.020306478456234577 0.8018206224662875 0.6532441369272328 0.5923762035269343 0.4715533173090937 0.0 0.0 0.0 0.0 0.0 0.0
43.01412055569915 53.25831385777674 15.84693601444835 -0.21087283912738713 -0.4558184502470877 0.8647324361516103 0.6532441369272328 0.5923762035269343 0.4715533173090937 0.0 0.0 0.0 0.0 0.0 0.0
42.988854285719626 53.67097122532048 16.190098679567324 0.25558811068164655 -0.7587703288234574 0.5991179397875925 0.6532441369272328 0.5923762035269343 0.4715533173090937 0.0 0.0 0.0 0.0 0.0 0.0
43.02184933361207 53.910666872534165 16.669830297912153 0.6249468640373925 -0.7734526735164113 0.10588852138048381 0.6532441369272328 0.5923762035269343 0.4715533173090937 0.0 0.0 0.0 0.0 0.0 0.0
43.19730103882582 53.97405395848306 17.173699208037448 0.7568778551909641 -0.4942874161013836 -0.4275697166607388 0.6532441369272328 0.5923762035269343 0.4715533173090937 0.0 0.0 0.0 0.0 0.0 0.0
43.545283074945544 53.92476821237887 17.58010358779643 0.6012582948345758 -0.02733410526454578 -0.798587070758102 0.6532441369272328 0.5923762035269343 0.4715533173090937 0.0 0.0 0.0 0.0 0.0 0.0
44.03032195829143 53.869251656119566 17.804470019648523 0.21721065576791973 0.4500038891641622 -0.8662078450106531 0.6532441369272328 0.5923762035269343 0.4715533173090937 0.0 0.0 0.0 0.0 0.0 0.0
44.56487401745415 53.916313500554615 17.831384345975167 -0.24935894299347017 0.756377882435598 -0.6047417767207925 0.6532441369272328 0.5923762035269343 0.4715533173090937 0.0 0.0 0.0 0.0 0.0 0.0
45.04258469771543 54.13579170709033 17.720447765270084 -0.6211929102524404 0.7753912722059364 -0.11352419671137909 0.6532441369272328 0.5923762035269343 0.4715533173090937 0.0 0.0 0.0 0.0 0.0 0.0
21.84049463412014 3.0065674704656677 73.10320713753225 0.8138377270114736 -0.570585697634568 -0.11000052612452098 0.40406709425406445 0.4196338366506365 0.8127959316328695 0.0 0.0 0.0 0.0 0.0 0.0
21.943817243818213 2.8567293780475067 73.6087346704165 0.9041172847158135 -0.04825940646723448 -0.42455030934570626 0.40406709425406445 0.4196338366506365 0.8127959316328695 0.0 0.0 0.0 0.0 0.0 0.0
22.253233417015345 2.695890552406655 74.01748594692688 0.6509075699217189 0.49240144007124975 -0.5778063319438115 0.40406709425406445 0.4196338366506365 0.8127959316328695 0.0 0.0 0.0 0.0 0.0 0.0
22.711023991256965 2.6472946505234782 74.29452625188998 0.15040718672013811 0.8459907470136092 -0.5115440686297604 0.40406709425406445 0.4196338366506365 0.8127959316328695 0.0 0.0 0.0 0.0 0.0 0.0
23.203099888444015 2.791542366041191 74.45496007031318 -0.40723540139048353 0.878174024954487 -0.2509376610825248 0.40406709425406445 0.4196338366506365 0.8127959316328695 0.0 0.0 0.0 0.0 0.0 0.0
23.602346463070422 3.135969878179064 74.55819264099684 -0.8101624519000373 0.5767243085284307 0.10500415936392105 0.40406709425406445 0.4196338366506365 0.8127959316328695 0.0 0.0 0.0 0.0 0.0 0.0
23.816916481294417 3.611861714592649 74.68536091311147 -0.9052952417389056 0.05616738497618748 0.4210531440920893 0.40406709425406445 0.4196338366506365 0.8127959316328695 0.0 0.0 0.0 0.0 0.0 0.0
23.825124420678872 4.1005569081788655 74.90850826267034 -0.656491233511876 -0.48572846719710794 0.577136999746511 0.40406709425406445 0.4196338366506365 0.8127959316328695 0.0 0.0 0.0 0.0 0.0 0.0
23.68368516272777 4.478530282384033 75.26321400948108 -0.15827522972558283 -0.8430879537353224 0.5139568599811678 0.40406709425406445 0.4196338366506365 0.8127959316328695 0.0 0.0 0.0 0.0 0.0 0.0
23.506167061180584 4.664321731007434 75.7350762386962 0.4000721800541833 -0.880144230970592 0.25551591620851954 0.40406709425406445 0.4196338366506365 0.8127959316328695 0.0 0.0 0.0 0.0 0.0 0.0
23.41984542566504 4.649484274487311 76.26518332905086 0.8064254797812158 -0.5828189996333216 -0.09999979613004867 0.40406709425406445 0.4196338366506365 0.8127959316328695 0.0 0.0 0.0 0.0 0.0 0.0
23.517348503639838 4.501793208662347 76.77249546273119 0.9064042570243448 -0.06407108612131532 -0.41752391401137945 0.40406709425406445 0.4196338366506365 0.8127959316328695 0.0 0.0 0.0 0.0 0.0 0.0
23.821466460523386 4.33949713674003 77.18463300707522 0.6620249027528904 0.4790185042196133 -0.5764237163322062 0.40406709425406445 0.4196338366506365 0.8127959316328695 0.0 0.0 0.0 0.0 0.0 0.0
24.276493014820094 4.286393347926912 77.46537474714411 0.16613121945949483 0.8401209560452092 -0.5163305115278258 0.40406709425406445 0.4196338366506365 0.8127959316328695 0.0 0.0 0.0 0.0 0.0 0.0
24.769389185819925 4.4247951574787425 77.62841893086389 -0.3928784916724311 0.8820474105958901 -0.26007471280822814 0.40406709425406445 0.4196338366506365 0.8127959316328695 0.0 0.0 0.0 0.0 0.0 0.0
25.172728692281087 4.764259702029568 77.73217907561576 -0.8026270952399073 0.5888693068149133 0.09498781752453282 0.40406709425406445 0.4196338366506365 0.8127959316328695 0.0 0.0 0.0 0.0 0.0 0.0
25.39310932712761 5.2379570235976525 77.85759169636114 -0.9074442461163262 0.07196990800517211 0.41396288786810487 0.40406709425406445 0.4196338366506365 0.8127959316328695 0.0 0.0 0.0 0.0 0.0 0.0
25.406638017519146 5.728059887960052 78.07736717042143 -0.667508156234428 -0.47227206212842826 0.5756665360201845 0.40406709425406445 0.4196338366506365 0.8127959316328695 0.0 0.0 0.0 0.0 0.0 0.0
25.26800820269387 6.110508320900215 78.42836584948088 -0.17397455765784342 -0.8370899798916341 0.5186648425069731 0.40406709425406445 0.4196338366506365 0.8127959316328695 0.0 0.0 0.0 0.0 0.0 0.0
25.089720881976373 6.302142066585007 78.89759419570962 0.3856548840724456 -0.8838834188958874 0.26461370371163306 0.40406709425406445 0.4196338366506365 0.8127959316328695 0.0 0.0 0.0 0.0 0.0 0.0
79.63157018356523 61.037468215556046 84.00255768929533 -0.47693564307883013 -0.5140743994977598 0.7129234910858251 0.3880999296954608 0.6045913526608409 0.6955916480652375 0.0 0.0 0.0 0.0 0.0 0.0
79.45102577155909 61.4285865663563 84.32367332746793 0.07608327138805229 -0.7731928978312003 0.629590405389316 0.3880999296954608 0.6045913526608409 0.6955916480652375 0.0 0.0 0.0 0.0 0.0 0.0
79.2878245436598 61.643455571767376 84.78830411835914 0.6001968790101511 -0.7385624871826891 0.307065398495165 0.3880999296954608 0.6045913526608409 0.6955916480652375 0.0 0.0 0.0 0.0 0.0 0.0
79.26143821321611 61.689969234986265 85.32293047649912 0.896285657539607 -0.4233398395471856 -0.13211888714698541 0.3880999296954608 0.6045913526608409 0.6955916480652375 0.0 0.0 0.0 0.0 0.0 0.0
79.43936022661023 61.63998256845996 85.82744033015685 0.8518605296726931 0.052716690996964216 -0.5211089986519996 0.3880999296954608 0.6045913526608409 0.6955916480652375 0.0 0.0 0.0 0.0 0.0 0.0
79.81146387454707 61.602012673305154 86.21316337117511 0.4837993442345789 0.5087452692552953 -0.7121210890912788 0.3880999296954608 0.6045913526608409 0.6955916480652375 0.0 0.0 0.0 0.0 0.0 0.0
80.29384959822497 61.68001127828478 86.43655838752811 -0.06806530077193614 0.7714930139562306 -0.6325864717550936 0.3880999296954608 0.6045913526608409 0.6955916480652375 0.0 0.0 0.0 0.0 0.0 0.0
80.76071983445021 61.93387174007079 86.51575529774017 -0.5940708000240504 0.7411376639798573 -0.3127216775173502 0.3880999296954608 0.6045913526608409 0.6955916480652375 0.0 0.0 0.0 0.0 0.0 0.0
81.0921716131175 62.35667455568094 86.52366729172235 -0.8943788700129208 0.4292117242965865 0.12595131043686209 0.3880999296954608 0.6045913526608409 0.6955916480652375 0.0 0.0 0.0 0.0 0.0 0.0
81.21974970022369 62.877316197349664 86.56028989088168 -0.8548974540665972 -0.04577892548430642 0.5167732897624967 0.3880999296954608 0.6045913526608409 0.6955916480652375 0.0 0.0 0.0 0.0 0.0 0.0
81.15245388577601 63.38752253151381 86.71471097770265 -0.49062620219716147 -0.5033773960908937 0.7112644563187045 0.3880999296954608 0.6045913526608409 0.6955916480652375 0.0 0.0 0.0 0.0 0.0 0.0
80.9733198130999 63.78298397240024 87.03126481972146 0.06004214671963795 -0.7697343779012957 0.6355343642118841 0.3880999296954608 0.6045913526608409 0.6955916480652375 0.0 0.0 0.0 0.0 0.0 0.0
80.80787234965777 64.00298443762433 87.49268874005946 0.5878994802464866 -0.7436564002744864 0.31835414157303626 0.3880999296954608 0.6045913526608409 0.6955916480652375 0.0 0.0 0.0 0.0 0.0 0.0
80.7764365912361 64.05346840300669 88.02668149698609 0.8924039720725517 -0.43505092291142566 -0.11977414204681365 0.3880999296954608 0.6045913526608409 0.6955916480652375 0.0 0.0 0.0 0.0 0.0 0.0
80.94842434632791 64.00478249682247 88.53337173446442 0.8578692747095014 0.0388376737292284 -0.5123982265862143 0.3880999296954608 0.6045913526608409 0.6955916480652375 0.0 0.0 0.0 0.0 0.0 0.0
81.31596342958265 63.96494963958688 88.92326078006981 0.4974156970749074 0.49797118878887087 -0.7103536580040142 0.3880999296954608 0.6045913526608409 0.6955916480652375 0.0 0.0 0.0 0.0 0.0 0.0
81.79688843663682 64.03862933050439 89.15122468698188 -0.05201442022540732 0.7679171235933314 -0.6384338582662735 0.3880999296954608 0.6045913526608409 0.6955916480652375 0.0 0.0 0.0 0.0 0.0 0.0
82.26595675496397 64.28735575390755 89.2336575758138 -0.5816833896473595 0.7461185042550474 -0.32396236172828835 0.3880999296954608 0.6045913526608409 0.6955916480652375 0.0 0.0 0.0 0.0 0.0 0.0
82.6024303263183 64.7061599138323 89.24224323409625 -0.8903611141146297 0.4408569907141127 0.11358785239211891 0.3880999296954608 0.6045913526608409 0.6955916480652375 0.0 0.0 0.0 0.0 0.0 0.0
82.73594605369496 65.22545743866192 89.27672124690555 -0.8607757652857633 -0.03189346433493407 0.5079841423011419 0.3880999296954608 0.6045913526608409 0.6955916480652375 0.0 0.0 0.0 0.0 0.0 0.0
53.30688893285295 61.59921789500293 85.1972017643837 0.9592886010595112 -0.09759317610172985 -0.2650300961318598 0.2558606194642871 0.6976393541580627 0.6692045090533031 0.0 0.0 0.0 0.0 0.0 0.0
53.55802185698758 61.61029455364182 85.67206454895135 0.7069420034314775 0.3371355703799726 -0.6217496368867935 0.2558606194642871 0.6976393541580627 0.6692045090533031 0.0 0.0 0.0 0.0 0.0 0.0
53.97030223304838 61.698221276156815 86.00519948422729 0.186016319259832 0.6437808770681742 -0.7422560954888527 0.2558606194642871 0.6976393541580627 0.6692045090533031 0.0 0.0 0.0 0.0 0.0 0.0
54.42498503493747 61.93289786985609 86.16913711918141 -0.405580074625631 0.7058430651159018 -0.5807670535545698 0.2558606194642871 0.6976393541580627 0.6692045090533031 0.0 0.0 0.0 0.0 0.0 0.0
54.78721584605405 62.32847141245792 86.20068888600392 -0.843089817223581 0.4997436716593736 -0.19863489806757773 0.2558606194642871 0.6976393541580627 0.6692045090533031 0.0 0.0 0.0 0.0 0.0 0.0
54.95726430680666 62.83796154073897 86.18696182156187 -0.9602956425482407 0.10378330207082687 0.25896197619368155 0.2558606194642871 0.6976393541580627 0.6692045090533031 0.0 0.0 0.0 0.0 0.0 0.0
54.90841334562465 63.3711090759926 86.2322651477414 -0.7126690979818724 -0.3316060791387052 0.6181748660856077 0.2558606194642871 0.6976393541580627 0.6692045090533031 0.0 0.0 0.0 0.0 0.0 0.0
54.697109441133506 63.82866699507256 86.41848145409605 -0.1942876479002827 -0.6410127667254573 0.7425327890190103 0.2558606194642871 0.6976393541580627 0.6692045090533031 0.0 0.0 0.0 0.0 0.0 0.0
54.441517661190225 64.14010603380797 86.77395813307142 0.397906927934872 -0.7068879870712703 0.584790090917895 0.2558606194642871 0.6976393541580627 0.6692045090533031 0.0 0.0 0.0 0.0 0.0 0.0
54.276628777989856 64.2904099336482 87.26273773167198 0.8389300091985044 -0.5042046425918196 0.20487586010814554 0.2558606194642871 0.6976393541580627 0.6692045090533031 0.0 0.0 0.0 0.0 0.0 0.0
54.30297401678326 64.32578036934481 87.7982187890306 0.9612295538058545 -0.10996552453965741 -0.2528741352984037 0.2558606194642871 0.6976393541580627 0.6692045090533031 0.0 0.0 0.0 0.0 0.0 0.0
54.54843156261184 64.33608416026254 88.27605717929126 0.7183419200212456 0.32605133481064663 -0.6145530188750077 0.2558606194642871 0.6976393541580627 0.6692045090533031 0.0 0.0 0.0 0.0 0.0 0.0
54.957635171711914 64.42071136320959 88.61380818956242 0.20254418078413078 0.6381958407787728 -0.7427529358024512 0.2558606194642871 0.6976393541580627 0.6692045090533031 0.0 0.0 0.0 0.0 0.0 0.0
55.4130087331948 64.65081532814301 88.78224864474666 -0.3902034790909912 0.7078790767695958 -0.5887685942516895 0.2558606194642871 0.6976393541580627 0.6692045090533031 0.0 0.0 0.0 0.0 0.0 0.0
55.779435399341125 65.0422803508995 88.81647928034559 -0.8347063134051775 0.5086272163886253 -0.21110122005875645 0.2558606194642871 0.6976393541580627 0.6692045090533031 0.0 0.0 0.0 0.0 0.0 0.0
55.955590735082666 65.54968696363576 88.80258938618984 -0.9620902637113944 0.11613937270804607 0.24676703705868142 0.2558606194642871 0.6976393541580627 0.6692045090533031 0.0 0.0 0.0 0.0 0.0 0.0
55.91243756493898 66.08356755003516 88.84495004589613 -0.7239600375422353 -0.3204717604110825 0.6108843710726822 0.2558606194642871 0.6976393541580627 0.6692045090533031 0.0 0.0 0.0 0.0 0.0 0.0
55.70425768145811 66.54439658856518 89.02656181720994 -0.2107852891444303 -0.6353303137479368 0.7429165190741465 0.2558606194642871 0.6976393541580627 0.6692045090533031 0.0 0.0 0.0 0.0 0.0 0.0
55.448029284684395 66.86040206208567 89.37752143242261 0.3824703147414438 -0.7088162587355595 0.5927022605775221 0.2558606194642871 0.6976393541580627 0.6692045090533031 0.0 0.0 0.0 0.0 0.0 0.0
55.278985008190446 67.01483284712445 89.86358754658333 0.8304190514943883 -0.5130110562536719 0.2173105038341489 0.2558606194642871 0.6976393541580627 0.6692045090533031 0.0 0.0 0.0 0.0 0.0 0.0
47.64411522530219 67.95443053718103 75.65260263808527 0.8828662034619291 -0.24719207447430286 0.39930357511774206 0.030105840240858796 0.8783028271840126 0.4771559306389918 0.0 0.0 0.0 0.0 0.0 0.0
47.59158897611998 68.12460519754102 76.15952144838587 0.9899668491795722 0.03973318757950314 -0.1355983456028949 0.030105840240858796 0.8783028271840126 0.4771559306389918 0.0 0.0 0.0 0.0 0.0 0.0
47.7647257013576 68.30383703925996 76.63553061153969 0.7209625375308242 0.31156314736838536 -0.6189841877455521 0.030105840240858796 0.8783028271840126 0.4771559306389918 0.0 0.0 0.0 0.0 0.0 0.0
48.10220585971049 68.55408971022487 76.97044230962054 0.17805250402329295 0.4650250584139812 -0.8672075880999364 0.030105840240858796 0.8783028271840126 0.4771559306389918 0.0 0.0 0.0 0.0 0.0 0.0
48.48027309195792 68.91034485788728 77.10767401070729 -0.4325026526418043 0.4418161749637415 -0.7859643267974772 0.030105840240858796 0.8783028271840126 0.4771559306389918 0.0 0.0 0.0 0.0 0.0 0.0
48.75975133092693 69.36731201653446 77.06574511877014 -0.8787428205095439 0.25075393987225075 -0.40612007712187204 0.030105840240858796 0.8783028271840126 0.4771559306389918 0.0 0.0 0.0 0.0 0.0 0.0
48.838920116311115 69.88143854366548 76.93124114247449 -0.991133899069229 -0.03557390935901249 0.1280159798179283 0.030105840240858796 0.8783028271840126 0.4771559306389918 0.0 0.0 0.0 0.0 0.0 0.0
48.692159898216396 70.3874559970388 76.82591841280635 -0.7269766384974088 -0.30838663566073987 0.6135166257118532 0.030105840240858796 0.8783028271840126 0.4771559306389918 0.0 0.0 0.0 0.0 0.0 0.0
48.379685332501836 70.82317670710984 76.86044681727356 -0.18662879855919387 -0.4640381231253591 0.8659320480468696 0.030105840240858796 0.8783028271840126 0.4771559306389918 0.0 0.0 0.0 0.0 0.0 0.0
48.02466872628343 71.15311991241347 77.09236445933965 0.42462244221877393 -0.4433937693109686 0.7893654077170952 0.030105840240858796 0.8783028271840126 0.4771559306389918 0.0 0.0 0.0 0.0 0.0 0.0
47.76644481912955 71.38199149405128 77.50421797093226 0.8745525178891856 -0.2542967093868446 0.41290565150977115 0.030105840240858796 0.8783028271840126 0.4771559306389918 0.0 0.0 0.0 0.0 0.0 0.0
47.707575185946354 71.55289613278288 78.01019333877863 0.9922254702751407 0.03141192204759354 -0.12042386512046482 0.030105840240858796 0.8783028271840126 0.4771559306389918 0.0 0.0 0.0 0.0 0.0 0.0
47.87488337993278 71.73096112013361 78.48871808278165 0.7329353773783673 0.3051866391168208 -0.6080023420117805 0.030105840240858796 0.8783028271840126 0.4771559306389918 0.0 0.0 0.0 0.0 0.0 0.0
48.20926421625447 71.97859341147375 78.82864867379224 0.19519088058952166 0.4630158495370638 -0.8645905639157524 0.030105840240858796 0.8783028271840126 0.4771559306389918 0.0 0.0 0.0 0.0 0.0 0.0
48.58813881994821 72.33177018028466 78.97149581855388 -0.41670989515277607 0.44493759750599315 -0.7927063754047634 0.030105840240858796 0.8783028271840126 0.4771559306389918 0.0 0.0 0.0 0.0 0.0 0.0
48.8720243899301 72.78637048844705 78.93364552009945 -0.8702956147086225 0.2578201132224682 -0.41965978153367883 0.030105840240858796 0.8783028271840126 0.4771559306389918 0.0 0.0 0.0 0.0 0.0 0.0
48.957526047155255 73.29974089953082 78.80013376123979 -0.993241479669934 -0.027247542596695262 0.11282257967943221 0.030105840240858796 0.8783028271840126 0.4771559306389918 0.0 0.0 0.0 0.0 0.0 0.0
48.816618277837264 73.80690023242232 78.69233991296805 -0.7388383003926637 -0.3019634014287557 0.6024417565793864 0.030105840240858796 0.8783028271840126 0.4771559306389918 0.0 0.0 0.0 0.0 0.0 0.0
48.50729229469719 74.24522699845686 78.72187268206443 -0.2037380980785804 -0.46195831549918825 0.8631832378657939 0.030105840240858796 0.8783028271840126 0.4771559306389918 0.0 0.0 0.0 0.0 0.0 0.0
48.15152420568946 74.57825035193781 78.94816809739241 0.40876561401490424 -0.4464475419803225 0.7959869754328566 0.030105840240858796 0.8783028271840126 0.4771559306389918 0.0 0.0 0.0 0.0 0.0 0.0
35.14453537691797 20.312968339249327 12.799650697147912 -0.5641417357693179 0.6827756771928807 0.4642859857856839 0.7520244098215523 0.19273768723982374 0.6303264796516087 0.0 0.0 0.0 0.0 0.0 0.0
35.4932802351161 20.71385650030193 12.879342656131175 -0.6568645309333 0.13983206088821828 0.7409291347689936 0.7520244098215523 0.19273768723982374 0.6303264796516087 0.0 0.0 0.0 0.0 0.0 0.0
35.692292802819715 21.146619384033826 13.1279294346984 -0.5000335086064195 -0.45623609321526315 0.7360809177790358 0.7520244098215523 0.19273768723982374 0.6303264796516087 0.0 0.0 0.0 0.0 0.0 0.0
35.777322716502916 21.475383235961814 13.544305881634175 -0.15323139624552232 -0.8789725276455641 0.45158325350816103 0.7520244098215523 0.19273768723982374 0.6303264796516087 0.0 0.0 0.0 0.0 0.0 0.0
35.827423528590515 21.603785272556085 14.063620745416221 0.25178588544137404 -0.9677726031863381 -0.00447843883983484 0.7520244098215523 0.19273768723982374 0.6303264796516087 0.0 0.0 0.0 0.0 0.0 0.0
35.934918941186936 21.51158351380302 14.581914748923815 0.5611454996135781 -0.6888996864815553 -0.458838697397073 0.7520244098215523 0.19273768723982374 0.6303264796516087 0.0 0.0 0.0 0.0 0.0 0.0
36.17032748807674 21.26234704984023 14.995616456922363 0.6573165566301431 -0.14830226109388936 -0.7388784634392397 0.7520244098215523 0.19273768723982374 0.6303264796516087 0.0 0.0 0.0 0.0 0.0 0.0
36.55557136473287 20.97930508079475 15.240890795931096 0.5037620640361481 0.44863767276492555 -0.7382059478317088 0.7520244098215523 0.19273768723982374 0.6303264796516087 0.0 0.0 0.0 0.0 0.0 0.0
37.05564781973694 20.798530083372434 15.317891065903904 0.15881994086225998 0.8751326539184584 -0.4570766504976427 0.7520244098215523 0.19273768723982374 0.6303264796516087 0.0 0.0 0.0 0.0 0.0 0.0
37.591927285257846 20.81724160194692 15.29070069901384 -0.2464605331730094 0.9691501084106569 -0.0022962917254517727 0.7520244098215523 0.19273768723982374 0.6303264796516087 0.0 0.0 0.0 0.0 0.0 0.0
38.07202606448706 21.056870918227972 15.262986892352705 -0.5581065300554802 0.6949712333919207 0.45335646666518853 0.7520244098215523 0.19273768723982374 0.6303264796516087 0.0 0.0 0.0 0.0 0.0 0.0
38.42490444262929 21.45491894902801 15.338615706532782 -0.657718525126295 0.1567611675082024 0.7367715236538102 0.7520244098215523 0.19273768723982374 0.6303264796516087 0.0 0.0 0.0 0.0 0.0 0.0
38.62785586227384 21.88870069289404 15.582191612712293 -0.507452256034307 -0.44100508681883577 0.7402747606433734 0.7520244098215523 0.19273768723982374 0.6303264796516087 0.0 0.0 0.0 0.0 0.0 0.0
38.71513352418836 22.22195531334347 15.994513173873242 -0.1643963907256053 -0.8712261354515433 0.4625352393305442 0.7520244098215523 0.19273768723982374 0.6303264796516087 0.0 0.0 0.0 0.0 0.0 0.0
38.76493702366423 22.356613908803553 16.51226965739328 0.24111641198083214 -0.9704538091020031 0.009070847419232378 0.7520244098215523 0.19273768723982374 0.6303264796516087 0.0 0.0 0.0 0.0 0.0 0.0
38.86970301683788 22.27005752794346 17.032093840867947 0.5550250585243205 -0.7009898555521727 -0.44783971108312715 0.7520244098215523 0.19273768723982374 0.6303264796516087 0.0 0.0 0.0 0.0 0.0 0.0
39.10098698956603 22.023710487453577 17.44983294810992 0.658070405810297 -0.16520813595268427 -0.7346084758643278 0.7520244098215523 0.19273768723982374 0.6303264796516087 0.0 0.0 0.0 0.0 0.0 0.0
39.48227813200486 21.739704247174995 17.70011803016413 0.5111038035784867 0.4333389166279638 -0.7422871986659251 0.7520244098215523 0.19273768723982374 0.6303264796516087 0.0 0.0 0.0 0.0 0.0 0.0
39.98007540255131 21.554477626576784 17.78119872192634 0.1699603211673096 0.8672532697413239 -0.4679586043141932 0.7520244098215523 0.19273768723982374 0.6303264796516087 0.0 0.0 0.0 0.0 0.0 0.0
40.51661513365565 21.566941416104275 17.755608235110795 -0.23575392884036314 0.9716836059785212 -0.015844712332863498 0.7520244098215523 0.19273768723982374 0.6303264796516087 0.0 0.0 0.0 0.0 0.0 0.0
14.972452888429153 40.127765476931955 84.18617526416361 0.9752271357840565 -0.21007522685655056 -0.06928515491499161 0.19480425737810045 0.6672228987539826 0.718933171223654 0.0 0.0 0.0 0.0 0.0 0.0
15.122660291265037 40.112460740011024 84.70181913669525 0.851427236969634 0.24886383805612988 -0.46166920002771183 0.19480425737810045 0.6672228987539826 0.718933171223654 0.0 0.0 0.0 0.0 0.0 0.0
15.466950559558343 40.1538845228055 85.11222550055413 0.40415589572617105 0.6132553701097994 -0.6786573973525005 0.19480425737810045 0.6672228987539826 0.718933171223654 0.0 0.0 0.0 0.0 0.0 0.0
15.903368176999214 40.33509988651261 85.36793188933254 -0.19666102742989866 0.7446609339757414 -0.6378123028764762 0.19480425737810045 0.6672228987539826 0.718933171223654 0.0 0.0 0.0 0.0 0.0 0.0
16.294956907049492 40.68606073355028 85.47824894360146 -0.7227631382683127 0.593157358957417 -0.3546516508846428 0.19480425737810045 0.6672228987539826 0.718933171223654 0.0 0.0 0.0 0.0 0.0 0.0
16.52179175698973 41.17223181922601 85.50772314289208 -0.9742754489233328 0.21630338620898243 0.0632470927376646 0.19480425737810045 0.6672228987539826 0.718933171223654 0.0 0.0 0.0 0.0 0.0 0.0
16.52654048769228 41.70770926859409 85.55161451896234 -0.8556442275155292 -0.24272785936000763 0.45711720839393327 0.19480425737810045 0.6672228987539826 0.718933171223654 0.0 0.0 0.0 0.0 0.0 0.0
16.336245089809776 42.1878568947836 85.6997057770692 -0.4119394584659774 -0.6095427329647366 0.6773208539891844 0.19480425737810045 0.6672228987539826 0.718933171223654 0.0 0.0 0.0 0.0 0.0 0.0
16.05204807940826 42.52905923581451 86.00219234515482 0.1882679981152628 -0.7447821313051304 0.6401989829531596 0.19480425737810045 0.6672228987539826 0.718933171223654 0.0 0.0 0.0 0.0 0.0 0.0
15.810766765100976 42.70048846657981 86.45061229154852 0.7169492945394444 -0.5970663458695117 0.35985481473703074 0.19480425737810045 0.6672228987539826 0.718933171223654 0.0 0.0 0.0 0.0 0.0 0.0
15.732914065042802 42.735816405017445 86.98106115428436 0.9732495672151128 -0.22251507322110214 -0.05720421404935485 0.19480425737810045 0.6672228987539826 0.718933171223654 0.0 0.0 0.0 0.0 0.0 0.0
15.876913634454654 42.720422025512875 87.49847031462772 0.8597960574407375 0.23657339599763572 -0.4525304055149345 0.19480425737810045 0.6672228987539826 0.718933171223654 0.0 0.0 0.0 0.0 0.0 0.0
16.216903742213646 42.758954559069764 87.91272515479507 0.419691650421133 0.6057836767806177 -0.6759327300204829 0.19480425737810045 0.6672228987539826 0.718933171223654 0.0 0.0 0.0 0.0 0.0 0.0
16.65256257489175 42.935575500809804 88.17290110788599 -0.17986063146366138 0.7448466105916792 -0.6425369093986603 0.19480425737810045 0.6672228987539826 0.718933171223654 0.0 0.0 0.0 0.0 0.0 0.0
17.04722217096839 43.28198425087085 88.28661075226204 -0.7110808523460151 0.600929863867732 -0.36503057425204216 0.19480425737810045 0.6672228987539826 0.718933171223654 0.0 0.0 0.0 0.0 0.0 0.0
17.279790864378562 43.76537498230883 88.31711166575161 -0.9721495687842605 0.2287098148488937 0.05115697903866987 0.19480425737810045 0.6672228987539826 0.718933171223654 0.0 0.0 0.0 0.0 0.0 0.0
17.290758032995637 44.30090012323797 88.35927381422273 -0.8638824105673362 -0.23040091665522774 0.4479091406935128 0.19480425737810045 0.6672228987539826 0.718933171223654 0.0 0.0 0.0 0.0 0.0 0.0
17.104803178941786 44.783905367965986 88.5035368654084 -0.42741188123220686 -0.6019784878241254 0.67449313115741 0.19480425737810045 0.6672228987539826 0.718933171223654 0.0 0.0 0.0 0.0 0.0 0.0
16.82141977311252 45.129689597453215 88.80155064706436 0.1714395677286151 -0.7448543669250407 0.644825904170827 0.19480425737810045 0.6672228987539826 0.718933171223654 0.0 0.0 0.0 0.0 0.0 0.0
16.577116022141347 45.305684250563 89.24655251386554 0.7051582585926178 -0.6047476187302242 0.3701785352755506 0.19480425737810045 0.6672228987539826 0.718933171223654 0.0 0.0 0.0 0.0 0.0 0.0
95.88945447313124 35.02850548014625 36.42097010109016 0.29257757418669333 -0.8449674241773037 0.4476923219826339 0.593702686779896 0.527526140462171 0.6076456951541898 0.0 0.0 0.0 0.0 0.0 0.0
95.89047383404628 35.168775303647216 36.93963033634701 0.6765507298247577 -0.7360669722415654 -0.022011868360550652 0.593702686779896 0.527526140462171 0.6076456951541898 0.0 0.0 0.0 0.0 0.0 0.0
96.04571295511256 35.14125863766534 37.453272965518465 0.8034909518774014 -0.347522371167752 -0.48335338189474863 0.593702686779896 0.527526140462171 0.6076456951541898 0.0 0.0 0.0 0.0 0.0 0.0
96.38410786394118 35.03452423624097 37.85673517607828 0.625171527659491 0.1730517889768882 -0.7610608644095403 0.593702686779896 0.527526140462171 0.6076456951541898 0.0 0.0 0.0 0.0 0.0 0.0
96.86501064217083 34.96723699555896 38.08671353864913 0.20933898777319568 0.6278806812175884 -0.7496286002760506 0.593702686779896 0.527526140462171 0.6076456951541898 0.0 0.0 0.0 0.0 0.0 0.0
97.39363224925025 35.04307517591679 38.14581403819995 -0.28602493352936725 0.8441672050585504 -0.4533998977758556 0.593702686779896 0.527526140462171 0.6076456951541898 0.0 0.0 0.0 0.0 0.0 0.0
97.85705446373184 35.31134129722948 38.10156201678652 -0.6727232005022525 0.7397404939747533 0.015083006331429958 0.593702686779896 0.527526140462171 0.6076456951541898 0.0 0.0 0.0 0.0 0.0 0.0
98.1671294034917 35.748231287419685 38.06074816714092 -0.8038426762722144 0.354274001428435 0.47783562415898734 0.593702686779896 0.527526140462171 0.6076456951541898 0.0 0.0 0.0 0.0 0.0 0.0
98.29396837990235 36.26587804738275 38.12885696305749 -0.6295688797935145 -0.16578710740598165 0.759050499382944 0.593702686779896 0.527526140462171 0.6076456951541898 0.0 0.0 0.0 0.0 0.0 0.0
98.27729711035467 36.745733630996114 38.36999134419195 -0.21611134005090693 -0.6228629223242446 0.751889399243734 0.593702686779896 0.527526140462171 0.6076456951541898 0.0 0.0 0.0 0.0 0.0 0.0
98.21136325404241 37.08360759186726 38.782518937542264 0.27945051096596263 -0.8433026993388053 0.45907294541145277 0.593702686779896 0.527526140462171 0.6076456951541898 0.0 0.0 0.0 0.0 0.0 0.0
98.20913015049778 37.229250675889574 39.29969222324386 0.6688444407034755 -0.7433576816053031 -0.008152995672980768 0.593702686779896 0.527526140462171 0.6076456951541898 0.0 0.0 0.0 0.0 0.0 0.0
98.35936015825672 37.20544535300017 39.81500703332527 0.804133184935026 -0.36099865235228173 -0.4722814773904304 0.593702686779896 0.527526140462171 0.6076456951541898 0.0 0.0 0.0 0.0 0.0 0.0
98.6928923508237 37.09935037594823 40.22266526577517 0.6339182878198667 0.15850980050497526 -0.756982329722036 0.593702686779896 0.527526140462171 0.6076456951541898 0.0 0.0 0.0 0.0 0.0 0.0
99.17092623704546 37.029387712908914 40.45776935234645 0.2228672346133644 0.6177977300078539 -0.7540929389226068 0.593702686779896 0.527526140462171 0.6076456951541898 0.0 0.0 0.0 0.0 0.0 0.0
99.6997627164099 37.10025206186392 40.52097792976276 -0.2728548071642112 0.8423739728535267 -0.4647110328648837 0.593702686779896 0.527526140462171 0.6076456951541898 0.0 0.0 0.0 0.0 0.0 0.0
100.16640193389584 37.36313558443622 40.478255612615364 -0.6649147458110024 0.7469182596703725 0.0012223641323455044 0.593702686779896 0.527526140462171 0.6076456951541898 0.0 0.0 0.0 0.0 0.0 0.0
100.4814738141526 37.79627914780221 40.43581193341039 -0.8043624557424766 0.36769581183108857 0.46669136455885823 0.593702686779896 0.527526140462171 0.6076456951541898 0.0 0.0 0.0 0.0 0.0 0.0
100.61319124731355 38.31323898304465 40.49975056544108 -0.6382194205142872 -0.15122042246896503 0.7548565129259437 0.593702686779896 0.527526140462171 0.6076456951541898 0.0 0.0 0.0 0.0 0.0 0.0
100.59942654348667 38.79572811822714 40.73575876334483 -0.2296061569730404 -0.6126854900024221 0.7562390515045911 0.593702686779896 0.527526140462171 0.6076456951541898 0.0 0.0 0.0 0.0 0.0 0.0
14.434160510764345 74.52352311004903 45.671080650935465 0.44613808583666054 0.8637737226599725 -0.2342130748018427 0.33501182321113443 0.08149165454336967 0.9386832205534175 0.0 0.0 0.0 0.0 0.0 0.0
14.907561224198723 74.47879119784898 45.92123245018766 -0.1252378286919976 0.9912642762335743 -0.04135965337913563 0.33501182321113443 0.08149165454336967 0.9386832205534175 0.0 0.0 0.0 0.0 0.0 0.0
15.352413970642145 74.66001800860656 46.1619563151507 -0.6490337982357312 0.7421569582111458 0.16720699185883361 0.33501182321113443 0.08149165454336967 0.9386832205534175 0.0 0.0 0.0 0.0 0.0 0.0
15.649319442355855 75.01041952134037 46.44079501916913 -0.9262509765632774 0.21109180356166296 0.31224890533780847 0.33501182321113443 0.08149165454336967 0.9386832205534175 0.0 0.0 0.0 0.0 0.0 0.0
15.735085974817437 75.40893941733806 46.79081087098424 -0.8515699228039444 -0.40017065652764344 0.33866223915565125 0.33501182321113443 0.08149165454336967 0.9386832205534175 0.0 0.0 0.0 0.0 0.0 0.0
15.626737116581175 75.7162403995889 47.218024790870906 -0.4533632178815366 -0.85940159370551 0.23641212618757196 0.33501182321113443 0.08149165454336967 0.9386832205534175 0.0 0.0 0.0 0.0 0.0 0.0
15.415044098563722 75.82764076151345 47.699128862360745 0.1170837533428549 -0.9921314970062421 0.04434509388086733 0.33501182321113443 0.08149165454336967 0.9386832205534175 0.0 0.0 0.0 0.0 0.0 0.0
15.23004032580482 75.71288471747798 48.190341399396054 0.6430486491363309 -0.7479340570402496 -0.1645693810016108 0.33501182321113443 0.08149165454336967 0.9386832205534175 0.0 0.0 0.0 0.0 0.0 0.0
15.191619512850098 75.42763708160639 48.644040340853856 0.9247086119228383 -0.21958396401408453 -0.3109611965882555 0.33501182321113443 0.08149165454336967 0.9386832205534175 0.0 0.0 0.0 0.0 0.0 0.0
15.363986057079185 75.09233527422857 49.02685566776496 0.855056312736331 0.39218974818913027 -0.33921365459706554 0.33501182321113443 0.08149165454336967 0.9386832205534175 0.0 0.0 0.0 0.0 0.0 0.0
15.731262714700904 74.84643313229074 49.33234723143729 0.4605538245621039 0.8549640179923781 -0.2385931738745858 0.33501182321113443 0.08149165454336967 0.9386832205534175 0.0 0.0 0.0 0.0 0.0 0.0
16.2035226311229 74.79542006515575 49.583451473617565 -0.10892076161258704 0.9929231631242198 -0.04732715733201156 0.33501182321113443 0.08149165454336967 0.9386832205534175 0.0 0.0 0.0 0.0 0.0 0.0
16.650954056508112 74.9707438642973 49.82376748879486 -0.6370145293926349 0.7536541977951653 0.16191923754886792 0.33501182321113443 0.08149165454336967 0.9386832205534175 0.0 0.0 0.0 0.0 0.0 0.0
16.95317799987458 75.31786316154002 50.100992999266204 -0.9230958271414464 0.2280594022974925 0.3096498069396465 0.33501182321113443 0.08149165454336967 0.9386832205534175 0.0 0.0 0.0 0.0 0.0 0.0
17.044982220398907 75.71696860671236 50.44880319297259 -0.8584775868200177 -0.38417897308286825 0.3397392376053626 0.33501182321113443 0.08149165454336967 0.9386832205534175 0.0 0.0 0.0 0.0 0.0 0.0
16.941096447995573 76.02850044288223 50.874056956581036 -0.46770935828582433 -0.8504613334591484 0.24075605176765744 0.33501182321113443 0.08149165454336967 0.9386832205534175 0.0 0.0 0.0 0.0 0.0 0.0
16.73059631265449 76.1461695913303 51.354191069765314 0.10074947514461834 -0.9936392142990672 0.050305616636889754 0.33501182321113443 0.08149165454336967 0.9386832205534175 0.0 0.0 0.0 0.0 0.0 0.0
16.54306202334271 76.037338649614 51.84579234984484 0.6309318985262236 -0.7593169448650281 -0.1592567633192905 0.33501182321113443 0.08149165454336967 0.9386832205534175 0.0 0.0 0.0 0.0 0.0 0.0
16.49934868015228 75.75542138642376 52.30109104571471 0.9214127450389069 -0.2365174729744476 -0.3083148362593817 0.33501182321113443 0.08149165454336967 0.9386832205534175 0.0 0.0 0.0 0.0 0.0 0.0
16.665671401185765 75.41958995782697 52.68610936495812 0.8618334845117368 0.3761389412603966 -0.3402389481553627 0.33501182321113443 0.08149165454336967 0.9386832205534175 0.0 0.0 0.0 0.0 0.0 0.0
6.591688748023636 28.17096812054668 88.16630649683091 0.431750431256487 0.8151242710174522 -0.38621753961738264 0.5244237300172002 0.12152842811962772 0.8427399317426576 0.0 0.0 0.0 0.0 0.0 0.0
7.103492521075542 28.11196817664695 88.31882209153527 -0.08058770664736867 0.9924029560560117 -0.0929623275773971 0.5244237300172002 0.12152842811962772 0.8427399317426576 0.0 0.0 0.0 0.0 0.0 0.0
7.596926323861484 28.279186517806192 88.4501469207433 -0.5623092274412852 0.7926511659962857 0.2356108269564742 0.5244237300172002 0.12152842811962772 0.8427399317426576 0.0 0.0 0.0 0.0 0.0 0.0
7.9621817205591 28.62708971719509 88.63517924536956 -0.8304000714213252 0.2917579455537968 0.47467148912662294 0.5244237300172002 0.12152842811962772 0.8427399317426576 0.0 0.0 0.0 0.0 0.0 0.0
8.13814739484765 29.041499149453152 88.92841295087779 -0.7830080447195877 -0.31997899633730015 0.5333965164934827 0.5244237300172002 0.12152842811962772 0.8427399317426576 0.0 0.0 0.0 0.0 0.0 0.0
8.135626360704986 29.382969359427975 89.34323440910404 -0.4381381706324949 -0.8101505677563288 0.38947528933028475 0.5244237300172002 0.12152842811962772 0.8427399317426576 0.0 0.0 0.0 0.0 0.0 0.0
8.033231716780607 29.53976572199132 89.846836771788 0.07318771975745517 -0.992532393489559 0.09758588807092704 0.5244237300172002 0.12152842811962772 0.8427399317426576 0.0 0.0 0.0 0.0 0.0 0.0
7.9475202158777964 29.470314294228643 90.37268384072829 0.5567083717781273 -0.7978345686794207 -0.23137802361561763 0.5244237300172002 0.12152842811962772 0.8427399317426576 0.0 0.0 0.0 0.0 0.0 0.0
7.988710405838664 29.21899645143159 90.84578828190506 0.8287262056926694 -0.30002605214532513 -0.47243755569632917 0.5244237300172002 0.12152842811962772 0.8427399317426576 0.0 0.0 0.0 0.0 0.0 0.0
8.218808760463084 28.89928766060768 91.21120056739558 0.785897098501293 0.31176737776687047 -0.5340101616332956 0.5244237300172002 0.12152842811962772 0.8427399317426576 0.0 0.0 0.0 0.0 0.0 0.0
8.62805238341916 28.6506462533555 91.45488521973914 0.44449254409048805 0.8051151683928451 -0.3927033789919898 0.5244237300172002 0.12152842811962772 0.8427399317426576 0.0 0.0 0.0 0.0 0.0 0.0
9.13861809578664 28.585530874071456 91.60905312448504 -0.06578215933932452 0.9925862457385968 -0.10220201702126158 0.5244237300172002 0.12152842811962772 0.8427399317426576 0.0 0.0 0.0 0.0 0.0 0.0
9.634188762862882 28.74667556073529 91.73992407623517 -0.5510651206170746 0.8029572131712087 0.22712759994244605 0.5244237300172002 0.12152842811962772 0.8427399317426576 0.0 0.0 0.0 0.0 0.0 0.0
10.004144118355175 29.090854369406593 91.92256877153875 -0.8269892292549066 0.3082713105913845 0.4701676443170526 0.5244237300172002 0.12152842811962772 0.8427399317426576 0.0 0.0 0.0 0.0 0.0 0.0
10.185587253017557 29.50530363302697 92.21238819615824 -0.7887263031762235 -0.3035320169035675 0.5345831398317956 0.5244237300172002 0.12152842811962772 0.8427399317426576 0.0 0.0 0.0 0.0 0.0 0.0
10.187240202053612 29.85056276384353 92.62406586432309 -0.4508130677203262 -0.8000184563921584 0.39590156277097155 0.5244237300172002 0.12152842811962772 0.8427399317426576 0.0 0.0 0.0 0.0 0.0 0.0
10.086130298117965 30.01345766235288 93.12598930617864 0.05837158935507394 -0.9925645087020676 0.10681036289230858 0.5244237300172002 0.12152842811962772 0.8427399317426576 0.0 0.0 0.0 0.0 0.0 0.0
9.998326199812471 29.95009744987251 93.65226017361627 0.5453799037135512 -0.8080187093624385 -0.22285987962317877 0.5244237300172002 0.12152842811962772 0.8427399317426576 0.0 0.0 0.0 0.0 0.0 0.0
10.034841467718884 29.702549347168624 94.12773012448152 0.8251892743855166 -0.3164930929836215 -0.46786192785133335 0.5244237300172002 0.12152842811962772 0.8427399317426576 0.0 0.0 0.0 0.0 0.0 0.0
10.259458656686094 29.382856633960653 94.49655093417174 0.7914954432894888 0.29527354090200525 -0.5351154074544747 0.5244237300172002 0.12152842811962772 0.8427399317426576 0.0 0.0 0.0 0.0 0.0 0.0
79.65298229694842 17.237248137584892 60.566650500533875 -0.037092801021944906 -0.9510784945788716 0.3067145599118728 0.6277331424632975 0.21663696702520596 0.7476760838566882 0.0 0.0 0.0 0.0 0.0 0.0
79.61986339624363 17.29078153745747 61.100244368220295 0.4258838032634168 -0.8995724230423076 -0.09691461097109745 0.6277331424632975 0.21663696702520596 0.7476760838566882 0.0 0.0 0.0 0.0 0.0 0.0
79.68382472189317 17.139257375192468 61.61174654728642 0.7270600302915304 -0.5063037479431092 -0.4637243008202607 0.6277331424632975 0.21663696702520596 0.7476760838566882 0.0 0.0 0.0 0.0 0.0 0.0
79.91351940432466 16.872321257652963 62.01754275738948 0.752013996016426 0.07931818594692559 -0.6543573757309502 0.6277331424632975 0.21663696702520596 0.7476760838566882 0.0 0.0 0.0 0.0 0.0 0.0
80.31463570081024 16.62346572309581 62.27417818310527 0.49126527165115763 0.6348058148663738 -0.5963891433295493 0.6277331424632975 0.21663696702520596 0.7476760838566882 0.0 0.0 0.0 0.0 0.0 0.0
80.8277359314264 16.51931419401164 62.39486668483368 0.043876657068280575 0.9491201013308498 -0.31184270428251204 0.6277331424632975 0.21663696702520596 0.7476760838566882 0.0 0.0 0.0 0.0 0.0 0.0
81.35083784740185 16.63151462188994 62.44447063230875 -0.4201814331134225 0.9028477928578695 0.09117799185343069 0.6277331424632975 0.21663696702520596 0.7476760838566882 0.0 0.0 0.0 0.0 0.0 0.0
81.77815939247806 16.949519232558345 62.51485860589573 -0.7246055717964052 0.51356851306806 0.45955864446952477 0.6277331424632975 0.21663696702520596 0.7476760838566882 0.0 0.0 0.0 0.0 0.0 0.0
82.04030707466353 17.384591801940065 62.69000298694957 -0.7537399389948256 -0.07082403124395054 0.6533452846408496 0.6277331424632975 0.21663696702520596 0.7476760838566882 0.0 0.0 0.0 0.0 0.0 0.0
82.13063971403868 17.80352003117125 63.01407744619483 -0.4965159015093604 -0.6283093419717279 0.5989151278264739 0.6277331424632975 0.21663696702520596 0.7476760838566882 0.0 0.0 0.0 0.0 0.0 0.0
82.10779153804187 18.079225126130194 63.47467462767303 -0.05065717173730568 -0.9470894289124437 0.3169471006238714 0.6277331424632975 0.21663696702520596 0.7476760838566882 0.0 0.0 0.0 0.0 0.0 0.0
82.0733960581536 18.139041155968336 64.0075199107112 0.41444706452049734 -0.9060544073184881 -0.08543442917867483 0.6277331424632975 0.21663696702520596 0.7476760838566882 0.0 0.0 0.0 0.0 0.0 0.0
82.13347379966339 17.992322055149188 64.52089041292987 0.7220959317815623 -0.5207941679623794 -0.45535799094875934 0.6277331424632975 0.21663696702520596 0.7476760838566882 0.0 0.0 0.0 0.0 0.0 0.0
82.35815333154356 17.7268879073562 64.93046204678393 0.7554084817586473 0.06232448301678959 -0.6522834387777952 0.6277331424632975 0.21663696702520596 0.7476760838566882 0.0 0.0 0.0 0.0 0.0 0.0
82.75502825060958 17.475660627427935 65.19134565024446 0.5017287197593232 0.6217650208880923 -0.601395502617621 0.6277331424632975 0.21663696702520596 0.7476760838566882 0.0 0.0 0.0 0.0 0.0 0.0
83.26627224713165 17.366164703574974 65.31514112996037 0.057433828666575155 0.9449866319672201 -0.3220273602164083 0.6277331424632975 0.21663696702520596 0.7476760838566882 0.0 0.0 0.0 0.0 0.0 0.0
83.79060828670542 17.47207851221299 65.36553046278235 -0.40868113417901264 0.9091920222280571 0.0796843603413636 0.6277331424632975 0.21663696702520596 0.7476760838566882 0.0 0.0 0.0 0.0 0.0 0.0
84.22178544888392 17.785242670925655 65.4340838480514 -0.7195313013658069 0.5279801623644718 0.4511226601539925 0.6277331424632975 0.21663696702520596 0.7476760838566882 0.0 0.0 0.0 0.0 0.0 0.0
84.488945428276 18.218759924262223 65.60547065789716 -0.7570194972419008 -0.053820188538948176 0.6511719190054591 0.6277331424632975 0.21663696702520596 0.7476760838566882 0.0 0.0 0.0 0.0 0.0 0.0
84.58354278945214 18.640008863927882 65.92529212716936 -0.5069033294247552 -0.615173349990855 0.6038300788128457 0.6277331424632975 0.21663696702520596 0.7476760838566882 0.0 0.0 0.0 0.0 0.0 0.0
37.3137359816233 11.622082690078138 91.50082105596184 0.9775331945564981 0.15315187768424163 -0.1448218074115868 0.06617973349646392 0.4293222327476526 0.9007234111218091 0.0 0.0 0.0 0.0 0.0 0.0
37.52135259746726 11.493724112706492 91.9794696938571 0.6744961712821429 0.6459726053147243 -0.3574553232344395 0.06617973349646392 0.4293222327476526 0.9007234111218091 0.0 0.0 0.0 0.0 0.0 0.0
37.88272063677804 11.512615011041895 92.37663637957372 0.11520677556309314 0.8933775401001265 -0.4342855854262286 0.06617973349646392 0.4293222327476526 0.9007234111218091 0.0 0.0 0.0 0.0 0.0 0.0
38.270350064203406 11.735151347753288 92.67480765242763 -0.4878516003469457 0.8013734109255484 -0.3461234928468107 0.06617973349646392 0.4293222327476526 0.9007234111218091 0.0 0.0 0.0 0.0 0.0 0.0
38.54677370397941 12.140360778700408 92.89408006419632 -0.9055669968413866 0.40491412469142196 -0.12646329845869003 0.06617973349646392 0.4293222327476526 0.9007234111218091 0.0 0.0 0.0 0.0 0.0 0.0
38.616773318331724 12.637870397111579 93.08452516310217 -0.9792423509629941 -0.14537880731612232 0.14124241736748347 0.06617973349646392 0.4293222327476526 0.9007234111218091 0.0 0.0 0.0 0.0 0.0 0.0
38.46355460797012 13.10224091182069 93.30716647549113 -0.6808871638947366 -0.6404398998202321 0.35528777738846223 0.06617973349646392 0.4293222327476526 0.9007234111218091 0.0 0.0 0.0 0.0 0.0 0.0
38.15512764717455 13.420623131214308 93.61079564791494 -0.12385155943656195 -0.8921871667985218 0.4343533706846979 0.06617973349646392 0.4293222327476526 0.9007234111218091 0.0 0.0 0.0 0.0 0.0 0.0
37.81846871950844 13.535631257863495 94.01343568485329 0.4802373231392113 -0.8049776125360913 0.348400856456725 0.06617973349646392 0.4293222327476526 0.9007234111218091 0.0 0.0 0.0 0.0 0.0 0.0
37.59127990476259 13.467144712406423 94.49549370798339 0.9018760175145311 -0.41194360476322983 0.13008503190915371 0.06617973349646392 0.4293222327476526 0.9007234111218091 0.0 0.0 0.0 0.0 0.0 0.0
37.56967375658675 13.304755609281747 95.0072046182303 0.9808769342731732 0.13759466578896873 -0.13765227116645593 0.06617973349646392 0.4293222327476526 0.9007234111218091 0.0 0.0 0.0 0.0 0.0 0.0
37.77165853644182 13.17373121455309 95.4875376889336 0.687226304313638 0.6348584223478044 -0.3530931750026848 0.06617973349646392 0.4293222327476526 0.9007234111218091 0.0 0.0 0.0 0.0 0.0 0.0
38.13029657398878 13.187422817174465 95.88738315928494 0.13248691153426895 0.8909288499899223 -0.4343880782523228 0.06617973349646392 0.4293222327476526 0.9007234111218091 0.0 0.0 0.0 0.0 0.0 0.0
38.519135007188694 13.404201679184158 96.18820985353062 -0.4725864740000055 0.808520511984842 -0.350651687992532 0.06617973349646392 0.4293222327476526 0.9007234111218091 0.0 0.0 0.0 0.0 0.0 0.0
38.80024733877035 13.80528281734093 96.40910548446513 -0.8981163568371868 0.41894171373463024 -0.13369685888079336 0.06617973349646392 0.4293222327476526 0.9007234111218091 0.0 0.0 0.0 0.0 0.0 0.0
38.87663401855169 14.30186173232553 96.59952491221098 -0.9824368200071881 -0.12980004589529606 0.13405164221203605 0.06617973349646392 0.4293222327476526 0.9007234111218091 0.0 0.0 0.0 0.0 0.0 0.0
38.72907419429998 14.768852722764134 96.82050141601702 -0.693513109788761 -0.6292285979485608 0.35087168320457457 0.06617973349646392 0.4293222327476526 0.9007234111218091 0.0 0.0 0.0 0.0 0.0 0.0
38.4234280348505 15.092411034501657 97.12145913104972 -0.14111217424071865 -0.8896026855000249 0.43438970548598643 0.06617973349646392 0.4293222327476526 0.9007234111218091 0.0 0.0 0.0 0.0 0.0 0.0
38.08561535084275 15.213184386088061 97.52143599311606 0.4648996355711116 -0.8120018394662906 0.3528758160446947 0.06617973349646392 0.4293222327476526 0.9007234111218091 0.0 0.0 0.0 0.0 0.0 0.0
37.85377655339152 15.14886189281845 98.00185090855302 0.8942883011220706 -0.42590791867253097 0.13729850431900045 0.06617973349646392 0.4293222327476526 0.9007234111218091 0.0 0.0 0.0 0.0 0.0 0.0
85.69259654408296 41.028710473867214 90.25373124065554 0.8426992044951559 0.14348104236085837 -0.5189135199879387 0.5164463515353839 0.056904149300048154 0.854426757410036 0.0 0.0 0.0 0.0 0.0 0.0
86.04345501670855 40.71963577982357 90.51841268656179 0.593421090945937 0.6955707386001828 -0.40500957571856255 0.5164463515353839 0.056904149300048154 0.854426757410036 0.0 0.0 0.0 0.0 0.0 0.0
86.5295838456873 40.56911645753 90.69077218693934 0.11869238347480549 0.9834014819227138 -0.13723572223470182 0.5164463515353839 0.056904149300048154 0.854426757410036 0.0 0.0 0.0 0.0 0.0 0.0
87.04276860721377 40.642763533983484 90.83184880011537 -0.4011295449092312 0.897621560666821 0.18267627658503968 0.5164463515353839 0.056904149300048154 0.854426757410036 0.0 0.0 0.0 0.0 0.0 0.0
87.46451587635664 40.92102347343467 91.01456647628687 -0.768555652653904 0.4708202010814207 0.4331865037456529 0.5164463515353839 0.056904149300048154 0.854426757410036 0.0 0.0 0.0 0.0 0.0 0.0
87.71107086029441 41.30660689253675 91.29602902961743 -0.8439946183900844 -0.13485362458879382 0.5191219356411755 0.5164463515353839 0.056904149300048154 0.854426757410036 0.0 0.0 0.0 0.0 0.0 0.0
87.76523724441384 41.66145042367064 91.6958254445116 -0.5987859177623511 -0.6892943036453569 0.40783426493069663 0.5164463515353839 0.056904149300048154 0.854426757410036 0.0 0.0 0.0 0.0 0.0 0.0
87.68291035973851 41.859169296599894 92.18858769292923 -0.12608843581002846 -0.9818605523608613 0.14160353834775827 0.5164463515353839 0.056904149300048154 0.854426757410036 0.0 0.0 0.0 0.0 0.0 0.0
87.57184161215291 41.8330730257242 92.7136284723688 0.3945121509927514 -0.9014015614014581 -0.17842473993840208 0.5164463515353839 0.056904149300048154 0.854426757410036 0.0 0.0 0.0 0.0 0.0 0.0
87.55070192179944 41.6015022405644 93.19799732672526 0.7652309757419644 -0.47848504663521685 -0.4306664764193938 0.5164463515353839 0.056904149300048154 0.854426757410036 0.0 0.0 0.0 0.0 0.0 0.0
87.70399665644439 41.26086077396856 93.58419574423098 0.8452257588271646 0.12621593719110974 -0.519290818149151 0.5164463515353839 0.056904149300048154 0.854426757410036 0.0 0.0 0.0 0.0 0.0 0.0
88.04996062940904 40.94899023422681 93.8520218034001 0.6041051447128339 0.6829653762605971 -0.4106278959845618 0.5164463515353839 0.056904149300048154 0.854426757410036 0.0 0.0 0.0 0.0 0.0 0.0
88.5336303891192 40.79280167349321 94.02624522075912 0.1334748860226934 0.9802448503165191 -0.14596057080312927 0.5164463515353839 0.056904149300048154 0.854426757410036 0.0 0.0 0.0 0.0 0.0 0.0
89.04772575329801 40.86005995723271 94.1671969214109 -0.3878647134485576 0.9051129169172767 0.17415961555701867 0.5164463515353839 0.056904149300048154 0.854426757410036 0.0 0.0 0.0 0.0 0.0 0.0
89.47340734384204 41.13363875886291 94.34784831190885 -0.7618480235285098 0.48611345370018155 0.42811365217356245 0.5164463515353839 0.056904149300048154 0.854426757410036 0.0 0.0 0.0 0.0 0.0 0.0
89.72542565345117 41.518027137559656 94.62608822289037 -0.8463925320502853 -0.1175686379611436 0.5194201546508083 0.5164463515353839 0.056904149300048154 0.854426757410036 0.0 0.0 0.0 0.0 0.0 0.0
89.78450875874766 41.875615741533856 95.02272997446812 -0.6093783667176584 -0.6765844384182269 0.41339025613433716 0.5164463515353839 0.056904149300048154 0.854426757410036 0.0 0.0 0.0 0.0 0.0 0.0
89.70468404617674 42.07897690148186 95.51360404793904 -0.14085117160601845 -0.9785544988316528 0.1503064877959243 0.5164463515353839 0.056904149300048154 0.854426757410036 0.0 0.0 0.0 0.0 0.0 0.0
89.59275230460634 42.05927653263093 96.03874049003244 0.3811877385047555 -0.9087553445801847 -0.1698812282466241 0.5164463515353839 0.056904149300048154 0.854426757410036 0.0 0.0 0.0 0.0 0.0 0.0
89.56771232002218 41.83242535438892 96.52515250080171 0.758407053638449 -0.49370484134358206 -0.4255282254156085 0.5164463515353839 0.056904149300048154 0.854426757410036 0.0 0.0 0.0 0.0 0.0 0.0
9.618948318171789 34.74279083403962 82.25277865746327 -0.2758593297580904 -0.5997127285614704 0.7511632801107715 0.5866447742322376 0.5140081939484878 0.6258142579230843 0.0 0.0 0.0 0.0 0.0 0.0
9.548276717972914 35.090554122497615 82.65620315132125 0.22301390749342365 -0.8454160406019106 0.48532104359640477 0.5866447742322376 0.5140081939484878 0.6258142579230843 0.0 0.0 0.0 0.0 0.0 0.0
9.52844114500431 35.245604797899354 83.17025659233767 0.6371604326944902 -0.7699316642152524 0.03509722848462335 0.5866447742322376 0.5140081939484878 0.6258142579230843 0.0 0.0 0.0 0.0 0.0 0.0
9.653846312716695 35.225149526217294 83.6923104476915 0.8092390567605725 -0.4019373760222592 -0.42846061052283435 0.5866447742322376 0.5140081939484878 0.6258142579230843 0.0 0.0 0.0 0.0 0.0 0.0
9.963717548880396 35.11307261702398 84.11669669339511 0.6738742334077955 0.11875964135615318 -0.7292391001132714 0.5866447742322376 0.5140081939484878 0.6258142579230843 0.0 0.0 0.0 0.0 0.0 0.0
10.427198437752889 35.02806697181458 84.37485286328237 0.2824933222070354 0.5943378854280447 -0.7529674633431067 0.5866447742322376 0.5140081939484878 0.6258142579230843 0.0 0.0 0.0 0.0 0.0 0.0
10.955073688311138 35.07854066628937 84.46137007620841 -0.216211525136656 0.8441172300262847 -0.4906308983042485 0.5866447742322376 0.5140081939484878 0.6258142579230843 0.0 0.0 0.0 0.0 0.0 0.0
11.433663514911382 35.32143090990884 84.43604796042828 -0.632773999217004 0.7732023260500616 -0.04189545208842924 0.5866447742322376 0.5140081939484878 0.6258142579230843 0.0 0.0 0.0 0.0 0.0 0.0
11.768012488479847 35.74057264808027 84.40117577502635 -0.8089350515777216 0.40853493115390954 0.42275677683038965 0.5866447742322376 0.5140081939484878 0.6258142579230843 0.0 0.0 0.0 0.0 0.0 0.0
11.917964691587994 36.252839936662795 84.46267101020496 -0.6777681531712405 -0.11134171442741508 0.7267966381149616 0.5866447742322376 0.5140081939484878 0.6258142579230843 0.0 0.0 0.0 0.0 0.0 0.0
11.91341962285475 36.739726877938224 84.68983956191057 -0.2891058016957769 -0.5889177811635709 0.7547143051878766 0.5866447742322376 0.5140081939484878 0.6258142579230843 0.0 0.0 0.0 0.0 0.0 0.0
11.842972877528227 37.09236999246709 85.08904526323087 0.20939267743515239 -0.8427541366554594 0.495903389569632 0.5866447742322376 0.5140081939484878 0.6258142579230843 0.0 0.0 0.0 0.0 0.0 0.0
11.820257199611598 37.25290727502805 85.6012921578072 0.6283393775495935 -0.7764141055341671 0.04869048519135415 0.5866447742322376 0.5140081939484878 0.6258142579230843 0.0 0.0 0.0 0.0 0.0 0.0
11.940771502578125 37.2364609378026 86.12463805001494 0.808569442858774 -0.4151013747688448 -0.41702074857261945 0.5866447742322376 0.5140081939484878 0.6258142579230843 0.0 0.0 0.0 0.0 0.0 0.0
12.245599235485983 37.1253922291374 86.55292404946397 0.6816104582657359 0.10391530839604679 -0.7242988277387512 0.5866447742322376 0.5140081939484878 0.6258142579230843 0.0 0.0 0.0 0.0 0.0 0.0
12.705800093802418 37.038011018290774 86.81610610833987 0.2956962646584011 0.5834528285299739 -0.7564036726163107 0.5866447742322376 0.5140081939484878 0.6258142579230843 0.0 0.0 0.0 0.0 0.0 0.0
13.233404924951833 37.08362789806593 86.90686592624259 -0.20255788367056488 0.8413268642942732 -0.5011381158719311 0.5866447742322376 0.5140081939484878 0.6258142579230843 0.0 0.0 0.0 0.0 0.0 0.0
13.71483668014505 37.32102526302935 86.88339129486398 -0.6238569054058674 0.7795667580781275 -0.0554818103253182 0.5866447742322376 0.5140081939484878 0.6258142579230843 0.0 0.0 0.0 0.0 0.0 0.0
14.054060234121314 37.73612489502578 86.84726958307597 -0.8081422584462483 0.42163620680696173 0.4112529625702847 0.5866447742322376 0.5140081939484878 0.6258142579230843 0.0 0.0 0.0 0.0 0.0 0.0
14.209067734856523 38.247336513630664 86.90489299704596 -0.6854008560848716 -0.09648098881161908 0.7217458592025723 0.5866447742322376 0.5140081939484878 0.6258142579230843 0.0 0.0 0.0 0.0 0.0 0.0
69.10340805451483 97.7413250974713 53.51587398237516 -0.26677208931124774 -0.15719812068332922 0.950852987174222 0.6206861676712733 0.7267352732582303 0.2942864656484116 0.0 0.0 0.0 0.0 0.0 0.0
69.05553085847853 98.24192319978278 53.70506810538169 0.21622392550165231 -0.5194375994874015 0.8266993372922358 0.6206861676712733 0.7267352732582303 0.2942864656484116 0.0 0.0 0.0 0.0 0.0 0.0
69.05694191306384 98.62411548494698 54.082708368336114 0.6170728559452238 -0.6843340497126732 0.3884687874970883 0.6206861676712733 0.7267352732582303 0.2942864656484116 0.0 0.0 0.0 0.0 0.0 0.0
69.19901474457808 98.85031380194657 54.54890010362369 0.7834854915072306 -0.589240552996936 -0.19734754951997432 0.6206861676712733 0.7267352732582303 0.2942864656484116 0.0 0.0 0.0 0.0 0.0 0.0
69.51968311853379 98.94219471635003 54.970106458788635 0.6522388896667719 -0.270284718620979 -0.7081882529993243 0.6206861676712733 0.7267352732582303 0.2942864656484116 0.0 0.0 0.0 0.0 0.0 0.0
69.98902936791178 98.97246422063932 55.22988127939921 0.2731958287892024 0.15135679927859944 -0.949976398888056 0.6206861676712733 0.7267352732582303 0.2942864656484116 0.0 0.0 0.0 0.0 0.0 0.0
70.52065061505839 99.03723551208661 55.2731089499922 -0.2096388950360633 0.5154953385815025 -0.8308526280808173 0.6206861676712733 0.7267352732582303 0.2942864656484116 0.0 0.0 0.0 0.0 0.0 0.0
71.00448466948521 99.21951398218364 55.12694373787135 -0.612828297661716 0.6837885801348432 -0.3960740527505162 0.6206861676712733 0.7267352732582303 0.2942864656484116 0.0 0.0 0.0 0.0 0.0 0.0
71.34862449417739 99.55766208063784 54.89049343296354 -0.7831939840629387 0.5922991077595576 0.18917967722473147 0.6206861676712733 0.7267352732582303 0.2942864656484116 0.0 0.0 0.0 0.0 0.0 0.0
71.51423522555919 100.03082477934257 54.69716664143165 -0.6560111816135271 0.27578530163342346 0.7025608849067715 0.6206861676712733 0.7267352732582303 0.2942864656484116 0.0 0.0 0.0 0.0 0.0 0.0
71.53030818745076 100.56685274623221 54.663988625720364 -0.27959876334707434 -0.14550395146760361 0.9490274662211311 0.6206861676712733 0.7267352732582303 0.2942864656484116 0.0 0.0 0.0 0.0 0.0 0.0
71.48264660243977 101.06971308280653 54.847141450795384 0.20303789975696704 -0.5115138207097497 0.8349426462249931 0.6206861676712733 0.7267352732582303 0.2942864656484116 0.0 0.0 0.0 0.0 0.0 0.0
71.48126751306698 101.45597382785526 55.220619478348894 0.6085370701306797 -0.6831910374092414 0.40364915543136365 0.6206861676712733 0.7267352732582303 0.2942864656484116 0.0 0.0 0.0 0.0 0.0 0.0
71.61860446797813 101.68650115442992 55.68610934358383 0.7828428333645013 -0.5953125566519444 -0.18099739816462942 0.6206861676712733 0.7267352732582303 0.2942864656484116 0.0 0.0 0.0 0.0 0.0 0.0
71.9343904713869 101.78132696498423 56.11034084621204 0.6597335157689516 -0.28126488252740245 -0.6968800140827582 0.6206861676712733 0.7267352732582303 0.2942864656484116 0.0 0.0 0.0 0.0 0.0 0.0
72.40056275047375 101.8120384367164 56.37571852770272 0.28598040537660663 0.13964002296736194 -0.9480062614383444 0.6206861676712733 0.7267352732582303 0.2942864656484116 0.0 0.0 0.0 0.0 0.0 0.0
72.93192427196459 101.87458085607777 56.424998152069485 -0.19642144235571124 0.5074933490801434 -0.8389690802540473 0.6206861676712733 0.7267352732582303 0.2942864656484116 0.0 0.0 0.0 0.0 0.0 0.0
73.41851151949002 102.05280640033025 56.283034748194126 -0.604199500145706 0.6825414670410589 -0.4111935186662339 0.6206861676712733 0.7267352732582303 0.2942864656484116 0.0 0.0 0.0 0.0 0.0 0.0
73.76737147194609 102.38661729347095 56.04733976880058 -0.7824320661534041 0.5982806701882958 0.1728013354518969 0.6206861676712733 0.7267352732582303 0.2942864656484116 0.0 0.0 0.0 0.0 0.0 0.0
73.93787601030323 102.85680628420599 55.8510348592605 -0.6634056086628881 0.28672304401161586 0.6911460731475917 0.6206861676712733 0.7267352732582303 0.2942864656484116 0.0 0.0 0.0 0.0 0.0 0.0
71.15552532974576 27.19407281926521 81.38821438248327 -0.558409219606243 0.5895709107299967 0.5835968511564718 0.7703395990591132 0.10748231706341593 0.628509708469268 0.0 0.0 0.0 0.0 0.0 0.0
71.50043032838552 27.584808174725453 81.51879587437637 -0.6328346147571263 0.008166342920685441 0.7742439287514635 0.7703395990591132 0.10748231706341593 0.628509708469268 0.0 0.0 0.0 0.0 0.0 0.0
71.70108065667921 27.97740504831142 81.82586629418998 -0.46683555933124904 -0.5763407550981668 0.6707427931455953 0.7703395990591132 0.10748231706341593 0.628509708469268 0.0 0.0 0.0 0.0 0.0 0.0
71.79531580453435 28.238625028638175 82.28583255480609 -0.12347786984110513 -0.9418863643516612 0.31241525620224286 0.7703395990591132 0.10748231706341593 0.628509708469268 0.0 0.0 0.0 0.0 0.0 0.0
71.86140416807397 28.28514198257447 82.81701388290367 0.2667911268415664 -0.9495935962877259 -0.16460405987687846 0.7703395990591132 0.10748231706341593 0.628509708469268 0.0 0.0 0.0 0.0 0.0 0.0
71.98830757737173 28.115199046357976 83.31067371037302 0.5557017139273549 -0.5965343446358037 -0.5790875415756523 0.7703395990591132 0.10748231706341593 0.628509708469268 0.0 0.0 0.0 0.0 0.0 0.0
72.2418832098444 27.809276087511765 83.67233051451919 0.6334919290549434 -0.01684172193436258 -0.7735659844024507 0.7703395990591132 0.10748231706341593 0.628509708469268 0.0 0.0 0.0 0.0 0.0 0.0
72.639863347478 27.499514057620694 83.85765292818054 0.4706079689143215 0.5692493525085177 -0.6741537764212042 0.7703395990591132 0.10748231706341593 0.628509708469268 0.0 0.0 0.0 0.0 0.0 0.0
73.14511858643331 27.319512435545395 83.8893019672944 0.12893217323749873 0.9390730805917764 -0.31861927752747066 0.7703395990591132 0.10748231706341593 0.628509708469268 0.0 0.0 0.0 0.0 0.0 0.0
73.67976391833497 27.35357255173897 83.84832173207049 -0.2617271106832316 0.9521272448935819 0.15796401192919082 0.7703395990591132 0.10748231706341593 0.628509708469268 0.0 0.0 0.0 0.0 0.0 0.0
74.15474854712114 27.60467010336476 83.8433493983362 -0.5529518894114657 0.60345235014169 0.5745341322365126 0.7703395990591132 0.10748231706341593 0.628509708469268 0.0 0.0 0.0 0.0 0.0 0.0
74.5036877753173 27.99332463719301 83.96934213812295 -0.6341010004897005 0.025515818385708912 0.7728291300087422 0.7703395990591132 0.10748231706341593 0.628509708469268 0.0 0.0 0.0 0.0 0.0 0.0
74.70808366049982 28.38779550262513 84.2715013024123 -0.4743445398785295 -0.5621145993767367 0.6775134202766451 0.7703395990591132 0.10748231706341593 0.628509708469268 0.0 0.0 0.0 0.0 0.0 0.0
74.80435269289177 28.65413232744237 84.72809967217171 -0.13437665794972034 -0.9361882827810354 0.3247990347611289 0.7703395990591132 0.10748231706341593 0.628509708469268 0.0 0.0 0.0 0.0 0.0 0.0
74.8699905618759 28.70706500374246 85.25873599212473 0.2566431629920992 -0.9545883853234287 -0.1513119344104132 0.7703395990591132 0.10748231706341593 0.628509708469268 0.0 0.0 0.0 0.0 0.0 0.0
74.99413024793937 28.542399227571913 85.75488075186786 0.5501599554683559 -0.6103244004147522 -0.5699369698988047 0.7703395990591132 0.10748231706341593 0.628509708469268 0.0 0.0 0.0 0.0 0.0 0.0
75.24367891316267 28.238609985122935 86.12110836138946 0.6346617826782469 -0.03418797170869681 -0.772033421684655 0.7703395990591132 0.10748231706341593 0.628509708469268 0.0 0.0 0.0 0.0 0.0 0.0
75.63789875171712 27.927027593447235 86.31135092814598 0.4780449876695247 0.5549370390418978 -0.6808214688620333 0.7703395990591132 0.10748231706341593 0.628509708469268 0.0 0.0 0.0 0.0 0.0 0.0
76.14108896025255 27.741943117282254 86.34640021965333 0.13981090935917712 0.9332321906079601 -0.3309540572907808 0.7703395990591132 0.10748231706341593 0.628509708469268 0.0 0.0 0.0 0.0 0.0 0.0
76.67614906997557 27.76958894833055 86.30600852338776 -0.25153967093047225 0.9569768301518938 0.1446483339020011 0.7703395990591132 0.10748231706341593 0.628509708469268 0.0 0.0 0.0 0.0 0.0 0.0
32.96944788561963 77.74812952549287 5.235015070457887 -0.18340763241048494 0.8108498878620884 -0.5557734248123232 0.35376759465933133 0.5819275462243717 0.7322628079550627 0.0 0.0 0.0 0.0 0.0 0.0
33.4091131338743 78.04543706154905 5.318608135958126 -0.6863739332565877 0.6933602309274375 -0.21941379608887845 0.35376759465933133 0.5819275462243717 0.7322628079550627 0.0 0.0 0.0 0.0 0.0 0.0
33.69231942244634 78.50079608406175 5.3521858197360395 -0.9285753012983146 0.31245142989858604 0.2003048021717737 0.35376759465933133 0.5819275462243717 0.7322628079550627 0.0 0.0 0.0 0.0 0.0 0.0
33.76385694186977 79.02737841985112 5.431422989471608 -0.8179953874256847 -0.18716289325806731 0.5439242571696665 0.35376759465933133 0.5819275462243717 0.7322628079550627 0.0 0.0 0.0 0.0 0.0 0.0
33.64893238699125 79.51129696823322 5.634647710743605 -0.3966453497164778 -0.6156709040692789 0.6808977929401813 0.35376759465933133 0.5819275462243717 0.7322628079550627 0.0 0.0 0.0 0.0 0.0 0.0
33.44359251216439 79.85487331466064 5.993083105340794 0.17539688790662014 -0.8102752449559831 0.5591868731687059 0.35376759465933133 0.5819275462243717 0.7322628079550627 0.0 0.0 0.0 0.0 0.0 0.0
33.27823436345472 80.01374739350499 6.478985165271632 0.6808029153344096 -0.6970424732042492 0.22503151117448583 0.35376759465933133 0.5819275462243717 0.7322628079550627 0.0 0.0 0.0 0.0 0.0 0.0
33.26806526071702 80.01373061864994 7.0161831652553195 0.9275605328089107 -0.31899161195354675 -0.19461708424115232 0.35376759465933133 0.5819275462243717 0.7322628079550627 0.0 0.0 0.0 0.0 0.0 0.0
33.469333610618854 79.940999695813 7.509018194762602 0.8219223958842036 0.1802494959336491 -0.5403273955294476 0.35376759465933133 0.5819275462243717 0.7322628079550627 0.0 0.0 0.0 0.0 0.0 0.0
33.85795919652431 79.90935665124572 7.878685577457521 0.4040221989534476 0.6110108067047884 -0.6807582954638046 0.35376759465933133 0.5819275462243717 0.7322628079550627 0.0 0.0 0.0 0.0 0.0 0.0
34.338681655393785 80.01699353929224 8.093174085281376 -0.1673727862506668 0.8096388964528625 -0.5625577372797212 0.35376759465933133 0.5819275462243717 0.7322628079550627 0.0 0.0 0.0 0.0 0.0 0.0
34.781251482371026 80.30918763926054 8.179427539191412 -0.6751800516343952 0.7006716329980128 -0.23063208923927692 0.35376759465933133 0.5819275462243717 0.7322628079550627 0.0 0.0 0.0 0.0 0.0 0.0
35.069913995333636 80.7610998600174 8.213108401102508 -0.926475126993739 0.3255075015622273 0.18891454546607064 0.35376759465933133 0.5819275462243717 0.7322628079550627 0.0 0.0 0.0 0.0 0.0 0.0
35.14738647394645 81.28721152599748 8.2898523395968 -0.8257868117700762 -0.1733223719122549 0.536689385866092 0.35376759465933133 0.5819275462243717 0.7322628079550627 0.0 0.0 0.0 0.0 0.0 0.0
35.036620822832845 81.77381435184655 8.488934640486223 -0.4113682803357338 -0.6063041785017463 0.6805669556075611 0.35376759465933133 0.5819275462243717 0.7322628079550627 0.0 0.0 0.0 0.0 0.0 0.0
34.83208375927299 82.12221012112877 8.843152200320459 0.15933593850902816 -0.8089408908131361 0.5658857604410076 0.35376759465933133 0.5819275462243717 0.7322628079550627 0.0 0.0 0.0 0.0 0.0 0.0
34.663867327909784 82.28620778889677 9.326363437052843 0.669505770359381 -0.7042474339341668 0.2362151037775396 0.35376759465933133 0.5819275462243717 0.7322628079550627 0.0 0.0 0.0 0.0 0.0 0.0
34.648264757966025 82.2896722319403 9.863419914123837 0.9253191665106503 -0.3319986025144139 -0.18319762011694374 0.35376759465933133 0.5819275462243717 0.7322628079550627 0.0 0.0 0.0 0.0 0.0 0.0
34.84358872114358 82.21745758309433 10.358716487924852 0.8295883407930668 0.16638204872119117 -0.5330105052281298 0.35376759465933133 0.5819275462243717 0.7322628079550627 0.0 0.0 0.0 0.0 0.0 0.0
35.22801737270795 82.18316972748956 10.732513300287916 0.4186830344307933 0.6015513778881058 -0.6803237879427303 0.35376759465933133 0.5819275462243717 0.7322628079550627 0.0 0.0 0.0 0.0 0.0 0.0
