           0   0.000000
       10000  -0.034963
       20000  -0.419207
       30000   0.000000
       40000  -0.033072
       50000  -2.227016
       60000  -1.993619
       70000  -2.674073
       80000  -1.473879
       90000  -2.177570
      100000  -3.819965
      110000  -4.717964
      120000  -4.650127
      130000  -4.522431
      140000  -3.078573
      150000  -4.230352
      160000  -0.025370
      170000   0.000000
      180000  -2.392513
      190000  -1.870217
      200000  -1.713653
