           0   0.000000
       10000  -1.012343
       20000  -2.952175
       30000  -5.004514
       40000  -6.254600
       50000  -6.394720
       60000  -6.401998
       70000  -6.935808
       80000  -7.680389
       90000  -9.835260
      100000 -10.676858
      110000 -11.311338
      120000  -9.190227
      130000  -5.301119
      140000  -7.319731
      150000  -5.540328
      160000  -3.530109
      170000  -4.306511
      180000  -7.118022
      190000  -7.723140
      200000  -8.871230
