#id1 id2 FENE BEXC STCK NEXC HB CRSTCK CXSTCK total, t = 200000
0 1 0.0124044 0 -1.37879 0 0 0 0 -1.36638
1 2 0.00762442 0 -1.35558 0 0 0 0 -1.34796
2 3 0.145827 0 -0.535252 0 0 0 0 -0.389425
3 4 0.171407 0 -1.34313 0 0 0 0 -1.17172
4 5 9.67323e-07 0 -1.18014 0 0 0 0 -1.18014
5 6 0.223331 0 0 0 0 0 0 0.223331
6 7 0.00271007 0 -1.26363 0 0 0 0 -1.26092
7 8 0.0277955 0 0 0 0 0 0 0.0277955
8 9 0.0012151 0 -0 0 0 0 0 0.0012151
9 10 0.0572149 0 0 0 0 0 0 0.0572149
10 11 0.06415 0 0 0 0 0 0 0.06415
11 12 0.00828274 0 -1.39272 0 0 0 0 -1.38444
12 13 0.035644 0 -1.33199 0 0 0 0 -1.29634
13 14 0.00067263 0 0 0 0 0 0 0.00067263
14 15 0.296099 0 -1.37046 0 0 0 0 -1.07436
15 16 0.0915349 0 -1.13827 0 0 0 0 -1.04673
16 17 0.029063 0 -1.15565 0 0 0 0 -1.12658
17 18 0.208383 0 -1.18216 0 0 0 0 -0.973781
18 19 4.45904e-06 0 -0.991624 0 0 0 0 -0.99162
20 21 0.0202903 0 -0 0 0 0 0 0.0202903
21 22 0.000556718 0 -0.995604 0 0 0 0 -0.995048
22 23 0.00141296 0 -0.502991 0 0 0 0 -0.501578
23 24 0.00363798 0 -0 0 0 0 0 0.00363798
24 25 0.0138389 0 -1.40535 0 0 0 0 -1.39151
25 26 0.00804378 0 -1.01381 0 0 0 0 -1.00577
26 27 0.00641591 0 -1.35284 0 0 0 0 -1.34642
27 28 0.0647739 0 0 0 0 0 0 0.0647739
28 29 0.00233252 0 0 0 0 0 0 0.00233252
29 30 0.000706635 0 -0.748858 0 0 0 0 -0.748151
30 31 0.0910796 0 -1.23781 0 0 0 0 -1.14673
31 32 0.0642082 0 -1.24297 0 0 0 0 -1.17876
32 33 0.0725317 0 0 0 0 0 0 0.0725317
33 34 0.0914863 0 -0 0 0 0 0 0.0914863
34 35 0.00137631 0 -1.18771 0 0 0 0 -1.18633
35 36 0.114279 0 0 0 0 0 0 0.114279
36 37 1.45863e-05 0 -1.07318 0 0 0 0 -1.07317
37 38 0.00246841 0 0 0 0 0 0 0.00246841
38 39 0.00276982 0 -0 0 0 0 0 0.00276982
40 41 0.0884967 0 -1.2942 0 0 0 0 -1.2057
41 42 0.00798243 0 -0 0 0 0 0 0.00798243
42 43 0.0166737 0 0 0 0 0 0 0.0166737
43 44 0.0120871 0 -1.17215 0 0 0 0 -1.16006
44 45 0.0321994 0 0 0 0 0 0 0.0321994
45 46 0.00858037 0 -0.641863 0 0 0 0 -0.633282
46 47 0.0249188 0 0 0 0 0 0 0.0249188
47 48 0.16277 0 0 0 0 0 0 0.16277
48 49 0.00333654 0 0 0 0 0 0 0.00333654
49 50 0.103879 0 -1.14501 0 0 0 0 -1.04113
50 51 0.122303 0 -1.30084 0 0 0 0 -1.17853
51 52 0.051321 0 -0.965348 0 0 0 0 -0.914027
52 53 0.130543 0 -1.10079 0 0 0 0 -0.970248
53 54 0.00498742 0 -0 0 0 0 0 0.00498742
54 55 0.00552526 0 -0.890375 0 0 0 0 -0.88485
55 56 0.0128182 0 0 0 0 0 0 0.0128182
56 57 0.00297787 0 0 0 0 0 0 0.00297787
57 58 0.0417469 0 -1.20338 0 0 0 0 -1.16163
58 59 0.00081049 0 -0.325014 0 0 0 0 -0.324203
60 61 0.144875 0 0 0 0 0 0 0.144875
61 62 0.0735888 0 -1.06467 0 0 0 0 -0.991077
62 63 0.0229789 0 -1.37356 0 0 0 0 -1.35058
63 64 0.00100535 0 0 0 0 0 0 0.00100535
64 65 0.0364509 0 0 0 0 0 0 0.0364509
65 66 0.0204467 0 -1.02997 0 0 0 0 -1.00953
66 67 0.00281374 0 -1.33007 0 0 0 0 -1.32725
67 68 0.0989967 0 -0.000504357 0 0 0 0 0.0984924
68 69 0.000596931 0 -0.077132 0 0 0 0 -0.0765351
69 70 0.00341577 0 -0.633334 0 0 0 0 -0.629918
70 71 0.0513789 0 -1.3006 0 0 0 0 -1.24922
71 72 0.0132393 0 -1.24518 0 0 0 0 -1.23194
72 73 0.00320301 0 -1.0613 0 0 0 0 -1.05809
73 74 0.00362643 0 -0.974997 0 0 0 0 -0.971371
74 75 0.0806205 0 -1.30997 0 0 0 0 -1.22935
75 76 0.0187665 0 0 0 0 0 0 0.0187665
76 77 0.11513 0 0 0 0 0 0 0.11513
77 78 0.187251 0 0 0 0 0 0 0.187251
78 79 0.159301 0 0 0 0 0 0 0.159301
80 81 0.000588974 0 -8.86397e-08 0 0 0 0 0.000588885
81 82 0.000894349 0 0 0 0 0 0 0.000894349
82 83 0.00252577 0 -1.35502 0 0 0 0 -1.3525
83 84 0.000586912 0 -0 0 0 0 0 0.000586912
84 85 0.0117923 0 0 0 0 0 0 0.0117923
85 86 0.148267 0 -0.904586 0 0 0 0 -0.75632
86 87 0.0820813 0 -1.09464 0 0 0 0 -1.01256
82 88 0 0 0 0 0 -2.68907e-05 -0 -2.68907e-05
87 88 0.0300356 0 0 0 0 0 0 0.0300356
88 89 0.0466783 0 -0.573256 0 0 0 0 -0.526577
89 90 0.176981 0 -0.803929 0 0 0 0 -0.626948
90 91 0.000198208 0 -1.08302 0 0 0 0 -1.08282
91 92 0.0206331 0 -1.30286 0 0 0 0 -1.28222
92 93 0.058662 0 -1.41526 0 0 0 0 -1.3566
93 94 0.0256675 0 0 0 0 0 0 0.0256675
94 95 0.107682 0 0 0 0 0 0 0.107682
95 96 0.00126784 0 -0 0 0 0 0 0.00126784
96 97 0.0115241 0 -0.850276 0 0 0 0 -0.838752
97 98 0.00573518 0 -1.06695 0 0 0 0 -1.06121
98 99 4.87931e-05 0 -1.07439 0 0 0 0 -1.07434
100 101 0.027783 0 0 0 0 0 0 0.027783
101 102 0.255479 0 -1.02887 0 0 0 0 -0.773386
102 103 0.00696008 0 -0.874393 0 0 0 0 -0.867433
103 104 0.0578383 0 -1.13537 0 0 0 0 -1.07753
104 105 0.00659995 0 -0.943435 0 0 0 0 -0.936835
105 106 0.0114885 0 -1.36862 0 0 0 0 -1.35713
106 107 0.0670994 0 -1.36696 0 0 0 0 -1.29986
106 108 0 0 0 0.00267228 0 0 0 0.00267228
107 108 0.158773 0 -0 0 0 0 0 0.158773
108 109 0.054664 0 0 0 0 0 0 0.054664
109 110 0.00723535 0 0 0 0 0 0 0.00723535
110 111 0.0143656 0 -1.35076 0 0 0 0 -1.3364
111 112 0.0331453 0 -1.28011 0 0 0 0 -1.24697
112 113 0.0144425 0 -0 0 0 0 0 0.0144425
113 114 0.000348173 0 0 0 0 0 0 0.000348173
114 115 0.0306418 0 -1.03281 0 0 0 0 -1.00217
115 116 0.0498677 0 0 0 0 0 0 0.0498677
116 117 4.91133e-05 0 -0.66219 0 0 0 0 -0.662141
117 118 0.0686147 0 -1.1502 0 0 0 0 -1.08159
118 119 0.077377 0 0 0 0 0 0 0.077377
120 121 0.00684903 0 -1.35397 0 0 0 0 -1.34712
121 122 0.034388 0 -1.35196 0 0 0 0 -1.31757
122 123 0.00075859 0 -0.745996 0 0 0 0 -0.745237
123 124 0.0454276 0 -1.13103 0 0 0 0 -1.0856
124 125 0.214807 0 -0.959337 0 0 0 0 -0.744529
125 126 0.121397 0 -1.15183 0 0 0 0 -1.03043
126 127 0.152778 0 0 0 0 0 0 0.152778
127 128 0.00186007 0 -1.29982 0 0 0 0 -1.29796
128 129 0.072069 0 -0.577869 0 0 0 0 -0.5058
129 130 0.0987048 0 0 0 0 0 0 0.0987048
130 131 0.0123065 0 -1.1385 0 0 0 0 -1.1262
131 132 0.113301 0 0 0 0 0 0 0.113301
132 133 0.036829 0 -0.336467 0 0 0 0 -0.299638
133 134 0.0394105 0 -1.00804 0 0 0 0 -0.968634
134 135 0.00382655 0 -1.31097 0 0 0 0 -1.30715
135 136 0.00403608 0 0 0 0 0 0 0.00403608
136 137 0.179733 0 -1.20491 0 0 0 0 -1.02518
137 138 0.00625623 0 0 0 0 0 0 0.00625623
138 139 0.0888734 0 0 0 0 0 0 0.0888734
140 141 0.00237526 0 -1.09706 0 0 0 0 -1.09469
141 142 0.0124782 0 -1.15204 0 0 0 0 -1.13956
142 143 0.0409382 0 -1.09493 0 0 0 0 -1.054
143 144 0.219699 0 0 0 0 0 0 0.219699
144 145 0.031009 0 -1.15868 0 0 0 0 -1.12767
145 146 0.00089738 0 -0.916152 0 0 0 0 -0.915255
146 147 0.0119508 0 -3.65579e-07 0 0 0 0 0.0119504
147 148 0.0206071 0 -1.31377 0 0 0 0 -1.29316
148 149 0.00377165 0 -1.30466 0 0 0 0 -1.30089
149 150 0.000497984 0 -0.657168 0 0 0 0 -0.65667
150 151 0.0118021 0 0 0 0 0 0 0.0118021
151 152 0.00691811 0 0 0 0 0 0 0.00691811
152 153 0.0183071 0 -1.03633 0 0 0 0 -1.01802
153 154 0.10409 0 0 0 0 0 0 0.10409
154 155 0.4028 0 -0.864464 0 0 0 0 -0.461664
155 156 0.144706 0 -1.15678 0 0 0 0 -1.01207
156 157 0.0027825 0 -0 0 0 0 0 0.0027825
157 158 0.0410781 0 -0.976477 0 0 0 0 -0.935398
156 159 0 0 0 0 -0 -0.0016336 0 -0.0016336
158 159 0.205912 0 -1.15168 0 0 0 0 -0.945772
160 161 2.11407e-05 0 -1.21409 0 0 0 0 -1.21407
161 162 1.3735e-05 0 -1.28302 0 0 0 0 -1.28301
162 163 0.00411252 0 -1.05666 0 0 0 0 -1.05254
163 164 0.0945007 0 -1.38234 0 0 0 0 -1.28784
164 165 0.0398902 0 -1.14684 0 0 0 0 -1.10695
165 166 0.0556545 0 0 0 0 0 0 0.0556545
166 167 0.011519 0 -1.3054 0 0 0 0 -1.29389
167 168 0.342984 0 0 0 0 0 0 0.342984
165 169 0 0 0 0 0 -0.172504 0 -0.172504
168 169 0.0165232 0 -1.12741 0 0 0 0 -1.11089
164 170 0 0 0 0 0 -0.18466 0 -0.18466
169 170 0.00557933 0 -0.974264 0 0 0 0 -0.968685
165 171 0 0 0 0 -0 -0.175613 0 -0.175613
164 171 0 0 0 0 -0.760204 0 -0 -0.760204
163 171 0 0 0 0 0 -0.13022 0 -0.13022
170 171 0.344813 0 -1.35421 0 0 0 0 -1.0094
164 172 0 0 0 0 0 -0.115214 0 -0.115214
163 172 0 0 0 0 -0.588533 0 -0 -0.588533
162 172 0 0 0 0 0 -0.174379 0 -0.174379
171 172 0.00618522 0 -0.9974 0 0 0 0 -0.991214
163 173 0 0 0 0 0 -0.0435425 -0 -0.0435425
162 173 0 0 0 0 -0.612493 0 -0 -0.612493
161 173 0 0 0 0 0 -0.0394481 -0 -0.0394481
172 173 0.179328 0 -1.13659 0 0 0 0 -0.957263
162 174 0 0 0 0 0 -0.175703 0 -0.175703
161 174 0 0 0 0 -0.836453 0 -0 -0.836453
160 174 0 0 0 0 0 -0.0741412 0 -0.0741412
173 174 0.0925114 0 -1.03892 0 0 0 0 -0.946411
161 175 0 0 0 0 -0 -0.0540358 0 -0.0540358
160 175 0 0 0 0 0 -0.0219237 -0 -0.0219237
174 175 0.0378809 0 -1.2692 0 0 0 0 -1.23132
175 176 0.00283516 0 -1.36531 0 0 0 0 -1.36247
176 177 0.00105976 0 -1.18835 0 0 0 0 -1.18729
177 178 4.61748e-05 0 -0 0 0 0 0 4.61748e-05
178 179 0.0228699 0 -1.31113 0 0 0 0 -1.28826
180 181 0.0239122 0 -1.19364 0 0 0 0 -1.16973
181 182 0.217053 0 0 0 0 0 0 0.217053
182 183 0.143626 0 -0 0 0 0 0 0.143626
183 184 0.00472045 0 0 0 0 0 0 0.00472045
184 185 0.00576668 0 -1.317 0 0 0 0 -1.31123
185 186 1.59126e-05 0 0 0 0 0 0 1.59126e-05
186 187 0.0229757 0 -1.45188 0 0 0 0 -1.4289
187 188 0.0429729 0 -0 0 0 0 0 0.0429729
188 189 0.0085345 0 0 0 0 0 0 0.0085345
189 190 0.00219862 0 -0 0 0 0 0 0.00219862
190 191 3.34838e-06 0 -1.35455 0 0 0 0 -1.35455
191 192 0.0512598 0 -0.986221 0 0 0 0 -0.934961
192 193 0.0144532 0 0 0 0 0 0 0.0144532
193 194 0.0475751 0 0 0 0 0 0 0.0475751
194 195 0.0122357 0 -1.3876 0 0 0 0 -1.37537
195 196 0.00790155 0 -0 0 0 0 0 0.00790155
196 197 0.0282389 0 0 0 0 0 0 0.0282389
197 198 0.00592632 0 -1.01665 0 0 0 0 -1.01072
198 199 0.0611307 0 0 0 0 0 0 0.0611307
200 201 0.0394719 0 -1.17346 0 0 0 0 -1.13399
201 202 0.225591 0 -0.939801 0 0 0 0 -0.71421
202 203 0.00775456 0 -0.909463 0 0 0 0 -0.901709
203 204 0.0463683 0 0 0 0 0 0 0.0463683
204 205 0.00579355 0 0 0 0 0 0 0.00579355
205 206 3.51543e-05 0 -1.18373 0 0 0 0 -1.18369
206 207 0.0505374 0 -1.21387 0 0 0 0 -1.16334
207 208 0.0191056 0 -1.0478 0 0 0 0 -1.02869
208 209 0.129257 0 -0 0 0 0 0 0.129257
209 210 0.0868741 0 0 0 0 0 0 0.0868741
210 211 0.000232988 0 -0.899597 0 0 0 0 -0.899364
211 212 0.0207887 0 -0 0 0 0 0 0.0207887
212 213 0.000151246 0 0 0 0 0 0 0.000151246
213 214 0.110598 0 0 0 0 0 0 0.110598
214 215 0.0426646 0 0 0 0 0 0 0.0426646
215 216 0.00659359 0 -1.30365 0 0 0 0 -1.29706
216 217 0.000907181 0 -1.13167 0 0 0 0 -1.13077
217 218 0.0291474 0 -1.09295 0 0 0 0 -1.06381
218 219 0.00830308 0 0 0 0 0 0 0.00830308
220 221 0.0728199 0 -1.3446 0 0 0 0 -1.27178
221 222 0.000387564 0 -1.409 0 0 0 0 -1.40861
222 223 0.00906087 0 -0 0 0 0 0 0.00906087
223 224 0.000746701 0 0 0 0 0 0 0.000746701
224 225 0.159521 0 -1.31941 0 0 0 0 -1.15989
225 226 0.0806283 0 -1.37483 0 0 0 0 -1.2942
226 227 0.0507676 0 0 0 0 0 0 0.0507676
227 228 0.447316 0 0 0 0 0 0 0.447316
228 229 0.0397183 0 -1.39679 0 0 0 0 -1.35707
229 230 0.0932074 0 -0.762778 0 0 0 0 -0.669571
220 231 0 0 0 0 0 -0.024059 0 -0.024059
230 231 0.00176698 0 0 0 0 0 0 0.00176698
231 232 0.00842412 0 0 0 0 0 0 0.00842412
232 233 0.00356911 0 0 0 0 0 0 0.00356911
233 234 0.132416 0 -1.39464 0 0 0 0 -1.26222
234 235 0.149584 0 -1.21685 0 0 0 0 -1.06727
235 236 0.000852563 0 -1.27216 0 0 0 0 -1.27131
236 237 2.23408e-05 0 -1.29678 0 0 0 0 -1.29676
237 238 0.0676201 0 0 0 0 0 0 0.0676201
238 239 0.0010284 0 -1.32631 0 0 0 0 -1.32528
240 241 0.0791847 0 0 0 0 0 0 0.0791847
241 242 0.0153957 0 0 0 0 0 0 0.0153957
242 243 0.0493144 0 0 0 0 0 0 0.0493144
243 244 0.00116288 0 -0 0 0 0 0 0.00116288
244 245 0.01541 0 0 0 0 0 0 0.01541
245 246 0.00215914 0 -1.39937 0 0 0 0 -1.39721
246 247 0.0422049 0 -0.93978 0 0 0 0 -0.897575
247 248 0.00674855 0 0 0 0 0 0 0.00674855
248 249 0.200899 0 0 0 0 0 0 0.200899
249 250 0.0448558 0 -1.38272 0 0 0 0 -1.33786
250 251 0.0417121 0 -1.11766 0 0 0 0 -1.07595
251 252 0.00380911 0 -1.20766 0 0 0 0 -1.20385
252 253 0.000733082 0 -1.14288 0 0 0 0 -1.14215
253 254 0.0195589 0 0 0 0 0 0 0.0195589
254 255 0.00199136 0 0 0 0 0 0 0.00199136
255 256 0.00882743 0 -1.08433 0 0 0 0 -1.0755
256 257 0.0215058 0 -1.02507 0 0 0 0 -1.00356
257 258 0.0310084 0 -1.23688 0 0 0 0 -1.20588
258 259 0.0129075 0 -1.17271 0 0 0 0 -1.1598
260 261 0.00446065 0 -0 0 0 0 0 0.00446065
261 262 0.0530891 0 0 0 0 0 0 0.0530891
262 263 0.0327337 0 0 0 0 0 0 0.0327337
263 264 0.0426508 0 0 0 0 0 0 0.0426508
264 265 0.196149 0 -1.30529 0 0 0 0 -1.10914
265 266 0.0104256 0 0 0 0 0 0 0.0104256
266 267 0.0159522 0 -0 0 0 0 0 0.0159522
267 268 0.0135695 0 -1.36508 0 0 0 0 -1.35152
268 269 0.0322455 0 0 0 0 0 0 0.0322455
269 270 0.0080542 0 0 0 0 0 0 0.0080542
270 271 0.0640174 0 -0 0 0 0 0 0.0640174
271 272 0.332981 0 0 0 0 0 0 0.332981
272 273 0.0195343 0 0 0 0 0 0 0.0195343
273 274 0.0377151 0 -0.652818 0 0 0 0 -0.615103
274 275 0.0512863 0 -1.32649 0 0 0 0 -1.27521
275 276 0.00569607 0 -1.04828 0 0 0 0 -1.04258
276 277 0.228472 0 -1.27332 0 0 0 0 -1.04485
274 278 0 0 0 0.000574835 0 0 0 0.000574835
277 278 0.00110636 0 0 0 0 0 0 0.00110636
278 279 0.000391515 0 -1.18841 0 0 0 0 -1.18802
280 281 0.0678486 0 -1.44711 0 0 0 0 -1.37926
281 282 0.00712597 0 -0.804754 0 0 0 0 -0.797629
282 283 0.0585237 0 -1.0845 0 0 0 0 -1.02598
283 284 0.000560502 0 -1.20078 0 0 0 0 -1.20022
284 285 0.0053397 0 -1.26326 0 0 0 0 -1.25792
285 286 0.0258741 0 -1.13427 0 0 0 0 -1.10839
286 287 0.023217 0 0 0 0 0 0 0.023217
287 288 0.17618 0 -1.03153 0 0 0 0 -0.855347
288 289 0.000892749 0 -1.05539 0 0 0 0 -1.0545
289 290 0.0119896 0 -1.34525 0 0 0 0 -1.33326
290 291 0.000493198 0 -1.22767 0 0 0 0 -1.22718
291 292 0.142701 0 -1.27881 0 0 0 0 -1.13611
292 293 0.0633409 0 -0.822051 0 0 0 0 -0.75871
293 294 0.0242815 0 0 0 0 0 0 0.0242815
294 295 0.0585171 0 0 0 0 0 0 0.0585171
295 296 0.00690513 0 -0 0 0 0 0 0.00690513
296 297 0.00181747 0 -1.19714 0 0 0 0 -1.19532
297 298 0.0140066 0 0 0 0 0 0 0.0140066
298 299 0.000818209 0 -1.31139 0 0 0 0 -1.31057
300 301 0.000743332 0 0 0 0 0 0 0.000743332
301 302 0.176054 0 0 0 0 0 0 0.176054
302 303 0.0485173 0 0 0 0 0 0 0.0485173
303 304 0.0263568 0 0 0 0 0 0 0.0263568
304 305 0.0402534 0 0 0 0 0 0 0.0402534
305 306 0.021968 0 -1.4106 0 0 0 0 -1.38863
306 307 0.0624567 0 -1.28936 0 0 0 0 -1.2269
307 308 0.00812216 0 0 0 0 0 0 0.00812216
308 309 0.257241 0 -1.06606 0 0 0 0 -0.808824
309 310 0.0448395 0 -1.21698 0 0 0 0 -1.17214
310 311 0.0833991 0 -1.4501 0 0 0 0 -1.36671
311 312 0.0163073 0 -1.20215 0 0 0 0 -1.18585
312 313 0.0423989 0 -0.88757 0 0 0 0 -0.845171
313 314 0.0390668 0 0 0 0 0 0 0.0390668
314 315 0.0723921 0 -1.16711 0 0 0 0 -1.09472
315 316 8.9945e-06 0 -0.686276 0 0 0 0 -0.686267
316 317 0.0437193 0 -1.14976 0 0 0 0 -1.10604
317 318 0.483397 0 0 0 0 0 0 0.483397
318 319 0.0201617 0 -1.43432 0 0 0 0 -1.41416
320 321 0.00915632 0 0 0 0 0 0 0.00915632
321 322 0.00567268 0 0 0 0 0 0 0.00567268
322 323 0.000487075 0 -1.34365 0 0 0 0 -1.34316
323 324 0.0750136 0 -1.17457 0 0 0 0 -1.09955
324 325 0.00396924 0 -0 0 0 0 0 0.00396924
325 326 0.0483581 0 -1.14212 0 0 0 0 -1.09377
326 327 0.159006 0 -1.3141 0 0 0 0 -1.15509
327 328 0.000183198 0 -0.903191 0 0 0 0 -0.903008
328 329 0.00141859 0 -1.11593 0 0 0 0 -1.11451
329 330 0.00459995 0 -1.19313 0 0 0 0 -1.18853
330 331 0.0426294 0 0 0 0 0 0 0.0426294
331 332 0.0669318 0 0 0 0 0 0 0.0669318
332 333 0.2113 0 -1.37023 0 0 0 0 -1.15893
333 334 0.0841406 0 -0 0 0 0 0 0.0841406
334 335 0.00309746 0 0 0 0 0 0 0.00309746
335 336 0.0908911 0 0 0 0 0 0 0.0908911
336 337 0.345899 0 -1.17343 0 0 0 0 -0.827529
337 338 0.0667922 0 0 0 0 0 0 0.0667922
338 339 2.68814e-05 0 -1.32068 0 0 0 0 -1.32066
340 341 0.0286891 0 -0.687348 0 0 0 0 -0.658659
341 342 0.0441698 0 -0.977685 0 0 0 0 -0.933515
342 343 0.0016164 0 0 0 0 0 0 0.0016164
343 344 0.0294305 0 0 0 0 0 0 0.0294305
344 345 0.0338367 0 0 0 0 0 0 0.0338367
345 346 0.0294267 0 -1.30271 0 0 0 0 -1.27329
346 347 0.101284 0 -1.29184 0 0 0 0 -1.19055
347 348 0.0132687 0 -1.46364 0 0 0 0 -1.45038
348 349 0.0346181 0 -1.22059 0 0 0 0 -1.18597
349 350 0.0161823 0 -0.954205 0 0 0 0 -0.938023
350 351 0.0827233 0 -0.944819 0 0 0 0 -0.862096
351 352 4.94873e-06 0 -0.488007 0 0 0 0 -0.488002
352 353 2.33256e-05 0 0 0 0 0 0 2.33256e-05
353 354 0.00256929 0 -1.15646 0 0 0 0 -1.15389
354 355 0.047043 0 0 0 0 0 0 0.047043
355 356 0.0476348 0 0 0 0 0 0 0.0476348
356 357 0.0757485 0 -1.418 0 0 0 0 -1.34225
357 358 0.037665 0 -1.20978 0 0 0 0 -1.17212
358 359 0.0272586 0 0 0 0 0 0 0.0272586
360 361 3.18469e-06 0 -0.984868 0 0 0 0 -0.984865
361 362 0.0311962 0 -1.0449 0 0 0 0 -1.0137
362 363 0.000102092 0 -0.976557 0 0 0 0 -0.976454
363 364 0.0497332 0 -1.18009 0 0 0 0 -1.13035
364 365 0.0248981 0 -1.16267 0 0 0 0 -1.13777
365 366 0.00361959 0 0 0 0 0 0 0.00361959
366 367 0.136944 0 -1.28851 0 0 0 0 -1.15157
367 368 0.0993487 0 0 0 0 0 0 0.0993487
368 369 0.0974592 0 0 0 0 0 0 0.0974592
369 370 0.0376278 0 -0 0 0 0 0 0.0376278
370 371 0.0115183 0 0 0 0 0 0 0.0115183
371 372 0.0546949 0 -1.36699 0 0 0 0 -1.31229
372 373 0.101175 0 -1.31089 0 0 0 0 -1.20972
373 374 0.10916 0 0 0 0 0 0 0.10916
374 375 0.000439107 0 -1.36199 0 0 0 0 -1.36155
375 376 0.0161247 0 0 0 0 0 0 0.0161247
376 377 0.0225034 0 -0.662934 0 0 0 0 -0.64043
377 378 0.00699506 0 0 0 0 0 0 0.00699506
378 379 0.00130825 0 0 0 0 0 0 0.00130825
380 381 0.0254072 0 0 0 0 0 0 0.0254072
381 382 0.00182883 0 0 0 0 0 0 0.00182883
382 383 0.155631 0 0 0 0 0 0 0.155631
383 384 0.155508 0 -1.00394 0 0 0 0 -0.848434
384 385 4.82751e-05 0 -1.29646 0 0 0 0 -1.29641
385 386 0.0319151 0 0 0 0 0 0 0.0319151
386 387 0.00243979 0 -1.16972 0 0 0 0 -1.16728
387 388 0.020144 0 0 0 0 0 0 0.020144
388 389 0.0489819 0 -1.00217 0 0 0 0 -0.953188
389 390 0.00269469 0 0 0 0 0 0 0.00269469
390 391 0.110883 0 -1.30078 0 0 0 0 -1.1899
391 392 0.0295756 0 0 0 0 0 0 0.0295756
392 393 0.0899857 0 -5.97968e-06 0 0 0 0 0.0899797
393 394 0.0161047 0 -1.2821 0 0 0 0 -1.266
394 395 0.00041271 0 0 0 0 0 0 0.00041271
395 396 0.0825443 0 0 0 0 0 0 0.0825443
396 397 0.124677 0 -1.38587 0 0 0 0 -1.26119
397 398 0.132761 0 -1.38001 0 0 0 0 -1.24725
398 399 0.0336766 0 0 0 0 0 0 0.0336766
400 401 0.0245375 0 -1.1736 0 0 0 0 -1.14907
401 402 0.350912 0 0 0 0 0 0 0.350912
402 403 0.0137264 0 -0.968258 0 0 0 0 -0.954532
403 404 0.0361227 0 0 0 0 0 0 0.0361227
404 405 0.0170052 0 -1.33625 0 0 0 0 -1.31925
405 406 0.00100564 0 -1.3567 0 0 0 0 -1.3557
406 407 0.00286915 0 -0 0 0 0 0 0.00286915
407 408 0.002463 0 0 0 0 0 0 0.002463
408 409 0.0230231 0 0 0 0 0 0 0.0230231
409 410 0.0130324 0 -1.22852 0 0 0 0 -1.21549
410 411 0.0151368 0 -0.79882 0 0 0 0 -0.783684
411 412 0.000208638 0 -0.949399 0 0 0 0 -0.949191
412 413 0.00905835 0 0 0 0 0 0 0.00905835
413 414 0.0246265 0 -0 0 0 0 0 0.0246265
414 415 0.0146836 0 -0.796528 0 0 0 0 -0.781844
415 416 0.0911348 0 0 0 0 0 0 0.0911348
416 417 0.000845698 0 -1.32494 0 0 0 0 -1.3241
417 418 0.0145396 0 -1.36579 0 0 0 0 -1.35125
418 419 0.0212381 0 0 0 0 0 0 0.0212381
420 421 0.0175251 0 -1.30919 0 0 0 0 -1.29167
421 422 0.193352 0 -0.542084 0 0 0 0 -0.348732
422 423 0.00130177 0 -1.23591 0 0 0 0 -1.2346
423 424 0.0150921 0 0 0 0 0 0 0.0150921
424 425 0.0333353 0 -1.0088 0 0 0 0 -0.975464
425 426 0.0549984 0 -0.820362 0 0 0 0 -0.765363
426 427 0.0236256 0 0 0 0 0 0 0.0236256
427 428 0.0107371 0 -0.690145 0 0 0 0 -0.679408
428 429 0.207564 0 -0.83518 0 0 0 0 -0.627616
429 430 0.0219509 0 0 0 0 0 0 0.0219509
430 431 0.0259423 0 -0 0 0 0 0 0.0259423
431 432 0.0454775 0 -0.807074 0 0 0 0 -0.761596
432 433 0.16259 0 -0 0 0 0 0 0.16259
433 434 0.0642395 0 0 0 0 0 0 0.0642395
434 435 0.0245825 0 -1.10766 0 0 0 0 -1.08308
435 436 0.00036775 0 -1.34214 0 0 0 0 -1.34177
436 437 0.0613641 0 -1.16209 0 0 0 0 -1.10072
437 438 0.00012956 0 -1.2599 0 0 0 0 -1.25977
438 439 0.0114726 0.00615929 -1.04354 0 0 0 0 -1.02591
440 441 0.00067006 0 -1.16472 0 0 0 0 -1.16405
441 442 0.0363994 0 0 0 0 0 0 0.0363994
442 443 0.0414087 0 -1.26639 0 0 0 0 -1.22498
443 444 0.00011465 0 -0.930912 0 0 0 0 -0.930798
444 445 0.031283 0 0 0 0 0 0 0.031283
445 446 0.093187 0 -0.93396 0 0 0 0 -0.840773
446 447 0.0282501 0 -1.32712 0 0 0 0 -1.29887
447 448 0.0102133 0 -0 0 0 0 0 0.0102133
448 449 0.00784458 0 -1.42028 0 0 0 0 -1.41244
449 450 0.172505 0 -1.18224 0 0 0 0 -1.00973
450 451 0.00880076 0 -1.21463 0 0 0 0 -1.20583
451 452 0.00616056 0 0 0 0 0 0 0.00616056
452 453 0.0396155 0 0 0 0 0 0 0.0396155
453 454 0.01364 0 0 0 0 0 0 0.01364
454 455 0.0495793 0 0 0 0 0 0 0.0495793
455 456 0.00512095 0 -0 0 0 0 0 0.00512095
456 457 0.0551118 0 0 0 0 0 0 0.0551118
457 458 0.0603929 0 -1.11778 0 0 0 0 -1.05739
458 459 0.146615 0 0 0 0 0 0 0.146615
460 461 0.00297296 0 0 0 0 0 0 0.00297296
461 462 0.016561 0 0 0 0 0 0 0.016561
462 463 0.0200911 0 -1.1233 0 0 0 0 -1.10321
463 464 0.000162199 0 0 0 0 0 0 0.000162199
464 465 0.0129138 0 0 0 0 0 0 0.0129138
465 466 0.0224968 0 0 0 0 0 0 0.0224968
466 467 4.90232e-06 0 0 0 0 0 0 4.90232e-06
466 468 0 0 0 0.125028 0 0 0 0.125028
467 468 0.0249631 0 -1.32645 0 0 0 0 -1.30148
468 469 0.0216628 0 0 0 0 0 0 0.0216628
469 470 0.00306826 0 -0.842646 0 0 0 0 -0.839578
470 471 0.0391114 0 0 0 0 0 0 0.0391114
471 472 0.013778 0 0 0 0 0 0 0.013778
472 473 0.265437 0 0 0 0 0 0 0.265437
473 474 0.00731886 0 -0 0 0 0 0 0.00731886
474 475 0.000838982 0 -0 0 0 0 0 0.000838982
475 476 0.00473848 0 0 0 0 0 0 0.00473848
476 477 0.0110406 0 -0.941623 0 0 0 0 -0.930582
477 478 0.00158571 0 -1.15772 0 0 0 0 -1.15613
478 479 0.0364319 0 -0.00573235 0 0 0 0 0.0306996
480 481 8.10125e-05 0 -1.30174 0 0 0 0 -1.30166
481 482 0.0132424 0 0 0 0 0 0 0.0132424
482 483 0.0245895 0 -1.31006 0 0 0 0 -1.28547
483 484 0.10594 0 -1.25921 0 0 0 0 -1.15327
484 485 0.00599387 0 -1.11476 0 0 0 0 -1.10877
485 486 0.00642606 0 0 0 0 0 0 0.00642606
486 487 0.0280165 0 -0 0 0 0 0 0.0280165
487 488 0.00120607 0 -0 0 0 0 0 0.00120607
488 489 0.0295892 0 -0.996528 0 0 0 0 -0.966939
489 490 0.13111 0 -1.15747 0 0 0 0 -1.02636
490 491 0.00712773 0 -0.642537 0 0 0 0 -0.635409
491 492 0.06207 0 -1.16996 0 0 0 0 -1.10789
492 493 0.0206046 0 -1.21188 0 0 0 0 -1.19128
493 494 0.00976539 0 0 0 0 0 0 0.00976539
494 495 0.00258945 0 -1.22757 0 0 0 0 -1.22498
495 496 7.70904e-05 0 -0.682145 0 0 0 0 -0.682068
496 497 0.047507 0 0 0 0 0 0 0.047507
497 498 0.160787 0 0 0 0 0 0 0.160787
498 499 0.481863 0 0 0 0 0 0 0.481863
500 501 0.0396466 0 -1.37119 0 0 0 0 -1.33155
501 502 0.00457097 0 0 0 0 0 0 0.00457097
502 503 0.105839 0 -1.257 0 0 0 0 -1.15117
503 504 0.00162949 0 0 0 0 0 0 0.00162949
504 505 0.238913 0 0 0 0 0 0 0.238913
505 506 0.0351154 0 -0.267181 0 0 0 0 -0.232065
506 507 0.000991455 0 -0.782478 0 0 0 0 -0.781487
507 508 0.0111948 0 0 0 0 0 0 0.0111948
508 509 0.0115259 0 0 0 0 0 0 0.0115259
509 510 0.0679233 0 -1.09528 0 0 0 0 -1.02736
510 511 0.0169129 0 0 0 0 0 0 0.0169129
511 512 0.137629 0 -1.14016 0 0 0 0 -1.00253
512 513 0.00894705 0 -1.17882 0 0 0 0 -1.16988
513 514 0.0120849 0 0 0 0 0 0 0.0120849
514 515 1.58229e-05 0 0 0 0 0 0 1.58229e-05
515 516 0.0196287 0 0 0 0 0 0 0.0196287
516 517 0.000208075 0 -0.903644 0 0 0 0 -0.903436
517 518 0.0706838 0 -1.27753 0 0 0 0 -1.20685
518 519 0.0287779 0 -1.04855 0 0 0 0 -1.01977
520 521 0.00313441 0 0 0 0 0 0 0.00313441
521 522 0.0561688 0 0 0 0 0 0 0.0561688
522 523 0.0431708 0 0 0 0 0 0 0.0431708
523 524 0.0583583 0 0 0 0 0 0 0.0583583
524 525 0.0095618 0 0 0 0 0 0 0.0095618
525 526 0.0151671 0 0 0 0 0 0 0.0151671
526 527 0.000159827 0 -1.15334 0 0 0 0 -1.15318
527 528 0.0367537 0 -1.30632 0 0 0 0 -1.26957
528 529 2.1628e-05 0 -1.15543 0 0 0 0 -1.1554
529 530 0.000171079 0 0 0 0 0 0 0.000171079
530 531 0.00511799 0 0 0 0 0 0 0.00511799
531 532 0.0748096 0 -1.14018 0 0 0 0 -1.06537
532 533 0.0185715 0 -1.08561 0 0 0 0 -1.06703
533 534 0.00245205 0 0 0 0 0 0 0.00245205
534 535 0.0197854 0 -0.920031 0 0 0 0 -0.900246
535 536 0.00385913 0 0 0 0 0 0 0.00385913
536 537 0.00669768 0 0 0 0 0 0 0.00669768
537 538 0.000614739 0 0 0 0 0 0 0.000614739
538 539 0.0148301 0 -0.995888 0 0 0 0 -0.981058
540 541 0.227081 0 0 0 0 0 0 0.227081
541 542 0.187717 0 -1.28246 0 0 0 0 -1.09474
542 543 0.0235518 0 0 0 0 0 0 0.0235518
543 544 0.0235335 0 -1.14346 0 0 0 0 -1.11993
544 545 0.0391506 0 -1.1601 0 0 0 0 -1.12095
545 546 0.000632538 0 -0 0 0 0 0 0.000632538
546 547 0.105826 0 0 0 0 0 0 0.105826
547 548 0.0211825 0 -1.40043 0 0 0 0 -1.37925
548 549 0.00785722 0 0 0 0 0 0 0.00785722
549 550 0.274986 0 -1.37134 0 0 0 0 -1.09636
550 551 0.0112054 0 -1.37217 0 0 0 0 -1.36096
551 552 0.106286 0 -1.28789 0 0 0 0 -1.1816
552 553 0.0420783 0 0 0 0 0 0 0.0420783
553 554 0.141264 0 -1.3464 0 0 0 0 -1.20514
554 555 0.00199083 0 -0 0 0 0 0 0.00199083
555 556 0.0248478 0 0 0 0 0 0 0.0248478
556 557 0.185634 0 -1.0088 0 0 0 0 -0.823163
557 558 0.117478 0 -1.35818 0 0 0 0 -1.24071
558 559 0.000333662 0 -1.17963 0 0 0 0 -1.1793
560 561 0.0494766 0 0 0 0 0 0 0.0494766
561 562 0.0395052 0 -0.590266 0 0 0 0 -0.550761
562 563 0.00873902 0 0 0 0 0 0 0.00873902
563 564 0.0955357 0 -1.19874 0 0 0 0 -1.1032
564 565 0.0021367 0 -0.836233 0 0 0 0 -0.834096
565 566 0.051738 0 -1.12975 0 0 0 0 -1.07801
566 567 0.0360354 0 0 0 0 0 0 0.0360354
567 568 0.0580728 0 0 0 0 0 0 0.0580728
568 569 0.000379251 0 0 0 0 0 0 0.000379251
569 570 0.0587682 0 -0 0 0 0 0 0.0587682
570 571 0.00188941 0 -1.33052 0 0 0 0 -1.32863
571 572 0.0667384 0 -1.2615 0 0 0 0 -1.19476
572 573 0.00414783 0 -0.998704 0 0 0 0 -0.994557
573 574 0.19801 0 -1.27843 0 0 0 0 -1.08042
574 575 0.000185852 0 0 0 0 0 0 0.000185852
575 576 0.000775385 0 -1.28737 0 0 0 0 -1.28659
576 577 0.00224703 0 -1.46701 0 0 0 0 -1.46476
577 578 0.0915636 0 0 0 0 0 0 0.0915636
578 579 0.102585 0 -1.41091 0 0 0 0 -1.30832
580 581 0.00588938 0 -0.679938 0 0 0 0 -0.674049
581 582 0.233186 0 -1.41118 0 0 0 0 -1.178
582 583 0.197232 0 -0.683924 0 0 0 0 -0.486692
583 584 0.000598755 0 0 0 0 0 0 0.000598755
584 585 0.00664522 0 -1.14502 0 0 0 0 -1.13837
585 586 0.326085 0 0 0 0 0 0 0.326085
586 587 0.0250749 0 0 0 0 0 0 0.0250749
587 588 0.0213093 0 -0.959357 0 0 0 0 -0.938048
588 589 0.0212967 0 -1.35473 0 0 0 0 -1.33343
589 590 0.103774 0 -1.15765 0 0 0 0 -1.05388
590 591 0.0364397 0 -0.956488 0 0 0 0 -0.920049
591 592 5.11896e-05 0 -0.919768 0 0 0 0 -0.919717
592 593 0.00267377 0 0 0 0 0 0 0.00267377
593 594 0.00683564 0 0 0 0 0 0 0.00683564
594 595 0.0201906 0 0 0 0 0 0 0.0201906
595 596 0.000312262 0 0 0 0 0 0 0.000312262
596 597 0.00743827 0 0 0 0 0 0 0.00743827
597 598 0.0355866 0 -0.991224 0 0 0 0 -0.955637
598 599 8.80153e-05 0 -1.36668 0 0 0 0 -1.3666
#Total energy per particle is  -0.552722 and should be -0.55272210
