           0   0.000000
       10000  -0.801277
       20000  -3.295639
       30000  -2.244770
       40000  -0.848047
       50000  -2.417104
       60000  -2.100869
       70000  -0.000000
       80000  -0.701842
       90000   0.000000
      100000   0.000000
      110000   0.000000
      120000  -2.169961
      130000  -2.388926
      140000  -0.885218
      150000  -1.411884
      160000  -2.703284
      170000  -1.469777
      180000  -2.132153
      190000  -1.612937
      200000  -0.685550
