           0   0.000000
       10000  -0.618861
       20000  -0.739540
       30000   0.000000
       40000  -1.042836
       50000  -1.142036
       60000  -3.437755
       70000  -2.697328
       80000  -4.222415
       90000  -4.074613
      100000  -6.250933
      110000  -7.399044
      120000  -6.477951
      130000  -5.639994
      140000  -4.431693
      150000  -6.692482
      160000  -4.610222
      170000  -5.411790
      180000  -6.153278
      190000  -6.976217
      200000  -7.266865
