t = 200000
b = 100 100 100
E = -0.580185547669979 -0.580185547669979 0
344.222986089266 155.521075196777 37.5101761547684 -0.918095474549194 -0.394420388036227 0.0391568271651508 -0.34823151262114 0.849853293982578 0.395580829066013 0 0 0 0 0 0
344.863523993847 156.196859261605 37.1995472411893 0.766865232297476 -0.637502945789995 0.0742139447975702 -0.511271289770705 -0.676694308633626 -0.52979852861164 0 0 0 0 0 0
344.844523021529 155.920618833747 36.8056138444142 0.434033871195981 -0.63946367399858 0.634587116392122 -0.462590059022173 -0.762636132392836 -0.4521023853761 0 0 0 0 0 0
344.876078187337 155.436155675869 36.5866237062069 -0.0535752850095308 -0.35885261298306 0.931855402404997 -0.710829853986255 -0.641705146520048 -0.287985110051828 0 0 0 0 0 0
345.226525790459 156.273959678666 35.5130026905597 -0.404080957787564 0.599362350830874 -0.691001701850273 -0.358070505502869 0.591493097497601 0.722441297754782 0 0 0 0 0 0
345.333315450785 156.677003885862 35.6814777101687 -0.965571314037504 0.137324481456278 -0.220938960576562 -0.0811310646775742 0.647983172467718 0.757321304693692 0 0 0 0 0 0
345.801744413778 157.150997069638 35.5215736421032 -0.584977350866633 0.358410993609915 0.727559659844201 -0.715777952892095 0.193701551715995 -0.670925950471747 0 0 0 0 0 0
345.351842910508 157.048659661267 34.5513095929688 -0.881520665326501 -0.420487627764929 -0.214735817922735 -0.059794058342823 -0.351722440884188 0.934192697019926 0 0 0 0 0 0
346.269932156943 157.788411684139 35.1298279749718 0.851346899034163 0.11782546010234 0.51120017454671 0.209119420760564 -0.969904920706459 -0.124713722782072 0 0 0 0 0 0
346.242416777406 158.484764540042 35.2943945857919 -0.395448976424309 0.396360012526572 0.828564329134981 0.421159099485991 0.879920426740255 -0.219920566399317 0 0 0 0 0 0
346.042284911715 158.972301040332 35.0613920940431 0.28238460379835 0.257965898560425 0.923965654511877 0.369799442705085 0.859452342786633 -0.352973147213179 0 0 0 0 0 0
346.342429005029 159.349481380062 34.7538116115845 0.279662127427751 -0.05314432762514 0.958626504392538 0.597928476573925 0.790839533525816 -0.130592377705037 0 0 0 0 0 0
345.296251087904 159.745521770413 33.8410882214278 -0.309147297925703 0.299277351516809 -0.902696524339338 0.753605331355951 -0.501889676349623 -0.424482929368849 0 0 0 0 0 0
344.712568755609 159.517400429908 34.088515444485 -0.120345507879805 0.911075378232639 -0.394282403755743 -0.266468392259947 0.352947789649218 0.896896010531952 0 0 0 0 0 0
344.120915321104 159.660752320289 35.1274256234231 -0.548730250199723 0.627151109885659 0.552789831567963 -0.581474048405619 0.188766248656012 -0.791362896779421 0 0 0 0 0 0
345.344582083281 159.95933417203 35.1804833664911 0.604022338093431 0.645762016414991 0.467063628684348 -0.499432855932102 -0.149996830470496 0.853268875129235 0 0 0 0 0 0
345.390139322254 159.891927647793 35.6862008552727 -0.236853982529125 0.971221362519461 0.0250849745053613 -0.70849323403394 -0.190333897411921 0.679566291706789 0 0 0 0 0 0
345.180739740737 160.025084236062 36.2240607375903 -0.533446927845808 0.709363351553084 -0.460692967870409 -0.636226543029163 0.0223903217486696 0.77117732035969 0 0 0 0 0 0
344.972484489136 159.963937591233 37.0988880840921 0.586981413964663 -0.149565300959286 0.795665155960096 -0.714191361153888 0.367197078785651 0.59590016360498 0 0 0 0 0 0
344.625772481956 159.887480839787 37.4306476747183 0.670107700307952 0.663517605260486 0.332716181598338 -0.690283305617241 0.392276895928859 0.607970225345414 0 0 0 0 0 0
80.7078014533098 191.129619891123 -122.548434020021 0.205663037040742 -0.882616186175968 0.422719035643496 -0.874490352341222 0.0281448088773691 0.484225663709992 0 0 0 0 0 0
81.163382291604 190.691676497471 -123.274874702007 0.014472760943254 -0.568080264019357 -0.822845886434621 0.862507272304733 0.423406397066466 -0.277142974193184 0 0 0 0 0 0
81.7296848613122 190.391097974952 -123.373228397087 0.0287233650458878 -0.0236777463501813 -0.99930692613842 0.996943690790889 0.073339716718092 0.0269177143151415 0 0 0 0 0 0
82.1348743467996 190.1116435506 -123.481544733985 -0.0275937448865856 0.624211334199386 -0.780768080482391 0.999469976206862 0.00373193803087183 -0.0323394387642662 0 0 0 0 0 0
82.5828884005909 189.918238460605 -123.818453363141 -0.0615346583521048 0.971353499768797 -0.229534015580263 0.995885362190798 0.0444239867767611 -0.0789864214467314 0 0 0 0 0 0
82.9380322513958 189.955127436044 -124.211082919938 0.0281495823392397 0.921241516294922 0.38797122273277 0.946673486778397 0.100053815767047 -0.306265478598691 0 0 0 0 0 0
83.2866679144847 190.122854836534 -124.561892316986 0.183876399289337 0.34656494937512 0.919827269463679 0.964960173045047 0.11456687738865 -0.236064175685951 0 0 0 0 0 0
83.6160673875857 190.458726912494 -124.755445557841 0.333214548982285 -0.450786079359915 0.828106258279605 0.936440099225517 0.260478430320068 -0.235012612215808 0 0 0 0 0 0
84.1658329970886 190.561612501411 -124.730888575768 -0.282792352459856 -0.945109051437709 0.163699011239333 0.953275765207529 -0.295836833264712 -0.0612036236828125 0 0 0 0 0 0
84.516306467319 190.463987880485 -124.460042259886 -0.229988628155732 -0.740163365798807 -0.631872948343593 0.970434749337268 -0.125570595869615 -0.206127200368277 0 0 0 0 0 0
84.0296651010953 190.755573932865 -124.003272720504 -0.403758094212941 0.571300989741568 -0.714559011193505 -0.902239343133828 -0.119336253777087 0.414394771004521 0 0 0 0 0 0
83.603844126291 190.985447909257 -123.84507007537 -0.292666097493063 -0.0469503634880054 -0.955061369099664 -0.953489042163002 -0.0610307005331518 0.295184518678594 0 0 0 0 0 0
83.0046649437759 191.064368464352 -123.839613262467 -0.0973673616130238 -0.861697633705042 -0.497992755930897 -0.960647305143935 -0.0494202547218314 0.273339337715823 0 0 0 0 0 0
82.4933822103371 191.088748869903 -123.943411993 0.113074331324987 -0.989707780348272 0.0877080675508435 -0.993171085870102 -0.115138270876046 -0.0188247914006303 0 0 0 0 0 0
82.1482690107098 190.932354083477 -124.347042385225 0.00364643611291331 -0.727208150391371 0.686407320406794 -0.966279559778402 -0.179293597765669 -0.184817797180627 0 0 0 0 0 0
81.8373362054989 190.541065644867 -124.527318552287 -0.185431373132594 -0.113184412773005 0.976117049622324 -0.950065077447882 -0.233060851900438 -0.207506597305705 0 0 0 0 0 0
81.4943983209231 190.11450643668 -124.44733554017 -0.278462853091741 0.738659915711307 0.613872925261713 -0.960296188879559 -0.225452552202873 -0.164323998030127 0 0 0 0 0 0
81.3568544500884 188.748880848441 -124.782885764756 -0.0329579039806125 -0.988149540384375 0.149914183462915 -0.998395859558858 0.039459684705191 0.0406034591961783 0 0 0 0 0 0
80.9012878464574 188.453129068353 -125.020452351368 0.109643414480428 -0.634121425878307 0.765420367447285 -0.983941156404906 0.0398764993309869 0.173981796558381 0 0 0 0 0 0
80.2280770924903 188.130169463335 -125.567420041025 -0.930407279667975 0.1668483254447 0.326349399014519 0.244950910264111 0.945395286622898 0.215004194359069 0 0 0 0 0 0
-59.0110473106687 91.6836096213386 37.6538235617294 -0.273452593340818 0.0690992310732383 -0.95940032075264 0.920172118878582 -0.271748633013206 -0.28184384345583 0 0 0 0 0 0
-58.8432552208966 91.2936640454674 37.3693781351944 0.25150958441421 0.794760779449914 -0.552356979132115 0.93239085221327 -0.352034021055998 -0.0819716214805925 0 0 0 0 0 0
-58.5603776811562 91.2509129326161 37.0137168071244 0.501784217337093 0.763848169776899 0.405892316704667 0.850335708824935 -0.349584663322809 -0.393344309055913 0 0 0 0 0 0
-59.7289617079817 90.502591662324 36.9569954240968 -0.395874472715373 -0.73735953473147 0.547342962312402 -0.892646178547651 0.448900573093546 -0.0408787891278769 0 0 0 0 0 0
-60.149543949276 90.4596916181463 36.7935028162923 -0.129300031852224 -0.00985955409644779 0.991556499124499 -0.733536358999727 0.673803832317267 -0.088953952020064 0 0 0 0 0 0
-60.6050699586645 90.5699769992179 36.9197617868055 0.433592202301424 0.632139343992785 0.642181946086755 -0.688666343194343 0.692072938923125 -0.216272316678858 0 0 0 0 0 0
-60.6566775474567 89.6633502711644 36.8237421548529 0.861849822114343 -0.022308878927265 0.506672673471231 -0.31993482295808 0.751253473218722 0.577286694836794 0 0 0 0 0 0
-60.7150636087695 89.7458705270301 37.3415945970138 0.793647776607429 0.60172787382251 -0.0897038045521276 -0.420021986228884 0.648611165110665 0.634732295994248 0 0 0 0 0 0
-60.5725735822972 89.8153972587088 37.7873059813293 0.0957966570198572 0.875880864543334 -0.472922521805254 -0.507182907968547 0.451758816366905 0.733947865791121 0 0 0 0 0 0
-60.5066797433259 90.2262168982105 38.1281870155017 -0.577155255352673 0.457019165361681 -0.676775659809736 -0.433535060146936 0.530838018669886 0.728188402515464 0 0 0 0 0 0
-59.8488743773881 89.4872443217313 38.5724357445912 -0.037747799824092 -0.454475989407384 -0.889958807283022 -0.994484464860856 0.104297068668042 -0.0110801903265229 0 0 0 0 0 0
-60.2625576314058 89.4083982926824 39.7088880047195 0.162838484886677 0.305904227490075 0.938033171824703 -0.698878071712011 -0.635333798224517 0.328512413332755 0 0 0 0 0 0
-60.8083966169189 88.5480071592358 40.0851829637138 -0.0714385733459198 -0.598724727146489 0.79776264097892 0.442962419715842 0.697565650962913 0.563193090614733 0 0 0 0 0 0
-60.8266067774955 88.7905758952402 40.5279511352531 0.409419344769581 -0.829562107739561 0.379740055210331 0.445078410260064 0.544943224950034 0.710592773887711 0 0 0 0 0 0
-60.7060213654259 88.7867036822631 41.0312645514318 0.857425649609508 -0.423947750625733 -0.291701148662626 0.414162944532674 0.232058870219123 0.880123705014613 0 0 0 0 0 0
-60.435136099261 88.6803891278964 41.4285086275037 0.814178588311012 0.235099330724382 -0.530887493758175 0.538905253339683 0.0343072777120439 0.841667475086736 0 0 0 0 0 0
-60.0976850954979 88.515050776064 41.6859531305595 0.308319738255784 0.915693828394795 -0.257766855203629 0.532854567267861 0.0582263542425906 0.844201221163176 0 0 0 0 0 0
-60.5510377310717 87.8964412912292 40.7178147862076 -0.63171346883763 -0.106677355398289 -0.767826826266415 0.410446428062406 -0.886285295442511 -0.214550937479175 0 0 0 0 0 0
-60.6208217634216 87.3314957534804 40.6570017206238 -0.164788698128673 0.234547188771464 -0.958035647149134 0.379253986635783 -0.881572849754498 -0.281061780035278 0 0 0 0 0 0
-60.6562185386854 86.8545648985289 40.4416241145352 0.590147525591876 0.566316748385845 -0.575335761564906 0.529439138086922 -0.809509208086961 -0.253749957801373 0 0 0 0 0 0
20.1253847247805 135.175230002517 33.814887975642 0.320629002047271 -0.0588063690830374 -0.945377625079757 0.840365201450649 -0.442824082985231 0.312559049971522 0 0 0 0 0 0
18.9998965235599 135.240868746349 34.1098937762518 -0.761779555485054 -0.210919240778877 -0.612539780515727 -0.41225779190785 -0.571535174816706 0.709500568680887 0 0 0 0 0 0
18.8323825029774 134.782195954423 34.8784252132588 0.211447645765944 -0.974155618503871 0.0794400656934539 0.561820985794753 0.187649897011148 0.805695163242475 0 0 0 0 0 0
17.8460801474736 134.656654224882 34.3723346228042 -0.736946024063034 -0.516668213892044 -0.435849187645556 -0.447922364150795 -0.109635651798316 0.887324957131445 0 0 0 0 0 0
17.5033822112706 134.68251475298 34.5380049845603 0.175136749720529 -0.984543392533505 0.00119461958214888 -0.377390312712173 -0.0660117622740969 0.923698543417968 0 0 0 0 0 0
17.5017979625025 134.639041085269 35.6226713161527 0.172617234223523 -0.259099508188204 0.950300339527274 -0.440487035670199 0.842628619200345 0.309755034682248 0 0 0 0 0 0
17.1076388424068 134.949510758001 35.7286257450631 0.650088208850276 -0.0927654979818027 0.754174968490753 -0.230329532949831 0.921766718848536 0.311920538397711 0 0 0 0 0 0
16.3198413839028 134.909362261875 35.2758561546211 -0.219479398800484 0.706393528388632 0.67293162843846 -0.186468805830745 -0.707407114836194 0.681765765003779 0 0 0 0 0 0
16.5197052543428 134.443919714367 35.6641418559979 -0.667058291945764 0.702225533354227 0.248822296934522 -0.421927804061725 -0.631352184843793 0.65066992158284 0 0 0 0 0 0
16.3207137862079 134.331521038406 36.1532656947998 -0.790445483740437 0.0559854196430442 -0.609968499204458 -0.465491115702122 -0.702169871881068 0.538772208103683 0 0 0 0 0 0
15.9749067970441 134.372414064278 36.4612540037413 -0.511605995682496 -0.522928558189469 -0.681766109609158 -0.476013264061126 -0.488074800323649 0.731569792792802 0 0 0 0 0 0
16.1250205839802 133.577979639966 36.9268251796517 -0.681153304318949 -0.731717826417655 0.0248836998454833 -0.0245570020932076 -0.0111348516773347 -0.999636418267321 0 0 0 0 0 0
16.3569225311223 133.283985940341 36.5813314960907 -0.988748686578666 -0.0535711383225274 -0.139664483415761 0.131740616630282 0.130400751778908 -0.982669860057471 0 0 0 0 0 0
16.3126183011628 133.181720889144 36.0306444674269 -0.821377678696365 0.495261305835239 0.282939830850563 -0.0964162451176234 0.368355722151459 -0.924671817260424 0 0 0 0 0 0
17.2971879843738 132.876697099421 36.5527880350301 0.557116149514109 0.733177696171374 0.389964180133777 -0.626965139167113 0.679284078274249 -0.381428702737834 0 0 0 0 0 0
17.9335746650669 132.159922191926 36.6222528007351 0.307296864850735 -0.897764364407567 -0.315575320411446 -0.128824473968312 -0.367814684062867 0.920932469345349 0 0 0 0 0 0
18.3669591270225 132.599045695092 36.2266177104261 -0.420878564663872 0.704221830450161 -0.5717804188007 -0.533662211127687 0.317483420420706 0.783842409016173 0 0 0 0 0 0
18.4471595341146 132.954491860175 36.5638644351978 -0.797366055397296 0.206398948131991 -0.567103912797438 -0.336346156399873 0.628237294822922 0.701561946280305 0 0 0 0 0 0
18.2495659437732 133.406328283331 36.6233359113743 -0.912402794474351 -0.367158980547919 -0.180874054630311 -0.404757149650383 0.743792495463576 0.531925157798504 0 0 0 0 0 0
18.8915625805319 133.649291722929 37.2182412305378 -0.472381534826825 -0.880906217460943 -0.0293244197437177 0.858607943288639 -0.467430774071235 0.210477721321806 0 0 0 0 0 0
-69.8432654078075 89.8713560240212 185.527061382551 -0.0272820272837223 0.992440352185006 -0.119657170040882 0.557966915482047 -0.0842006854636688 -0.825580502310282 0 0 0 0 0 0
-69.7645917299713 89.860521531068 184.965086113154 0.426653914547425 0.859735592403052 0.280751043376036 0.439320221953025 0.0743306441485615 -0.895250075634515 0 0 0 0 0 0
-69.8116015320795 90.1308123608849 184.603905846578 0.955857137516933 0.0361005555835541 0.291605697037102 0.290798215008338 0.0260133088785079 -0.956430711504579 0 0 0 0 0 0
-69.6450980165626 90.4241194424051 184.306747312079 0.59513762261703 -0.803553112626365 0.0106585803102671 0.100295783078405 0.0611098114805752 -0.993079224854441 0 0 0 0 0 0
-69.4905358120344 90.4091806027361 183.773042723256 0.604055049112809 -0.782187660256238 0.152643250044652 0.23047522657041 -0.0118935631282471 -0.973005505171185 0 0 0 0 0 0
-69.0370468557595 90.6237781502469 183.525973869467 -0.195562393651191 -0.955887864933448 -0.219166009824497 0.326731612252049 0.147206779659554 -0.93358267849047 0 0 0 0 0 0
-68.7358399540443 91.5389392209735 184.318530192703 -0.209519082545108 0.977233141054969 0.0334236753409306 -0.974676840605145 -0.211458694946161 0.0727342884727559 0 0 0 0 0 0
-68.2013833246087 91.4877923687263 183.84769460169 0.0777180866679437 0.714910761245317 0.694883085461372 0.996495759359019 -0.0773202113838668 -0.0319027661974166 0 0 0 0 0 0
-67.9067632191698 90.4707245065365 183.884809363405 -0.479496125438011 -0.195424472554226 0.855507300504699 0.848206256374864 -0.353181603970446 0.394726362513832 0 0 0 0 0 0
-67.3336446422491 89.8692266067217 184.254060883547 0.824947740196379 -0.532398425227697 0.189771290663145 -0.0947109975532848 0.20079645478511 0.975043901928622 0 0 0 0 0 0
-67.3612996116394 89.8039307939277 184.795110550264 0.986174678750398 -0.15310739436217 -0.0633847677535908 0.0658555031784542 0.0111149659928899 0.997767262557802 0 0 0 0 0 0
-67.1096403215084 89.7657212781317 185.26143994725 0.878135707847046 -0.151642031091459 -0.453742628601748 0.471673456651473 0.115802107447232 0.874136157701551 0 0 0 0 0 0
-66.8870896086365 89.521888338226 185.675217355602 0.688453830323804 0.546950720366176 -0.476315266397587 0.431107031197601 0.219523740576159 0.875189153826441 0 0 0 0 0 0
-66.5113748708237 89.4466015242495 185.964212293711 -0.119081073131384 0.983827351800257 -0.133803736388682 0.318694098994302 0.165505629880756 0.933296286151394 0 0 0 0 0 0
-65.7275279063919 89.0677255589666 186.411217055967 0.76306973804944 0.225487890770123 -0.605706022744698 -0.53391956317032 0.748044570962374 -0.394156339436184 0 0 0 0 0 0
-66.0315600322285 89.5919291562153 186.330996403272 0.314744168141491 -0.218928126545182 -0.923583555520743 -0.0960815677672161 0.960689961289439 -0.260467139219306 0 0 0 0 0 0
-66.6688936451859 89.0121075152673 187.244080364743 -0.378493529940219 -0.881226197607564 -0.283166093386031 0.853360390015978 -0.213733764962621 -0.475493346395805 0 0 0 0 0 0
-65.8222617468625 90.1186297616721 187.688164396205 0.930548755665565 0.292294978511613 0.220550807901864 0.358267502551105 -0.602342536257549 -0.713321712574781 0 0 0 0 0 0
-65.6112785479575 90.2301212147688 187.231100542003 0.660395326374832 -0.5251470638959 0.536748147815895 0.225168263672978 -0.543411155619318 -0.808704871373342 0 0 0 0 0 0
-65.1885654972953 90.2139113010556 186.641082394011 0.538233176397104 0.836815614257056 -0.100223128872876 0.773455300425529 -0.443209452789178 0.453136049329528 0 0 0 0 0 0
-53.4373752494552 98.1082555225011 215.8021398618 -0.558915858374499 0.826931419935462 -0.0616237777243301 -0.747616066079651 -0.534665459835529 -0.393958200572662 0 0 0 0 0 0
-53.8498750001574 97.9294369196741 215.783240332641 -0.0884430830012788 0.7567377565319 -0.647708104710985 -0.584040269462511 -0.566147807380024 -0.581698911675919 0 0 0 0 0 0
-54.3431647516746 97.6652665445589 216.743796756423 -0.985109900166123 -0.0900995151075447 0.146425960717613 -0.160949937470922 0.183868021849601 -0.969684313665649 0 0 0 0 0 0
-53.8866755293758 97.6178399820057 217.185121195265 -0.247994667048281 -0.855783385990484 -0.454019208160045 -0.236084074519486 -0.40114262032252 0.885070001705549 0 0 0 0 0 0
-54.2747445094055 97.410387149687 217.448382163695 0.584989608851362 -0.760209581427347 -0.282610243696132 -0.202600921563983 -0.474380405987209 0.856689031677677 0 0 0 0 0 0
-54.424308488515 96.8782871390846 217.488822877953 0.959183024413688 -0.19323497411235 0.206465906280942 -0.28089029479649 -0.735438950557657 0.616628082633116 0 0 0 0 0 0
-54.4011698255014 96.425765778562 217.572282396692 0.583480658859386 0.41501734959374 0.69807658625197 -0.0882102752763145 -0.822093845473388 0.562477249824786 0 0 0 0 0 0
-54.1413454097215 96.0295003205635 217.725623541467 -0.374082519333274 0.4858374382411 0.789952056983584 -0.252880784830253 -0.872955008764109 0.417134104740059 0 0 0 0 0 0
-54.0439814000209 95.7470480008649 218.144318254948 -0.983251781721002 0.0745622683890774 0.166302140320411 -0.0210757090778723 -0.952878777990728 0.302618322217544 0 0 0 0 0 0
-54.0912388815197 94.9940238607659 217.680073899116 -0.431188105618072 -0.253997352888715 -0.865772581166108 0.378297712173698 -0.922036294698599 0.0820969684131157 0 0 0 0 0 0
-54.2470829683584 94.5193127056145 217.76740477441 0.37660155071161 0.00643391802712389 -0.926352997890346 0.213354388867247 -0.97369601677105 0.0799748190074521 0 0 0 0 0 0
-54.4370327227491 94.0928168796991 217.694818843821 0.977958464803142 0.109092008852555 -0.178034195379417 0.153125784986437 -0.954384056400262 0.256327070090676 0 0 0 0 0 0
-54.2358943745448 93.6948164667703 217.584667035644 0.631170174743255 0.21791982559715 0.744402552471629 0.215616317199344 -0.971189472687529 0.101491930212755 0 0 0 0 0 0
-53.8923203221878 93.3429773855783 217.501694772185 -0.0360443777381738 0.137003335239738 0.989914586702639 -0.0639756727326602 -0.988842754435719 0.134525537718251 0 0 0 0 0 0
-53.6223978714492 92.9652429458528 217.532648905934 -0.792106025952539 0.0948477786367945 0.602969271636078 -0.0602204823391494 -0.995177230853874 0.0774323749917012 0 0 0 0 0 0
-53.4706705390336 92.6614445187313 217.989318328493 -0.998845717077968 -0.041164736523944 -0.0247527360490688 0.0410194689587151 -0.999138179444611 0.0063483495850224 0 0 0 0 0 0
-53.6517443099968 92.1488913785506 218.161499686857 -0.862126663404026 0.170129013667798 -0.477277419281768 -0.0262768604948817 -0.955690609261715 -0.293197861471576 0 0 0 0 0 0
-53.9527643953749 91.740292194398 218.201792295593 0.076146422520172 0.243294274535348 -0.966958953790541 -0.132198803969317 -0.958749798530135 -0.251639225971444 0 0 0 0 0 0
-54.2500007102035 91.4353879897625 217.918019231248 0.882969634790858 -0.0229677948354222 -0.468867896573968 -0.052540032794268 -0.99736195373663 -0.0500867067457048 0 0 0 0 0 0
-55.3604152630685 91.539118926416 218.14824643149 -0.295738245123491 0.761404850097125 -0.576889542824147 0.808280281159264 0.521317346104077 0.273699126304971 0 0 0 0 0 0
-58.228949381253 128.96356489799 -33.7368166390747 0.821449832843722 0.545406389837797 0.166589441577556 0.379248622739079 -0.740614862400114 0.554671170823374 0 0 0 0 0 0
-57.7994665122022 128.68485880661 -33.7252207021964 -0.0392117197244359 0.582470858765108 0.811905252924065 0.220110841829535 -0.787536663403645 0.575618989527054 0 0 0 0 0 0
-57.5321675263002 128.36491292447 -33.3883424259465 -0.537108181559795 0.645998077859822 0.542403249163337 -0.00355280827569971 -0.644755461244286 0.764380646503445 0 0 0 0 0 0
-57.4988449428183 128.298042295592 -32.9274094456583 -0.9987138776737 0.042160292835206 -0.0281620356155533 -0.0498557250911203 -0.917635647911657 0.394283177877769 0 0 0 0 0 0
-56.5850182682988 127.972363328686 -32.3396401822624 -0.289202269886009 0.0101613306150114 0.957214079740218 0.566051540397078 -0.804576448000768 0.179561668895574 0 0 0 0 0 0
-56.1734029198679 128.079783455022 -32.1347564931216 -0.521081028810819 -0.756921130763454 0.394391890405004 0.838869330216878 -0.539400256812707 0.0731136770506889 0 0 0 0 0 0
-55.8640779253032 127.80803291586 -31.958204105513 -0.492392117554135 -0.613264558290698 -0.617621716032613 0.751653363421725 -0.657384956705763 0.0534999061099298 0 0 0 0 0 0
-55.4867837811433 127.419657639804 -31.911791215951 -0.428647083182182 -0.132915760787037 -0.893641470956788 0.722995356295243 -0.643617598480929 -0.251065930984585 0 0 0 0 0 0
-55.6754504586451 126.40791352151 -31.2985453131346 -0.434906430173758 -0.875343938941313 -0.211256681674749 0.540964299775324 -0.0664280873454533 -0.838418115011966 0 0 0 0 0 0
-55.3139313482507 126.065197802792 -31.4509257347264 -0.784213734719016 -0.350388706390769 -0.51209039505917 0.593737323300478 -0.184022004555063 -0.783333832257691 0 0 0 0 0 0
-54.9698246784381 125.852889347552 -31.878694154046 -0.948268441501864 0.0993164414923976 -0.301534753056614 0.269519008859941 -0.250084673703805 -0.929955461213932 0 0 0 0 0 0
-54.1173646920444 125.026903231807 -31.8186976659426 0.731577989126377 -0.268346432188491 0.626724690879108 -0.558003622577046 -0.763845774764326 0.324301695286318 0 0 0 0 0 0
-54.0812356065402 124.551537860946 -31.7729820769215 0.17786229168758 0.311819301507317 0.933345449661127 -0.410869134014302 -0.838308246576775 0.358365509550948 0 0 0 0 0 0
-53.9471298621377 124.141402513797 -31.5177285901904 -0.6138231990394 0.455829559387614 0.644546734620175 -0.25670823142567 -0.887336096228742 0.383060747464213 0 0 0 0 0 0
-53.8947052847397 123.992030615538 -31.0586151217627 -0.997517575342316 -0.0354372472061136 -0.0608513631206317 0.0188843330060849 -0.967114048963531 0.25364108157844 0 0 0 0 0 0
-54.0539000646292 123.656341643935 -30.6335596088558 -0.687215465930173 -0.259523762807338 -0.678514789761208 0.0182789699607975 -0.939891434109739 0.34098382856715 0 0 0 0 0 0
-54.3754599798607 124.615238976246 -30.419894792025 -0.328845172643853 0.831370395702639 0.44797780924737 -0.671191713846203 -0.53944865954588 0.508425832327932 0 0 0 0 0 0
-54.5898183453309 124.569239324089 -29.9704948273117 -0.557271196383531 0.782981933013827 -0.276383983355041 -0.651500900295526 -0.205954952573145 0.730156924520142 0 0 0 0 0 0
-54.945831973126 124.721612951904 -29.2651790833746 -0.979082533003679 -0.161243076961977 0.124088934635342 -0.0120874758486311 -0.562709860704158 -0.826566092695506 0 0 0 0 0 0
-54.9717226019803 124.232801495879 -29.3027012023822 -0.591421609837605 0.487272491931989 -0.642484239513691 0.0685065096318714 -0.763525155384276 -0.642134094433145 0 0 0 0 0 0
-505.820965421722 -196.163902369381 -94.7964540673152 0.378067986365018 0.415810245558204 0.827143540973831 -0.512209124075963 0.8382000913021 -0.187249619904783 0 0 0 0 0 0
-506.516324917862 -197.357183768852 -95.2184010612448 -0.30108356607351 -0.775652609903196 -0.554717689451867 -0.277504910930509 -0.485266233023329 0.82916084537127 0 0 0 0 0 0
-506.874265401702 -197.599813221333 -94.9806536001885 0.35821488885464 -0.766978893004552 -0.532377188737807 -0.267420740447767 -0.630613787502173 0.728568732921289 0 0 0 0 0 0
-507.085788979517 -197.748204349059 -95.8103418141655 0.221838181633041 -0.603686323615398 -0.765735361498652 -0.716682723233746 -0.633437303848409 0.291758558248976 0 0 0 0 0 0
-507.262914486041 -197.124187445223 -96.5007195870169 0.668603758503968 0.0940867292241228 -0.737642665182996 0.631316244103029 -0.596000662409181 0.496208635897706 0 0 0 0 0 0
-507.218595698592 -195.964558181226 -95.8304993627616 0.185080649928452 0.910706599346558 0.369267711733223 0.946497796074325 -0.0641120826255102 -0.316277667387165 0 0 0 0 0 0
-506.678598736209 -195.752100281475 -96.1193507923548 -0.210490026594393 0.892053547906391 0.399918012062363 0.87379467861 0.355120974597298 -0.332222746111568 0 0 0 0 0 0
-506.29770939628 -195.386940793943 -96.3205739761485 -0.195512266255582 0.5051960277289 0.84056643241956 0.821935390551498 0.551964254496152 -0.140561998838463 0 0 0 0 0 0
-506.10430322543 -194.910986604379 -96.325444737133 0.0236054873482849 -0.046801763216603 0.998625242985008 0.764375368616005 0.644657126725907 0.0121443326141696 0 0 0 0 0 0
-506.967108427534 -194.887542280505 -97.2702135574956 -0.966812195492196 0.200441692368318 -0.158421294679989 -0.250259676022795 -0.618181230639187 0.745132243727505 0 0 0 0 0 0
-507.204827205176 -194.890511711102 -96.8779357756871 -0.43354929096122 -0.683170241815996 -0.587633757542993 -0.345237767948228 -0.476427217659497 0.808596308336463 0 0 0 0 0 0
-507.122425318471 -194.78660546799 -95.9738193862293 0.992017602027643 -0.0186798299536725 0.124708224348786 0.126088737792503 0.134035908944573 -0.982922176632156 0 0 0 0 0 0
-506.715319632956 -194.797932004881 -95.3116396478838 0.591585950219767 -0.674611984479318 0.4415028130142 0.781939513013002 0.613518151315437 -0.110299936516199 0 0 0 0 0 0
-507.37592427133 -193.49332508087 -95.7665956117444 -0.697232880638867 0.693037848962327 -0.183207123392347 0.666409546311594 0.532481792677516 -0.521882608497078 0 0 0 0 0 0
-507.600470145496 -194.017267080852 -95.6305457418443 0.117857857809589 0.367825530804535 -0.922395741664551 0.678014698436828 -0.708466936428522 -0.19588432477154 0 0 0 0 0 0
-508.072901905455 -193.513893684052 -95.1797864458183 -0.417671821438153 0.0316585164771725 -0.90804624767189 -0.00307186824971365 0.999337875221579 0.0362543069589735 0 0 0 0 0 0
-507.398724897433 -192.763986889134 -94.4995518511911 0.28040537307436 0.832005342479766 -0.47868563466659 -0.848636770313497 -0.0181510842440789 -0.528664515749489 0 0 0 0 0 0
-507.759576453944 -192.263379397756 -94.5988654349934 0.358614873791301 0.746259018717528 -0.560796620245167 0.802992485607504 -0.552962455411012 -0.222341158951078 0 0 0 0 0 0
-508.617293032686 -192.3586073412 -94.0564773284055 0.225195245350885 0.344646682343884 0.911320890696965 -0.919866507145177 -0.233091495761186 0.315458338986855 0 0 0 0 0 0
-508.739856700684 -192.43581342611 -95.371382577621 -0.511613375171702 0.769505195684251 -0.38224796684922 0.847535588501326 0.378861559851537 -0.371681778798168 0 0 0 0 0 0
123.635898502634 276.022761553375 -112.496133356368 -0.575674719279369 -0.732431267911424 0.363514862651149 0.111295164019742 -0.510618621334074 -0.85257375634763 0 0 0 0 0 0
123.694658591383 276.541494896155 -113.212701961367 0.587258355147931 -0.715034336146855 -0.379280268983205 -0.499418042472838 -0.688864731358701 0.525401751750699 0 0 0 0 0 0
123.005888830447 277.462269541196 -113.790527618748 -0.88814600979236 0.375001512479517 -0.265651145165958 0.36070573696976 0.927012562715351 0.102660020869954 0 0 0 0 0 0
123.100249782837 277.794666072836 -114.085800229441 -0.781103189240809 0.475876059042382 0.40425212947878 0.583630376834238 0.786544791767135 0.201799092615206 0 0 0 0 0 0
123.237245759415 278.281667408059 -114.194492547898 -0.63503941386859 0.0453210879374964 0.771149104792063 0.417999807147432 0.859661077444497 0.293698813670871 0 0 0 0 0 0
123.210232457682 278.795109979499 -114.074049716931 -0.188527505789154 -0.534962196377265 0.82357320743704 0.353775755348523 0.745313077056205 0.565111610300649 0 0 0 0 0 0
122.472527319333 279.047297125228 -115.308926464779 -0.705406254564984 -0.0829983768353355 -0.703927045554651 0.308640438024351 0.858057804452922 -0.410460575736049 0 0 0 0 0 0
122.600812043388 279.776381642966 -115.737473678401 -0.86435666091978 0.199028325701495 -0.461817375476571 0.285075276208022 0.950458008170318 -0.123942170385353 0 0 0 0 0 0
123.045414594399 280.198287750636 -115.458625705206 -0.541434659417685 -0.0240994903833445 0.840397360862419 0.636142454456156 0.641816119156545 0.428246245551937 0 0 0 0 0 0
123.246824131195 280.839153855587 -116.145159455806 0.55424873390669 -0.0122038815688729 -0.832261621269108 0.786494227326933 0.334982884514305 0.518857685173773 0 0 0 0 0 0
122.450160922788 281.672357847085 -115.470018627976 -0.160549078677778 0.49530528915377 0.853754451743601 0.261223163662134 0.855454720543927 -0.447168513946878 0 0 0 0 0 0
122.187300821601 282.308712117934 -115.351307217521 -0.701813201920962 0.36052514342931 0.614393888775533 -0.685665015789444 -0.107977659612474 -0.7198640921362 0 0 0 0 0 0
121.612770233078 282.38847920346 -115.838500466804 -0.690197160603773 -0.709576301132147 -0.141877948836708 -0.600173195074515 0.451807202353441 0.66004726180449 0 0 0 0 0 0
122.308723334936 282.970242291592 -116.72525319634 0.139511311337556 0.218562244247811 -0.965798705423773 -0.629194679361804 0.772698047445493 0.0839748946812104 0 0 0 0 0 0
122.268545062125 283.459554167798 -116.732028085778 -0.520856311047998 -0.41592965327058 -0.745460412612022 -0.671164891316419 0.739148967092061 0.0565375371851263 0 0 0 0 0 0
122.461353820074 284.106528503352 -116.892004150485 -0.558505947959965 -0.716832753007382 -0.417398982161193 0.528204144932702 0.0806509524962177 -0.845278537014496 0 0 0 0 0 0
122.730297292428 284.026694812223 -117.306878518629 -0.919575964816696 0.202694597626624 -0.336593144648587 0.388370659269253 0.598779358031183 -0.700450934337681 0 0 0 0 0 0
123.438618436606 283.955930444207 -116.610893916326 -0.593476159656495 -0.567318253494689 0.570908089950663 0.604087160253632 0.154754218145833 0.781747935579478 0 0 0 0 0 0
124.587770369906 284.280073668872 -117.12535449678 0.253439171039787 0.384348476160745 -0.887718894389197 0.255214693964949 0.858599597087915 0.4446034096415 0 0 0 0 0 0
124.746972821233 284.425887738445 -115.989316231762 -0.259366197073719 -0.069854311047624 0.963249474977058 0.131039952179783 -0.990702686182349 -0.0365611614120474 0 0 0 0 0 0
-113.960051102248 196.828949312576 -161.08284917054 0.764624425052337 -0.178951829481799 -0.619133048171797 0.508445492522515 0.757821548368155 0.408888349017712 0 0 0 0 0 0
-113.452947948873 196.968609733631 -160.867751537468 0.0362364094441825 0.298845227007178 -0.953613366582926 0.58791727111136 0.765261818999773 0.262159552010088 0 0 0 0 0 0
-113.065184632113 197.122507467438 -160.921335609488 -0.478136849443411 0.877206989053218 -0.0435092123637767 0.598379143045403 0.361618935689522 0.714964437240781 0 0 0 0 0 0
-112.678942079036 197.47690689758 -160.661313018549 -0.767956972662213 0.498726323889128 0.401888220777278 0.60247898695777 0.349502532619062 0.717542368064214 0 0 0 0 0 0
-112.496961104547 197.975467519427 -160.41503647895 -0.849714462995357 -0.103934826978354 0.516897362265946 0.440523927745248 0.398720548355699 0.804338606186991 0 0 0 0 0 0
-112.453086917919 198.295118438726 -160.061866223432 -0.249563115967173 -0.860949189468214 0.44326599723279 0.499630563515029 0.277634101046832 0.820541653993002 0 0 0 0 0 0
-111.827588040043 198.871338214939 -159.978127701339 -0.393775451948623 0.918720277463916 0.0298989166908056 0.917192994539383 0.390553092818289 0.0789005225454788 0 0 0 0 0 0
-111.495317131477 198.26375434071 -160.862330808953 0.108812127710994 -0.919471145200721 -0.377799859722422 0.938036496245033 0.22076390795951 -0.267115758903866 0 0 0 0 0 0
-111.03099398888 199.312680820174 -160.805573111877 0.844611578154371 0.0597800651903671 0.532031602307061 0.511090054650007 -0.385958346762789 -0.767999420964618 0 0 0 0 0 0
-110.619401477611 199.294153789839 -161.061146905666 0.180260365933335 -0.757010585065957 0.628045519506092 0.378098384518923 -0.53611996173979 -0.754729751797494 0 0 0 0 0 0
-110.192316315113 199.074192702469 -161.190135198274 -0.51764497971416 -0.823508685808075 0.232114453180719 0.525105170833638 -0.519967903029152 -0.673719481225861 0 0 0 0 0 0
-109.933545771011 198.649741499584 -161.288853559055 -0.919697271291221 -0.235877710784514 -0.313876782726184 0.389459090574544 -0.44669660166164 -0.805471143389253 0 0 0 0 0 0
-109.761114411722 198.478051586401 -161.795187935236 -0.994702974004296 0.102579574186175 0.00658972433351019 -0.00204886374333021 0.0443092851837211 -0.999015760338079 0 0 0 0 0 0
-109.930239152172 198.262623111853 -162.339575095478 -0.656871364643285 0.749517818772104 0.0821160742776795 -0.125738063529383 -0.00150692790894992 -0.992062330979338 0 0 0 0 0 0
-109.601819839265 197.164300833789 -162.12711427795 0.90797442613238 -0.416062108769181 -0.0497469912267893 0.413372353327814 0.869954086191355 0.268892516487889 0 0 0 0 0 0
-109.315372394991 197.45614560168 -161.81583387307 0.75668420207246 -0.2505398613469 -0.603869850390166 0.424540789873646 0.890721044259746 0.162422717149692 0 0 0 0 0 0
-108.913761208194 197.702787731685 -161.672210140139 0.200699564628722 -0.0935224875948591 -0.975178562660147 0.549666096027393 0.834729525650683 0.0330726758063265 0 0 0 0 0 0
-108.580294059425 196.668988111156 -161.572751479002 0.0739027814762142 -0.894684222562681 -0.440543438025684 0.74284041277358 0.344123274884531 -0.574253683343105 0 0 0 0 0 0
-108.976171510803 196.232510653494 -160.650726544121 -0.645696112145982 -0.210403531380741 0.734034661812422 0.6918243469488 0.245676166840674 0.678986225202942 0 0 0 0 0 0
-108.806738563229 196.552468052872 -160.37171435925 -0.141403702251436 -0.856862540278494 0.495773718602623 0.834129899270859 0.166578644783284 0.525812577107614 0 0 0 0 0 0
20.6729160268207 62.1630495978958 206.246316800192 -0.20778347872464 0.62071160680859 0.756004713703681 -0.883263446779943 -0.45116258913842 0.127663627335013 0 0 0 0 0 0
20.3027475748505 61.9397880137304 206.578844353389 -0.108418568453026 0.945147461442269 0.308126094551941 -0.847843585751302 -0.249746499047403 0.467747731489892 0 0 0 0 0 0
21.0215318170202 62.2598211333736 207.096809366065 0.539711189359712 0.836331309353364 0.0962381061493474 -0.569737037388283 0.278704489275711 0.773125808575543 0 0 0 0 0 0
21.0762134404762 62.4240547327653 207.493055655106 -0.294123796712383 0.89456809616891 -0.336510198246984 -0.536172366670484 0.137029555234241 0.832911816587614 0 0 0 0 0 0
20.9686008819346 62.7523272670989 207.881886629738 -0.780335177088614 0.172330344156441 -0.601148287763513 -0.568087795919659 0.20654016425937 0.796628782228496 0 0 0 0 0 0
20.8316411511622 63.1333298368181 208.130029030872 -0.666116625139878 -0.745717306239475 -0.0139406200436255 -0.297878481268746 0.248853255433028 0.921596694686678 0 0 0 0 0 0
20.4805956556396 63.1898037446153 208.483751205695 0.0531457844556294 -0.998525401394773 0.0110701564579693 -0.570897459183471 -0.0212864024333213 0.820745380839456 0 0 0 0 0 0
20.0580014641461 63.057323574407 208.764721787124 0.525979557067034 -0.841677507505043 0.122165784521139 -0.604202320255306 -0.268694298400936 0.75016193598778 0 0 0 0 0 0
19.6815254913258 62.3887049362975 208.973518970446 0.179361271516562 -0.68073150931329 0.710235275460191 -0.230603519721103 0.672736965020887 0.703027021235119 0 0 0 0 0 0
19.4255031016794 62.4437657339904 209.431868770179 0.865115523138121 -0.283572887282309 0.413716749991865 -0.0748385851189709 0.742626956756349 0.665510622962695 0 0 0 0 0 0
18.484183681282 61.7392088877806 208.779851926182 -0.443305033496146 -0.866920908029682 0.227878885590511 -0.844697073885363 0.318955474134782 -0.429830500184622 0 0 0 0 0 0
18.389235148833 61.5459799085039 207.594869224874 -0.363955082704436 -0.381926532118496 -0.849510930970018 0.416047079513691 -0.882679131427341 0.218591808105433 0 0 0 0 0 0
18.5833488648387 61.0427949739927 207.616571357593 -0.741462349867731 -0.131181806075958 -0.658046288252789 0.306282246170851 -0.938742249713822 -0.157968902897916 0 0 0 0 0 0
18.5192461926996 60.4957830398268 207.716311189114 -0.194171256824336 0.305424451278896 -0.932208896966899 0.112919259152596 -0.937019385977342 -0.330520666850159 0 0 0 0 0 0
18.059211296778 60.2812250804606 208.310676029916 -0.340684390480797 0.134994117594825 -0.930435776557158 -0.289686197044554 0.926418139439993 0.240481471549069 0 0 0 0 0 0
17.7173959891298 59.9275739664558 209.52596830652 0.0130804165053266 -0.672504922653476 0.739977048097365 -0.0637687929848866 0.737972850182096 0.671810697619028 0 0 0 0 0 0
18.667152670268 60.5369687946498 209.631752098973 0.74212081514224 0.518267543120115 0.42503582140904 0.552631152997562 -0.831952475420377 0.0495367275715038 0 0 0 0 0 0
19.101962269139 60.3078369942872 209.535515330719 0.179933446841874 0.281849434232188 0.942435595216245 0.686658583039101 -0.722013813223934 0.0848294987169532 0 0 0 0 0 0
19.6369802288171 60.184491218677 209.792103397542 -0.353697294253606 -0.0697530991398687 0.932755449835627 0.770541054551983 -0.587043887882775 0.248286038571232 0 0 0 0 0 0
19.9977357419536 60.0827562730029 210.161806815308 -0.664617900262143 -0.319511946424343 0.675422210726941 0.583200896446999 -0.786909097532631 0.201620402250859 0 0 0 0 0 0
-70.8960771400036 140.101844455006 -25.2859638613242 -0.136892322626055 -0.983148758862213 0.121156964115709 0.658259799147934 -0.181682038944767 -0.730537934367952 0 0 0 0 0 0
-70.9932844141054 140.912951090942 -24.7781445062691 0.450248844823703 0.825550359204635 -0.340209615019946 0.889756390669786 -0.382859353232898 0.248500062181806 0 0 0 0 0 0
-71.4283474648278 140.731069055375 -23.7912457490918 -0.39140050720391 -0.648571334023942 0.652809978204168 0.856392114510698 0.00287591066234163 0.516317998274084 0 0 0 0 0 0
-72.0902824016158 140.547124596255 -24.3503772327562 -0.22902675128558 -0.413464421050606 -0.881245663660741 -0.191592632314944 -0.868452647173251 0.45725513978566 0 0 0 0 0 0
-72.4795168119259 140.38066423784 -24.2720905812727 0.566284507274746 -0.655580031763986 -0.49953646390722 -0.118679539736919 -0.664620765872135 0.737695333060586 0 0 0 0 0 0
-72.6399551152978 139.868258098875 -24.2323697561792 0.973479632918334 -0.204288537250318 -0.10297377258949 -0.100777047796459 -0.787017831691415 0.608643507512545 0 0 0 0 0 0
-73.1137502712101 138.961922423921 -24.3352192706276 0.386099429317647 -0.681830266544297 -0.621316922596448 0.629955747019408 -0.297134795777647 0.717542103249277 0 0 0 0 0 0
-73.0213430802746 138.57678885092 -24.0957659117429 0.875942641925211 0.13869249468443 -0.462048568848872 0.481804820351756 -0.299679209058669 0.823441853893633 0 0 0 0 0 0
-72.7244681995582 138.121941989054 -23.8454983473316 0.662943618674643 0.74865451211835 0.00470955872719329 0.555762004665935 -0.496330118891406 0.666922039859941 0 0 0 0 0 0
-72.2794066345961 137.998634747336 -23.5466154133582 0.461186036948586 0.794488040550958 -0.395090107121347 0.851088809581267 -0.270177929861427 0.450168551124284 0 0 0 0 0 0
-72.1537919438901 137.545181913928 -22.5962119901713 -0.760175013844547 0.0777459191836471 0.645050013856857 -0.290456960933816 -0.92874665668146 -0.230357117424453 0 0 0 0 0 0
-72.3505679857693 137.079918737657 -22.5144369266544 -0.915222431820993 0.38380624598155 -0.122721904471934 -0.393581093506941 -0.916766316309896 0.0680694065896277 0 0 0 0 0 0
-72.5668681498714 136.695907093712 -22.2423999895745 -0.501659924599101 0.441795038427031 -0.743743547247627 -0.470304794708763 -0.860882022865496 -0.194153400127222 0 0 0 0 0 0
-72.9883219631973 136.49555094222 -22.2728012921776 0.422343023403287 -0.0647677475358883 -0.904119189853693 -0.518026253005418 -0.835752598888997 -0.182116431569076 0 0 0 0 0 0
-73.838004619813 136.891303018629 -21.4730748324558 -0.240747727764575 0.96260313991728 0.124240599634695 0.959818575335437 0.217102410071213 0.177805641030654 0 0 0 0 0 0
-74.1060382404028 135.780783538838 -21.7104599415415 -0.975168352700624 0.164495421769127 -0.148283310281865 -0.109544616489116 -0.940185388957993 -0.32257001005698 0 0 0 0 0 0
-74.2626238028343 135.259962464329 -21.5507306798712 -0.544877611998026 0.45030119006941 -0.707345195901832 0.12657610096446 -0.789731470787236 -0.600252192593133 0 0 0 0 0 0
-74.4039926454388 134.921035348481 -21.96458995365 0.0154487058325864 0.842921146126435 -0.537815283253457 0.353164445455848 -0.507810658921578 -0.785750093319432 0 0 0 0 0 0
-74.8766633289881 135.184725982727 -21.4282255955197 0.405801034396518 0.50660355078004 0.760709118401884 0.0105901147303332 0.829658611528226 -0.558170617093963 0 0 0 0 0 0
-75.066740621525 135.629960343784 -21.4698557302291 0.977643317416631 0.1763888383621 -0.114457510071963 -0.210240600455509 0.810869675917462 -0.546158638673433 0 0 0 0 0 0
-30.7714805477663 134.952204329021 137.880073226235 -0.11844298289401 0.892395746075461 0.435432075287972 -0.957885966722785 -0.218209534983238 0.186652279916303 0 0 0 0 0 0
-30.6519460617834 134.427443140036 138.348424444785 0.997402051201775 0.05673071452201 -0.0443934036576792 -0.0557978054462452 0.998200125577698 0.0219798590543881 0 0 0 0 0 0
-30.4945511427955 134.855353054319 138.559377386931 0.521258304178198 -0.0709493724335602 -0.850444570137615 -0.147366403176834 0.974084429863039 -0.171588655549025 0 0 0 0 0 0
-30.0416682859022 135.114644278289 138.415257250952 -0.341685998005675 0.323946366126668 -0.882218471037754 -0.255984870797329 -0.935302998406385 -0.244295000143068 0 0 0 0 0 0
-29.9203001091843 134.836529609247 137.841375377706 -0.845706848671088 0.0129865129128385 -0.533489715545841 -0.518124928094342 0.219384376591461 0.826690422222738 0 0 0 0 0 0
-28.8533740869438 133.98586096035 138.142768454567 0.885548111291388 -0.459921051867082 0.065400066037673 -0.0394950736716161 0.0657345194909381 0.997055220187412 0 0 0 0 0 0
-28.9259403547484 133.910216130984 138.698645697588 0.943402009319793 -0.178594499087194 -0.279457785196927 0.250451231448094 -0.168730451720299 0.953312233913106 0 0 0 0 0 0
-28.6473313651867 133.525494859999 138.988149328627 0.799936451740627 0.599856719966785 -0.016540516536893 0.280278290914436 -0.349107581927198 0.89418564956223 0 0 0 0 0 0
-29.6437859528219 132.978807443154 139.497898602199 -0.252592717103213 -0.967197659566856 -0.0269370858634253 0.699871011814597 -0.201859790926206 0.685151947839923 0 0 0 0 0 0
-30.2490500713531 132.651148593059 139.2331217095 -0.150319219227933 -0.968813199143062 -0.196990145684729 -0.987237429729886 0.157696901190915 -0.0222248665937672 0 0 0 0 0 0
-31.0613077842359 133.044389003296 139.554076889325 -0.560764464631443 0.559515724809936 0.610315794402392 0.827925879957492 0.370862269032633 0.420713577989325 0 0 0 0 0 0
-31.3096215594686 132.72746890535 139.894913248033 0.510124129858735 0.0401423306263607 0.859163526593018 -0.666851382733486 -0.612424142413329 0.424553769428251 0 0 0 0 0 0
-31.3882988722999 132.311548489168 140.135500508917 0.195854030174034 0.635962108634077 0.746453880187039 -0.634891743396185 -0.497892257431216 0.590775570041112 0 0 0 0 0 0
-31.6098664619009 132.173495473831 140.609398922314 0.00683009974179506 0.935965378017271 0.352025795774265 -0.675043945606961 -0.25540212574476 0.6921599711515 0 0 0 0 0 0
-31.802512121808 132.118868345471 141.126924816772 -0.423143686647449 0.862917686837616 -0.276265246082861 -0.745702522078585 -0.158476485439617 0.6471575945072 0 0 0 0 0 0
-32.4249229917823 132.155571673264 141.053771750063 -0.358771138238842 0.828494278256663 0.429977326451961 0.182338404978122 0.513975199022885 -0.838201766199177 0 0 0 0 0 0
-32.5638832438111 131.62995710888 141.423675435056 0.577304353923996 -0.802854155589831 -0.148811584873411 0.730912805499563 0.426875426267915 0.532488348422145 0 0 0 0 0 0
-32.5112166035427 132.520391154144 141.770200327369 0.97825578153457 -0.163147963364154 0.128056112483223 -0.0517327045003522 0.405970411630813 0.912420819668966 0 0 0 0 0 0
-32.5000808766053 132.400926912721 142.296479440516 0.707603846237827 0.642950202760759 -0.293107204891542 -0.0666203090149122 0.473663976251747 0.878182311384226 0 0 0 0 0 0
-32.7250949309377 131.168416144981 142.095219357258 0.682444434699278 -0.724840132229664 -0.0942145225390775 0.456962078171564 0.523687731463439 -0.718983184106417 0 0 0 0 0 0
-61.9074074895799 -0.136356106716693 45.9316109696798 0.217527880196095 -0.809328071652899 0.545591141581308 0.969917632623596 0.241818248486892 -0.0279950107085299 0 0 0 0 0 0
-62.2815258528609 -0.543750704550442 45.0859059448599 0.337655964962566 -0.621697446707039 -0.706739509354859 -0.254175773950976 0.662720621841078 -0.704411849221035 0 0 0 0 0 0
-62.3591903713431 -0.193834522132294 44.6608758516294 0.198688508269936 -0.886298352874725 -0.41832774994377 -0.055077082743237 0.416065654799004 -0.90766507361095 0 0 0 0 0 0
-62.0298245222769 -0.208303409656894 44.2955053612946 -0.729222615317976 -0.490897944562132 -0.476711217964802 0.344372684158938 0.338730771738043 -0.875596321761871 0 0 0 0 0 0
-61.8049356165694 -0.317390859285356 43.8591050057911 -0.92447126802195 0.207241440751143 -0.320006030938917 0.36721848483564 0.258396486744069 -0.893522154192799 0 0 0 0 0 0
-61.8635745791694 -0.534121499502408 43.5849360597379 -0.209317087901911 0.88659564461809 -0.412473659348688 0.586167128332772 -0.223864224292874 -0.778648127682756 0 0 0 0 0 0
-61.7251117120463 -0.545498824160899 43.1027781367333 0.385296631740708 0.902027302045814 0.194661891322406 0.681729523325319 -0.136068420698384 -0.718839510541317 0 0 0 0 0 0
-62.475254968941 -0.609738866930519 42.3010522647145 0.0868000226866468 0.697240389931312 -0.711562783393026 -0.98066853309271 -0.065933698627782 -0.184233481178241 0 0 0 0 0 0
-62.8284054949866 -0.187708673465053 42.2582785995837 -0.134438384536188 -0.336535122700572 -0.932024909512729 -0.96734126282552 -0.159396964998715 0.197087515546591 0 0 0 0 0 0
-62.2587663312519 0.347651834758294 42.7986849552065 -0.223074699964606 0.523628984661915 0.822222819348644 0.851858314661731 -0.305336131124037 0.425566985058616 0 0 0 0 0 0
-61.757365551337 0.345994141569881 43.0335611634292 -0.554893112365983 0.141083934188599 0.819871305366067 0.717631881277362 -0.41735071478431 0.557514900108813 0 0 0 0 0 0
-61.4878103645944 1.27459534962092 42.3895426759153 0.0393359931185665 0.916707070348321 0.397618946755276 0.970778076526616 -0.12933558000837 0.202144091873058 0 0 0 0 0 0
-61.3571334688344 1.41235320801055 41.7178258138929 0.162815510667636 -0.639098512834315 -0.7516942199984 -0.849070038408367 0.297306049313739 -0.436679725793025 0 0 0 0 0 0
-61.4859062063487 1.62300110811305 41.3470773998381 -0.47661705518177 -0.877551038775535 -0.0523484197835769 -0.797224296664112 0.456550471178797 -0.394962134988698 0 0 0 0 0 0
-61.8239526655509 1.6240697707716 40.9043216035283 -0.399016018541155 -0.717106367505197 0.571440875883994 -0.824499030699183 0.00789610386789305 -0.5658082713427 0 0 0 0 0 0
-62.354045199999 2.28970964867518 41.3621037008687 -0.505639556920214 -0.0621563663886407 0.860502890520939 -0.781362572922206 0.455872847955246 -0.426207081280408 0 0 0 0 0 0
-62.7783244138521 2.08635664751573 41.1568064215809 -0.132119203204887 0.663640180150197 0.736292216062835 -0.944757015910271 0.140477699049037 -0.296142190439335 0 0 0 0 0 0
-63.2015499032776 2.09280727117915 41.2531799727046 0.351923974312746 0.909259718395063 -0.222252740833613 -0.74571323989486 0.128840823203779 -0.653690910233333 0 0 0 0 0 0
-63.3569600542188 1.24601182996806 40.2606797393836 0.220164134075745 -0.629753407580579 -0.74494187673088 -0.895212007457142 0.172893402639867 -0.41073511297205 0 0 0 0 0 0
-63.9071562758878 1.26632973569045 39.8537165404409 0.138184070157606 -0.811010450100045 -0.568477978978253 -0.928098438051179 0.094338031760973 -0.360185542533884 0 0 0 0 0 0
81.1221580382462 95.1854784261827 237.342946938193 -0.493080192945745 0.509380133495918 0.70526860338758 -0.779302962415941 0.10175240153825 -0.61833109379275 0 0 0 0 0 0
80.6407882252708 94.9667456052594 237.246629046816 -0.14446650665755 0.814989787039383 0.561178292056692 -0.866928132111453 0.169162754096792 -0.468849204307883 0 0 0 0 0 0
80.686444076667 95.5199955000549 237.085121469481 -0.176603731172057 0.521270384136655 0.834918144944839 -0.815602134711311 0.39735241716745 -0.420599826944254 0 0 0 0 0 0
80.2707432798178 95.8106529023883 236.852107304763 -0.215012609116593 -0.186756459799903 0.958588338466457 -0.874130208147488 0.474508944153856 -0.103622589824917 0 0 0 0 0 0
79.7166487475714 95.9038283419066 237.035243552853 0.447577550093345 0.188913514382188 0.87406293865843 -0.799975624245806 0.521402915728508 0.296947807000394 0 0 0 0 0 0
79.3400179491877 95.9876162335471 237.339450888116 0.694324403291313 0.523005870628468 0.494346520451313 -0.698199132353196 0.656051669316674 0.286555716690576 0 0 0 0 0 0
79.0485520347419 96.3229447960463 237.713358869106 0.805094670763267 0.544215332249738 -0.235907276812085 -0.483593156969721 0.832541841726675 0.270206847260417 0 0 0 0 0 0
77.9810351030795 95.5269414855061 237.803218884995 -0.130978380615472 -0.964290453996663 -0.230192493670534 -0.874059687471879 0.22189223619355 -0.432184565033953 0 0 0 0 0 0
77.750825872151 95.5349246572819 237.396885906694 -0.561230185595842 -0.637509428801875 0.527828008886194 -0.774173763676285 0.178817775092136 -0.60718958072944 0 0 0 0 0 0
77.3941764002851 95.3623651580577 237.061771703416 -0.573804493069798 0.0624341131771845 0.816609077370985 -0.800125460408667 0.17005114284665 -0.575223310047817 0 0 0 0 0 0
76.8104275321972 95.3251263858984 237.08737338589 -0.107562657247547 0.817490851693731 0.565808255651069 -0.886374434469371 0.178913558490949 -0.42700152283945 0 0 0 0 0 0
76.3336042715769 95.3793459472935 237.182347659427 0.14611966786328 0.908352513674758 -0.391847870434781 -0.954384733037977 0.0251812190812775 -0.297515861005107 0 0 0 0 0 0
75.7547755955373 94.6442576324262 238.145277478333 -0.103011296012474 0.191141285166122 0.976142244756815 -0.590822785182492 0.777726820272005 -0.214637903313463 0 0 0 0 0 0
75.3039571171085 94.77742182502 238.182770944612 0.54167689578376 0.755302440843218 0.368923248698624 -0.688259378293092 0.650484190679847 -0.321199853466953 0 0 0 0 0 0
74.7604038006707 95.2857786858803 237.789334184594 -0.991943406343402 0.116066216607339 0.0507632935722915 -0.0748970158210291 -0.860495065978646 0.503923286272336 0 0 0 0 0 0
74.5243243375796 95.0658611052095 238.276756998572 -0.890523973266788 -0.036573590774725 -0.453463808362891 -0.323747659270941 -0.649330508498856 0.688155028935489 0 0 0 0 0 0
74.1610293560048 95.0588357076893 238.597386204179 -0.412855651918951 -0.619364913375009 -0.667785380761324 -0.39026449989609 -0.542172052248672 0.744139157605161 0 0 0 0 0 0
73.696605188551 94.9332829260937 238.671536467498 0.361336653087493 -0.927029902907145 -0.100256582085654 -0.625775281056661 -0.32080492084528 0.710977848023348 0 0 0 0 0 0
73.3530610503345 94.7443872202205 239.580274848007 -0.733714511024467 -0.670958629923826 0.107133249940757 0.511750567711929 -0.441981126544296 0.736725213512578 0 0 0 0 0 0
73.9855053279254 95.8479967245617 239.283334335619 -0.245872439776056 0.728906065017031 -0.638938722993025 -0.311747569870345 0.564685454093365 0.764162149425961 0 0 0 0 0 0
-65.3468123010488 92.421749104719 248.907061620365 -0.793088210590048 0.483894766666355 0.369941813013871 -0.316579604131151 0.191405929306003 -0.929053886744288 0 0 0 0 0 0
-65.9265311654014 91.952863402355 248.520916944284 -0.528718989447596 0.172005431746281 -0.831186117333109 -0.556692615059829 0.668948800055296 0.492545262125653 0 0 0 0 0 0
-66.342875074104 92.2982910380396 248.653586221278 -0.107923459950017 0.115675296443844 -0.987406579168402 -0.566213100519211 0.809228874779849 0.156688713770207 0 0 0 0 0 0
-66.3489399854961 92.7820606997076 248.503733418566 -0.734672580513908 -0.378363055166738 -0.563114196167995 -0.548849264249283 0.819370914705329 0.165516734102548 0 0 0 0 0 0
-66.6296241766398 93.1534553945468 248.352035622971 -0.614891493118144 -0.702165208113321 0.358988122653267 -0.694657176786883 0.697748377622584 0.174924578786202 0 0 0 0 0 0
-67.0355232032366 93.2863180622711 248.297781812929 -0.00145922871271183 -0.242052638077475 0.970262021853529 -0.714883205598876 0.678702251705084 0.168241659178468 0 0 0 0 0 0
-67.5022786536408 93.4188731265282 248.405091120231 0.610431777879194 0.22545631107851 0.759303955178765 -0.661910689015855 0.671709746412802 0.332686423438958 0 0 0 0 0 0
-67.2095549856272 92.3864705317933 248.044737136241 0.937903864940643 -0.322466865669215 0.127872830088634 -0.285838497507116 -0.927263465536293 -0.241823941793404 0 0 0 0 0 0
-68.4040431260773 92.9097127544214 248.574929382351 -0.224507827861078 0.642141086734503 0.732974119568032 -0.968253787922638 -0.0621587361554572 -0.242117520417297 0 0 0 0 0 0
-68.370250474303 91.6837861591848 248.174422722422 -0.143329565279542 -0.768049547605422 0.624144637195485 -0.211803911511209 0.639849585778974 0.73873649608438 0 0 0 0 0 0
-69.1226135981336 92.3365508979095 247.990598605258 0.0955544453954151 0.866727909209244 0.489542724757449 -0.980923571165043 0.165625588822906 -0.101769896629034 0 0 0 0 0 0
-69.5598065067314 92.3612681078649 248.268122092873 0.0935592075646985 0.865766014562255 -0.491625754724928 -0.98573130492634 0.0111488976745811 -0.167956829479652 0 0 0 0 0 0
-69.9826100855867 92.5172748293737 248.413156222703 0.0513129272509674 0.177090000734268 -0.982856100930789 -0.900087256756194 -0.41818180919723 -0.122339301459671 0 0 0 0 0 0
-70.5415190204861 92.6189785738462 248.223764920297 0.451848263892216 -0.335251475756001 -0.826704054919905 -0.890144734301926 -0.230674727771322 -0.39297776268153 0 0 0 0 0 0
-70.8324485722807 92.642047421655 247.809796921713 0.393573359431188 -0.880908128582626 -0.26287046190682 -0.889992922774846 -0.29350109454507 -0.348955161749376 0 0 0 0 0 0
-71.9594103545162 92.5537405632895 247.865955543314 -0.62425480194662 -0.550477274930375 -0.554329064754695 -0.741818155165171 0.195182957104891 0.641567952693347 0 0 0 0 0 0
-72.2308885218383 93.4644938975243 248.242932743353 -0.917108649735309 -0.288665886341078 0.274924954566876 -0.141152623063896 0.880132462972783 0.453257966972059 0 0 0 0 0 0
-72.4020937414326 93.9112217919312 248.255712011857 -0.35326136910845 -0.569727267635854 0.742035878922177 -0.00236102650736766 0.793716592043203 0.608283155338989 0 0 0 0 0 0
-72.6505165126174 94.7291976198875 248.081486602055 0.581727490646954 0.716334196999592 -0.385303055833391 0.0518386597679563 -0.505391998837422 -0.861331342088849 0 0 0 0 0 0
-72.7591454528996 94.6193270927215 247.603844625583 0.990913836664122 0.131760226808384 0.0270002025731738 0.0760045952726027 -0.382942027604365 -0.920640377667472 0 0 0 0 0 0
-116.312285446704 259.651289287197 219.744742753934 0.0839439859862449 0.960071594664925 0.266863149075118 0.224476604242555 0.242705176973912 -0.943771397753605 0 0 0 0 0 0
-116.699359965158 258.677780076133 219.03845136218 -0.815827423015064 -0.512958166212568 0.267019728807517 0.560780351223212 -0.588957089874971 0.581940670487959 0 0 0 0 0 0
-116.505689030116 258.322991264011 219.389716255187 -0.942840964913034 -0.330617117780973 -0.0417520815296785 0.294321177762593 -0.884918075511013 0.360964048008005 0 0 0 0 0 0
-116.576783401875 258.111957751771 219.78087302848 -0.222416248440434 -0.614888283456199 -0.756599901730083 0.46997703096495 -0.747540051732276 0.469367086001432 0 0 0 0 0 0
-116.625776130742 257.644610094356 220.017989165915 0.492760901622047 -0.113452693569328 -0.862737028389585 0.355724692586895 -0.878569083495528 0.318710383592672 0 0 0 0 0 0
-116.563170058531 257.092985307637 220.011223659447 0.941231238491488 0.264798692192947 -0.209679298693706 0.309283143949764 -0.925183606158718 0.21995279439848 0 0 0 0 0 0
-117.662857936097 256.710659674167 219.957126831349 -0.0548398866662358 -0.997704506112147 0.03972789088224 -0.278870664730453 0.0535086275206113 0.958836784407887 0 0 0 0 0 0
-117.962866504024 256.55089789763 219.352212812078 0.119105333466307 -0.940078271894144 -0.319478891716494 0.236615403447393 0.339373452075908 -0.910405849540472 0 0 0 0 0 0
-117.553548296241 256.613079977644 219.06860490156 -0.682026600875675 -0.501839978068575 -0.531974014506445 0.365233542024082 0.396471856014803 -0.84226749145905 0 0 0 0 0 0
-117.331830700988 256.495244977407 218.612046249733 -0.913461458101605 0.289176337895523 -0.286295669132846 0.394162620789182 0.453958720627032 -0.799097808994163 0 0 0 0 0 0
-117.312624155427 256.466382111125 218.104411564957 -0.316322732168336 0.934615170975838 0.162586627049594 0.411285036187274 0.28955379333044 -0.8642934801191 0 0 0 0 0 0
-117.127390930253 256.73413196816 217.670901178912 -0.525539207176243 0.773206027049514 0.354909821581301 0.201633199136847 0.518476119219065 -0.830979281814763 0 0 0 0 0 0
-117.457542734303 256.947044275058 217.332544753185 0.583139101198912 0.710716250587142 0.393485958840059 -0.0845248563224909 0.534819001727288 -0.840728365201918 0 0 0 0 0 0
-117.713912953483 257.319939839288 217.034058582317 0.991235966289987 0.129261608196706 0.027252445386738 -0.0326152348523231 0.4393743486985 -0.897711773433599 0 0 0 0 0 0
-118.577704726168 257.423604252474 217.36020046907 -0.0468683478620459 -0.983806608405936 0.172996864785152 -0.983591500489018 0.015247523922316 -0.179764493657679 0 0 0 0 0 0
-119.052889588098 257.33658640826 217.132399801076 0.102697333910832 -0.529215039277478 0.842249784689877 -0.987476136256622 -0.156189346026351 0.0222658597757568 0 0 0 0 0 0
-118.913012519828 258.196717968629 216.320622279369 0.905731694338083 0.423456118743961 0.018303370448242 -0.363085612858776 0.797436202071537 -0.481938109471216 0 0 0 0 0 0
-119.812124517079 257.983494547008 215.870687557512 -0.275770468464566 0.885798002147076 0.373245961954156 -0.69046750445436 -0.452694718071075 0.564200423185873 0 0 0 0 0 0
-119.971916681039 257.770037266339 216.344560420275 -0.594608638838255 0.760218005055526 -0.261742528849086 -0.776129484988335 -0.45772541720289 0.433717033304184 0 0 0 0 0 0
-120.38290468687 257.793189585012 216.8382724836 -0.558554804071837 0.413141558737531 -0.71925696610613 -0.828073720835073 -0.227488047055077 0.512389599142513 0 0 0 0 0 0
73.5933466891034 -1.1014742627716 193.462637830826 -0.870185342883286 -0.460475210905096 0.175328403782744 0.413753386201606 -0.876112781760765 -0.247456115386386 0 0 0 0 0 0
73.9609281510713 0.104722302980377 192.995517146975 0.465566584764288 0.884653489857286 -0.0252182083868518 0.656303654517212 -0.364228731549639 -0.660759369347944 0 0 0 0 0 0
72.9866618968117 -0.724257764480086 192.579832323471 -0.938269368858349 0.272802878663784 -0.212671532779799 0.345330440571408 0.774184841310414 -0.530457084314958 0 0 0 0 0 0
72.9299325425397 -0.500031337160621 192.147553959997 -0.585107985970914 0.610955341180917 0.533274990821406 0.183033019898075 0.740110998810673 -0.647097073912763 0 0 0 0 0 0
72.961256296031 -1.19141685082231 191.576708594086 -0.917121328825855 0.0512873685092057 0.395294920336828 -0.311760995105652 0.52565091208569 -0.791515129706449 0 0 0 0 0 0
72.7411483984749 -1.06842091744025 191.080396241503 -0.589717665362314 0.353526900003839 0.726121068509444 -0.427419471719966 0.626239322956627 -0.652025233850233 0 0 0 0 0 0
72.3243434230191 -1.12021921615435 190.904726241549 -0.0658536247463715 0.847655874020573 0.526443557607254 -0.728112401055582 0.319928946145492 -0.606215968815826 0 0 0 0 0 0
71.8016700407861 -1.03742883724354 190.74283883376 0.41642881922265 0.874068500834592 0.250182522110558 -0.734039918717569 0.485599429442118 -0.474740552148849 0 0 0 0 0 0
71.5276314648646 -1.88291887857245 189.68674228384 -0.305940158764491 -0.16027408870723 -0.938463017781854 0.881976969558281 0.323461092264454 -0.342767482354844 0 0 0 0 0 0
71.9555105165836 -1.99250142804877 189.443040158781 -0.586742729316332 0.44837963797892 -0.67430606540377 0.807654435789221 0.384236352612097 -0.447277025657866 0 0 0 0 0 0
72.2108311716281 -2.05093501788956 189.073620515017 -0.281190235652916 0.95072341106029 -0.130602630277283 0.890475189753439 0.207758171599148 -0.404833890092413 0 0 0 0 0 0
72.3280730172403 -2.0114415356705 188.513181911084 0.225203449954492 0.891526209420627 0.393019622976618 0.927645669078596 -0.07285396131369 -0.36628651757965 0 0 0 0 0 0
72.7318019168176 -1.92468742636628 188.207638174703 0.204492431687619 0.2824165502838 0.93724262467532 0.978445090430443 -0.0871202969443802 -0.187230496642202 0 0 0 0 0 0
73.2844682451121 -1.7064613039565 188.183442482787 -0.0655328249075381 -0.0467138965114508 0.996756369797733 0.986490713617998 -0.153329765870683 0.0576719589011482 0 0 0 0 0 0
73.6712439202686 -1.46199718423544 188.388513522634 -0.0794007706858825 -0.802385421906924 0.591500762743156 0.973165301441441 0.066165605580946 0.220389220944436 0 0 0 0 0 0
73.9011537907121 -0.612187725545837 187.626069012453 0.872817897175876 0.477511649008199 0.100854069977129 -0.485643915661282 0.829297563306788 0.276433606268489 0 0 0 0 0 0
73.6879880012187 -0.191781686080901 187.942245597971 0.631976006683925 0.337705309184813 -0.69753956957597 -0.41501140958792 0.907604367485192 0.0634022242011546 0 0 0 0 0 0
73.601856670259 0.343508416280059 188.057521745016 0.277582827880865 -0.00881171454488425 -0.960661296895239 -0.185315680464833 0.980686778364686 -0.0625423161911133 0 0 0 0 0 0
73.7790737759599 0.865122971452109 187.966005051467 -0.491201622154559 -0.25926165624463 -0.831567411575286 -0.322826869976076 0.940875096808603 -0.102649229061172 0 0 0 0 0 0
73.2345457773891 1.27151031242254 187.800670385435 -0.907424615111083 -0.0297054440522415 0.41916363688202 0.402538877028492 -0.347713365496432 0.846792694781778 0 0 0 0 0 0
172.425543310763 -11.8276633858857 -86.0398784347412 -0.462971416649703 -0.769663500366547 0.439631167649522 0.767725387241469 -0.100305283281389 0.632879593549024 0 0 0 0 0 0
172.343293479601 -11.7688332547943 -85.7338897734737 0.663009525160578 -0.636050661414015 -0.394788456848903 0.746786761806134 0.598740582529611 0.289515538828593 0 0 0 0 0 0
172.74668713528 -11.7334389849363 -85.3529654635543 0.42108509444273 -0.195798570397819 -0.885635513667066 0.848788238908014 0.429289173744262 0.308657303165503 0 0 0 0 0 0
173.228054435574 -11.7904866068825 -85.1832772300481 0.149675797893378 0.429373323784901 -0.890637807611426 0.816583668620542 0.45421265399015 0.356204965009531 0 0 0 0 0 0
173.724245279977 -11.7521869811323 -85.2914827024083 -0.364224512630333 0.882032772075031 -0.298929244780154 0.831090953015607 0.452678148847137 0.323063958639679 0 0 0 0 0 0
174.128523030453 -11.5567277583435 -85.4333291080395 -0.589841252423846 0.53183887321331 0.60764686280624 0.806300708308686 0.429210850262385 0.407010090535789 0 0 0 0 0 0
174.327771638473 -11.1242688685242 -85.3218317862278 -0.331301035270481 -0.266666099769989 0.905057354681 0.670467714885377 0.608374941182016 0.424679849107724 0 0 0 0 0 0
174.37568027831 -10.7229976122661 -85.0579240609629 0.416649977196048 -0.684526437532616 0.598185884839686 0.404600973448382 0.728890609315784 0.55228301796804 0 0 0 0 0 0
174.32439739014 -9.69668215901845 -85.7738987538514 0.806207812992151 0.175870118948773 -0.564888186751465 -0.101968409535531 -0.89920304979849 -0.425483629167902 0 0 0 0 0 0
174.26486170738 -9.99175322382168 -86.1903352356315 0.946949987171949 -0.28254509192152 0.153146964795602 -0.230128406565489 -0.928769507168655 -0.290565171769301 0 0 0 0 0 0
174.122741498781 -8.87226830951454 -86.3233371045931 0.59241584661342 0.698244605047521 0.401868058202361 -0.795975476565901 0.584297183604671 0.158176616278564 0 0 0 0 0 0
174.293380671856 -8.67248230537864 -85.7361430158578 0.0173897435137032 0.928556923796185 0.370782464648334 -0.253441066147413 -0.354633601203302 0.900001463825276 0 0 0 0 0 0
173.954461289753 -8.73142591607308 -85.1044592470686 -0.730952028086986 0.658568442604133 0.178876323311637 -0.145273468917773 0.105946736052985 -0.98370265240484 0 0 0 0 0 0
174.386087575234 -8.9874341961316 -84.3395168453898 -0.0394296962859778 -0.869941183766368 0.491576683578427 0.853414088734913 -0.285208889272024 -0.436280050688749 0 0 0 0 0 0
174.887306216331 -9.00969709329365 -84.3269452036853 -0.258980076849292 -0.959623979187575 -0.10977767698098 0.811312156032496 -0.154452687033144 -0.563841247996406 0 0 0 0 0 0
175.33998963942 -9.25699342593224 -84.3271962300222 -0.511735076116109 -0.45122321664953 -0.731112043826999 0.850670295441317 -0.146894253626544 -0.504759474111465 0 0 0 0 0 0
175.693956379884 -9.55811679450167 -84.4159703721981 -0.417567299028412 0.186588751573345 -0.889281838658823 0.848417536161427 -0.270321223519664 -0.455097924021419 0 0 0 0 0 0
176.059030461334 -9.79359934749684 -84.7020633203994 -0.26984983983132 0.824718504608041 -0.497011521093915 0.834981258178636 -0.0566519270016674 -0.54735441686116 0 0 0 0 0 0
177.047255637223 -9.96622179195128 -83.8731498850892 0.701908377684454 -0.19686172551567 0.684521796850451 0.705892380957985 0.0639704137400933 -0.705424505295491 0 0 0 0 0 0
177.402630425567 -9.71305777832868 -83.94498461194 0.356043015470929 -0.931456934071038 0.0749756700893658 0.701377417890945 0.213352629241025 -0.680110559592022 0 0 0 0 0 0
-90.857344834778 66.8600771229633 -205.050354736558 -0.746963746013416 -0.592372638001548 0.301893722837512 0.0030671692040236 0.450992835200513 0.892522299481014 0 0 0 0 0 0
-90.788004243448 67.743573797723 -204.47278405673 -0.77760352591479 0.0227622969561645 0.628342768178457 -0.102844938549096 -0.990489805086444 -0.0913940076517692 0 0 0 0 0 0
-90.8010541914647 67.392623813483 -204.215868572621 -0.881761775232139 -0.171468661235757 -0.43942538610495 0.213298279170808 -0.975845142016152 -0.0472239653803906 0 0 0 0 0 0
-90.0561107360447 68.1565008644758 -203.75504992345 0.0790709946442947 0.875433643016481 -0.476826713262642 -0.623626359122403 0.416607483735948 0.661459272142237 0 0 0 0 0 0
-90.396585585577 67.7681150494748 -202.716210724137 0.424397188653658 0.549614849788214 0.71959053853921 -0.851643049314983 -0.0276439509498638 0.523392709663938 0 0 0 0 0 0
-90.610870320215 67.7258493468284 -202.321886962595 -0.0721197929256527 0.997169473197138 0.0212550509786207 -0.903086842304047 -0.0743312172681638 0.422976388698872 0 0 0 0 0 0
-90.9048503455998 67.8995784148447 -201.886978728096 -0.212720173000719 0.674572573050534 -0.70689601193282 -0.954386587178816 0.0116838430698584 0.298344984915602 0 0 0 0 0 0
-91.2814646004955 68.116098277765 -201.630636345709 -0.221953323634587 -0.261670791338664 -0.939289688588008 -0.931750377925407 -0.226985031469803 0.283406119772515 0 0 0 0 0 0
-91.8409589851685 68.1294249000578 -201.615855421718 0.060192830811674 -0.811970876858006 -0.580586012795106 -0.99613648504279 -0.0861234432637702 0.0171713624091667 0 0 0 0 0 0
-92.1821728883819 68.220745190768 -201.978197027034 -0.11401020032902 -0.939953159124204 0.321698201538904 -0.953240883047049 0.012275622199338 -0.301962130054914 0 0 0 0 0 0
-92.5554910481659 68.03686029578 -202.215504226647 -0.147054576989244 -0.282882184917692 0.94781465532176 -0.979628364905863 -0.0908355008036166 -0.179101028655955 0 0 0 0 0 0
-92.7944580307752 67.6368341995482 -202.293963752103 -0.45119698487859 0.516804295580758 0.727553847426942 -0.873302475712436 -0.0878292891195497 -0.479195995274674 0 0 0 0 0 0
-93.2351886707427 67.4087427725075 -202.505099860723 0.0463647247830023 0.922120070187719 0.384115722735732 -0.85360177005609 0.236304514305178 -0.464245834312064 0 0 0 0 0 0
-93.5594718097225 67.4346106440687 -203.261307544197 -0.997425338576402 -0.0209216188939202 0.0685928555215979 -0.0195756863330967 0.999603571486079 0.02023591798918 0 0 0 0 0 0
-93.5841089128008 67.8674945986353 -203.48792696802 -0.771258830937763 -0.127419648478864 0.623637754535466 -0.113925602022629 0.991571403795134 0.0617017696628673 0 0 0 0 0 0
-93.7898729541953 68.2849184154967 -203.545255561641 -0.0163106396756031 -0.274279503180797 0.961511683323852 0.0960937049325535 0.956758227157421 0.274553627983541 0 0 0 0 0 0
-94.0129800425863 68.6355029809023 -203.276965065978 0.718167189489732 -0.0314442039066693 0.695159801758628 -0.312283015030296 0.878173298066518 0.362340967993632 0 0 0 0 0 0
-94.2246956573581 68.9334211169059 -202.870046153178 0.957899882153914 0.22530890820078 0.177943001140506 -0.280896621310933 0.607312234213105 0.743147992200201 0 0 0 0 0 0
-95.22557266824 69.0356268389457 -203.350579205823 0.0690469629683544 -0.447778544016377 -0.891474560727013 0.423808447702904 -0.795795880704308 0.432545160543625 0 0 0 0 0 0
-96.0370867407128 68.8670858080555 -203.093140395797 -0.426344735534961 0.42144629871987 -0.800383148109046 0.54066621418446 0.828107897068707 0.148045113569777 0 0 0 0 0 0
