           0   0.000000
       10000   0.000000
       20000  -0.678937
       30000   0.000000
       40000  -0.000076
       50000   0.000000
       60000  -0.008500
       70000  -0.000008
       80000   0.000000
       90000   0.000000
      100000   0.000000
      110000  -0.000057
      120000  -0.213881
      130000  -0.001539
      140000   0.000000
      150000  -1.122809
      160000  -1.061609
      170000   0.000000
      180000  -0.000000
      190000  -0.353511
      200000  -0.654927
