           0   0.000000
       10000  -2.366055
       20000  -2.941232
       30000  -4.201119
       40000  -4.228397
       50000  -2.399052
       60000  -3.937736
       70000  -5.768766
       80000  -4.883661
       90000  -7.402152
      100000  -6.523958
      110000  -3.549375
      120000  -3.908675
      130000  -5.005607
      140000  -5.112806
      150000  -7.985723
      160000  -6.547573
      170000  -4.226220
      180000  -6.040401
      190000  -5.945587
      200000  -7.951321
