#id1 id2 FENE BEXC STCK NEXC HB CRSTCK CXSTCK total, t = 200000
0 1 0.0388117 0 -1.34093 0 0 0 0 -1.30211
1 2 8.78226e-05 0 -1.1751 0 0 0 0 -1.17501
2 3 0.0711924 0 -0.565436 0 0 0 0 -0.494244
3 4 0.0141573 0 -1.43986 0 0 0 0 -1.4257
4 5 0.101932 0 -1.37665 0 0 0 0 -1.27472
5 6 0.00247108 0 -1.36469 0 0 0 0 -1.36222
6 7 0.0556453 0 -1.25164 0 0 0 0 -1.19599
7 8 0.055316 0 -1.16497 0 0 0 0 -1.10966
8 9 0.0218879 0 -0.587331 0 0 0 0 -0.565443
9 10 0.0487716 0 -1.24187 0 0 0 0 -1.19309
10 11 0.101168 0 0 0 0 0 0 0.101168
11 12 0.0669748 0 -1.1784 0 0 0 0 -1.11142
12 13 0.217393 0 -1.45425 0 0 0 0 -1.23685
13 14 0.0188868 0 -1.1722 0 0 0 0 -1.15332
14 15 0.044652 0 -0.55933 0 0 0 0 -0.514678
15 16 0.00143278 0 0 0 0 0 0 0.00143278
16 17 0.0212314 0 0 0 0 0 0 0.0212314
17 18 0.0121407 0 -1.20119 0 0 0 0 -1.18905
18 19 0.0430877 0 -1.23258 0 0 0 0 -1.18949
20 21 0.121004 0 -0 0 0 0 0 0.121004
21 22 0.0250416 0 0 0 0 0 0 0.0250416
22 23 0.0190288 0 -1.1518 0 0 0 0 -1.13277
23 24 0.0358205 0 -1.10632 0 0 0 0 -1.0705
24 25 0.0124875 0 -0 0 0 0 0 0.0124875
25 26 0.00847989 0 -1.11099 0 0 0 0 -1.10251
26 27 0.00630416 0 0 0 0 0 0 0.00630416
27 28 0.0604514 0 -0 0 0 0 0 0.0604514
26 29 0 0 0 0 0 -0 -0.553863 -0.553863
28 29 0.0350862 0 0 0 0 0 0 0.0350862
29 30 0.0177141 0 0 0 0 0 0 0.0177141
30 31 0.0275712 0 0 0 0 0 0 0.0275712
31 32 0.0111306 0 -1.23884 0 0 0 0 -1.22771
32 33 0.0287721 0 0 0 0 0 0 0.0287721
33 34 0.211939 0 0 0 0 0 0 0.211939
34 35 0.0135655 0 -0.991746 0 0 0 0 -0.97818
35 36 0.00893903 0 -1.07509 0 0 0 0 -1.06615
36 37 0.000294696 0 0 0 0 0 0 0.000294696
37 38 0.185694 0 0 0 0 0 0 0.185694
38 39 0.0392618 0 -1.11403 0 0 0 0 -1.07477
40 41 0.107988 0 -0.663527 0 0 0 0 -0.555538
41 42 0.352008 0 -1.12962 0 0 0 0 -0.777609
42 43 0.0669305 0 0 0 0 0 0 0.0669305
43 44 0.312297 0 0 0 0 0 0 0.312297
44 45 0.0463593 0 -0.80468 0 0 0 0 -0.75832
45 46 3.99773e-05 0 0 0 0 0 0 3.99773e-05
46 47 0.0149426 0 -1.39949 0 0 0 0 -1.38455
47 48 0.000409349 0 0 0 0 0 0 0.000409349
48 49 0.0746338 0 0 0 0 0 0 0.0746338
49 50 0.00457163 0 0 0 0 0 0 0.00457163
50 51 0.0494147 0 -1.03461 0 0 0 0 -0.985195
51 52 0.00173134 0 0 0 0 0 0 0.00173134
52 53 0.0029604 0 -0 0 0 0 0 0.0029604
53 54 0.0526394 0 0 0 0 0 0 0.0526394
54 55 0.0258858 0 -0 0 0 0 0 0.0258858
55 56 0.0854574 0 -0.772344 0 0 0 0 -0.686887
56 57 0.00299332 0 0 0 0 0 0 0.00299332
57 58 0.00652075 0 -0 0 0 0 0 0.00652075
58 59 0.000134508 0 0 0 0 0 0 0.000134508
60 61 0.00965182 0 -1.18094 0 0 0 0 -1.17128
61 62 0.00594629 0 0 0 0 0 0 0.00594629
62 63 0.00723425 0 -1.34259 0 0 0 0 -1.33536
63 64 0.000641487 0 -1.22274 0 0 0 0 -1.2221
64 65 0.00942639 0 -1.04891 0 0 0 0 -1.03949
65 66 0.0776936 0 -0 0 0 0 0 0.0776936
66 67 0.0656229 0 -1.3615 0 0 0 0 -1.29588
67 68 0.0058622 0 0 0 0 0 0 0.0058622
68 69 0.0474873 0 0 0 0 0 0 0.0474873
69 70 0.0259827 0 0 0 0 0 0 0.0259827
70 71 0.10226 0 -1.05923 0 0 0 0 -0.956972
71 72 0.0182832 0 -0.99803 0 0 0 0 -0.979747
72 73 0.0074348 0 0 0 0 0 0 0.0074348
73 74 0.0264504 0 0 0 0 0 0 0.0264504
74 75 0.110703 0 -1.21475 0 0 0 0 -1.10404
75 76 5.46319e-06 0 -1.34402 0 0 0 0 -1.34402
76 77 0.013678 0 0 0 0 0 0 0.013678
77 78 0.061935 0 -1.14466 0 0 0 0 -1.08273
78 79 0.000717034 0 -1.08142 0 0 0 0 -1.0807
80 81 0.0204992 0 -0.355669 0 0 0 0 -0.33517
81 82 9.10276e-05 0 -1.37022 0 0 0 0 -1.37012
82 83 0.00571418 0 0 0 0 0 0 0.00571418
83 84 0.0319314 0 0 0 0 0 0 0.0319314
84 85 0.0214673 0 -0.793743 0 0 0 0 -0.772275
85 86 0.027166 0 -1.28446 0 0 0 0 -1.25729
86 87 0.0179104 0 0 0 0 0 0 0.0179104
87 88 0.0106872 0 0 0 0 0 0 0.0106872
88 89 0.0109394 0 0 0 0 0 0 0.0109394
89 90 0.12716 0 -1.12254 0 0 0 0 -0.995378
90 91 0.014885 0 0 0 0 0 0 0.014885
91 92 0.0529799 0 0 0 0 0 0 0.0529799
92 93 0.155044 0 -1.30934 0 0 0 0 -1.15429
93 94 0.000672682 0 -1.31589 0 0 0 0 -1.31521
94 95 0.0572897 0 -1.0187 0 0 0 0 -0.96141
95 96 0.0101849 0 -1.37995 0 0 0 0 -1.36977
96 97 0.0233136 0 -1.36786 0 0 0 0 -1.34455
97 98 5.75767e-05 0 -1.34628 0 0 0 0 -1.34623
98 99 0.0118387 0 -1.30901 0 0 0 0 -1.29717
100 101 0.0430684 0 -1.3951 0 0 0 0 -1.35203
101 102 0.0875907 0 -1.38185 0 0 0 0 -1.29426
102 103 0.508403 0 -1.01183 0 0 0 0 -0.503422
103 104 0.0399971 0 -0.964081 0 0 0 0 -0.924084
104 105 0.00488491 0 -1.42565 0 0 0 0 -1.42077
105 106 0.0324147 0 -1.07131 0 0 0 0 -1.03889
106 107 0.0053209 0 -0.854001 0 0 0 0 -0.84868
107 108 0.00171419 0 -1.18853 0 0 0 0 -1.18682
108 109 0.00217981 0 -1.36653 0 0 0 0 -1.36435
109 110 2.16071e-06 0 -1.21578 0 0 0 0 -1.21578
110 111 2.35359e-05 0 -1.21751 0 0 0 0 -1.21749
111 112 0.0176766 0 0 0 0 0 0 0.0176766
112 113 0.0108109 0 -1.30893 0 0 0 0 -1.29812
113 114 0.000308859 0 -0.835369 0 0 0 0 -0.83506
114 115 0.000109088 0 -0 0 0 0 0 0.000109088
114 116 0 0 0 0 -0 0 -0.01666 -0.01666
115 116 0.024614 0 -1.0087 0 0 0 0 -0.984087
116 117 0.0196396 0 0 0 0 0 0 0.0196396
117 118 0.0325487 0 -1.14181 0 0 0 0 -1.10926
118 119 0.101335 0 -0.825805 0 0 0 0 -0.72447
120 121 0.00757917 0 -1.09828 0 0 0 0 -1.09071
121 122 0.110167 0 -1.44924 0 0 0 0 -1.33907
122 123 0.0141462 0 0 0 0 0 0 0.0141462
123 124 0.000384233 0 -0 0 0 0 0 0.000384233
124 125 0.00897021 0 -1.27447 0 0 0 0 -1.2655
125 126 0.178064 0 -1.26552 0 0 0 0 -1.08745
126 127 0.0401101 0 0 0 0 0 0 0.0401101
127 128 0.406464 0 -0 0 0 0 0 0.406464
128 129 0.0599809 0 -1.37959 0 0 0 0 -1.31961
129 130 0.186112 0 0 0 0 0 0 0.186112
130 131 0.0655803 0 0 0 0 0 0 0.0655803
131 132 7.16136e-05 0 0 0 0 0 0 7.16136e-05
131 133 0 0 0 0 0 0 -0.221659 -0.221659
132 133 0.012099 0 0 0 0 0 0 0.012099
133 134 0.0113081 0 0 0 0 0 0 0.0113081
134 135 0.000877278 0 0 0 0 0 0 0.000877278
135 136 0.0444102 0 0 0 0 0 0 0.0444102
136 137 0.0150433 0 0 0 0 0 0 0.0150433
137 138 0.00396576 0 -0 0 0 0 0 0.00396576
138 139 0.0292697 0 0 0 0 0 0 0.0292697
140 141 0.000971365 0 0 0 0 0 0 0.000971365
141 142 0.00389254 0 0 0 0 0 0 0.00389254
142 143 0.000593984 0 -0.782226 0 0 0 0 -0.781632
143 144 0.100761 0 -1.29627 0 0 0 0 -1.19551
144 145 0.15984 0 -0.999729 0 0 0 0 -0.839889
145 146 0.118607 0 -1.20012 0 0 0 0 -1.08151
146 147 0.165122 0 -1.37296 0 0 0 0 -1.20784
147 148 0.0055775 0 0 0 0 0 0 0.0055775
148 149 0.000819789 0 0 0 0 0 0 0.000819789
149 150 0.0310698 0 -1.05268 0 0 0 0 -1.02161
150 151 0.0743899 0 -0.958198 0 0 0 0 -0.883808
151 152 0.000290706 0 -0.950998 0 0 0 0 -0.950707
152 153 0.156599 0 0 0 0 0 0 0.156599
153 154 0.0385042 0 0 0 0 0 0 0.0385042
154 155 0.230682 0 0 0 0 0 0 0.230682
155 156 0.0109847 0 -0.9461 0 0 0 0 -0.935116
156 157 0.0114323 0 -1.27926 0 0 0 0 -1.26783
157 158 0.00229312 0 -1.16574 0 0 0 0 -1.16345
158 159 0.00167266 0 -1.12144 0 0 0 0 -1.11976
160 161 0.000298726 0 -1.25339 0 0 0 0 -1.25309
161 162 0.160158 0 -1.31984 0 0 0 0 -1.15968
162 163 0.00418672 0 0 0 0 0 0 0.00418672
163 164 0.00857838 0 -0.975284 0 0 0 0 -0.966706
164 165 0.158545 0 -1.30169 0 0 0 0 -1.14315
165 166 0.00374717 0 -1.16446 0 0 0 0 -1.16071
166 167 0.0568471 0 -1.219 0 0 0 0 -1.16215
167 168 0.0936356 0 0 0 0 0 0 0.0936356
168 169 0.00100404 0 -0.629191 0 0 0 0 -0.628187
169 170 0.0723536 0 -1.29131 0 0 0 0 -1.21895
170 171 0.075499 0 -1.17616 0 0 0 0 -1.10066
171 172 0.0539533 0 -1.07684 0 0 0 0 -1.02289
172 173 0.21381 0 -1.04436 0 0 0 0 -0.830547
173 174 7.32474e-05 0 -1.2236 0 0 0 0 -1.22352
174 175 0.000838216 0 -0.988528 0 0 0 0 -0.987689
175 176 0.0590312 0 -1.37216 0 0 0 0 -1.31313
176 177 0.000926095 0 0 0 0 0 0 0.000926095
177 178 0.0708677 0 0 0 0 0 0 0.0708677
178 179 0.00799266 0 -1.01076 0 0 0 0 -1.00276
180 181 0.0370105 0 -1.19982 0 0 0 0 -1.16281
181 182 0.0320036 0 -0.924032 0 0 0 0 -0.892029
182 183 0.114246 0 0 0 0 0 0 0.114246
183 184 0.0041464 0 -1.11594 0 0 0 0 -1.11179
184 185 0.000120378 0 -0.660561 0 0 0 0 -0.660441
185 186 0.0355501 0 -1.38981 0 0 0 0 -1.35426
186 187 0.0112944 0 -1.07642 0 0 0 0 -1.06512
187 188 0.00847072 0 -0.848722 0 0 0 0 -0.840252
188 189 0.033972 0 -0.856148 0 0 0 0 -0.822176
189 190 0.000242657 0 -1.35323 0 0 0 0 -1.35299
190 191 0.00185849 0 -1.10316 0 0 0 0 -1.1013
191 192 0.00192217 0 -0.0163085 0 0 0 0 -0.0143864
192 193 0.00311671 0 -1.3317 0 0 0 0 -1.32858
193 194 0.161735 0 -0.911114 0 0 0 0 -0.74938
194 195 0.102295 0 0 0 0 0 0 0.102295
195 196 0.200911 0 -0.835158 0 0 0 0 -0.634248
196 197 0.00725803 0 -1.31897 0 0 0 0 -1.31171
197 198 0.0205678 0 -0 0 0 0 0 0.0205678
198 199 0.0171574 0 0 0 0 0 0 0.0171574
200 201 0.0631374 0 0 0 0 0 0 0.0631374
201 202 0.002038 0 -1.0891 0 0 0 0 -1.08706
202 203 0.101681 0 0 0 0 0 0 0.101681
203 204 0.00340514 0 -1.26989 0 0 0 0 -1.26649
204 205 0.0756022 0 -1.26898 0 0 0 0 -1.19338
205 206 0.000769862 0 -0.98926 0 0 0 0 -0.98849
206 207 0.0294613 0 -0 0 0 0 0 0.0294613
207 208 0.00183038 0 -1.09369 0 0 0 0 -1.09186
208 209 0.107946 0 -1.11903 0 0 0 0 -1.01109
209 210 0.00263089 0 -1.05145 0 0 0 0 -1.04882
210 211 0.00282113 0 0 0 0 0 0 0.00282113
211 212 0.0152024 0 0 0 0 0 0 0.0152024
212 213 0.023372 0 0 0 0 0 0 0.023372
213 214 0.21285 0 0 0 0 0 0 0.21285
214 215 0.139613 0 -1.19104 0 0 0 0 -1.05143
215 216 0.00285908 0 -0 0 0 0 0 0.00285908
216 217 0.00365766 0 -1.16 0 0 0 0 -1.15634
217 218 0.00655585 0 0 0 0 0 0 0.00655585
218 219 0.00224658 0 0 0 0 0 0 0.00224658
220 221 0.0503281 0 0 0 0 0 0 0.0503281
221 222 0.00248761 0 -1.37003 0 0 0 0 -1.36754
222 223 0.00375578 0 -1.17379 0 0 0 0 -1.17004
223 224 0.00288695 0 -1.39829 0 0 0 0 -1.3954
224 225 0.0227629 0 -1.15282 0 0 0 0 -1.13006
225 226 0.0428952 0 0 0 0 0 0 0.0428952
226 227 0.157361 0 -1.26931 0 0 0 0 -1.11195
227 228 0.0525858 0 0 0 0 0 0 0.0525858
228 229 0.0136786 0 0 0 0 0 0 0.0136786
229 230 0.0159764 0 -1.25268 0 0 0 0 -1.2367
230 231 0.102776 0 0 0 0 0 0 0.102776
231 232 0.100097 0 0 0 0 0 0 0.100097
232 233 0.529686 0 0 0 0 0 0 0.529686
233 234 0.0276675 0 0 0 0 0 0 0.0276675
234 235 0.0239208 0 -1.06995 0 0 0 0 -1.04603
235 236 0.0102191 0 -0.795177 0 0 0 0 -0.784958
236 237 0.0649 0 -0.866986 0 0 0 0 -0.802086
237 238 0.0197712 0 0 0 0 0 0 0.0197712
238 239 0.108703 0 0 0 0 0 0 0.108703
240 241 0.209902 0 -1.38127 0 0 0 0 -1.17136
241 242 0.0455763 0 -1.1041 0 0 0 0 -1.05853
242 243 0.19475 0 -1.1054 0 0 0 0 -0.910647
243 244 0.00775339 0 -1.39572 0 0 0 0 -1.38796
244 245 0.133236 0 -1.33832 0 0 0 0 -1.20508
245 246 0.00111328 0 -1.07304 0 0 0 0 -1.07193
246 247 0.0240089 0 -0.916721 0 0 0 0 -0.892712
247 248 8.9554e-05 0 -1.33048 0 0 0 0 -1.33039
248 249 0.00301703 0 0 0 0 0 0 0.00301703
249 250 0.0659967 0 -0.875999 0 0 0 0 -0.810002
250 251 2.55388e-07 0 0 0 0 0 0 2.55388e-07
251 252 2.24349e-05 0 0 0 0 0 0 2.24349e-05
252 253 0.000320167 0 -0 0 0 0 0 0.000320167
253 254 0.00013592 0 -0 0 0 0 0 0.00013592
254 255 0.10154 0 -0.818389 0 0 0 0 -0.71685
255 256 0.00176072 0 0 0 0 0 0 0.00176072
256 257 0.124044 0 -1.27205 0 0 0 0 -1.14801
257 258 0.00589594 0 -0.889434 0 0 0 0 -0.883538
258 259 0.0410118 0 -1.13209 0 0 0 0 -1.09108
260 261 0.0105819 0 0 0 0 0 0 0.0105819
261 262 0.0235116 0 -1.25683 0 0 0 0 -1.23331
262 263 0.00100387 0 -0.88528 0 0 0 0 -0.884276
263 264 0.00748472 0 -1.16382 0 0 0 0 -1.15634
264 265 0.0287343 0 -1.1524 0 0 0 0 -1.12367
265 266 0.409328 0 -1.36133 0 0 0 0 -0.952004
266 267 0.00698124 0 0 0 0 0 0 0.00698124
267 268 0.0503628 0 0 0 0 0 0 0.0503628
268 269 0.0167517 0 0 0 0 0 0 0.0167517
269 270 0.320347 0 0 0 0 0 0 0.320347
270 271 0.100229 0 -1.10947 0 0 0 0 -1.00925
271 272 0.00469017 0 -1.24594 0 0 0 0 -1.24125
272 273 0.363887 0 -1.12416 0 0 0 0 -0.760269
273 274 0.0240156 0 0 0 0 0 0 0.0240156
274 275 0.0100515 0 0 0 0 0 0 0.0100515
275 276 0.0260922 0 -1.12809 0 0 0 0 -1.102
276 277 0.00474477 0 0 0 0 0 0 0.00474477
277 278 0.0424928 0 -0.530858 0 0 0 0 -0.488365
273 279 0 0 0 0 -0 -0.000668207 0 -0.000668207
278 279 0.0804851 0 -0.484357 0 0 0 0 -0.403872
280 281 4.63336e-05 0 0 0 0 0 0 4.63336e-05
281 282 0.0257748 0 -1.14342 0 0 0 0 -1.11765
282 283 0.0644176 0 -1.07525 0 0 0 0 -1.01084
283 284 0.0158057 0 0 0 0 0 0 0.0158057
284 285 0.136527 0 0 0 0 0 0 0.136527
285 286 0.00499346 0 -1.27054 0 0 0 0 -1.26555
286 287 0.30428 0 0 0 0 0 0 0.30428
287 288 6.17825e-06 0 -0.799608 0 0 0 0 -0.799602
288 289 0.0907208 0 0 0 0 0 0 0.0907208
289 290 0.000234967 0 -0 0 0 0 0 0.000234967
290 291 0.0281292 0 0 0 0 0 0 0.0281292
291 292 0.00174452 0 -1.24374 0 0 0 0 -1.24199
292 293 3.85385e-05 0 -1.09783 0 0 0 0 -1.09779
293 294 0.00368255 0 -1.40489 0 0 0 0 -1.40121
294 295 0.0470055 0 -1.35944 0 0 0 0 -1.31244
295 296 0.00597863 0 -0.953409 0 0 0 0 -0.94743
296 297 0.0104688 0 -1.07719 0 0 0 0 -1.06672
297 298 0.00629898 0 -1.42753 0 0 0 0 -1.42123
298 299 0.00135156 0 0 0 0 0 0 0.00135156
300 301 0.11419 0 0 0 0 0 0 0.11419
301 302 0.0416278 0 -1.28462 0 0 0 0 -1.24299
302 303 0.0794902 0 0 0 0 0 0 0.0794902
303 304 0.120989 0 0 0 0 0 0 0.120989
304 305 0.0183955 0 0 0 0 0 0 0.0183955
305 306 0.0386731 0 -1.23204 0 0 0 0 -1.19336
304 307 0 0 0 0 0 -0.000149678 0 -0.000149678
306 307 0.0701585 0 0 0 0 0 0 0.0701585
304 308 0 0 0 0 0 -0.000998015 0 -0.000998015
307 308 0.00241945 0 -1.375 0 0 0 0 -1.37258
308 309 0.13296 0 0 0 0 0 0 0.13296
309 310 0.0177272 0 -0.962074 0 0 0 0 -0.944347
310 311 0.0228352 0 -0.615397 0 0 0 0 -0.592562
311 312 0.00414895 0 -1.23153 0 0 0 0 -1.22738
312 313 6.96066e-05 0 0 0 0 0 0 6.96066e-05
313 314 0.00791847 0 -1.01552 0 0 0 0 -1.0076
314 315 0.0705967 0 -1.30987 0 0 0 0 -1.23927
315 316 0.0707633 0 -1.29516 0 0 0 0 -1.2244
316 317 0.00534376 0 -1.1725 0 0 0 0 -1.16716
317 318 0.0439817 0 -1.40571 0 0 0 0 -1.36173
318 319 0.0632589 0 0 0 0 0 0 0.0632589
320 321 0.0710486 0 0 0 0 0 0 0.0710486
321 322 0.0373836 0 0 0 0 0 0 0.0373836
322 323 0.0931095 0 -1.04532 0 0 0 0 -0.952212
323 324 0.0100279 0 -1.33567 0 0 0 0 -1.32564
324 325 0.0916036 0 -1.25206 0 0 0 0 -1.16046
325 326 0.00117696 0 -0.978839 0 0 0 0 -0.977662
326 327 0.00306447 0 0 0 0 0 0 0.00306447
327 328 0.000754108 0 -0 0 0 0 0 0.000754108
328 329 0.000528836 0 0 0 0 0 0 0.000528836
329 330 0.00419817 0 -1.29018 0 0 0 0 -1.28599
330 331 0.0520325 0 -1.15194 0 0 0 0 -1.09991
331 332 0.0236604 0 -1.1277 0 0 0 0 -1.10404
332 333 0.0138799 0 -0 0 0 0 0 0.0138799
333 334 0.431288 0 0 0 0 0 0 0.431288
334 335 0.173263 0 -1.24309 0 0 0 0 -1.06983
335 336 0.0522978 0 -1.37232 0 0 0 0 -1.32002
336 337 0.0463177 0 -1.36195 0 0 0 0 -1.31563
337 338 0.01451 0 0 0 0 0 0 0.01451
338 339 0.000828384 0 -0 0 0 0 0 0.000828384
340 341 0.0173728 0 -0.999317 0 0 0 0 -0.981944
341 342 0.295163 0 0 0 0 0 0 0.295163
342 343 2.24318e-05 0 -1.37589 0 0 0 0 -1.37587
343 344 0.0428131 0 -1.3671 0 0 0 0 -1.32429
344 345 1.66433e-05 0 0 0 0 0 0 1.66433e-05
345 346 9.87341e-05 0 0 0 0 0 0 9.87341e-05
346 347 0.196922 0 -0 0 0 0 0 0.196922
347 348 0.105796 0 -0.993838 0 0 0 0 -0.888043
348 349 0.0138602 0 0 0 0 0 0 0.0138602
349 350 0.0087595 0 0 0 0 0 0 0.0087595
350 351 0.000261541 0 -0.855253 0 0 0 0 -0.854992
351 352 0.0519619 0 -1.23804 0 0 0 0 -1.18607
352 353 0.117351 0 0 0 0 0 0 0.117351
353 354 0.110491 0 -1.42336 0 0 0 0 -1.31287
354 355 0.0187974 0 0 0 0 0 0 0.0187974
355 356 0.000994627 0 0 0 0 0 0 0.000994627
356 357 0.000287967 0 0 0 0 0 0 0.000287967
357 358 0.00848215 0 -1.23529 0 0 0 0 -1.22681
358 359 0.0711303 0 0 0 0 0 0 0.0711303
360 361 0.0262612 0 -1.38124 0 0 0 0 -1.35497
361 362 0.00419229 0 -1.35718 0 0 0 0 -1.35299
362 363 0.0645076 0 -1.41487 0 0 0 0 -1.35037
363 364 1.62493e-05 0 0 0 0 0 0 1.62493e-05
364 365 0.0134031 0 -1.02765 0 0 0 0 -1.01424
365 366 0.000328367 0 0 0 0 0 0 0.000328367
366 367 0.0568568 0 -1.41702 0 0 0 0 -1.36017
367 368 0.00686879 0 0 0 0 0 0 0.00686879
368 369 0.0535283 0 -1.0576 0 0 0 0 -1.00407
369 370 0.000895714 0 -0.25682 0 0 0 0 -0.255924
370 371 0.00524366 0 -1.01339 0 0 0 0 -1.00815
371 372 0.00102077 0 0 0 0 0 0 0.00102077
372 373 0.269233 0 0 0 0 0 0 0.269233
373 374 0.069187 0 0 0 0 0 0 0.069187
374 375 0.000181982 0 -0 0 0 0 0 0.000181982
375 376 0.0563678 0 -0 0 0 0 0 0.0563678
376 377 0.00980027 0 0 0 0 0 0 0.00980027
377 378 0.0451932 0 -1.20541 0 0 0 0 -1.16022
378 379 0.00142961 0 0 0 0 0 0 0.00142961
380 381 0.0831645 0 0 0 0 0 0 0.0831645
381 382 0.0131704 0 -0.404982 0 0 0 0 -0.391811
382 383 5.11376e-05 0 -1.40878 0 0 0 0 -1.40873
383 384 0.070607 0 0 0 0 0 0 0.070607
384 385 0.0980981 0 -0.823195 0 0 0 0 -0.725097
385 386 0.140266 0 -1.23913 0 0 0 0 -1.09887
386 387 0.0173122 0 -1.27014 0 0 0 0 -1.25283
387 388 0.0127549 0 -1.03977 0 0 0 0 -1.02701
388 389 0.0690373 0 -0.618719 0 0 0 0 -0.549682
389 390 3.7663e-06 0 -0 0 0 0 0 3.7663e-06
390 391 0.0379572 0 -1.16053 0 0 0 0 -1.12257
391 392 0.0845815 0 -1.16631 0 0 0 0 -1.08173
392 393 0.00175598 0 -1.1575 0 0 0 0 -1.15575
393 394 0.00744588 0 -1.31306 0 0 0 0 -1.30562
394 395 0.139388 0 -1.32016 0 0 0 0 -1.18077
395 396 0.00201012 0 0 0 0 0 0 0.00201012
396 397 0.172911 0 0 0 0 0 0 0.172911
397 398 0.0921593 0 -1.25559 0 0 0 0 -1.16343
398 399 0.0031186 0 0 0 0 0 0 0.0031186
400 401 0.0450248 0 0 0 0 0 0 0.0450248
401 402 1.26965e-05 0 0 0 0 0 0 1.26965e-05
402 403 0.00667487 0 0 0 0 0 0 0.00667487
403 404 0.000674149 0 0 0 0 0 0 0.000674149
404 405 0.139188 0 -1.00036 0 0 0 0 -0.861173
405 406 0.000192644 0 0 0 0 0 0 0.000192644
406 407 0.0127018 0 0 0 0 0 0 0.0127018
407 408 0.0230148 0 -1.17735 0 0 0 0 -1.15434
408 409 0.0105509 0 -0.866807 0 0 0 0 -0.856256
409 410 0.107908 0 -1.12173 0 0 0 0 -1.01382
410 411 0.00104033 0 -1.29665 0 0 0 0 -1.2956
411 412 0.0160146 0 0 0 0 0 0 0.0160146
412 413 0.0300919 0 0 0 0 0 0 0.0300919
413 414 0.0018572 0 0 0 0 0 0 0.0018572
414 415 0.317707 0 0 0 0 0 0 0.317707
415 416 0.0197302 0 -1.33186 0 0 0 0 -1.31213
416 417 0.107901 0 -1.36696 0 0 0 0 -1.25906
417 418 0.00347271 0 0 0 0 0 0 0.00347271
418 419 0.00258445 0 0 0 0 0 0 0.00258445
420 421 0.107388 0 -0.946743 0 0 0 0 -0.839356
421 422 0.0110174 0 0 0 0 0 0 0.0110174
422 423 0.0666539 0 -1.06373 0 0 0 0 -0.997072
423 424 0.131275 0 -0.134305 0 0 0 0 -0.00302977
424 425 0.00376358 0 -1.41485 0 0 0 0 -1.41109
425 426 0.0612421 0 -1.06201 0 0 0 0 -1.00077
426 427 0.000276221 0 -1.37572 0 0 0 0 -1.37544
427 428 0.0108143 0 -1.25842 0 0 0 0 -1.2476
428 429 0.0137874 0 0 0 0 0 0 0.0137874
429 430 0.31932 0 -1.36355 0 0 0 0 -1.04423
430 431 0.0121945 0 -0.753154 0 0 0 0 -0.740959
431 432 0.0863008 0 -0.956679 0 0 0 0 -0.870378
432 433 0.205265 0 -0 0 0 0 0 0.205265
433 434 0.0628387 0 -0.877974 0 0 0 0 -0.815136
434 435 0.00513246 0 -1.27128 0 0 0 0 -1.26614
435 436 0.00181897 0 0 0 0 0 0 0.00181897
436 437 0.0212102 0 -1.28587 0 0 0 0 -1.26466
437 438 0.00469294 0 -1.35834 0 0 0 0 -1.35365
438 439 0.0625493 0 0 0 0 0 0 0.0625493
440 441 0.0973057 0 -1.11299 0 0 0 0 -1.01568
441 442 0.00989635 0 -1.2687 0 0 0 0 -1.2588
442 443 0.0798294 0 0 0 0 0 0 0.0798294
443 444 0.0640372 0 0 0 0 0 0 0.0640372
444 445 0.0572069 0 -1.27189 0 0 0 0 -1.21468
445 446 0.020614 0 -1.27465 0 0 0 0 -1.25403
446 447 0.000524839 0 0 0 0 0 0 0.000524839
447 448 0.060961 0 0 0 0 0 0 0.060961
448 449 0.0276718 0 -1.22233 0 0 0 0 -1.19466
449 450 0.128793 0 -1.0256 0 0 0 0 -0.896811
450 451 0.0825996 0 0 0 0 0 0 0.0825996
451 452 0.0144909 0 0 0 0 0 0 0.0144909
452 453 0.00784685 0 -1.19885 0 0 0 0 -1.191
453 454 0.058373 0 -1.37645 0 0 0 0 -1.31808
454 455 0.0406863 0 -1.36472 0 0 0 0 -1.32404
455 456 0.0408214 0 -1.24716 0 0 0 0 -1.20634
456 457 0.00137213 0 0 0 0 0 0 0.00137213
457 458 0.0312326 0 -0 0 0 0 0 0.0312326
458 459 0.00691535 0 -0.94413 0 0 0 0 -0.937214
460 461 0.00011652 0 0 0 0 0 0 0.00011652
461 462 0.041428 0 0 0 0 0 0 0.041428
462 463 0.00850067 0 -1.2343 0 0 0 0 -1.2258
463 464 0.0245107 0 -1.26961 0 0 0 0 -1.2451
464 465 0.00954605 0 -1.31302 0 0 0 0 -1.30348
465 466 0.0600144 0 0 0 0 0 0 0.0600144
466 467 0.0509503 0 -1.11416 0 0 0 0 -1.06321
467 468 0.0180174 0 -0.999502 0 0 0 0 -0.981485
468 469 0.00150941 0 -1.03812 0 0 0 0 -1.03661
469 470 0.0109452 0 0 0 0 0 0 0.0109452
470 471 0.0335486 0 0 0 0 0 0 0.0335486
471 472 0.159635 0 -0 0 0 0 0 0.159635
472 473 0.0834161 0 0 0 0 0 0 0.0834161
473 474 0.00592436 0 0 0 0 0 0 0.00592436
474 475 0.0287981 0 -0.86808 0 0 0 0 -0.839282
475 476 0.000105457 0 0 0 0 0 0 0.000105457
476 477 0.220763 0 -1.12871 0 0 0 0 -0.907943
477 478 7.38681e-06 0 0 0 0 0 0 7.38681e-06
478 479 2.18141e-05 0 -1.12622 0 0 0 0 -1.1262
480 481 0.0447561 0 0 0 0 0 0 0.0447561
481 482 0.0847643 0 -0.874261 0 0 0 0 -0.789497
482 483 0.00219472 0 -1.21437 0 0 0 0 -1.21218
483 484 0.010731 0 0 0 0 0 0 0.010731
484 485 0.00296696 0 -1.16372 0 0 0 0 -1.16075
485 486 0.00253361 0 -1.36537 0 0 0 0 -1.36284
486 487 0.00965093 0 0 0 0 0 0 0.00965093
487 488 0.0147023 0 0 0 0 0 0 0.0147023
488 489 0.0558975 0 -1.29425 0 0 0 0 -1.23835
489 490 0.0176825 0 0 0 0 0 0 0.0176825
490 491 0.145563 0 0 0 0 0 0 0.145563
491 492 0.000611664 0 -0.91496 0 0 0 0 -0.914349
492 493 0.00175179 0 0 0 0 0 0 0.00175179
493 494 0.0360081 0 -0.934178 0 0 0 0 -0.89817
494 495 0.00528457 0 -1.17067 0 0 0 0 -1.16539
495 496 0.158929 0 -0.884223 0 0 0 0 -0.725294
496 497 0.126122 0 0 0 0 0 0 0.126122
497 498 0.0275247 0 0 0 0 0 0 0.0275247
498 499 0.334678 0 -1.3904 0 0 0 0 -1.05572
500 501 0.000159616 0 -1.33905 0 0 0 0 -1.33889
501 502 0.0660103 0 0 0 0 0 0 0.0660103
502 503 0.120401 0 -0 0 0 0 0 0.120401
503 504 0.0184326 0 0 0 0 0 0 0.0184326
504 505 0.012398 0 -1.1253 0 0 0 0 -1.1129
505 506 0.0353734 0 -1.33147 0 0 0 0 -1.29609
506 507 0.0335901 0 -1.38749 0 0 0 0 -1.3539
507 508 0.13141 0 -0.929018 0 0 0 0 -0.797608
508 509 0.0502205 0 0 0 0 0 0 0.0502205
509 510 9.78491e-05 0 -1.0922 0 0 0 0 -1.0921
510 511 0.00113399 0 0 0 0 0 0 0.00113399
511 512 0.00931803 0 -0.598696 0 0 0 0 -0.589378
512 513 0.0264501 0 -1.31655 0 0 0 0 -1.2901
513 514 0.0203795 0 -0.795573 0 0 0 0 -0.775194
514 515 0.0695308 0 -1.26974 0 0 0 0 -1.20021
515 516 0.148193 0 -1.35966 0 0 0 0 -1.21147
516 517 0.0388228 0 -1.24501 0 0 0 0 -1.20618
517 518 0.0337997 0 -1.09846 0 0 0 0 -1.06466
518 519 0.165976 0 0 0 0 0 0 0.165976
520 521 0.00646997 0 -0.33552 0 0 0 0 -0.32905
521 522 0.178151 0 0 0 0 0 0 0.178151
522 523 0.0170133 0 0 0 0 0 0 0.0170133
521 524 0 0 0 0 0 -6.07215e-05 0 -6.07215e-05
523 524 0.0150171 0 -1.38106 0 0 0 0 -1.36605
521 525 0 0 0 0 0 -9.23763e-05 0 -9.23763e-05
524 525 0.0331871 0 -1.31132 0 0 0 0 -1.27814
525 526 0.0024462 0 -1.33496 0 0 0 0 -1.33252
526 527 0.0305786 0 -1.26882 0 0 0 0 -1.23824
527 528 0.00263345 0 0 0 0 0 0 0.00263345
528 529 0.082972 0 -1.1852 0 0 0 0 -1.10223
529 530 0.0967981 0 -1.10975 0 0 0 0 -1.01296
530 531 0.120101 0 -1.09764 0 0 0 0 -0.977538
531 532 0.0120461 0 -0.961827 0 0 0 0 -0.949781
532 533 0.0109441 0 -1.30382 0 0 0 0 -1.29287
533 534 0.00123731 0 -1.30571 0 0 0 0 -1.30447
534 535 0.0446393 0 0 0 0 0 0 0.0446393
535 536 0.0395647 0 -1.16019 0 0 0 0 -1.12062
536 537 0.0678195 0 0 0 0 0 0 0.0678195
537 538 0.0463925 0 0 0 0 0 0 0.0463925
538 539 0.297256 0 -1.21639 0 0 0 0 -0.919132
540 541 0.13254 0 -1.21491 0 0 0 0 -1.08237
541 542 0.0635789 0 -1.35978 0 0 0 0 -1.2962
542 543 0.0375908 0 -1.41229 0 0 0 0 -1.37469
543 544 0.136492 0 0 0 0 0 0 0.136492
544 545 0.00012495 0 -1.19647 0 0 0 0 -1.19635
545 546 0.0205555 0 -1.05091 0 0 0 0 -1.03035
546 547 0.00454488 0 -0.748225 0 0 0 0 -0.74368
547 548 0.178601 0 -0.883395 0 0 0 0 -0.704794
548 549 0.00259039 0 -0 0 0 0 0 0.00259039
549 550 0.0195679 0 -1.13764 0 0 0 0 -1.11807
550 551 0.143149 0 -1.03207 0 0 0 0 -0.888917
551 552 0.109427 0 -1.23409 0 0 0 0 -1.12467
552 553 0.0624347 0 -1.23418 0 0 0 0 -1.17174
553 554 0.0339638 0 -1.08533 0 0 0 0 -1.05136
554 555 0.00203792 0 0 0 0 0 0 0.00203792
555 556 0.0289339 0 -1.30745 0 0 0 0 -1.27851
556 557 0.0588967 0 -1.27847 0 0 0 0 -1.21957
557 558 0.0312622 0 -0 0 0 0 0 0.0312622
558 559 0.0107405 0 -0.853574 0 0 0 0 -0.842834
560 561 0.000996653 0 -0.737246 0 0 0 0 -0.73625
561 562 0.0794809 0 -0 0 0 0 0 0.0794809
562 563 0.0463807 0 -1.14411 0 0 0 0 -1.09773
563 564 0.000948605 0 -1.24974 0 0 0 0 -1.2488
564 565 0.0638718 0 -1.17843 0 0 0 0 -1.11456
565 566 0.00229252 0 0 0 0 0 0 0.00229252
566 567 0.0665726 0 -1.21976 0 0 0 0 -1.15319
567 568 0.00252597 0 -1.41747 0 0 0 0 -1.41494
568 569 0.000108989 0 -1.30372 0 0 0 0 -1.30361
569 570 0.0173681 0 -0.905297 0 0 0 0 -0.887929
570 571 0.00212702 0 0 0 0 0 0 0.00212702
571 572 0.25422 0 -1.2924 0 0 0 0 -1.03818
572 573 0.00583046 0 0 0 0 0 0 0.00583046
573 574 0.0443297 0 -1.20277 0 0 0 0 -1.15844
574 575 0.000764506 0 -1.08025 0 0 0 0 -1.07949
575 576 0.0230686 0 -1.32946 0 0 0 0 -1.3064
576 577 0.17811 0 -1.15349 0 0 0 0 -0.975378
569 578 0 0 0 0 0 -0.000121371 0 -0.000121371
568 578 0 0 0 0 0 -0.0068887 -0 -0.0068887
567 578 0 0 0 0 -0 -0.00819621 0 -0.00819621
577 578 0.100327 0 0 0 0 0 0 0.100327
578 579 0.0198853 0 0 0 0 0 0 0.0198853
580 581 0.0031372 0 -1.00839 0 0 0 0 -1.00526
581 582 0.00765733 0 -1.4351 0 0 0 0 -1.42744
582 583 0.0843397 0 0 0 0 0 0 0.0843397
583 584 0.00160458 0 -1.35426 0 0 0 0 -1.35265
584 585 0.0033678 0 0 0 0 0 0 0.0033678
585 586 0.0181337 0 0 0 0 0 0 0.0181337
586 587 0.00348909 0 -1.2447 0 0 0 0 -1.24121
587 588 0.00950376 0 -0.890591 0 0 0 0 -0.881088
588 589 0.109771 0 -1.37027 0 0 0 0 -1.2605
589 590 0.040021 0 -1.28971 0 0 0 0 -1.24969
590 591 0.228075 0 0 0 0 0 0 0.228075
591 592 0.0342861 0 -1.0438 0 0 0 0 -1.00951
591 593 0 0 0 0 -0 -1.01264e-06 0 -1.01264e-06
592 593 1.97443e-05 0 -0.572786 0 0 0 0 -0.572766
593 594 0.0706543 0 -1.23852 0 0 0 0 -1.16787
594 595 0.0707895 0 0 0 0 0 0 0.0707895
595 596 0.00847201 0 0 0 0 0 0 0.00847201
596 597 0.227526 0 0 0 0 0 0 0.227526
597 598 0.0366918 0 -0.758965 0 0 0 0 -0.722273
598 599 0.00363132 0 0 0 0 0 0 0.00363132
600 601 0.0505822 0 -1.3398 0 0 0 0 -1.28922
601 602 0.000873881 0 0 0 0 0 0 0.000873881
602 603 0.00496374 0 -0.649766 0 0 0 0 -0.644802
603 604 0.00914077 0 0 0 0 0 0 0.00914077
604 605 0.219336 0 -1.41358 0 0 0 0 -1.19424
602 606 0 0 0 0 0 0 -1.32133e-15 -1.32133e-15
605 606 0.111378 0 -1.185 0 0 0 0 -1.07362
606 607 0.0621229 0 -1.30719 0 0 0 0 -1.24506
607 608 0.0334364 0 -0 0 0 0 0 0.0334364
608 609 0.0766579 0 -1.33535 0 0 0 0 -1.25869
609 610 0.00192384 0.0366826 0 0 0 0 0 0.0386064
610 611 0.0394155 0 -1.3043 0 0 0 0 -1.26489
611 612 0.0386209 0 -0.797199 0 0 0 0 -0.758578
612 613 0.118403 0 0 0 0 0 0 0.118403
613 614 0.00673929 0 0 0 0 0 0 0.00673929
614 615 0.0491189 0 0 0 0 0 0 0.0491189
615 616 0.0486111 0 0 0 0 0 0 0.0486111
616 617 0.0299691 0 -0.96322 0 0 0 0 -0.933251
617 618 0.0140976 0 -0.918309 0 0 0 0 -0.904211
618 619 0.0125115 0 -1.17153 0 0 0 0 -1.15902
620 621 0.0786243 0 -0.779862 0 0 0 0 -0.701238
621 622 0.0031433 0 0 0 0 0 0 0.0031433
622 623 0.00454067 0 -1.08386 0 0 0 0 -1.07932
623 624 0.0177825 0 -1.10993 0 0 0 0 -1.09214
624 625 0.0233217 0 -1.0864 0 0 0 0 -1.06307
625 626 0.00016616 0 -0.731795 0 0 0 0 -0.731628
626 627 0.0118508 0 0 0 0 0 0 0.0118508
627 628 0.0586849 0 -0 0 0 0 0 0.0586849
628 629 0.00992425 0 0 0 0 0 0 0.00992425
629 630 0.0343904 0 -1.10232 0 0 0 0 -1.06793
630 631 0.0202844 0 0 0 0 0 0 0.0202844
631 632 0.013097 0 -0.4339 0 0 0 0 -0.420803
632 633 0.000689443 0 0 0 0 0 0 0.000689443
633 634 0.121227 0 -1.37987 0 0 0 0 -1.25864
634 635 0.00311718 0 -0.97368 0 0 0 0 -0.970563
635 636 0.00422311 0 0 0 0 0 0 0.00422311
636 637 0.0165396 0 0 0 0 0 0 0.0165396
637 638 0.167787 0 -0 0 0 0 0 0.167787
638 639 0.0108243 0 -1.03578 0 0 0 0 -1.02496
640 641 0.191567 0 -0 0 0 0 0 0.191567
641 642 0.00900233 0 0 0 0 0 0 0.00900233
642 643 0.0011797 0 -1.26628 0 0 0 0 -1.2651
643 644 3.68968e-05 0 -0.832457 0 0 0 0 -0.83242
644 645 0.00724266 0 -1.25513 0 0 0 0 -1.24789
645 646 0.0238653 0 -1.36423 0 0 0 0 -1.34036
646 647 0.00813873 0 -0.844927 0 0 0 0 -0.836788
647 648 0.156868 0 0 0 0 0 0 0.156868
648 649 0.0239795 0 -1.42806 0 0 0 0 -1.40408
649 650 0.190574 0 -0 0 0 0 0 0.190574
650 651 0.14937 0 0 0 0 0 0 0.14937
651 652 0.00347183 0 0 0 0 0 0 0.00347183
652 653 0.0637273 0 0 0 0 0 0 0.0637273
653 654 0.0172744 0 -1.13056 0 0 0 0 -1.11328
654 655 0.00411233 0 -1.28602 0 0 0 0 -1.28191
655 656 0.00433195 0 0 0 0 0 0 0.00433195
656 657 0.0903481 0 -1.30498 0 0 0 0 -1.21463
657 658 0.0130445 0 0 0 0 0 0 0.0130445
658 659 0.000309877 0 0 0 0 0 0 0.000309877
660 661 0.0262424 0 -0.666817 0 0 0 0 -0.640574
661 662 0.204293 0 -1.22608 0 0 0 0 -1.02178
662 663 0.000549163 0 -1.0274 0 0 0 0 -1.02685
663 664 0.0682256 0 -1.09639 0 0 0 0 -1.02817
664 665 0.0576978 0 -0 0 0 0 0 0.0576978
665 666 0.015691 0 0 0 0 0 0 0.015691
666 667 0.0350765 0 0 0 0 0 0 0.0350765
667 668 0.159927 0 -0 0 0 0 0 0.159927
668 669 0.00738036 0 -1.32899 0 0 0 0 -1.32161
669 670 0.0332365 0 0 0 0 0 0 0.0332365
670 671 0.0623039 0 0 0 0 0 0 0.0623039
671 672 0.00401676 0 0 0 0 0 0 0.00401676
672 673 0.000921804 0 -0.33345 0 0 0 0 -0.332528
673 674 0.306028 0 0 0 0 0 0 0.306028
674 675 0.20689 0 0 0 0 0 0 0.20689
675 676 0.0212003 0 0 0 0 0 0 0.0212003
676 677 0.040666 0 -1.42866 0 0 0 0 -1.38799
677 678 0.0248536 0 0 0 0 0 0 0.0248536
678 679 0.487916 0 -0.951783 0 0 0 0 -0.463867
680 681 0.0108701 0 0 0 0 0 0 0.0108701
681 682 0.133298 0 0 0 0 0 0 0.133298
682 683 0.0545697 0 -1.32253 0 0 0 0 -1.26796
683 684 0.00219785 0 -1.09381 0 0 0 0 -1.09161
684 685 0.011372 0 0 0 0 0 0 0.011372
685 686 0.011636 0 0 0 0 0 0 0.011636
686 687 0.00360421 0 0 0 0 0 0 0.00360421
687 688 0.00680082 0 0 0 0 0 0 0.00680082
688 689 0.00165405 0 0 0 0 0 0 0.00165405
689 690 0.019731 0 -1.38141 0 0 0 0 -1.36168
690 691 0.00603318 0 0 0 0 0 0 0.00603318
691 692 0.00355744 0 -1.06427 0 0 0 0 -1.06072
688 693 0 0 0 0 -0 -4.56965e-05 0 -4.56965e-05
692 693 0.00656508 0 0 0 0 0 0 0.00656508
693 694 0.0179913 0 -0.682095 0 0 0 0 -0.664103
694 695 0.0169549 0 0 0 0 0 0 0.0169549
695 696 0.0413853 0 -0.466752 0 0 0 0 -0.425366
696 697 0.00511804 0 -0.941952 0 0 0 0 -0.936834
697 698 0.00175692 0 0 0 0 0 0 0.00175692
698 699 0.0849959 0 0 0 0 0 0 0.0849959
700 701 0.0287316 0 -1.12068 0 0 0 0 -1.09195
701 702 0.00300452 0 -1.07381 0 0 0 0 -1.07081
702 703 0.0457323 0 -1.27215 0 0 0 0 -1.22642
703 704 3.29301e-05 0 0 0 0 0 0 3.29301e-05
704 705 0.0820999 0 -0.636486 0 0 0 0 -0.554386
705 706 0.110928 0 0 0 0 0 0 0.110928
706 707 0.000152586 0 -0 0 0 0 0 0.000152586
707 708 0.00186619 0 -0.18906 0 0 0 0 -0.187194
708 709 0.0101951 0 -1.09666 0 0 0 0 -1.08647
709 710 0.000924937 0 -1.37113 0 0 0 0 -1.3702
710 711 0.0546282 0 -1.28006 0 0 0 0 -1.22543
711 712 0.000627548 0 -0 0 0 0 0 0.000627548
712 713 0.0016513 0 -0 0 0 0 0 0.0016513
713 714 0.0102548 0 -1.36093 0 0 0 0 -1.35068
714 715 0.00308634 0 0 0 0 0 0 0.00308634
715 716 0.0544721 0 0 0 0 0 0 0.0544721
716 717 0.000760299 0 0 0 0 0 0 0.000760299
717 718 0.00311938 0 -1.20399 0 0 0 0 -1.20087
718 719 0.00483525 0 -1.44394 0 0 0 0 -1.4391
720 721 0.00533419 0 -1.17878 0 0 0 0 -1.17345
721 722 0.135127 0 -1.16023 0 0 0 0 -1.0251
722 723 0.017445 0 -0 0 0 0 0 0.017445
723 724 0.0181819 0 -1.40812 0 0 0 0 -1.38994
724 725 0.0120031 0 -1.28179 0 0 0 0 -1.26978
725 726 0.00498805 0 0 0 0 0 0 0.00498805
726 727 0.156681 0 -0.482178 0 0 0 0 -0.325497
727 728 0.00644186 0 0 0 0 0 0 0.00644186
728 729 0.0133395 0 -0 0 0 0 0 0.0133395
729 730 0.159343 0 0 0 0 0 0 0.159343
730 731 0.0593043 0 0 0 0 0 0 0.0593043
731 732 0.0123803 0 -1.26188 0 0 0 0 -1.2495
732 733 0.0358881 0 -0.972742 0 0 0 0 -0.936854
733 734 0.0480095 0 -0.960397 0 0 0 0 -0.912387
734 735 0.0182004 0 0 0 0 0 0 0.0182004
735 736 0.00417905 0 -1.46151 0 0 0 0 -1.45733
736 737 0.0591132 0 -0.888345 0 0 0 0 -0.829232
737 738 0.00295997 0 -0.924345 0 0 0 0 -0.921385
738 739 0.0315234 0 0 0 0 0 0 0.0315234
740 741 0.00182752 0 0 0 0 0 0 0.00182752
741 742 0.00307441 0 -1.07309 0 0 0 0 -1.07001
742 743 0.158114 0 -0.943552 0 0 0 0 -0.785439
743 744 0.0271629 0 -1.30671 0 0 0 0 -1.27955
744 745 0.0393983 0 -1.27243 0 0 0 0 -1.23303
745 746 0.0328206 0 -0.617335 0 0 0 0 -0.584514
746 747 0.0348296 0 0 0 0 0 0 0.0348296
747 748 0.0015576 0 0 0 0 0 0 0.0015576
748 749 0.0224149 0 -1.16437 0 0 0 0 -1.14196
749 750 0.0438646 0 0 0 0 0 0 0.0438646
750 751 0.0374703 0 0 0 0 0 0 0.0374703
751 752 0.00704918 0 0 0 0 0 0 0.00704918
752 753 0.012291 0 -0.401092 0 0 0 0 -0.388801
745 754 0 0 0 0 -1.49196e-28 -0.0723949 0 -0.0723949
753 754 0.0632321 0 0 0 0 0 0 0.0632321
746 755 0 0 0 0 0 -0.0734606 0 -0.0734606
745 755 0 0 0 0 -0.588596 0 -0 -0.588596
744 755 0 0 0 0 0 -0.119507 0 -0.119507
754 755 0.00149465 0 -0.68976 0 0 0 0 -0.688266
745 756 0 0 0 0 0 -0.118657 -0 -0.118657
744 756 0 0 0 0 -0.760878 0 -0 -0.760878
743 756 0 0 0 0 0 -0.126651 0 -0.126651
755 756 0.00657339 0 -1.01428 0 0 0 0 -1.00771
744 757 0 0 0 0 0 -0.172965 0 -0.172965
743 757 0 0 0 0 -0.726433 0 -0 -0.726433
742 757 0 0 0 0 0 -0.0121735 -0 -0.0121735
756 757 0.0787085 0 -1.36737 0 0 0 0 -1.28866
743 758 0 0 0 0 0 -0.149159 0 -0.149159
742 758 0 0 0 0 -0.724099 0 -0 -0.724099
741 758 0 0 0 0 0 -0.168142 0 -0.168142
757 758 0.120558 0 -1.06863 0 0 0 0 -0.948076
742 759 0 0 0 0 0 -0.163099 0 -0.163099
741 759 0 0 0 0 -0.47441 -8.44158e-06 -0 -0.474418
758 759 0.0305782 0 -1.13547 0 0 0 0 -1.10489
760 761 0.165925 0 0 0 0 0 0 0.165925
761 762 0.14293 0 -1.40307 0 0 0 0 -1.26014
762 763 0.0239937 0 -1.29118 0 0 0 0 -1.26718
763 764 0.00763309 0 -1.12543 0 0 0 0 -1.11779
764 765 0.00124023 0 -1.00925 0 0 0 0 -1.00801
765 766 0.000891175 0 -1.06717 0 0 0 0 -1.06628
766 767 0.127528 0 -1.12194 0 0 0 0 -0.994414
767 768 0.0316794 0 0 0 0 0 0 0.0316794
768 769 0.107958 0 0 0 0 0 0 0.107958
769 770 0.0225376 0 0 0 0 0 0 0.0225376
770 771 0.000103308 0 -1.07701 0 0 0 0 -1.0769
767 772 0 0 0 0 0 -0.127908 0 -0.127908
771 772 0.0559232 0 -1.12105 0 0 0 0 -1.06513
766 773 0 0 0 0 0 -0.119734 0 -0.119734
772 773 0.000566745 0 -1.36763 0 0 0 0 -1.36706
767 774 0 0 0 0 0 -0.0353903 0 -0.0353903
766 774 0 0 0 0 0 -0.000570919 -0 -0.000570919
765 774 0 0 0 0 -0 -0.157428 0 -0.157428
773 774 0.0332032 0 -0.812982 0 0 0 0 -0.779779
766 775 0 0 0 0 0 -0.0854273 0 -0.0854273
765 775 0 0 0 0 -0.77006 0 -0 -0.77006
764 775 0 0 0 0 0 -0.0635957 -0 -0.0635957
774 775 0.185446 0 -1.29591 0 0 0 0 -1.11046
765 776 0 0 0 0 0 -0.0802499 -0 -0.0802499
764 776 0 0 0 0 -0.642331 0 -0 -0.642331
763 776 0 0 0 0 0 -0.0554612 -0 -0.0554612
775 776 0.0630324 0 -1.19302 0 0 0 0 -1.12998
764 777 0 0 0 0 0 -0.139879 0 -0.139879
763 777 0 0 0 0 -0.697316 0 -0 -0.697316
762 777 0 0 0 0 0 -0.120043 0 -0.120043
776 777 0.0634546 0 -1.42556 0 0 0 0 -1.36211
763 778 0 0 0 0 0 -0.147724 -0 -0.147724
762 778 0 0 0 0 -0.834926 0 -0 -0.834926
761 778 0 0 0 0 0 -0.0940026 0 -0.0940026
777 778 0.0177688 0 -1.22695 0 0 0 0 -1.20919
762 779 0 0 0 0 0 -0.17048 -0 -0.17048
761 779 0 0 0 0 -0.618372 0 -0 -0.618372
778 779 0.0632886 0 -1.00811 0 0 0 0 -0.944824
780 781 0.102776 0 -1.13602 0 0 0 0 -1.03325
781 782 5.9207e-07 0 -0.944963 0 0 0 0 -0.944962
782 783 0.000495976 0 0 0 0 0 0 0.000495976
783 784 0.0180834 0 0 0 0 0 0 0.0180834
784 785 0.0160163 0 -0.72551 0 0 0 0 -0.709493
785 786 0.170493 0 -1.39302 0 0 0 0 -1.22253
786 787 0.00376971 0 0 0 0 0 0 0.00376971
787 788 0.0422334 0 -1.25724 0 0 0 0 -1.21501
788 789 0.0607108 0 0 0 0 0 0 0.0607108
789 790 0.0370752 0 -0 0 0 0 0 0.0370752
790 791 0.0751479 0 0 0 0 0 0 0.0751479
789 792 0 0 0 0.384802 0 0 0 0.384802
791 792 0.0936917 0 -1.43582 0 0 0 0 -1.34213
792 793 0.000837088 0 -0.76528 0 0 0 0 -0.764442
793 794 0.00151396 0 -1.05846 0 0 0 0 -1.05695
794 795 0.0112151 0 0 0 0 0 0 0.0112151
795 796 0.00230968 0 -1.2241 0 0 0 0 -1.22179
796 797 0.00652791 0 -0.960774 0 0 0 0 -0.954246
797 798 0.0204959 0 -1.24159 0 0 0 0 -1.2211
798 799 0.00558806 0 -1.17082 0 0 0 0 -1.16523
800 801 0.00262547 0 -0.96286 0 0 0 0 -0.960234
801 802 0.139529 0 -1.41195 0 0 0 0 -1.27242
802 803 0.00519356 0 -1.06538 0 0 0 0 -1.06018
803 804 0.116452 0 -0.922895 0 0 0 0 -0.806443
804 805 0.00224043 0 -1.39784 0 0 0 0 -1.39559
805 806 0.00415308 0 -0.0127584 0 0 0 0 -0.00860529
806 807 5.94143e-05 0 -0.706949 0 0 0 0 -0.706889
807 808 0.012719 0 0 0 0 0 0 0.012719
808 809 0.051059 0 -1.38113 0 0 0 0 -1.33007
809 810 0.0167582 0 -1.37667 0 0 0 0 -1.35991
810 811 0.198165 0 0 0 0 0 0 0.198165
811 812 0.00245593 0 0 0 0 0 0 0.00245593
812 813 6.80382e-05 0 -0.0621617 0 0 0 0 -0.0620937
813 814 0.363251 0 -0.789603 0 0 0 0 -0.426352
814 815 0.0270514 0 0 0 0 0 0 0.0270514
813 816 0 0 0 0 0 -5.37476e-05 -0 -5.37476e-05
815 816 0.161574 0 0 0 0 0 0 0.161574
816 817 0.00881921 0 0 0 0 0 0 0.00881921
817 818 1.51895e-05 0 -1.313 0 0 0 0 -1.31299
818 819 0.0537926 0 -0.949522 0 0 0 0 -0.895729
820 821 0.000189542 0 -1.13003 0 0 0 0 -1.12984
821 822 0.0117015 0 -1.3357 0 0 0 0 -1.324
822 823 0.00686968 0 0 0 0 0 0 0.00686968
823 824 0.0113274 0 -1.43522 0 0 0 0 -1.42389
824 825 0.00441457 0 0 0 0 0 0 0.00441457
825 826 0.0019128 0 -1.34035 0 0 0 0 -1.33844
826 827 0.0398806 0 -1.20663 0 0 0 0 -1.16675
827 828 0.00253842 0 -1.0753 0 0 0 0 -1.07277
828 829 0.0192547 0 0 0 0 0 0 0.0192547
829 830 0.00147795 0 -0 0 0 0 0 0.00147795
830 831 0.0127805 0 -1.25042 0 0 0 0 -1.23763
828 832 0 0 0 0 0 -2.8326e-05 -0 -2.8326e-05
827 832 0 0 0 0 0 -0.171555 0 -0.171555
831 832 0.0645489 0 -1.2236 0 0 0 0 -1.15905
828 833 0 0 0 0 0 -0.156321 0 -0.156321
827 833 0 0 0 0 -0.658659 0 -0 -0.658659
826 833 0 0 0 0 0 -0.118068 0 -0.118068
832 833 0.00129514 0 -1.24863 0 0 0 0 -1.24734
827 834 0 0 0 0 0 -0.129535 0 -0.129535
826 834 0 0 0 0 -0 -0.0107007 -0 -0.0107007
833 834 0.09207 0 -1.34262 0 0 0 0 -1.25055
834 835 0.00534663 0 -1.20972 0 0 0 0 -1.20437
826 836 0 0 0 0 0 -0.00753235 0 -0.00753235
825 836 0 0 0 0 -0.000133562 -0.0129656 0 -0.0130991
835 836 0.0212912 0 0 0 0 0 0 0.0212912
836 837 0.0169774 0 0 0 0 0 0 0.0169774
837 838 0.0688761 0 -1.44911 0 0 0 0 -1.38023
838 839 0.000557116 0 -1.20926 0 0 0 0 -1.2087
840 841 0.000445036 0 -1.0332 0 0 0 0 -1.03276
841 842 0.255198 0 0 0 0 0 0 0.255198
842 843 0.00699081 0 -0.983822 0 0 0 0 -0.976831
843 844 0.0189504 0 -0.866659 0 0 0 0 -0.847708
844 845 0.0706519 0 -1.25349 0 0 0 0 -1.18284
845 846 0.0195425 0 -0.9226 0 0 0 0 -0.903057
846 847 0.106049 0 -1.31066 0 0 0 0 -1.20461
847 848 0.000848108 0 0 0 0 0 0 0.000848108
848 849 0.0215262 0 -1.39039 0 0 0 0 -1.36886
849 850 0.0623293 0 -1.13509 0 0 0 0 -1.07276
850 851 0.00145051 0 -1.06702 0 0 0 0 -1.06557
851 852 5.3454e-05 0 0 0 0 0 0 5.3454e-05
852 853 0.0137941 0 -0.710179 0 0 0 0 -0.696385
853 854 0.0306856 0 -1.32758 0 0 0 0 -1.29689
854 855 0.0229269 0 0 0 0 0 0 0.0229269
855 856 0.0428616 0 -1.33893 0 0 0 0 -1.29607
856 857 0.0482281 0 -0.737767 0 0 0 0 -0.689538
857 858 0.000494833 0 -0 0 0 0 0 0.000494833
858 859 0.00854981 0 0 0 0 0 0 0.00854981
860 861 0.0602569 0 -1.21185 0 0 0 0 -1.1516
861 862 0.0233068 0 0 0 0 0 0 0.0233068
862 863 0.0212753 0 -1.07621 0 0 0 0 -1.05493
863 864 0.0497347 0 -0.940081 0 0 0 0 -0.890346
864 865 0.0988536 0 0 0 0 0 0 0.0988536
865 866 0.0539144 0 -1.13425 0 0 0 0 -1.08033
866 867 0.0797905 0 -0 0 0 0 0 0.0797905
867 868 0.0881535 0 0 0 0 0 0 0.0881535
868 869 0.0120482 0 -0.95761 0 0 0 0 -0.945562
869 870 8.49792e-05 0 0 0 0 0 0 8.49792e-05
870 871 0.0811052 0 -0.532435 0 0 0 0 -0.45133
871 872 0.0332445 0 -0.829689 0 0 0 0 -0.796445
872 873 0.000269165 0 -1.09967 0 0 0 0 -1.0994
873 874 0.198362 0 -1.34907 0 0 0 0 -1.15071
874 875 0.022054 0 -1.06633 0 0 0 0 -1.04428
875 876 0.0695695 0 -0.63828 0 0 0 0 -0.568711
876 877 0.00561191 0 -1.18936 0 0 0 0 -1.18375
877 878 0.0267183 0 -0 0 0 0 0 0.0267183
878 879 0.00845537 0 0 0 0 0 0 0.00845537
880 881 0.0347161 0 -1.06416 0 0 0 0 -1.02944
881 882 0.00235722 0 -1.21256 0 0 0 0 -1.2102
882 883 7.38401e-05 0 -1.32303 0 0 0 0 -1.32296
883 884 0.0679296 0 -1.03544 0 0 0 0 -0.967513
884 885 0.302716 0 -1.23676 0 0 0 0 -0.934041
885 886 6.31114e-05 0 -0.906528 0 0 0 0 -0.906465
886 887 0.000235178 0 0 0 0 0 0 0.000235178
887 888 0.0422982 0 0 0 0 0 0 0.0422982
888 889 0.27498 0 -1.04428 0 0 0 0 -0.769305
889 890 0.0489153 0 -0 0 0 0 0 0.0489153
890 891 0.0275498 0 0 0 0 0 0 0.0275498
891 892 0.0160985 0 -0.963521 0 0 0 0 -0.947423
892 893 0.0212322 0 -0.954223 0 0 0 0 -0.932991
893 894 0.00345343 0 -1.1835 0 0 0 0 -1.18005
894 895 0.0401482 0 0 0 0 0 0 0.0401482
895 896 0.130129 0 -1.25721 0 0 0 0 -1.12708
896 897 0.0320362 0 -1.20696 0 0 0 0 -1.17493
897 898 0.0515544 0 -1.29973 0 0 0 0 -1.24817
898 899 0.00740525 0 -1.3379 0 0 0 0 -1.33049
900 901 0.0275679 0 -0.757561 0 0 0 0 -0.729993
901 902 0.00599651 0 -1.33001 0 0 0 0 -1.32401
902 903 0.0342365 0 -1.13093 0 0 0 0 -1.09669
903 904 0.0822981 0 0 0 0 0 0 0.0822981
904 905 0.0392817 0 0 0 0 0 0 0.0392817
905 906 0.0363089 0 -1.237 0 0 0 0 -1.2007
906 907 0.0156526 0 0 0 0 0 0 0.0156526
907 908 0.0163448 0 0 0 0 0 0 0.0163448
908 909 0.00799393 0 -1.41748 0 0 0 0 -1.40949
909 910 0.000408039 0 -0 0 0 0 0 0.000408039
910 911 0.0470895 0 0 0 0 0 0 0.0470895
911 912 0.00680837 0 -0 0 0 0 0 0.00680837
912 913 0.350935 0 -1.44774 0 0 0 0 -1.09681
913 914 0.0465618 0 -0.95965 0 0 0 0 -0.913088
914 915 0.0619478 0 -1.25783 0 0 0 0 -1.19588
915 916 0.0523146 0 -0.863813 0 0 0 0 -0.811498
916 917 0.0228502 0 -1.2602 0 0 0 0 -1.23735
917 918 0.323816 0.312149 -1.00428 0 0 0 0 -0.368315
918 919 0.00769909 0 0 0 0 0 0 0.00769909
920 921 0.00163377 0 -0.567641 0 0 0 0 -0.566007
921 922 0.590625 0 0 0 0 0 0 0.590625
922 923 0.0749129 0 0 0 0 0 0 0.0749129
923 924 0.178808 0 -0.988279 0 0 0 0 -0.809471
924 925 0.138519 0 0 0 0 0 0 0.138519
925 926 0.0100886 0 0 0 0 0 0 0.0100886
926 927 0.0385804 0 -1.37723 0 0 0 0 -1.33865
927 928 0.104691 0 -1.16394 0 0 0 0 -1.05925
928 929 0.0669786 0 0 0 0 0 0 0.0669786
929 930 0.0527689 0 -1.43297 0 0 0 0 -1.3802
930 931 0.201014 0 -1.20021 0 0 0 0 -0.999192
931 932 0.0685724 0 0 0 0 0 0 0.0685724
932 933 0.0156178 0 0 0 0 0 0 0.0156178
933 934 9.9333e-08 0 -0 0 0 0 0 9.9333e-08
934 935 0.025076 0 0 0 0 0 0 0.025076
935 936 0.0482536 0 -1.31983 0 0 0 0 -1.27157
936 937 0.0209341 0 -1.16796 0 0 0 0 -1.14702
937 938 0.0193445 0 -1.30529 0 0 0 0 -1.28594
938 939 0.0477911 0 -1.20451 0 0 0 0 -1.15672
940 941 0.0132667 0 -0.742543 0 0 0 0 -0.729276
941 942 0.000639018 0 -1.29085 0 0 0 0 -1.29022
942 943 0.00443131 0 0 0 0 0 0 0.00443131
943 944 0.138534 0 0 0 0 0 0 0.138534
944 945 0.111746 0 0 0 0 0 0 0.111746
945 946 0.00582389 0 -1.25817 0 0 0 0 -1.25234
946 947 0.00085101 0 -1.22895 0 0 0 0 -1.22809
947 948 0.0198201 0 -1.07212 0 0 0 0 -1.0523
948 949 0.000778513 0 0 0 0 0 0 0.000778513
949 950 0.161595 0 -1.21251 0 0 0 0 -1.05091
950 951 0.0387222 0 -1.29598 0 0 0 0 -1.25726
951 952 0.0206255 0 -1.16379 0 0 0 0 -1.14317
952 953 0.0435472 0 -0.812338 0 0 0 0 -0.768791
953 954 6.16936e-05 0 -1.38434 0 0 0 0 -1.38428
954 955 0.0821755 0 0 0 0 0 0 0.0821755
955 956 1.7463e-06 0 -0 0 0 0 0 1.7463e-06
956 957 3.66151e-06 0 -0 0 0 0 0 3.66151e-06
957 958 0.00374515 0 0 0 0 0 0 0.00374515
958 959 0.00936903 0 0 0 0 0 0 0.00936903
960 961 0.15192 0 0 0 0 0 0 0.15192
961 962 0.000493514 0 0 0 0 0 0 0.000493514
962 963 0.00401406 0 -1.04619 0 0 0 0 -1.04218
963 964 0.00561414 0 -1.34337 0 0 0 0 -1.33776
964 965 0.0186856 0 -1.15444 0 0 0 0 -1.13576
965 966 0.00362357 0 -1.33001 0 0 0 0 -1.32638
966 967 0.0285314 0 -0.935236 0 0 0 0 -0.906705
967 968 0.00763091 0 -1.38258 0 0 0 0 -1.37495
968 969 0.103234 0 -1.28858 0 0 0 0 -1.18534
969 970 0.000157251 0 -1.00835 0 0 0 0 -1.00819
970 971 0.0248445 0 0 0 0 0 0 0.0248445
971 972 0.0315141 0 0 0 0 0 0 0.0315141
972 973 0.00537243 0 -0.995959 0 0 0 0 -0.990587
973 974 0.0213834 0 -1.1263 0 0 0 0 -1.10491
974 975 0.000434579 0 -0.665086 0 0 0 0 -0.664651
975 976 0.000447768 0 -1.27558 0 0 0 0 -1.27513
976 977 0.0638812 0 -1.36689 0 0 0 0 -1.30301
977 978 0.000578223 0 0 0 0 0 0 0.000578223
978 979 0.0222668 0 0 0 0 0 0 0.0222668
980 981 0.00128346 0 0 0 0 0 0 0.00128346
981 982 0.0661902 0 -1.34927 0 0 0 0 -1.28308
982 983 0.0243075 0 0 0 0 0 0 0.0243075
983 984 2.9848e-05 0 0 0 0 0 0 2.9848e-05
984 985 0.0831211 0 -1.09396 0 0 0 0 -1.01084
985 986 0.00254163 0 -0 0 0 0 0 0.00254163
986 987 0.0630064 0 -1.16043 0 0 0 0 -1.09742
987 988 0.0133448 0 0 0 0 0 0 0.0133448
988 989 0.0674435 0 -1.21655 0 0 0 0 -1.14911
988 990 0 0 0 0 0 -3.38404e-07 0 -3.38404e-07
989 990 0.0605246 0 -1.02171 0 0 0 0 -0.961186
990 991 0.0428076 0 0 0 0 0 0 0.0428076
991 992 0.0186426 0 -1.32399 0 0 0 0 -1.30535
992 993 0.0629538 0 -1.33791 0 0 0 0 -1.27495
993 994 0.00161132 0 0 0 0 0 0 0.00161132
994 995 0.00353093 0 -0 0 0 0 0 0.00353093
995 996 0.576879 0 -1.19619 0 0 0 0 -0.619311
996 997 0.00951936 0 -1.27922 0 0 0 0 -1.2697
997 998 0.237261 0 -1.29632 0 0 0 0 -1.05906
998 999 8.97791e-07 0 -1.15135 0 0 0 0 -1.15135
1000 1001 0.0596471 0 -0.935519 0 0 0 0 -0.875872
1001 1002 0.0113826 0 -1.32441 0 0 0 0 -1.31303
1002 1003 0.000143729 0 -1.26162 0 0 0 0 -1.26147
1003 1004 0.025138 0 -0.957977 0 0 0 0 -0.932839
1004 1005 0.0260981 0 -1.41363 0 0 0 0 -1.38753
1005 1006 0.00506298 0 0 0 0 0 0 0.00506298
1006 1007 0.0295318 0 0 0 0 0 0 0.0295318
1007 1008 0.000376217 0 -1.26372 0 0 0 0 -1.26334
1008 1009 0.00961718 0 0 0 0 0 0 0.00961718
1009 1010 0.0361644 0 0 0 0 0 0 0.0361644
1010 1011 0.038585 0 0 0 0 0 0 0.038585
1011 1012 0.0464791 0 -1.27797 0 0 0 0 -1.23149
1012 1013 0.270241 0 -0 0 0 0 0 0.270241
1013 1014 8.77327e-05 0 -1.42113 0 0 0 0 -1.42105
1014 1015 0.000579993 0 -0 0 0 0 0 0.000579993
1015 1016 0.00645702 0 0 0 0 0 0 0.00645702
1016 1017 0.131026 0 0 0 0 0 0 0.131026
1017 1018 0.0557531 0 -1.41493 0 0 0 0 -1.35918
1018 1019 0.00110608 0 -0.81288 0 0 0 0 -0.811774
1020 1021 0.0250532 0 0 0 0 0 0 0.0250532
1021 1022 0.0108704 0 -0.78801 0 0 0 0 -0.77714
1022 1023 2.97143e-05 0 -1.35884 0 0 0 0 -1.35881
1023 1024 0.00111383 0 -1.18871 0 0 0 0 -1.1876
1024 1025 0.00915372 0 0 0 0 0 0 0.00915372
1025 1026 0.0616138 0 0 0 0 0 0 0.0616138
1026 1027 0.0114776 0 0 0 0 0 0 0.0114776
1027 1028 0.0320963 0 -1.3917 0 0 0 0 -1.3596
1028 1029 0.00941129 0 -0.400547 0 0 0 0 -0.391136
1029 1030 0.0808473 0 -1.18401 0 0 0 0 -1.10317
1030 1031 0.0323729 0 -0.599631 0 0 0 0 -0.567258
1031 1032 0.105191 0 -1.11775 0 0 0 0 -1.01256
1032 1033 0.24679 0 -0.964853 0 0 0 0 -0.718063
1033 1034 3.47806e-07 0 -1.28673 0 0 0 0 -1.28673
1034 1035 0.132358 0 0 0 0 0 0 0.132358
1035 1036 0.00114327 0 0 0 0 0 0 0.00114327
1036 1037 0.178592 0 -1.25692 0 0 0 0 -1.07833
1037 1038 0.00269245 0 -1.31458 0 0 0 0 -1.31189
1038 1039 0.000768229 0 -1.06024 0 0 0 0 -1.05948
1040 1041 0.186039 0 -1.37712 0 0 0 0 -1.19108
1041 1042 0.0588879 0 0 0 0 0 0 0.0588879
1042 1043 0.000508239 0 0 0 0 0 0 0.000508239
1043 1044 0.0274154 0 -0 0 0 0 0 0.0274154
1043 1045 0 0 0 0 0 -0 -1.79465e-16 -1.79465e-16
1044 1045 0.00638195 0 -0 0 0 0 0 0.00638195
1045 1046 0.0142682 0 -0 0 0 0 0 0.0142682
1046 1047 0.0115838 0 0 0 0 0 0 0.0115838
1047 1048 0.0359495 0 -1.13556 0 0 0 0 -1.09961
1048 1049 0.0391745 0 -1.20438 0 0 0 0 -1.16521
1049 1050 0.00785097 0 -1.20359 0 0 0 0 -1.19574
1050 1051 3.70877e-05 0 -0.41366 0 0 0 0 -0.413623
1051 1052 0.00039944 0 -0.544021 0 0 0 0 -0.543621
1052 1053 0.0639828 0 -0.997845 0 0 0 0 -0.933863
1053 1054 0.0315825 0 -1.24539 0 0 0 0 -1.21381
1054 1055 0.00010081 0 -1.04877 0 0 0 0 -1.04867
1055 1056 0.09444 0 0 0 0 0 0 0.09444
1056 1057 0.0377537 0 -1.1378 0 0 0 0 -1.10004
1057 1058 0.268565 0 -1.22996 0 0 0 0 -0.96139
1058 1059 0.0124384 0 -0 0 0 0 0 0.0124384
1060 1061 0.0233997 0 0 0 0 0 0 0.0233997
1061 1062 0.134991 0 -1.35817 0 0 0 0 -1.22318
1062 1063 0.00352305 0 -1.07929 0 0 0 0 -1.07577
1063 1064 0.00475452 0 -0.906672 0 0 0 0 -0.901917
1064 1065 0.018233 0 -1.017 0 0 0 0 -0.998766
1065 1066 0.0152914 0 -0.636245 0 0 0 0 -0.620953
1066 1067 0.264823 0 -1.16476 0 0 0 0 -0.899937
1067 1068 0.0171622 0 -1.00806 0 0 0 0 -0.990901
1068 1069 0.00273722 0 -1.09861 0 0 0 0 -1.09587
1069 1070 0.0351761 0 -1.29823 0 0 0 0 -1.26305
1070 1071 0.00958216 0 -1.45542 0 0 0 0 -1.44584
1071 1072 0.0281371 0 0 0 0 0 0 0.0281371
1072 1073 0.0757851 0 -1.24727 0 0 0 0 -1.17149
1073 1074 0.00913468 0 -1.09905 0 0 0 0 -1.08992
1074 1075 0.0128481 0 -1.37312 0 0 0 0 -1.36028
1075 1076 4.18071e-05 0 -1.30654 0 0 0 0 -1.3065
1076 1077 0.00132594 0 -1.05121 0 0 0 0 -1.04989
1077 1078 0.000170681 0 -1.21074 0 0 0 0 -1.21057
1078 1079 0.0154424 0 0 0 0 0 0 0.0154424
1080 1081 0.0916052 0 -0.945458 0 0 0 0 -0.853853
1081 1082 0.0127068 0 0 0 0 0 0 0.0127068
1082 1083 0.0428382 0 -1.33761 0 0 0 0 -1.29477
1083 1084 0.00817344 0 -0 0 0 0 0 0.00817344
1084 1085 0.0673449 0 0 0 0 0 0 0.0673449
1085 1086 0.0434749 0 0 0 0 0 0 0.0434749
1086 1087 0.0237525 0 -1.16923 0 0 0 0 -1.14548
1087 1088 0.00253835 0 -1.03846 0 0 0 0 -1.03592
1088 1089 0.0446235 0 0 0 0 0 0 0.0446235
1089 1090 0.0336217 0 -0.514369 0 0 0 0 -0.480747
1090 1091 0.00902652 0 -1.34871 0 0 0 0 -1.33968
1091 1092 0.00304001 0 -1.07503 0 0 0 0 -1.07199
1092 1093 0.0949446 0 -1.32569 0 0 0 0 -1.23075
1093 1094 0.047665 0 -1.34716 0 0 0 0 -1.29949
1094 1095 0.0371379 0 -1.2036 0 0 0 0 -1.16646
1093 1096 0 0 0 0 -0 -0.143593 0 -0.143593
1092 1096 0 0 0 0 -0.778554 0 -0 -0.778554
1091 1096 0 0 0 0 -6.40404e-16 -0.0822324 0 -0.0822324
1095 1096 0.283928 0 0 0 0 0 0 0.283928
1092 1097 0 0 0 0 0 -0.128441 0 -0.128441
1090 1097 0 0 0 0 0 -0.126645 -0 -0.126645
1096 1097 0.00134523 0 -1.05624 0 0 0 0 -1.05489
1097 1098 4.38307e-05 0 0 0 0 0 0 4.38307e-05
1098 1099 0.213399 0 -1.11029 0 0 0 0 -0.896894
1100 1101 0.159417 0 -0.994786 0 0 0 0 -0.835369
1101 1102 0.0105322 0 -1.31235 0 0 0 0 -1.30181
1102 1103 0.00118468 0 -0.84344 0 0 0 0 -0.842255
1103 1104 0.0193937 0 -1.31116 0 0 0 0 -1.29176
1104 1105 0.0992194 0 -1.00595 0 0 0 0 -0.906729
1105 1106 0.00376731 0 -1.11354 0 0 0 0 -1.10978
1106 1107 0.021975 0 -1.23335 0 0 0 0 -1.21137
1107 1108 0.0150995 0 -1.01823 0 0 0 0 -1.00313
1108 1109 0.028958 0 0 0 0 0 0 0.028958
1109 1110 0.0144569 0 -0 0 0 0 0 0.0144569
1110 1111 0.0265997 0 -1.08062 0 0 0 0 -1.05402
1111 1112 0.0989725 0 -1.18658 0 0 0 0 -1.08761
1112 1113 0.0728984 0 -0.990636 0 0 0 0 -0.917737
1106 1114 0 0 0 0 0 -0.0678632 0 -0.0678632
1105 1114 0 0 0 0 -0 -0.0135199 -0 -0.0135199
1104 1114 0 0 0 0 0 -0.00302515 0 -0.00302515
1113 1114 0.0055643 0 0 0 0 0 0 0.0055643
1105 1115 0 0 0 0 0 -0.121264 0 -0.121264
1104 1115 0 0 0 0 -0.707424 -9.52737e-30 -0 -0.707424
1103 1115 0 0 0 0 0 -0.179644 0 -0.179644
1114 1115 0.191902 0 -1.04202 0 0 0 0 -0.850116
1104 1116 0 0 0 0 0 -0.155411 0 -0.155411
1103 1116 0 0 0 0 -0.831722 0 -0 -0.831722
1102 1116 0 0 0 0 0 -0.199733 0 -0.199733
1115 1116 0.000261057 0 -1.153 0 0 0 0 -1.15274
1103 1117 0 0 0 0 0 -0.15879 0 -0.15879
1102 1117 0 0 0 0 -0.8448 0 -0 -0.8448
1101 1117 0 0 0 0 0 -0.171537 0 -0.171537
1116 1117 0.0128823 0 -0.978914 0 0 0 0 -0.966032
1102 1118 0 0 0 0 0 -0.144514 0 -0.144514
1101 1118 0 0 0 0 -0.618729 0 -0 -0.618729
1100 1118 0 0 0 0 0 -0.115378 0 -0.115378
1117 1118 0.0111391 0 -0.837497 0 0 0 0 -0.826358
1101 1119 0 0 0 0 0 -0.0990623 0 -0.0990623
1100 1119 0 0 0 0 -0.312177 0 -0 -0.312177
1118 1119 0.0353861 0 -1.39178 0 0 0 0 -1.35639
1120 1121 0.00836477 0 -1.19649 0 0 0 0 -1.18813
1121 1122 0.179019 0 0 0 0 0 0 0.179019
1122 1123 0.0515375 0 0 0 0 0 0 0.0515375
1123 1124 0.0034931 0 -0.784671 0 0 0 0 -0.781178
1124 1125 0.0652085 0 -0 0 0 0 0 0.0652085
1125 1126 0.0167975 0 0 0 0 0 0 0.0167975
1126 1127 0.120474 0 -1.30675 0 0 0 0 -1.18628
1127 1128 0.0707529 0 -0.0607935 0 0 0 0 0.00995939
1128 1129 0.106604 0 0 0 0 0 0 0.106604
1129 1130 0.102088 0 -0 0 0 0 0 0.102088
1130 1131 0.120539 0 -1.32455 0 0 0 0 -1.20401
1131 1132 0.0494525 0 -1.24802 0 0 0 0 -1.19857
1132 1133 0.00023758 0 0 0 0 0 0 0.00023758
1133 1134 0.000438054 0 0 0 0 0 0 0.000438054
1134 1135 0.108447 0 0 0 0 0 0 0.108447
1135 1136 0.022228 0 0 0 0 0 0 0.022228
1136 1137 0.269562 0 -1.38209 0 0 0 0 -1.11253
1137 1138 0.0741053 0 -1.29296 0 0 0 0 -1.21886
1138 1139 0.0939472 0 0 0 0 0 0 0.0939472
1140 1141 0.0175529 0 -0.814054 0 0 0 0 -0.796501
1141 1142 8.20478e-05 0 -0.278999 0 0 0 0 -0.278917
1142 1143 0.0163501 0 -0.969377 0 0 0 0 -0.953027
1143 1144 1.49147e-05 0 -1.30421 0 0 0 0 -1.30419
1144 1145 0.0125718 0 -1.26816 0 0 0 0 -1.25559
1145 1146 0.0108947 0 -1.07944 0 0 0 0 -1.06854
1146 1147 0.478359 0 -1.15632 0 0 0 0 -0.677963
1147 1148 0.00923543 0 0 0 0 0 0 0.00923543
1148 1149 0.0128954 0 -0.906511 0 0 0 0 -0.893616
1149 1150 0.000480347 0 -1.29789 0 0 0 0 -1.29741
1150 1151 0.00218017 0 -1.16913 0 0 0 0 -1.16695
1151 1152 0.0148743 0 0 0 0 0 0 0.0148743
1152 1153 0.00307692 0 -0 0 0 0 0 0.00307692
1153 1154 0.010827 0 -1.09779 0 0 0 0 -1.08696
1154 1155 0.0254583 0 0 0 0 0 0 0.0254583
1155 1156 0.0261037 0 0 0 0 0 0 0.0261037
1156 1157 0.000884913 0 0 0 0 0 0 0.000884913
1157 1158 0.0896077 0 0 0 0 0 0 0.0896077
1158 1159 0.000190281 0 0 0 0 0 0 0.000190281
1160 1161 0.179722 0 0 0 0 0 0 0.179722
1161 1162 0.000456328 0 0 0 0 0 0 0.000456328
1162 1163 0.0113816 0 -1.35587 0 0 0 0 -1.34449
1163 1164 0.0116597 0 -1.17978 0 0 0 0 -1.16812
1164 1165 0.0544413 0 -0 0 0 0 0 0.0544413
1165 1166 0.0170571 0 -0.0157823 0 0 0 0 0.00127486
1166 1167 0.31954 0 0 0 0 0 0 0.31954
1167 1168 0.0108839 0 -1.32436 0 0 0 0 -1.31347
1168 1169 0.0334743 0 0 0 0 0 0 0.0334743
1169 1170 0.000468374 0 -0 0 0 0 0 0.000468374
1170 1171 0.191613 0 -1.39363 0 0 0 0 -1.20201
1171 1172 0.126134 0 0 0 0 0 0 0.126134
1172 1173 9.71635e-05 0 -1.27512 0 0 0 0 -1.27502
1173 1174 0.390875 0 0 0 0 0 0 0.390875
1174 1175 0.00606294 0 -1.29818 0 0 0 0 -1.29212
1175 1176 0.0484387 0 -0.771981 0 0 0 0 -0.723543
1176 1177 0.0072619 0 -1.26747 0 0 0 0 -1.26021
1177 1178 0.00251962 0 -1.45769 0 0 0 0 -1.45517
1178 1179 0.00348063 0 -1.38986 0 0 0 0 -1.38638
1180 1181 0.0133975 0 0 0 0 0 0 0.0133975
1181 1182 0.0304994 0 -1.40758 0 0 0 0 -1.37708
1182 1183 0.0373181 0 -0.0150773 0 0 0 0 0.0222408
1183 1184 0.0934288 0 0 0 0 0 0 0.0934288
1184 1185 0.00302875 0 -0.994687 0 0 0 0 -0.991658
1185 1186 0.264761 0 -0.654125 0 0 0 0 -0.389364
1186 1187 0.0631831 0 0 0 0 0 0 0.0631831
1187 1188 0.00284579 0 -1.35214 0 0 0 0 -1.34929
1188 1189 0.0212336 0 -1.41351 0 0 0 0 -1.39228
1189 1190 0.0792045 0 -1.12514 0 0 0 0 -1.04594
1190 1191 0.0905099 0 0 0 0 0 0 0.0905099
1191 1192 0.013365 0 -1.37275 0 0 0 0 -1.35938
1192 1193 0.0947849 0 -1.18218 0 0 0 0 -1.08739
1193 1194 0.0685762 0 0 0 0 0 0 0.0685762
1194 1195 0.0380955 0 0 0 0 0 0 0.0380955
1195 1196 0.00301454 0 -1.43502 0 0 0 0 -1.43201
1196 1197 0.0108743 0 -1.32279 0 0 0 0 -1.31192
1197 1198 0.0188858 0 -0.304311 0 0 0 0 -0.285425
1198 1199 0.0103348 0 -1.14458 0 0 0 0 -1.13424
#Total energy per particle is  -0.601678 and should be -0.60167810
