#id1 id2 FENE BEXC STCK NEXC HB CRSTCK CXSTCK total, t = 200000
0 1 0.000169486 0 -1.13508 0 0 0 0 -1.13491
1 2 0.0574805 0 -1.11408 0 0 0 0 -1.0566
2 3 0.00156349 0 -1.38019 0 0 0 0 -1.37863
3 4 0.0222095 0 -1.08478 0 0 0 0 -1.06257
4 5 0.00718324 0 -0 0 0 0 0 0.00718324
5 6 1.65529e-06 0 -0.746098 0 0 0 0 -0.746097
6 7 0.0301665 0 0 0 0 0 0 0.0301665
7 8 0.0295574 0 0 0 0 0 0 0.0295574
8 9 0.0775404 0 0 0 0 0 0 0.0775404
9 10 0.00708822 0 -1.29364 0 0 0 0 -1.28655
10 11 0.0150719 0 -1.35454 0 0 0 0 -1.33947
11 12 8.30686e-05 0 0 0 0 0 0 8.30686e-05
12 13 0.0728247 0 -1.04042 0 0 0 0 -0.967591
13 14 0.0538611 0 -1.1937 0 0 0 0 -1.13984
14 15 0.00277356 0 -0.927482 0 0 0 0 -0.924709
15 16 0.227179 0 0 0 0 0 0 0.227179
16 17 0.000496948 0 0 0 0 0 0 0.000496948
17 18 0.00231104 0 0 0 0 0 0 0.00231104
18 19 0.000122956 0 -0.868804 0 0 0 0 -0.868681
20 21 0.00519285 0 0 0 0 0 0 0.00519285
21 22 0.00113916 0 -1.14367 0 0 0 0 -1.14253
22 23 0.0983405 0 -1.27727 0 0 0 0 -1.17893
23 24 0.00205002 0 -1.1775 0 0 0 0 -1.17545
24 25 0.00874731 0 -1.2486 0 0 0 0 -1.23986
25 26 0.0137803 0 -1.34651 0 0 0 0 -1.33273
26 27 0.162012 0 0 0 0 0 0 0.162012
27 28 0.0146197 0 -0 0 0 0 0 0.0146197
28 29 0.0133064 0 0 0 0 0 0 0.0133064
29 30 0.0937981 0 -1.36961 0 0 0 0 -1.27581
30 31 0.0601261 0 0 0 0 0 0 0.0601261
31 32 0.0116006 0 -1.28006 0 0 0 0 -1.26846
32 33 0.060988 0 -1.13223 0 0 0 0 -1.07125
33 34 0.00542118 0 0 0 0 0 0 0.00542118
34 35 0.119749 0 -1.26552 0 0 0 0 -1.14577
35 36 0.000490982 0 0 0 0 0 0 0.000490982
36 37 0.0293231 0 -1.3768 0 0 0 0 -1.34747
37 38 0.00911902 0 0 0 0 0 0 0.00911902
38 39 0.0539572 0 -0 0 0 0 0 0.0539572
40 41 0.00015626 0 0 0 0 0 0 0.00015626
41 42 0.00115847 0 -1.07064 0 0 0 0 -1.06948
42 43 0.000434111 0 -1.24038 0 0 0 0 -1.23995
43 44 0.0144125 0 0 0 0 0 0 0.0144125
44 45 0.0215012 0 -1.24655 0 0 0 0 -1.22504
45 46 0.0543554 0 0 0 0 0 0 0.0543554
46 47 1.93435e-05 0 -1.10041 0 0 0 0 -1.10039
47 48 0.0478219 0 -1.05283 0 0 0 0 -1.00501
48 49 0.115849 0 -1.2925 0 0 0 0 -1.17665
49 50 0.00228964 0 0 0 0 0 0 0.00228964
50 51 0.00276351 0 -1.25235 0 0 0 0 -1.24959
51 52 0.00468438 0 0 0 0 0 0 0.00468438
52 53 0.017001 0 0 0 0 0 0 0.017001
53 54 0.0459781 0 -1.01086 0 0 0 0 -0.964886
54 55 6.50591e-05 0 -1.29535 0 0 0 0 -1.29528
55 56 0.182173 0 0 0 0 0 0 0.182173
56 57 0.00804938 0 -0.996193 0 0 0 0 -0.988144
57 58 0.00570054 0 -0.669085 0 0 0 0 -0.663384
58 59 0.00103451 0 0 0 0 0 0 0.00103451
60 61 0.00812027 0 0 0 0 0 0 0.00812027
61 62 0.0600096 0 0 0 0 0 0 0.0600096
62 63 0.0672712 0 -0.893667 0 0 0 0 -0.826396
63 64 0.10768 0 -0.912555 0 0 0 0 -0.804875
64 65 0.045016 0 -1.25242 0 0 0 0 -1.2074
65 66 0.130386 0 -1.00907 0 0 0 0 -0.878685
66 67 0.0163706 0 0 0 0 0 0 0.0163706
67 68 0.0105657 0 0 0 0 0 0 0.0105657
68 69 0.000500562 0 -1.42149 0 0 0 0 -1.42099
69 70 0.0321783 0 -1.41459 0 0 0 0 -1.38241
70 71 0.0133181 0 0 0 0 0 0 0.0133181
71 72 0.0150936 0 -0 0 0 0 0 0.0150936
72 73 0.0251315 0 0 0 0 0 0 0.0251315
73 74 0.00146273 0 -0.682774 0 0 0 0 -0.681311
74 75 0.0873066 0 0 0 0 0 0 0.0873066
75 76 0.000731011 0 -1.28261 0 0 0 0 -1.28188
76 77 0.019442 0 -1.1045 0 0 0 0 -1.08506
77 78 0.00825881 0 -1.18622 0 0 0 0 -1.17796
78 79 0.0028506 0 -1.3223 0 0 0 0 -1.31945
80 81 0.00209282 0 -0.808459 0 0 0 0 -0.806366
81 82 0.011912 0 0 0 0 0 0 0.011912
82 83 0.000133992 0 -0 0 0 0 0 0.000133992
83 84 0.104187 0 0 0 0 0 0 0.104187
84 85 0.0495501 0 0 0 0 0 0 0.0495501
85 86 0.137817 0 -0.654889 0 0 0 0 -0.517072
86 87 0.00104879 0 -0.804175 0 0 0 0 -0.803126
87 88 0.019449 0 0 0 0 0 0 0.019449
88 89 0.00692605 0 0 0 0 0 0 0.00692605
89 90 0.103396 0 -1.0603 0 0 0 0 -0.956903
90 91 0.0461948 0 0 0 0 0 0 0.0461948
91 92 0.0323902 0 -1.34639 0 0 0 0 -1.314
92 93 0.238424 0 -1.39793 0 0 0 0 -1.15951
93 94 0.00261968 0 0 0 0 0 0 0.00261968
94 95 0.0133375 0 0 0 0 0 0 0.0133375
95 96 0.0503387 0 -0.27413 0 0 0 0 -0.223792
96 97 0.0364838 0 -1.20509 0 0 0 0 -1.16861
97 98 0.0933911 0 0 0 0 0 0 0.0933911
98 99 0.00737014 0 -1.08142 0 0 0 0 -1.07405
100 101 0.0905464 0 0 0 0 0 0 0.0905464
101 102 0.0668278 0 -1.35344 0 0 0 0 -1.28661
102 103 0.0517657 0 -0.908788 0 0 0 0 -0.857023
103 104 0.0366537 0 -0 0 0 0 0 0.0366537
104 105 0.0495066 0 0 0 0 0 0 0.0495066
105 106 0.0672349 0 -1.29978 0 0 0 0 -1.23254
106 107 0.00163683 0 -0.999079 0 0 0 0 -0.997442
107 108 0.0590198 0 -1.26477 0 0 0 0 -1.20575
108 109 0.0130436 0 -1.3515 0 0 0 0 -1.33846
109 110 0.0205757 0 0 0 0 0 0 0.0205757
110 111 0.0616163 0 0 0 0 0 0 0.0616163
111 112 0.0104233 0 -1.10693 0 0 0 0 -1.09651
112 113 0.0823928 0 -1.2976 0 0 0 0 -1.2152
113 114 0.00561052 0 0 0 0 0 0 0.00561052
114 115 0.00826131 0 -0.885878 0 0 0 0 -0.877617
115 116 2.44668e-05 0 -1.43728 0 0 0 0 -1.43726
116 117 0.0121285 0 -1.14528 0 0 0 0 -1.13315
117 118 8.76398e-06 0 -1.24944 0 0 0 0 -1.24944
118 119 0.000798104 0 0 0 0 0 0 0.000798104
120 121 0.147667 0 -0.991049 0 0 0 0 -0.843383
121 122 0.000202681 0 -1.23165 0 0 0 0 -1.23145
121 123 0 0 0 0 0 -0 -0.000156215 -0.000156215
122 123 0.0149894 0 -0 0 0 0 0 0.0149894
123 124 0.0521263 0 -0 0 0 0 0 0.0521263
124 125 0.0323886 0 0 0 0 0 0 0.0323886
125 126 0.0130136 0 -1.06715 0 0 0 0 -1.05414
126 127 0.0365587 0 0 0 0 0 0 0.0365587
127 128 0.000462913 0 -1.32483 0 0 0 0 -1.32436
128 129 0.00904278 0 0 0 0 0 0 0.00904278
129 130 0.111661 0 -1.30553 0 0 0 0 -1.19387
130 131 0.000572586 0 -1.35218 0 0 0 0 -1.3516
131 132 7.22e-05 0 -1.01534 0 0 0 0 -1.01527
132 133 0.0324016 0 -1.39236 0 0 0 0 -1.35996
133 134 0.0447052 0 0 0 0 0 0 0.0447052
134 135 1.65567e-05 0 -1.24888 0 0 0 0 -1.24886
135 136 0.18662 0 -0.0969756 0 0 0 0 0.0896448
136 137 0.0121804 0 0 0 0 0 0 0.0121804
137 138 0.000173747 0 -1.1831 0 0 0 0 -1.18292
138 139 0.000976034 0 0 0 0 0 0 0.000976034
140 141 0.0742022 0 -0 0 0 0 0 0.0742022
141 142 0.0645538 0 0 0 0 0 0 0.0645538
142 143 0.000252355 0 -1.25925 0 0 0 0 -1.259
143 144 0.0165425 0 -1.16199 0 0 0 0 -1.14544
144 145 0.157256 0 -1.32746 0 0 0 0 -1.1702
145 146 0.195404 0 -1.23936 0 0 0 0 -1.04395
146 147 0.230537 0 0 0 0 0 0 0.230537
147 148 0.000783953 0 -1.34545 0 0 0 0 -1.34467
148 149 0.106616 0 -1.25481 0 0 0 0 -1.1482
149 150 0.0707356 0 -1.01972 0 0 0 0 -0.948989
150 151 0.0062481 0 0 0 0 0 0 0.0062481
151 152 0.0262575 0 0 0 0 0 0 0.0262575
152 153 0.0136275 0 0 0 0 0 0 0.0136275
153 154 0.208324 0 0 0 0 0 0 0.208324
154 155 0.00364974 0 0 0 0 0 0 0.00364974
155 156 0.0418214 0 -1.26668 0 0 0 0 -1.22486
156 157 0.00560801 0 0 0 0 0 0 0.00560801
157 158 0.0151985 0 0 0 0 0 0 0.0151985
158 159 0.0717176 0 -1.40157 0 0 0 0 -1.32985
160 161 0.0356129 0 0 0 0 0 0 0.0356129
161 162 0.0580285 0 0 0 0 0 0 0.0580285
162 163 0.0105037 0 -1.33021 0 0 0 0 -1.31971
163 164 0.025349 0 -0 0 0 0 0 0.025349
164 165 0.000348448 0 -0.98414 0 0 0 0 -0.983792
165 166 0.0357004 0 -1.23511 0 0 0 0 -1.19941
166 167 0.0135631 0 0 0 0 0 0 0.0135631
167 168 0.00146414 0 -1.41878 0 0 0 0 -1.41731
168 169 0.0218341 0 -1.3035 0 0 0 0 -1.28167
169 170 0.0511389 0 -1.32646 0 0 0 0 -1.27532
170 171 4.07259e-05 0 0 0 0 0 0 4.07259e-05
171 172 0.027358 0 -0.567717 0 0 0 0 -0.540359
172 173 0.0487775 0 -0 0 0 0 0 0.0487775
173 174 0.131445 0 -1.04294 0 0 0 0 -0.9115
174 175 1.17061e-05 0 -0.81443 0 0 0 0 -0.814419
175 176 0.0410609 0 -1.21516 0 0 0 0 -1.1741
176 177 0.0529011 0 -1.12093 0 0 0 0 -1.06803
177 178 0.0417764 0 0 0 0 0 0 0.0417764
178 179 0.0445205 0 -1.27413 0 0 0 0 -1.22961
180 181 0.0389689 0 -0.710838 0 0 0 0 -0.671869
181 182 0.0481715 0 0 0 0 0 0 0.0481715
182 183 0.0701542 0 0 0 0 0 0 0.0701542
183 184 0.00282239 0 -0.950864 0 0 0 0 -0.948042
184 185 0.00848518 0 0 0 0 0 0 0.00848518
185 186 0.0880551 0 -1.00019 0 0 0 0 -0.912137
186 187 0.0245266 0 -0.971239 0 0 0 0 -0.946712
187 188 0.000582506 0 -1.24436 0 0 0 0 -1.24378
188 189 0.00124493 0 -1.17764 0 0 0 0 -1.1764
189 190 0.000424367 0 -0.956456 0 0 0 0 -0.956032
190 191 0.0636698 0 -0.894971 0 0 0 0 -0.831301
191 192 0.00198723 0 -1.24663 0 0 0 0 -1.24465
192 193 0.0749795 0 -1.1651 0 0 0 0 -1.09012
193 194 0.000713274 0 -1.0895 0 0 0 0 -1.08879
194 195 0.0896778 0 -0.784084 0 0 0 0 -0.694406
195 196 0.0731516 0 -1.24412 0 0 0 0 -1.17097
196 197 0.00131167 0 0 0 0 0 0 0.00131167
197 198 0.13448 0 0 0 0 0 0 0.13448
198 199 0.0200941 0 -0 0 0 0 0 0.0200941
200 201 0.0613166 0 -1.38534 0 0 0 0 -1.32402
201 202 0.066868 0 0 0 0 0 0 0.066868
202 203 0.00106324 0 0 0 0 0 0 0.00106324
203 204 0.00582695 0 0 0 0 0 0 0.00582695
204 205 0.0208157 0 0 0 0 0 0 0.0208157
205 206 0.0455962 0 -1.33668 0 0 0 0 -1.29108
206 207 0.047403 0 0 0 0 0 0 0.047403
207 208 0.133593 0 -1.36185 0 0 0 0 -1.22825
208 209 0.0362601 0 0 0 0 0 0 0.0362601
209 210 0.00498492 0 0 0 0 0 0 0.00498492
210 211 0.0409627 0 0 0 0 0 0 0.0409627
211 212 0.0333296 0 -1.09286 0 0 0 0 -1.05953
212 213 0.000791881 0 -0 0 0 0 0 0.000791881
213 214 5.67217e-07 0 0 0 0 0 0 5.67217e-07
214 215 0.00645368 0 -0.658439 0 0 0 0 -0.651986
215 216 0.00126905 0 -1.39711 0 0 0 0 -1.39584
216 217 0.00207841 0 -1.24288 0 0 0 0 -1.2408
217 218 0.0915712 0 -0 0 0 0 0 0.0915712
218 219 0.0158441 0 0 0 0 0 0 0.0158441
220 221 0.0588633 0 0 0 0 0 0 0.0588633
221 222 0.0283469 0 0 0 0 0 0 0.0283469
222 223 0.0553836 0 -1.42179 0 0 0 0 -1.36641
223 224 3.60073e-07 0 0 0 0 0 0 3.60073e-07
224 225 0.000950491 0 0 0 0 0 0 0.000950491
225 226 0.015339 0 -0.967343 0 0 0 0 -0.952004
225 227 0 0 0 0 0 -2.38399e-07 0 -2.38399e-07
226 227 0.00735874 0 -1.27772 0 0 0 0 -1.27037
227 228 0.0248794 0 0 0 0 0 0 0.0248794
228 229 0.068363 0 -1.29483 0 0 0 0 -1.22647
229 230 0.0689901 0 -0.886336 0 0 0 0 -0.817346
230 231 0.00395973 0 -1.17295 0 0 0 0 -1.16899
231 232 0.098244 0 -1.42361 0 0 0 0 -1.32537
232 233 0.0158751 0 0 0 0 0 0 0.0158751
233 234 0.0478801 0 -1.23066 0 0 0 0 -1.18278
234 235 0.0123392 0 0 0 0 0 0 0.0123392
235 236 0.0789839 0 -1.22953 0 0 0 0 -1.15054
236 237 0.0372575 0 -1.35422 0 0 0 0 -1.31697
237 238 0.00681265 0 0 0 0 0 0 0.00681265
238 239 0.0469166 0 -1.43263 0 0 0 0 -1.38571
240 241 0.0100911 0 -1.18317 0 0 0 0 -1.17308
241 242 0.0256959 0 -0 0 0 0 0 0.0256959
242 243 0.262868 0 0 0 0 0 0 0.262868
243 244 0.0250209 0 -1.19854 0 0 0 0 -1.17352
244 245 0.221363 0 0 0 0 0 0 0.221363
245 246 0.000697124 0 -1.30545 0 0 0 0 -1.30475
246 247 0.00737046 0 -0.577409 0 0 0 0 -0.570039
247 248 0.122396 0 0 0 0 0 0 0.122396
248 249 0.00362275 0 -1.24096 0 0 0 0 -1.23734
249 250 0.0203765 0 0 0 0 0 0 0.0203765
250 251 0.491169 0 0 0 0 0 0 0.491169
251 252 0.0842736 0.0658844 -1.03945 0 0 0 0 -0.889287
252 253 0.0547075 0 -1.35739 0 0 0 0 -1.30268
253 254 0.180195 0 0 0 0 0 0 0.180195
254 255 0.0671769 0 -0.815928 0 0 0 0 -0.748751
255 256 8.5568e-05 0 -0.830735 0 0 0 0 -0.830649
256 257 0.0464499 0 0 0 0 0 0 0.0464499
257 258 0.132938 0 0 0 0 0 0 0.132938
258 259 0.0352754 0 -1.00424 0 0 0 0 -0.968967
260 261 0.00914758 0 -0.856542 0 0 0 0 -0.847394
261 262 0.124871 0 -0 0 0 0 0 0.124871
262 263 0.126211 0 -0.934879 0 0 0 0 -0.808668
263 264 0.241744 0 -0 0 0 0 0 0.241744
264 265 0.00268138 0 0 0 0 0 0 0.00268138
265 266 0.124244 0 -1.39268 0 0 0 0 -1.26844
266 267 0.0292329 0 -1.27552 0 0 0 0 -1.24629
267 268 0.09524 0 -0.859031 0 0 0 0 -0.763791
268 269 0.0340461 0 -1.27361 0 0 0 0 -1.23957
269 270 0.105473 0 0 0 0 0 0 0.105473
270 271 0.010933 0 0 0 0 0 0 0.010933
271 272 0.0252428 0 -1.30393 0 0 0 0 -1.27869
272 273 0.131222 0 -1.27645 0 0 0 0 -1.14523
273 274 0.0126229 0 -1.35132 0 0 0 0 -1.33869
274 275 0.00224462 0 -1.35458 0 0 0 0 -1.35234
275 276 0.0171571 0 -1.28554 0 0 0 0 -1.26838
276 277 0.0213937 0 -1.24818 0 0 0 0 -1.22678
277 278 0.0264738 0 0 0 0 0 0 0.0264738
278 279 0.10492 0.00220874 -0 0 0 0 0 0.107128
280 281 0.11056 0 -1.15094 0 0 0 0 -1.04038
281 282 0.01136 0 0 0 0 0 0 0.01136
282 283 0.0185613 0 -0.919647 0 0 0 0 -0.901086
283 284 0.11098 0 -0.8641 0 0 0 0 -0.75312
284 285 0.0145005 0 -0 0 0 0 0 0.0145005
285 286 0.00504339 0 -1.41413 0 0 0 0 -1.40909
286 287 0.0294289 0 -1.13777 0 0 0 0 -1.10834
287 288 0.0786206 0 0 0 0 0 0 0.0786206
288 289 0.102331 0 0 0 0 0 0 0.102331
289 290 0.000267302 0 -0.000154425 0 0 0 0 0.000112877
290 291 5.10666e-05 0 -1.14006 0 0 0 0 -1.14001
291 292 9.88576e-05 0 -1.27582 0 0 0 0 -1.27573
292 293 0.000163506 0 -1.14809 0 0 0 0 -1.14792
293 294 0.469435 0 -0.909779 0 0 0 0 -0.440343
294 295 0.00949395 0 0 0 0 0 0 0.00949395
295 296 0.0833827 0 -0 0 0 0 0 0.0833827
296 297 0.00864202 0 -1.08737 0 0 0 0 -1.07873
297 298 0.0721025 0 0 0 0 0 0 0.0721025
298 299 0.0486194 0 0 0 0 0 0 0.0486194
300 301 0.0872547 0 0 0 0 0 0 0.0872547
301 302 0.0258184 0 -1.32309 0 0 0 0 -1.29727
302 303 0.00897793 0 0 0 0 0 0 0.00897793
303 304 0.000178343 0 -1.43819 0 0 0 0 -1.43801
304 305 2.38668e-05 0 -0.763556 0 0 0 0 -0.763532
305 306 0.0520367 0.000282798 -0 0 0 0 0 0.0523195
306 307 0.0794008 0 -1.29663 0 0 0 0 -1.21723
307 308 0.00721838 0 -1.18518 0 0 0 0 -1.17796
308 309 0.0726584 0 -4.47585e-06 0 0 0 0 0.0726539
309 310 0.000152962 0 0 0 0 0 0 0.000152962
310 311 0.00943285 0 0 0 0 0 0 0.00943285
311 312 0.0133968 0 -0 0 0 0 0 0.0133968
312 313 0.05894 0 0 0 0 0 0 0.05894
313 314 0.0890013 0 0 0 0 0 0 0.0890013
314 315 0.042108 0 0 0 0 0 0 0.042108
315 316 0.0106574 0 -1.43509 0 0 0 0 -1.42443
316 317 0.00803789 0 -0.94849 0 0 0 0 -0.940452
317 318 0.00122258 0 -1.41589 0 0 0 0 -1.41467
318 319 0.000522731 0 -1.26943 0 0 0 0 -1.2689
320 321 0.0227784 0 -1.33651 0 0 0 0 -1.31373
321 322 0.0020705 0 -0.948532 0 0 0 0 -0.946461
322 323 0.0224597 0 0 0 0 0 0 0.0224597
323 324 0.0493017 0 -1.06294 0 0 0 0 -1.01364
324 325 0.11482 0 -0.456056 0 0 0 0 -0.341236
325 326 0.0262347 0 0 0 0 0 0 0.0262347
326 327 0.0199718 0 0 0 0 0 0 0.0199718
327 328 0.00248528 0 -1.04924 0 0 0 0 -1.04675
328 329 0.108794 0 -1.16707 0 0 0 0 -1.05827
329 330 0.0525323 0 0 0 0 0 0 0.0525323
330 331 0.0244663 0 -0 0 0 0 0 0.0244663
331 332 0.0261431 0 -0 0 0 0 0 0.0261431
332 333 0.000219782 0 0 0 0 0 0 0.000219782
333 334 0.0302763 0 -1.20685 0 0 0 0 -1.17657
334 335 0.030482 0 -0.899363 0 0 0 0 -0.868881
335 336 0.0714586 0 -1.22274 0 0 0 0 -1.15128
336 337 4.26998e-05 0 -0.900315 0 0 0 0 -0.900273
337 338 0.00424251 0 0 0 0 0 0 0.00424251
338 339 0.0317843 0 -1.23363 0 0 0 0 -1.20185
340 341 0.0191709 0 0 0 0 0 0 0.0191709
341 342 0.00271863 0 -1.37947 0 0 0 0 -1.37675
342 343 0.00426552 0 -1.20776 0 0 0 0 -1.2035
343 344 0.048787 0 0 0 0 0 0 0.048787
344 345 0.000569252 0 0 0 0 0 0 0.000569252
345 346 0.0523758 0 0 0 0 0 0 0.0523758
346 347 0.0196515 0 0 0 0 0 0 0.0196515
347 348 0.129548 0 -1.42049 0 0 0 0 -1.29094
348 349 0.404332 0 -1.07015 0 0 0 0 -0.665818
349 350 0.0380178 0 -0.701568 0 0 0 0 -0.66355
350 351 0.0844158 0 0 0 0 0 0 0.0844158
351 352 0.114558 0 -0 0 0 0 0 0.114558
352 353 0.338024 0 -0.830159 0 0 0 0 -0.492135
353 354 0.00410482 0 0 0 0 0 0 0.00410482
354 355 0.0734309 0 0 0 0 0 0 0.0734309
355 356 0.0206821 0 -0.908093 0 0 0 0 -0.887411
356 357 0.00160237 0 0 0 0 0 0 0.00160237
357 358 0.00234639 0 -1.38337 0 0 0 0 -1.38102
358 359 0.00531685 0 -0 0 0 0 0 0.00531685
360 361 0.0092284 0 -0.959287 0 0 0 0 -0.950059
361 362 0.062527 0 -1.25668 0 0 0 0 -1.19415
362 363 0.101798 0 -1.16215 0 0 0 0 -1.06036
363 364 0.015227 0 -1.02756 0 0 0 0 -1.01233
364 365 0.0113203 0 0 0 0 0 0 0.0113203
365 366 0.312179 0 -1.32127 0 0 0 0 -1.00909
366 367 0.0223004 0 -1.19745 0 0 0 0 -1.17515
367 368 0.165853 0 0 0 0 0 0 0.165853
368 369 0.000856911 0 -1.08847 0 0 0 0 -1.08761
369 370 0.000652098 0 -1.2572 0 0 0 0 -1.25655
370 371 0.0310342 0 -1.39134 0 0 0 0 -1.3603
371 372 0.291094 0 -1.40986 0 0 0 0 -1.11876
372 373 0.0318116 0 -1.12239 0 0 0 0 -1.09058
373 374 0.0945479 0 -0.981233 0 0 0 0 -0.886685
374 375 0.317065 0 -1.21195 0 0 0 0 -0.894887
375 376 0.0356409 0 -0.891171 0 0 0 0 -0.85553
376 377 0.0342454 0 -0.851316 0 0 0 0 -0.81707
377 378 0.126191 0 -1.41839 0 0 0 0 -1.2922
378 379 0.235508 0 -0 0 0 0 0 0.235508
380 381 0.00742965 0 0 0 0 0 0 0.00742965
381 382 0.0205903 0 0 0 0 0 0 0.0205903
382 383 0.493116 0 -1.14233 0 0 0 0 -0.649212
383 384 0.0341372 0 -0.5389 0 0 0 0 -0.504763
384 385 0.0577016 0 -0.450442 0 0 0 0 -0.39274
385 386 0.0821855 0 0 0 0 0 0 0.0821855
386 387 0.00063668 0 -1.13302 0 0 0 0 -1.13238
387 388 0.03956 0 -0.680563 0 0 0 0 -0.641003
388 389 0.268754 0 0 0 0 0 0 0.268754
389 390 0.0104635 0 -1.19063 0 0 0 0 -1.18017
390 391 0.312613 0 0 0 0 0 0 0.312613
391 392 0.011198 0 -1.00324 0 0 0 0 -0.992042
392 393 0.0740478 0 -0.891881 0 0 0 0 -0.817833
393 394 0.0126753 0 -0.803287 0 0 0 0 -0.790611
394 395 0.130729 0 -1.02848 0 0 0 0 -0.897746
395 396 0.00402672 0 -0.834032 0 0 0 0 -0.830006
396 397 0.00108999 0 0 0 0 0 0 0.00108999
397 398 0.0125889 0 0 0 0 0 0 0.0125889
398 399 0.0220591 0 -1.30984 0 0 0 0 -1.28778
400 401 0.0137151 0 -1.29935 0 0 0 0 -1.28563
401 402 0.00969224 0 -1.03589 0 0 0 0 -1.02619
402 403 0.0045355 0 -1.13987 0 0 0 0 -1.13533
403 404 0.0145162 0 0 0 0 0 0 0.0145162
404 405 0.00381616 0 -0 0 0 0 0 0.00381616
405 406 0.0218054 0 -1.25087 0 0 0 0 -1.22906
406 407 0.196961 0 -1.13702 0 0 0 0 -0.940058
407 408 0.020735 0 -1.17272 0 0 0 0 -1.15198
408 409 0.0366675 0 -0.742711 0 0 0 0 -0.706043
409 410 0.00418862 0 -0.949685 0 0 0 0 -0.945496
410 411 0.107407 0 0 0 0 0 0 0.107407
411 412 1.17197e-05 0 -1.00559 0 0 0 0 -1.00558
412 413 4.46698e-05 0 0 0 0 0 0 4.46698e-05
413 414 0.0211696 0 0 0 0 0 0 0.0211696
414 415 0.000443312 0 -1.23987 0 0 0 0 -1.23942
415 416 0.00144876 0 -0.972193 0 0 0 0 -0.970744
416 417 0.042968 0 -1.11082 0 0 0 0 -1.06785
417 418 0.0169552 0 0 0 0 0 0 0.0169552
418 419 0.00212937 0 -1.38389 0 0 0 0 -1.38176
420 421 0.00154733 0 -0.586051 0 0 0 0 -0.584503
421 422 0.0452889 0 -0.976005 0 0 0 0 -0.930716
422 423 0.00891163 0 0 0 0 0 0 0.00891163
423 424 0.0320649 0 -1.40954 0 0 0 0 -1.37747
424 425 0.0211264 0 -1.13904 0 0 0 0 -1.11791
425 426 0.0842482 0 -1.33535 0 0 0 0 -1.2511
426 427 0.00438446 0 0 0 0 0 0 0.00438446
427 428 0.00235089 0 -0.944616 0 0 0 0 -0.942265
428 429 0.0019085 0 0 0 0 0 0 0.0019085
429 430 0.0484252 0 -1.09543 0 0 0 0 -1.047
430 431 0.0450777 0 -1.34194 0 0 0 0 -1.29686
430 432 0 0 0 0 0 -0 -0.000478368 -0.000478368
429 432 0 0 0 0.0844121 0 0 0 0.0844121
431 432 0.0223442 0 -0 0 0 0 0 0.0223442
432 433 0.0332474 0 0 0 0 0 0 0.0332474
433 434 0.031892 0 -1.39726 0 0 0 0 -1.36537
434 435 0.0297859 0 -0.994857 0 0 0 0 -0.965071
435 436 0.0403971 0 0 0 0 0 0 0.0403971
436 437 0.0416058 0 -1.22578 0 0 0 0 -1.18418
437 438 0.00335335 0 -1.38384 0 0 0 0 -1.38049
438 439 0.00608932 0 0 0 0 0 0 0.00608932
440 441 0.0101987 0 -1.17657 0 0 0 0 -1.16637
441 442 0.108115 0 -0.99263 0 0 0 0 -0.884515
442 443 0.167284 0 0 0 0 0 0 0.167284
443 444 0.0343882 0 -0 0 0 0 0 0.0343882
444 445 0.131174 0 -1.10639 0 0 0 0 -0.975216
445 446 0.00143699 0 -1.1946 0 0 0 0 -1.19316
446 447 0.135428 0 -0.80974 0 0 0 0 -0.674312
447 448 0.0037795 0 -1.33386 0 0 0 0 -1.33008
448 449 0.0219647 0 -1.08059 0 0 0 0 -1.05863
449 450 0.168382 0 -0 0 0 0 0 0.168382
450 451 0.0187559 0 -0 0 0 0 0 0.0187559
450 452 0 0 0 0 0 -0 -0.0241374 -0.0241374
451 452 4.13408e-05 0 -1.19674 0 0 0 0 -1.1967
452 453 0.00169403 0 -1.32458 0 0 0 0 -1.32289
449 454 0 0 0 0 0 -0.012926 0 -0.012926
453 454 0.0681478 0 -1.31633 0 0 0 0 -1.24818
454 455 0.0287008 0 -1.38438 0 0 0 0 -1.35567
455 456 0.00986173 0 -0.843591 0 0 0 0 -0.833729
456 457 0.00110335 0 -0.806722 0 0 0 0 -0.805619
457 458 0.0696789 0 -0.0783733 0 0 0 0 -0.00869437
458 459 0.0216396 0 -1.14645 0 0 0 0 -1.12481
460 461 0.0119621 0 -0 0 0 0 0 0.0119621
461 462 0.0834775 0 0 0 0 0 0 0.0834775
462 463 0.0714359 0 0 0 0 0 0 0.0714359
463 464 0.00077516 0 0 0 0 0 0 0.00077516
464 465 0.0803637 0 -0.0525547 0 0 0 0 0.0278089
465 466 0.00280681 0 -1.37525 0 0 0 0 -1.37244
466 467 0.0110533 0 -1.00652 0 0 0 0 -0.995471
467 468 0.0115009 0 -1.06927 0 0 0 0 -1.05777
468 469 0.00982831 0 0 0 0 0 0 0.00982831
469 470 0.00430875 0 -1.2534 0 0 0 0 -1.24909
470 471 0.0555328 0 -1.25663 0 0 0 0 -1.2011
471 472 0.21411 0 -1.33946 0 0 0 0 -1.12535
472 473 0.0751022 0 0 0 0 0 0 0.0751022
473 474 0.129059 0 -1.38007 0 0 0 0 -1.25101
474 475 0.0206789 0 -0.888361 0 0 0 0 -0.867682
475 476 0.140212 0 -1.36085 0 0 0 0 -1.22064
476 477 0.000804062 0 -0.881195 0 0 0 0 -0.880391
477 478 0.0184284 0 -1.04627 0 0 0 0 -1.02785
478 479 0.010081 0 -1.17178 0 0 0 0 -1.1617
480 481 0.155253 0 0 0 0 0 0 0.155253
481 482 0.19191 0 -1.32869 0 0 0 0 -1.13678
482 483 0.0143061 0 -1.17608 0 0 0 0 -1.16178
483 484 0.175402 0 0 0 0 0 0 0.175402
484 485 0.0314832 0 -0.597977 0 0 0 0 -0.566493
485 486 0.0104701 0 0 0 0 0 0 0.0104701
486 487 0.00186464 0 -0.899069 0 0 0 0 -0.897204
487 488 0.000459917 0 -0.505526 0 0 0 0 -0.505066
488 489 0.00198229 0 -1.14889 0 0 0 0 -1.14691
489 490 0.139522 0 -1.17537 0 0 0 0 -1.03584
490 491 0.0148063 0 -1.15463 0 0 0 0 -1.13982
491 492 0.0110476 0 -0.0102327 0 0 0 0 0.000814908
492 493 0.153613 0 -0.978176 0 0 0 0 -0.824562
493 494 0.0051012 0 -1.23021 0 0 0 0 -1.22511
494 495 0.0814183 0 0 0 0 0 0 0.0814183
495 496 0.0671332 0 -1.01329 0 0 0 0 -0.94616
496 497 0.0100448 0 -1.15361 0 0 0 0 -1.14356
497 498 0.0123107 0 -1.43747 0 0 0 0 -1.42516
498 499 0.183184 0 0 0 0 0 0 0.183184
500 501 0.0115359 0 -1.33573 0 0 0 0 -1.3242
501 502 0.0421746 0 -1.29048 0 0 0 0 -1.2483
502 503 0.0014722 0 0 0 0 0 0 0.0014722
503 504 0.033785 0 -0 0 0 0 0 0.033785
504 505 0.114451 0 0 0 0 0 0 0.114451
505 506 0.0310644 0 -1.22241 0 0 0 0 -1.19134
506 507 0.0613154 0 0 0 0 0 0 0.0613154
507 508 0.00188028 0 -1.13976 0 0 0 0 -1.13788
508 509 0.0691295 0 -1.16395 0 0 0 0 -1.09482
509 510 0.0784501 0 -0.84442 0 0 0 0 -0.76597
510 511 0.0488059 0 -1.04589 0 0 0 0 -0.997082
511 512 0.0182644 0 -1.13627 0 0 0 0 -1.118
512 513 0.0111412 0 0 0 0 0 0 0.0111412
513 514 0.00968946 0 -1.24871 0 0 0 0 -1.23902
514 515 0.016392 0 -1.22931 0 0 0 0 -1.21292
515 516 0.0193034 0 0 0 0 0 0 0.0193034
516 517 0.00273777 0 -1.42335 0 0 0 0 -1.42061
517 518 0.0542617 0 0 0 0 0 0 0.0542617
518 519 0.0584754 0 0 0 0 0 0 0.0584754
520 521 0.151524 0 -1.22561 0 0 0 0 -1.07409
521 522 0.000185234 0 -1.42774 0 0 0 0 -1.42756
522 523 0.0108416 0 -1.08748 0 0 0 0 -1.07663
523 524 0.0594784 0 -0.441737 0 0 0 0 -0.382258
524 525 0.0390967 0 -0 0 0 0 0 0.0390967
525 526 0.0143495 0 -0 0 0 0 0 0.0143495
526 527 0.0412061 0 0 0 0 0 0 0.0412061
527 528 0.0024806 0 -0 0 0 0 0 0.0024806
528 529 0.000269463 0 0 0 0 0 0 0.000269463
529 530 0.00115384 0 0 0 0 0 0 0.00115384
530 531 0.0497588 0 -1.05693 0 0 0 0 -1.00717
531 532 0.000141547 0 0 0 0 0 0 0.000141547
532 533 0.00558929 0 -0.863601 0 0 0 0 -0.858012
533 534 0.00917393 0 -0.0039813 0 0 0 0 0.00519263
534 535 0.000101529 0 -1.1499 0 0 0 0 -1.1498
535 536 0.10945 0 -0.64755 0 0 0 0 -0.5381
536 537 0.0984742 0 0 0 0 0 0 0.0984742
537 538 0.00523592 0 -0 0 0 0 0 0.00523592
538 539 0.0256224 0 0 0 0 0 0 0.0256224
540 541 0.00553262 0 -0 0 0 0 0 0.00553262
541 542 0.0724895 0 -1.38088 0 0 0 0 -1.30839
542 543 0.0165766 0 -1.17135 0 0 0 0 -1.15477
543 544 0.00495552 0 -1.02556 0 0 0 0 -1.0206
544 545 0.0298633 0 -1.44781 0 0 0 0 -1.41795
545 546 0.0352822 0 -1.23383 0 0 0 0 -1.19855
546 547 0.000225596 0 -0.999703 0 0 0 0 -0.999477
547 548 0.571436 0 -0.929215 0 0 0 0 -0.35778
548 549 0.00154733 0 -1.26434 0 0 0 0 -1.26279
549 550 0.00536484 0 0 0 0 0 0 0.00536484
550 551 0.000245705 0 -0.890438 0 0 0 0 -0.890192
551 552 0.0259577 0 -1.3504 0 0 0 0 -1.32444
552 553 0.200338 0 -1.00153 0 0 0 0 -0.801193
553 554 0.0475969 0 0 0 0 0 0 0.0475969
554 555 0.00061121 0 0 0 0 0 0 0.00061121
555 556 0.00220748 0 -1.25223 0 0 0 0 -1.25002
556 557 0.0203253 0 -1.34978 0 0 0 0 -1.32945
557 558 0.0184849 0 -0.448138 0 0 0 0 -0.429653
558 559 0.544591 0 -1.2755 0 0 0 0 -0.730914
560 561 0.0167145 0 0 0 0 0 0 0.0167145
561 562 0.053909 0 -1.36473 0 0 0 0 -1.31082
560 563 0 0 0 0 0 -0.000110269 -0 -0.000110269
562 563 1.72676e-07 0 -0 0 0 0 0 1.72676e-07
563 564 0.000621913 0 0 0 0 0 0 0.000621913
564 565 0.0819672 0 -0 0 0 0 0 0.0819672
565 566 0.00236039 0 0 0 0 0 0 0.00236039
566 567 0.0148353 0 -1.23446 0 0 0 0 -1.21963
567 568 0.0124151 0 -0 0 0 0 0 0.0124151
568 569 0.0247481 0 0 0 0 0 0 0.0247481
569 570 0.0388423 0 -1.11925 0 0 0 0 -1.08041
570 571 0.0024826 0 0 0 0 0 0 0.0024826
571 572 0.000384566 0 0 0 0 0 0 0.000384566
572 573 0.0631872 0 0 0 0 0 0 0.0631872
573 574 0.0140861 0 -1.17073 0 0 0 0 -1.15664
574 575 0.00736896 0 0 0 0 0 0 0.00736896
575 576 0.0038439 0 0 0 0 0 0 0.0038439
576 577 0.0332233 0 0 0 0 0 0 0.0332233
577 578 0.0202846 0 -0 0 0 0 0 0.0202846
578 579 0.115102 0 0 0 0 0 0 0.115102
580 581 0.165277 0 -0.267348 0 0 0 0 -0.102071
581 582 0.265601 0 -1.32105 0 0 0 0 -1.05545
582 583 0.0169092 0 0 0 0 0 0 0.0169092
583 584 0.013589 0 0 0 0 0 0 0.013589
584 585 0.0271028 0 0 0 0 0 0 0.0271028
585 586 0.12884 0 -0.805283 0 0 0 0 -0.676443
586 587 0.000108709 0 -1.19664 0 0 0 0 -1.19653
587 588 0.0349356 0 -1.1997 0 0 0 0 -1.16477
588 589 0.141036 0 -1.33496 0 0 0 0 -1.19393
589 590 0.144334 0 0 0 0 0 0 0.144334
590 591 0.0296153 0 0 0 0 0 0 0.0296153
591 592 0.034951 0 -0.384096 0 0 0 0 -0.349145
592 593 8.0078e-05 0 0 0 0 0 0 8.0078e-05
593 594 0.0297041 0 -1.16411 0 0 0 0 -1.13441
594 595 0.0250934 0 0 0 0 0 0 0.0250934
595 596 0.0120726 0 -0.758913 0 0 0 0 -0.74684
596 597 0.000465587 0 0 0 0 0 0 0.000465587
597 598 0.0222178 0 0 0 0 0 0 0.0222178
598 599 0.0088818 0 -0.873032 0 0 0 0 -0.86415
600 601 0.0327328 0 -0.811572 0 0 0 0 -0.778839
601 602 0.00156651 0 -1.34816 0 0 0 0 -1.34659
602 603 0.0919609 0 -1.15997 0 0 0 0 -1.06801
603 604 0.0011518 0 0 0 0 0 0 0.0011518
604 605 0.0529727 0 -1.29215 0 0 0 0 -1.23918
605 606 0.0205146 0 -0.986569 0 0 0 0 -0.966055
606 607 0.00768578 0 -1.41802 0 0 0 0 -1.41033
607 608 0.00355862 0 0 0 0 0 0 0.00355862
608 609 0.00131253 0 0 0 0 0 0 0.00131253
609 610 0.0501173 0 0 0 0 0 0 0.0501173
610 611 0.000368079 0 0 0 0 0 0 0.000368079
611 612 0.035598 0 -1.11215 0 0 0 0 -1.07655
612 613 0.112397 0 -0 0 0 0 0 0.112397
613 614 0.0193716 0 0 0 0 0 0 0.0193716
614 615 0.000404706 0 0 0 0 0 0 0.000404706
615 616 0.0875249 0 -0.106873 0 0 0 0 -0.0193478
616 617 0.00260772 0 -1.38286 0 0 0 0 -1.38026
617 618 0.01817 0 -0.928704 0 0 0 0 -0.910533
618 619 0.0134122 0 -1.28866 0 0 0 0 -1.27525
620 621 0.095542 0 0 0 0 0 0 0.095542
621 622 0.279987 0 -0.767776 0 0 0 0 -0.48779
622 623 0.0256491 0 -1.26948 0 0 0 0 -1.24383
623 624 0.00524406 0 0 0 0 0 0 0.00524406
624 625 0.000262432 0 0 0 0 0 0 0.000262432
625 626 0.000283736 0 0 0 0 0 0 0.000283736
626 627 0.00221463 0 -1.25768 0 0 0 0 -1.25547
627 628 0.00207755 0 -0.935593 0 0 0 0 -0.933515
628 629 0.0842501 0 -0 0 0 0 0 0.0842501
629 630 0.00393921 0 0 0 0 0 0 0.00393921
630 631 0.0207881 0 0 0 0 0 0 0.0207881
631 632 0.0101033 0 -0.892588 0 0 0 0 -0.882485
632 633 0.0485485 0 0 0 0 0 0 0.0485485
633 634 0.0486876 0 0 0 0 0 0 0.0486876
634 635 0.0596718 0 -1.32973 0 0 0 0 -1.27005
635 636 0.039507 0 0 0 0 0 0 0.039507
636 637 0.057379 0 -1.34714 0 0 0 0 -1.28976
637 638 0.0259699 0 -1.11285 0 0 0 0 -1.08688
638 639 0.00078767 0 -0.931786 0 0 0 0 -0.930998
640 641 0.000697126 0 -1.38502 0 0 0 0 -1.38432
641 642 0.126478 0 0 0 0 0 0 0.126478
642 643 0.0981061 0 -1.41547 0 0 0 0 -1.31736
643 644 0.100676 0 0 0 0 0 0 0.100676
644 645 0.00212532 0 0 0 0 0 0 0.00212532
645 646 0.0718148 0 -1.23652 0 0 0 0 -1.16471
646 647 0.113599 0 0 0 0 0 0 0.113599
647 648 0.0733648 0 0 0 0 0 0 0.0733648
648 649 0.000173395 0 -0 0 0 0 0 0.000173395
649 650 0.00850217 0 -1.40956 0 0 0 0 -1.40106
650 651 0.00538572 0 0 0 0 0 0 0.00538572
651 652 0.00523158 0 -1.12524 0 0 0 0 -1.12001
652 653 0.00277692 0 0 0 0 0 0 0.00277692
649 654 0 0 0 0 0 -0 -1.43804e-14 -1.43804e-14
653 654 0.0112325 0 0 0 0 0 0 0.0112325
654 655 0.0899755 0 -0 0 0 0 0 0.0899755
655 656 0.0372219 0 -0.770831 0 0 0 0 -0.733609
656 657 0.0399682 0 -0.971709 0 0 0 0 -0.931741
657 658 0.0930696 0 -1.22312 0 0 0 0 -1.13005
658 659 0.000313902 0 -1.13192 0 0 0 0 -1.1316
660 661 0.00187604 0 0 0 0 0 0 0.00187604
661 662 0.00353219 0 -0.779163 0 0 0 0 -0.775631
662 663 0.0320539 0 0 0 0 0 0 0.0320539
663 664 0.000537715 0 -1.33258 0 0 0 0 -1.33204
664 665 0.0861221 0 -1.31341 0 0 0 0 -1.22729
665 666 0.024868 0 -0 0 0 0 0 0.024868
666 667 0.0790401 0 -1.41139 0 0 0 0 -1.33235
667 668 0.0287563 0 0 0 0 0 0 0.0287563
668 669 0.00184763 0 -1.18589 0 0 0 0 -1.18404
669 670 0.066048 0 -0 0 0 0 0 0.066048
670 671 0.00651631 0 -1.32183 0 0 0 0 -1.31532
671 672 0.0634796 0 0 0 0 0 0 0.0634796
672 673 0.0644522 0 0 0 0 0 0 0.0644522
673 674 0.00204723 0 -0 0 0 0 0 0.00204723
674 675 0.0308589 0 0 0 0 0 0 0.0308589
675 676 0.0612483 0 -1.06893 0 0 0 0 -1.00768
676 677 0.0950571 0 -1.25443 0 0 0 0 -1.15938
677 678 0.0054031 0 0 0 0 0 0 0.0054031
678 679 0.0205608 0 -1.2632 0 0 0 0 -1.24264
680 681 0.110734 0 0 0 0 0 0 0.110734
681 682 0.00216869 0 0 0 0 0 0 0.00216869
682 683 0.0822526 0 0 0 0 0 0 0.0822526
683 684 0.00394143 0 -1.34377 0 0 0 0 -1.33983
684 685 0.0387612 0 -1.27465 0 0 0 0 -1.23589
685 686 0.00164462 0 -1.29533 0 0 0 0 -1.29368
686 687 0.0304532 0 0 0 0 0 0 0.0304532
687 688 0.0611857 0 0 0 0 0 0 0.0611857
688 689 0.0253605 0 -0 0 0 0 0 0.0253605
689 690 0.0317083 0 0 0 0 0 0 0.0317083
690 691 0.0451849 0 -0 0 0 0 0 0.0451849
691 692 0.00046543 0 0 0 0 0 0 0.00046543
692 693 0.193163 0 -1.46572 0 0 0 0 -1.27255
693 694 2.05358e-07 0 0 0 0 0 0 2.05358e-07
694 695 0.00918314 0 0 0 0 0 0 0.00918314
695 696 0.0344707 0 0 0 0 0 0 0.0344707
696 697 0.00481946 0 0 0 0 0 0 0.00481946
697 698 0.0143468 0 0 0 0 0 0 0.0143468
698 699 0.000865107 0 -0.99476 0 0 0 0 -0.993895
700 701 0.0903007 0 0 0 0 0 0 0.0903007
701 702 0.000184439 0 -1.12104 0 0 0 0 -1.12086
702 703 0.00315126 0 -0.939373 0 0 0 0 -0.936222
703 704 0.0647009 0 -1.23922 0 0 0 0 -1.17452
704 705 0.000632387 0 -1.05603 0 0 0 0 -1.05539
705 706 0.00722955 0 -1.0876 0 0 0 0 -1.08037
706 707 0.00337084 0 -1.38087 0 0 0 0 -1.3775
707 708 0.145354 0 -1.32771 0 0 0 0 -1.18235
708 709 0.0747418 0 0 0 0 0 0 0.0747418
709 710 0.0603551 0 -1.2253 0 0 0 0 -1.16494
710 711 0.19509 0 0 0 0 0 0 0.19509
711 712 0.0347942 0 -1.04856 0 0 0 0 -1.01376
712 713 0.0557896 0 -0 0 0 0 0 0.0557896
713 714 0.116208 0 0 0 0 0 0 0.116208
714 715 0.0361089 0 0 0 0 0 0 0.0361089
715 716 0.0514702 0 -1.26605 0 0 0 0 -1.21458
716 717 0.000360064 0 -1.31556 0 0 0 0 -1.3152
717 718 0.0290997 0 -1.28835 0 0 0 0 -1.25925
718 719 0.000309627 0 0 0 0 0 0 0.000309627
720 721 0.037397 0 0 0 0 0 0 0.037397
721 722 0.111524 0 0 0 0 0 0 0.111524
722 723 0.00366196 0 0 0 0 0 0 0.00366196
723 724 0.0340363 0 -0 0 0 0 0 0.0340363
724 725 0.069029 0 -1.07082 0 0 0 0 -1.00179
725 726 0.00462295 0 0 0 0 0 0 0.00462295
726 727 0.0806147 0 -1.04569 0 0 0 0 -0.965075
727 728 0.0535932 0 0 0 0 0 0 0.0535932
728 729 0.00905654 0 -0.207911 0 0 0 0 -0.198854
729 730 2.01526e-05 0 0 0 0 0 0 2.01526e-05
730 731 0.0556823 0 0 0 0 0 0 0.0556823
731 732 0.0375359 0 -1.18251 0 0 0 0 -1.14497
732 733 0.000788905 0 0 0 0 0 0 0.000788905
733 734 0.14561 0 -0.9359 0 0 0 0 -0.79029
734 735 0.00397501 0 0 0 0 0 0 0.00397501
735 736 0.0248925 0 -1.12102 0 0 0 0 -1.09613
736 737 0.00481719 0 0 0 0 0 0 0.00481719
737 738 0.000161282 0 -0.897892 0 0 0 0 -0.897731
738 739 0.0190881 0 -0.872747 0 0 0 0 -0.853659
740 741 0.000430789 0 0 0 0 0 0 0.000430789
741 742 0.00422617 0 -0 0 0 0 0 0.00422617
742 743 0.0102112 0 -1.40856 0 0 0 0 -1.39835
743 744 0.0602483 0 0 0 0 0 0 0.0602483
744 745 0.030261 0 -1.08403 0 0 0 0 -1.05377
745 746 0.000469071 0 -1.053 0 0 0 0 -1.05253
746 747 0.0868978 0 -1.14844 0 0 0 0 -1.06155
747 748 0.106869 0 -1.05132 0 0 0 0 -0.944452
748 749 0.0418291 0 0 0 0 0 0 0.0418291
749 750 0.158596 0 0 0 0 0 0 0.158596
750 751 0.0101181 0 -0.994948 0 0 0 0 -0.98483
751 752 0.0870031 0 -1.30396 0 0 0 0 -1.21696
752 753 0.0416457 0 -0.931069 0 0 0 0 -0.889423
753 754 0.127291 0 -1.04749 0 0 0 0 -0.920197
754 755 0.43073 0 0 0 0 0 0 0.43073
755 756 0.08282 0 0 0 0 0 0 0.08282
756 757 0.00323574 0 -1.40043 0 0 0 0 -1.39719
757 758 0.0117929 0 -0.953411 0 0 0 0 -0.941618
758 759 0.0593216 0 0 0 0 0 0 0.0593216
760 761 0.00121159 0 0 0 0 0 0 0.00121159
761 762 0.259471 0 -0 0 0 0 0 0.259471
762 763 0.0514239 0 -0.903936 0 0 0 0 -0.852513
763 764 0.0585023 0 -1.28344 0 0 0 0 -1.22494
764 765 0.0401999 0 -1.43466 0 0 0 0 -1.39446
765 766 0.0799664 0 -1.428 0 0 0 0 -1.34804
766 767 0.0556976 0 0 0 0 0 0 0.0556976
767 768 0.00110523 0 -0 0 0 0 0 0.00110523
768 769 0.107504 0 -0.866548 0 0 0 0 -0.759044
769 770 0.0230061 0 -1.41185 0 0 0 0 -1.38885
770 771 0.131929 0 -1.26564 0 0 0 0 -1.13371
771 772 0.068965 0 0 0 0 0 0 0.068965
772 773 0.0797587 0 -0.683215 0 0 0 0 -0.603456
773 774 0.118682 0 0 0 0 0 0 0.118682
774 775 0.0519667 0 -1.10092 0 0 0 0 -1.04895
775 776 0.00401357 0 -1.27181 0 0 0 0 -1.2678
776 777 0.00803836 0 0 0 0 0 0 0.00803836
777 778 0.00367136 0 0 0 0 0 0 0.00367136
778 779 0.132803 0 0 0 0 0 0 0.132803
780 781 0.0152642 0 0 0 0 0 0 0.0152642
781 782 0.0292072 0 -0 0 0 0 0 0.0292072
782 783 0.00456993 0 -0 0 0 0 0 0.00456993
783 784 0.135163 0 0 0 0 0 0 0.135163
784 785 0.00154055 0 0 0 0 0 0 0.00154055
785 786 0.104086 0 -0 0 0 0 0 0.104086
786 787 0.0251374 0 -1.33918 0 0 0 0 -1.31404
785 788 0 0 0 0 0 -0.00165757 0 -0.00165757
787 788 0.000864218 0 -1.29021 0 0 0 0 -1.28934
788 789 0.00769143 0 -0.856717 0 0 0 0 -0.849026
789 790 0.293827 0 0 0 0 0 0 0.293827
790 791 0.00121919 0 0 0 0 0 0 0.00121919
791 792 0.00820142 0 0 0 0 0 0 0.00820142
792 793 0.0203024 0 0 0 0 0 0 0.0203024
793 794 0.00585232 0 0 0 0 0 0 0.00585232
794 795 0.101983 0 -0 0 0 0 0 0.101983
795 796 0.0621603 0 0 0 0 0 0 0.0621603
796 797 0.0112473 0 0 0 0 0 0 0.0112473
797 798 0.0485906 0 -0 0 0 0 0 0.0485906
798 799 0.161006 0 0 0 0 0 0 0.161006
800 801 0.11261 0 -1.10762 0 0 0 0 -0.995011
801 802 0.0454261 0 0 0 0 0 0 0.0454261
802 803 0.0289112 0 -1.3494 0 0 0 0 -1.32049
803 804 1.50299e-05 0 0 0 0 0 0 1.50299e-05
804 805 0.0369675 0 -1.29019 0 0 0 0 -1.25322
805 806 0.00010471 0 -1.19718 0 0 0 0 -1.19707
806 807 0.0134302 0 -1.26683 0 0 0 0 -1.2534
807 808 0.0056445 0 -1.01057 0 0 0 0 -1.00493
808 809 0.0752294 0 -1.41462 0 0 0 0 -1.33939
809 810 0.00163488 0 0 0 0 0 0 0.00163488
810 811 0.000614668 0 -0.991346 0 0 0 0 -0.990731
811 812 0.00161899 0 0 0 0 0 0 0.00161899
809 813 0 0 0 0 0 -0.0265427 0 -0.0265427
807 813 0 0 0 0 0 -0.0869743 0 -0.0869743
812 813 0.363532 0 0 0 0 0 0 0.363532
808 814 0 0 0 0 0 -0.157924 0 -0.157924
807 814 0 0 0 0 -0.582031 -3.86493e-18 -0 -0.582031
806 814 0 0 0 0 0 -0.116519 0 -0.116519
813 814 0.00320372 0 -1.3605 0 0 0 0 -1.35729
807 815 0 0 0 0 0 -0.1071 0 -0.1071
806 815 0 0 0 0 -0.611503 0 -0 -0.611503
805 815 0 0 0 0 0 -0.133731 0 -0.133731
814 815 0.0187765 0 -1.20319 0 0 0 0 -1.18441
806 816 0 0 0 0 0 -0.02809 -0 -0.02809
805 816 0 0 0 0 -0.667088 0 -0 -0.667088
804 816 0 0 0 0 0 -0.152261 0 -0.152261
815 816 0.0018649 0 -1.15557 0 0 0 0 -1.1537
805 817 0 0 0 0 0 -0.159555 0 -0.159555
804 817 0 0 0 0 0 -1.99363e-06 -0 -1.99363e-06
816 817 0.0163163 0 -1.21284 0 0 0 0 -1.19652
817 818 0.0404066 0 0 0 0 0 0 0.0404066
818 819 0.0135594 0 -1.02749 0 0 0 0 -1.01393
820 821 0.000142943 0 -1.31469 0 0 0 0 -1.31455
821 822 0.0204714 0 0 0 0 0 0 0.0204714
822 823 1.96678e-05 0 -0 0 0 0 0 1.96678e-05
823 824 0.0140926 0 0 0 0 0 0 0.0140926
824 825 0.0689014 0 0 0 0 0 0 0.0689014
825 826 0.0287216 0 -1.19522 0 0 0 0 -1.1665
826 827 0.055409 0 -1.21638 0 0 0 0 -1.16097
827 828 0.00301293 0 0 0 0 0 0 0.00301293
828 829 0.0954066 0 -0 0 0 0 0 0.0954066
829 830 0.00221766 0 -0.989189 0 0 0 0 -0.986971
830 831 0.00277203 0 0 0 0 0 0 0.00277203
831 832 0.00865323 0 -0.934398 0 0 0 0 -0.925745
832 833 0.0455308 0 0 0 0 0 0 0.0455308
833 834 0.143591 0 -1.32706 0 0 0 0 -1.18347
834 835 0.0427206 0 -1.16908 0 0 0 0 -1.12636
835 836 7.77585e-06 0 -1.29496 0 0 0 0 -1.29495
836 837 0.0690604 0 0 0 0 0 0 0.0690604
837 838 6.97732e-05 0 0 0 0 0 0 6.97732e-05
838 839 0.0046698 0 -0.776591 0 0 0 0 -0.771921
840 841 0.000495389 0 -1.11498 0 0 0 0 -1.11449
841 842 0.0368617 0 0 0 0 0 0 0.0368617
842 843 0.372645 0 0 0 0 0 0 0.372645
843 844 0.0277754 0 0 0 0 0 0 0.0277754
844 845 0.0157754 0 0 0 0 0 0 0.0157754
845 846 0.001161 0 -1.27497 0 0 0 0 -1.27381
846 847 0.00308624 0 0 0 0 0 0 0.00308624
847 848 0.177041 0 0 0 0 0 0 0.177041
848 849 0.0917851 0 0 0 0 0 0 0.0917851
849 850 0.153554 0 -0.978699 0 0 0 0 -0.825145
850 851 0.0350848 0 -1.27923 0 0 0 0 -1.24415
851 852 0.0188549 0 -1.19395 0 0 0 0 -1.1751
852 853 0.0706248 0 -0.866331 0 0 0 0 -0.795706
853 854 0.0063605 0 -1.25954 0 0 0 0 -1.25318
854 855 0.0295669 0 -1.20568 0 0 0 0 -1.17611
855 856 0.0102901 0 -0.863462 0 0 0 0 -0.853172
856 857 0.0102086 0 -1.15373 0 0 0 0 -1.14353
857 858 0.0281649 0 -1.18115 0 0 0 0 -1.15298
858 859 0.179694 0 0 0 0 0 0 0.179694
860 861 0.000454584 0 0 0 0 0 0 0.000454584
861 862 0.0899857 0 -1.34607 0 0 0 0 -1.25609
862 863 0.0166817 0 -1.12428 0 0 0 0 -1.1076
863 864 0.0636515 0 -1.39718 0 0 0 0 -1.33353
864 865 0.117354 0 0 0 0 0 0 0.117354
865 866 0.0548745 0 -1.247 0 0 0 0 -1.19212
866 867 0.00401388 0 0 0 0 0 0 0.00401388
867 868 0.131196 0 0 0 0 0 0 0.131196
868 869 0.134953 0 0 0 0 0 0 0.134953
869 870 0.225971 0 -1.05998 0 0 0 0 -0.834006
870 871 0.00289116 0 0 0 0 0 0 0.00289116
871 872 0.067785 0 -1.09057 0 0 0 0 -1.02279
872 873 0.0005418 0 -1.20454 0 0 0 0 -1.204
873 874 0.00387473 0 -1.04841 0 0 0 0 -1.04454
874 875 0.000648412 0 -1.25333 0 0 0 0 -1.25268
875 876 0.127385 0 0 0 0 0 0 0.127385
876 877 0.229685 0 -1.32767 0 0 0 0 -1.09799
877 878 0.0477257 0 -0.977242 0 0 0 0 -0.929516
878 879 0.258649 0 -1.17972 0 0 0 0 -0.921074
880 881 0.0118594 0 0 0 0 0 0 0.0118594
881 882 0.0304701 0 -1.35593 0 0 0 0 -1.32546
882 883 0.0167373 0 0 0 0 0 0 0.0167373
883 884 0.074422 0 0 0 0 0 0 0.074422
884 885 0.053618 0 0 0 0 0 0 0.053618
885 886 0.211862 0 0 0 0 0 0 0.211862
886 887 0.012945 0 -1.22251 0 0 0 0 -1.20956
887 888 0.16549 0 0 0 0 0 0 0.16549
888 889 0.0152621 0 -0.653517 0 0 0 0 -0.638255
889 890 0.00346895 0 -0.403044 0 0 0 0 -0.399575
890 891 0.12902 0 0 0 0 0 0 0.12902
891 892 0.0665947 0 -1.02267 0 0 0 0 -0.956079
892 893 0.000657699 0 0 0 0 0 0 0.000657699
893 894 0.0172524 0 -1.04917 0 0 0 0 -1.03192
894 895 0.066847 0 -1.1773 0 0 0 0 -1.11045
895 896 0.021756 0 -0 0 0 0 0 0.021756
896 897 0.000177985 0 0 0 0 0 0 0.000177985
897 898 0.0276676 0 0 0 0 0 0 0.0276676
898 899 0.215062 0 -1.01156 0 0 0 0 -0.796498
900 901 0.00865656 0 -1.07864 0 0 0 0 -1.06999
901 902 0.00956222 0 -1.29622 0 0 0 0 -1.28666
902 903 0.042783 0 -1.19871 0 0 0 0 -1.15592
903 904 0.00567985 0 -1.21225 0 0 0 0 -1.20657
904 905 0.00309421 0 -1.16477 0 0 0 0 -1.16168
905 906 0.0370893 0 -1.34858 0 0 0 0 -1.31149
906 907 0.0985164 0 -1.0004 0 0 0 0 -0.90188
907 908 0.0440489 0 0 0 0 0 0 0.0440489
908 909 0.0450939 0 -0.858498 0 0 0 0 -0.813404
909 910 0.0154329 0 -1.14967 0 0 0 0 -1.13423
910 911 0.00252855 0 -1.313 0 0 0 0 -1.31048
911 912 0.0567106 0 -1.20867 0 0 0 0 -1.15196
912 913 0.00159799 0 -1.2468 0 0 0 0 -1.2452
913 914 0.0118522 0 0 0 0 0 0 0.0118522
914 915 0.0104305 0 -0 0 0 0 0 0.0104305
915 916 0.00142383 0 0 0 0 0 0 0.00142383
916 917 0.020974 0 -1.30957 0 0 0 0 -1.28859
917 918 0.165959 0 -1.28375 0 0 0 0 -1.11779
918 919 0.00716941 0 -1.02231 0 0 0 0 -1.01514
920 921 0.00226932 0 -0 0 0 0 0 0.00226932
921 922 0.0235993 0 -0.00356762 0 0 0 0 0.0200316
922 923 0.0409552 0 0 0 0 0 0 0.0409552
923 924 0.00146156 0 -1.19415 0 0 0 0 -1.19269
924 925 0.0660766 0 0 0 0 0 0 0.0660766
925 926 0.0814384 0 0 0 0 0 0 0.0814384
926 927 0.0453095 0 -1.26012 0 0 0 0 -1.21481
927 928 0.0244121 0 0 0 0 0 0 0.0244121
928 929 0.0281627 0 0 0 0 0 0 0.0281627
929 930 0.0282456 0 -0 0 0 0 0 0.0282456
930 931 0.125179 0 -1.18672 0 0 0 0 -1.06154
931 932 0.0344728 0 -0.825006 0 0 0 0 -0.790533
932 933 0.00119718 0 -1.22045 0 0 0 0 -1.21925
933 934 0.0375167 0 0 0 0 0 0 0.0375167
934 935 0.0652583 0 0 0 0 0 0 0.0652583
935 936 0.200615 0 -1.01253 0 0 0 0 -0.811919
936 937 0.0549362 0 -0.948215 0 0 0 0 -0.893279
937 938 0.0013622 0 0 0 0 0 0 0.0013622
938 939 0.0585614 0 -1.268 0 0 0 0 -1.20944
940 941 0.0262436 0 -1.35448 0 0 0 0 -1.32824
941 942 0.0112465 0 -1.36582 0 0 0 0 -1.35457
942 943 0.00333403 0 0 0 0 0 0 0.00333403
943 944 0.121316 0 -0.912899 0 0 0 0 -0.791583
944 945 0.0257503 0 0 0 0 0 0 0.0257503
945 946 0.00738501 0 -0.924546 0 0 0 0 -0.917161
946 947 0.117678 0 -1.00916 0 0 0 0 -0.89148
947 948 0.0115616 0 0 0 0 0 0 0.0115616
948 949 0.0241636 0 -1.25738 0 0 0 0 -1.23321
949 950 2.81272e-05 0 0 0 0 0 0 2.81272e-05
950 951 0.121598 0 0 0 0 0 0 0.121598
951 952 0.00178035 0 0 0 0 0 0 0.00178035
952 953 0.0267116 0 -1.2232 0 0 0 0 -1.19649
953 954 2.34545e-05 0 0 0 0 0 0 2.34545e-05
954 955 0.394529 0 -1.18941 0 0 0 0 -0.794886
955 956 0.00140764 0 -1.38306 0 0 0 0 -1.38165
956 957 0.135672 0 -1.40658 0 0 0 0 -1.27091
957 958 0.107393 0 0 0 0 0 0 0.107393
958 959 0.227177 0 -1.42436 0 0 0 0 -1.19718
960 961 0.072351 0 0 0 0 0 0 0.072351
961 962 0.0222913 0 -0.932664 0 0 0 0 -0.910373
962 963 0.0267823 0 -0.623906 0 0 0 0 -0.597124
963 964 0.189316 0 -1.23109 0 0 0 0 -1.04178
964 965 0.00179289 0 0 0 0 0 0 0.00179289
965 966 0.000326161 0 0 0 0 0 0 0.000326161
966 967 0.0162914 0 -1.3496 0 0 0 0 -1.33331
967 968 0.059478 0 -1.04601 0 0 0 0 -0.986529
968 969 0.0212269 0 -1.17744 0 0 0 0 -1.15621
969 970 0.0104876 0 0 0 0 0 0 0.0104876
970 971 0.0016149 0 -1.03462 0 0 0 0 -1.03301
971 972 0.113833 0 -0 0 0 0 0 0.113833
972 973 0.137487 0 0 0 0 0 0 0.137487
973 974 0.172781 0 0 0 0 0 0 0.172781
974 975 0.000744066 0 -1.27912 0 0 0 0 -1.27837
975 976 0.142612 0 -1.10882 0 0 0 0 -0.966209
976 977 0.0232175 0 -1.25912 0 0 0 0 -1.23591
977 978 0.00198582 0 0 0 0 0 0 0.00198582
978 979 7.75012e-05 0 0 0 0 0 0 7.75012e-05
980 981 0.0186943 0 0 0 0 0 0 0.0186943
981 982 0.0226117 0 0 0 0 0 0 0.0226117
982 983 0.0331805 0 0 0 0 0 0 0.0331805
983 984 0.000120158 0 -1.36745 0 0 0 0 -1.36733
984 985 6.8217e-05 0 -1.24725 0 0 0 0 -1.24718
985 986 0.133839 0 -1.16605 0 0 0 0 -1.03221
986 987 0.0265166 0 -1.22362 0 0 0 0 -1.1971
987 988 0.00949856 0 -1.37007 0 0 0 0 -1.36057
988 989 0.287091 0 -1.27022 0 0 0 0 -0.98313
989 990 0.0168022 0 0 0 0 0 0 0.0168022
990 991 0.0101583 0 -1.11891 0 0 0 0 -1.10875
991 992 0.0811441 0 0 0 0 0 0 0.0811441
992 993 0.00943341 0 -1.27905 0 0 0 0 -1.26962
993 994 0.0128143 0 -1.11854 0 0 0 0 -1.10573
994 995 0.00374436 0 -0 0 0 0 0 0.00374436
995 996 0.0417736 0 -1.08021 0 0 0 0 -1.03844
996 997 0.0459599 0 0 0 0 0 0 0.0459599
997 998 0.00373867 0 -0 0 0 0 0 0.00373867
998 999 0.0307811 0 -1.26769 0 0 0 0 -1.23691
1000 1001 0.109141 0 -0 0 0 0 0 0.109141
1001 1002 0.00321137 0 -1.19429 0 0 0 0 -1.19108
1002 1003 0.221749 0 -1.0629 0 0 0 0 -0.841154
1003 1004 0.0160571 0 -1.33575 0 0 0 0 -1.3197
1004 1005 0.0869317 0 0 0 0 0 0 0.0869317
1005 1006 0.0735776 0 0 0 0 0 0 0.0735776
1006 1007 0.00109076 0 0 0 0 0 0 0.00109076
1007 1008 0.0176451 0 -1.19424 0 0 0 0 -1.1766
1008 1009 0.0206577 0 0 0 0 0 0 0.0206577
1009 1010 0.0571085 0 -0 0 0 0 0 0.0571085
1010 1011 0.0771364 0 -1.34817 0 0 0 0 -1.27103
1011 1012 0.0506156 0 -1.21827 0 0 0 0 -1.16765
1012 1013 0.00702023 0 0 0 0 0 0 0.00702023
1013 1014 0.00353935 0 0 0 0 0 0 0.00353935
1014 1015 0.0127209 0 -1.40391 0 0 0 0 -1.39119
1015 1016 0.0714744 0 -1.2173 0 0 0 0 -1.14582
1016 1017 0.00839428 0 -1.16457 0 0 0 0 -1.15618
1017 1018 8.3761e-06 0 -0 0 0 0 0 8.3761e-06
1018 1019 0.0377675 0 0 0 0 0 0 0.0377675
1020 1021 2.95857e-05 0 -1.36937 0 0 0 0 -1.36934
1021 1022 0.00434144 0 -1.31372 0 0 0 0 -1.30938
1022 1023 0.127496 0 -1.00684 0 0 0 0 -0.879345
1023 1024 0.13214 0 0 0 0 0 0 0.13214
1024 1025 0.0204078 0 -1.42629 0 0 0 0 -1.40588
1025 1026 0.00488638 0 -1.20644 0 0 0 0 -1.20155
1026 1027 0.00246417 0 -1.32231 0 0 0 0 -1.31985
1027 1028 0.313377 0 0 0 0 0 0 0.313377
1028 1029 0.0394436 0 0 0 0 0 0 0.0394436
1029 1030 0.022966 0 -0 0 0 0 0 0.022966
1030 1031 0.000223797 0 0 0 0 0 0 0.000223797
1031 1032 0.0647211 0 -0.946461 0 0 0 0 -0.88174
1032 1033 0.0126138 0 -1.15424 0 0 0 0 -1.14163
1033 1034 0.0277615 0 -1.28537 0 0 0 0 -1.25761
1034 1035 0.00562274 0 0 0 0 0 0 0.00562274
1035 1036 0.012865 0 -0.861077 0 0 0 0 -0.848212
1036 1037 0.0132939 0 0 0 0 0 0 0.0132939
1037 1038 0.0120636 0 0 0 0 0 0 0.0120636
1038 1039 0.0387413 0 -0 0 0 0 0 0.0387413
1040 1041 0.00396291 0 -1.41506 0 0 0 0 -1.4111
1041 1042 0.0154337 0 -1.19346 0 0 0 0 -1.17803
1042 1043 0.0377054 0 -0.662825 0 0 0 0 -0.62512
1043 1044 0.0168362 0 0 0 0 0 0 0.0168362
1044 1045 0.0150112 0 -1.28561 0 0 0 0 -1.2706
1045 1046 0.108817 0 0 0 0 0 0 0.108817
1046 1047 0.0215829 0 -1.352 0 0 0 0 -1.33041
1047 1048 0.00755318 0 -1.01113 0 0 0 0 -1.00358
1048 1049 0.00831354 0 -1.33922 0 0 0 0 -1.33091
1049 1050 0.0150649 0 0 0 0 0 0 0.0150649
1050 1051 0.0207979 0 -0.5571 0 0 0 0 -0.536302
1051 1052 0.0459261 0 0 0 0 0 0 0.0459261
1052 1053 0.0130964 0 -0.661351 0 0 0 0 -0.648254
1053 1054 0.00760932 0 -1.28576 0 0 0 0 -1.27815
1054 1055 0.00814324 0 0 0 0 0 0 0.00814324
1055 1056 0.0412206 0 -1.0932 0 0 0 0 -1.05198
1056 1057 0.0177296 0 0 0 0 0 0 0.0177296
1057 1058 0.1004 0 -0.421342 0 0 0 0 -0.320943
1058 1059 0.021651 0 -1.10704 0 0 0 0 -1.08538
1060 1061 0.104215 0 -1.07361 0 0 0 0 -0.969398
1061 1062 0.0138849 0 -0 0 0 0 0 0.0138849
1062 1063 0.0039624 0 -0 0 0 0 0 0.0039624
1063 1064 0.0654427 0 0 0 0 0 0 0.0654427
1064 1065 0.0953538 0 -0.0251335 0 0 0 0 0.0702203
1065 1066 0.00270217 0 0 0 0 0 0 0.00270217
1066 1067 0.0015932 0 -0.95784 0 0 0 0 -0.956247
1067 1068 0.184736 0 0 0 0 0 0 0.184736
1068 1069 0.0327021 0 -0 0 0 0 0 0.0327021
1069 1070 0.0923472 0 0 0 0 0 0 0.0923472
1070 1071 0.242816 0 0 0 0 0 0 0.242816
1071 1072 0.0167265 0 -0.943871 0 0 0 0 -0.927144
1072 1073 0.105446 0 -0.80435 0 0 0 0 -0.698904
1073 1074 0.00259095 0 -1.16216 0 0 0 0 -1.15956
1074 1075 0.0212866 0 -1.38721 0 0 0 0 -1.36593
1075 1076 0.0055996 0 0 0 0 0 0 0.0055996
1076 1077 0.016704 0 0 0 0 0 0 0.016704
1077 1078 0.00121803 0 0 0 0 0 0 0.00121803
1078 1079 0.00612907 0 -1.35176 0 0 0 0 -1.34563
1080 1081 0.00337744 0 -1.25594 0 0 0 0 -1.25256
1081 1082 0.0219336 0 -1.11024 0 0 0 0 -1.0883
1082 1083 0.0733192 0 -0 0 0 0 0 0.0733192
1083 1084 0.0544562 0 0 0 0 0 0 0.0544562
1084 1085 0.010221 0 -0.0331643 0 0 0 0 -0.0229433
1085 1086 2.46745e-05 0 0 0 0 0 0 2.46745e-05
1086 1087 0.000450979 0 -1.03718 0 0 0 0 -1.03673
1087 1088 0.0548447 0 0 0 0 0 0 0.0548447
1088 1089 0.0144498 0 0 0 0 0 0 0.0144498
1089 1090 0.0073547 0 0 0 0 0 0 0.0073547
1090 1091 0.0101376 0 -0.950498 0 0 0 0 -0.940361
1091 1092 0.0070951 0 -0.763994 0 0 0 0 -0.756899
1092 1093 0.155072 0 -1.26484 0 0 0 0 -1.10977
1093 1094 0.119658 0 -1.36004 0 0 0 0 -1.24038
1094 1095 0.0115724 0 0 0 0 0 0 0.0115724
1095 1096 0.000463154 0 -1.12391 0 0 0 0 -1.12344
1096 1097 0.00743613 0 -1.19802 0 0 0 0 -1.19058
1097 1098 0.000831732 0 0 0 0 0 0 0.000831732
1098 1099 0.0221499 0 -1.04667 0 0 0 0 -1.02452
1100 1101 0.00137923 0 -1.20392 0 0 0 0 -1.20254
1101 1102 0.00724904 0 -1.226 0 0 0 0 -1.21875
1102 1103 0.00471661 0 -1.32409 0 0 0 0 -1.31938
1103 1104 0.0125659 0 0 0 0 0 0 0.0125659
1104 1105 0.088133 0 0 0 0 0 0 0.088133
1105 1106 0.0241167 0 0 0 0 0 0 0.0241167
1106 1107 0.00769083 0 -0 0 0 0 0 0.00769083
1107 1108 0.00173883 0 -0 0 0 0 0 0.00173883
1108 1109 0.234436 0 -0.984547 0 0 0 0 -0.750112
1109 1110 0.0269077 0 0 0 0 0 0 0.0269077
1110 1111 0.117454 0 0 0 0 0 0 0.117454
1111 1112 0.0382587 0 -1.10558 0 0 0 0 -1.06733
1112 1113 0.00233344 0 -1.3116 0 0 0 0 -1.30927
1113 1114 0.0135955 0 -1.2617 0 0 0 0 -1.24811
1114 1115 0.0141917 0 0 0 0 0 0 0.0141917
1115 1116 0.0186768 0 -1.32367 0 0 0 0 -1.30499
1116 1117 0.10791 0 0 0 0 0 0 0.10791
1117 1118 0.0969199 0 -1.34653 0 0 0 0 -1.24961
1118 1119 0.00902767 0 -1.22493 0 0 0 0 -1.2159
1120 1121 0.031336 0 0 0 0 0 0 0.031336
1121 1122 3.94265e-05 0 -1.34208 0 0 0 0 -1.34204
1122 1123 0.0596173 0 0 0 0 0 0 0.0596173
1123 1124 0.0139291 0 -1.17598 0 0 0 0 -1.16205
1124 1125 0.0564481 0 0 0 0 0 0 0.0564481
1125 1126 0.0667618 0 -1.42012 0 0 0 0 -1.35336
1126 1127 0.0617143 0 0 0 0 0 0 0.0617143
1127 1128 0.00117264 0 -0.755868 0 0 0 0 -0.754695
1128 1129 0.0832965 0 0 0 0 0 0 0.0832965
1129 1130 0.00307406 0 -1.32265 0 0 0 0 -1.31958
1130 1131 0.119277 0 0 0 0 0 0 0.119277
1131 1132 0.000103124 0 -1.40777 0 0 0 0 -1.40767
1132 1133 0.0161113 0 -0 0 0 0 0 0.0161113
1132 1134 0 0 0 0 0 -0 -3.82097e-15 -3.82097e-15
1133 1134 0.00416673 0 -0 0 0 0 0 0.00416673
1134 1135 0.0242288 0 0 0 0 0 0 0.0242288
1135 1136 1.06014e-06 0 0 0 0 0 0 1.06014e-06
1136 1137 0.00505098 0 -0 0 0 0 0 0.00505098
1137 1138 0.00966708 0 0 0 0 0 0 0.00966708
1138 1139 0.0829467 0 -1.26398 0 0 0 0 -1.18104
1140 1141 0.00304582 0 0 0 0 0 0 0.00304582
1141 1142 0.056164 0 0 0 0 0 0 0.056164
1142 1143 0.00250605 0 0 0 0 0 0 0.00250605
1143 1144 0.250144 0 -1.09846 0 0 0 0 -0.848318
1144 1145 0.00369628 0 -1.16677 0 0 0 0 -1.16307
1145 1146 3.38982e-05 0 -1.28616 0 0 0 0 -1.28612
1146 1147 0.0254312 0 0 0 0 0 0 0.0254312
1147 1148 0.00969653 0 0 0 0 0 0 0.00969653
1148 1149 0.00846985 0 -0.935189 0 0 0 0 -0.926719
1149 1150 0.0850462 0 0 0 0 0 0 0.0850462
1150 1151 0.0495924 0 -1.1207 0 0 0 0 -1.07111
1151 1152 0.000968279 0 0 0 0 0 0 0.000968279
1152 1153 0.000250584 0 -1.10128 0 0 0 0 -1.10103
1153 1154 0.0242499 0 -0.952391 0 0 0 0 -0.928141
1154 1155 0.00795601 0 0 0 0 0 0 0.00795601
1155 1156 0.0508362 0 -1.456 0 0 0 0 -1.40516
1156 1157 0.124721 0 0 0 0 0 0 0.124721
1157 1158 0.00861421 0 -0.652464 0 0 0 0 -0.64385
1158 1159 0.00192465 0 -1.22656 0 0 0 0 -1.22464
1160 1161 0.000259771 0 -0.363448 0 0 0 0 -0.363188
1161 1162 0.0060339 0 -0.969773 0 0 0 0 -0.963739
1162 1163 0.0516588 0 -1.19154 0 0 0 0 -1.13988
1163 1164 0.0337464 0 0 0 0 0 0 0.0337464
1164 1165 0.124922 0 -1.04855 0 0 0 0 -0.923625
1165 1166 0.000966666 0 0 0 0 0 0 0.000966666
1166 1167 0.140879 0 -1.1922 0 0 0 0 -1.05132
1167 1168 0.00827353 0 -0 0 0 0 0 0.00827353
1168 1169 0.000290169 0 -1.42591 0 0 0 0 -1.42562
1169 1170 0.0761006 0 -0.426701 0 0 0 0 -0.350601
1170 1171 0.00298584 0 -1.22069 0 0 0 0 -1.2177
1171 1172 0.0944509 0 0 0 0 0 0 0.0944509
1172 1173 0.0138215 0 0 0 0 0 0 0.0138215
1173 1174 5.90032e-05 0 -1.19424 0 0 0 0 -1.19418
1174 1175 0.130601 0 -1.25125 0 0 0 0 -1.12065
1175 1176 0.00121744 0 0 0 0 0 0 0.00121744
1176 1177 0.000528411 0 -0 0 0 0 0 0.000528411
1177 1178 0.00286193 0 -1.20133 0 0 0 0 -1.19847
1178 1179 0.00103297 0 -1.19 0 0 0 0 -1.18897
1180 1181 0.0238522 0 0 0 0 0 0 0.0238522
1181 1182 0.0141521 0 -0.563336 0 0 0 0 -0.549184
1182 1183 0.00818824 0 0 0 0 0 0 0.00818824
1183 1184 0.00461141 0 -1.1535 0 0 0 0 -1.14888
1184 1185 0.0205158 0 -1.02461 0 0 0 0 -1.00409
1185 1186 0.0701999 0 -1.15346 0 0 0 0 -1.08326
1186 1187 0.0178856 0 -1.12164 0 0 0 0 -1.10375
1187 1188 0.0142699 0 -1.23605 0 0 0 0 -1.22178
1188 1189 0.00771024 0 0 0 0 0 0 0.00771024
1189 1190 0.0930003 0 -1.37396 0 0 0 0 -1.28096
1190 1191 5.10227e-06 0 -0 0 0 0 0 5.10227e-06
1189 1192 0 0 0 0.0252321 0 0 0 0.0252321
1191 1192 0.0943393 0 0 0 0 0 0 0.0943393
1192 1193 0.0143149 0 -1.18375 0 0 0 0 -1.16944
1193 1194 0.00569774 0 0 0 0 0 0 0.00569774
1194 1195 0.0254259 0 -1.35421 0 0 0 0 -1.32878
1195 1196 0.0714563 0 -1.38862 0 0 0 0 -1.31716
1196 1197 0.0088809 0 0 0 0 0 0 0.0088809
1197 1198 0.320644 0 0 0 0 0 0 0.320644
1198 1199 0.0041214 0 0 0 0 0 0 0.0041214
#Total energy per particle is  -0.541523 and should be -0.54152310
