           0   0.000000
       10000   0.000000
       20000  -0.713149
       30000  -0.648206
       40000   0.000000
       50000  -1.207187
       60000  -0.356139
       70000  -0.347395
       80000  -0.911318
       90000  -0.883889
      100000  -1.150845
      110000  -1.529237
      120000  -0.590007
      130000   0.000000
      140000   0.000000
      150000  -0.967076
      160000  -0.000225
      170000  -0.727930
      180000  -0.000631
      190000   0.000000
      200000  -0.603141
