           0   0.000000
       10000   0.000000
       20000   0.000000
       30000  -1.433309
       40000   0.000000
       50000   0.000000
       60000  -1.528949
       70000   0.000000
       80000   0.000000
       90000   0.000000
      100000  -0.719087
      110000   0.000000
      120000   0.000000
      130000   0.000000
      140000   0.000000
      150000   0.000000
      160000   0.000000
      170000   0.000000
      180000  -0.805385
      190000   0.000000
      200000  -0.102807
