t = 0
b =  100.0 100.0 100.0
E = 0. 0. 0.
95.02186586871404 66.99104456575454 88.26517970271345 -0.25115206677096547 -0.055027239013659454 0.9663822444163624 0.7434142997244644 0.6284105119634656 0.22898778879887735 0.0 0.0 0.0 0.0 0.0 0.0
95.06490591598593 67.50269535560669 88.42343938075199 0.16003998778472708 -0.49956009653927314 0.8513676716058325 0.7434142997244644 0.6284105119634656 0.22898778879887735 0.0 0.0 0.0 0.0 0.0 0.0
95.14442708350902 67.90047140573402 88.7757683463214 0.5104301752550965 -0.7543017211902067 0.41290428624385017 0.7434142997244644 0.6284105119634656 0.22898778879887735 0.0 0.0 0.0 0.0 0.0 0.0
95.34030082554222 68.12630435478192 89.22221885693216 0.66689940520862 -0.7224715107087318 -0.18242834085369466 0.7434142997244644 0.6284105119634656 0.22898778879887735 0.0 0.0 0.0 0.0 0.0 0.0
95.68819430797673 68.18744990023116 89.62708482150519 0.5700024011599361 -0.4161622942295005 -0.7084533912217135 0.7434142997244644 0.6284105119634656 0.22898778879887735 0.0 0.0 0.0 0.0 0.0 0.0
96.1660198556908 68.15373123761623 89.87045881325771 0.2565519549786547 0.04825393569003055 -0.9653251535555536 0.7434142997244644 0.6284105119634656 0.22898778879887735 0.0 0.0 0.0 0.0 0.0 0.0
96.7023264296147 68.13101206116013 89.89378690588325 -0.1543668682189652 0.49433768867813715 -0.8554537506777478 0.7434142997244644 0.6284105119634656 0.22898778879887735 0.0 0.0 0.0 0.0 0.0 0.0
97.2034450710709 68.2209771763926 89.7221142891249 -0.5066391373037958 0.7526142888520124 -0.42058116549346997 0.7434142997244644 0.6284105119634656 0.22898778879887735 0.0 0.0 0.0 0.0 0.0 0.0
97.58907530523729 68.4825007424499 89.45457018245872 -0.6664307275722542 0.7249601376511234 0.17407723620387727 0.7434142997244644 0.6284105119634656 0.22898778879887735 0.0 0.0 0.0 0.0 0.0 0.0
97.82279263408431 68.9092789946957 89.22670698726256 -0.5730341423084324 0.4218815094694399 0.7026007854511882 0.7434142997244644 0.6284105119634656 0.22898778879887735 0.0 0.0 0.0 0.0 0.0 0.0
97.92588681216156 69.43222515029956 89.15900166321735 -0.26193230576169046 -0.04147695764237593 0.9641945494468932 0.7434142997244644 0.6284105119634656 0.22898778879887735 0.0 0.0 0.0 0.0 0.0 0.0
97.96927351289874 69.94571663210378 89.311084517057 0.1486819930185333 -0.4890776350881019 0.859474683634525 0.7434142997244644 0.6284105119634656 0.22898778879887735 0.0 0.0 0.0 0.0 0.0 0.0
98.04655227862277 70.3477228516008 89.65908465207454 0.5028095168206567 -0.7508695420218571 0.42822601585899117 0.7434142997244644 0.6284105119634656 0.22898778879887735 0.0 0.0 0.0 0.0 0.0 0.0
98.238446489527 70.57856833536782 90.10469892088129 0.6659112986557923 -0.7273935560722354 -0.16571287489855555 0.7434142997244644 0.6284105119634656 0.22898778879887735 0.0 0.0 0.0 0.0 0.0 0.0
98.58213520191275 70.64360443514069 90.51253893464076 0.5760222446884004 -0.42756859679905235 -0.696694673910621 0.7434142997244644 0.6284105119634656 0.22898778879887735 0.0 0.0 0.0 0.0 0.0 0.0
99.05712820309978 70.61117625981976 90.76156737556076 0.26729270938553074 0.03469682096381239 -0.9629905181902613 0.7434142997244644 0.6284105119634656 0.22898778879887735 0.0 0.0 0.0 0.0 0.0 0.0
99.59305058580162 70.58665722592924 90.79108209755876 -0.14298579510868684 0.48378033634261375 -0.8634301642665518 0.7434142997244644 0.6284105119634656 0.22898778879887735 0.0 0.0 0.0 0.0 0.0 0.0
100.09637935200938 70.67241593493021 90.62377788644432 -0.498941605446105 0.7490676135689672 -0.4358382551554604 0.7434142997244644 0.6284105119634656 0.22898778879887735 0.0 0.0 0.0 0.0 0.0 0.0
100.48597436355648 70.92892463001368 90.35712433135353 -0.6653411580157572 0.729771580657834 0.15733589391622668 0.7434142997244644 0.6284105119634656 0.22898778879887735 0.0 0.0 0.0 0.0 0.0 0.0
100.7239048371989 71.35178477987039 90.12633549823153 -0.5789664807442741 0.4332231231246197 0.6907355063732725 0.7434142997244644 0.6284105119634656 0.22898778879887735 0.0 0.0 0.0 0.0 0.0 0.0
83.65975457405655 47.188751299263416 11.39652264135091 0.9718086562676161 0.11476144871359986 -0.20595568817705895 0.03719595207845157 0.787975782321781 0.6145816687986674 0.0 0.0 0.0 0.0 0.0 0.0
83.86692503773578 47.29613113836029 11.880501020261391 0.6506872176045363 0.44766786803759806 -0.6133511431249953 0.03719595207845157 0.787975782321781 0.6145816687986674 0.0 0.0 0.0 0.0 0.0 0.0
84.22241967314189 47.50555688206223 12.22466598679741 0.08235882606336224 0.6104977796864962 -0.787724244115492 0.03719595207845157 0.787975782321781 0.6145816687986674 0.0 0.0 0.0 0.0 0.0 0.0
84.59668800554054 47.85414561385304 12.389269187101522 -0.5172590604654245 0.5413893778539329 -0.6628277347194805 0.03719595207845157 0.787975782321781 0.6145816687986674 0.0 0.0 0.0 0.0 0.0 0.0
84.85304711883053 48.3261440713605 12.402780784420425 -0.9203615818130896 0.2665980998269612 -0.2861118870147859 0.03719595207845157 0.787975782321781 0.6145816687986674 0.0 0.0 0.0 0.0 0.0 0.0
84.89960978058701 48.858913574112044 12.351073168091785 -0.9738033506049012 -0.10947825360680563 0.1993026501024816 0.03719595207845157 0.787975782321781 0.6145816687986674 0.0 0.0 0.0 0.0 0.0 0.0
84.72419393793234 49.36672750550917 12.344796597125073 -0.6572809453781241 -0.4439619881165568 0.6089987782832033 0.03719595207845157 0.787975782321781 0.6145816687986674 0.0 0.0 0.0 0.0 0.0 0.0
84.39895088309734 49.773340287745846 12.477341316830191 -0.09104651985081738 -0.6097771406922199 0.7873260886775415 0.03719595207845157 0.787975782321781 0.6145816687986674 0.0 0.0 0.0 0.0 0.0 0.0
84.05295377119758 50.04095435157507 12.789357043222605 0.5097780007844505 -0.5439277625887888 0.6665350545930526 0.03719595207845157 0.787975782321781 0.6145816687986674 0.0 0.0 0.0 0.0 0.0 0.0
83.8231605706168 50.184580064807456 13.253309456282059 0.9169293358880465 -0.27143113349064824 0.29251620939682754 0.03719595207845157 0.787975782321781 0.6145816687986674 0.0 0.0 0.0 0.0 0.0 0.0
83.80238144100295 50.26633304262006 13.783940948477557 0.9757238860468046 0.10418672130713565 -0.19263443435946845 0.03719595207845157 0.787975782321781 0.6145816687986674 0.0 0.0 0.0 0.0 0.0 0.0
84.00401860191465 50.37183538683287 14.270661415299564 0.6638246186629546 0.4402222987712504 -0.6046000358266114 0.03719595207845157 0.787975782321781 0.6145816687986674 0.0 0.0 0.0 0.0 0.0 0.0
84.35697460553784 50.5776864179022 14.619563284931127 0.09972728009328483 0.6090100648078304 -0.7868679753096823 0.03719595207845157 0.787975782321781 0.6145816687986674 0.0 0.0 0.0 0.0 0.0 0.0
84.73266344579622 50.922361312407006 14.78909857483201 -0.5022581195350311 0.5464247251186204 -0.6701916152416232 0.03719595207845157 0.787975782321781 0.6145816687986674 0.0 0.0 0.0 0.0 0.0 0.0
84.99386253190302 51.39159374019587 14.805863664950959 -0.9134272622440395 0.2762434966226303 -0.2988982555370021 0.03719595207845157 0.787975782321781 0.6145816687986674 0.0 0.0 0.0 0.0 0.0 0.0
85.04684584484025 51.92379588173189 14.7544948883154 -0.977570116337117 -0.09888725478526414 0.1859515487584633 0.03719595207845157 0.787975782321781 0.6145816687986674 0.0 0.0 0.0 0.0 0.0 0.0
84.87699201899916 52.433456670428114 14.745513773070307 -0.6703177391329724 -0.43644908479350397 0.6001552507364861 0.03719595207845157 0.787975782321781 0.6145816687986674 0.0 0.0 0.0 0.0 0.0 0.0
84.55433924343113 52.84362887651277 14.873338066114506 -0.1084004457172633 -0.6081966104491286 0.7863499388990192 0.03719595207845157 0.787975782321781 0.6145816687986674 0.0 0.0 0.0 0.0 0.0 0.0
84.20697658285101 53.1151626461086 15.180410852473274 0.4946999893852377 -0.548880075290066 0.6737971382039397 0.03719595207845157 0.787975782321781 0.6145816687986674 0.0 0.0 0.0 0.0 0.0 0.0
83.97238080041703 53.261579185271536 15.641075717686688 0.9098556275775349 -0.28103482274282565 0.30525753941778483 0.03719595207845157 0.787975782321781 0.6145816687986674 0.0 0.0 0.0 0.0 0.0 0.0
46.722114770643906 0.9063966582691084 56.077162283578545 0.15950436862869494 0.7513117276792011 -0.6403819518381629 0.8713250531545469 0.1977898632557534 0.44907885915337475 0.0 0.0 0.0 0.0 0.0 0.0
47.243171341501984 0.847606717412521 55.95999191642858 -0.14290634869462382 0.977780198804174 -0.15337424271774153 0.8713250531545469 0.1977898632557534 0.44907885915337475 0.0 0.0 0.0 0.0 0.0 0.0
47.731652405678574 1.011701803639243 55.807859885825174 -0.3910245548821192 0.8327736247902982 0.3919029054917408 0.8713250531545469 0.1977898632557534 0.44907885915337475 0.0 0.0 0.0 0.0 0.0 0.0
48.13099941026617 1.3656276638401728 55.74506213485986 -0.49058599508797446 0.37138242748607586 0.7882895876377485 0.8713250531545469 0.1977898632557534 0.44907885915337475 0.0 0.0 0.0 0.0 0.0 0.0
48.418517321837165 1.8042101600721183 55.86195502020013 -0.4037656135994731 -0.23110316320317267 0.8851918759411028 0.8713250531545469 0.1977898632557534 0.44907885915337475 0.0 0.0 0.0 0.0 0.0 0.0
48.61399684908365 2.1901126829802293 56.180627421513776 -0.16354792490346692 -0.745788798352697 0.6457949709554964 0.8713250531545469 0.1977898632557534 0.44907885915337475 0.0 0.0 0.0 0.0 0.0 0.0
48.772195621702345 2.4060126258375654 56.646508806776694 0.1388043548388525 -0.9771368000842626 0.16104975938776808 0.8713250531545469 0.1977898632557534 0.44907885915337475 0.0 0.0 0.0 0.0 0.0 0.0
48.96203485137404 2.39917420437004 57.149101489759495 0.3884225394928356 -0.837254194607727 -0.3848809483797597 0.8713250531545469 0.1977898632557534 0.44907885915337475 0.0 0.0 0.0 0.0 0.0 0.0
49.24041501114487 2.201483662897443 57.56396054844884 0.4904725073149444 -0.37928472245607125 -0.7845889489915169 0.8713250531545469 0.1977898632557534 0.44907885915337475 0.0 0.0 0.0 0.0 0.0 0.0
49.63059839439087 1.9173351570067736 57.79997253152843 0.40618376934508477 0.22278135705903815 -0.886218490253703 0.8713250531545469 0.1977898632557534 0.44907885915337475 0.0 0.0 0.0 0.0 0.0 0.0
50.11337138063968 1.6839696684675374 57.8339709818698 0.16757902637055394 0.7402090743217591 -0.6511588102854958 0.8713250531545469 0.1977898632557534 0.44907885915337475 0.0 0.0 0.0 0.0 0.0 0.0
50.63434401122254 1.6193348617106578 57.71953776091783 -0.13469179049405935 0.9764189886138855 -0.16871301149508888 0.8713250531545469 0.1977898632557534 0.44907885915337475 0.0 0.0 0.0 0.0 0.0 0.0
51.124613643924185 1.777274794131381 57.56664640368701 -0.38579094422333277 0.8416710042766745 0.3778296810934313 0.8713250531545469 0.1977898632557534 0.44907885915337475 0.0 0.0 0.0 0.0 0.0 0.0
51.5269422187512 2.127073658460188 57.499881334149855 -0.49032166816154293 0.3871581334259906 0.7808285608591589 0.8713250531545469 0.1977898632557534 0.44907885915337475 0.0 0.0 0.0 0.0 0.0 0.0
51.8175019538928 2.565125231485397 57.61110615962935 -0.4085709926240584 -0.214442585252031 0.8871776155971348 0.8713250531545469 0.1977898632557534 0.44907885915337475 0.0 0.0 0.0 0.0 0.0 0.0
52.01492791841004 2.9542946104549603 57.9245631504993 -0.17159736604597622 -0.734572980503976 0.6564730613510269 0.8713250531545469 0.1977898632557534 0.44907885915337475 0.0 0.0 0.0 0.0 0.0 0.0
52.17323825793778 3.176018055405271 58.38766319636017 0.1305689688479376 -0.975626819057166 0.1763634154533842 0.8713250531545469 0.1977898632557534 0.44907885915337475 0.0 0.0 0.0 0.0 0.0 0.0
52.36131179802277 3.175347336253359 58.890965288322924 0.38312996947977485 -0.8460237174399851 -0.37074964061406157 0.8713250531545469 0.1977898632557534 0.44907885915337475 0.0 0.0 0.0 0.0 0.0 0.0
52.63671982670587 2.9818254840908276 59.309754988042044 0.49013348911475135 -0.39500206080510625 -0.7770087096087918 0.8713250531545469 0.1977898632557534 0.44907885915337475 0.0 0.0 0.0 0.0 0.0 0.0
53.02385379965475 2.6982628997390155 59.551425527957235 0.41092710164009477 0.20608748281190833 -0.8880691789302921 0.8713250531545469 0.1977898632557534 0.44907885915337475 0.0 0.0 0.0 0.0 0.0 0.0
2.732995122931812 98.38587134674516 40.268300827356185 -0.4665948108550521 0.8837674133102289 -0.03527664459788089 0.6129990041813163 0.3518763649794724 0.7074003425511948 0.0 0.0 0.0 0.0 0.0 0.0
3.1430584412858797 98.73226518415085 40.29163506113794 -0.7518266046755849 0.5350249120795639 0.3853635944873838 0.6129990041813163 0.3518763649794724 0.7074003425511948 0.0 0.0 0.0 0.0 0.0 0.0
3.38174286144789 99.20061796709965 40.40281293840857 -0.7514269015093554 -0.016982498389633383 0.6595977610911786 0.6129990041813163 0.3518763649794724 0.7074003425511948 0.0 0.0 0.0 0.0 0.0 0.0
3.4491394957671613 99.66509958900616 40.664346146074216 -0.4655475552718949 -0.5625379737883773 0.6832397103699615 0.6129990041813163 0.3518763649794724 0.7074003425511948 0.0 0.0 0.0 0.0 0.0 0.0
3.41041455021373 100.00135066208735 41.08162386721686 -0.0027989092465958605 -0.8943758678115494 0.4473074705204097 0.6129990041813163 0.3518763649794724 0.7074003425511948 0.0 0.0 0.0 0.0 0.0 0.0
3.371051593209469 100.13372872795932 41.60086534033918 0.46101308919675216 -0.8864254164860226 0.041435644038063026 0.6129990041813163 0.3518763649794724 0.7074003425511948 0.0 0.0 0.0 0.0 0.0 0.0
3.4367765843934053 100.06404609225187 42.12955206982375 0.7496785073264384 -0.5417071291948219 -0.3801782763813685 0.6129990041813163 0.3518763649794724 0.7074003425511948 0.0 0.0 0.0 0.0 0.0 0.0
3.673390814911071 99.87088129939964 42.57157714924487 0.7535285265665757 0.00881475333771001 -0.657356113361701 0.6129990041813163 0.3518763649794724 0.7074003425511948 0.0 0.0 0.0 0.0 0.0 0.0
4.081771896769396 99.67972582984808 42.86375788194144 0.4711004602389467 0.5559877637024293 -0.6847933724678014 0.6129990041813163 0.3518763649794724 0.7074003425511948 0.0 0.0 0.0 0.0 0.0 0.0
4.597540343362388 99.61530778852668 42.99983994383692 0.009693452686876136 0.891931727016901 -0.45206618023875267 0.6129990041813163 0.3518763649794724 0.7074003425511948 0.0 0.0 0.0 0.0 0.0 0.0
5.115518412800356 99.75420561244346 43.0328735057227 -0.455396259606825 0.8890159149344157 -0.04759148799352682 0.6129990041813163 0.3518763649794724 0.7074003425511948 0.0 0.0 0.0 0.0 0.0 0.0
5.529688890531887 100.09575464214245 43.05505858642288 -0.7474733190564604 0.5483480932148876 0.37496400622768705 0.6129990041813163 0.3518763649794724 0.7074003425511948 0.0 0.0 0.0 0.0 0.0 0.0
5.773472801665214 100.56229963694358 43.16271672414093 -0.7555727675090932 -0.0006463370081919067 0.6550644054191335 0.6129990041813163 0.3518763649794724 0.7074003425511948 0.0 0.0 0.0 0.0 0.0 0.0
5.845023876670713 101.02869729920336 43.419696813685896 -0.47661748908201135 -0.5493952129956808 0.6862948848990428 0.6129990041813163 0.3518763649794724 0.7074003425511948 0.0 0.0 0.0 0.0 0.0 0.0
5.807929980043178 101.36986030537402 43.8331178438379 -0.016587257933204324 -0.8894196621679857 0.4567904633672254 0.6129990041813163 0.3518763649794724 0.7074003425511948 0.0 0.0 0.0 0.0 0.0 0.0
5.7670550174478485 101.50828007156787 44.35066427448739 0.44974474982859064 -0.8915387113789209 0.053743707672922476 0.6129990041813163 0.3518763649794724 0.7074003425511948 0.0 0.0 0.0 0.0 0.0 0.0
5.8286993847271855 101.44347356045057 44.88046158499198 0.7452112077992759 -0.5549472984046386 -0.36972118111319846 0.6129990041813163 0.3518763649794724 0.7074003425511948 0.0 0.0 0.0 0.0 0.0 0.0
6.060214670272472 101.25216679520051 45.32598094062852 0.7575594686600462 -0.007522128542391416 -0.6527228117859075 0.6129990041813163 0.3518763649794724 0.7074003425511948 0.0 0.0 0.0 0.0 0.0 0.0
6.464415660535458 101.05914536051252 45.622712110780505 0.4820982216579831 0.5427608237163929 -0.6877441333176997 0.6129990041813163 0.3518763649794724 0.7074003425511948 0.0 0.0 0.0 0.0 0.0 0.0
6.978510955594624 100.98984627266867 45.76267198410282 0.023479799995621168 0.8868398645682682 -0.46147996013337583 0.6129990041813163 0.3518763649794724 0.7074003425511948 0.0 0.0 0.0 0.0 0.0 0.0
74.10052783333137 11.077290434747214 71.17015431111638 0.7049727746407868 -0.7072102165655255 0.053545276174589845 0.6551672490491915 0.6782840038351415 0.3326960864132374 0.0 0.0 0.0 0.0 0.0 0.0
74.3406799841915 11.190881149753517 71.63717593376352 0.7303189525027173 -0.45591155836935693 -0.5087031340188091 0.6551672490491915 0.6782840038351415 0.3326960864132374 0.0 0.0 0.0 0.0 0.0 0.0
74.74730836325413 11.20054681068425 71.98823866100471 0.47820475002712615 -0.03140447671390091 -0.8776867185356173 0.6551672490491915 0.6782840038351415 0.3326960864132374 0.0 0.0 0.0 0.0 0.0 0.0
75.2629435301322 11.203053820159903 72.13923267313926 0.04441256785917292 0.40503369070001666 -0.9132224445413493 0.6551672490491915 0.6782840038351415 0.3326960864132374 0.0 0.0 0.0 0.0 0.0 0.0
75.7887025432512 11.29788827217503 72.08205760030602 -0.4062526913770169 0.6875927872148142 -0.6018096956007718 0.6551672490491915 0.6782840038351415 0.3326960864132374 0.0 0.0 0.0 0.0 0.0 0.0
76.22185624258806 11.549459521670911 71.88769998842461 -0.7025757609762899 0.7089238879283538 -0.06175938157991949 0.6551672490491915 0.6782840038351415 0.3326960864132374 0.0 0.0 0.0 0.0 0.0 0.0
76.4948577751038 11.962629993726383 71.6792643235688 -0.731978552540358 0.4609229510425766 0.5017543540649401 0.6551672490491915 0.6782840038351415 0.3326960864132374 0.0 0.0 0.0 0.0 0.0 0.0
76.6010047735362 12.48086786697497 71.58520357950982 -0.48329045396557196 0.03780967883493822 0.8746432217150892 0.6551672490491915 0.6782840038351415 0.3326960864132374 0.0 0.0 0.0 0.0 0.0 0.0
76.59698569778041 13.007724457703665 71.69051778536148 -0.050992231743772744 -0.39966812250621264 0.9152405061808339 0.6551672490491915 0.6782840038351415 0.3326960864132374 0.0 0.0 0.0 0.0 0.0 0.0
76.58134294119417 13.443476687331495 72.00446109339515 0.4006787918621362 -0.685305322012586 0.6081226203432375 0.6551672490491915 0.6782840038351415 0.3326960864132374 0.0 0.0 0.0 0.0 0.0 0.0
76.65703492782026 13.723013547243392 72.45702597187065 0.7001252434474616 -0.7105835719924067 0.06996878376923035 0.6551672490491915 0.6782840038351415 0.3326960864132374 0.0 0.0 0.0 0.0 0.0 0.0
76.89232048571967 13.840572859561076 72.92554023680793 0.7335824095772521 -0.4658992426485392 -0.4947673635743884 0.6551672490491915 0.6782840038351415 0.3326960864132374 0.0 0.0 0.0 0.0 0.0 0.0
77.29482617696442 13.851930424857485 73.28127226565056 0.48833935346481255 -0.044212001602546736 -0.8715331174269088 0.6551672490491915 0.6782840038351415 0.3326960864132374 0.0 0.0 0.0 0.0 0.0 0.0
77.8086488391971 13.853209862997462 73.43833829295288 0.057568012372500275 0.39427211803750095 -0.9171888687122752 0.6551672490491915 0.6782840038351415 0.3326960864132374 0.0 0.0 0.0 0.0 0.0 0.0
78.33559413166147 13.944363642849876 73.38633108877285 -0.3950743791059646 0.6829656681568184 -0.6143892341937218 0.6551672490491915 0.6782840038351415 0.3326960864132374 0.0 0.0 0.0 0.0 0.0 0.0
78.7724822069776 14.191199468248183 73.19427383932658 -0.6976214086707001 0.7121891423663157 -0.07817285756476233 0.6551672490491915 0.6782840038351415 0.3326960864132374 0.0 0.0 0.0 0.0 0.0 0.0
79.05034746023655 14.600378831057954 72.98439708453871 -0.7351304014734774 0.47084005422337144 0.4877426946335306 0.6551672490491915 0.6782840038351415 0.3326960864132374 0.0 0.0 0.0 0.0 0.0 0.0
79.16063971534872 15.116886199042947 72.8857012923394 -0.49335106403160445 0.050610957455059016 0.8683566425175585 0.6551672490491915 0.6782840038351415 0.3326960864132374 0.0 0.0 0.0 0.0 0.0 0.0
79.15847257989157 15.644930336372296 72.98494742412485 -0.06413940897420227 -0.3888460882205147 0.9190673837603229 0.6551672490491915 0.6782840038351415 0.3326960864132374 0.0 0.0 0.0 0.0 0.0 0.0
79.1416848641406 16.08433699565672 73.29369499495697 0.38943987990623125 -0.6805740038212119 0.6206090599253175 0.6551672490491915 0.6782840038351415 0.3326960864132374 0.0 0.0 0.0 0.0 0.0 0.0
53.37880659638538 98.23923477515523 22.763460355767727 0.7379976949447811 -0.6699676421008357 0.08063969738308933 0.36526801752305715 0.4970926487639918 0.7870693577567192 0.0 0.0 0.0 0.0 0.0 0.0
53.40566446121353 98.1626279273731 23.29458665721411 0.9305144292271522 -0.219375812386382 -0.2932868049194883 0.36526801752305715 0.4970926487639918 0.7870693577567192 0.0 0.0 0.0 0.0 0.0 0.0
53.644633119462696 98.03601435625481 23.75885822225082 0.7695131744745108 0.3145605562216475 -0.5557887465392662 0.36526801752305715 0.4970926487639918 0.7870693577567192 0.0 0.0 0.0 0.0 0.0 0.0
54.059012330046095 97.98110487382492 24.09643772502598 0.3161609991648174 0.7289901103490328 -0.6071372510564718 0.36526801752305715 0.4970926487639918 0.7870693577567192 0.0 0.0 0.0 0.0 0.0 0.0
54.545460450337124 98.0923687099868 24.29562027231922 -0.25730602565760957 0.8664641334901373 -0.42782416310380467 0.36526801752305715 0.4970926487639918 0.7870693577567192 0.0 0.0 0.0 0.0 0.0 0.0
54.97325565398336 98.40114307264108 24.397280288171437 -0.7330181894053737 0.6747539458105593 -0.08597352274943983 0.36526801752305715 0.4970926487639918 0.7870693577567192 0.0 0.0 0.0 0.0 0.0 0.0
55.23395933829019 98.86372761847404 24.47934263680776 -0.9302444875874627 0.22669345283318107 0.2885398962980843 0.36526801752305715 0.4970926487639918 0.7870693577567192 0.0 0.0 0.0 0.0 0.0 0.0
55.282613762381274 99.37798694401326 24.627177663884154 -0.7740553520766409 -0.3074916729879359 0.55343218461216 0.36526801752305715 0.4970926487639918 0.7870693577567192 0.0 0.0 0.0 0.0 0.0 0.0
55.154822244610806 99.82215353301963 24.901167574856657 -0.32378964679655814 -0.7248555712543209 0.6080663330993852 0.36526801752305715 0.4970926487639918 0.7870693577567192 0.0 0.0 0.0 0.0 0.0 0.0
54.953222866665 100.10108927175096 25.313766225592 0.24948915877574324 -0.8668347190623135 0.4316859153152116 0.36526801752305715 0.4970926487639918 0.7870693577567192 0.0 0.0 0.0 0.0 0.0 0.0
54.80849455031232 100.18243000899704 25.824767694306463 0.7279828616928475 -0.6794888643948934 0.09130080089917283 0.36526801752305715 0.4970926487639918 0.7870693577567192 0.0 0.0 0.0 0.0 0.0 0.0
54.82970995018853 100.10888123822417 26.356581183458673 0.9299037042284554 -0.23399382969586763 -0.2837710142464497 0.36526801752305715 0.4970926487639918 0.7870693577567192 0.0 0.0 0.0 0.0 0.0 0.0
55.06289692870308 99.9819935666095 26.82370906098454 0.778538582366833 0.30039937307282377 -0.5510334766814957 0.36526801752305715 0.4970926487639918 0.7870693577567192 0.0 0.0 0.0 0.0 0.0 0.0
55.4735518015649 99.92358194153886 27.165228840162566 0.33139363659309257 0.7206658316014654 -0.6089491085368085 0.36526801752305715 0.4970926487639918 0.7870693577567192 0.0 0.0 0.0 0.0 0.0 0.0
55.95974786431543 100.02944611545755 27.367938650889016 -0.24165329232849972 0.867139291814546 -0.43551479297282725 0.36526801752305715 0.4970926487639918 0.7870693577567192 0.0 0.0 0.0 0.0 0.0 0.0
56.390859051476056 100.33297471822993 27.471372850853815 -0.7228920952669035 0.6841720372714558 -0.09662112613943187 0.36526801752305715 0.4970926487639918 0.7870693577567192 0.0 0.0 0.0 0.0 0.0 0.0
56.65718696277475 100.79246035842586 27.552782262074945 -0.9294921051021026 0.2412763870224789 0.2789805219334161 0.36526801752305715 0.4970926487639918 0.7870693577567192 0.0 0.0 0.0 0.0 0.0 0.0
56.71163711946891 101.30694495863534 27.69778529204893 -0.7829625239297434 -0.29328419658240873 0.5485928054181695 0.36526801752305715 0.4970926487639918 0.7870693577567192 0.0 0.0 0.0 0.0 0.0 0.0
56.58761094419734 101.75457541700564 27.967840069279486 -0.33897238948115777 -0.7164212104553622 0.6097855101419747 0.36526801752305715 0.4970926487639918 0.7870693577567192 0.0 0.0 0.0 0.0 0.0 0.0
56.386316002077756 102.03889763791044 28.376895472733835 0.2337990230474467 -0.8673778285524403 0.43931050449279413 0.36526801752305715 0.4970926487639918 0.7870693577567192 0.0 0.0 0.0 0.0 0.0 0.0
61.72807665602316 47.69331156146086 97.08658807081153 -0.6428512966830575 0.41006605058478335 0.6469838054470215 0.7557667796971503 0.47709238826316 0.44855259197506947 0.0 0.0 0.0 0.0 0.0 0.0
61.905492843280875 48.19948163523325 97.11821804132296 -0.44759524566691244 -0.12362925335187602 0.8856490861351543 0.7557667796971503 0.47709238826316 0.44855259197506947 0.0 0.0 0.0 0.0 0.0 0.0
61.98087968020522 48.67747041681407 97.35173174888588 -0.08229027742847224 -0.6103557369692686 0.7878414717374594 0.7557667796971503 0.47709238826316 0.44855259197506947 0.0 0.0 0.0 0.0 0.0 0.0
62.03750844580047 49.01632858894788 97.76483394472083 0.3142781430251138 -0.8651978715083022 0.39071971021972957 0.7557667796971503 0.47709238826316 0.44855259197506947 0.0 0.0 0.0 0.0 0.0 0.0
62.165776923987075 49.157964879047874 98.26700071079438 0.5914470424931156 -0.7913368693243239 -0.15484300169566784 0.7557667796971503 0.47709238826316 0.44855259197506947 0.0 0.0 0.0 0.0 0.0 0.0
62.42886577411989 49.11921590488595 98.73387100975926 0.6439153220507619 -0.4168337600371296 -0.6415782684299496 0.7557667796971503 0.47709238826316 0.44855259197506947 0.0 0.0 0.0 0.0 0.0 0.0
62.838735142175004 48.98544966200786 99.05449352224825 0.4517494050712487 0.11603146377699242 -0.8845672243710715 0.7557667796971503 0.47709238826316 0.44855259197506947 0.0 0.0 0.0 0.0 0.0 0.0
63.35158080133043 48.87813279494868 99.17347890810889 0.08795633625789159 0.6048143945596134 -0.791494302598305 0.7557667796971503 0.47709238826316 0.44855259197506947 0.0 0.0 0.0 0.0 0.0 0.0
63.88447611010338 48.908683388159865 99.11204314278785 -0.30925281525135967 0.8638182248916079 -0.3977194621893931 0.7557667796971503 0.47709238826316 0.44855259197506947 0.0 0.0 0.0 0.0 0.0 0.0
64.34687722990914 49.136141372915176 98.95994721354649 -0.5889716518152758 0.7946430693167339 0.1471556514200735 0.7557667796971503 0.47709238826316 0.44855259197506947 0.0 0.0 0.0 0.0 0.0 0.0
64.67502224315157 49.54473827032472 98.84139541967657 -0.6449303107736728 0.42356972598481113 0.6361238727437651 0.7557667796971503 0.47709238826316 0.44855259197506947 0.0 0.0 0.0 0.0 0.0 0.0
64.8561553717604 50.04988790010014 98.86784808261429 -0.4558691620093703 -0.10842483795690841 0.8834179993881112 0.7557667796971503 0.47709238826316 0.44855259197506947 0.0 0.0 0.0 0.0 0.0 0.0
64.93337311054523 50.53032208465169 99.0956759063093 -0.09361569687176854 -0.5992269931921785 0.7950868581036126 0.7557667796971503 0.47709238826316 0.44855259197506947 0.0 0.0 0.0 0.0 0.0 0.0
64.98925114828253 50.87416245725038 99.50474380432647 0.30420393667840273 -0.86237279517268 0.4046889262821772 0.7557667796971503 0.47709238826316 0.44855259197506947 0.0 0.0 0.0 0.0 0.0 0.0
65.11447248295745 51.021424924054855 100.00606055582321 0.5864514086658533 -0.7978887541628298 -0.13945709467188733 0.7557667796971503 0.47709238826316 0.44855259197506947 0.0 0.0 0.0 0.0 0.0 0.0
65.37337543469049 50.98680862424231 100.47558805820148 0.6458961855564688 -0.43027343545794233 -0.6306210337618178 0.7557667796971503 0.47709238826316 0.44855259197506947 0.0 0.0 0.0 0.0 0.0 0.0
65.77951044224426 50.85411148127856 100.80136547609122 0.4599542027458351 0.10080995516562986 -0.8822014987042059 0.7557667796971503 0.47709238826316 0.44855259197506947 0.0 0.0 0.0 0.0 0.0 0.0
66.29049202478643 50.744393970766794 100.92604503459283 0.09926792828788028 0.5935939583692103 -0.7986188646663719 0.7557667796971503 0.47709238826316 0.44855259197506947 0.0 0.0 0.0 0.0 0.0 0.0
66.8241017347053 50.769986221742755 100.86867939776516 -0.2991318917978948 0.8608616924265875 -0.41162757174640824 0.7557667796971503 0.47709238826316 0.44855259197506947 0.0 0.0 0.0 0.0 0.0 0.0
67.28952432047663 50.99181192259441 100.71748324300601 -0.5838865049711225 0.8010736766911443 0.1317479177260117 0.7557667796971503 0.47709238826316 0.44855259197506947 0.0 0.0 0.0 0.0 0.0 0.0
66.55728498004034 24.153763930252786 38.94749009468215 -0.6643887516768362 0.6851504955442861 0.29859066479164154 0.6327315870699642 0.30299003434822586 0.7126343928057257 0.0 0.0 0.0 0.0 0.0 0.0
66.86812900475483 24.582993955131606 39.035936011265015 -0.7714366763551257 0.16659088885224824 0.6141114964935726 0.6327315870699642 0.30299003434822586 0.7126343928057257 0.0 0.0 0.0 0.0 0.0 0.0
67.00312401482088 25.050198378366083 39.26436866279663 -0.5854029099526811 -0.41525938176588933 0.6963211032809108 0.6327315870699642 0.30299003434822586 0.7126343928057257 0.0 0.0 0.0 0.0 0.0 0.0
67.0046764131435 25.422744412460872 39.6515277317309 -0.17696479064449916 -0.8393456704845444 0.5139866810638185 0.6327315870699642 0.30299003434822586 0.7126343928057257 0.0 0.0 0.0 0.0 0.0 0.0
66.9658896818705 25.603961574558664 40.15585008078629 0.2987052113230471 -0.9445505058748647 0.13638012531154048 0.6327315870699642 0.30299003434822586 0.7126343928057257 0.0 0.0 0.0 0.0 0.0 0.0
66.99519281291735 25.569868419121953 40.691260283697645 0.6608921094241577 -0.6909048120410194 -0.29303952020069163 0.6327315870699642 0.30299003434822586 0.7126343928057257 0.0 0.0 0.0 0.0 0.0 0.0
67.17514632110245 25.378283490041138 41.159872118758756 0.7719950456282072 -0.17477282880033873 -0.6111285526291751 0.6327315870699642 0.30299003434822586 0.7126343928057257 0.0 0.0 0.0 0.0 0.0 0.0
67.53107612422934 25.146859089136054 41.48917718101886 0.5898041569292426 0.4077582741474621 -0.6970396303893125 0.6327315870699642 0.30299003434822586 0.7126343928057257 0.0 0.0 0.0 0.0 0.0 0.0
68.02145180348649 25.008383199653018 41.65959203759933 0.1835368080132194 0.8353751913918523 -0.5181336986834051 0.6327315870699642 0.30299003434822586 0.7126343928057257 0.0 0.0 0.0 0.0 0.0 0.0
68.55366470390523 25.06033111133287 41.711898301261826 -0.29245924283881597 0.9456191066980918 -0.14238011211419405 0.6327315870699642 0.30299003434822586 0.7126343928057257 0.0 0.0 0.0 0.0 0.0 0.0
69.01921151071662 25.327832928138502 41.73174901388789 -0.6573451376785994 0.6966065134613686 0.28746605951572884 0.6327315870699642 0.30299003434822586 0.7126343928057257 0.0 0.0 0.0 0.0 0.0 0.0
69.33491647271077 25.754126221606406 41.8171276238257 -0.7724946244896647 0.18294145912085513 0.6080990689594136 0.6327315870699642 0.30299003434822586 0.7126343928057257 0.0 0.0 0.0 0.0 0.0 0.0
69.47453126074595 26.222121026437172 42.04112243566667 -0.5941604880357351 -0.4002261141577586 0.6977050752311603 0.6327315870699642 0.30299003434822586 0.7126343928057257 0.0 0.0 0.0 0.0 0.0 0.0
69.47870714683808 26.598884275952543 42.42415914135991 -0.19009484834341867 -0.8313410952440496 0.5222412584157996 0.6327315870699642 0.30299003434822586 0.7126343928057257 0.0 0.0 0.0 0.0 0.0 0.0
69.43955090626898 26.78614329664885 42.926240758341365 0.28619100245093976 -0.9466156949652309 0.1483692561200619 0.6327315870699642 0.30299003434822586 0.7126343928057257 0.0 0.0 0.0 0.0 0.0 0.0
69.4656319137136 26.757621239892526 43.46214315192384 0.6537481065557907 -0.7022551655986963 -0.2818707071773649 0.6327315870699642 0.30299003434822586 0.7126343928057257 0.0 0.0 0.0 0.0 0.0 0.0
69.64073482261782 26.569020096041488 43.933793108936165 0.7729353748946318 -0.19109615774097322 -0.6050232761912006 0.6327315870699642 0.30299003434822586 0.7126343928057257 0.0 0.0 0.0 0.0 0.0 0.0
69.9920283745497 26.336858577020546 44.26752799110361 0.598471571520677 0.3926634753999232 -0.6983173871302554 0.6327315870699642 0.30299003434822586 0.7126343928057257 0.0 0.0 0.0 0.0 0.0 0.0
70.47974354004067 26.19420470957219 44.44208140290214 0.19663841221493353 0.8272436892531757 -0.5263090474544276 0.6327315870699642 0.30299003434822586 0.7126343928057257 0.0 0.0 0.0 0.0 0.0 0.0
71.01228243778327 26.240121067118356 44.49666265077309 -0.2799009675101943 0.9475401947822263 -0.15434710123264248 0.6327315870699642 0.30299003434822586 0.7126343928057257 0.0 0.0 0.0 0.0 0.0 0.0
60.7792057174861 38.491499645390235 39.19530298888122 0.427371582965672 -0.29473718279415684 0.8546832882138153 0.26460279690098093 0.944748008475462 0.1934852975133423 0.0 0.0 0.0 0.0 0.0 0.0
60.62690074699014 38.87660775589284 39.53761869302828 0.8531004364515957 -0.3228712316950393 0.4098460846096073 0.26460279690098093 0.944748008475462 0.1934852975133423 0.0 0.0 0.0 0.0 0.0 0.0
60.66906004782616 39.188117358971404 39.97335882505793 0.9547221710508783 -0.2283411015558517 -0.1906984987989097 0.26460279690098093 0.944748008475462 0.1934852975133423 0.0 0.0 0.0 0.0 0.0 0.0
60.9288482975936 39.447576600765544 40.36562922828603 0.6936289907644551 -0.04706036927596506 -0.7187935342048463 0.26460279690098093 0.944748008475462 0.1934852975133423 0.0 0.0 0.0 0.0 0.0 0.0
61.34674929763087 39.69630842990247 40.59405062277526 0.16901456002832382 0.15209938409927642 -0.9738068883793405 0.26460279690098093 0.944748008475462 0.1934852975133423 0.0 0.0 0.0 0.0 0.0 0.0
61.80317717194465 39.97971131843065 40.600492706417555 -0.41981132783531927 0.29347403848911136 -0.858854724475588 0.26460279690098093 0.944748008475462 0.1934852975133423 0.0 0.0 0.0 0.0 0.0 0.0
62.16390904086898 40.33001162326659 40.41115882859173 -0.8491438733832236 0.3233529990326685 -0.41760929145831444 0.26460279690098093 0.944748008475462 0.1934852975133423 0.0 0.0 0.0 0.0 0.0 0.0
62.33107853713725 40.75402025440634 40.12663089963789 -0.9558724645043682 0.23038474906987016 0.18229289343898888 0.26460279690098093 0.944748008475462 0.1934852975133423 0.0 0.0 0.0 0.0 0.0 0.0
62.28035687504519 41.230545096345644 39.88365664147931 -0.6994491250249452 0.04988948110783296 0.7129389603441729 0.26460279690098093 0.944748008475462 0.1934852975133423 0.0 0.0 0.0 0.0 0.0 0.0
62.070195762895494 41.71844224707325 39.80319684176386 -0.17729336878279828 -0.14955963483471296 0.9727275965108395 0.26460279690098093 0.944748008475462 0.1934852975133423 0.0 0.0 0.0 0.0 0.0 0.0
61.81962062175321 42.172247274334374 39.944470328279955 0.41221910244698645 -0.2921885449998031 0.8629607556249007 0.26460279690098093 0.944748008475462 0.1934852975133423 0.0 0.0 0.0 0.0 0.0 0.0
61.66301083798421 42.55944791356907 40.282455746193854 0.8451226447212995 -0.3238101417875086 0.4253406957426371 0.26460279690098093 0.944748008475462 0.1934852975133423 0.0 0.0 0.0 0.0 0.0 0.0
61.69904678767126 42.87283602079461 40.71739758908565 0.9569499645688758 -0.23241085189327534 -0.17387340576945678 0.26460279690098093 0.944748008475462 0.1934852975133423 0.0 0.0 0.0 0.0 0.0 0.0
61.95321951189225 43.133246067018256 41.11270498366137 0.7052159935265377 -0.0527147936625587 -0.7070300934214138 0.26460279690098093 0.944748008475462 0.1934852975133423 0.0 0.0 0.0 0.0 0.0 0.0
62.368146244027265 43.38163977436785 41.346844846194934 0.18555867596082115 0.14700849602491406 -0.9715742276697962 0.26460279690098093 0.944748008475462 0.1934852975133423 0.0 0.0 0.0 0.0 0.0 0.0
62.825371082186166 43.66354407301194 41.35951433296054 -0.40459548497803083 0.29088080022154017 -0.8670010689715842 0.26460279690098093 0.944748008475462 0.1934852975133423 0.0 0.0 0.0 0.0 0.0 0.0
63.190368366813715 44.01175465921912 41.17455089877386 -0.8410370566979541 0.32424262514637053 -0.4330397086862055 0.26460279690098093 0.944748008475462 0.1934852975133423 0.0 0.0 0.0 0.0 0.0 0.0
63.36365122790369 44.43387636203072 40.89087604936653 -0.9579545891885988 0.23441925573049463 0.1654406769668972 0.26460279690098093 0.944748008475462 0.1934852975133423 0.0 0.0 0.0 0.0 0.0 0.0
63.31856831024604 44.9094339415621 40.644913407479415 -0.7109291570998681 0.0555360917816544 0.7010673834196625 0.26460279690098093 0.944748008475462 0.1934852975133423 0.0 0.0 0.0 0.0 0.0 0.0
63.11142906885806 45.39765097496255 40.55875909770192 -0.19380985212724966 -0.1444461619489753 0.9703468696897133 0.26460279690098093 0.944748008475462 0.1934852975133423 0.0 0.0 0.0 0.0 0.0 0.0
6.472628798882839 98.61981475501854 32.02986980393762 -0.20042772835295405 0.8322089341253789 -0.5169690664528926 0.2065692439600322 0.5517110142264771 0.8080495679294512 0.0 0.0 0.0 0.0 0.0 0.0
6.867233576585964 98.94911080180556 32.18651042798728 -0.7239139940115417 0.6417762896665918 -0.2531239287306527 0.2065692439600322 0.5517110142264771 0.8080495679294512 0.0 0.0 0.0 0.0 0.0 0.0
7.096822136576171 99.4246997740156 32.28545144451823 -0.9723732301486008 0.20752210283610603 0.10688722152276732 0.2065692439600322 0.5517110142264771 0.8080495679294512 0.0 0.0 0.0 0.0 0.0 0.0
7.104758188158238 99.94759341609682 32.4087574065585 -0.8514116189387586 -0.30557320044635083 0.4262901292606441 0.2065692439600322 0.5517110142264771 0.8080495679294512 0.0 0.0 0.0 0.0 0.0 0.0
6.918614934413509 100.40083163752142 32.62923621697698 -0.40698449885092536 -0.7025761359677741 0.5837382897015179 0.2065692439600322 0.5517110142264771 0.8080495679294512 0.0 0.0 0.0 0.0 0.0 0.0
6.639699551349928 100.69391760664557 32.98277818890027 0.19206283676833114 -0.832658650988458 0.5194145143010377 0.2065692439600322 0.5517110142264771 0.8080495679294512 0.0 0.0 0.0 0.0 0.0 0.0
6.404564897970952 100.79719901007728 33.454720715701875 0.7181422895799096 -0.6464002231883741 0.25775648077002017 0.2065692439600322 0.5517110142264771 0.8080495679294512 0.0 0.0 0.0 0.0 0.0 0.0
6.333130802098096 100.75313346229417 33.98541884040533 0.9713874798812887 -0.21456354336362043 -0.1018275492640728 0.2065692439600322 0.5517110142264771 0.8080495679294512 0.0 0.0 0.0 0.0 0.0 0.0
6.483124512828931 100.66015814805007 34.49290537205003 0.8555863258431841 0.2987894138961146 -0.4227255908669095 0.2065692439600322 0.5517110142264771 0.8080495679294512 0.0 0.0 0.0 0.0 0.0 0.0
6.828149153456781 100.63529189010502 34.904031591955544 0.41473362197671976 0.6986272773241137 -0.5830231129044268 0.2065692439600322 0.5517110142264771 0.8080495679294512 0.0 0.0 0.0 0.0 0.0 0.0
7.267712336263838 100.76967774200834 35.182257674929645 -0.18368331885508668 0.8330449576714957 -0.5218204067229233 0.2065692439600322 0.5517110142264771 0.8080495679294512 0.0 0.0 0.0 0.0 0.0 0.0
7.665404900758272 101.09395621822468 35.34153477977215 -0.712315895832525 0.6509749308305206 -0.2623694036554318 0.2065692439600322 0.5517110142264771 0.8080495679294512 0.0 0.0 0.0 0.0 0.0 0.0
7.900725034384632 101.56662445040678 35.441004770795935 -0.970327754696504 0.22158864404659143 0.0967601224432609 0.2065692439600322 0.5517110142264771 0.8080495679294512 0.0 0.0 0.0 0.0 0.0 0.0
7.9148589257965165 102.0898038209716 35.56253123477522 -0.8596958765363593 -0.2919828733751996 0.4191288602827822 0.2065692439600322 0.5517110142264771 0.8080495679294512 0.0 0.0 0.0 0.0 0.0 0.0
7.733025115101569 102.54642568636329 35.77959813564388 -0.4224511615314939 -0.6946252155084391 0.5822635366400226 0.2065692439600322 0.5517110142264771 0.8080495679294512 0.0 0.0 0.0 0.0 0.0 0.0
7.454893548843073 102.84470771202342 36.12939202801058 0.17528981274595262 -0.8333678247557417 0.5241865605005275 0.2065692439600322 0.5517110142264771 0.8080495679294512 0.0 0.0 0.0 0.0 0.0 0.0
7.216719300915519 102.95302351580852 36.59867426333692 0.7064352564718298 -0.6555000642113322 0.266962346094951 0.2065692439600322 0.5517110142264771 0.8080495679294512 0.0 0.0 0.0 0.0 0.0 0.0
7.139576991928735 102.91191805933131 37.128810573855596 0.9691941352964227 -0.22859686989640263 -0.09168532696450248 0.2065692439600322 0.5517110142264771 0.8080495679294512 0.0 0.0 0.0 0.0 0.0 0.0
7.283362516578507 102.8187039391684 37.63804721120783 0.8637399580600883 0.2851540972280199 -0.4155002114132205 0.2065692439600322 0.5517110142264771 0.8080495679294512 0.0 0.0 0.0 0.0 0.0 0.0
7.624037591845693 102.79049070444101 38.052570562294676 0.4301365297947314 0.6905702552932531 -0.5814596187529779 0.2065692439600322 0.5517110142264771 0.8080495679294512 0.0 0.0 0.0 0.0 0.0 0.0
90.18419366446996 38.034387948042784 75.68772023565353 0.862829751768216 -0.5044946804342085 -0.03177950404245956 0.34419764992314755 0.5403070362291922 0.7678517333369828 0.0 0.0 0.0 0.0 0.0 0.0
90.28644286935545 37.95053945585389 76.20848854553451 0.9160068415643822 -0.01376117163991107 -0.40092654734045974 0.34419764992314755 0.5403070362291922 0.7678517333369828 0.0 0.0 0.0 0.0 0.0 0.0
90.59749586259774 37.863554104156684 76.63786563633406 0.6211776174325531 0.4822004363349091 -0.6177548921694108 0.34419764992314755 0.5403070362291922 0.7678517333369828 0.0 0.0 0.0 0.0 0.0 0.0
91.05014631327916 37.886486357094476 76.9264254800259 0.09035263090217052 0.7949660365847279 -0.5998878251521911 0.34419764992314755 0.5403070362291922 0.7678517333369828 0.0 0.0 0.0 0.0 0.0 0.0
91.52339264901767 38.0906311430854 77.0782408750988 -0.4747988307233777 0.8057107484126622 -0.3541133437700727 0.34419764992314755 0.5403070362291922 0.7678517333369828 0.0 0.0 0.0 0.0 0.0 0.0
91.88840857635323 38.47843771952872 77.14933612231712 -0.859566278343992 0.5103524761532781 0.026194717369679456 0.34419764992314755 0.5403070362291922 0.7678517333369828 0.0 0.0 0.0 0.0 0.0 0.0
92.05748634349398 38.98257915896944 77.22640245618409 -0.9177701256399325 0.021102765564888368 0.396550967428371 0.34419764992314755 0.5403070362291922 0.7678517333369828 0.0 0.0 0.0 0.0 0.0 0.0
92.01735838161744 39.491530974484675 77.39386259555384 -0.6272977579070385 -0.47616423848102774 0.6162508749824106 0.34419764992314755 0.5403070362291922 0.7678517333369828 0.0 0.0 0.0 0.0 0.0 0.0
91.83423787608803 39.891941136855635 77.70179714126618 -0.09850448408604202 -0.7925284872864784 0.6018267719654471 0.34419764992314755 0.5403070362291922 0.7678517333369828 0.0 0.0 0.0 0.0 0.0 0.0
91.62866327031176 40.111694405612695 78.14691811858458 0.46771229014638993 -0.8077979134021006 0.35875861627176686 0.34419764992314755 0.5403070362291922 0.7678517333369828 0.0 0.0 0.0 0.0 0.0 0.0
91.52970369579094 40.14731011459235 78.67381813377047 0.8562373456197256 -0.5161714065553791 -0.02060793586775539 0.34419764992314755 0.5403070362291922 0.7678517333369828 0.0 0.0 0.0 0.0 0.0 0.0
91.6259234511457 40.065264535206346 79.19602056932686 0.9194635179671233 -0.028442752432565766 -0.3921451886248037 0.34419764992314755 0.5403070362291922 0.7678517333369828 0.0 0.0 0.0 0.0 0.0 0.0
91.93173494435202 39.97673542950839 79.62883349679738 0.6333701272285768 0.47009177887684067 -0.6146999279053689 0.34419764992314755 0.5403070362291922 0.7678517333369828 0.0 0.0 0.0 0.0 0.0 0.0
92.38192317798911 39.99536375959686 79.92152555636031 0.10664883577207443 0.7900305838755226 -0.6037198873399515 0.34419764992314755 0.5403070362291922 0.7678517333369828 0.0 0.0 0.0 0.0 0.0 0.0
92.85642201709615 40.194079586138116 80.07659964860801 -0.460590131467686 0.8098235614529161 -0.3633765679158422 0.34419764992314755 0.5403070362291922 0.7678517333369828 0.0 0.0 0.0 0.0 0.0 0.0
93.22592932124265 40.577394718993695 80.14884204076564 -0.8528432071065329 0.5219510285064316 0.015019584991727432 0.34419764992314755 0.5403070362291922 0.7678517333369828 0.0 0.0 0.0 0.0 0.0 0.0
93.40103098949446 41.079688605220525 80.22450814779474 -0.9210868895875736 0.035780573274524365 0.3877095464468701 0.34419764992314755 0.5403070362291922 0.7678517333369828 0.0 0.0 0.0 0.0 0.0 0.0
93.36617087228274 41.59013867425112 80.3885526581357 -0.6393942629627349 -0.4639835199636582 0.613102169048909 0.34419764992314755 0.5403070362291922 0.7678517333369828 0.0 0.0 0.0 0.0 0.0 0.0
93.18556081271011 41.994823685306734 80.69235382720262 -0.11478506573635536 -0.7874725165768774 0.605567027107638 0.34419764992314755 0.5403070362291922 0.7678517333369828 0.0 0.0 0.0 0.0 0.0 0.0
92.97878549379115 42.2200043114308 81.13419401915294 0.45343289706722334 -0.8117875383041682 0.36796684702740073 0.34419764992314755 0.5403070362291922 0.7678517333369828 0.0 0.0 0.0 0.0 0.0 0.0
80.37851581752943 55.04360337418139 92.29971577072159 0.23844641570610117 0.8605147093897784 -0.4501752345040076 0.22333633567103364 0.4025336633604789 0.8877429419773655 0.0 0.0 0.0 0.0 0.0 0.0
80.82525860748102 55.18872705256554 92.5605703273559 -0.3610445544707348 0.8801296952785962 -0.3082507894164003 0.22333633567103364 0.4025336633604789 0.8877429419773655 0.0 0.0 0.0 0.0 0.0 0.0
81.18970127988072 55.534476322681776 92.75115910684363 -0.8233686620610925 0.5653686949472869 -0.04921671575113741 0.22333633567103364 0.4025336633604789 0.8877429419773655 0.0 0.0 0.0 0.0 0.0 0.0
81.36645703985626 56.00910140460059 92.93052893442727 -0.9728812489445205 0.03581467494500207 0.2285156110875887 0.22333633567103364 0.4025336633604789 0.8877429419773655 0.0 0.0 0.0 0.0 0.0 0.0
81.32144448852314 56.491890442800035 93.16198890274859 -0.752779983646856 -0.5073459388583221 0.4194310366968652 0.22333633567103364 0.4025336633604789 0.8877429419773655 0.0 0.0 0.0 0.0 0.0 0.0
81.10483571623148 56.859029958273055 93.48905818908236 -0.24668501675159712 -0.8577573481176177 0.45099759895203045 0.22333633567103364 0.4025336633604789 0.8877429419773655 0.0 0.0 0.0 0.0 0.0 0.0
80.83199508660931 57.03064365925329 93.91893239228791 0.3531297123611312 -0.8822923998889396 0.31122263308757075 0.22333633567103364 0.4025336633604789 0.8877429419773655 0.0 0.0 0.0 0.0 0.0 0.0
80.63965038603112 57.00113877991748 94.41974980449841 0.818784559733923 -0.5716298178001721 0.05320898554820133 0.22333633567103364 0.4025336633604789 0.8877429419773655 0.0 0.0 0.0 0.0 0.0 0.0
80.63394765160737 56.84133086562776 94.93269620663885 0.9733694635159804 -0.043795510788226216 -0.2250196452077275 0.22333633567103364 0.4025336633604789 0.8877429419773655 0.0 0.0 0.0 0.0 0.0 0.0
80.85012451701921 56.67153976327584 95.39434937357393 0.7581550342387355 0.5006774429940595 -0.4177595506213985 0.22333633567103364 0.4025336633604789 0.8877429419773655 0.0 0.0 0.0 0.0 0.0 0.0
81.23912284634115 56.61587809980825 95.76077423780004 0.2549048317779875 0.8549346653024552 -0.45178561818678503 0.22333633567103364 0.4025336633604789 0.8877429419773655 0.0 0.0 0.0 0.0 0.0 0.0
81.68622674008746 56.755098820196906 96.02421455614501 -0.3451879780567342 0.8843879145170973 -0.31417077595028436 0.22333633567103364 0.4025336633604789 0.8877429419773655 0.0 0.0 0.0 0.0 0.0 0.0
82.05464502337439 57.09591579352705 96.21603963622672 -0.8141381037924763 0.5778474088292767 -0.05719720327500894 0.22333633567103364 0.4025336633604789 0.8877429419773655 0.0 0.0 0.0 0.0 0.0 0.0
82.23748050028493 57.568453101881815 96.39482661202219 -0.9737835522342404 0.05177301143374243 0.22150654321068453 0.22333633567103364 0.4025336633604789 0.8877429419773655 0.0 0.0 0.0 0.0 0.0 0.0
82.19834198582353 58.05279206982195 96.62410601131224 -0.763472348389441 -0.49397081860406133 0.41605625053872997 0.22333633567103364 0.4025336633604789 0.8877429419773655 0.0 0.0 0.0 0.0 0.0 0.0
81.98516992552408 58.42453037411846 96.94822544600382 -0.26310523481453385 -0.8520468759025157 0.4525392321975553 0.22333633567103364 0.4025336633604789 0.8877429419773655 0.0 0.0 0.0 0.0 0.0 0.0
81.71202301867002 58.602044566243315 97.375501212914 0.3372199563513583 -0.8864160795815176 0.3170949934920475 0.22333633567103364 0.4025336633604789 0.8877429419773655 0.0 0.0 0.0 0.0 0.0 0.0
81.5157454114769 58.57750018513643 97.8750587935681 0.809429648082362 -0.584020994540972 0.06118106521333901 0.22333633567103364 0.4025336633604789 0.8877429419773655 0.0 0.0 0.0 0.0 0.0 0.0
81.5039773180329 58.41982819994769 98.38856259996265 0.9741234835648416 -0.059746569363990906 -0.2179765726327788 0.22333633567103364 0.4025336633604789 0.8877429419773655 0.0 0.0 0.0 0.0 0.0 0.0
81.71426070331835 58.248536982392494 98.85237863976691 0.7687315211649135 0.4872265764237406 -0.4143212661617558 0.22333633567103364 0.4025336633604789 0.8877429419773655 0.0 0.0 0.0 0.0 0.0 0.0
12.605584820828618 9.736342521053473 73.3046732421546 0.7828241301632872 0.4369841072951708 -0.44297998962203183 0.21668520109942077 0.4759059232507957 0.8523855206649813 0.0 0.0 0.0 0.0 0.0 0.0
12.984480150009917 9.703107206128086 73.6841713916689 0.2920916526027809 0.8015270512035777 -0.5217632151356337 0.21668520109942077 0.4759059232507957 0.8523855206649813 0.0 0.0 0.0 0.0 0.0 0.0
13.429957780592698 9.852580007744638 73.94473359987572 -0.3096113272935267 0.8615564675420847 -0.40231987180345113 0.21668520109942077 0.4759059232507957 0.8523855206649813 0.0 0.0 0.0 0.0 0.0 0.0
13.804859499376985 10.198444633246321 74.11358698064592 -0.7936877875256781 0.5942661774053734 -0.13002848274358605 0.21668520109942077 0.4759059232507957 0.8523855206649813 0.0 0.0 0.0 0.0 0.0 0.0
13.99884006202137 10.679772252586172 74.25280036468337 -0.9762289875246628 0.10120423087171775 0.1916629008708666 0.21668520109942077 0.4759059232507957 0.8523855206649813 0.0 0.0 0.0 0.0 0.0 0.0
13.970289196242422 11.184169379537627 74.43570331300502 -0.7878844734847548 -0.4303068950146107 0.4405383440116597 0.21668520109942077 0.4759059232507957 0.8523855206649813 0.0 0.0 0.0 0.0 0.0 0.0
13.762140039941803 11.590478036230873 74.71902699070569 -0.3002094752420633 -0.7983372371372621 0.5220459048540921 0.21668520109942077 0.4759059232507957 0.8523855206649813 0.0 0.0 0.0 0.0 0.0 0.0
13.48555812431365 11.814805694598967 75.12135104884405 0.30152012187984967 -0.8630659153846539 0.40521949830037785 0.21668520109942077 0.4759059232507957 0.8523855206649813 0.0 0.0 0.0 0.0 0.0 0.0
13.277707729955354 11.84239745039872 75.61604490437021 0.788697183552003 -0.5999014226848132 0.13444342943362914 0.21668520109942077 0.4759059232507957 0.8523855206649813 0.0 0.0 0.0 0.0 0.0 0.0
13.24964088340413 11.733241658021543 76.14138514386606 0.9762349988790376 -0.10882434969009191 -0.18740994604922662 0.21668520109942077 0.4759059232507957 0.8523855206649813 0.0 0.0 0.0 0.0 0.0 0.0
13.444106835564659 11.599279351708347 76.6240052802631 0.7928848163531481 0.4235969131979952 -0.43806314970077637 0.21668520109942077 0.4759059232507957 0.8523855206649813 0.0 0.0 0.0 0.0 0.0 0.0
13.819310906561045 11.561875975087132 77.0067689079022 0.30830443576749805 0.795086626599451 -0.5222888387557117 0.21668520109942077 0.4759059232507957 0.8523855206649813 0.0 0.0 0.0 0.0 0.0 0.0
14.264792983391445 11.705712620016696 77.27047677831308 -0.2934059545415087 0.8645096374162715 -0.40808826576363677 0.21668520109942077 0.4759059232507957 0.8523855206649813 0.0 0.0 0.0 0.0 0.0 0.0
14.643393163652075 12.046614263997133 77.44116091570262 -0.7836465172342346 0.605490983148303 -0.13884813773600083 0.21668520109942077 0.4759059232507957 0.8523855206649813 0.0 0.0 0.0 0.0 0.0 0.0
14.84336109565169 12.525537596638028 77.58019461572638 -0.9761666661585998 0.11643618111290706 0.1831427192346089 0.21668520109942077 0.4759059232507957 0.8523855206649813 0.0 0.0 0.0 0.0 0.0 0.0
14.820811805385324 13.031002560427279 77.76097570436227 -0.7978247779729972 -0.41685467283641686 0.43555459518501377 0.21668520109942077 0.4759059232507957 0.8523855206649813 0.0 0.0 0.0 0.0 0.0 0.0
14.616398331876422 13.441445488427119 78.04104147667532 -0.3163759177164996 -0.7917754671367205 0.5224919983401376 0.21668520109942077 0.4759059232507957 0.8523855206649813 0.0 0.0 0.0 0.0 0.0 0.0
14.33986695796926 13.671403173779892 78.44020931645024 0.2852694432037622 -0.8658875236919142 0.4109259557254807 0.21668520109942077 0.4759059232507957 0.8523855206649813 0.0 0.0 0.0 0.0 0.0 0.0
14.128362762616412 13.703981770861903 78.93304774076258 0.7785361732001682 -0.611034433129172 0.14324227221511238 0.21668520109942077 0.4759059232507957 0.8523855206649813 0.0 0.0 0.0 0.0 0.0 0.0
14.094325912441219 13.597275049685894 79.45853824553349 0.9760239945671513 -0.12403914546972904 -0.1788615453928548 0.21668520109942077 0.4759059232507957 0.8523855206649813 0.0 0.0 0.0 0.0 0.0 0.0
13.544241121653789 47.835773596133734 52.35039856261069 0.9735878543174651 -0.2165237265042409 0.07241661263985834 0.0733507794328007 0.597003734079233 0.7988780912329823 0.0 0.0 0.0 0.0 0.0 0.0
13.607727815945536 47.77201348811327 52.880105264844566 0.9154257125274898 0.277559586726834 -0.2914728815165604 0.0733507794328007 0.597003734079233 0.7988780912329823 0.0 0.0 0.0 0.0 0.0 0.0
13.879885830211835 47.7715230966206 53.34337071456554 0.5094780374465941 0.6661933724115646 -0.544626954818134 0.0733507794328007 0.597003734079233 0.7988780912329823 0.0 0.0 0.0 0.0 0.0 0.0
14.268179379144835 47.92289150533096 53.682488432799 -0.09002886207880231 0.8017291577579279 -0.5908681423071989 0.0733507794328007 0.597003734079233 0.7988780912329823 0.0 0.0 0.0 0.0 0.0 0.0
14.63595084613421 48.25701410077868 53.886917739401845 -0.6553322916981569 0.6326746318753519 -0.41262864374523295 0.0733507794328007 0.597003734079233 0.7988780912329823 0.0 0.0 0.0 0.0 0.0 0.0
14.85433929661093 48.735354898469524 53.997288333679585 -0.9716640271297536 0.22325643558757252 -0.07762462464142605 0.0733507794328007 0.597003734079233 0.7988780912329823 0.0 0.0 0.0 0.0 0.0 0.0
14.85123690152997 49.26458700767733 54.08996439232784 -0.9188443532985513 -0.2709806132284751 0.28687028717817314 0.0733507794328007 0.597003734079233 0.7988780912329823 0.0 0.0 0.0 0.0 0.0 0.0
14.638683907203127 49.732049077573286 54.24803254196476 -0.5169403473908766 -0.6622675965247761 0.5423783806833541 0.0733507794328007 0.597003734079233 0.7988780912329823 0.0 0.0 0.0 0.0 0.0 0.0
14.308294344422984 50.048547228003144 54.529735860544406 0.08135793927230071 -0.8019480473775734 0.5918278592839841 0.0733507794328007 0.597003734079233 0.7988780912329823 0.0 0.0 0.0 0.0 0.0 0.0
13.996450326459891 50.18224129579995 54.94634635826973 0.6487469845737246 -0.636955027175289 0.41643203930849026 0.0733507794328007 0.597003734079233 0.7988780912329823 0.0 0.0 0.0 0.0 0.0 0.0
13.832488204043234 50.17074144511033 55.457882552458464 0.9696662039644262 -0.2299721428289619 0.08282672522729122 0.0733507794328007 0.597003734079233 0.7988780912329823 0.0 0.0 0.0 0.0 0.0 0.0
13.889561523330855 50.10681943722676 55.98829910126892 0.9221930205146586 0.2643810035072746 -0.28224584655675394 0.0733507794328007 0.597003734079233 0.7988780912329823 0.0 0.0 0.0 0.0 0.0 0.0
14.15684877066164 50.10316308741144 56.45437770047588 0.5243632903262893 0.6582913863964389 -0.5400885023349821 0.0733507794328007 0.597003734079233 0.7988780912329823 0.0 0.0 0.0 0.0 0.0 0.0
14.543664646521416 50.24956427983835 56.79734310858167 -0.07268082074373354 0.8021058655485429 -0.5927425062779301 0.0733507794328007 0.597003734079233 0.7988780912329823 0.0 0.0 0.0 0.0 0.0 0.0
14.913912927005752 50.57880552955535 57.00519284373074 -0.6421122728546907 0.6411869158838348 -0.4202037219596721 0.0733507794328007 0.597003734079233 0.7988780912329823 0.0 0.0 0.0 0.0 0.0 0.0
15.137791694688769 51.05420535692305 57.11725712723737 -0.9675945369634511 0.2366703368013014 -0.08802251823735381 0.0733507794328007 0.597003734079233 0.7988780912329823 0.0 0.0 0.0 0.0 0.0 0.0
15.141107257225563 51.583554195011445 57.20925667494217 -0.925471459161838 -0.2577612601490643 0.27759991182135996 0.0733507794328007 0.597003734079233 0.7988780912329823 0.0 0.0 0.0 0.0 0.0 0.0
14.933461571526417 52.054146345738395 57.364535131281336 -0.5317463009669886 -0.6542650448303488 0.5377574941561194 0.0733507794328007 0.597003734079233 0.7988780912329823 0.0 0.0 0.0 0.0 0.0 0.0
14.604604299790422 52.37559875890978 57.64239542533395 0.06399816728927123 -0.8022026002523718 0.5936120136351272 0.0733507794328007 0.597003734079233 0.7988780912329823 0.0 0.0 0.0 0.0 0.0 0.0
14.290335412301722 52.5141890641123 58.055569596572724 0.6354286618000402 -0.64536997572628 0.4239434044705419 0.0733507794328007 0.597003734079233 0.7988780912329823 0.0 0.0 0.0 0.0 0.0 0.0
89.16060260414913 0.12928131754280725 14.459999190530487 0.7712327174620491 -0.07363044379419759 -0.6322805178579934 0.4590644732253913 0.7524408785049633 0.4723267235473484 0.0 0.0 0.0 0.0 0.0 0.0
89.58257585572528 0.18388333914266883 14.788088044821238 0.366154431123832 0.3241553620774579 -0.8722695878023119 0.4590644732253913 0.7524408785049633 0.4723267235473484 0.0 0.0 0.0 0.0 0.0 0.0
90.08801402139719 0.3123765857276499 14.91734301912645 -0.17803204537395706 0.5987891263072475 -0.7808688577707327 0.4590644732253913 0.7524408785049633 0.4723267235473484 0.0 0.0 0.0 0.0 0.0 0.0
90.5528697767243 0.5773638324952949 14.86859891273275 -0.6545811712971134 0.6459328902325974 -0.3928029932409667 0.4590644732253913 0.7524408785049633 0.4723267235473484 0.0 0.0 0.0 0.0 0.0 0.0
90.86851373345782 0.9895915019157677 14.730315351670209 -0.8824439662309317 0.4476759497365674 0.14449529573686953 0.4590644732253913 0.7524408785049633 0.4723267235473484 0.0 0.0 0.0 0.0 0.0 0.0
90.98300456032284 1.503866918164835 14.624969497817437 -0.7750515447172838 0.07933943119287994 0.6268974060317553 0.4590644732253913 0.7524408785049633 0.4723267235473484 0.0 0.0 0.0 0.0 0.0 0.0
90.92082236318254 2.036227760250738 14.66252492739496 -0.37320408319474185 -0.3191394637455339 0.871130710609485 0.4590644732253913 0.7524408785049633 0.4723267235473484 0.0 0.0 0.0 0.0 0.0 0.0
90.77356828353511 2.4958407515341094 14.89865462986608 0.1704298491730077 -0.596371940679728 0.7844068936978831 0.4590644732253913 0.7524408785049633 0.4723267235473484 0.0 0.0 0.0 0.0 0.0 0.0
90.66516369336925 2.8195107401746666 15.313589908437033 0.6493146324048074 -0.6470327465425658 0.3996737832865636 0.4590644732253913 0.7524408785049633 0.4723267235473484 0.0 0.0 0.0 0.0 0.0 0.0
90.70477039409079 2.995689593881932 15.81963083848391 0.8815139308242906 -0.45187499418325006 -0.1369020795846321 0.4590644732253913 0.7524408785049633 0.4723267235473484 0.0 0.0 0.0 0.0 0.0 0.0
90.94531822308059 3.0688635284468586 16.29446493518184 0.7788113487966533 -0.08504237658670309 -0.6214665535409163 0.4590644732253913 0.7524408785049633 0.4723267235473484 0.0 0.0 0.0 0.0 0.0 0.0
91.36339612353393 3.122652050592984 16.627635711445645 0.38022531432979734 0.31409926170784574 -0.869925493440326 0.4590644732253913 0.7524408785049633 0.4723267235473484 0.0 0.0 0.0 0.0 0.0 0.0
91.86814639635254 3.2480395093285606 16.762506944107486 -0.16281467407919845 0.5939093390199766 -0.7878851940031243 0.4590644732253913 0.7524408785049633 0.4723267235473484 0.0 0.0 0.0 0.0 0.0 0.0
92.33578305909184 3.5088086205811244 16.71777972200547 -0.6439986456893205 0.6480833288037946 -0.4065141366261641 0.4590644732253913 0.7524408785049633 0.4723267235473484 0.0 0.0 0.0 0.0 0.0 0.0
92.65662021028281 3.9173083470264842 16.580387589668536 -0.880516764718898 0.4560396265996193 0.12929843780899541 0.4590644732253913 0.7524408785049633 0.4723267235473484 0.0 0.0 0.0 0.0 0.0 0.0
92.77674353725061 4.429762320704535 16.472469040298545 -0.7825118433765218 0.09073884567429304 0.6159883739659189 0.4590644732253913 0.7524408785049633 0.4723267235473484 0.0 0.0 0.0 0.0 0.0 0.0
92.71849326489895 4.9629002171091425 16.504965060156184 -0.38721758983506516 -0.30903513979529496 0.8686540280767874 0.4590644732253913 0.7524408785049633 0.4723267235473484 0.0 0.0 0.0 0.0 0.0 0.0
92.57197673076058 5.4255935436736085 16.73547079304617 0.15518710001759473 -0.5914015088646465 0.7913034938004199 0.4590644732253913 0.7524408785049633 0.4723267235473484 0.0 0.0 0.0 0.0 0.0 0.0
92.46083510095418 5.7534768776839025 17.146354182246355 0.6386336159836217 -0.6490845570103796 0.4133235323403763 0.4590644732253913 0.7524408785049633 0.4723267235473484 0.0 0.0 0.0 0.0 0.0 0.0
92.49527002400589 5.933401366500207 17.651454683648776 0.8794525438528121 -0.46016952983279497 -0.12168494945672119 0.4590644732253913 0.7524408785049633 0.4723267235473484 0.0 0.0 0.0 0.0 0.0 0.0
37.03442518827394 92.29307688968565 56.84269867458533 -0.7219905046774764 0.6422700767241437 -0.2573302541488768 0.4874709350018971 0.7361171786174371 0.46957809454091914 0.0 0.0 0.0 0.0 0.0 0.0
37.314887120290294 92.72833669492078 56.69925841261303 -0.8727636190057514 0.3950222900795756 0.28677701386316046 0.4874709350018971 0.7361171786174371 0.46957809454091914 0.0 0.0 0.0 0.0 0.0 0.0
37.39640255789273 93.25364184360896 56.62118897997428 -0.6919592426441807 -0.002301068986714465 0.7219328996525995 0.4874709350018971 0.7361171786174371 0.46957809454091914 0.0 0.0 0.0 0.0 0.0 0.0
37.320185864361896 93.7784224635492 56.707684174526996 -0.2482679810604941 -0.3987502134731298 0.8828144067896037 0.4874709350018971 0.7361171786174371 0.46957809454091914 0.0 0.0 0.0 0.0 0.0 0.0
37.18737647673657 94.21230795978155 56.9954169408852 0.2897444373473639 -0.6437074851130562 0.7082999609174663 0.4874709350018971 0.7361171786174371 0.46957809454091914 0.0 0.0 0.0 0.0 0.0 0.0
37.12061434272138 94.4994603145281 57.44460670562123 0.7176780997382999 -0.644109520943306 0.26469051774895175 0.4874709350018971 0.7361171786174371 0.46957809454091914 0.0 0.0 0.0 0.0 0.0 0.0
37.217446954123325 94.63978788370868 57.954132682206634 0.8729538531007044 -0.39980358083028644 -0.27947927850185034 0.4874709350018971 0.7361171786174371 0.46957809454091914 0.0 0.0 0.0 0.0 0.0 0.0
37.513269423807095 94.68898021405916 58.39995134846371 0.6965798426600464 -0.0036055760004311843 -0.7174702242054444 0.4874709350018971 0.7361171786174371 0.46957809454091914 0.0 0.0 0.0 0.0 0.0 0.0
37.96787729054315 94.73735065324689 58.682222654537924 0.25556350379893256 0.3939622474340041 -0.8828822362709321 0.4874709350018971 0.7361171786174371 0.46957809454091914 0.0 0.0 0.0 0.0 0.0 0.0
38.48074086601148 94.87552479913326 58.76324092707425 -0.2825456829493207 0.6418572263707378 -0.7128725257732731 0.4874709350018971 0.7361171786174371 0.46957809454091914 0.0 0.0 0.0 0.0 0.0 0.0
38.929198144161205 95.16001031996689 58.68175988492999 -0.7133110408332236 0.6458999137286784 -0.27203062414130813 0.4874709350018971 0.7361171786174371 0.46957809454091914 0.0 0.0 0.0 0.0 0.0 0.0
39.21505614810863 95.59172874645823 58.53826945345326 -0.8730776083799646 0.40455442499041583 0.2721602597114352 0.4874709350018971 0.7361171786174371 0.46957809454091914 0.0 0.0 0.0 0.0 0.0 0.0
39.301896083754414 96.11566536685548 58.456817961741294 -0.701147395423974 0.00951194640900608 0.7129529106229179 0.4874709350018971 0.7361171786174371 0.46957809454091914 0.0 0.0 0.0 0.0 0.0 0.0
39.228909448551676 96.64177023573595 58.53788410843892 -0.2628395643871016 -0.38914427964444814 0.8828828308517518 0.4874709350018971 0.7361171786174371 0.46957809454091914 0.0 0.0 0.0 0.0 0.0 0.0
39.09600852637663 97.07916965382702 58.82020342420914 0.27532541160360163 -0.6399580877155787 0.7173908026262448 0.4874709350018971 0.7361171786174371 0.46957809454091914 0.0 0.0 0.0 0.0 0.0 0.0
39.02586804043976 97.37069060568702 59.266051996010745 0.7088896605306927 -0.6476411187349158 0.27935001434842754 0.4874709350018971 0.7361171786174371 0.46957809454091914 0.0 0.0 0.0 0.0 0.0 0.0
39.1173189749261 97.51458174415333 59.775578412372845 0.87313487541909 -0.40927446076478485 -0.2648205148635309 0.4874709350018971 0.7361171786174371 0.46957809454091914 0.0 0.0 0.0 0.0 0.0 0.0
39.40780103173745 97.56517875641048 60.224738984039206 0.7056615530991383 -0.01541759244603385 -0.7083813029159373 0.4874709350018971 0.7361171786174371 0.46957809454091914 0.0 0.0 0.0 0.0 0.0 0.0
39.85913866178142 97.61226132798444 60.512424015416634 0.27009560872481847 0.384296677011365 -0.8828161904867815 0.4874709350018971 0.7361171786174371 0.46957809454091914 0.0 0.0 0.0 0.0 0.0 0.0
40.37204459433279 97.74694433917504 60.59887106839475 -0.2680841731618226 0.6380102137743426 -0.7218544473921044 0.4874709350018971 0.7361171786174371 0.46957809454091914 0.0 0.0 0.0 0.0 0.0 0.0
51.153288899543455 58.38451843633235 58.41621836132825 0.4601748727582884 0.3504440496087555 -0.8157377363930819 0.07069014755375852 0.9014217304786226 0.4271320250926561 0.0 0.0 0.0 0.0 0.0 0.0
51.54465683006629 58.6863604451587 58.62694958062029 -0.14618435521287187 0.4329418804779338 -0.8894894391836405 0.07069014755375852 0.9014217304786226 0.4271320250926561 0.0 0.0 0.0 0.0 0.0 0.0
51.90270203221865 59.08689156926252 58.6349216542626 -0.6970057025665798 0.3509578525513109 -0.6253092325579728 0.07069014755375852 0.9014217304786226 0.4271320250926561 0.0 0.0 0.0 0.0 0.0 0.0
52.10186476253964 59.567423546898326 58.500354468667936 -0.9830229302013419 0.13563906873806147 -0.12356359387068357 0.07069014755375852 0.9014217304786226 0.4271320250926561 0.0 0.0 0.0 0.0 0.0 0.0
52.07694738499038 60.07887445452086 58.337620957962514 -0.8955733113856766 -0.1312112650530722 0.4251259200011994 0.07069014755375852 0.9014217304786226 0.4271320250926561 0.0 0.0 0.0 0.0 0.0 0.0
51.8478840429315 60.56041575014597 58.271794914097974 -0.4678804183873126 -0.34821224551517904 0.8123029891382831 0.07069014755375852 0.9014217304786226 0.4271320250926561 0.0 0.0 0.0 0.0 0.0 0.0
51.51216734477935 60.96258205344939 58.39113336216665 0.1375680680998284 -0.43292157210778776 0.8908725717199976 0.07069014755375852 0.9014217304786226 0.4271320250926561 0.0 0.0 0.0 0.0 0.0 0.0
51.20780929207915 61.26606387076894 58.71354624099025 0.6907521455004005 -0.35315675539395186 0.6309847697101807 0.07069014755375852 0.9014217304786226 0.4271320250926561 0.0 0.0 0.0 0.0 0.0 0.0
51.0609082126803 61.489043594584345 59.17979211792325 0.981507934065367 -0.1392217828398753 0.13137530418469756 0.07069014755375852 0.9014217304786226 0.4271320250926561 0.0 0.0 0.0 0.0 0.0 0.0
51.137741897734855 61.68028770862078 59.67598499957888 0.8993724485413475 0.1276058726791498 -0.418145835878505 0.07069014755375852 0.9014217304786226 0.4271320250926561 0.0 0.0 0.0 0.0 0.0 0.0
51.4195875607332 61.90061958534955 60.07686152478903 0.4755503331110039 0.3459539237109469 -0.8088063818659031 0.07069014755375852 0.9014217304786226 0.4271320250926561 0.0 0.0 0.0 0.0 0.0 0.0
51.809834937127405 62.1998116698737 60.293370609803716 -0.12894130464578274 0.43286829508380054 -0.8921878608608653 0.07069014755375852 0.9014217304786226 0.4271320250926561 0.0 0.0 0.0 0.0 0.0 0.0
52.170690139070466 62.597676095882406 60.306505443862434 -0.6844459849839859 0.35532876398236635 -0.6366122549292189 0.07069014755375852 0.9014217304786226 0.4271320250926561 0.0 0.0 0.0 0.0 0.0 0.0
52.3755258572003 63.076537724821335 60.17452449437901 -0.9799181923001505 0.14279389466390557 -0.1391770097606583 0.07069014755375852 0.9014217304786226 0.4271320250926561 0.0 0.0 0.0 0.0 0.0 0.0
52.356989192562146 63.587949226541916 60.01081814114143 -0.9031030950030001 -0.12399076262397789 0.4111339083314904 0.07069014755375852 0.9014217304786226 0.4271320250926561 0.0 0.0 0.0 0.0 0.0 0.0
52.132590149001885 64.071097030021 59.94082977524435 -0.483184032835661 -0.34366925617601046 0.8052481808561224 0.07069014755375852 0.9014217304786226 0.4271320250926561 0.0 0.0 0.0 0.0 0.0 0.0
51.79804928995332 64.47590541574118 60.05439775751061 0.12030472181217168 -0.4327820534632263 0.8934352064418823 0.07069014755375852 0.9014217304786226 0.4271320250926561 0.0 0.0 0.0 0.0 0.0 0.0
51.490931896027234 64.78206111875691 60.37162432319727 0.6780877012558744 -0.3574737129096937 0.6421912596602992 0.07069014755375852 0.9014217304786226 0.4271320250926561 0.0 0.0 0.0 0.0 0.0 0.0
51.33838461493849 65.00673067766697 60.83523840673007 0.978253825970683 -0.1463551321800095 0.14696811646847943 0.07069014755375852 0.9014217304786226 0.4271320250926561 0.0 0.0 0.0 0.0 0.0 0.0
51.408830324260556 65.19803857959151 61.33235387703622 0.9067649666674623 0.12036621019218113 -0.4040906713455875 0.07069014755375852 0.9014217304786226 0.4271320250926561 0.0 0.0 0.0 0.0 0.0 0.0
43.0842732045021 33.852857508868404 19.72587790181357 0.8381456588873772 -0.18412303925759688 -0.5134301908758285 0.5424550598343458 0.18292732267532374 0.8199268886180977 0.0 0.0 0.0 0.0 0.0 0.0
43.37115922454632 33.56340359220927 20.076017793502924 0.7123836803152179 0.4171306144530959 -0.5643682685149194 0.5424550598343458 0.18292732267532374 0.8199268886180977 0.0 0.0 0.0 0.0 0.0 0.0
43.82043312693357 33.36903461223975 20.297509920626432 0.315975231171328 0.8599093736810943 -0.4008934052109292 0.5424550598343458 0.18292732267532374 0.8199268886180977 0.0 0.0 0.0 0.0 0.0 0.0
44.34173359320851 33.37068200105792 20.42761838341798 -0.2004774911186938 0.9759941849296054 -0.08511243468700536 0.5424550598343458 0.18292732267532374 0.8199268886180977 0.0 0.0 0.0 0.0 0.0 0.0
44.8173352090749 33.5948072950405 20.538325464044558 -0.6407654627278165 0.721282487570776 0.2630041727785341 0.5424550598343458 0.18292732267532374 0.8199268886180977 0.0 0.0 0.0 0.0 0.0 0.0
45.146874317550775 33.983348954760025 20.70898435413144 -0.8376159220194065 0.19254351398370625 0.5112010978102319 0.5424550598343458 0.18292732267532374 0.8199268886180977 0.0 0.0 0.0 0.0 0.0 0.0
45.285478850246704 34.41578091455052 20.996171550549132 -0.7162420883444195 -0.40934595972165705 0.56518417895725 0.5424550598343458 0.18292732267532374 0.8199268886180977 0.0 0.0 0.0 0.0 0.0 0.0
45.26081597636794 34.75490244994238 21.412192498343675 -0.3227559103782663 -0.8557180594292859 0.40444434114285027 0.5424550598343458 0.18292732267532374 0.8199268886180977 0.0 0.0 0.0 0.0 0.0 0.0
45.16258088256291 34.89896302676212 21.92040654642759 0.1933506341316452 -0.9769885615167269 0.09004933617949705 0.5424550598343458 0.18292732267532374 0.8199268886180977 0.0 0.0 0.0 0.0 0.0 0.0
45.10842007189198 34.82031903024314 22.449147343527024 0.6360000400847318 -0.7270847747062901 -0.25855691714306084 0.5424550598343458 0.18292732267532374 0.8199268886180977 0.0 0.0 0.0 0.0 0.0 0.0
45.199235490370135 34.575936036452106 22.918950083228196 0.8370223974560111 -0.20094932577576358 -0.5089330748018427 0.5424550598343458 0.18292732267532374 0.8199268886180977 0.0 0.0 0.0 0.0 0.0 0.0
45.48085019068533 34.2857466375276 23.272741512514685 0.720045951765549 0.4015301317105377 -0.5659570484361546 0.5424550598343458 0.18292732267532374 0.8199268886180977 0.0 0.0 0.0 0.0 0.0 0.0
45.926599388361765 34.08708604476068 23.497523014802287 0.3295120104730283 0.8514615789342046 -0.4079644770723244 0.5424550598343458 0.18292732267532374 0.8199268886180977 0.0 0.0 0.0 0.0 0.0 0.0
46.44746085919363 34.08251614570309 23.629309001704634 -0.18620905274522068 0.9779085366423238 -0.09497938006639947 0.5424550598343458 0.18292732267532374 0.8199268886180977 0.0 0.0 0.0 0.0 0.0 0.0
46.925875970593154 34.30086052834305 23.739444435932317 -0.631186183576221 0.732831691521187 0.25408997139730244 0.5424550598343458 0.18292732267532374 0.8199268886180977 0.0 0.0 0.0 0.0 0.0 0.0
47.260412171586175 34.686253918123846 23.907499687134965 -0.8363651303963862 0.20933983449865584 0.5066262945693919 0.5424550598343458 0.18292732267532374 0.8199268886180977 0.0 0.0 0.0 0.0 0.0 0.0
47.404298914789074 35.119366329765505 24.191040418125723 -0.7237949808996806 -0.3936837256253017 0.5666868180946282 0.5424550598343458 0.18292732267532374 0.8199268886180977 0.0 0.0 0.0 0.0 0.0 0.0
47.38319656932165 35.4627385237636 24.60375742713198 -0.33624301695243564 -0.84714025634332 0.41145354492737 0.5424550598343458 0.18292732267532374 0.8199268886180977 0.0 0.0 0.0 0.0 0.0 0.0
47.28544761756002 35.61300506967292 25.110265284650836 0.17905329081849147 -0.9787540402467286 0.09990219090578147 0.5424550598343458 0.18292732267532374 0.8199268886180977 0.0 0.0 0.0 0.0 0.0 0.0
47.228513869074376 35.54016460131146 25.63954584973009 0.6263242597960937 -0.7385228003655013 -0.24960367571647352 0.5424550598343458 0.18292732267532374 0.8199268886180977 0.0 0.0 0.0 0.0 0.0 0.0
90.08664185448755 90.71294613914833 83.3475153526536 0.5761635078925865 -0.5933555714706266 0.5621074434462467 0.19731321427902773 0.7683672533799715 0.60883434479684 0.0 0.0 0.0 0.0 0.0 0.0
89.95016313061055 90.860405131218 83.84582700785049 0.9318036506081459 -0.33998553414340554 0.12708970566712216 0.19731321427902773 0.7683672533799715 0.60883434479684 0.0 0.0 0.0 0.0 0.0 0.0
90.02608907820893 90.93036441008203 84.37310876545308 0.9334360075314211 0.04255069185989771 -0.3562115361215088 0.19731321427902773 0.7683672533799715 0.60883434479684 0.0 0.0 0.0 0.0 0.0 0.0
90.31479179309468 91.01002312049438 84.81919209218857 0.5804404189757076 0.4089211986159958 -0.7041820597982901 0.19731321427902773 0.7683672533799715 0.60883434479684 0.0 0.0 0.0 0.0 0.0 0.0
90.73580591974955 91.18289543099797 85.10475709623591 0.006925810804833617 0.6199357052200272 -0.7846220456615043 0.19731321427902773 0.7683672533799715 0.60883434479684 0.0 0.0 0.0 0.0 0.0 0.0
91.1583987851953 91.49708210501278 85.21146748028654 -0.5692200286841785 0.5954262726387086 -0.5669709981968724 0.19731321427902773 0.7683672533799715 0.60883434479684 0.0 0.0 0.0 0.0 0.0 0.0
91.45123792719195 91.94699621661069 85.18893680745843 -0.9291096624247037 0.3447044440855435 -0.13391818926766558 0.19731321427902773 0.7683672533799715 0.60883434479684 0.0 0.0 0.0 0.0 0.0 0.0
91.53228649240442 92.47548571708404 85.13587947917303 -0.9360150015249151 -0.03697636592668904 0.35001237875705155 0.19731321427902773 0.7683672533799715 0.60883434479684 0.0 0.0 0.0 0.0 0.0 0.0
91.39997040856753 92.99554645378093 85.16260748363842 -0.5873125922095294 -0.4046092363115021 0.7009673921970603 0.19731321427902773 0.7683672533799715 0.60883434479684 0.0 0.0 0.0 0.0 0.0 0.0
91.13377640085665 93.42337650232959 85.34912102721113 -0.01548030977084481 -0.6185242931158907 0.7856131737915854 0.19731321427902773 0.7683672533799715 0.60883434479684 0.0 0.0 0.0 0.0 0.0 0.0
90.86405365604642 93.71021391880056 85.71471511846897 0.562233201166761 -0.597451629790843 0.5717913759108678 0.19731321427902773 0.7683672533799715 0.60883434479684 0.0 0.0 0.0 0.0 0.0 0.0
90.72249198713286 93.86086221746189 86.21064907185715 0.9263449189432735 -0.3493971034496871 0.14073647447961096 0.19731321427902773 0.7683672533799715 0.60883434479684 0.0 0.0 0.0 0.0 0.0 0.0
90.7920906716399 93.93186543539805 86.73866390903122 0.9385227143521135 0.03139922410005501 -0.34378656659482393 0.19731321427902773 0.7683672533799715 0.60883434479684 0.0 0.0 0.0 0.0 0.0 0.0
91.07562563841415 94.0100261074558 87.18831258753275 0.594140039315581 0.4002664614471546 -0.6976993432150091 0.19731321427902773 0.7683672533799715 0.60883434479684 0.0 0.0 0.0 0.0 0.0 0.0
91.49459484584504 94.17942753199483 87.47892067879526 0.0240336298513324 0.6170657779921193 -0.786544474436857 0.19731321427902773 0.7683672533799715 0.60883434479684 0.0 0.0 0.0 0.0 0.0 0.0
91.91904251995676 94.48948912004317 87.59023593236125 -0.5552035574143004 0.5994314886882408 -0.5765682094978072 0.19731321427902773 0.7683672533799715 0.60883434479684 0.0 0.0 0.0 0.0 0.0 0.0
92.21693152568638 94.93619113479913 87.57012244443047 -0.9235096307097757 0.3540631548716571 -0.1475440420641411 0.19731321427902773 0.7683672533799715 0.60883434479684 0.0 0.0 0.0 0.0 0.0 0.0
92.30430648203743 95.4636018568487 87.51637628746869 -0.9409589550409756 -0.025819691100938687 0.3375345737545265 0.19731321427902773 0.7683672533799715 0.60883434479684 0.0 0.0 0.0 0.0 0.0 0.0
92.17718981497958 95.98512697949938 87.53957114721479 -0.6009222403573321 -0.39589320474207335 0.6943781617267195 0.19731321427902773 0.7683672533799715 0.60883434479684 0.0 0.0 0.0 0.0 0.0 0.0
91.91309290432424 96.41640823367233 87.72104953077512 -0.03258511967785679 -0.6155602709202863 0.7874158766751699 0.19731321427902773 0.7683672533799715 0.60883434479684 0.0 0.0 0.0 0.0 0.0 0.0
67.83976496338678 28.74409630483283 77.30882828922645 -0.5076426748327478 0.027919591878112965 0.8611152135910808 0.8554352201247497 0.13537154089892076 0.49990512108276397 0.0 0.0 0.0 0.0 0.0 0.0
68.07922147745549 29.148487660252535 77.56923818084012 -0.3510420753225038 -0.5581280033478042 0.7518394730474471 0.8554352201247497 0.13537154089892076 0.49990512108276397 0.0 0.0 0.0 0.0 0.0 0.0
68.23865793940888 29.425653719747583 78.0010299039916 -0.06107472228672753 -0.9321334386992972 0.3569273466074332 0.8554352201247497 0.13537154089892076 0.49990512108276397 0.0 0.0 0.0 0.0 0.0 0.0
68.38417241649529 29.490339932561508 78.51418322703299 0.25209593886067955 -0.952005796248915 -0.17358744631574624 0.8554352201247497 0.13537154089892076 0.49990512108276397 0.0 0.0 0.0 0.0 0.0 0.0
68.5871521707772 29.338016394165585 78.98776728622477 0.46949113801558356 -0.6101952351154575 -0.6381534661562405 0.8554352201247497 0.13537154089892076 0.49990512108276397 0.0 0.0 0.0 0.0 0.0 0.0
68.89715244474232 29.046598832725273 79.3158842427267 0.5085188043651345 -0.03656130224135186 -0.8602743148469972 0.8554352201247497 0.13537154089892076 0.49990512108276397 0.0 0.0 0.0 0.0 0.0 0.0
69.32306959616304 28.746847121288646 79.44790164209068 0.35435167495535336 0.550962880626619 -0.7555625683078494 0.8554352201247497 0.13537154089892076 0.49990512108276397 0.0 0.0 0.0 0.0 0.0 0.0
69.82976122303953 28.572687415826923 79.40768853023509 0.06556041978596547 0.9291670535364075 -0.363799969736061 0.8554352201247497 0.13537154089892076 0.49990512108276397 0.0 0.0 0.0 0.0 0.0 0.0
70.35139734966907 28.61033136945511 79.28454720383118 -0.24813833497187623 0.9543651279630178 0.16617631974958982 0.8554352201247497 0.13537154089892076 0.49990512108276397 0.0 0.0 0.0 0.0 0.0 0.0
70.81647033503411 28.86552288403161 79.19928577474293 -0.46756518762217947 0.6169839341424425 0.6330194470424668 0.8554352201247497 0.13537154089892076 0.49990512108276397 0.0 0.0 0.0 0.0 0.0 0.0
71.17496182116871 29.261355905809307 79.25832114852601 -0.5093562082217571 0.045200228319872464 0.8593679028831513 0.8554352201247497 0.13537154089892076 0.49990512108276397 0.0 0.0 0.0 0.0 0.0 0.0
71.41734554361224 29.66749232105474 79.51324946281134 -0.35763428933622554 -0.5437557999489344 0.7592281245533963 0.8554352201247497 0.13537154089892076 0.49990512108276397 0.0 0.0 0.0 0.0 0.0 0.0
71.5782065185486 29.94967958459252 79.94124385197776 -0.07004112460540803 -0.9261299087049742 0.3706448880884853 0.8554352201247497 0.13537154089892076 0.49990512108276397 0.0 0.0 0.0 0.0 0.0 0.0
71.72310161692731 30.02075550630028 80.45372675504632 0.2441618343881594 -0.956651781077651 -0.15875253821330593 0.8554352201247497 0.13537154089892076 0.49990512108276397 0.0 0.0 0.0 0.0 0.0 0.0
71.92365341313737 29.873762624410297 80.930022012034 0.465603630329487 -0.6237256474540918 -0.6278372210469657 0.8554352201247497 0.13537154089892076 0.49990512108276397 0.0 0.0 0.0 0.0 0.0 0.0
72.23033957153127 29.584591461557597 81.2632017547291 0.5101548226310719 -0.05383571222600651 -0.8583960467263221 0.8554352201247497 0.13537154089892076 0.49990512108276397 0.0 0.0 0.0 0.0 0.0 0.0
72.65331553779596 29.283148446409037 81.40071009156345 0.3608896684813284 0.5365073101618476 -0.7628358626377865 0.8554352201247497 0.13537154089892076 0.49990512108276397 0.0 0.0 0.0 0.0 0.0 0.0
73.15855631534639 29.1040022894931 81.36432996950685 0.07451649552203776 0.9230222354953356 -0.37746158039767086 0.8554352201247497 0.13537154089892076 0.49990512108276397 0.0 0.0 0.0 0.0 0.0 0.0
73.68078313039572 29.135259080201255 81.24190746832177 -0.24016673993544177 0.9588655814553274 0.1513166670566024 0.8554352201247497 0.13537154089892076 0.49990512108276397 0.0 0.0 0.0 0.0 0.0 0.0
74.14826392951993 29.385089310372905 81.15397760615343 -0.4636066155176859 0.6304198616428355 0.622607182816312 0.8554352201247497 0.13537154089892076 0.49990512108276397 0.0 0.0 0.0 0.0 0.0 0.0
