           0   0.000000
       10000  -1.520773
       20000  -1.126797
       30000  -2.287401
       40000  -1.230776
       50000  -0.565393
       60000  -0.000000
       70000  -1.877843
       80000   0.000000
       90000   0.000000
      100000   0.000000
      110000  -1.577599
      120000  -0.626330
      130000  -0.000000
      140000   0.000000
      150000  -1.843490
      160000  -1.843565
      170000  -2.210166
      180000  -1.586939
      190000  -3.920104
      200000  -4.250637
