           0   0.000000
       10000  -2.593641
       20000  -3.127028
       30000  -0.000020
       40000  -0.627198
       50000  -1.739374
       60000  -7.046768
       70000  -3.299131
       80000  -1.395427
       90000  -3.608476
      100000  -3.034886
      110000  -5.741644
      120000  -5.355447
      130000  -6.446563
      140000   0.000000
      150000  -2.688542
      160000  -1.710217
      170000  -4.634751
      180000  -0.338877
      190000  -0.000536
      200000  -2.034041
