#id1 id2 FENE BEXC STCK NEXC HB CRSTCK CXSTCK total, t = 200000
0 1 0.173992 0 -1.27074 0 0 0 0 -1.09675
1 2 0.243998 0 -1.08052 0 0 0 0 -0.836522
2 3 0.00525161 0 0 0 0 0 0 0.00525161
3 4 0.193024 0 0 0 0 0 0 0.193024
4 5 0.00267644 0 -0.931123 0 0 0 0 -0.928446
5 6 0.206751 0 -1.1503 0 0 0 0 -0.943546
6 7 0.0118188 0 -1.14349 0 0 0 0 -1.13168
7 8 0.0331676 0 0 0 0 0 0 0.0331676
8 9 0.00042679 0 -1.43726 0 0 0 0 -1.43684
9 10 0.0169171 0 0 0 0 0 0 0.0169171
10 11 0.0238344 0 0 0 0 0 0 0.0238344
11 12 0.462768 0 0 0 0 0 0 0.462768
12 13 0.00567381 0 -1.38474 0 0 0 0 -1.37907
13 14 0.0905896 0 -1.12125 0 0 0 0 -1.03066
14 15 0.0644865 0 -1.22261 0 0 0 0 -1.15812
15 16 0.000507705 0 -0 0 0 0 0 0.000507705
16 17 0.000691244 0 0 0 0 0 0 0.000691244
17 18 0.01774 0 0 0 0 0 0 0.01774
18 19 0.248614 0 -1.30375 0 0 0 0 -1.05513
20 21 0.0652021 0 0 0 0 0 0 0.0652021
21 22 0.00712155 0 -0 0 0 0 0 0.00712155
22 23 0.000272832 0 -1.26646 0 0 0 0 -1.26618
23 24 0.0373227 0 -1.14702 0 0 0 0 -1.1097
24 25 0.00400364 0 -1.26615 0 0 0 0 -1.26215
25 26 0.124589 0 0 0 0 0 0 0.124589
26 27 0.00024899 0 -0.00839422 0 0 0 0 -0.00814523
27 28 0.00402639 0 -1.20095 0 0 0 0 -1.19692
28 29 0.0183512 0 -1.27116 0 0 0 0 -1.25281
29 30 0.0298614 0 -1.17254 0 0 0 0 -1.14268
30 31 0.000603474 0 -0.91749 0 0 0 0 -0.916886
31 32 0.143447 0 -1.19182 0 0 0 0 -1.04837
32 33 0.0155418 0 0 0 0 0 0 0.0155418
33 34 0.000802121 0 -1.41087 0 0 0 0 -1.41007
34 35 0.00285391 0 0 0 0 0 0 0.00285391
35 36 0.0191084 0 -1.0871 0 0 0 0 -1.068
36 37 0.00294633 0 0 0 0 0 0 0.00294633
37 38 0.0658037 0 0 0 0 0 0 0.0658037
38 39 0.0674469 0 0 0 0 0 0 0.0674469
40 41 0.072456 0 -0.879709 0 0 0 0 -0.807253
41 42 0.0743378 0 -1.15055 0 0 0 0 -1.07621
42 43 0.000521313 0 -1.21399 0 0 0 0 -1.21347
43 44 0.0175794 0 -0.918344 0 0 0 0 -0.900764
44 45 0.044594 0 -1.04366 0 0 0 0 -0.999062
45 46 0.00142959 0 0 0 0 0 0 0.00142959
46 47 0.0606365 0 0 0 0 0 0 0.0606365
47 48 0.0150635 0 0 0 0 0 0 0.0150635
48 49 0.0853915 0 0 0 0 0 0 0.0853915
49 50 0.00257088 0 -1.42114 0 0 0 0 -1.41857
50 51 0.00168779 0 0 0 0 0 0 0.00168779
51 52 0.0375912 0 0 0 0 0 0 0.0375912
52 53 0.0208836 0 0 0 0 0 0 0.0208836
53 54 0.0297207 0 0 0 0 0 0 0.0297207
54 55 0.0679292 0 0 0 0 0 0 0.0679292
55 56 0.00192477 0 0 0 0 0 0 0.00192477
56 57 0.0465781 0 0 0 0 0 0 0.0465781
57 58 0.00865632 0 -1.42986 0 0 0 0 -1.42121
58 59 0.00245179 0 -0 0 0 0 0 0.00245179
60 61 0.0524317 0 -1.23494 0 0 0 0 -1.18251
61 62 0.0268505 0 0 0 0 0 0 0.0268505
62 63 0.00478079 0 0 0 0 0 0 0.00478079
63 64 0.0503521 0 0 0 0 0 0 0.0503521
64 65 0.0977382 0 -0 0 0 0 0 0.0977382
65 66 0.152858 0 0 0 0 0 0 0.152858
66 67 0.270815 0 -1.33633 0 0 0 0 -1.06551
67 68 0.100407 0 0 0 0 0 0 0.100407
68 69 0.0251689 0 -0.812993 0 0 0 0 -0.787825
69 70 0.00838326 0 -0.000234102 0 0 0 0 0.00814916
70 71 0.00853372 0 0 0 0 0 0 0.00853372
71 72 0.0781527 0 -1.06266 0 0 0 0 -0.984506
72 73 0.105717 0 -1.4114 0 0 0 0 -1.30568
73 74 0.00294887 0 -1.28814 0 0 0 0 -1.28519
74 75 0.00985165 0 -1.35719 0 0 0 0 -1.34734
75 76 2.07849e-07 0 -0.879261 0 0 0 0 -0.879261
76 77 0.107171 0 -1.31138 0 0 0 0 -1.20421
77 78 0.0121201 0 -1.28319 0 0 0 0 -1.27107
78 79 0.0173231 0 -1.26331 0 0 0 0 -1.24599
80 81 0.000152098 0 0 0 0 0 0 0.000152098
81 82 0.000741243 0 -1.26335 0 0 0 0 -1.26261
82 83 0.00596908 0 0 0 0 0 0 0.00596908
83 84 0.0104382 0 -0.874037 0 0 0 0 -0.863599
84 85 0.0318798 0 0 0 0 0 0 0.0318798
85 86 0.000218168 0 -0.00208114 0 0 0 0 -0.00186297
86 87 0.000774497 0 0 0 0 0 0 0.000774497
87 88 0.120139 0 0 0 0 0 0 0.120139
88 89 0.0950724 0 -1.12374 0 0 0 0 -1.02867
89 90 0.103848 0 -0.944358 0 0 0 0 -0.840509
90 91 0.0693629 0 -0 0 0 0 0 0.0693629
91 92 0.101102 0 -1.15366 0 0 0 0 -1.05256
92 93 0.042772 0 -1.22194 0 0 0 0 -1.17917
93 94 0.0452 0 -1.3006 0 0 0 0 -1.2554
94 95 0.0179535 0 0 0 0 0 0 0.0179535
95 96 0.00498838 0 0 0 0 0 0 0.00498838
96 97 0.00584142 0 0 0 0 0 0 0.00584142
97 98 0.0630702 0 -1.14868 0 0 0 0 -1.08561
98 99 0.0124267 0 -0 0 0 0 0 0.0124267
100 101 0.0655544 0 -1.24382 0 0 0 0 -1.17827
101 102 0.00581322 0 -1.10016 0 0 0 0 -1.09435
102 103 0.0783898 0 -0 0 0 0 0 0.0783898
103 104 0.00323502 0 0 0 0 0 0 0.00323502
104 105 0.00159615 0 -0 0 0 0 0 0.00159615
105 106 0.00162953 0 0 0 0 0 0 0.00162953
106 107 0.093362 0 -1.20579 0 0 0 0 -1.11242
107 108 0.0636172 0 -1.35678 0 0 0 0 -1.29316
108 109 0.0161142 0 -1.05301 0 0 0 0 -1.0369
109 110 0.0032967 0 -1.19507 0 0 0 0 -1.19178
110 111 0.164978 0 -0.5919 0 0 0 0 -0.426922
111 112 0.0102786 0 -1.07202 0 0 0 0 -1.06174
112 113 0.0379742 0 -1.17763 0 0 0 0 -1.13966
113 114 0.00347441 0 -1.07326 0 0 0 0 -1.06979
114 115 0.111833 0 0 0 0 0 0 0.111833
115 116 0.0172408 0 0 0 0 0 0 0.0172408
116 117 0.053335 0 -0.80167 0 0 0 0 -0.748335
117 118 0.00347777 0 -0.879109 0 0 0 0 -0.875631
118 119 2.36784e-05 0 0 0 0 0 0 2.36784e-05
120 121 0.0529206 0 -1.22018 0 0 0 0 -1.16726
121 122 0.0154761 0 -1.17653 0 0 0 0 -1.16105
122 123 0.0816471 0 -0.98541 0 0 0 0 -0.903763
123 124 0.00116231 0 0 0 0 0 0 0.00116231
124 125 0.00180644 0 -0.832462 0 0 0 0 -0.830655
125 126 0.58769 0 0 0 0 0 0 0.58769
126 127 0.0966033 0 -1.32178 0 0 0 0 -1.22518
127 128 0.00228424 0 0 0 0 0 0 0.00228424
128 129 0.00196109 0 -1.37581 0 0 0 0 -1.37385
129 130 0.0925337 0 -0.8347 0 0 0 0 -0.742166
130 131 0.0185928 0 0 0 0 0 0 0.0185928
131 132 0.307294 0 -0 0 0 0 0 0.307294
132 133 0.172798 0 0 0 0 0 0 0.172798
133 134 0.0857358 0 0 0 0 0 0 0.0857358
134 135 0.0608105 0 -1.4428 0 0 0 0 -1.38199
135 136 0.00113794 0 0 0 0 0 0 0.00113794
136 137 0.0275886 0 -1.39113 0 0 0 0 -1.36354
137 138 0.0292097 0 -0 0 0 0 0 0.0292097
138 139 0.0544976 0 0 0 0 0 0 0.0544976
140 141 0.0159509 0 -1.22 0 0 0 0 -1.20405
141 142 0.0520548 0 0 0 0 0 0 0.0520548
142 143 0.030019 0 -1.23956 0 0 0 0 -1.20954
143 144 0.000555193 0 0 0 0 0 0 0.000555193
144 145 0.112444 0 -0.984894 0 0 0 0 -0.87245
145 146 0.191829 0 0 0 0 0 0 0.191829
146 147 0.000292065 0 0 0 0 0 0 0.000292065
147 148 0.0148926 0 -1.22078 0 0 0 0 -1.20589
148 149 0.114456 0 -1.11896 0 0 0 0 -1.0045
149 150 0.00164698 0 -1.13771 0 0 0 0 -1.13606
150 151 0.00078701 0 0 0 0 0 0 0.00078701
151 152 0.00719139 0 0 0 0 0 0 0.00719139
152 153 0.0210839 0 -1.33559 0 0 0 0 -1.31451
153 154 0.0397972 0 -1.19792 0 0 0 0 -1.15812
154 155 0.00617297 0 -0.859509 0 0 0 0 -0.853336
155 156 0.00374865 0 0 0 0 0 0 0.00374865
156 157 0.000639224 0 0 0 0 0 0 0.000639224
157 158 0.00435182 0 0 0 0 0 0 0.00435182
158 159 0.00349677 0 -1.47652 0 0 0 0 -1.47303
160 161 0.00496535 0 -0 0 0 0 0 0.00496535
161 162 0.064252 0 -1.30589 0 0 0 0 -1.24164
162 163 0.0341819 0 0 0 0 0 0 0.0341819
163 164 0.054613 0 -0.855596 0 0 0 0 -0.800983
164 165 0.00956044 0 0 0 0 0 0 0.00956044
165 166 0.0103542 0 -0 0 0 0 0 0.0103542
166 167 0.0003131 0 -1.07567 0 0 0 0 -1.07536
167 168 0.00169671 0 -1.21744 0 0 0 0 -1.21574
168 169 0.00597826 0 0 0 0 0 0 0.00597826
169 170 0.00114122 0 0 0 0 0 0 0.00114122
170 171 0.181939 0 0 0 0 0 0 0.181939
171 172 0.0799267 0 -0.809341 0 0 0 0 -0.729414
172 173 0.147708 0 -0 0 0 0 0 0.147708
173 174 0.0141909 0 0 0 0 0 0 0.0141909
174 175 0.0636407 0 -1.39165 0 0 0 0 -1.32801
175 176 0.00753885 0 -0.823258 0 0 0 0 -0.81572
176 177 0.00034699 0 -0 0 0 0 0 0.00034699
177 178 0.293948 0 0 0 0 0 0 0.293948
178 179 0.128495 0 0 0 0 0 0 0.128495
180 181 0.00076994 0 0 0 0 0 0 0.00076994
181 182 0.0525675 0 -1.17734 0 0 0 0 -1.12477
182 183 0.000915432 0 0 0 0 0 0 0.000915432
183 184 0.0175867 0 -1.13201 0 0 0 0 -1.11442
184 185 0.00404357 0 0 0 0 0 0 0.00404357
185 186 0.274506 0 -0 0 0 0 0 0.274506
186 187 0.0523883 0 -1.05066 0 0 0 0 -0.998267
187 188 0.0266579 0 0 0 0 0 0 0.0266579
188 189 0.00622953 0 -1.14252 0 0 0 0 -1.13629
189 190 0.0848515 0 -1.30612 0 0 0 0 -1.22127
190 191 0.0411569 0 0 0 0 0 0 0.0411569
191 192 7.93319e-05 0 0 0 0 0 0 7.93319e-05
192 193 0.141443 0 0 0 0 0 0 0.141443
193 194 0.00638236 0 -0.763349 0 0 0 0 -0.756967
194 195 0.0427145 0 0 0 0 0 0 0.0427145
195 196 0.107373 0 -1.30919 0 0 0 0 -1.20181
196 197 0.0207436 0 -0.890091 0 0 0 0 -0.869348
197 198 0.0409996 0 -1.14034 0 0 0 0 -1.09934
198 199 0.14454 0 -1.26595 0 0 0 0 -1.12141
200 201 0.0379692 0 0 0 0 0 0 0.0379692
201 202 0.00299045 0 0 0 0 0 0 0.00299045
202 203 0.0330019 0 -1.28915 0 0 0 0 -1.25615
203 204 0.151185 0 -0.825311 0 0 0 0 -0.674126
204 205 0.138283 0 0 0 0 0 0 0.138283
205 206 0.163929 0 -0.941445 0 0 0 0 -0.777516
206 207 0.000417763 0 -1.08191 0 0 0 0 -1.08149
207 208 0.00101839 0 -1.06278 0 0 0 0 -1.06176
208 209 0.135794 0 -0 0 0 0 0 0.135794
209 210 0.00222388 0 0 0 0 0 0 0.00222388
210 211 0.0205882 0 -1.24446 0 0 0 0 -1.22388
211 212 0.00264928 0 -1.2284 0 0 0 0 -1.22575
212 213 0.264667 0 -1.28792 0 0 0 0 -1.02325
213 214 0.02077 0 -1.12907 0 0 0 0 -1.1083
214 215 0.0412877 0 -0.786134 0 0 0 0 -0.744846
215 216 0.00363113 0 -0.953988 0 0 0 0 -0.950356
216 217 0.024367 0 0 0 0 0 0 0.024367
217 218 1.18466e-05 0 -1.01294 0 0 0 0 -1.01292
218 219 0.0628759 0 0 0 0 0 0 0.0628759
220 221 0.00256361 0 -1.33264 0 0 0 0 -1.33008
221 222 0.145552 0 0 0 0 0 0 0.145552
222 223 0.00250426 0 0 0 0 0 0 0.00250426
223 224 0.0177483 0 0 0 0 0 0 0.0177483
224 225 0.0900519 0 -0 0 0 0 0 0.0900519
225 226 0.0971579 0 0 0 0 0 0 0.0971579
226 227 0.0464741 0 -1.35726 0 0 0 0 -1.31079
227 228 0.331539 0 -0.561339 0 0 0 0 -0.229801
228 229 0.0220662 0 -1.19321 0 0 0 0 -1.17114
229 230 0.0759966 0 0 0 0 0 0 0.0759966
230 231 0.00181387 0 -1.12595 0 0 0 0 -1.12414
231 232 0.00557616 0 -1.14363 0 0 0 0 -1.13805
232 233 0.200393 0 0 0 0 0 0 0.200393
233 234 0.0583465 0 -0.976493 0 0 0 0 -0.918147
234 235 0.216061 0 -1.12523 0 0 0 0 -0.909173
234 236 0 0 0 0.0305452 0 0 0 0.0305452
235 236 0.00931401 0 0 0 0 0 0 0.00931401
236 237 0.130285 0 -1.42575 0 0 0 0 -1.29547
237 238 0.000584064 0 -1.44766 0 0 0 0 -1.44707
238 239 0.146619 0 0 0 0 0 0 0.146619
240 241 0.0358491 0 0 0 0 0 0 0.0358491
241 242 0.0338957 0 0 0 0 0 0 0.0338957
242 243 0.106859 0 -0.985038 0 0 0 0 -0.878179
243 244 0.00506071 0 0 0 0 0 0 0.00506071
244 245 0.000588624 0 0 0 0 0 0 0.000588624
245 246 0.0127786 0 -1.12573 0 0 0 0 -1.11295
246 247 0.000206662 0 -0.486677 0 0 0 0 -0.48647
247 248 0.0122032 0 -1.23368 0 0 0 0 -1.22148
248 249 0.0496292 0 -1.16216 0 0 0 0 -1.11253
249 250 0.0362988 0 -1.17221 0 0 0 0 -1.13592
250 251 0.0171928 0 -0 0 0 0 0 0.0171928
251 252 0.159185 0 -0.943349 0 0 0 0 -0.784164
252 253 0.0162523 0 0 0 0 0 0 0.0162523
253 254 0.0261999 0 -1.06989 0 0 0 0 -1.04369
254 255 8.47288e-05 0 -1.33558 0 0 0 0 -1.3355
255 256 0.00766448 0 -0.00066672 0 0 0 0 0.00699776
256 257 0.0129466 0 0 0 0 0 0 0.0129466
257 258 0.00687861 0 -0.98954 0 0 0 0 -0.982661
258 259 0.273498 0 -1.33226 0 0 0 0 -1.05876
260 261 0.00768812 0 -0.294854 0 0 0 0 -0.287166
261 262 0.0822741 0 -1.43321 0 0 0 0 -1.35094
262 263 0.0718348 0 -1.11381 0 0 0 0 -1.04198
263 264 0.000542982 0 -1.22067 0 0 0 0 -1.22013
264 265 0.0804343 0 -1.16708 0 0 0 0 -1.08664
265 266 0.0161742 0 -1.35188 0 0 0 0 -1.33571
266 267 0.10568 0 -1.19732 0 0 0 0 -1.09164
267 268 0.364695 0 -0.717116 0 0 0 0 -0.352421
268 269 0.051013 0 -0 0 0 0 0 0.051013
269 270 0.0597972 0 -1.05959 0 0 0 0 -0.999789
267 271 0 0 0 0 0 -0.148067 0 -0.148067
270 271 0.0131691 0 -1.20996 0 0 0 0 -1.19679
268 272 0 0 0 0 0 -0.128811 -0 -0.128811
267 272 0 0 0 0 -0.534375 0 -0 -0.534375
266 272 0 0 0 0 0 -0.179106 0 -0.179106
271 272 0.0267643 0 -1.04499 0 0 0 0 -1.01823
267 273 0 0 0 0 0 -0.152535 0 -0.152535
266 273 0 0 0 0 -0.528442 0 -0 -0.528442
265 273 0 0 0 0 0 -0.154994 0 -0.154994
272 273 0.140935 0 -1.12343 0 0 0 0 -0.982497
264 274 0 0 0 0 -0 -0.0967656 0 -0.0967656
266 274 0 0 0 0 0 -0.140707 0 -0.140707
265 274 0 0 0 0 -0.203313 0 -0 -0.203313
273 274 0.000374866 0 -1.14651 0 0 0 0 -1.14614
264 275 0 0 0 0 0 -0.00101574 -0 -0.00101574
263 275 0 0 0 0 0 -0.102604 0 -0.102604
265 275 0 0 0 0 0 -0.183443 0 -0.183443
274 275 0.000215841 0 -1.04714 0 0 0 0 -1.04692
264 276 0 0 0 0 0 -0.102378 0 -0.102378
275 276 0.0770615 0 -1.21606 0 0 0 0 -1.139
264 277 0 0 0 0 0 -0.14539 0 -0.14539
263 277 0 0 0 0 -0.817642 0 -0 -0.817642
262 277 0 0 0 0 -1.59592e-28 -0.172027 0 -0.172027
276 277 0.226786 0 -0 0 0 0 0 0.226786
263 278 0 0 0 0 -0 -0.129191 -0 -0.129191
262 278 0 0 0 0 -0.529012 0 -0 -0.529012
261 278 0 0 0 0 -0 -0.131568 0 -0.131568
277 278 0.00426884 0 -1.34602 0 0 0 0 -1.34175
262 279 0 0 0 0 0 -0.0118103 -0 -0.0118103
278 279 0.0290117 0 -0.922872 0 0 0 0 -0.893861
280 281 0.170322 0 -1.12056 0 0 0 0 -0.950235
281 282 0.0477625 0 -1.42381 0 0 0 0 -1.37604
282 283 0.0234977 0 0 0 0 0 0 0.0234977
283 284 0.0590264 0 0 0 0 0 0 0.0590264
284 285 0.00459533 0 -1.14394 0 0 0 0 -1.13934
285 286 0.00714845 0 -1.17249 0 0 0 0 -1.16534
286 287 0.0311613 0 -1.17776 0 0 0 0 -1.1466
287 288 0.138306 0 -1.39115 0 0 0 0 -1.25285
288 289 0.037782 0 -1.29393 0 0 0 0 -1.25614
289 290 0.0158175 0 -1.1773 0 0 0 0 -1.16148
290 291 0.0100608 0 -1.3181 0 0 0 0 -1.30804
291 292 0.158308 0 -0 0 0 0 0 0.158308
292 293 0.0169718 0 -0.982506 0 0 0 0 -0.965534
293 294 0.198063 0 -1.17021 0 0 0 0 -0.972148
294 295 0.00340555 0 -1.19437 0 0 0 0 -1.19097
295 296 0.00719541 0 -1.22158 0 0 0 0 -1.21439
296 297 0.00576074 0 0 0 0 0 0 0.00576074
297 298 0.00506352 0 -1.23271 0 0 0 0 -1.22765
298 299 0.0556737 0 -1.32673 0 0 0 0 -1.27106
300 301 0.00301653 0 -1.37449 0 0 0 0 -1.37148
301 302 0.00782081 0 -0.720097 0 0 0 0 -0.712276
302 303 0.0889646 0 -1.28542 0 0 0 0 -1.19645
303 304 0.0133997 0 -0.859613 0 0 0 0 -0.846213
304 305 0.00275607 0 -1.02908 0 0 0 0 -1.02632
305 306 8.37612e-07 0 -1.18934 0 0 0 0 -1.18934
306 307 0.000169931 0 -1.10064 0 0 0 0 -1.10047
307 308 0.00320629 0 0 0 0 0 0 0.00320629
308 309 0.0190934 0 -0 0 0 0 0 0.0190934
309 310 0.0226306 0 -1.44259 0 0 0 0 -1.41995
310 311 0.0294055 0 -1.12898 0 0 0 0 -1.09958
307 312 0 0 0 0 -0 -0.00707532 -0 -0.00707532
306 312 0 0 0 0 0 -0.0196627 0 -0.0196627
311 312 0.0874044 0 -1.02364 0 0 0 0 -0.936232
307 313 0 0 0 0 0 -0.162821 0 -0.162821
306 313 0 0 0 0 -0.80505 0 -0 -0.80505
305 313 0 0 0 0 0 -0.171642 0 -0.171642
312 313 0.325585 0 -1.28581 0 0 0 0 -0.960224
306 314 0 0 0 0 0 -0.158255 0 -0.158255
305 314 0 0 0 0 -0.476991 0 -0 -0.476991
304 314 0 0 0 0 -0 -0.00490389 -0 -0.00490389
313 314 0.00869184 0 -1.28647 0 0 0 0 -1.27778
305 315 0 0 0 0 0 -0.138952 0 -0.138952
303 315 0 0 0 0 0 -0.0612687 -0 -0.0612687
314 315 0.000190912 0 -1.30123 0 0 0 0 -1.30104
304 316 0 0 0 0 0 -0.0235247 0 -0.0235247
303 316 0 0 0 0 -0.751 0 -0 -0.751
302 316 0 0 0 0 -2.35072e-28 -0.0884457 0 -0.0884457
315 316 0.023911 0 -1.08478 0 0 0 0 -1.06087
303 317 0 0 0 0 -0 -0.0340276 -0 -0.0340276
302 317 0 0 0 0 -0.600908 0 -0 -0.600908
301 317 0 0 0 0 -0 -0.0949813 -0 -0.0949813
316 317 0.000833139 0 -1.11837 0 0 0 0 -1.11754
302 318 0 0 0 0 -0 -0.114639 0 -0.114639
301 318 0 0 0 0 -0.655851 0 -0 -0.655851
300 318 0 0 0 0 0 -0.0943727 0 -0.0943727
317 318 0.00464463 0 -1.13558 0 0 0 0 -1.13093
301 319 0 0 0 0 0 -0.110088 0 -0.110088
300 319 0 0 0 0 0 -0.0176098 0 -0.0176098
318 319 0.000348839 0 -1.09486 0 0 0 0 -1.09451
320 321 0.0443776 0 -0.981098 0 0 0 0 -0.93672
321 322 0.00986448 0 0 0 0 0 0 0.00986448
322 323 0.0222938 0 -1.03827 0 0 0 0 -1.01598
323 324 0.000393939 0 0 0 0 0 0 0.000393939
324 325 0.0300426 0 -1.17365 0 0 0 0 -1.1436
325 326 0.00989532 0 -1.13271 0 0 0 0 -1.12281
326 327 0.0547269 0 -1.08286 0 0 0 0 -1.02814
327 328 0.0172044 0 -1.18139 0 0 0 0 -1.16419
328 329 0.0176273 0 0 0 0 0 0 0.0176273
329 330 0.0605172 0 -0 0 0 0 0 0.0605172
330 331 0.0377907 0 0 0 0 0 0 0.0377907
331 332 0.0050475 0 -1.16267 0 0 0 0 -1.15762
332 333 7.33546e-05 0 -0.522994 0 0 0 0 -0.52292
332 334 0 0 0 0.00642244 0 0 0 0.00642244
333 334 0.0125299 0 0 0 0 0 0 0.0125299
334 335 0.133287 0 0 0 0 0 0 0.133287
335 336 0.00209214 0 0 0 0 0 0 0.00209214
336 337 0.119549 0 -1.31484 0 0 0 0 -1.19529
337 338 0.1024 0 -1.19116 0 0 0 0 -1.08876
338 339 0.0697622 0 0 0 0 0 0 0.0697622
340 341 0.0113129 0 0 0 0 0 0 0.0113129
341 342 0.0400928 0 0 0 0 0 0 0.0400928
342 343 0.232733 0 0 0 0 0 0 0.232733
343 344 0.00196 0 -0 0 0 0 0 0.00196
344 345 0.0116507 0 0 0 0 0 0 0.0116507
345 346 0.0269193 0 -0.903436 0 0 0 0 -0.876517
346 347 0.00546071 0 -0.769037 0 0 0 0 -0.763576
347 348 0.00200999 0 -0.418155 0 0 0 0 -0.416145
348 349 0.00221989 0 0 0 0 0 0 0.00221989
349 350 0.0776029 0 0 0 0 0 0 0.0776029
350 351 0.0184335 0 -1.2244 0 0 0 0 -1.20597
351 352 0.0130337 0 -1.36619 0 0 0 0 -1.35315
352 353 0.106115 0 0 0 0 0 0 0.106115
353 354 0.0499863 0 -1.27565 0 0 0 0 -1.22567
354 355 0.0505925 0 0 0 0 0 0 0.0505925
355 356 0.076586 0 0 0 0 0 0 0.076586
356 357 0.0217551 0 -0.48487 0 0 0 0 -0.463115
357 358 0.160713 0 -1.12761 0 0 0 0 -0.966901
358 359 0.00013714 0 -0.790392 0 0 0 0 -0.790254
360 361 0.0732642 0 0 0 0 0 0 0.0732642
361 362 0.0187688 0 -1.18572 0 0 0 0 -1.16695
362 363 0.00514378 0 -1.31484 0 0 0 0 -1.3097
363 364 0.000951442 0 0 0 0 0 0 0.000951442
364 365 6.58036e-05 0 -0.925579 0 0 0 0 -0.925514
365 366 0.0098109 0 -1.22453 0 0 0 0 -1.21472
366 367 0.000351723 0 -1.27161 0 0 0 0 -1.27126
367 368 0.0092435 0 -1.34018 0 0 0 0 -1.33094
368 369 0.0645015 0 0 0 0 0 0 0.0645015
369 370 0.00087555 0 0 0 0 0 0 0.00087555
370 371 0.0307886 0 0 0 0 0 0 0.0307886
371 372 0.197011 0 -1.15765 0 0 0 0 -0.960636
372 373 0.0554262 0 -1.3281 0 0 0 0 -1.27267
373 374 0.0231492 0 -1.31091 0 0 0 0 -1.28776
374 375 0.0267157 0 -1.32306 0 0 0 0 -1.29634
375 376 0.0103066 0 -1.21406 0 0 0 0 -1.20375
376 377 0.00470128 0 -0 0 0 0 0 0.00470128
377 378 0.0056417 0 -0 0 0 0 0 0.0056417
378 379 0.0690518 0 -0 0 0 0 0 0.0690518
380 381 0.00743618 0 -1.35413 0 0 0 0 -1.34669
381 382 0.00934596 0 0 0 0 0 0 0.00934596
382 383 0.00468148 0 0 0 0 0 0 0.00468148
383 384 0.0196318 0 0 0 0 0 0 0.0196318
384 385 0.161625 0 -1.25553 0 0 0 0 -1.09391
385 386 5.10317e-05 0 0 0 0 0 0 5.10317e-05
386 387 0.0277708 0 0 0 0 0 0 0.0277708
387 388 0.139676 0 -0.905277 0 0 0 0 -0.765602
388 389 0.00245608 0 -1.27498 0 0 0 0 -1.27253
389 390 0.00156788 0 0 0 0 0 0 0.00156788
390 391 1.30579e-05 0 -1.18258 0 0 0 0 -1.18257
391 392 0.0762086 0 -1.08118 0 0 0 0 -1.00497
392 393 0.0322174 0 0 0 0 0 0 0.0322174
393 394 0.0239622 0 -1.33193 0 0 0 0 -1.30797
394 395 0.0489188 0 -0.984463 0 0 0 0 -0.935544
395 396 0.0117458 0 -1.41593 0 0 0 0 -1.40419
396 397 0.0477311 0 -0 0 0 0 0 0.0477311
397 398 0.0332084 0 0 0 0 0 0 0.0332084
398 399 0.0248501 0 0 0 0 0 0 0.0248501
400 401 0.018724 0 0 0 0 0 0 0.018724
401 402 0.0851136 0 -0.715486 0 0 0 0 -0.630372
402 403 0.667505 0 -0 0 0 0 0 0.667505
403 404 0.000289519 0 -0.950336 0 0 0 0 -0.950047
404 405 7.88794e-05 0 -1.1976 0 0 0 0 -1.19753
405 406 0.150803 0 0 0 0 0 0 0.150803
406 407 0.00719485 0 0 0 0 0 0 0.00719485
407 408 0.223044 0 -1.18809 0 0 0 0 -0.965044
408 409 0.0258377 0 -1.30788 0 0 0 0 -1.28204
409 410 0.00191538 0 -1.16953 0 0 0 0 -1.16762
410 411 0.0138141 0 0 0 0 0 0 0.0138141
411 412 0.0717168 0 0 0 0 0 0 0.0717168
412 413 0.010452 0 0 0 0 0 0 0.010452
413 414 0.001938 0 0 0 0 0 0 0.001938
414 415 0.0212697 0 -1.30337 0 0 0 0 -1.2821
415 416 0.0233796 0 -1.12065 0 0 0 0 -1.09727
416 417 0.0436461 0 -0.872991 0 0 0 0 -0.829345
417 418 0.0133058 0 -1.2237 0 0 0 0 -1.21039
418 419 0.0775159 0 -0 0 0 0 0 0.0775159
420 421 0.0196336 0 -1.41005 0 0 0 0 -1.39041
421 422 0.00154535 0 -1.0212 0 0 0 0 -1.01965
422 423 0.024689 0 -1.36898 0 0 0 0 -1.3443
423 424 0.0147163 0 -1.03554 0 0 0 0 -1.02082
424 425 0.000501758 0 0 0 0 0 0 0.000501758
425 426 0.00150184 0 -1.2298 0 0 0 0 -1.22829
426 427 0.000757118 0 0 0 0 0 0 0.000757118
427 428 0.0705508 0.151252 0 0 0 0 0 0.221803
428 429 0.0366996 0 0 0 0 0 0 0.0366996
429 430 0.0172541 0 -1.21663 0 0 0 0 -1.19938
430 431 0.0230922 0 0 0 0 0 0 0.0230922
431 432 0.00305698 0 -1.28034 0 0 0 0 -1.27729
432 433 0.161673 0 -1.36096 0 0 0 0 -1.19929
433 434 0.00886339 0 -0 0 0 0 0 0.00886339
434 435 0.0257094 0 -1.26807 0 0 0 0 -1.24236
435 436 0.0243405 0 -0.857055 0 0 0 0 -0.832714
436 437 0.0194026 0 -0.65605 0 0 0 0 -0.636648
437 438 0.0435807 0 0 0 0 0 0 0.0435807
438 439 0.0124934 0 -0 0 0 0 0 0.0124934
440 441 0.0312312 0 -0.841751 0 0 0 0 -0.81052
441 442 0.0302809 0 -1.31998 0 0 0 0 -1.2897
442 443 0.00344692 0 -1.09842 0 0 0 0 -1.09497
443 444 0.167414 0 -1.17529 0 0 0 0 -1.00787
444 445 0.00158265 0 -1.13325 0 0 0 0 -1.13166
445 446 0.00742669 0 -1.09155 0 0 0 0 -1.08412
446 447 0.0268631 0 -0.85469 0 0 0 0 -0.827827
447 448 0.00281263 0 -0.968406 0 0 0 0 -0.965593
448 449 0.0208883 0 -0 0 0 0 0 0.0208883
449 450 0.00148177 0 -1.17957 0 0 0 0 -1.17809
450 451 0.0156633 0 -1.13947 0 0 0 0 -1.12381
448 452 0 0 0 0 -0 -6.49459e-05 -0 -6.49459e-05
446 452 0 0 0 0 -0 -0.0850231 -0 -0.0850231
451 452 0.00642863 0 -1.00283 0 0 0 0 -0.996403
447 453 0 0 0 0 -0 -0.0626823 0 -0.0626823
446 453 0 0 0 0 -0.732116 0 -0 -0.732116
445 453 0 0 0 0 0 -0.18196 0 -0.18196
452 453 0.0870929 0 -1.14705 0 0 0 0 -1.05996
446 454 0 0 0 0 0 -0.0403166 0 -0.0403166
444 454 0 0 0 0 -8.50565e-30 -0.149497 0 -0.149497
453 454 0.0132412 0 -0.875204 0 0 0 0 -0.861963
445 455 0 0 0 0 0 -0.0866205 0 -0.0866205
444 455 0 0 0 0 -0.333591 0 -0 -0.333591
443 455 0 0 0 0 0 -0.0807054 0 -0.0807054
454 455 0.0252697 0 -1.31289 0 0 0 0 -1.28762
444 456 0 0 0 0 0 -0.0862559 -0 -0.0862559
443 456 0 0 0 0 -0.709799 0 -0 -0.709799
442 456 0 0 0 0 0 -0.0962943 -0 -0.0962943
455 456 0.00013898 0 -0.836933 0 0 0 0 -0.836794
443 457 0 0 0 0 0 -0.0958011 0 -0.0958011
442 457 0 0 0 0 -0.886951 0 -0 -0.886951
441 457 0 0 0 0 0 -0.129055 0 -0.129055
456 457 0.4904 0 -1.415 0 0 0 0 -0.924605
442 458 0 0 0 0 0 -0.108371 -0 -0.108371
441 458 0 0 0 0 -0.415824 0 -0 -0.415824
440 458 0 0 0 0 0 -0.0934196 0 -0.0934196
457 458 0.347396 0 -1.25595 0 0 0 0 -0.908551
441 459 0 0 0 0 0 -0.0858773 0 -0.0858773
440 459 0 0 0 0 -0.662292 -9.0042e-28 -0 -0.662292
458 459 0.480297 0 -0.713425 0 0 0 0 -0.233127
460 461 0.014822 0 -1.06831 0 0 0 0 -1.05349
461 462 0.00060727 0 -1.09 0 0 0 0 -1.0894
462 463 0.0571502 0 0 0 0 0 0 0.0571502
463 464 0.279049 0 0 0 0 0 0 0.279049
464 465 0.0537554 0 -1.24898 0 0 0 0 -1.19522
465 466 0.0508988 0 -0.90659 0 0 0 0 -0.855691
466 467 0.00868864 0 -0.980264 0 0 0 0 -0.971575
467 468 0.0436272 0 -1.35877 0 0 0 0 -1.31514
468 469 0.021263 0 -0 0 0 0 0 0.021263
469 470 0.0276255 0 0 0 0 0 0 0.0276255
470 471 0.0132906 0 0 0 0 0 0 0.0132906
471 472 6.09318e-05 0 -0 0 0 0 0 6.09318e-05
472 473 0.226383 0 -1.1 0 0 0 0 -0.873621
473 474 0.030965 0 0 0 0 0 0 0.030965
474 475 0.0186224 0 0 0 0 0 0 0.0186224
475 476 0.000170346 0 0 0 0 0 0 0.000170346
476 477 0.0067848 0 0 0 0 0 0 0.0067848
477 478 0.00294407 0 -1.29764 0 0 0 0 -1.29469
478 479 0.0954955 0 -1.32354 0 0 0 0 -1.22805
480 481 0.00712409 0 0 0 0 0 0 0.00712409
481 482 0.0930591 0 0 0 0 0 0 0.0930591
482 483 0.00165385 0 -0 0 0 0 0 0.00165385
483 484 0.0115683 0 -0.58881 0 0 0 0 -0.577241
484 485 0.213468 0 0 0 0 0 0 0.213468
485 486 3.84583e-05 0 -1.07515 0 0 0 0 -1.07511
486 487 0.00192976 0 -1.04774 0 0 0 0 -1.04581
487 488 0.0342065 0 -1.43514 0 0 0 0 -1.40093
488 489 0.0533734 0 -1.3078 0 0 0 0 -1.25442
489 490 0.0425438 0 -0.987091 0 0 0 0 -0.944547
490 491 0.030733 0 0 0 0 0 0 0.030733
491 492 0.0112765 0 0 0 0 0 0 0.0112765
492 493 0.170498 0 -0.660241 0 0 0 0 -0.489743
493 494 0.0128154 0 -1.01323 0 0 0 0 -1.00041
494 495 0.0113876 0 -1.02913 0 0 0 0 -1.01774
495 496 0.0942349 0 -0 0 0 0 0 0.0942349
496 497 0.00252069 0 -1.07845 0 0 0 0 -1.07593
497 498 0.0163913 0 0 0 0 0 0 0.0163913
498 499 0.0128669 0 0 0 0 0 0 0.0128669
500 501 0.00421837 0 -1.26125 0 0 0 0 -1.25703
501 502 0.00129815 0 -1.34801 0 0 0 0 -1.34672
502 503 0.00216177 0 0 0 0 0 0 0.00216177
503 504 0.129049 0 -1.43662 0 0 0 0 -1.30757
504 505 0.000527143 0 0 0 0 0 0 0.000527143
505 506 0.0301423 0 -0.963709 0 0 0 0 -0.933567
506 507 0.000181383 0 -1.1909 0 0 0 0 -1.19072
507 508 4.12006e-05 0 -1.19573 0 0 0 0 -1.19569
508 509 0.0728722 0 -1.2298 0 0 0 0 -1.15693
509 510 0.000235403 0 0 0 0 0 0 0.000235403
510 511 0.00902128 0 0 0 0 0 0 0.00902128
511 512 0.00043696 0 -0.723132 0 0 0 0 -0.722695
512 513 0.00434904 0 -0 0 0 0 0 0.00434904
513 514 0.0338816 0 0 0 0 0 0 0.0338816
514 515 0.061596 0 -0.360515 0 0 0 0 -0.298919
515 516 0.00414264 0 -0.805015 0 0 0 0 -0.800873
516 517 0.00226892 0 -1.37397 0 0 0 0 -1.37171
517 518 0.0369317 0 -1.42319 0 0 0 0 -1.38626
518 519 0.0386449 0 -1.28027 0 0 0 0 -1.24162
520 521 0.0369287 0 -0 0 0 0 0 0.0369287
521 522 0.0599907 0 -1.12112 0 0 0 0 -1.06113
522 523 0.0696767 0 0 0 0 0 0 0.0696767
523 524 0.028659 0 -0.475882 0 0 0 0 -0.447223
524 525 0.0272847 0 -0.851565 0 0 0 0 -0.82428
525 526 0.00250635 0 0 0 0 0 0 0.00250635
526 527 0.000221155 0 -0.749506 0 0 0 0 -0.749285
527 528 0.00252227 0 -0.72745 0 0 0 0 -0.724928
528 529 0.118998 0 -1.27716 0 0 0 0 -1.15817
529 530 0.00489917 0 -1.04118 0 0 0 0 -1.03628
530 531 0.215118 0 0 0 0 0 0 0.215118
529 532 0 0 0 0 0 -0.0178892 0 -0.0178892
528 532 0 0 0 0 -0.0884598 -0.000936384 -0 -0.0893962
527 532 0 0 0 0 -0 -0.0149041 0 -0.0149041
531 532 0.104514 0 -0 0 0 0 0 0.104514
532 533 0.00890352 0 0 0 0 0 0 0.00890352
533 534 0.00751396 0 0 0 0 0 0 0.00751396
534 535 0.0184062 0 0 0 0 0 0 0.0184062
535 536 0.000217868 0 0 0 0 0 0 0.000217868
536 537 0.0854235 0 0 0 0 0 0 0.0854235
537 538 0.0457875 0 -0.668355 0 0 0 0 -0.622567
538 539 0.192184 0 0 0 0 0 0 0.192184
540 541 0.146263 0 0 0 0 0 0 0.146263
541 542 0.198821 0 -1.12028 0 0 0 0 -0.921463
542 543 0.0153057 0 0 0 0 0 0 0.0153057
543 544 0.0316049 0 -1.10204 0 0 0 0 -1.07043
544 545 0.0636905 0 -1.00099 0 0 0 0 -0.937298
545 546 0.248824 0 -1.34337 0 0 0 0 -1.09455
546 547 0.0385118 0 0 0 0 0 0 0.0385118
547 548 0.0210888 0 -1.16394 0 0 0 0 -1.14285
548 549 0.104023 0 0 0 0 0 0 0.104023
549 550 0.170884 0 -1.38747 0 0 0 0 -1.21658
550 551 9.05579e-07 0 0 0 0 0 0 9.05579e-07
551 552 0.0106988 0 -0.92111 0 0 0 0 -0.910411
552 553 0.116099 0 -1.20484 0 0 0 0 -1.08874
553 554 0.1031 0 0 0 0 0 0 0.1031
554 555 0.0119848 0 -0.88642 0 0 0 0 -0.874435
555 556 0.0859891 0 0 0 0 0 0 0.0859891
556 557 0.0702655 0 -1.07753 0 0 0 0 -1.00726
557 558 0.0198464 0 -1.10266 0 0 0 0 -1.08281
558 559 0.0112319 0 -0 0 0 0 0 0.0112319
560 561 0.0638217 0 -0.993884 0 0 0 0 -0.930062
561 562 3.34931e-05 0 0 0 0 0 0 3.34931e-05
562 563 0.000466657 0 0 0 0 0 0 0.000466657
563 564 0.0536445 0 -1.08522 0 0 0 0 -1.03157
564 565 0.00451472 0 0 0 0 0 0 0.00451472
565 566 0.000308578 0 0 0 0 0 0 0.000308578
566 567 0.000163762 0 -1.19724 0 0 0 0 -1.19708
567 568 0.162649 0 0 0 0 0 0 0.162649
568 569 0.0623872 0 -1.42285 0 0 0 0 -1.36046
569 570 0.0912818 0 0 0 0 0 0 0.0912818
570 571 0.00218935 0 -1.14288 0 0 0 0 -1.14069
571 572 0.0171058 0 0 0 0 0 0 0.0171058
572 573 0.0128509 0 -1.10598 0 0 0 0 -1.09312
573 574 0.0646321 0 0 0 0 0 0 0.0646321
574 575 0.102183 0 0 0 0 0 0 0.102183
575 576 0.00501323 0 -0.945788 0 0 0 0 -0.940775
576 577 0.0801478 0 -1.12989 0 0 0 0 -1.04975
577 578 0.236978 0 -1.43271 0 0 0 0 -1.19573
578 579 0.0105822 0 0 0 0 0 0 0.0105822
580 581 0.00111478 0 -1.3128 0 0 0 0 -1.31169
581 582 0.0024209 0 -0 0 0 0 0 0.0024209
582 583 0.00722724 0 0 0 0 0 0 0.00722724
583 584 0.297989 0 -0 0 0 0 0 0.297989
584 585 7.41596e-06 0 -0 0 0 0 0 7.41596e-06
585 586 0.00207085 0 -1.29757 0 0 0 0 -1.2955
586 587 0.00247452 0 0 0 0 0 0 0.00247452
587 588 0.201897 0 0 0 0 0 0 0.201897
588 589 0.0639594 0 0 0 0 0 0 0.0639594
589 590 0.0161385 0 -1.19069 0 0 0 0 -1.17455
590 591 0.0811565 0 -1.37932 0 0 0 0 -1.29816
591 592 0.006297 0 0 0 0 0 0 0.006297
592 593 0.00593076 0 0 0 0 0 0 0.00593076
593 594 0.00171894 0 -1.13092 0 0 0 0 -1.1292
594 595 0.124938 0 0 0 0 0 0 0.124938
595 596 0.0744226 0 0 0 0 0 0 0.0744226
596 597 0.074563 0 -1.16014 0 0 0 0 -1.08558
597 598 0.0265704 0 -1.01367 0 0 0 0 -0.987098
598 599 0.0100858 0 -1.36148 0 0 0 0 -1.35139
#Total energy per particle is  -0.57756 and should be -0.5775610
