#id1 id2 FENE BEXC STCK NEXC HB CRSTCK CXSTCK total, t = 200000
0 1 0.0466363 0 0 0 0 0 0 0.0466363
1 2 0.0404749 0 0 0 0 0 0 0.0404749
2 3 0.00171565 0 -1.32174 0 0 0 0 -1.32003
3 4 0.000510775 0 0 0 0 0 0 0.000510775
4 5 0.0171536 0 0 0 0 0 0 0.0171536
5 6 0.040926 0 0 0 0 0 0 0.040926
6 7 0.00476969 0 -1.23023 0 0 0 0 -1.22546
7 8 0.0177009 0 -1.16482 0 0 0 0 -1.14712
8 9 0.000449925 0 -0.790758 0 0 0 0 -0.790308
9 10 0.0275174 0 -1.21903 0 0 0 0 -1.19151
10 11 0.0343505 0 -1.24508 0 0 0 0 -1.21073
11 12 0.00520631 0 -1.12463 0 0 0 0 -1.11943
12 13 0.000377281 0 -1.01031 0 0 0 0 -1.00993
13 14 0.0805857 0 -0.981382 0 0 0 0 -0.900796
14 15 0.157479 0 -1.16454 0 0 0 0 -1.00706
15 16 0.0215818 0 -1.30771 0 0 0 0 -1.28613
16 17 0.00930521 0 -0.803332 0 0 0 0 -0.794027
17 18 0.0954431 0 0 0 0 0 0 0.0954431
18 19 0.014994 0 -1.23138 0 0 0 0 -1.21638
20 21 0.193478 0 0 0 0 0 0 0.193478
21 22 0.0473194 0 -1.17866 0 0 0 0 -1.13134
22 23 0.0266453 0 0 0 0 0 0 0.0266453
23 24 0.405265 0 0 0 0 0 0 0.405265
24 25 0.172578 0 -0 0 0 0 0 0.172578
25 26 0.00372878 0.00141787 0 0 0 0 0 0.00514665
26 27 0.0105617 0 0 0 0 0 0 0.0105617
27 28 0.0335294 0 0 0 0 0 0 0.0335294
28 29 0.0442798 0 0 0 0 0 0 0.0442798
29 30 0.00028708 0 -0 0 0 0 0 0.00028708
30 31 8.21233e-05 0 -1.37351 0 0 0 0 -1.37342
31 32 0.0359324 0 -1.43023 0 0 0 0 -1.39429
32 33 0.00988046 0 -1.39764 0 0 0 0 -1.38776
33 34 0.0226809 0 -1.21481 0 0 0 0 -1.19213
34 35 0.00457711 0 -1.04929 0 0 0 0 -1.04471
35 36 0.0111031 0 0 0 0 0 0 0.0111031
36 37 0.0827575 0 0 0 0 0 0 0.0827575
37 38 0.00870781 0 0 0 0 0 0 0.00870781
38 39 0.00131735 0 -1.22787 0 0 0 0 -1.22656
40 41 0.0177939 0 -0 0 0 0 0 0.0177939
41 42 0.030279 0 0 0 0 0 0 0.030279
42 43 0.00408406 0 -1.23863 0 0 0 0 -1.23455
43 44 0.0903159 0 -1.06068 0 0 0 0 -0.970369
44 45 0.0041233 0 -1.26526 0 0 0 0 -1.26113
45 46 0.164897 0 -0.86748 0 0 0 0 -0.702583
46 47 0.00621208 0 -1.03113 0 0 0 0 -1.02492
47 48 0.336399 0 -1.28666 0 0 0 0 -0.950266
48 49 1.92561e-05 0 -1.19903 0 0 0 0 -1.19901
49 50 0.093797 0 -0 0 0 0 0 0.093797
50 51 0.0352488 0 -0.736132 0 0 0 0 -0.700883
51 52 0.00465045 0 0 0 0 0 0 0.00465045
52 53 0.00014581 0 -0 0 0 0 0 0.00014581
53 54 0.101649 0 0 0 0 0 0 0.101649
54 55 0.0124253 0 -0.881174 0 0 0 0 -0.868748
55 56 0.0247419 0 -1.15739 0 0 0 0 -1.13265
56 57 0.0378123 0 0 0 0 0 0 0.0378123
57 58 0.00230266 0 -1.36198 0 0 0 0 -1.35968
58 59 0.0123196 0 -1.39347 0 0 0 0 -1.38115
60 61 0.0150464 0 -1.39891 0 0 0 0 -1.38386
61 62 0.0671757 0 -1.19568 0 0 0 0 -1.12851
62 63 0.00205899 0 -0.623009 0 0 0 0 -0.62095
63 64 0.226141 0 -1.11908 0 0 0 0 -0.892937
64 65 0.0436715 0 -1.0887 0 0 0 0 -1.04503
65 66 0.00100335 0 -0.000191035 0 0 0 0 0.000812314
66 67 0.0164034 0 0 0 0 0 0 0.0164034
67 68 0.0171534 0 -1.19622 0 0 0 0 -1.17907
68 69 0.0204316 0 -0.973425 0 0 0 0 -0.952993
69 70 0.0146709 0 0 0 0 0 0 0.0146709
70 71 0.210363 0 0 0 0 0 0 0.210363
71 72 0.0372255 0 -1.01287 0 0 0 0 -0.975646
72 73 1.95292e-05 0 -0 0 0 0 0 1.95292e-05
73 74 0.130531 0 -1.13841 0 0 0 0 -1.00788
74 75 0.0524812 0 0 0 0 0 0 0.0524812
75 76 0.0894015 0 -0 0 0 0 0 0.0894015
76 77 0.0322841 0 0 0 0 0 0 0.0322841
77 78 0.0245165 0 0 0 0 0 0 0.0245165
78 79 0.0659871 0 0 0 0 0 0 0.0659871
80 81 0.214087 0 0 0 0 0 0 0.214087
81 82 0.0682917 0 -1.06686 0 0 0 0 -0.998566
82 83 0.369946 0 -1.40304 0 0 0 0 -1.03309
83 84 0.0978253 0 -1.4248 0 0 0 0 -1.32697
84 85 0.0288931 0 0 0 0 0 0 0.0288931
85 86 0.057924 0 -0.88387 0 0 0 0 -0.825946
86 87 0.233763 0 -1.14835 0 0 0 0 -0.914583
87 88 0.0128258 0 -0.883159 0 0 0 0 -0.870333
88 89 0.0101828 0 -1.31424 0 0 0 0 -1.30406
89 90 0.132928 0 0 0 0 0 0 0.132928
90 91 0.00194634 0 0 0 0 0 0 0.00194634
91 92 0.00138228 0.0109168 -1.07436 0 0 0 0 -1.06206
92 93 0.0151673 0 0 0 0 0 0 0.0151673
93 94 0.00334546 0 -1.22243 0 0 0 0 -1.21908
94 95 0.278456 0 -0 0 0 0 0 0.278456
95 96 0.117677 0 0 0 0 0 0 0.117677
96 97 0.0571171 0 0 0 0 0 0 0.0571171
97 98 0.245404 0 0 0 0 0 0 0.245404
98 99 0.0475124 0 0 0 0 0 0 0.0475124
100 101 0.00393278 0 -0 0 0 0 0 0.00393278
101 102 0.00236519 0 0 0 0 0 0 0.00236519
102 103 0.00842655 0 -1.39319 0 0 0 0 -1.38476
103 104 0.0768202 0 0 0 0 0 0 0.0768202
104 105 0.01204 0 -1.36465 0 0 0 0 -1.35261
105 106 0.011053 0 -1.23364 0 0 0 0 -1.22259
106 107 0.0150647 0 -1.19908 0 0 0 0 -1.18401
107 108 0.00484925 0 -1.29775 0 0 0 0 -1.2929
108 109 0.0744382 0 -1.38829 0 0 0 0 -1.31385
109 110 6.99118e-06 0 0 0 0 0 0 6.99118e-06
110 111 0.0650321 0 -1.21128 0 0 0 0 -1.14625
111 112 0.136437 0 -0.0419299 0 0 0 0 0.094507
112 113 0.265456 0 -0.00246546 0 0 0 0 0.262991
113 114 0.000221041 0 0 0 0 0 0 0.000221041
114 115 0.0867295 0 0 0 0 0 0 0.0867295
115 116 0.0962316 0 -1.20224 0 0 0 0 -1.10601
116 117 0.000842606 0 -1.28574 0 0 0 0 -1.2849
117 118 0.0174802 0 -1.17568 0 0 0 0 -1.1582
118 119 0.00929207 0 -1.22106 0 0 0 0 -1.21177
120 121 0.00211647 0 -0.315585 0 0 0 0 -0.313469
121 122 0.00104104 0 0 0 0 0 0 0.00104104
122 123 0.067375 0 0 0 0 0 0 0.067375
123 124 0.0135951 0 -1.13178 0 0 0 0 -1.11819
124 125 0.0235199 0 -1.14023 0 0 0 0 -1.11671
125 126 0.0196426 0 -0.876504 0 0 0 0 -0.856861
126 127 0.165718 0 -0 0 0 0 0 0.165718
127 128 0.0464661 0 -1.20593 0 0 0 0 -1.15946
128 129 0.224207 0 0 0 0 0 0 0.224207
129 130 0.0448365 0 -1.01856 0 0 0 0 -0.973721
130 131 0.0170618 0 0 0 0 0 0 0.0170618
131 132 0.0655862 0 0 0 0 0 0 0.0655862
132 133 0.00220644 0 -0.902209 0 0 0 0 -0.900002
133 134 0.0378133 0 0 0 0 0 0 0.0378133
134 135 0.0639815 0 -1.32417 0 0 0 0 -1.26019
135 136 0.0692057 0 -1.09191 0 0 0 0 -1.02271
136 137 0.096541 0 -0.573063 0 0 0 0 -0.476522
137 138 0.00485761 0 0 0 0 0 0 0.00485761
138 139 0.00971649 0 0 0 0 0 0 0.00971649
140 141 0.340586 0 -0 0 0 0 0 0.340586
141 142 0.0365271 0 0 0 0 0 0 0.0365271
142 143 0.0113907 0 -1.01822 0 0 0 0 -1.00683
143 144 0.00377464 0 -1.30349 0 0 0 0 -1.29971
144 145 0.0329427 0 -0 0 0 0 0 0.0329427
145 146 0.0447956 0 -1.23219 0 0 0 0 -1.18739
146 147 0.015153 0 0 0 0 0 0 0.015153
147 148 0.0608423 0 -1.15679 0 0 0 0 -1.09595
148 149 0.167824 0 0 0 0 0 0 0.167824
149 150 0.00851342 0 -1.32331 0 0 0 0 -1.3148
150 151 0.000492711 0 0 0 0 0 0 0.000492711
151 152 0.00118273 0 -0.969215 0 0 0 0 -0.968033
152 153 0.0556009 0 0 0 0 0 0 0.0556009
153 154 0.0608438 0 -0 0 0 0 0 0.0608438
154 155 0.0140622 0 0 0 0 0 0 0.0140622
155 156 0.00225492 0 -0.745997 0 0 0 0 -0.743742
156 157 0.113655 0 0 0 0 0 0 0.113655
157 158 9.67337e-05 0 0 0 0 0 0 9.67337e-05
158 159 0.00731043 0 -1.03064 0 0 0 0 -1.02333
160 161 0.0107929 0 -1.18224 0 0 0 0 -1.17145
161 162 0.0015612 0 -1.30729 0 0 0 0 -1.30573
162 163 0.00818778 0 -1.18152 0 0 0 0 -1.17333
163 164 0.0112989 0 0 0 0 0 0 0.0112989
164 165 0.0065734 0 0 0 0 0 0 0.0065734
165 166 0.106993 0 -0 0 0 0 0 0.106993
166 167 0.0609744 0 0 0 0 0 0 0.0609744
167 168 0.115175 0 -1.22217 0 0 0 0 -1.107
168 169 0.0630073 0 -1.07715 0 0 0 0 -1.01415
169 170 0.0114099 0 -1.2372 0 0 0 0 -1.22579
170 171 0.0276125 0 -1.364 0 0 0 0 -1.33639
171 172 0.0588781 0 -1.36855 0 0 0 0 -1.30967
172 173 0.0234921 0 -1.24698 0 0 0 0 -1.22348
173 174 0.00719422 0 -0 0 0 0 0 0.00719422
173 175 0 0 0 0.255613 0 0 0 0.255613
174 175 0.0205475 0 0 0 0 0 0 0.0205475
175 176 0.0871246 0 0 0 0 0 0 0.0871246
176 177 0.00109753 0 -1.3272 0 0 0 0 -1.3261
177 178 0.000114566 0 -1.346 0 0 0 0 -1.34589
178 179 0.0745926 0 0 0 0 0 0 0.0745926
180 181 0.0202655 0 -1.21321 0 0 0 0 -1.19294
181 182 0.115976 0 0 0 0 0 0 0.115976
182 183 0.00292962 0 0 0 0 0 0 0.00292962
183 184 0.0314417 0 -0.998007 0 0 0 0 -0.966565
184 185 0.0203396 0 0 0 0 0 0 0.0203396
185 186 0.00191676 0 0 0 0 0 0 0.00191676
186 187 0.101211 0 0 0 0 0 0 0.101211
187 188 0.00254914 0 -1.12327 0 0 0 0 -1.12072
188 189 0.012026 0 -1.24757 0 0 0 0 -1.23555
189 190 0.0168041 0 -1.16239 0 0 0 0 -1.14558
190 191 0.0267174 0 -1.11615 0 0 0 0 -1.08943
191 192 0.0516485 0 0 0 0 0 0 0.0516485
192 193 0.0540767 0 0 0 0 0 0 0.0540767
193 194 0.128462 0 0 0 0 0 0 0.128462
194 195 0.0378515 0 -0.948677 0 0 0 0 -0.910825
195 196 0.0269086 0 -0.920752 0 0 0 0 -0.893843
196 197 0.0169269 0 0 0 0 0 0 0.0169269
197 198 0.0145557 0 0 0 0 0 0 0.0145557
198 199 0.135432 0 0 0 0 0 0 0.135432
200 201 0.0244456 0 0 0 0 0 0 0.0244456
201 202 0.14419 0 -1.21643 0 0 0 0 -1.07224
202 203 0.0381172 0 -1.37006 0 0 0 0 -1.33194
203 204 0.00652524 0 -1.24713 0 0 0 0 -1.24061
204 205 0.0162727 0 -1.44629 0 0 0 0 -1.43002
205 206 0.0145318 0 0 0 0 0 0 0.0145318
205 207 0 0 0 0 0 0 -4.05799e-06 -4.05799e-06
206 207 0.0909283 0 0 0 0 0 0 0.0909283
207 208 0.0431945 0 -1.28202 0 0 0 0 -1.23882
208 209 0.0185985 0 0 0 0 0 0 0.0185985
209 210 0.0191655 0 0 0 0 0 0 0.0191655
210 211 0.0250471 0 0 0 0 0 0 0.0250471
211 212 0.207186 0 0 0 0 0 0 0.207186
212 213 0.0632301 0 -1.25512 0 0 0 0 -1.19189
213 214 0.174851 0 -1.45584 0 0 0 0 -1.28099
214 215 0.0814062 0 -1.11747 0 0 0 0 -1.03607
215 216 0.0180785 0 -1.23437 0 0 0 0 -1.21629
216 217 0.0766225 0 -1.35645 0 0 0 0 -1.27983
217 218 0.149442 0 -0.751017 0 0 0 0 -0.601574
218 219 0.17064 0 -1.17257 0 0 0 0 -1.00193
220 221 0.0417675 0 -1.10448 0 0 0 0 -1.06271
221 222 0.12799 0 0 0 0 0 0 0.12799
222 223 0.181893 0 -0.948254 0 0 0 0 -0.766362
223 224 2.72869e-06 0 0 0 0 0 0 2.72869e-06
224 225 0.000722712 0 0 0 0 0 0 0.000722712
225 226 0.117839 0 -0 0 0 0 0 0.117839
226 227 0.151187 0 0 0 0 0 0 0.151187
227 228 0.209352 0 -0.872803 0 0 0 0 -0.663451
228 229 0.052019 0 -1.06609 0 0 0 0 -1.01407
229 230 0.00232429 0 0 0 0 0 0 0.00232429
230 231 0.0130976 0 -0.630108 0 0 0 0 -0.617011
231 232 0.0377744 0 -1.46148 0 0 0 0 -1.4237
232 233 0.182738 0 -1.32177 0 0 0 0 -1.13903
233 234 0.000392977 0 0 0 0 0 0 0.000392977
234 235 0.0164243 0 -0 0 0 0 0 0.0164243
235 236 0.00169026 0 0 0 0 0 0 0.00169026
236 237 0.0477268 0 -1.13242 0 0 0 0 -1.08469
237 238 0.0203891 0 -0 0 0 0 0 0.0203891
238 239 0.000790576 0 -1.12888 0 0 0 0 -1.12809
240 241 0.000540495 0 -1.35938 0 0 0 0 -1.35884
241 242 0.0537072 0 -2.17414e-10 0 0 0 0 0.0537072
242 243 0.0156104 0 0 0 0 0 0 0.0156104
243 244 0.0152783 0 -1.35544 0 0 0 0 -1.34016
244 245 0.00853643 0 -1.26209 0 0 0 0 -1.25356
245 246 0.0650402 0 0 0 0 0 0 0.0650402
246 247 1.28264e-06 0 -0.889707 0 0 0 0 -0.889706
247 248 0.0167141 0 -1.16766 0 0 0 0 -1.15095
248 249 0.00224918 0 0 0 0 0 0 0.00224918
249 250 0.0750401 0 -1.44139 0 0 0 0 -1.36635
250 251 0.00581561 0 -1.31953 0 0 0 0 -1.31371
251 252 0.0262518 0 -1.2812 0 0 0 0 -1.25495
252 253 0.182456 0 0 0 0 0 0 0.182456
253 254 0.238563 0 -1.38509 0 0 0 0 -1.14653
254 255 0.00124303 0 0 0 0 0 0 0.00124303
255 256 0.0118795 0 -0.99756 0 0 0 0 -0.98568
256 257 0.00426906 0 -1.31143 0 0 0 0 -1.30716
257 258 0.018402 0 0 0 0 0 0 0.018402
258 259 0.0186092 0 -1.04974 0 0 0 0 -1.03113
260 261 0.012867 0 -1.44981 0 0 0 0 -1.43694
261 262 0.0074717 0 0 0 0 0 0 0.0074717
262 263 0.0148964 0 -1.16123 0 0 0 0 -1.14633
263 264 0.0329312 0 0 0 0 0 0 0.0329312
264 265 0.00535504 0 0 0 0 0 0 0.00535504
265 266 0.15101 0 0 0 0 0 0 0.15101
266 267 0.00409535 0 -1.20642 0 0 0 0 -1.20233
267 268 0.143991 0 -0.615162 0 0 0 0 -0.471171
268 269 0.0544466 0 -1.18358 0 0 0 0 -1.12913
269 270 0.000208651 0 0 0 0 0 0 0.000208651
270 271 0.268712 0 -0 0 0 0 0 0.268712
271 272 0.0419842 0 0 0 0 0 0 0.0419842
272 273 0.0148355 0 0 0 0 0 0 0.0148355
273 274 0.0829819 0 -0.700241 0 0 0 0 -0.617259
274 275 0.030237 0 0 0 0 0 0 0.030237
275 276 0.0286251 0 -1.43595 0 0 0 0 -1.40732
276 277 0.00871523 0 0 0 0 0 0 0.00871523
277 278 0.000737943 0 0 0 0 0 0 0.000737943
278 279 0.00580971 0 -1.1891 0 0 0 0 -1.18329
280 281 0.0438113 0 -1.21572 0 0 0 0 -1.17191
281 282 0.00966066 0 -1.16572 0 0 0 0 -1.15605
282 283 0.041138 0 -0.57598 0 0 0 0 -0.534842
283 284 0.0448107 0 -0 0 0 0 0 0.0448107
284 285 0.0179296 0 -1.21594 0 0 0 0 -1.19801
285 286 0.210369 0 -1.01972 0 0 0 0 -0.809355
286 287 0.104869 0 -1.0886 0 0 0 0 -0.983731
287 288 0.116049 0 -0 0 0 0 0 0.116049
288 289 0.125192 0 0 0 0 0 0 0.125192
289 290 0.0346055 0 -1.10409 0 0 0 0 -1.06948
290 291 0.0122285 0 0 0 0 0 0 0.0122285
291 292 0.103929 0 -1.26256 0 0 0 0 -1.15864
292 293 0.0044445 0 -1.26319 0 0 0 0 -1.25874
293 294 0.0393304 0 -1.34799 0 0 0 0 -1.30866
294 295 0.039145 0 0 0 0 0 0 0.039145
295 296 0.0353626 0 -0.936908 0 0 0 0 -0.901545
296 297 0.000605723 0 -1.45236 0 0 0 0 -1.45175
297 298 0.0479408 0 -1.17585 0 0 0 0 -1.1279
298 299 0.0142825 0 -0 0 0 0 0 0.0142825
300 301 0.146637 0 -0 0 0 0 0 0.146637
301 302 0.0109407 0 0 0 0 0 0 0.0109407
302 303 0.0413624 0 0 0 0 0 0 0.0413624
303 304 0.0026749 0 -1.26915 0 0 0 0 -1.26647
304 305 0.0799345 0 -0 0 0 0 0 0.0799345
305 306 0.00356626 0 -1.45021 0 0 0 0 -1.44665
306 307 0.000412727 0 0 0 0 0 0 0.000412727
307 308 0.00418961 0 -0.180587 0 0 0 0 -0.176398
308 309 0.066112 0 -0 0 0 0 0 0.066112
309 310 0.000105367 0 0 0 0 0 0 0.000105367
310 311 0.000972336 0.0101313 -1.12688 0 0 0 0 -1.11577
311 312 0.0630893 0 -1.23669 0 0 0 0 -1.1736
312 313 5.49271e-05 0 -1.42457 0 0 0 0 -1.42452
313 314 0.0277115 0 -0.849649 0 0 0 0 -0.821937
314 315 0.00147866 0 0 0 0 0 0 0.00147866
315 316 0.00274331 0 0 0 0 0 0 0.00274331
316 317 0.0139027 0 0 0 0 0 0 0.0139027
317 318 0.129296 0 -1.19519 0 0 0 0 -1.06589
318 319 0.0914662 0 0 0 0 0 0 0.0914662
320 321 0.0169497 0 -1.40535 0 0 0 0 -1.3884
321 322 0.0341622 0 -1.1723 0 0 0 0 -1.13814
322 323 0.0485256 0 -0.870323 0 0 0 0 -0.821798
323 324 0.033361 0 -1.33014 0 0 0 0 -1.29678
324 325 0.11053 0 -0 0 0 0 0 0.11053
325 326 0.0232445 0 -1.13854 0 0 0 0 -1.1153
326 327 0.0543526 0 -1.22624 0 0 0 0 -1.17189
327 328 0.0348348 0 -0.370562 0 0 0 0 -0.335727
328 329 0.026025 0 -1.38425 0 0 0 0 -1.35823
329 330 0.0157173 0 -1.11475 0 0 0 0 -1.09904
330 331 0.016382 0 -1.18575 0 0 0 0 -1.16937
331 332 0.180544 0 -1.31445 0 0 0 0 -1.13391
332 333 0.0200948 0 -1.40692 0 0 0 0 -1.38682
333 334 0.00350973 0 0 0 0 0 0 0.00350973
334 335 0.00199576 0 -1.39835 0 0 0 0 -1.39636
335 336 0.000880468 0 0 0 0 0 0 0.000880468
336 337 0.00244677 0 -1.17371 0 0 0 0 -1.17126
337 338 0.0809172 0 -1.13718 0 0 0 0 -1.05627
338 339 0.0140163 0 -1.45554 0 0 0 0 -1.44152
340 341 0.00126602 0 0 0 0 0 0 0.00126602
341 342 0.0527905 0 0 0 0 0 0 0.0527905
342 343 0.0641269 0 0 0 0 0 0 0.0641269
343 344 0.0976932 0 -1.0941 0 0 0 0 -0.996411
344 345 3.60889e-05 0 -0 0 0 0 0 3.60889e-05
345 346 0.0424098 0 0 0 0 0 0 0.0424098
346 347 1.48036e-05 0 -0 0 0 0 0 1.48036e-05
347 348 0.00742152 0 -0.871189 0 0 0 0 -0.863767
348 349 0.0164187 0 0 0 0 0 0 0.0164187
349 350 0.303782 0 -0 0 0 0 0 0.303782
350 351 0.0115079 0 0 0 0 0 0 0.0115079
351 352 0.00721769 0 -0.829754 0 0 0 0 -0.822536
352 353 0.0558453 0 -1.18992 0 0 0 0 -1.13407
353 354 0.159319 0 -1.15416 0 0 0 0 -0.994842
354 355 0.000403611 0 0 0 0 0 0 0.000403611
355 356 0.0128641 0 -1.25015 0 0 0 0 -1.23728
356 357 0.149743 0 -0 0 0 0 0 0.149743
357 358 0.0145976 0 -1.38912 0 0 0 0 -1.37452
358 359 0.02207 0 -1.26506 0 0 0 0 -1.24299
360 361 0.0478834 0 -1.40326 0 0 0 0 -1.35537
361 362 0.0273375 0 -0 0 0 0 0 0.0273375
362 363 0.0218747 0 -0 0 0 0 0 0.0218747
363 364 0.0364539 0 -1.26838 0 0 0 0 -1.23192
364 365 0.00576938 0 -0.27283 0 0 0 0 -0.26706
365 366 0.0271797 0 -1.41064 0 0 0 0 -1.38346
366 367 0.000667625 0 -0.304829 0 0 0 0 -0.304161
367 368 0.086908 0 -0.988344 0 0 0 0 -0.901436
368 369 0.00915829 0 -1.26338 0 0 0 0 -1.25423
369 370 0.00965281 0 -0 0 0 0 0 0.00965281
365 371 0 0 0 0 -0 -0.00158485 0 -0.00158485
370 371 0.102675 0 -0 0 0 0 0 0.102675
371 372 0.00217369 0 -0 0 0 0 0 0.00217369
372 373 0.0802149 0 -0.769514 0 0 0 0 -0.689299
373 374 0.0612341 0 0 0 0 0 0 0.0612341
374 375 0.026348 0 -0.925647 0 0 0 0 -0.899299
375 376 0.024807 0 -1.05688 0 0 0 0 -1.03207
376 377 2.20718e-05 0 0 0 0 0 0 2.20718e-05
377 378 0.00227523 0 -1.38552 0 0 0 0 -1.38325
378 379 0.0347996 0 -0.0544994 0 0 0 0 -0.0196997
380 381 0.0516897 0 -0.987316 0 0 0 0 -0.935627
381 382 0.0970114 0 -1.02739 0 0 0 0 -0.93038
382 383 0.0246686 0 0 0 0 0 0 0.0246686
383 384 0.000137312 0 0 0 0 0 0 0.000137312
384 385 0.0114437 0 -0.84977 0 0 0 0 -0.838326
385 386 0.00935294 0 -1.36645 0 0 0 0 -1.35709
386 387 0.0718541 0 -1.32843 0 0 0 0 -1.25658
387 388 0.0914037 0 0 0 0 0 0 0.0914037
388 389 0.0600479 0 -1.33958 0 0 0 0 -1.27954
389 390 0.0235592 0 0 0 0 0 0 0.0235592
390 391 0.0329064 0 -0 0 0 0 0 0.0329064
391 392 0.10746 0 0 0 0 0 0 0.10746
392 393 0.153609 0 -1.38727 0 0 0 0 -1.23366
393 394 0.240749 0 -0.865846 0 0 0 0 -0.625097
394 395 0.00295956 0 -1.03462 0 0 0 0 -1.03166
395 396 0.0366666 0 0 0 0 0 0 0.0366666
396 397 0.000259856 0 -1.97356e-06 0 0 0 0 0.000257883
397 398 0.143182 0 -1.33638 0 0 0 0 -1.1932
398 399 0.000917301 0 -1.16968 0 0 0 0 -1.16876
400 401 0.000351106 0 0 0 0 0 0 0.000351106
401 402 8.04426e-05 0 -1.23989 0 0 0 0 -1.23981
402 403 0.0833438 0 -1.22072 0 0 0 0 -1.13738
403 404 0.20946 0 0 0 0 0 0 0.20946
404 405 0.0139168 0 -1.1819 0 0 0 0 -1.16798
405 406 0.0463941 0 -0.955335 0 0 0 0 -0.908941
406 407 0.0349135 0 -1.2578 0 0 0 0 -1.22289
407 408 0.00418578 0 -1.13533 0 0 0 0 -1.13114
408 409 0.00155313 0 0 0 0 0 0 0.00155313
409 410 0.331791 0 -1.26476 0 0 0 0 -0.932972
410 411 0.0055544 0 -1.24082 0 0 0 0 -1.23527
411 412 0.102038 0 -1.28985 0 0 0 0 -1.18781
412 413 0.245572 0 -0.96893 0 0 0 0 -0.723358
413 414 0.136479 0 -0.822838 0 0 0 0 -0.68636
414 415 0.0201022 0 -1.16076 0 0 0 0 -1.14066
415 416 0.00341799 0 -1.37233 0 0 0 0 -1.36891
416 417 0.0422545 0 -0.974557 0 0 0 0 -0.932302
417 418 0.00809171 0 0 0 0 0 0 0.00809171
418 419 0.0380136 0 0 0 0 0 0 0.0380136
420 421 0.030034 0 0 0 0 0 0 0.030034
421 422 0.0537877 0 0 0 0 0 0 0.0537877
422 423 0.549717 0 -1.32381 0 0 0 0 -0.774089
423 424 0.0828206 0 -0.9572 0 0 0 0 -0.874379
424 425 0.0510853 0 -0.959334 0 0 0 0 -0.908248
425 426 0.0666147 0 0 0 0 0 0 0.0666147
426 427 0.0420778 0 0 0 0 0 0 0.0420778
427 428 0.0286998 0 -0 0 0 0 0 0.0286998
428 429 0.1027 0 -1.29197 0 0 0 0 -1.18927
429 430 0.0779527 0 -1.34463 0 0 0 0 -1.26668
430 431 0.0265107 0 -1.26387 0 0 0 0 -1.23735
431 432 0.111287 0 0 0 0 0 0 0.111287
429 433 0 0 0 0 0 -0.00546397 -3.97332e-16 -0.00546397
432 433 0.00209546 0 0 0 0 0 0 0.00209546
431 434 0 0 0 0 0 -0.00108309 0 -0.00108309
430 434 0 0 0 0 0 -0.0809797 0 -0.0809797
433 434 0.196595 0 -0.754255 0 0 0 0 -0.55766
434 435 0.0217964 0 -1.17834 0 0 0 0 -1.15655
435 436 0.0521264 0 0 0 0 0 0 0.0521264
436 437 0.0414163 0 -1.07674 0 0 0 0 -1.03533
437 438 0.00844302 0 -0.616274 0 0 0 0 -0.607831
438 439 0.016611 0 0 0 0 0 0 0.016611
440 441 0.00655199 0 -0 0 0 0 0 0.00655199
441 442 0.274628 0 0 0 0 0 0 0.274628
442 443 0.0494607 0 -1.22228 0 0 0 0 -1.17282
443 444 0.0527526 0 -0 0 0 0 0 0.0527526
444 445 0.0023059 0 0 0 0 0 0 0.0023059
445 446 0.00754503 0 0 0 0 0 0 0.00754503
446 447 0.00097336 0 -1.14959 0 0 0 0 -1.14862
447 448 7.06475e-05 0 -0.146269 0 0 0 0 -0.146199
448 449 5.05027e-05 0 -1.02023 0 0 0 0 -1.02018
449 450 0.0299061 0 -0.996445 0 0 0 0 -0.966539
450 451 0.116354 0 -1.11294 0 0 0 0 -0.996588
451 452 0.02114 0 -1.3705 0 0 0 0 -1.34936
452 453 0.198654 0 -1.10631 0 0 0 0 -0.907652
453 454 0.0046919 0 0 0 0 0 0 0.0046919
454 455 0.00357781 0 0 0 0 0 0 0.00357781
455 456 0.0683067 0 0 0 0 0 0 0.0683067
456 457 0.0029765 0 0 0 0 0 0 0.0029765
457 458 0.0380581 0 -1.34489 0 0 0 0 -1.30683
458 459 0.0870461 0 -1.27157 0 0 0 0 -1.18453
460 461 0.00676525 0 0 0 0 0 0 0.00676525
461 462 0.105507 0 -0.776005 0 0 0 0 -0.670498
462 463 0.00873588 0 -1.30723 0 0 0 0 -1.2985
463 464 0.0746527 0 -1.39719 0 0 0 0 -1.32254
464 465 0.0954375 0 -1.40048 0 0 0 0 -1.30504
465 466 0.00133639 0 -1.36884 0 0 0 0 -1.36751
466 467 0.018234 0 0 0 0 0 0 0.018234
463 468 0 0 0 0 0 -0.000687775 0 -0.000687775
467 468 0.00450224 0 -1.12977 0 0 0 0 -1.12527
468 469 0.0743256 0 -1.02823 0 0 0 0 -0.953908
469 470 0.0376545 0 -1.18981 0 0 0 0 -1.15216
470 471 0.088761 0 -1.28781 0 0 0 0 -1.19905
471 472 0.0520754 0 0 0 0 0 0 0.0520754
472 473 0.194023 0 0 0 0 0 0 0.194023
473 474 0.0296297 0 -1.35538 0 0 0 0 -1.32575
474 475 0.0736407 0 -1.36294 0 0 0 0 -1.28929
475 476 0.0515417 0 0 0 0 0 0 0.0515417
476 477 0.0720659 0 0 0 0 0 0 0.0720659
477 478 0.104235 0 -0.616558 0 0 0 0 -0.512322
478 479 0.265538 0 -1.18431 0 0 0 0 -0.918771
480 481 2.5467e-07 0 0 0 0 0 0 2.5467e-07
481 482 0.039339 0 0 0 0 0 0 0.039339
482 483 0.0356197 0 -0.647889 0 0 0 0 -0.612269
483 484 0.00264512 0 -1.24514 0 0 0 0 -1.2425
484 485 0.0607173 0 -1.32891 0 0 0 0 -1.2682
485 486 0.0041018 0 -1.33572 0 0 0 0 -1.33161
486 487 0.327042 0 -1.2736 0 0 0 0 -0.946559
487 488 0.0110115 0 -1.25332 0 0 0 0 -1.24231
488 489 0.0161517 0 -0.80758 0 0 0 0 -0.791428
489 490 0.000294727 0 0 0 0 0 0 0.000294727
490 491 0.00887245 0 0 0 0 0 0 0.00887245
491 492 0.0140209 0 -1.39473 0 0 0 0 -1.38071
492 493 0.305087 0 -0.493094 0 0 0 0 -0.188007
493 494 0.00127822 0 -0.929544 0 0 0 0 -0.928265
494 495 0.000760996 0 -1.21831 0 0 0 0 -1.21755
495 496 0.228215 0 -0.342785 0 0 0 0 -0.11457
496 497 0.0283368 0 -0 0 0 0 0 0.0283368
497 498 0.122461 0 0 0 0 0 0 0.122461
498 499 0.00946903 0 -1.09943 0 0 0 0 -1.08996
500 501 0.00905179 0 0 0 0 0 0 0.00905179
501 502 0.0533805 0 0 0 0 0 0 0.0533805
502 503 0.000686204 0 -1.10762 0 0 0 0 -1.10694
503 504 0.135595 0 -1.23194 0 0 0 0 -1.09635
504 505 0.256824 0 0 0 0 0 0 0.256824
505 506 0.0480826 0 -1.14728 0 0 0 0 -1.0992
506 507 0.0127589 0 0 0 0 0 0 0.0127589
507 508 0.0889489 0 -1.41873 0 0 0 0 -1.32978
508 509 0.0232532 0 -0.700522 0 0 0 0 -0.677269
509 510 0.226123 0 0 0 0 0 0 0.226123
510 511 0.0393755 0 -1.19998 0 0 0 0 -1.16061
511 512 0.0129503 0 -1.40467 0 0 0 0 -1.39172
512 513 0.094437 0 0 0 0 0 0 0.094437
513 514 0.0827728 0 0 0 0 0 0 0.0827728
514 515 0.0177222 0 0 0 0 0 0 0.0177222
515 516 0.0114458 0 0 0 0 0 0 0.0114458
516 517 0.00969345 0 -0 0 0 0 0 0.00969345
517 518 0.123105 0 -0.965741 0 0 0 0 -0.842636
518 519 0.0164701 0 -1.35514 0 0 0 0 -1.33867
520 521 0.000304183 0 0 0 0 0 0 0.000304183
521 522 0.382145 0 -1.37273 0 0 0 0 -0.990584
522 523 0.00444316 0 0 0 0 0 0 0.00444316
523 524 0.134391 0 0 0 0 0 0 0.134391
524 525 0.0405948 0 -0.959406 0 0 0 0 -0.918811
525 526 0.000304024 0 -1.2253 0 0 0 0 -1.225
526 527 0.0175985 0 -0.967669 0 0 0 0 -0.950071
527 528 0.0337897 0 0 0 0 0 0 0.0337897
528 529 0.147256 0 -0.846165 0 0 0 0 -0.698909
529 530 0.036969 0 0 0 0 0 0 0.036969
530 531 0.0673765 0 0 0 0 0 0 0.0673765
531 532 0.026339 0 -0.804289 0 0 0 0 -0.77795
532 533 0.0553948 0 0 0 0 0 0 0.0553948
533 534 0.0471026 0 -1.36384 0 0 0 0 -1.31674
534 535 0.00091273 0 -1.13417 0 0 0 0 -1.13326
535 536 0.0241497 0 -1.24897 0 0 0 0 -1.22482
536 537 0.00879931 0 -1.2139 0 0 0 0 -1.20511
537 538 0.0204974 0 0 0 0 0 0 0.0204974
538 539 0.143201 0 -1.1769 0 0 0 0 -1.0337
540 541 0.000913467 0 -0 0 0 0 0 0.000913467
541 542 0.117861 0 -1.34499 0 0 0 0 -1.22712
542 543 0.03818 0 0 0 0 0 0 0.03818
543 544 0.173998 0 0 0 0 0 0 0.173998
544 545 0.0670244 0 -1.10469 0 0 0 0 -1.03766
545 546 0.072072 0 0 0 0 0 0 0.072072
546 547 0.17437 0 -1.20956 0 0 0 0 -1.03519
547 548 0.0597161 0 -1.07649 0 0 0 0 -1.01677
548 549 0.089114 0 0 0 0 0 0 0.089114
549 550 0.0119134 0 -1.30866 0 0 0 0 -1.29675
550 551 0.00306295 0 -0 0 0 0 0 0.00306295
551 552 0.303906 0 -1.37969 0 0 0 0 -1.07579
552 553 3.26607e-05 0 0 0 0 0 0 3.26607e-05
553 554 0.0163088 0 -1.42982 0 0 0 0 -1.41351
554 555 0.002469 0 -1.25596 0 0 0 0 -1.25349
555 556 0.0384162 0 -1.22256 0 0 0 0 -1.18414
556 557 0.0336708 0 0 0 0 0 0 0.0336708
557 558 0.0166581 0 -1.43555 0 0 0 0 -1.41889
558 559 0.0112121 0 -1.39372 0 0 0 0 -1.38251
560 561 0.0763925 0 -1.08311 0 0 0 0 -1.00672
561 562 0.0664126 0 0 0 0 0 0 0.0664126
562 563 0.204363 0 0 0 0 0 0 0.204363
563 564 0.000684202 0 -0.925222 0 0 0 0 -0.924538
564 565 0.117756 0 0 0 0 0 0 0.117756
565 566 0.0221729 0 -0.1828 0 0 0 0 -0.160627
566 567 0.160955 0 -1.32969 0 0 0 0 -1.16874
567 568 0.00685612 0 0 0 0 0 0 0.00685612
568 569 0.0152953 0 0 0 0 0 0 0.0152953
569 570 0.221247 0 -0.899432 0 0 0 0 -0.678184
570 571 0.175948 0 -1.23755 0 0 0 0 -1.0616
571 572 0.0468138 0 0 0 0 0 0 0.0468138
572 573 0.0876218 0 0 0 0 0 0 0.0876218
573 574 0.0101183 0 0 0 0 0 0 0.0101183
574 575 0.0154934 0 0 0 0 0 0 0.0154934
575 576 0.175628 0 -0 0 0 0 0 0.175628
576 577 0.0418427 0 -1.35548 0 0 0 0 -1.31363
577 578 0.0329295 0 -1.3402 0 0 0 0 -1.30727
578 579 0.134441 0 0 0 0 0 0 0.134441
580 581 0.0219993 0 0 0 0 0 0 0.0219993
581 582 0.114434 0 0 0 0 0 0 0.114434
582 583 0.138024 0 0 0 0 0 0 0.138024
583 584 0.113027 0 -1.29423 0 0 0 0 -1.1812
584 585 0.0673682 0 -0.696549 0 0 0 0 -0.629181
585 586 0.0898761 0 0 0 0 0 0 0.0898761
586 587 0.165645 0 -1.03788 0 0 0 0 -0.872239
587 588 0.169491 0 -1.29179 0 0 0 0 -1.1223
588 589 0.000791805 0 0 0 0 0 0 0.000791805
589 590 8.5103e-07 0 -1.04506 0 0 0 0 -1.04505
590 591 0.005162 0 -1.4257 0 0 0 0 -1.42053
591 592 0.125233 0 -0 0 0 0 0 0.125233
592 593 1.11062e-05 0 0 0 0 0 0 1.11062e-05
593 594 0.0488404 0 0 0 0 0 0 0.0488404
594 595 0.0242226 0 -1.36101 0 0 0 0 -1.33679
595 596 0.0532474 0 -1.15755 0 0 0 0 -1.1043
596 597 0.00697905 0 -0.846551 0 0 0 0 -0.839571
597 598 0.00113312 0 0 0 0 0 0 0.00113312
598 599 0.121053 0 -0.665548 0 0 0 0 -0.544495
600 601 0.11391 0 -1.02496 0 0 0 0 -0.91105
601 602 0.0360289 0 0 0 0 0 0 0.0360289
602 603 0.117188 0 -0 0 0 0 0 0.117188
603 604 0.216022 0 -1.28271 0 0 0 0 -1.06669
604 605 0.0419256 0 0 0 0 0 0 0.0419256
605 606 0.0970292 0 -0.000168614 0 0 0 0 0.0968606
606 607 0.00509865 0 0 0 0 0 0 0.00509865
607 608 0.0545566 0 0 0 0 0 0 0.0545566
608 609 0.0410016 0 -0 0 0 0 0 0.0410016
609 610 0.00282118 0 -1.11726 0 0 0 0 -1.11444
610 611 0.0303852 0 -1.25708 0 0 0 0 -1.2267
611 612 0.0968798 0 -1.21672 0 0 0 0 -1.11984
612 613 0.0553635 0 -0.646424 0 0 0 0 -0.59106
613 614 0.00381981 0 -1.08156 0 0 0 0 -1.07774
614 615 0.24838 0 -0.667682 0 0 0 0 -0.419301
615 616 0.0040185 0 -1.20831 0 0 0 0 -1.20429
616 617 0.010937 0 -0.838187 0 0 0 0 -0.82725
617 618 0.0177066 0 -0.848433 0 0 0 0 -0.830727
618 619 0.000179684 0 0 0 0 0 0 0.000179684
620 621 0.0436554 0 0 0 0 0 0 0.0436554
621 622 0.0128017 0 0 0 0 0 0 0.0128017
622 623 0.156882 0 -1.30348 0 0 0 0 -1.1466
623 624 0.0886889 0 0 0 0 0 0 0.0886889
624 625 0.0112213 0 -1.27192 0 0 0 0 -1.2607
625 626 0.0972557 0 -0.943644 0 0 0 0 -0.846388
626 627 2.60389e-08 0 -1.17207 0 0 0 0 -1.17207
627 628 0.0167474 0 -1.40138 0 0 0 0 -1.38463
628 629 0.0200137 0 0 0 0 0 0 0.0200137
629 630 0.0198132 0 -1.44344 0 0 0 0 -1.42362
630 631 0.101995 0 0 0 0 0 0 0.101995
631 632 0.00642937 0 0 0 0 0 0 0.00642937
632 633 0.00463059 0 -1.40471 0 0 0 0 -1.40008
633 634 0.0998755 0 -0.941778 0 0 0 0 -0.841903
634 635 0.012242 0 -1.08332 0 0 0 0 -1.07108
635 636 0.0659978 0 0 0 0 0 0 0.0659978
636 637 0.0836854 0 0 0 0 0 0 0.0836854
637 638 0.218962 0 -0.298907 0 0 0 0 -0.0799454
638 639 0.00439365 0 -1.28859 0 0 0 0 -1.2842
640 641 0.00151896 0 0 0 0 0 0 0.00151896
641 642 0.046584 0 0 0 0 0 0 0.046584
642 643 0.0346027 0 -1.1826 0 0 0 0 -1.148
643 644 0.00500389 0 -0.789326 0 0 0 0 -0.784322
644 645 0.0176713 0 0 0 0 0 0 0.0176713
645 646 0.0503283 0 -0 0 0 0 0 0.0503283
646 647 0.0307096 0 0 0 0 0 0 0.0307096
647 648 0.0050882 0 -1.31043 0 0 0 0 -1.30534
648 649 0.0132418 0 -1.11719 0 0 0 0 -1.10394
649 650 0.00131344 0 -1.22297 0 0 0 0 -1.22165
650 651 0.00108037 0 -1.17925 0 0 0 0 -1.17817
651 652 0.0788371 0 -0.863981 0 0 0 0 -0.785144
652 653 0.0112965 0 0 0 0 0 0 0.0112965
653 654 0.00519555 0 -0.641953 0 0 0 0 -0.636757
654 655 0.0100562 0 -1.16579 0 0 0 0 -1.15574
655 656 0.0218224 0 -1.18327 0 0 0 0 -1.16145
656 657 5.90389e-05 0 -0.715136 0 0 0 0 -0.715077
657 658 0.0429401 0 0 0 0 0 0 0.0429401
658 659 2.42939e-05 0 0 0 0 0 0 2.42939e-05
660 661 0.014896 0 -1.39544 0 0 0 0 -1.38055
661 662 0.00317634 0 0 0 0 0 0 0.00317634
662 663 0.0900507 0 0 0 0 0 0 0.0900507
663 664 0.00220292 0 -1.3624 0 0 0 0 -1.36019
664 665 0.066514 0 -1.01384 0 0 0 0 -0.947326
665 666 0.0298254 0 -1.08556 0 0 0 0 -1.05574
666 667 0.0400802 0 0 0 0 0 0 0.0400802
667 668 0.000530526 0 -1.3841 0 0 0 0 -1.38357
668 669 0.00990569 0 -0.817837 0 0 0 0 -0.807931
669 670 0.0446104 0 -1.22372 0 0 0 0 -1.17911
670 671 0.0511386 0 -1.24667 0 0 0 0 -1.19553
671 672 0.000460367 0 0 0 0 0 0 0.000460367
672 673 0.0863591 0 -1.20278 0 0 0 0 -1.11642
673 674 0.00842539 0 -1.1463 0 0 0 0 -1.13788
674 675 0.00134382 0 -1.13345 0 0 0 0 -1.13211
675 676 0.180211 0 -1.29745 0 0 0 0 -1.11724
676 677 0.00229256 0 -0.78214 0 0 0 0 -0.779847
677 678 0.014854 0 -1.38772 0 0 0 0 -1.37287
678 679 0.0096713 0 -1.39018 0 0 0 0 -1.38051
680 681 0.00474239 0 -1.16419 0 0 0 0 -1.15944
681 682 0.00111356 0 -0.903256 0 0 0 0 -0.902143
682 683 0.00428476 0 0 0 0 0 0 0.00428476
683 684 0.139731 0 0 0 0 0 0 0.139731
684 685 0.000429933 0 -1.05707 0 0 0 0 -1.05664
685 686 0.0468234 0 -1.43031 0 0 0 0 -1.38348
686 687 0.00698819 0 0 0 0 0 0 0.00698819
687 688 0.00983676 0 -1.35983 0 0 0 0 -1.34999
688 689 0.0705002 0 0 0 0 0 0 0.0705002
689 690 0.0146005 0 -0 0 0 0 0 0.0146005
690 691 0.0884795 0 -1.13727 0 0 0 0 -1.04879
691 692 0.0898294 0 0 0 0 0 0 0.0898294
692 693 0.00422355 0 0 0 0 0 0 0.00422355
691 694 0 0 0 0 0 -0 -0.320298 -0.320298
693 694 0.0076301 0 0 0 0 0 0 0.0076301
694 695 0.0729721 0 -1.20442 0 0 0 0 -1.13145
695 696 0.00122926 0 -0 0 0 0 0 0.00122926
696 697 0.0128142 0 0 0 0 0 0 0.0128142
686 698 0 0 0 0 -4.18405e-08 -0.091596 0 -0.091596
685 698 0 0 0 0 0 -0.000105348 0 -0.000105348
684 698 0 0 0 0 0 -0.00132324 0 -0.00132324
697 698 0.0442572 0 0 0 0 0 0 0.0442572
686 699 0 0 0 0 0 -0.0447604 0 -0.0447604
698 699 0.0022952 0 -1.19712 0 0 0 0 -1.19483
700 701 0.0422752 0 0 0 0 0 0 0.0422752
701 702 0.19453 0 0 0 0 0 0 0.19453
702 703 0.000578645 0 0 0 0 0 0 0.000578645
703 704 0.0518993 0 -0.427734 0 0 0 0 -0.375834
704 705 0.0341146 0 -1.04878 0 0 0 0 -1.01466
705 706 0.0364823 0 -1.27474 0 0 0 0 -1.23826
706 707 0.106387 0 -1.05151 0 0 0 0 -0.945123
707 708 0.0889564 0 0 0 0 0 0 0.0889564
708 709 0.00353182 0 0 0 0 0 0 0.00353182
709 710 0.0339505 0 0 0 0 0 0 0.0339505
710 711 0.021506 0 0 0 0 0 0 0.021506
711 712 0.0370136 0 0 0 0 0 0 0.0370136
712 713 0.002276 0 0 0 0 0 0 0.002276
713 714 0.012986 0 -0.51263 0 0 0 0 -0.499644
714 715 0.0371952 0 -1.37826 0 0 0 0 -1.34107
715 716 0.100221 0 0 0 0 0 0 0.100221
716 717 0.106226 0 -0.85503 0 0 0 0 -0.748805
717 718 0.00991656 0 -0.979753 0 0 0 0 -0.969837
718 719 0.0832092 0 0 0 0 0 0 0.0832092
720 721 0.0299654 0 -0 0 0 0 0 0.0299654
721 722 0.00399275 0 -0.91213 0 0 0 0 -0.908137
722 723 7.92072e-05 0 0 0 0 0 0 7.92072e-05
723 724 0.00437638 0 -1.19861 0 0 0 0 -1.19424
724 725 0.0778243 0 -1.2579 0 0 0 0 -1.18007
725 726 7.72847e-08 0 -1.13672 0 0 0 0 -1.13672
726 727 0.000420121 0 -1.39395 0 0 0 0 -1.39353
727 728 0.0896044 0 -1.25533 0 0 0 0 -1.16572
728 729 0.0137485 0 -1.04605 0 0 0 0 -1.0323
729 730 0.0495119 0 -1.15702 0 0 0 0 -1.1075
730 731 0.0246532 0 -1.19841 0 0 0 0 -1.17376
731 732 0.0578303 0 -1.23151 0 0 0 0 -1.17368
727 733 0 0 0 0 0 -0.184712 0 -0.184712
732 733 0.0142198 0 0 0 0 0 0 0.0142198
728 734 0 0 0 0 -0 -0.133915 0 -0.133915
727 734 0 0 0 0 -0.745344 0 -0 -0.745344
726 734 0 0 0 0 0 -0.140412 0 -0.140412
733 734 5.90962e-06 0 -1.30034 0 0 0 0 -1.30033
727 735 0 0 0 0 0 -0.109719 0 -0.109719
726 735 0 0 0 0 -0.339846 -0.000120704 -0 -0.339966
725 735 0 0 0 0 0 -0.0615589 -0 -0.0615589
734 735 0.0755257 0 -0.970374 0 0 0 0 -0.894848
726 736 0 0 0 0 0 -0.00198443 0 -0.00198443
725 736 0 0 0 0 -0.0170041 0 -0 -0.0170041
724 736 0 0 0 0 0 -0.000120263 -0 -0.000120263
735 736 0.06639 0 -0.751791 0 0 0 0 -0.685401
725 737 0 0 0 0 -0 -0.000199679 0 -0.000199679
724 737 0 0 0 0 0 -0.00682158 0 -0.00682158
723 737 0 0 0 0 0 -0.000475356 0 -0.000475356
736 737 0.00533485 0 -1.30137 0 0 0 0 -1.29603
737 738 0.242638 0 -0.500703 0 0 0 0 -0.258065
738 739 0.00484966 0 -1.04183 0 0 0 0 -1.03698
740 741 0.00466776 0 -1.11931 0 0 0 0 -1.11465
741 742 0.204278 0 -1.30033 0 0 0 0 -1.09605
742 743 0.233173 0 -1.22009 0 0 0 0 -0.986917
743 744 0.11245 0 -1.06935 0 0 0 0 -0.956902
744 745 0.00375832 0 -0.800256 0 0 0 0 -0.796498
745 746 0.0202758 0 -1.17524 0 0 0 0 -1.15496
746 747 0.194575 0 -0 0 0 0 0 0.194575
747 748 0.0438014 0 0 0 0 0 0 0.0438014
748 749 0.000269366 0 -1.04379 0 0 0 0 -1.04352
749 750 0.05632 0 -0.658599 0 0 0 0 -0.602279
750 751 0.070183 0 -0.997863 0 0 0 0 -0.92768
751 752 0.176561 0 -1.104 0 0 0 0 -0.927437
752 753 0.000620823 0 -1.09801 0 0 0 0 -1.09739
753 754 0.0581403 0 0 0 0 0 0 0.0581403
754 755 0.0250128 0 0 0 0 0 0 0.0250128
755 756 0.0796907 0 0 0 0 0 0 0.0796907
756 757 0.0140785 0 -1.38435 0 0 0 0 -1.37027
757 758 0.000882256 0 -0.905517 0 0 0 0 -0.904635
758 759 0.0120858 0 -1.24835 0 0 0 0 -1.23627
760 761 0.0267942 0 -1.2552 0 0 0 0 -1.22841
761 762 0.00430869 0 0 0 0 0 0 0.00430869
762 763 0.348462 0 -1.1167 0 0 0 0 -0.768242
763 764 0.0443202 0 -1.34258 0 0 0 0 -1.29826
764 765 0.180145 0 0 0 0 0 0 0.180145
765 766 0.0146441 0 0 0 0 0 0 0.0146441
766 767 0.00376803 0 0 0 0 0 0 0.00376803
767 768 0.00138577 0 -0 0 0 0 0 0.00138577
768 769 0.186143 0 -1.18572 0 0 0 0 -0.999574
769 770 0.0345215 0 0 0 0 0 0 0.0345215
770 771 0.136506 0 -1.21226 0 0 0 0 -1.07575
771 772 0.000481934 0 0 0 0 0 0 0.000481934
772 773 0.134925 0 -1.32453 0 0 0 0 -1.18961
773 774 0.0167674 0 0 0 0 0 0 0.0167674
774 775 0.289756 0 0 0 0 0 0 0.289756
775 776 0.131355 0 0 0 0 0 0 0.131355
776 777 0.000502245 0 -1.06674 0 0 0 0 -1.06623
777 778 0.0517716 0 -1.12606 0 0 0 0 -1.07429
778 779 0.00787288 0 -1.23663 0 0 0 0 -1.22876
780 781 0.0206077 0 -1.3787 0 0 0 0 -1.35809
781 782 0.031242 0 -1.17709 0 0 0 0 -1.14585
782 783 0.0183081 0 -0.614632 0 0 0 0 -0.596324
783 784 0.00170314 0 -1.3027 0 0 0 0 -1.30099
784 785 0.106504 0 -1.37551 0 0 0 0 -1.26901
785 786 0.00331534 0 -1.08668 0 0 0 0 -1.08336
786 787 0.322541 0 0 0 0 0 0 0.322541
787 788 0.0232763 0 -1.20461 0 0 0 0 -1.18133
788 789 9.78384e-06 0 0 0 0 0 0 9.78384e-06
789 790 0.0440106 0 0 0 0 0 0 0.0440106
790 791 0.0206033 0 -1.04301 0 0 0 0 -1.0224
791 792 0.127085 0 0 0 0 0 0 0.127085
792 793 0.108388 0 0 0 0 0 0 0.108388
793 794 0.154199 0 -1.41566 0 0 0 0 -1.26146
794 795 0.0425994 0 -1.44636 0 0 0 0 -1.40377
795 796 0.000524098 0 -1.07189 0 0 0 0 -1.07137
796 797 0.000281662 0 -1.32003 0 0 0 0 -1.31975
797 798 0.0194947 0 -0 0 0 0 0 0.0194947
798 799 0.0579064 0 0 0 0 0 0 0.0579064
800 801 0.0362815 0 -0.851544 0 0 0 0 -0.815262
801 802 0.0432392 0 0 0 0 0 0 0.0432392
802 803 0.023645 0 -1.24887 0 0 0 0 -1.22523
803 804 0.0129385 0 -0.545963 0 0 0 0 -0.533024
804 805 0.0360239 0 -0.324499 0 0 0 0 -0.288475
805 806 0.021474 0 -1.41406 0 0 0 0 -1.39259
806 807 0.00565205 0 0 0 0 0 0 0.00565205
807 808 0.0944392 0 -1.05794 0 0 0 0 -0.963503
808 809 0.0368359 0 -0.887468 0 0 0 0 -0.850632
809 810 0.00484995 0 -0.624432 0 0 0 0 -0.619582
810 811 0.265052 0 -1.03529 0 0 0 0 -0.77024
811 812 0.00352724 0 -0.974504 0 0 0 0 -0.970977
812 813 2.09028e-06 0 -0 0 0 0 0 2.09028e-06
813 814 0.0116976 0 0 0 0 0 0 0.0116976
814 815 0.0638264 0 -1.19554 0 0 0 0 -1.13171
815 816 0.142875 0 -0.938947 0 0 0 0 -0.796072
816 817 0.00558889 0 -1.33794 0 0 0 0 -1.33235
817 818 0.218296 0 0 0 0 0 0 0.218296
817 819 0 0 0 0.0112348 0 0 0 0.0112348
818 819 0.0717307 0 0 0 0 0 0 0.0717307
820 821 0.0591582 0 0 0 0 0 0 0.0591582
821 822 0.00249459 0 -0.785972 0 0 0 0 -0.783477
822 823 0.00767719 0 0 0 0 0 0 0.00767719
823 824 0.00028026 0 -0 0 0 0 0 0.00028026
824 825 0.0558042 0 -1.13617 0 0 0 0 -1.08037
825 826 0.0582227 0 0 0 0 0 0 0.0582227
826 827 0.035322 0 -1.0096 0 0 0 0 -0.974279
827 828 0.000535194 0 -0.803453 0 0 0 0 -0.802918
828 829 0.177119 0 0 0 0 0 0 0.177119
829 830 0.0489915 0 -1.33091 0 0 0 0 -1.28192
830 831 0.0035965 0 -1.18284 0 0 0 0 -1.17924
831 832 0.0737488 0 0 0 0 0 0 0.0737488
832 833 0.0154239 0 -0.77735 0 0 0 0 -0.761926
833 834 0.0148011 0 -0.947174 0 0 0 0 -0.932373
834 835 0.00803392 0 0 0 0 0 0 0.00803392
835 836 0.0146862 0 -1.13494 0 0 0 0 -1.12025
836 837 0.0868681 0 0 0 0 0 0 0.0868681
837 838 0.0174754 0 0 0 0 0 0 0.0174754
838 839 0.00854172 0 -1.21763 0 0 0 0 -1.20909
840 841 0.0305652 0 -1.30214 0 0 0 0 -1.27157
840 842 0 0 0 0 0 -2.5167e-08 0 -2.5167e-08
841 842 0.0317374 0 -0.96842 0 0 0 0 -0.936683
842 843 0.0295003 0 -1.29761 0 0 0 0 -1.26811
843 844 0.00317169 0 -1.25656 0 0 0 0 -1.25339
844 845 0.0293514 0 0 0 0 0 0 0.0293514
845 846 0.0210323 0 0 0 0 0 0 0.0210323
846 847 0.00355167 0 -1.30079 0 0 0 0 -1.29723
847 848 0.00446252 0 -0.945797 0 0 0 0 -0.941334
848 849 0.0374452 0 -0.785614 0 0 0 0 -0.748168
849 850 0.0134456 0 0 0 0 0 0 0.0134456
850 851 0.103823 0 -0.845944 0 0 0 0 -0.742121
851 852 0.143337 0 -1.12795 0 0 0 0 -0.984617
852 853 0.0467042 0 -0.794891 0 0 0 0 -0.748187
853 854 0.00101655 0 -1.38021 0 0 0 0 -1.3792
854 855 0.0454412 0 0 0 0 0 0 0.0454412
855 856 0.0543008 0 -0.015789 0 0 0 0 0.0385118
856 857 0.0820937 0 0 0 0 0 0 0.0820937
857 858 0.0261522 0 -1.28779 0 0 0 0 -1.26164
858 859 0.107529 0 -1.31015 0 0 0 0 -1.20262
860 861 0.000293141 0 -1.21606 0 0 0 0 -1.21577
861 862 0.000121144 0 0 0 0 0 0 0.000121144
862 863 0.00180023 0 -0.774034 0 0 0 0 -0.772234
863 864 0.235077 0 -1.27577 0 0 0 0 -1.0407
864 865 0.0265883 0 -0 0 0 0 0 0.0265883
865 866 0.00016706 0 -1.31516 0 0 0 0 -1.31499
866 867 0.156482 0 0 0 0 0 0 0.156482
867 868 0.0393961 0 -1.25923 0 0 0 0 -1.21983
868 869 0.0217998 0 -1.08531 0 0 0 0 -1.06351
869 870 0.0421549 0 0 0 0 0 0 0.0421549
870 871 0.0158199 0 -0 0 0 0 0 0.0158199
871 872 0.00582828 0 0 0 0 0 0 0.00582828
872 873 0.00233143 0 -0 0 0 0 0 0.00233143
873 874 0.00189245 0 -1.09834 0 0 0 0 -1.09644
874 875 0.180566 0 -1.23939 0 0 0 0 -1.05882
875 876 0.233795 0 -1.34564 0 0 0 0 -1.11185
874 877 0 0 0 0 0 -0.0189835 -0 -0.0189835
876 877 0.047132 0 -0 0 0 0 0 0.047132
877 878 0.08674 0 0 0 0 0 0 0.08674
878 879 0.00295406 0 -0.892184 0 0 0 0 -0.88923
880 881 0.180393 0 0 0 0 0 0 0.180393
881 882 0.00193598 0 -1.15151 0 0 0 0 -1.14957
882 883 0.0597245 0 0 0 0 0 0 0.0597245
883 884 0.0525509 0 0 0 0 0 0 0.0525509
884 885 0.0491587 0 -1.19559 0 0 0 0 -1.14643
885 886 0.137826 0 0 0 0 0 0 0.137826
886 887 0.00247494 0 -1.15977 0 0 0 0 -1.1573
887 888 0.0391461 0 -1.39992 0 0 0 0 -1.36077
888 889 0.0218602 0 0 0 0 0 0 0.0218602
889 890 0.00601498 0 -1.2379 0 0 0 0 -1.23189
890 891 0.0110191 0 0 0 0 0 0 0.0110191
891 892 0.0097456 0 -1.17459 0 0 0 0 -1.16484
892 893 0.0482781 0 -0 0 0 0 0 0.0482781
893 894 0.0574458 0 0 0 0 0 0 0.0574458
894 895 0.0354879 0 -0 0 0 0 0 0.0354879
895 896 0.0637531 0 0 0 0 0 0 0.0637531
896 897 0.0120687 0 0 0 0 0 0 0.0120687
897 898 0.175047 0 0 0 0 0 0 0.175047
898 899 0.0308702 0 0 0 0 0 0 0.0308702
900 901 0.00234199 0 0 0 0 0 0 0.00234199
901 902 0.0257899 0 -1.06494 0 0 0 0 -1.03915
902 903 0.0257625 0 -1.34428 0 0 0 0 -1.31852
903 904 0.51306 0 0 0 0 0 0 0.51306
904 905 0.000406511 0 -1.16359 0 0 0 0 -1.16318
905 906 0.106815 0 -0.954135 0 0 0 0 -0.847319
906 907 0.00132263 0 -1.41318 0 0 0 0 -1.41186
907 908 0.0230322 0 -1.35529 0 0 0 0 -1.33226
908 909 0.00952531 0 -0.561737 0 0 0 0 -0.552212
909 910 0.0414773 0 -1.19934 0 0 0 0 -1.15786
910 911 0.111603 0 -1.22005 0 0 0 0 -1.10845
911 912 0.141341 0 -1.17053 0 0 0 0 -1.02919
912 913 0.00344779 0 0 0 0 0 0 0.00344779
913 914 0.068835 0 0 0 0 0 0 0.068835
914 915 0.0115466 0 -0.664988 0 0 0 0 -0.653442
915 916 0.0803323 0 -1.22618 0 0 0 0 -1.14585
916 917 0.0144261 0 0 0 0 0 0 0.0144261
917 918 5.59437e-05 0 -1.25409 0 0 0 0 -1.25404
918 919 0.0023973 0 -1.07151 0 0 0 0 -1.06911
920 921 0.077792 0 0 0 0 0 0 0.077792
921 922 0.00164396 0 -1.10672 0 0 0 0 -1.10508
922 923 0.0384446 0 -1.38621 0 0 0 0 -1.34777
923 924 0.0861584 0 0 0 0 0 0 0.0861584
924 925 0.013312 0 0 0 0 0 0 0.013312
925 926 0.0213317 0 -1.29337 0 0 0 0 -1.27204
926 927 0.0269666 0 -1.17591 0 0 0 0 -1.14894
927 928 0.0290062 0 0 0 0 0 0 0.0290062
928 929 3.91183e-05 0 -1.31491 0 0 0 0 -1.31487
929 930 0.0334259 0 -0.653252 0 0 0 0 -0.619826
930 931 0.133705 0 0 0 0 0 0 0.133705
931 932 0.00623684 0 -0.63176 0 0 0 0 -0.625523
932 933 0.00343172 0 0 0 0 0 0 0.00343172
933 934 0.0340846 0 -1.35762 0 0 0 0 -1.32354
934 935 0.0179452 0 0 0 0 0 0 0.0179452
935 936 0.207663 0 0 0 0 0 0 0.207663
936 937 0.0191323 0 0 0 0 0 0 0.0191323
937 938 0.0252995 0 0 0 0 0 0 0.0252995
938 939 0.000435933 0 -0.967023 0 0 0 0 -0.966587
940 941 0.000233342 0 0 0 0 0 0 0.000233342
941 942 0.0316757 0 -0.869481 0 0 0 0 -0.837805
942 943 0.000636192 0 0 0 0 0 0 0.000636192
943 944 0.00354724 0 -1.45905 0 0 0 0 -1.4555
944 945 0.083797 0 0 0 0 0 0 0.083797
945 946 0.0114268 0 -0.949355 0 0 0 0 -0.937928
946 947 0.0134647 0 -1.03642 0 0 0 0 -1.02296
947 948 0.0483551 0 0 0 0 0 0 0.0483551
948 949 0.016288 0 -1.05707 0 0 0 0 -1.04078
949 950 0.00290091 0 -1.10761 0 0 0 0 -1.1047
950 951 0.021306 0 -1.27318 0 0 0 0 -1.25188
951 952 0.01708 0 0 0 0 0 0 0.01708
952 953 4.32811e-05 0 0 0 0 0 0 4.32811e-05
953 954 0.332442 0 -1.23061 0 0 0 0 -0.898172
954 955 0.0055453 0 0 0 0 0 0 0.0055453
955 956 0.261427 0 -0.943272 0 0 0 0 -0.681845
956 957 0.0147848 0 -0.980525 0 0 0 0 -0.96574
957 958 0.00231588 0 0 0 0 0 0 0.00231588
958 959 0.127998 0 0 0 0 0 0 0.127998
960 961 0.0179093 0 0 0 0 0 0 0.0179093
961 962 0.0330203 0 0 0 0 0 0 0.0330203
962 963 0.00181947 0 -1.17673 0 0 0 0 -1.17491
963 964 0.000127304 0 -1.11306 0 0 0 0 -1.11293
964 965 0.00346379 0 -1.00838 0 0 0 0 -1.00492
965 966 0.00622036 0 -1.37025 0 0 0 0 -1.36403
966 967 0.00942868 0 -1.05098 0 0 0 0 -1.04155
967 968 0.250645 0 -1.3177 0 0 0 0 -1.06706
968 969 0.00414434 0 -1.30252 0 0 0 0 -1.29838
969 970 0.0286732 0 -0.931263 0 0 0 0 -0.90259
970 971 0.0344387 0 -1.29255 0 0 0 0 -1.25811
971 972 0.0335896 0 0 0 0 0 0 0.0335896
972 973 0.019688 0 -1.27437 0 0 0 0 -1.25468
973 974 0.115326 0 0 0 0 0 0 0.115326
974 975 0.137617 0 -1.1271 0 0 0 0 -0.989479
975 976 0.0277215 0 -1.33598 0 0 0 0 -1.30826
976 977 0.00738531 0 -1.21063 0 0 0 0 -1.20324
977 978 0.253282 0 -1.35761 0 0 0 0 -1.10433
978 979 0.0298526 0 0 0 0 0 0 0.0298526
980 981 0.00301929 0 0 0 0 0 0 0.00301929
981 982 0.230208 0 -0 0 0 0 0 0.230208
982 983 0.0118372 0 0 0 0 0 0 0.0118372
983 984 0.0280229 0 -1.34944 0 0 0 0 -1.32142
984 985 0.00997036 0 -0.967046 0 0 0 0 -0.957075
985 986 0.339304 0 -1.25228 0 0 0 0 -0.912976
986 987 0.119752 0 0 0 0 0 0 0.119752
987 988 0.0388701 0 -1.34847 0 0 0 0 -1.3096
988 989 0.000468976 0 -1.21307 0 0 0 0 -1.2126
989 990 0.0361129 0 -1.37851 0 0 0 0 -1.3424
990 991 0.00515154 0 0 0 0 0 0 0.00515154
991 992 0.00121258 0 -1.3438 0 0 0 0 -1.34259
992 993 0.0961289 0 -0 0 0 0 0 0.0961289
993 994 0.0920326 0 -0 0 0 0 0 0.0920326
994 995 0.18703 0 0 0 0 0 0 0.18703
995 996 0.000288651 0 -1.2372 0 0 0 0 -1.23691
996 997 0.125566 0 0 0 0 0 0 0.125566
997 998 0.14482 0 0 0 0 0 0 0.14482
998 999 0.000708137 0 0 0 0 0 0 0.000708137
#Total energy per particle is  -0.555671 and should be -0.55567110
