#id1 id2 FENE BEXC STCK NEXC HB CRSTCK CXSTCK total, t = 200000
0 1 0.0105614 0 -1.38489 0 0 0 0 -1.37432
1 2 0.00306769 0 -1.34542 0 0 0 0 -1.34236
2 3 0.0734469 0 0 0 0 0 0 0.0734469
3 4 0.00833564 0 0 0 0 0 0 0.00833564
4 5 0.0401587 0 0 0 0 0 0 0.0401587
5 6 0.110013 0 -1.3357 0 0 0 0 -1.22569
6 7 0.0341251 0 -1.4264 0 0 0 0 -1.39228
7 8 0.0386038 0 0 0 0 0 0 0.0386038
8 9 0.0283464 0 -1.17978 0 0 0 0 -1.15143
9 10 0.0200331 0 0 0 0 0 0 0.0200331
10 11 0.0160489 0 -1.40677 0 0 0 0 -1.39072
11 12 0.0259325 0 -1.36611 0 0 0 0 -1.34018
12 13 0.0370632 0 -1.19375 0 0 0 0 -1.15669
13 14 0.0458234 0 -1.08 0 0 0 0 -1.03417
14 15 0.000923753 0 -0 0 0 0 0 0.000923753
15 16 0.0257803 0 -0 0 0 0 0 0.0257803
16 17 0.000867778 0 0 0 0 0 0 0.000867778
17 18 0.176718 0 -1.3402 0 0 0 0 -1.16349
18 19 0.0224551 0 -1.39119 0 0 0 0 -1.36873
20 21 0.0691075 0 0 0 0 0 0 0.0691075
21 22 0.00287956 0 -1.40727 0 0 0 0 -1.40439
22 23 0.107845 0 0 0 0 0 0 0.107845
23 24 0.0406194 0 0 0 0 0 0 0.0406194
24 25 0.351722 0 0 0 0 0 0 0.351722
25 26 0.0252136 0 -0 0 0 0 0 0.0252136
26 27 0.00971482 0 -0 0 0 0 0 0.00971482
27 28 0.0293072 0 0 0 0 0 0 0.0293072
28 29 0.0739656 0 -1.15582 0 0 0 0 -1.08186
29 30 0.000290642 0 -1.14203 0 0 0 0 -1.14174
30 31 0.00677127 0 0 0 0 0 0 0.00677127
31 32 0.000762907 0 -0.600957 0 0 0 0 -0.600195
32 33 0.0201421 0 -1.13672 0 0 0 0 -1.11657
33 34 0.0316431 0 0 0 0 0 0 0.0316431
34 35 0.0908314 0 -1.29295 0 0 0 0 -1.20212
35 36 0.0209343 0 -1.28078 0 0 0 0 -1.25985
36 37 0.000600899 0 0 0 0 0 0 0.000600899
37 38 0.102273 0 -0 0 0 0 0 0.102273
38 39 0.0861033 0 0 0 0 0 0 0.0861033
40 41 2.64923e-05 0 -1.07014 0 0 0 0 -1.07011
41 42 0.00834144 0 -0.588205 0 0 0 0 -0.579864
42 43 0.406045 0 -1.09385 0 0 0 0 -0.687802
43 44 0.11158 0 0 0 0 0 0 0.11158
44 45 0.000107665 0 -1.06556 0 0 0 0 -1.06546
45 46 0.000721421 0 0 0 0 0 0 0.000721421
46 47 0.0225313 0 -0.0680545 0 0 0 0 -0.0455232
47 48 0.00397046 0 0 0 0 0 0 0.00397046
48 49 0.00715647 0 -1.23809 0 0 0 0 -1.23093
49 50 0.00391037 0 -1.32547 0 0 0 0 -1.32156
50 51 0.21592 0 0 0 0 0 0 0.21592
51 52 0.029499 0 -1.32267 0 0 0 0 -1.29317
52 53 0.230904 0 0 0 0 0 0 0.230904
53 54 0.104049 0 -0 0 0 0 0 0.104049
54 55 6.54998e-05 0 0 0 0 0 0 6.54998e-05
55 56 0.0292614 0 -1.26142 0 0 0 0 -1.23216
56 57 0.030512 0 -0 0 0 0 0 0.030512
57 58 0.0626426 0 0 0 0 0 0 0.0626426
47 59 0 0 0 0 0 0 -0.486888 -0.486888
58 59 0.0699132 0 -0 0 0 0 0 0.0699132
60 61 0.00252161 0 -0 0 0 0 0 0.00252161
61 62 0.00131319 0 0 0 0 0 0 0.00131319
62 63 0.0223969 0 -1.24316 0 0 0 0 -1.22076
63 64 0.0650907 0 -0.31821 0 0 0 0 -0.253119
64 65 0.0538145 0 -1.34067 0 0 0 0 -1.28685
65 66 0.0257699 0 -1.385 0 0 0 0 -1.35923
66 67 0.0549633 0 -0.829752 0 0 0 0 -0.774789
67 68 0.0586061 0 -0.822001 0 0 0 0 -0.763395
68 69 0.00115017 0 0 0 0 0 0 0.00115017
69 70 0.00446054 0 -0.963945 0 0 0 0 -0.959485
70 71 0.0977811 0 -1.24917 0 0 0 0 -1.15139
71 72 0.00342907 0 -1.2898 0 0 0 0 -1.28637
72 73 0.011517 0 0 0 0 0 0 0.011517
73 74 0.0162303 0 0 0 0 0 0 0.0162303
74 75 0.0354415 0 -1.17251 0 0 0 0 -1.13707
75 76 0.0117768 0 0 0 0 0 0 0.0117768
76 77 0.129548 0 -1.09612 0 0 0 0 -0.966575
77 78 0.00960392 0 -1.17301 0 0 0 0 -1.16341
78 79 0.018503 0 -1.2698 0 0 0 0 -1.2513
80 81 0.00188074 0 0 0 0 0 0 0.00188074
81 82 0.00655697 0 -0.673301 0 0 0 0 -0.666744
82 83 0.0688459 0 -0.951918 0 0 0 0 -0.883072
83 84 0.000771191 0 -1.1703 0 0 0 0 -1.16953
84 85 0.0794745 0 -1.26278 0 0 0 0 -1.1833
85 86 0.000766866 0 -1.20753 0 0 0 0 -1.20677
86 87 0.123443 0 -1.33519 0 0 0 0 -1.21175
87 88 0.000613317 0 -1.26469 0 0 0 0 -1.26408
88 89 0.0379973 0 -1.00481 0 0 0 0 -0.966815
89 90 0.00139423 0 -0.967325 0 0 0 0 -0.96593
90 91 0.00881236 0 -1.12815 0 0 0 0 -1.11934
91 92 0.00418288 0 -1.37631 0 0 0 0 -1.37213
92 93 0.0253361 0 -0 0 0 0 0 0.0253361
93 94 0.11619 0 -1.25215 0 0 0 0 -1.13596
94 95 0.000376962 0 0 0 0 0 0 0.000376962
95 96 0.000591969 0 -0 0 0 0 0 0.000591969
96 97 0.000689518 0 0 0 0 0 0 0.000689518
97 98 0.0313844 0 -0 0 0 0 0 0.0313844
98 99 0.0513207 0 0 0 0 0 0 0.0513207
100 101 4.49577e-05 0 -0 0 0 0 0 4.49577e-05
101 102 0.000313019 0 0 0 0 0 0 0.000313019
102 103 0.0212368 0 -1.19881 0 0 0 0 -1.17758
103 104 0.00178998 0 -1.24402 0 0 0 0 -1.24223
104 105 0.0181629 0 0 0 0 0 0 0.0181629
105 106 0.0865408 0 0 0 0 0 0 0.0865408
106 107 0.0163565 0 -0.871922 0 0 0 0 -0.855566
107 108 0.0600595 0 0 0 0 0 0 0.0600595
108 109 0.00866467 0 0 0 0 0 0 0.00866467
109 110 0.135816 0 0 0 0 0 0 0.135816
110 111 0.0840993 0 -1.19574 0 0 0 0 -1.11164
111 112 0.061447 0 -1.12534 0 0 0 0 -1.06389
112 113 0.022435 0 0 0 0 0 0 0.022435
113 114 0.000124496 0 -1.03905 0 0 0 0 -1.03893
114 115 0.00903568 0 -1.311 0 0 0 0 -1.30196
115 116 0.0108162 0 -1.18805 0 0 0 0 -1.17723
116 117 0.188057 0 0 0 0 0 0 0.188057
117 118 0.008444 0 -1.13794 0 0 0 0 -1.1295
118 119 0.0104091 0 -0.808366 0 0 0 0 -0.797957
120 121 0.0034651 0 0 0 0 0 0 0.0034651
121 122 0.0820762 0 0 0 0 0 0 0.0820762
122 123 0.0109776 0 -0.956208 0 0 0 0 -0.94523
123 124 0.0129086 0 -1.31977 0 0 0 0 -1.30686
124 125 0.00332118 0 -1.21814 0 0 0 0 -1.21482
125 126 0.1336 0 -0.93014 0 0 0 0 -0.796541
126 127 0.00011732 0 -1.17749 0 0 0 0 -1.17737
127 128 0.231755 0 -1.25651 0 0 0 0 -1.02476
128 129 0.103888 0 -1.42916 0 0 0 0 -1.32527
129 130 0.023789 0 -1.35358 0 0 0 0 -1.32979
130 131 0.0422592 0 -1.03758 0 0 0 0 -0.995322
131 132 0.0185619 0 -0 0 0 0 0 0.0185619
132 133 0.00130642 0 -0 0 0 0 0 0.00130642
133 134 0.00544124 0 -0.964071 0 0 0 0 -0.95863
134 135 9.15427e-05 0 -1.28495 0 0 0 0 -1.28486
135 136 0.0521675 0 -0.443461 0 0 0 0 -0.391294
136 137 0.109388 0 0 0 0 0 0 0.109388
137 138 0.00823809 0 -1.39614 0 0 0 0 -1.3879
138 139 0.00622406 0 -1.35065 0 0 0 0 -1.34443
140 141 0.00838342 0 -1.28998 0 0 0 0 -1.2816
141 142 0.00252048 0 -0 0 0 0 0 0.00252048
142 143 0.0646997 0 0 0 0 0 0 0.0646997
143 144 0.0481926 0 -1.30399 0 0 0 0 -1.2558
144 145 0.0357101 0 -1.18667 0 0 0 0 -1.15096
145 146 0.00625507 0 -1.13753 0 0 0 0 -1.13128
146 147 0.0526899 0 0 0 0 0 0 0.0526899
147 148 0.000905786 0 0 0 0 0 0 0.000905786
148 149 0.0246518 0 0 0 0 0 0 0.0246518
149 150 0.0559101 0 -1.00587 0 0 0 0 -0.949963
150 151 0.00407368 0 -1.02732 0 0 0 0 -1.02324
151 152 0.000776697 0 0 0 0 0 0 0.000776697
152 153 0.00270108 0 0 0 0 0 0 0.00270108
153 154 0.21927 0 0 0 0 0 0 0.21927
154 155 0.00749613 0 -1.3447 0 0 0 0 -1.3372
155 156 0.262965 0 -0.937222 0 0 0 0 -0.674256
156 157 0.165758 0 0 0 0 0 0 0.165758
157 158 0.0479711 0 0 0 0 0 0 0.0479711
158 159 0.242406 0 -0.970612 0 0 0 0 -0.728206
160 161 0.0435807 0 0 0 0 0 0 0.0435807
161 162 0.000703874 0 -0.877453 0 0 0 0 -0.87675
162 163 0.132433 0 -1.17488 0 0 0 0 -1.04245
163 164 0.0699696 0 -1.23839 0 0 0 0 -1.16842
164 165 0.0198057 0 -0.71315 0 0 0 0 -0.693344
165 166 0.00307436 0 0 0 0 0 0 0.00307436
166 167 0.0495985 0 0 0 0 0 0 0.0495985
167 168 0.00867447 0 0 0 0 0 0 0.00867447
168 169 0.0213618 0 0 0 0 0 0 0.0213618
169 170 9.73152e-05 0 0 0 0 0 0 9.73152e-05
170 171 0.072609 0 0 0 0 0 0 0.072609
171 172 0.0239697 0 -1.18586 0 0 0 0 -1.16189
172 173 0.127702 0 -0 0 0 0 0 0.127702
173 174 0.0380096 0 0 0 0 0 0 0.0380096
174 175 0.0146121 0 -1.08236 0 0 0 0 -1.06775
175 176 0.0895839 0 -0.103096 0 0 0 0 -0.0135119
176 177 3.72142e-05 0 -1.30435 0 0 0 0 -1.30432
177 178 0.0035909 0 -1.04981 0 0 0 0 -1.04622
178 179 0.013251 0 0 0 0 0 0 0.013251
180 181 0.182213 0 -1.0509 0 0 0 0 -0.868688
181 182 0.123951 0 -0.576782 0 0 0 0 -0.452831
182 183 0.0899497 0 -1.36876 0 0 0 0 -1.27881
183 184 0.00198319 0 0 0 0 0 0 0.00198319
184 185 0.0399789 0 0 0 0 0 0 0.0399789
185 186 0.00133611 0 -1.14546 0 0 0 0 -1.14413
186 187 0.0498898 0 0 0 0 0 0 0.0498898
187 188 0.00835912 0 -1.33963 0 0 0 0 -1.33127
188 189 0.0180686 0 -1.13414 0 0 0 0 -1.11607
189 190 0.0447996 0 0 0 0 0 0 0.0447996
190 191 0.000730936 0 -1.15047 0 0 0 0 -1.14974
191 192 0.0764652 0 -1.06576 0 0 0 0 -0.989295
192 193 0.02703 0 -1.03268 0 0 0 0 -1.00565
193 194 0.0839767 0 0 0 0 0 0 0.0839767
194 195 0.0725077 0 -1.02911 0 0 0 0 -0.956599
195 196 0.0840872 0 0 0 0 0 0 0.0840872
196 197 0.000538655 0 0 0 0 0 0 0.000538655
197 198 0.263163 0 -1.12822 0 0 0 0 -0.865057
198 199 0.0099711 0 -1.38119 0 0 0 0 -1.37122
200 201 0.145716 0 0 0 0 0 0 0.145716
201 202 0.00523797 0 -1.3146 0 0 0 0 -1.30936
202 203 0.0162355 0 -1.03887 0 0 0 0 -1.02264
203 204 0.000560809 0 -0.935112 0 0 0 0 -0.934551
204 205 0.0595063 0 -1.28669 0 0 0 0 -1.22718
205 206 0.0299438 0 0 0 0 0 0 0.0299438
206 207 0.0144468 0 -0 0 0 0 0 0.0144468
207 208 0.0347128 0 -0.961683 0 0 0 0 -0.92697
203 209 0 0 0 0 -1.01101e-08 0 0 -1.01101e-08
208 209 0.0106483 0 0 0 0 0 0 0.0106483
209 210 0.0122518 0 -1.07794 0 0 0 0 -1.06569
210 211 0.000189907 0 -0.6771 0 0 0 0 -0.67691
211 212 0.266009 0 -1.06035 0 0 0 0 -0.794339
212 213 0.028282 0 -0.806446 0 0 0 0 -0.778164
213 214 0.0286862 0 -0.717178 0 0 0 0 -0.688492
214 215 0.000455255 0 0 0 0 0 0 0.000455255
215 216 0.0555125 0 0 0 0 0 0 0.0555125
216 217 0.104115 0 0 0 0 0 0 0.104115
217 218 0.350235 0 -1.32387 0 0 0 0 -0.973636
218 219 0.0105994 0 0 0 0 0 0 0.0105994
220 221 0.00487532 0 0 0 0 0 0 0.00487532
221 222 0.0351223 0 -1.32924 0 0 0 0 -1.29412
222 223 0.000341121 0 0 0 0 0 0 0.000341121
223 224 0.0857515 0 -1.33034 0 0 0 0 -1.24459
224 225 0.05379 0 -1.09606 0 0 0 0 -1.04227
225 226 0.0487368 0 -0.902567 0 0 0 0 -0.853831
226 227 0.0616975 0 0 0 0 0 0 0.0616975
227 228 0.0592873 0 -0 0 0 0 0 0.0592873
228 229 0.098695 0 0 0 0 0 0 0.098695
229 230 0.0145102 0 -0 0 0 0 0 0.0145102
230 231 0.0296367 0 0 0 0 0 0 0.0296367
231 232 0.262484 0 0 0 0 0 0 0.262484
232 233 0.139485 0 -0.95393 0 0 0 0 -0.814444
233 234 0.0996321 0 0 0 0 0 0 0.0996321
234 235 0.0459426 0 0 0 0 0 0 0.0459426
235 236 0.00094202 0 0 0 0 0 0 0.00094202
236 237 0.14696 0 0 0 0 0 0 0.14696
237 238 0.461195 0 -1.28696 0 0 0 0 -0.82576
238 239 0.0104753 0 0 0 0 0 0 0.0104753
240 241 0.00837268 0 -1.04131 0 0 0 0 -1.03294
241 242 0.0726827 0 -1.43004 0 0 0 0 -1.35736
242 243 0.0225431 0 -1.17382 0 0 0 0 -1.15128
243 244 0.000610776 0 0 0 0 0 0 0.000610776
244 245 0.0335405 0 -1.12776 0 0 0 0 -1.09422
245 246 0.0123766 0 -1.00735 0 0 0 0 -0.994975
246 247 0.024827 0 -0.889238 0 0 0 0 -0.864411
247 248 0.00792521 0 0 0 0 0 0 0.00792521
248 249 0.00705282 0 0 0 0 0 0 0.00705282
249 250 0.171332 0 -1.16372 0 0 0 0 -0.992392
250 251 0.000571411 0 -0.815724 0 0 0 0 -0.815153
251 252 0.231484 0 -1.27552 0 0 0 0 -1.04404
252 253 0.0175528 0 -1.42705 0 0 0 0 -1.4095
253 254 0.0517365 0 0 0 0 0 0 0.0517365
254 255 0.000182243 0 0 0 0 0 0 0.000182243
255 256 0.0114676 0 -1.18585 0 0 0 0 -1.17438
256 257 0.0380086 0 -0.966008 0 0 0 0 -0.927999
257 258 0.00228593 0 -0 0 0 0 0 0.00228593
258 259 0.00859071 0 0 0 0 0 0 0.00859071
260 261 0.0287545 0 0 0 0 0 0 0.0287545
261 262 0.234028 0 -0.705211 0 0 0 0 -0.471183
262 263 0.104145 0 -0.781015 0 0 0 0 -0.67687
263 264 0.0695519 0 0 0 0 0 0 0.0695519
264 265 0.125488 0 -0.736645 0 0 0 0 -0.611156
265 266 0.331102 0 -1.26269 0 0 0 0 -0.931592
266 267 0.0122401 0 -0.823531 0 0 0 0 -0.811291
267 268 0.0835665 0 -0.907575 0 0 0 0 -0.824008
268 269 0.0799058 0 0 0 0 0 0 0.0799058
269 270 0.219969 0 -1.27218 0 0 0 0 -1.05221
270 271 0.0457138 0 -1.39241 0 0 0 0 -1.3467
271 272 0.161726 0 0 0 0 0 0 0.161726
272 273 0.00320782 0 -0.947298 0 0 0 0 -0.944091
273 274 0.00203399 0 -0.725931 0 0 0 0 -0.723897
274 275 0.508719 0 -0 0 0 0 0 0.508719
275 276 0.127787 0 -1.26117 0 0 0 0 -1.13338
276 277 0.0517258 0 0 0 0 0 0 0.0517258
277 278 0.0933125 0 -0.609228 0 0 0 0 -0.515915
278 279 0.0081688 0 0 0 0 0 0 0.0081688
280 281 0.00110965 0 -1.299 0 0 0 0 -1.29789
281 282 0.0644934 0 -0.793619 0 0 0 0 -0.729125
282 283 0.0204032 0 0 0 0 0 0 0.0204032
283 284 0.145902 0 -1.3551 0 0 0 0 -1.2092
284 285 0.00242276 0 -0 0 0 0 0 0.00242276
285 286 0.0513809 0 -1.13516 0 0 0 0 -1.08378
286 287 0.0391576 0 0 0 0 0 0 0.0391576
287 288 0.0154435 0 -0 0 0 0 0 0.0154435
288 289 0.0227535 0 -1.37301 0 0 0 0 -1.35026
289 290 0.0134844 0 0 0 0 0 0 0.0134844
290 291 0.00744524 0 -0.939832 0 0 0 0 -0.932387
291 292 0.00159452 0 0 0 0 0 0 0.00159452
292 293 0.0705455 0 -1.11175 0 0 0 0 -1.04121
293 294 0.335755 0 -1.30973 0 0 0 0 -0.973975
294 295 0.0125301 0 0 0 0 0 0 0.0125301
295 296 0.0599829 0 0 0 0 0 0 0.0599829
296 297 0.00355735 0 -0 0 0 0 0 0.00355735
297 298 0.138338 0 0 0 0 0 0 0.138338
298 299 0.0304165 0 -1.06857 0 0 0 0 -1.03815
300 301 0.0235239 0 0 0 0 0 0 0.0235239
301 302 0.0650608 0 0 0 0 0 0 0.0650608
302 303 0.0338022 0 -1.39007 0 0 0 0 -1.35627
303 304 0.00365182 0 0 0 0 0 0 0.00365182
304 305 0.00947165 0 -1.19681 0 0 0 0 -1.18734
305 306 0.0390329 0 0 0 0 0 0 0.0390329
306 307 0.00760899 0 -0.886696 0 0 0 0 -0.879087
307 308 0.000280132 0 -1.36736 0 0 0 0 -1.36708
308 309 0.00141868 0 0 0 0 0 0 0.00141868
309 310 0.0145798 0.0242251 -1.11159 0 0 0 0 -1.07278
310 311 0.175542 0 0 0 0 0 0 0.175542
311 312 0.011306 0 -1.3544 0 0 0 0 -1.34309
312 313 0.0282678 0 0 0 0 0 0 0.0282678
313 314 0.0133133 0 0 0 0 0 0 0.0133133
314 315 0.00340459 0 -1.31882 0 0 0 0 -1.31542
315 316 0.100822 0 0 0 0 0 0 0.100822
316 317 0.025241 0 -1.39903 0 0 0 0 -1.37379
317 318 0.0718345 0 0 0 0 0 0 0.0718345
318 319 0.000314539 0 -0.973231 0 0 0 0 -0.972917
320 321 0.00777036 0 0 0 0 0 0 0.00777036
321 322 0.0231148 0 0 0 0 0 0 0.0231148
322 323 0.061035 0 0 0 0 0 0 0.061035
323 324 0.0444402 0 -1.1031 0 0 0 0 -1.05866
324 325 0.0488289 0 -1.15611 0 0 0 0 -1.10728
325 326 0.0441148 0 -0.0404812 0 0 0 0 0.00363362
326 327 0.148374 0 0 0 0 0 0 0.148374
327 328 0.0395105 0 -1.35814 0 0 0 0 -1.31863
328 329 0.00236237 0 -1.1736 0 0 0 0 -1.17124
329 330 0.0245186 0 -1.38391 0 0 0 0 -1.35939
330 331 0.00103836 0 -0.433436 0 0 0 0 -0.432398
331 332 0.0382509 0 0 0 0 0 0 0.0382509
332 333 0.000130631 0 -0.801571 0 0 0 0 -0.80144
333 334 0.0683238 0 0 0 0 0 0 0.0683238
334 335 0.102505 0 0 0 0 0 0 0.102505
335 336 0.000264723 0 0 0 0 0 0 0.000264723
336 337 0.0063142 0 0 0 0 0 0 0.0063142
337 338 0.0449832 0 0 0 0 0 0 0.0449832
338 339 0.0493589 0 -1.09753 0 0 0 0 -1.04817
340 341 0.137813 0 0 0 0 0 0 0.137813
341 342 0.0699045 0 0 0 0 0 0 0.0699045
342 343 0.0630956 0 -1.26345 0 0 0 0 -1.20035
343 344 0.00108978 0 -0.772721 0 0 0 0 -0.771631
344 345 0.129293 0 -1.22925 0 0 0 0 -1.09996
345 346 0.0166626 0 0 0 0 0 0 0.0166626
346 347 0.0159697 0 0 0 0 0 0 0.0159697
347 348 0.00810682 0 -0.840679 0 0 0 0 -0.832572
348 349 0.0280755 0 0 0 0 0 0 0.0280755
349 350 0.111845 0 0 0 0 0 0 0.111845
350 351 0.0204637 0 0 0 0 0 0 0.0204637
351 352 0.0128335 0 -0.990757 0 0 0 0 -0.977924
352 353 0.11454 0 -1.11929 0 0 0 0 -1.00475
353 354 0.241839 0 -1.25638 0 0 0 0 -1.01454
354 355 0.000741179 0 0 0 0 0 0 0.000741179
355 356 0.00012373 0 -1.30137 0 0 0 0 -1.30125
356 357 0.02532 0 -0.840635 0 0 0 0 -0.815315
357 358 0.0226147 0 0 0 0 0 0 0.0226147
358 359 0.00506065 0 -1.31943 0 0 0 0 -1.31437
360 361 0.00482212 0 -1.24715 0 0 0 0 -1.24233
361 362 0.0568806 0 -0.953249 0 0 0 0 -0.896368
362 363 0.00617452 0 0 0 0 0 0 0.00617452
363 364 0.0134141 0 0 0 0 0 0 0.0134141
364 365 0.136872 0 -1.13275 0 0 0 0 -0.995881
365 366 0.102871 0 -0 0 0 0 0 0.102871
366 367 0.0282339 0 0 0 0 0 0 0.0282339
367 368 0.024313 0 -1.44289 0 0 0 0 -1.41858
368 369 0.0031864 0 0 0 0 0 0 0.0031864
369 370 0.00502226 0 -1.14297 0 0 0 0 -1.13795
370 371 0.0150851 0 -1.05786 0 0 0 0 -1.04278
371 372 0.0109265 0 0 0 0 0 0 0.0109265
372 373 0.000997373 0 0 0 0 0 0 0.000997373
373 374 0.0292821 0 0 0 0 0 0 0.0292821
374 375 0.131092 0 -1.13991 0 0 0 0 -1.00882
375 376 0.08729 0 -1.23629 0 0 0 0 -1.149
371 377 0 0 0 0 0 -0.00142998 -0 -0.00142998
369 377 0 0 0 0 0 -3.57069e-08 0 -3.57069e-08
376 377 0.00135096 0 -0.735675 0 0 0 0 -0.734324
377 378 0.0444183 0 0 0 0 0 0 0.0444183
378 379 0.00476991 0 0 0 0 0 0 0.00476991
380 381 0.555782 0 0 0 0 0 0 0.555782
381 382 0.00686173 0 -1.26317 0 0 0 0 -1.25631
382 383 9.84492e-05 0 0 0 0 0 0 9.84492e-05
380 384 0 0 0 0.000692258 0 0 0 0.000692258
383 384 0.00622302 0 0 0 0 0 0 0.00622302
384 385 0.00106739 0 -1.05289 0 0 0 0 -1.05183
385 386 0.00714067 0 -1.20742 0 0 0 0 -1.20028
386 387 0.0284873 0 -0.972584 0 0 0 0 -0.944097
387 388 0.0846781 0 -1.10121 0 0 0 0 -1.01654
388 389 0.000532039 0 0 0 0 0 0 0.000532039
389 390 0.0157258 0 -1.31512 0 0 0 0 -1.29939
390 391 0.0240025 0 -1.35849 0 0 0 0 -1.33448
391 392 0.0823254 0 0 0 0 0 0 0.0823254
392 393 0.0886845 0 0 0 0 0 0 0.0886845
393 394 0.0104382 0 -1.08305 0 0 0 0 -1.07261
394 395 0.000176291 0 -1.24831 0 0 0 0 -1.24813
395 396 0.000878041 0 -1.40502 0 0 0 0 -1.40414
396 397 0.0153777 0 0 0 0 0 0 0.0153777
397 398 0.00328246 0 -0 0 0 0 0 0.00328246
398 399 2.75641e-05 0 0 0 0 0 0 2.75641e-05
400 401 0.00624748 0 -0.850738 0 0 0 0 -0.84449
401 402 0.0307434 0 -1.42004 0 0 0 0 -1.3893
402 403 0.0558682 0 -1.35746 0 0 0 0 -1.30159
403 404 0.0109166 0 0 0 0 0 0 0.0109166
404 405 0.0251331 0 -1.24513 0 0 0 0 -1.21999
405 406 0.0053536 0 -1.0834 0 0 0 0 -1.07805
406 407 0.000864578 0 -0.974338 0 0 0 0 -0.973474
405 408 0 0 0 0 0 -0.107063 0 -0.107063
407 408 0.000247352 0 -0 0 0 0 0 0.000247352
408 409 0.0978343 0 0 0 0 0 0 0.0978343
409 410 0.035549 0 -1.12492 0 0 0 0 -1.08937
410 411 0.0395476 0 -0.909884 0 0 0 0 -0.870337
411 412 0.0700043 0 -1.21089 0 0 0 0 -1.14089
412 413 0.030708 0 -1.269 0 0 0 0 -1.23829
413 414 0.00176262 0 -7.74909e-06 0 0 0 0 0.00175488
414 415 0.214448 0 -1.23212 0 0 0 0 -1.01767
415 416 0.0552542 0 0 0 0 0 0 0.0552542
416 417 0.0115142 0.322288 0 0 0 0 0 0.333802
417 418 0.139091 0 0 0 0 0 0 0.139091
418 419 0.00864158 0 -1.18256 0 0 0 0 -1.17391
420 421 0.300975 0 0 0 0 0 0 0.300975
421 422 0.0780421 0 -1.1126 0 0 0 0 -1.03455
422 423 0.00154464 0 -0.938169 0 0 0 0 -0.936624
423 424 0.0406513 0 0 0 0 0 0 0.0406513
424 425 0.197632 0 -0.751141 0 0 0 0 -0.553508
425 426 0.000135137 0 0 0 0 0 0 0.000135137
426 427 0.0108845 0 0 0 0 0 0 0.0108845
427 428 0.0127408 0 -0.748349 0 0 0 0 -0.735608
428 429 0.00592043 0 -1.15438 0 0 0 0 -1.14846
429 430 0.0127523 0 -1.28075 0 0 0 0 -1.268
430 431 0.025036 0 -1.13089 0 0 0 0 -1.10586
431 432 0.0205535 0 -1.03719 0 0 0 0 -1.01664
432 433 4.11722e-06 0 -1.28026 0 0 0 0 -1.28025
433 434 1.8382e-06 0 0 0 0 0 0 1.8382e-06
434 435 0.0166247 0 0 0 0 0 0 0.0166247
435 436 0.0578619 0 -1.4017 0 0 0 0 -1.34384
436 437 0.107114 0 -1.1327 0 0 0 0 -1.02559
437 438 0.427715 0 0 0 0 0 0 0.427715
438 439 0.000334975 0 0 0 0 0 0 0.000334975
440 441 0.0253113 0 0 0 0 0 0 0.0253113
441 442 0.00147112 0 0 0 0 0 0 0.00147112
442 443 0.0338379 0 -1.29717 0 0 0 0 -1.26334
443 444 0.0749441 0 0 0 0 0 0 0.0749441
444 445 0.220594 0 0 0 0 0 0 0.220594
445 446 0.199142 0 0 0 0 0 0 0.199142
446 447 0.00454254 0 0 0 0 0 0 0.00454254
447 448 0.0562903 0 0 0 0 0 0 0.0562903
448 449 0.0991411 0 -1.2074 0 0 0 0 -1.10826
449 450 0.00334829 0 0 0 0 0 0 0.00334829
450 451 0.111125 0 -1.02983 0 0 0 0 -0.918701
451 452 0.00172168 0 0 0 0 0 0 0.00172168
452 453 0.107165 0 0 0 0 0 0 0.107165
453 454 0.000471904 0 0 0 0 0 0 0.000471904
454 455 1.75551e-05 0 -1.14317 0 0 0 0 -1.14315
455 456 9.58131e-05 0 -1.3553 0 0 0 0 -1.35521
456 457 0.0128344 0 0 0 0 0 0 0.0128344
457 458 0.0064494 0 0 0 0 0 0 0.0064494
458 459 0.0930957 0 -0 0 0 0 0 0.0930957
460 461 0.347476 0 -1.32967 0 0 0 0 -0.982198
461 462 0.0256961 0 -0 0 0 0 0 0.0256961
462 463 0.00704074 0 -1.28894 0 0 0 0 -1.2819
463 464 0.0476042 0 -0.888637 0 0 0 0 -0.841033
464 465 2.01749e-05 0 -1.09345 0 0 0 0 -1.09343
465 466 0.00874345 0 -0.842687 0 0 0 0 -0.833943
466 467 0.0166127 0 -1.08979 0 0 0 0 -1.07318
467 468 0.0293895 0 0 0 0 0 0 0.0293895
468 469 0.00740617 0 0 0 0 0 0 0.00740617
469 470 0.00164482 0 0 0 0 0 0 0.00164482
470 471 0.151266 0 -0.95819 0 0 0 0 -0.806924
471 472 0.0006317 0 0 0 0 0 0 0.0006317
471 473 0 0 0 0 0 -0 -0.00042329 -0.00042329
472 473 0.013561 0 0 0 0 0 0 0.013561
473 474 0.0410033 0 0 0 0 0 0 0.0410033
474 475 0.115841 0 0 0 0 0 0 0.115841
475 476 0.0567783 0 0 0 0 0 0 0.0567783
476 477 0.1922 0 0 0 0 0 0 0.1922
477 478 0.0387309 0 -1.25962 0 0 0 0 -1.22089
478 479 0.0274002 0 0 0 0 0 0 0.0274002
480 481 0.0443754 0 0 0 0 0 0 0.0443754
481 482 0.00268687 0 0 0 0 0 0 0.00268687
482 483 0.0328878 0 0 0 0 0 0 0.0328878
483 484 0.0190865 0 -1.25935 0 0 0 0 -1.24027
484 485 0.0817438 0 -1.06474 0 0 0 0 -0.982992
485 486 0.0432139 0 -0.815733 0 0 0 0 -0.772519
486 487 0.0490181 0 -0.914605 0 0 0 0 -0.865586
487 488 0.00291667 0 -1.04148 0 0 0 0 -1.03856
488 489 0.0130475 0 -0 0 0 0 0 0.0130475
488 490 0 0 0 0 0 -0 -0.00563184 -0.00563184
489 490 0.00603107 0 -1.35437 0 0 0 0 -1.34834
490 491 0.254035 0 -1.16813 0 0 0 0 -0.914092
491 492 0.00637511 0 -0.107779 0 0 0 0 -0.101404
492 493 0.106562 0 0 0 0 0 0 0.106562
493 494 0.0376049 0 -0.936121 0 0 0 0 -0.898516
494 495 0.000326338 0 0 0 0 0 0 0.000326338
495 496 0.000696232 0 -1.21795 0 0 0 0 -1.21725
496 497 0.0570754 0 0 0 0 0 0 0.0570754
497 498 6.02007e-07 0 -1.10537 0 0 0 0 -1.10537
498 499 5.98289e-05 0 0 0 0 0 0 5.98289e-05
500 501 0.0186316 0 -1.41647 0 0 0 0 -1.39784
501 502 0.0127554 0 -1.20961 0 0 0 0 -1.19685
502 503 0.158966 0 -1.20475 0 0 0 0 -1.04579
503 504 0.0308254 0 -1.28712 0 0 0 0 -1.2563
504 505 0.0781605 0 -1.40132 0 0 0 0 -1.32316
505 506 0.0149726 0 0 0 0 0 0 0.0149726
506 507 0.09909 0 0 0 0 0 0 0.09909
507 508 0.000292379 0 -1.36548 0 0 0 0 -1.36519
508 509 0.245122 0 -1.03458 0 0 0 0 -0.789459
509 510 0.0485602 0 -1.18626 0 0 0 0 -1.1377
510 511 0.000101796 0 -1.21439 0 0 0 0 -1.21429
511 512 0.000156867 0 0 0 0 0 0 0.000156867
512 513 0.0363453 0 -1.13639 0 0 0 0 -1.10005
513 514 0.0166462 0 -1.11234 0 0 0 0 -1.09569
514 515 0.216005 0 -1.31214 0 0 0 0 -1.09614
515 516 0.353404 0 0 0 0 0 0 0.353404
516 517 0.00987977 0 0 0 0 0 0 0.00987977
517 518 0.0360464 0 -1.92273e-07 0 0 0 0 0.0360462
518 519 0.221539 0 0 0 0 0 0 0.221539
520 521 0.047428 0 0 0 0 0 0 0.047428
521 522 0.0168922 0 -1.41953 0 0 0 0 -1.40264
522 523 0.0460803 0 -0 0 0 0 0 0.0460803
523 524 0.189566 0 0 0 0 0 0 0.189566
524 525 0.0723209 0 0 0 0 0 0 0.0723209
525 526 0.302369 0 -1.08391 0 0 0 0 -0.781539
526 527 0.00174673 0 -1.3425 0 0 0 0 -1.34075
527 528 0.0332117 0 -0.980699 0 0 0 0 -0.947488
528 529 0.0185859 0 0 0 0 0 0 0.0185859
529 530 0.00827618 0 -0 0 0 0 0 0.00827618
530 531 0.121472 0 -0 0 0 0 0 0.121472
531 532 0.000404965 0 0 0 0 0 0 0.000404965
532 533 0.00106989 0 0 0 0 0 0 0.00106989
533 534 0.020948 0 0 0 0 0 0 0.020948
534 535 0.00845756 0 -1.29734 0 0 0 0 -1.28888
535 536 0.00573968 0 0 0 0 0 0 0.00573968
536 537 0.0990221 0 -1.12367 0 0 0 0 -1.02465
537 538 0.088461 0 -1.42794 0 0 0 0 -1.33948
538 539 0.0122368 0 -1.01616 0 0 0 0 -1.00393
540 541 0.0827706 0 -1.45717 0 0 0 0 -1.3744
541 542 0.0527705 0 -1.08852 0 0 0 0 -1.03575
542 543 0.0101815 0 -0.645628 0 0 0 0 -0.635446
543 544 0.0457789 0 -0.650165 0 0 0 0 -0.604386
544 545 0.0035589 0 -0.86071 0 0 0 0 -0.857151
545 546 0.0297496 0 -1.41044 0 0 0 0 -1.38069
546 547 0.00970761 0 -1.26272 0 0 0 0 -1.25301
547 548 0.072263 0 0 0 0 0 0 0.072263
548 549 0.0245073 0 -0.866293 0 0 0 0 -0.841785
549 550 0.373165 0 0 0 0 0 0 0.373165
550 551 0.135503 0 -0.930907 0 0 0 0 -0.795405
551 552 0.0754729 0 0 0 0 0 0 0.0754729
552 553 0.00131635 0 0 0 0 0 0 0.00131635
553 554 0.0043095 0 0 0 0 0 0 0.0043095
554 555 0.011641 0 0 0 0 0 0 0.011641
555 556 0.003549 0 0 0 0 0 0 0.003549
556 557 0.0690723 0 -0.822065 0 0 0 0 -0.752993
557 558 0.0419733 0 -1.18364 0 0 0 0 -1.14166
558 559 0.0100005 0 -0.921076 0 0 0 0 -0.911076
560 561 0.0819422 0 0 0 0 0 0 0.0819422
561 562 0.646879 0 0 0 0 0 0 0.646879
562 563 0.0057638 0 0 0 0 0 0 0.0057638
563 564 0.00899354 0 0 0 0 0 0 0.00899354
564 565 0.00760961 0 -1.08975 0 0 0 0 -1.08215
565 566 0.000173375 0 -0.70845 0 0 0 0 -0.708277
566 567 0.0348097 0 -1.18199 0 0 0 0 -1.14718
567 568 0.2168 0 0 0 0 0 0 0.2168
568 569 0.000645404 0 0 0 0 0 0 0.000645404
569 570 0.0687469 0 -1.27766 0 0 0 0 -1.20892
570 571 0.0123822 0 -1.22221 0 0 0 0 -1.20983
571 572 0.0160493 0 0 0 0 0 0 0.0160493
572 573 0.148046 0 0 0 0 0 0 0.148046
573 574 0.00325918 0 0 0 0 0 0 0.00325918
574 575 0.00574715 0 -0.891303 0 0 0 0 -0.885556
575 576 0.00395092 0 -0.792155 0 0 0 0 -0.788204
576 577 0.00800377 0 -0.900044 0 0 0 0 -0.892041
577 578 0.0016988 0 0 0 0 0 0 0.0016988
578 579 0.034983 0 0 0 0 0 0 0.034983
580 581 0.0217529 0 -0.78545 0 0 0 0 -0.763697
581 582 0.000175131 0 0 0 0 0 0 0.000175131
582 583 0.309763 0 0 0 0 0 0 0.309763
583 584 0.00222229 0 -1.24788 0 0 0 0 -1.24566
584 585 0.0012339 0 -1.20968 0 0 0 0 -1.20845
585 586 0.00365182 0 -1.32145 0 0 0 0 -1.3178
586 587 0.0178899 0 0 0 0 0 0 0.0178899
587 588 0.0413398 0 -1.3264 0 0 0 0 -1.28506
588 589 0.000600548 0 -1.28729 0 0 0 0 -1.28669
589 590 0.0229887 0 -0.962296 0 0 0 0 -0.939307
590 591 0.0488819 0 0 0 0 0 0 0.0488819
591 592 0.0211989 0 -1.22869 0 0 0 0 -1.20749
592 593 0.000916027 0 -0.91749 0 0 0 0 -0.916574
593 594 0.094702 0 -1.15032 0 0 0 0 -1.05562
594 595 0.00453486 0 0 0 0 0 0 0.00453486
595 596 0.00275996 0 0 0 0 0 0 0.00275996
596 597 0.000229188 0 -1.09563 0 0 0 0 -1.0954
597 598 0.0121671 0 -1.18349 0 0 0 0 -1.17132
598 599 0.0527301 0 -1.32773 0 0 0 0 -1.275
600 601 0.23569 0 0 0 0 0 0 0.23569
601 602 0.0514364 0 -1.40789 0 0 0 0 -1.35645
602 603 0.0074356 0 -1.26975 0 0 0 0 -1.26231
603 604 0.0155044 0 -0.882644 0 0 0 0 -0.867139
604 605 0.0686962 0 -0.856561 0 0 0 0 -0.787865
605 606 0.0286089 0 0 0 0 0 0 0.0286089
606 607 0.00129151 0 -1.1197 0 0 0 0 -1.11841
607 608 0.00630586 0 -1.3311 0 0 0 0 -1.32479
608 609 0.0297961 0 -0 0 0 0 0 0.0297961
609 610 0.244335 0 -0.788732 0 0 0 0 -0.544397
610 611 0.0697755 0 0 0 0 0 0 0.0697755
611 612 0.046835 0 -1.30645 0 0 0 0 -1.25961
612 613 0.272845 0 -1.38714 0 0 0 0 -1.1143
613 614 0.00114772 0 -1.33051 0 0 0 0 -1.32936
614 615 0.00951019 0 -1.32429 0 0 0 0 -1.31478
615 616 0.00276342 0 0 0 0 0 0 0.00276342
616 617 0.000568105 0 -0.468793 0 0 0 0 -0.468225
617 618 0.00472165 0 -1.04602 0 0 0 0 -1.0413
618 619 0.00130669 0 -0 0 0 0 0 0.00130669
620 621 0.10903 0 0 0 0 0 0 0.10903
621 622 0.000408532 0 -1.30284 0 0 0 0 -1.30243
622 623 0.0417899 0 0 0 0 0 0 0.0417899
623 624 0.087296 0 0 0 0 0 0 0.087296
624 625 0.0311404 0 -1.30318 0 0 0 0 -1.27204
625 626 0.000282051 0 -0.964409 0 0 0 0 -0.964127
626 627 0.00413136 0 -1.24664 0 0 0 0 -1.24251
627 628 0.00707922 0 -1.39916 0 0 0 0 -1.39208
628 629 0.00147367 0 -1.33442 0 0 0 0 -1.33294
629 630 0.231803 0 -0.963586 0 0 0 0 -0.731783
630 631 0.2898 0 -1.081 0 0 0 0 -0.7912
631 632 0.00189296 0 -1.23699 0 0 0 0 -1.2351
632 633 0.00121918 0 -1.22851 0 0 0 0 -1.22729
633 634 0.0393792 0 -1.11822 0 0 0 0 -1.07884
634 635 0.0595354 0 -0.673703 0 0 0 0 -0.614168
635 636 0.23296 0 -0.845476 0 0 0 0 -0.612516
636 637 0.0182392 0 0 0 0 0 0 0.0182392
637 638 0.000494276 0 0 0 0 0 0 0.000494276
638 639 0.052141 0 -1.27251 0 0 0 0 -1.22037
640 641 0.00875148 0 0 0 0 0 0 0.00875148
641 642 0.134311 0 -1.25569 0 0 0 0 -1.12137
642 643 0.0248648 0 -1.07851 0 0 0 0 -1.05365
643 644 0.0793328 0 -1.30927 0 0 0 0 -1.22994
644 645 0.0307965 0 -1.17378 0 0 0 0 -1.14298
645 646 0.149919 0 -1.31141 0 0 0 0 -1.16149
646 647 0.0089677 0 -1.27321 0 0 0 0 -1.26424
647 648 0.000207084 0 -1.24092 0 0 0 0 -1.24072
648 649 1.29244e-05 0 0 0 0 0 0 1.29244e-05
649 650 6.6296e-05 0 0 0 0 0 0 6.6296e-05
650 651 0.0148437 0 0 0 0 0 0 0.0148437
651 652 0.0615704 0 -0.906482 0 0 0 0 -0.844912
652 653 0.202139 0 -1.31571 0 0 0 0 -1.11357
653 654 0.100385 0 0 0 0 0 0 0.100385
654 655 0.0372704 0 -0.74257 0 0 0 0 -0.705299
655 656 0.0262613 0 -0.984616 0 0 0 0 -0.958355
656 657 0.0216699 0 -1.11844 0 0 0 0 -1.09677
657 658 0.00953868 0 0 0 0 0 0 0.00953868
658 659 0.00314381 0 0 0 0 0 0 0.00314381
660 661 0.0508522 0 -1.39198 0 0 0 0 -1.34112
661 662 0.034626 0 -1.10897 0 0 0 0 -1.07434
662 663 0.0104883 0 -1.33362 0 0 0 0 -1.32313
663 664 0.0808439 0 -1.20848 0 0 0 0 -1.12764
664 665 0.176248 0 -1.3406 0 0 0 0 -1.16436
665 666 9.09512e-09 0 -0.878389 0 0 0 0 -0.878389
666 667 0.023843 0 0 0 0 0 0 0.023843
667 668 0.0256468 0 0 0 0 0 0 0.0256468
668 669 0.0321907 0 -1.31182 0 0 0 0 -1.27963
669 670 0.000987973 0 0 0 0 0 0 0.000987973
670 671 0.099496 0 0 0 0 0 0 0.099496
671 672 0.045247 0 -1.30026 0 0 0 0 -1.25501
672 673 0.0189708 0 0 0 0 0 0 0.0189708
673 674 0.047692 0 0 0 0 0 0 0.047692
674 675 0.0940332 0 0 0 0 0 0 0.0940332
675 676 0.0651065 0 0 0 0 0 0 0.0651065
676 677 0.0614837 0 -1.36287 0 0 0 0 -1.30138
677 678 0.0426257 0 -1.159 0 0 0 0 -1.11637
678 679 0.000279362 0 0 0 0 0 0 0.000279362
680 681 0.182978 0 0 0 0 0 0 0.182978
681 682 0.0111157 0 0 0 0 0 0 0.0111157
682 683 0.00429847 0 -1.23244 0 0 0 0 -1.22814
683 684 0.0642577 0 -1.01704 0 0 0 0 -0.95278
684 685 0.0438137 0 -1.2456 0 0 0 0 -1.20179
685 686 0.224915 0 0 0 0 0 0 0.224915
686 687 0.0416644 0 -1.1947 0 0 0 0 -1.15304
687 688 0.0678266 0 -1.41067 0 0 0 0 -1.34284
688 689 0.0103434 0 -0 0 0 0 0 0.0103434
689 690 0.0333862 0 -1.34997 0 0 0 0 -1.31658
690 691 0.000107429 0 -1.26278 0 0 0 0 -1.26267
691 692 0.00225453 0 -1.02954 0 0 0 0 -1.02728
692 693 0.0874491 0 0 0 0 0 0 0.0874491
693 694 0.0582014 0 -1.3924 0 0 0 0 -1.3342
694 695 0.0694048 0 0 0 0 0 0 0.0694048
695 696 0.000331926 0 -1.05818 0 0 0 0 -1.05785
696 697 0.0056039 0 0 0 0 0 0 0.0056039
697 698 0.110495 0 -1.35477 0 0 0 0 -1.24428
698 699 0.00323508 0 -1.10016 0 0 0 0 -1.09693
700 701 0.149961 0 0 0 0 0 0 0.149961
701 702 0.0034607 0 -1.17347 0 0 0 0 -1.17001
702 703 0.0140752 0 -0.98578 0 0 0 0 -0.971705
703 704 0.0529503 0 -1.40139 0 0 0 0 -1.34844
704 705 0.177137 0 -1.32486 0 0 0 0 -1.14772
705 706 0.00851975 0 -1.27986 0 0 0 0 -1.27134
706 707 0.0525898 0 -1.14994 0 0 0 0 -1.09735
707 708 0.00292285 0 -1.26318 0 0 0 0 -1.26025
708 709 0.00458352 0 -1.24037 0 0 0 0 -1.23579
709 710 0.0219945 0 -1.03218 0 0 0 0 -1.01019
710 711 0.107887 0 -1.28086 0 0 0 0 -1.17298
711 712 0.0124353 0 -0.96013 0 0 0 0 -0.947695
712 713 0.00671244 0 -1.03594 0 0 0 0 -1.02923
713 714 0.0265647 0 0 0 0 0 0 0.0265647
714 715 0.0221301 0 -0.974559 0 0 0 0 -0.952429
715 716 0.0894935 0 0 0 0 0 0 0.0894935
716 717 0.0833458 0 0 0 0 0 0 0.0833458
717 718 0.0308504 0 -1.19402 0 0 0 0 -1.16317
718 719 0.0925765 0 0 0 0 0 0 0.0925765
720 721 0.0012846 0 -1.30621 0 0 0 0 -1.30492
721 722 3.00016e-06 0 -1.01702 0 0 0 0 -1.01702
722 723 0.0291728 0 -1.30058 0 0 0 0 -1.27141
723 724 0.0390926 0 -1.12735 0 0 0 0 -1.08826
724 725 7.68779e-05 0 -0.700454 0 0 0 0 -0.700377
725 726 0.00910763 0 -1.29904 0 0 0 0 -1.28993
724 727 0 0 0 0 0 -5.51556e-05 -0 -5.51556e-05
726 727 0.0468695 0 -0 0 0 0 0 0.0468695
725 728 0 0 0 0 -0 -0.0347953 -0 -0.0347953
724 728 0 0 0 0 -0.776657 0 -0 -0.776657
723 728 0 0 0 0 0 -0.149577 0 -0.149577
727 728 0.00256933 0 -0 0 0 0 0 0.00256933
727 729 0 0 0 0 0 -0 -0.0135479 -0.0135479
724 729 0 0 0 0 0 -0.164835 -0 -0.164835
723 729 0 0 0 0 -0.803864 0 -0 -0.803864
722 729 0 0 0 0 0 -0.156024 0 -0.156024
728 729 0.00350219 0 -1.18231 0 0 0 0 -1.17881
723 730 0 0 0 0 0 -0.118971 -0 -0.118971
722 730 0 0 0 0 -0.700792 0 -0 -0.700792
721 730 0 0 0 0 0 -0.148122 -0 -0.148122
729 730 0.0717887 0 -0.92364 0 0 0 0 -0.851852
722 731 0 0 0 0 0 -0.189643 0 -0.189643
721 731 0 0 0 0 -0.578152 0 -0 -0.578152
720 731 0 0 0 0 0 -0.148205 -0 -0.148205
730 731 0.0281524 0 -1.11989 0 0 0 0 -1.09174
721 732 0 0 0 0 0 -0.205325 0 -0.205325
731 732 0.0102788 0 -1.34097 0 0 0 0 -1.33069
720 733 0 0 0 0 0 -0.0550656 -0 -0.0550656
732 733 0.391067 0 -0.996881 0 0 0 0 -0.605814
733 734 0.000473424 0 -1.19944 0 0 0 0 -1.19897
734 735 0.0459102 0 -0.730702 0 0 0 0 -0.684792
735 736 0.0453333 0 -0.000119533 0 0 0 0 0.0452138
736 737 0.0241745 0 -1.405 0 0 0 0 -1.38083
737 738 0.00304098 0 0 0 0 0 0 0.00304098
738 739 0.126557 0 -1.27756 0 0 0 0 -1.151
740 741 0.0763028 0 -0 0 0 0 0 0.0763028
741 742 0.0076599 0 -0 0 0 0 0 0.0076599
742 743 0.00270446 0 0 0 0 0 0 0.00270446
743 744 0.00688864 0 0 0 0 0 0 0.00688864
744 745 0.0225579 0 0 0 0 0 0 0.0225579
745 746 0.00589046 0 0 0 0 0 0 0.00589046
746 747 0.00903214 0 0 0 0 0 0 0.00903214
747 748 0.00582206 0 -1.15215 0 0 0 0 -1.14633
748 749 0.00432611 0 -1.16165 0 0 0 0 -1.15732
749 750 0.0389933 0 -1.05073 0 0 0 0 -1.01174
750 751 0.0204561 0 -1.30874 0 0 0 0 -1.28828
751 752 0.000878928 0 -1.3342 0 0 0 0 -1.33332
752 753 0.217501 0 0 0 0 0 0 0.217501
753 754 0.0201374 0 0 0 0 0 0 0.0201374
754 755 0.00699067 0 -0.935253 0 0 0 0 -0.928262
755 756 0.0138113 0 -1.13938 0 0 0 0 -1.12557
756 757 0.000759694 0 0 0 0 0 0 0.000759694
757 758 0.178254 0 0 0 0 0 0 0.178254
758 759 0.041077 0 -1.28928 0 0 0 0 -1.2482
760 761 0.0246938 0 -1.12002 0 0 0 0 -1.09533
761 762 0.00558688 0 -0 0 0 0 0 0.00558688
762 763 0.0186221 0 0 0 0 0 0 0.0186221
763 764 0.0111684 0 -1.32098 0 0 0 0 -1.30981
764 765 0.000609421 0 -1.17367 0 0 0 0 -1.17306
765 766 0.00138892 0 0 0 0 0 0 0.00138892
766 767 0.0537441 0 0 0 0 0 0 0.0537441
767 768 0.0858309 0 -1.30197 0 0 0 0 -1.21614
768 769 0.000163896 0 -0.901456 0 0 0 0 -0.901292
769 770 0.000677094 0 -1.2599 0 0 0 0 -1.25922
770 771 0.00934611 0 -0 0 0 0 0 0.00934611
771 772 0.0708868 0 0 0 0 0 0 0.0708868
772 773 0.0382835 0 -1.0179 0 0 0 0 -0.979614
773 774 0.00311481 0 -0.965171 0 0 0 0 -0.962056
774 775 0.0370739 0 0 0 0 0 0 0.0370739
775 776 0.00051189 0 -1.16418 0 0 0 0 -1.16367
776 777 0.000127283 0 -1.3098 0 0 0 0 -1.30967
777 778 0.0287799 0 -1.21383 0 0 0 0 -1.18505
778 779 0.00238438 0 0 0 0 0 0 0.00238438
780 781 0.0961425 0 -1.19375 0 0 0 0 -1.09761
781 782 0.0256085 0 -1.0251 0 0 0 0 -0.999487
782 783 0.000689152 0 -1.05688 0 0 0 0 -1.05619
783 784 0.000988882 0 0 0 0 0 0 0.000988882
784 785 0.00127278 0 -1.00271 0 0 0 0 -1.00143
785 786 0.0712608 0 -1.11635 0 0 0 0 -1.04509
786 787 0.0349875 0 -1.07984 0 0 0 0 -1.04485
787 788 0.0745582 0 0 0 0 0 0 0.0745582
788 789 0.00432435 0 0 0 0 0 0 0.00432435
789 790 0.00402963 0.00759367 -0 0 0 0 0 0.0116233
790 791 0.00173401 0 -0.765535 0 0 0 0 -0.763801
791 792 0.0575831 0 -1.39709 0 0 0 0 -1.33951
792 793 0.0127509 0 0 0 0 0 0 0.0127509
793 794 0.00010285 0 0 0 0 0 0 0.00010285
794 795 0.0105592 0 -1.26429 0 0 0 0 -1.25373
795 796 0.115025 0 -1.11944 0 0 0 0 -1.00442
796 797 0.000596474 0 0 0 0 0 0 0.000596474
797 798 0.0045214 0 0 0 0 0 0 0.0045214
798 799 0.000141059 0 0 0 0 0 0 0.000141059
800 801 0.00573001 0 0 0 0 0 0 0.00573001
801 802 0.0192977 0 0 0 0 0 0 0.0192977
802 803 2.55253e-05 0 0 0 0 0 0 2.55253e-05
803 804 0.107105 0 0 0 0 0 0 0.107105
804 805 0.0472422 0 -1.40259 0 0 0 0 -1.35535
805 806 0.00401207 0 -1.18053 0 0 0 0 -1.17652
806 807 0.0189993 0 -0.853693 0 0 0 0 -0.834693
807 808 0.0845523 0 -0.56971 0 0 0 0 -0.485158
808 809 0.0167122 0 -1.00267 0 0 0 0 -0.985961
809 810 0.173245 0 -1.08635 0 0 0 0 -0.91311
810 811 0.00360705 0 -0.629576 0 0 0 0 -0.625969
811 812 0.074601 0 0 0 0 0 0 0.074601
812 813 0.0469725 0 0 0 0 0 0 0.0469725
813 814 7.50342e-05 0 -1.14823 0 0 0 0 -1.14816
814 815 0.0329492 0 -0.828558 0 0 0 0 -0.795609
815 816 0.0915649 0 -0 0 0 0 0 0.0915649
816 817 0.0266545 0 -0.0901182 0 0 0 0 -0.0634637
808 818 0 0 0 0 0 -0.00366405 -0 -0.00366405
807 818 0 0 0 0 0 -5.74087e-08 0 -5.74087e-08
817 818 0.53727 0 0 0 0 0 0 0.53727
809 819 0 0 0 0 0 -0.0208561 -0 -0.0208561
818 819 0.0598198 0 -1.13081 0 0 0 0 -1.07099
820 821 0.0544134 0 0 0 0 0 0 0.0544134
821 822 0.0213884 0 -1.37324 0 0 0 0 -1.35185
822 823 0.35183 0 -1.21814 0 0 0 0 -0.866315
823 824 0.00200597 0 0 0 0 0 0 0.00200597
824 825 0.00528798 0 0 0 0 0 0 0.00528798
825 826 0.0616178 0 -1.42122 0 0 0 0 -1.35961
826 827 0.0257237 0 -1.26002 0 0 0 0 -1.23429
827 828 0.0414058 0 0 0 0 0 0 0.0414058
828 829 0.0318193 0 -1.28012 0 0 0 0 -1.2483
829 830 0.115932 0 0 0 0 0 0 0.115932
830 831 0.00201979 0 0 0 0 0 0 0.00201979
831 832 0.00346907 0 0 0 0 0 0 0.00346907
832 833 0.05877 0 0 0 0 0 0 0.05877
833 834 0.0702618 0 -1.37726 0 0 0 0 -1.307
834 835 0.00562016 0 -1.14703 0 0 0 0 -1.14141
835 836 0.0448458 0 0 0 0 0 0 0.0448458
836 837 0.198603 0 0 0 0 0 0 0.198603
837 838 0.0842907 0 0 0 0 0 0 0.0842907
838 839 0.0151711 0 0 0 0 0 0 0.0151711
840 841 0.00489024 0 0 0 0 0 0 0.00489024
841 842 0.00860237 0 0 0 0 0 0 0.00860237
842 843 0.053985 0 -0.963888 0 0 0 0 -0.909903
843 844 0.17855 0 0 0 0 0 0 0.17855
844 845 0.000636208 0 0 0 0 0 0 0.000636208
845 846 0.232645 0 -1.1463 0 0 0 0 -0.913651
846 847 0.0300019 0 -1.19976 0 0 0 0 -1.16976
847 848 0.0792712 0 -1.39393 0 0 0 0 -1.31465
848 849 0.000481129 0 -1.31716 0 0 0 0 -1.31668
849 850 0.00172419 0 0 0 0 0 0 0.00172419
850 851 0.296298 0 -0.918936 0 0 0 0 -0.622638
851 852 0.146612 0 0 0 0 0 0 0.146612
852 853 6.39041e-05 0 0 0 0 0 0 6.39041e-05
853 854 0.00356425 0 -0.744471 0 0 0 0 -0.740907
854 855 0.0329043 0 0 0 0 0 0 0.0329043
855 856 0.000147919 0 0 0 0 0 0 0.000147919
856 857 0.175402 0 0 0 0 0 0 0.175402
857 858 0.0128201 0 -1.19315 0 0 0 0 -1.18033
858 859 0.000301119 0 0 0 0 0 0 0.000301119
860 861 0.00706076 0 -1.3162 0 0 0 0 -1.30914
861 862 0.233687 0 -1.2554 0 0 0 0 -1.02171
862 863 0.0168385 0 -1.14268 0 0 0 0 -1.12585
863 864 0.069637 0 -1.27971 0 0 0 0 -1.21007
864 865 0.0125875 0 -1.26567 0 0 0 0 -1.25309
865 866 0.0174158 0 -1.199 0 0 0 0 -1.18158
866 867 0.198171 0 0 0 0 0 0 0.198171
867 868 0.0181925 0 0 0 0 0 0 0.0181925
868 869 0.0396756 0 0 0 0 0 0 0.0396756
869 870 0.166721 0 -1.17635 0 0 0 0 -1.00963
870 871 0.00424898 0 0 0 0 0 0 0.00424898
871 872 0.0601139 0 0 0 0 0 0 0.0601139
872 873 0.0552708 0 -1.37089 0 0 0 0 -1.31562
873 874 0.00423821 0 -1.16528 0 0 0 0 -1.16104
874 875 0.0292364 0 0 0 0 0 0 0.0292364
875 876 0.0348166 0 0 0 0 0 0 0.0348166
876 877 0.0123742 0 -0.991689 0 0 0 0 -0.979315
877 878 0.0030223 0 -1.26734 0 0 0 0 -1.26432
878 879 0.225852 0 0 0 0 0 0 0.225852
880 881 0.00109488 0 -1.08368 0 0 0 0 -1.08258
881 882 0.063403 0 -1.24611 0 0 0 0 -1.1827
882 883 0.099937 0 -0 0 0 0 0 0.099937
883 884 0.00233969 0 0 0 0 0 0 0.00233969
884 885 0.000499785 0 0 0 0 0 0 0.000499785
885 886 0.000111524 0 -1.1557 0 0 0 0 -1.15559
886 887 0.0326615 0 -1.15271 0 0 0 0 -1.12005
887 888 0.00981433 0 -1.04277 0 0 0 0 -1.03295
888 889 0.0111118 0 0 0 0 0 0 0.0111118
889 890 0.00030274 0 -1.15448 0 0 0 0 -1.15418
890 891 0.00133592 0 0 0 0 0 0 0.00133592
891 892 0.109854 0 -1.34091 0 0 0 0 -1.23106
892 893 0.293747 0 -1.41526 0 0 0 0 -1.12152
893 894 0.0295568 0 0 0 0 0 0 0.0295568
894 895 0.00133714 0 0 0 0 0 0 0.00133714
895 896 0.11705 0 0 0 0 0 0 0.11705
896 897 0.0481036 0 0 0 0 0 0 0.0481036
897 898 0.0237405 0 -1.33034 0 0 0 0 -1.3066
894 899 0 0 0 0 0 -0 -0.000996679 -0.000996679
898 899 0.0216592 0 -1.135 0 0 0 0 -1.11334
900 901 0.184589 0 0 0 0 0 0 0.184589
901 902 0.00348196 0 0 0 0 0 0 0.00348196
902 903 0.0365259 0 0 0 0 0 0 0.0365259
903 904 0.0185197 0 -1.29132 0 0 0 0 -1.2728
904 905 0.00329048 0 0 0 0 0 0 0.00329048
905 906 0.000115019 0 0 0 0 0 0 0.000115019
906 907 0.244019 0 -0.892517 0 0 0 0 -0.648498
907 908 0.0151857 0 0 0 0 0 0 0.0151857
908 909 0.0140375 0 -0.821069 0 0 0 0 -0.807031
909 910 0.143692 0 -0 0 0 0 0 0.143692
910 911 0.0185066 0 -1.32205 0 0 0 0 -1.30354
911 912 0.0110313 0 0 0 0 0 0 0.0110313
912 913 0.0449586 0 0 0 0 0 0 0.0449586
913 914 0.0032072 0 -1.24759 0 0 0 0 -1.24438
914 915 0.138604 0 0 0 0 0 0 0.138604
915 916 0.0411961 0 -1.28131 0 0 0 0 -1.24011
916 917 0.000558831 0 -1.22267 0 0 0 0 -1.22211
917 918 0.0836306 0 -0.947694 0 0 0 0 -0.864064
918 919 0.0065653 0 0 0 0 0 0 0.0065653
920 921 0.0409659 0 -1.0403 0 0 0 0 -0.999332
921 922 0.0344781 0 0 0 0 0 0 0.0344781
922 923 0.00668854 0 -1.32144 0 0 0 0 -1.31475
923 924 0.00564273 0 -0.809751 0 0 0 0 -0.804108
924 925 0.172011 0 -1.2575 0 0 0 0 -1.08549
925 926 0.0305601 0 0 0 0 0 0 0.0305601
926 927 0.164469 0 -0.965559 0 0 0 0 -0.80109
922 928 0 0 0 0 0 -0.00205972 0 -0.00205972
927 928 0.0924802 0 -1.38889 0 0 0 0 -1.29641
928 929 0.00552382 0 0 0 0 0 0 0.00552382
929 930 0.00106566 0 -1.20762 0 0 0 0 -1.20655
930 931 0.164803 0 0 0 0 0 0 0.164803
931 932 0.102862 0 -1.07801 0 0 0 0 -0.975145
932 933 0.0196304 0 -0.882443 0 0 0 0 -0.862813
933 934 0.0115979 0 -1.28493 0 0 0 0 -1.27333
934 935 0.000254183 0 0 0 0 0 0 0.000254183
935 936 0.281573 0 -1.05708 0 0 0 0 -0.775502
936 937 0.150001 0 -0.972867 0 0 0 0 -0.822867
937 938 0.0345412 0 -1.10824 0 0 0 0 -1.0737
938 939 0.00404403 0 -0.830602 0 0 0 0 -0.826558
940 941 0.00234357 0 -1.09635 0 0 0 0 -1.094
941 942 0.00315878 0 -1.15665 0 0 0 0 -1.15349
942 943 0.0183884 0 -1.10079 0 0 0 0 -1.0824
943 944 0.00387674 0 -1.30439 0 0 0 0 -1.30051
944 945 0.0332595 0 -1.18377 0 0 0 0 -1.15051
945 946 0.0488062 0 0 0 0 0 0 0.0488062
946 947 0.0227724 0 -0 0 0 0 0 0.0227724
947 948 0.0580599 0 -1.01613 0 0 0 0 -0.958074
948 949 0.00863026 0 0 0 0 0 0 0.00863026
949 950 0.0017826 0 -0 0 0 0 0 0.0017826
950 951 0.0612709 0 -0.939086 0 0 0 0 -0.877816
951 952 0.00019135 0 0 0 0 0 0 0.00019135
952 953 0.0643441 0 -1.23306 0 0 0 0 -1.16871
953 954 0.0136122 0 -1.30479 0 0 0 0 -1.29118
954 955 0.0145511 0 0 0 0 0 0 0.0145511
955 956 0.105952 0 0 0 0 0 0 0.105952
956 957 0.0406066 0 -0.876494 0 0 0 0 -0.835887
957 958 4.72903e-05 0 -1.07669 0 0 0 0 -1.07664
958 959 0.00312159 0 -1.03109 0 0 0 0 -1.02796
960 961 0.132702 0 0 0 0 0 0 0.132702
961 962 0.011487 0 -1.32595 0 0 0 0 -1.31446
962 963 0.000310294 0 -1.29743 0 0 0 0 -1.29712
963 964 0.0833501 0 -1.24528 0 0 0 0 -1.16193
964 965 0.14646 0 -1.17788 0 0 0 0 -1.03142
965 966 6.92802e-05 0 -0.555539 0 0 0 0 -0.55547
966 967 0.00758002 0 0 0 0 0 0 0.00758002
965 968 0 0 0 0 -0 -0.0294767 0 -0.0294767
964 968 0 0 0 0 -0.546035 -1.03258e-06 -0 -0.546036
963 968 0 0 0 0 0 -0.152866 0 -0.152866
967 968 0.0174378 0 0 0 0 0 0 0.0174378
964 969 0 0 0 0 0 -0.134367 0 -0.134367
963 969 0 0 0 0 -0.845564 0 -0 -0.845564
962 969 0 0 0 0 0 -0.200384 0 -0.200384
968 969 0.0410353 0 -1.22371 0 0 0 0 -1.18267
963 970 0 0 0 0 0 -0.119088 0 -0.119088
962 970 0 0 0 0 -0.778915 0 -0 -0.778915
961 970 0 0 0 0 0 -0.175273 -0 -0.175273
969 970 0.166882 0 -0.841949 0 0 0 0 -0.675067
962 971 0 0 0 0 -0 -0.0446667 0 -0.0446667
970 971 0.00351933 0 -1.12971 0 0 0 0 -1.12619
971 972 0.0174037 0 0 0 0 0 0 0.0174037
972 973 0.2252 0 0 0 0 0 0 0.2252
973 974 0.0229641 0 0 0 0 0 0 0.0229641
974 975 0.112319 0 -1.15646 0 0 0 0 -1.04414
975 976 0.000106639 0 -1.05438 0 0 0 0 -1.05427
976 977 0.0293121 0 -0.444741 0 0 0 0 -0.415429
977 978 0.0455889 0 -0.73444 0 0 0 0 -0.688851
978 979 4.34781e-06 0 -1.11395 0 0 0 0 -1.11395
980 981 0.00324534 0 -0 0 0 0 0 0.00324534
981 982 0.00683285 0 -1.1476 0 0 0 0 -1.14077
982 983 0.0023482 0 -1.3268 0 0 0 0 -1.32446
983 984 0.0007013 0 -1.02065 0 0 0 0 -1.01995
984 985 7.3371e-05 0 -1.25306 0 0 0 0 -1.25299
985 986 0.127884 0 0 0 0 0 0 0.127884
986 987 0.0218383 0 -0.876746 0 0 0 0 -0.854907
987 988 0.000323143 0 0 0 0 0 0 0.000323143
988 989 0.373596 0 -1.19765 0 0 0 0 -0.82405
989 990 0.0455275 0 0 0 0 0 0 0.0455275
990 991 0.0898101 0 -0 0 0 0 0 0.0898101
991 992 0.00602823 0 0 0 0 0 0 0.00602823
992 993 0.045325 0 -0.914246 0 0 0 0 -0.868921
993 994 0.0267704 0 -1.26294 0 0 0 0 -1.23617
994 995 0.000192344 0 -0.91641 0 0 0 0 -0.916218
995 996 0.28354 0 0 0 0 0 0 0.28354
996 997 0.0236959 0 -1.29221 0 0 0 0 -1.26851
997 998 0.00225342 0 -1.28232 0 0 0 0 -1.28007
998 999 0.0425081 0 0 0 0 0 0 0.0425081
#Total energy per particle is  -0.547769 and should be -0.54776910
