           0   0.000000
       10000  -1.441669
       20000  -2.466620
       30000   0.000000
       40000   0.000000
       50000   0.000000
       60000  -0.619780
       70000  -0.677253
       80000  -0.025262
       90000  -0.985390
      100000  -3.752735
      110000  -2.827346
      120000  -4.351752
      130000   0.000000
      140000  -4.006126
      150000  -4.270812
      160000  -2.999275
      170000  -4.050909
      180000  -2.769684
      190000  -5.249173
      200000  -3.902191
