#id1 id2 FENE BEXC STCK NEXC HB CRSTCK CXSTCK total, t = 200000
0 1 0.0121511 0 0 0 0 0 0 0.0121511
1 2 8.65189e-05 0 -0.94425 0 0 0 0 -0.944164
2 3 0.0821495 0 -1.19325 0 0 0 0 -1.1111
3 4 0.010023 0 0 0 0 0 0 0.010023
4 5 0.0403619 0 -1.10282 0 0 0 0 -1.06246
5 6 0.0156449 0 -0.95439 0 0 0 0 -0.938745
6 7 0.0378985 0 -1.02651 0 0 0 0 -0.988616
7 8 0.000134216 0 -1.38507 0 0 0 0 -1.38493
8 9 0.0885135 0 -0.977095 0 0 0 0 -0.888582
9 10 0.260286 0 -1.06576 0 0 0 0 -0.805474
10 11 0.00150786 0 -1.20702 0 0 0 0 -1.20551
11 12 0.0584944 0 0 0 0 0 0 0.0584944
12 13 0.110371 0 -1.00575 0 0 0 0 -0.895375
13 14 0.010054 0 -1.24074 0 0 0 0 -1.23069
14 15 0.0691709 0 0 0 0 0 0 0.0691709
15 16 0.0347054 0 -0.343214 0 0 0 0 -0.308508
14 17 0 0 0 0 -0 -0 -0.556386 -0.556386
16 17 0.035578 0 0 0 0 0 0 0.035578
17 18 0.292205 0 -1.27429 0 0 0 0 -0.982082
18 19 0.00644484 0 -1.11607 0 0 0 0 -1.10962
20 21 0.0051179 0 0 0 0 0 0 0.0051179
21 22 0.0319737 0 -0.549088 0 0 0 0 -0.517114
22 23 0.042781 0 0 0 0 0 0 0.042781
23 24 0.0145469 0 0 0 0 0 0 0.0145469
24 25 0.0893257 0 0 0 0 0 0 0.0893257
25 26 0.0199421 0 -1.14823 0 0 0 0 -1.12829
26 27 0.0135987 0 0 0 0 0 0 0.0135987
27 28 0.0564649 0 0 0 0 0 0 0.0564649
28 29 0.0659684 0 -1.3058 0 0 0 0 -1.23983
29 30 0.0805793 0 -0.93191 0 0 0 0 -0.851331
30 31 0.0563508 0 -0.445834 0 0 0 0 -0.389483
31 32 3.49643e-06 0 0 0 0 0 0 3.49643e-06
31 33 0 0 0 0.00159479 0 0 0 0.00159479
32 33 0.124332 0 0 0 0 0 0 0.124332
33 34 0.0999853 0 0 0 0 0 0 0.0999853
34 35 0.114562 0 0 0 0 0 0 0.114562
35 36 0.00750795 0 -1.28229 0 0 0 0 -1.27478
36 37 0.166029 0 -0 0 0 0 0 0.166029
37 38 0.00976457 0 0 0 0 0 0 0.00976457
38 39 0.18158 0 -1.13424 0 0 0 0 -0.952664
40 41 0.0158179 0 0 0 0 0 0 0.0158179
41 42 0.0379631 0 -1.24312 0 0 0 0 -1.20516
42 43 0.0968499 0 0 0 0 0 0 0.0968499
43 44 0.00158142 0 -1.19296 0 0 0 0 -1.19138
44 45 0.0273515 0 -1.28229 0 0 0 0 -1.25494
45 46 0.0016147 0 -0.275324 0 0 0 0 -0.273709
46 47 0.0139318 0 -1.27801 0 0 0 0 -1.26408
47 48 0.152486 0 -1.24947 0 0 0 0 -1.09699
48 49 0.017311 0 0 0 0 0 0 0.017311
49 50 0.0332283 0 -1.26665 0 0 0 0 -1.23342
50 51 0.0391883 0 -0.405024 0 0 0 0 -0.365835
51 52 0.20658 0 -0.206296 0 0 0 0 0.000284626
52 53 0.00146735 0 0 0 0 0 0 0.00146735
53 54 0.04424 0 0 0 0 0 0 0.04424
54 55 0.0124228 0 -0 0 0 0 0 0.0124228
55 56 0.00822821 0 0 0 0 0 0 0.00822821
56 57 0.00438188 0 0 0 0 0 0 0.00438188
57 58 0.031388 0 -0 0 0 0 0 0.031388
58 59 0.0408773 0 -1.15323 0 0 0 0 -1.11235
60 61 0.00641311 0 -0.843744 0 0 0 0 -0.837331
61 62 0.00163982 0 0 0 0 0 0 0.00163982
62 63 0.0335627 0 0 0 0 0 0 0.0335627
63 64 0.055217 0 -1.29064 0 0 0 0 -1.23542
64 65 0.000815171 0 -1.07265 0 0 0 0 -1.07184
65 66 0.00101457 0 -1.13179 0 0 0 0 -1.13078
66 67 0.049762 0 0 0 0 0 0 0.049762
67 68 0.00824939 0 0 0 0 0 0 0.00824939
68 69 0.00186362 0 0 0 0 0 0 0.00186362
69 70 0.00122498 0 -1.09537 0 0 0 0 -1.09415
70 71 0.0367104 0 -1.32639 0 0 0 0 -1.28968
71 72 0.150763 0 -1.03749 0 0 0 0 -0.886726
72 73 0.00163828 0 -1.22898 0 0 0 0 -1.22734
73 74 0.0022711 0 -1.07727 0 0 0 0 -1.075
74 75 0.00125168 0 0 0 0 0 0 0.00125168
75 76 0.00738149 0 -1.25135 0 0 0 0 -1.24396
76 77 0.00116524 0 -1.14803 0 0 0 0 -1.14686
77 78 0.0394274 0 0 0 0 0 0 0.0394274
78 79 0.013275 0 -1.38531 0 0 0 0 -1.37203
80 81 0.0359429 0 -0.934379 0 0 0 0 -0.898436
81 82 0.119522 0 0 0 0 0 0 0.119522
82 83 0.0256157 0 0 0 0 0 0 0.0256157
83 84 0.00486625 0 0 0 0 0 0 0.00486625
84 85 0.0261528 0 -0 0 0 0 0 0.0261528
85 86 0.000915132 0 -0 0 0 0 0 0.000915132
86 87 0.0173664 0 -0.0229204 0 0 0 0 -0.00555396
87 88 0.0287322 0 -1.33418 0 0 0 0 -1.30545
88 89 0.00075784 0 -0.473088 0 0 0 0 -0.47233
89 90 0.00177692 0 0 0 0 0 0 0.00177692
90 91 0.164948 0 0 0 0 0 0 0.164948
91 92 0.0410269 0 0 0 0 0 0 0.0410269
92 93 0.100961 0 0 0 0 0 0 0.100961
93 94 0.00389673 0 -1.45677 0 0 0 0 -1.45288
94 95 0.0589322 0 -0.82474 0 0 0 0 -0.765808
95 96 0.0735114 0 -1.19541 0 0 0 0 -1.1219
96 97 0.0698473 0 0 0 0 0 0 0.0698473
97 98 0.0645181 0 0 0 0 0 0 0.0645181
98 99 7.48867e-06 0 0 0 0 0 0 7.48867e-06
100 101 0.0178582 0 0 0 0 0 0 0.0178582
101 102 0.000405695 0 -1.08357 0 0 0 0 -1.08316
102 103 0.00233252 0 -1.27644 0 0 0 0 -1.27411
103 104 0.00737963 0 -1.08122 0 0 0 0 -1.07385
104 105 0.100165 0 -1.20788 0 0 0 0 -1.10771
105 106 0.159988 0 -1.13334 0 0 0 0 -0.973348
106 107 0.359754 0 -0.968677 0 0 0 0 -0.608923
107 108 0.00220463 0 -1.29386 0 0 0 0 -1.29166
108 109 0.141683 0 -1.21368 0 0 0 0 -1.072
109 110 0.01658 0 0 0 0 0 0 0.01658
110 111 0.0503268 0 0 0 0 0 0 0.0503268
111 112 0.123261 0 0 0 0 0 0 0.123261
112 113 0.02393 0 0 0 0 0 0 0.02393
113 114 0.0279921 0 0 0 0 0 0 0.0279921
114 115 0.0426065 0 -1.03163 0 0 0 0 -0.989021
115 116 0.00654687 0 0 0 0 0 0 0.00654687
116 117 0.00390296 0 0 0 0 0 0 0.00390296
117 118 0.0428282 0 0 0 0 0 0 0.0428282
118 119 0.196631 0 -1.35535 0 0 0 0 -1.15872
120 121 0.0192979 0 -1.22355 0 0 0 0 -1.20425
121 122 1.13591e-05 0 -0.488355 0 0 0 0 -0.488344
122 123 0.0908362 0 -0.820974 0 0 0 0 -0.730138
123 124 0.0477498 0 -1.42501 0 0 0 0 -1.37726
124 125 0.00312715 0 0 0 0 0 0 0.00312715
125 126 0.117742 0 0 0 0 0 0 0.117742
126 127 0.00449689 0 -1.21283 0 0 0 0 -1.20834
127 128 0.0117434 0 0 0 0 0 0 0.0117434
128 129 0.00420473 0 -0.813811 0 0 0 0 -0.809606
129 130 0.175711 0 0 0 0 0 0 0.175711
130 131 0.00901891 0 -1.23576 0 0 0 0 -1.22674
131 132 0.0258436 0 -1.28474 0 0 0 0 -1.2589
132 133 0.0028845 0 -0.819992 0 0 0 0 -0.817108
133 134 0.00428946 0 0 0 0 0 0 0.00428946
134 135 0.0261444 0 -0 0 0 0 0 0.0261444
135 136 0.00440335 0 -0 0 0 0 0 0.00440335
136 137 0.00336448 0 0 0 0 0 0 0.00336448
137 138 3.01028e-05 0 -1.10259 0 0 0 0 -1.10256
138 139 0.0323039 0 -1.07839 0 0 0 0 -1.04609
140 141 0.00328063 0 0 0 0 0 0 0.00328063
141 142 0.0676461 0 -0 0 0 0 0 0.0676461
142 143 0.00546204 0 -1.03118 0 0 0 0 -1.02572
143 144 0.00153045 0 0 0 0 0 0 0.00153045
144 145 0.148631 0 -1.43529 0 0 0 0 -1.28665
145 146 0.0159435 0 -1.27661 0 0 0 0 -1.26067
146 147 0.000233819 0 -0.994109 0 0 0 0 -0.993875
147 148 0.0120713 0 -1.30983 0 0 0 0 -1.29776
148 149 0.0186708 0 -0 0 0 0 0 0.0186708
149 150 0.0437555 0 0 0 0 0 0 0.0437555
146 151 0 0 0 0 -0 -0.178828 0 -0.178828
145 151 0 0 0 0 -0.801315 0 -0 -0.801315
144 151 0 0 0 0 0 -0.172658 0 -0.172658
150 151 0.0270429 0 -0.143063 0 0 0 0 -0.11602
145 152 0 0 0 0 -0 -0.119443 0 -0.119443
151 152 0.0064634 0 -1.20209 0 0 0 0 -1.19563
152 153 0.0341357 0 -0.00405264 0 0 0 0 0.0300831
153 154 0.0172694 0 -1.25788 0 0 0 0 -1.24061
154 155 0.0461425 0 -0.79716 0 0 0 0 -0.751018
155 156 0.0264366 0 -0.750949 0 0 0 0 -0.724512
156 157 0.0764378 0 0 0 0 0 0 0.0764378
157 158 0.00293314 0 0 0 0 0 0 0.00293314
158 159 0.000550695 0 -0.497128 0 0 0 0 -0.496578
160 161 0.0136132 0 -0 0 0 0 0 0.0136132
161 162 0.000839467 0 0 0 0 0 0 0.000839467
162 163 0.0401082 0 -0.973285 0 0 0 0 -0.933177
163 164 0.102586 0 0 0 0 0 0 0.102586
164 165 0.125466 0 0 0 0 0 0 0.125466
165 166 0.0155691 0 -1.10064 0 0 0 0 -1.08507
166 167 0.178171 0 0 0 0 0 0 0.178171
167 168 0.00366591 0 -0 0 0 0 0 0.00366591
168 169 0.0783571 0 -1.10148 0 0 0 0 -1.02313
169 170 0.018295 0 -1.43468 0 0 0 0 -1.41639
170 171 0.0167236 0 -1.29047 0 0 0 0 -1.27375
171 172 0.00441823 0 0 0 0 0 0 0.00441823
172 173 0.310545 0 0 0 0 0 0 0.310545
173 174 0.0151835 0 0 0 0 0 0 0.0151835
174 175 0.0120401 0 -1.05992 0 0 0 0 -1.04788
175 176 0.163508 0 0 0 0 0 0 0.163508
176 177 0.0492017 0 0 0 0 0 0 0.0492017
177 178 0.219283 0 -1.2351 0 0 0 0 -1.01582
178 179 0.00743362 0 -1.03301 0 0 0 0 -1.02557
180 181 0.19685 0 0 0 0 0 0 0.19685
181 182 0.00865908 0 0 0 0 0 0 0.00865908
182 183 0.0604852 0 0 0 0 0 0 0.0604852
183 184 0.0216901 0 0 0 0 0 0 0.0216901
184 185 0.0160092 0 -0.929254 0 0 0 0 -0.913245
185 186 0.0963199 0 0 0 0 0 0 0.0963199
186 187 0.000301209 0 -0 0 0 0 0 0.000301209
187 188 0.00362943 0 -0 0 0 0 0 0.00362943
187 189 0 0 0 0.0532347 0 0 0 0.0532347
188 189 0.00035957 0 -0.963409 0 0 0 0 -0.963049
189 190 0.0317633 0 -1.17696 0 0 0 0 -1.1452
190 191 0.00362363 0 -1.19324 0 0 0 0 -1.18962
191 192 0.182785 0 -0.792727 0 0 0 0 -0.609943
192 193 0.0588396 0 -1.21325 0 0 0 0 -1.15441
193 194 0.0231672 0 0 0 0 0 0 0.0231672
194 195 0.000205463 0 -1.36755 0 0 0 0 -1.36735
195 196 0.0570796 0 -0.384172 0 0 0 0 -0.327093
196 197 0.0363152 0 0 0 0 0 0 0.0363152
197 198 0.0153592 0 -0 0 0 0 0 0.0153592
198 199 0.000267968 0 0 0 0 0 0 0.000267968
200 201 0.00404825 0 0 0 0 0 0 0.00404825
201 202 0.0336205 0 -1.09922 0 0 0 0 -1.0656
202 203 0.00100939 0 -1.13228 0 0 0 0 -1.13127
203 204 0.00443472 0 -1.12675 0 0 0 0 -1.12231
204 205 0.0883398 0 0 0 0 0 0 0.0883398
205 206 0.00532493 0 0 0 0 0 0 0.00532493
206 207 9.85626e-05 0 -0 0 0 0 0 9.85626e-05
207 208 0.187236 0 0 0 0 0 0 0.187236
208 209 0.000366306 0 0 0 0 0 0 0.000366306
209 210 0.089702 0 -1.43589 0 0 0 0 -1.34619
210 211 0.0455433 0 -1.35599 0 0 0 0 -1.31045
211 212 0.405749 0 -0 0 0 0 0 0.405749
212 213 0.170533 0 -0.663513 0 0 0 0 -0.49298
213 214 0.025038 0 0 0 0 0 0 0.025038
214 215 0.042231 0 -1.209 0 0 0 0 -1.16677
215 216 0.0651517 0 -0 0 0 0 0 0.0651517
216 217 0.00717257 0 0 0 0 0 0 0.00717257
217 218 0.0016408 0 0 0 0 0 0 0.0016408
218 219 0.0214647 0 -1.28835 0 0 0 0 -1.26688
220 221 0.0164477 0 -0 0 0 0 0 0.0164477
221 222 0.0193594 0 -1.23749 0 0 0 0 -1.21813
220 223 0 0 0 0 0 -0.0109407 -0 -0.0109407
222 223 0.0678326 0 -0.894276 0 0 0 0 -0.826443
221 224 0 0 0 0 0 -3.46226e-07 0 -3.46226e-07
223 224 0.0814301 0 -0 0 0 0 0 0.0814301
224 225 0.0312264 0 0 0 0 0 0 0.0312264
225 226 0.0412023 0 -1.36195 0 0 0 0 -1.32075
226 227 0.0863687 0 -1.13451 0 0 0 0 -1.04814
227 228 0.00551628 0 0 0 0 0 0 0.00551628
228 229 0.000625873 0 -1.27493 0 0 0 0 -1.27431
229 230 0.00735402 0 -1.32307 0 0 0 0 -1.31572
230 231 0.00144835 0 -1.4157 0 0 0 0 -1.41425
231 232 0.0390391 0 0 0 0 0 0 0.0390391
232 233 0.00194994 0 -1.31731 0 0 0 0 -1.31536
233 234 0.000419439 0 -0.980051 0 0 0 0 -0.979632
234 235 0.0312172 0 -1.22204 0 0 0 0 -1.19082
235 236 0.00730768 0 0 0 0 0 0 0.00730768
236 237 0.00221625 0 0 0 0 0 0 0.00221625
237 238 0.072876 0 -0.76133 0 0 0 0 -0.688454
238 239 0.0859883 0 0 0 0 0 0 0.0859883
240 241 0.020044 0 -1.03996 0 0 0 0 -1.01991
241 242 0.00778704 0 0 0 0 0 0 0.00778704
242 243 8.76615e-05 0 -1.19729 0 0 0 0 -1.1972
243 244 0.00359745 0 0 0 0 0 0 0.00359745
244 245 0.0571031 0 -1.25285 0 0 0 0 -1.19575
245 246 0.00505174 0 -0 0 0 0 0 0.00505174
246 247 0.260478 0 -1.12433 0 0 0 0 -0.86385
247 248 0.0197257 0 -1.13214 0 0 0 0 -1.11241
247 249 0 0 0 0 0 -1.05294e-06 0 -1.05294e-06
248 249 0.159223 0 -0.960816 0 0 0 0 -0.801592
249 250 0.000197834 0 -0 0 0 0 0 0.000197834
250 251 0.181141 0 -1.17434 0 0 0 0 -0.993197
251 252 0.0257018 0 -0.866243 0 0 0 0 -0.840541
252 253 0.2147 0 -1.27557 0 0 0 0 -1.06087
253 254 0.0148058 0 0 0 0 0 0 0.0148058
254 255 0.0410126 0 -1.4309 0 0 0 0 -1.38989
255 256 0.000821715 0 0 0 0 0 0 0.000821715
256 257 0.00042484 0 -1.08249 0 0 0 0 -1.08206
257 258 0.00185019 0 -0.889392 0 0 0 0 -0.887541
258 259 0.0560116 0 0 0 0 0 0 0.0560116
260 261 0.0108049 0 0 0 0 0 0 0.0108049
261 262 0.00788408 0 -0.990336 0 0 0 0 -0.982452
262 263 0.00528006 0 -1.1861 0 0 0 0 -1.18082
263 264 0.0973516 0 -1.39445 0 0 0 0 -1.2971
264 265 0.257752 0 0 0 0 0 0 0.257752
265 266 0.0187273 0 0 0 0 0 0 0.0187273
266 267 0.0142797 0 -1.1497 0 0 0 0 -1.13542
267 268 0.0403275 0 -1.19813 0 0 0 0 -1.1578
268 269 0.0369577 0 0 0 0 0 0 0.0369577
269 270 0.00343002 0 -1.31637 0 0 0 0 -1.31294
270 271 0.114197 0 -1.22924 0 0 0 0 -1.11504
271 272 0.01313 0 0 0 0 0 0 0.01313
272 273 0.102286 0 0 0 0 0 0 0.102286
273 274 0.00632172 0 -1.22867 0 0 0 0 -1.22235
274 275 0.0568256 0 -0.846837 0 0 0 0 -0.790012
275 276 0.00214329 0 -1.18697 0 0 0 0 -1.18483
276 277 0.0712564 0 -1.40126 0 0 0 0 -1.33001
277 278 0.000107617 0 0 0 0 0 0 0.000107617
278 279 6.96066e-05 0 -0 0 0 0 0 6.96066e-05
280 281 0.068485 0 0 0 0 0 0 0.068485
281 282 0.00987611 0 0 0 0 0 0 0.00987611
282 283 0.15157 0 0 0 0 0 0 0.15157
283 284 0.0185499 0 -0.757231 0 0 0 0 -0.738682
284 285 0.00439513 0 -1.37523 0 0 0 0 -1.37084
285 286 0.0807349 0 0 0 0 0 0 0.0807349
286 287 0.00715425 0 -1.15044 0 0 0 0 -1.14329
287 288 0.00143818 0 -1.05284 0 0 0 0 -1.0514
288 289 0.00230779 0 -1.34263 0 0 0 0 -1.34032
289 290 0.00323535 0 -1.24721 0 0 0 0 -1.24397
290 291 0.0228598 0 0 0 0 0 0 0.0228598
291 292 0.00381554 0 -0.953427 0 0 0 0 -0.949612
292 293 0.268349 0 0 0 0 0 0 0.268349
293 294 0.00943242 0 0 0 0 0 0 0.00943242
294 295 0.0328228 0 -0 0 0 0 0 0.0328228
295 296 6.69146e-05 0 -0.78717 0 0 0 0 -0.787103
296 297 0.0213612 0 0 0 0 0 0 0.0213612
297 298 0.00159504 0 -1.19192e-05 0 0 0 0 0.00158312
298 299 0.0974182 0.00229409 0 0 0 0 0 0.0997123
300 301 0.0179275 0 -0.953141 0 0 0 0 -0.935213
301 302 0.0614844 0 0 0 0 0 0 0.0614844
302 303 0.00296447 0 -1.2014 0 0 0 0 -1.19843
303 304 0.0642141 0 -1.38975 0 0 0 0 -1.32553
304 305 0.016833 0 0 0 0 0 0 0.016833
305 306 0.0130592 0 -1.23132 0 0 0 0 -1.21826
306 307 0.0585748 0 0 0 0 0 0 0.0585748
305 308 0 0 0 0 -0 -0.000214725 0 -0.000214725
307 308 6.33451e-06 0 -1.2768 0 0 0 0 -1.2768
305 309 0 0 0 0 0 -0.0908027 0 -0.0908027
308 309 0.0164019 0 -1.31858 0 0 0 0 -1.30218
309 310 0.00651223 0 -1.42382 0 0 0 0 -1.41731
310 311 0.000636562 0 -1.18564 0 0 0 0 -1.18501
311 312 0.0645723 0 -0.954978 0 0 0 0 -0.890405
312 313 0.00976799 0 0 0 0 0 0 0.00976799
313 314 0.00288905 0 -1.40983 0 0 0 0 -1.40694
314 315 0.000783896 0 0 0 0 0 0 0.000783896
315 316 0.114501 0 -1.02191 0 0 0 0 -0.907406
316 317 0.0968243 0 -1.09049 0 0 0 0 -0.993664
317 318 0.000173986 0 0 0 0 0 0 0.000173986
318 319 0.0218439 0 -1.02159 0 0 0 0 -0.999747
320 321 0.360353 0 -1.36382 0 0 0 0 -1.00347
321 322 0.000926117 0 -0.954743 0 0 0 0 -0.953817
322 323 0.073584 0 -1.30277 0 0 0 0 -1.22918
323 324 0.000467037 0 -1.16563 0 0 0 0 -1.16516
324 325 0.0123495 0 0 0 0 0 0 0.0123495
325 326 0.129489 0 -0.979795 0 0 0 0 -0.850307
326 327 0.00664749 0 -0.939109 0 0 0 0 -0.932461
327 328 0.0192982 0 0 0 0 0 0 0.0192982
328 329 0.00195941 0 -0.403382 0 0 0 0 -0.401422
329 330 0.00335843 0 0 0 0 0 0 0.00335843
330 331 0.0112988 0 -0.69118 0 0 0 0 -0.679881
331 332 0.020497 0 -0.809535 0 0 0 0 -0.789038
332 333 0.0400171 0 0 0 0 0 0 0.0400171
333 334 0.0334649 0 0 0 0 0 0 0.0334649
334 335 0.0232364 0 -1.43133 0 0 0 0 -1.4081
335 336 0.000382478 0 -1.3768 0 0 0 0 -1.37642
336 337 0.0315102 0 -1.15825 0 0 0 0 -1.12674
337 338 0.00316738 0 -1.40366 0 0 0 0 -1.40049
338 339 0.000194601 0 0 0 0 0 0 0.000194601
340 341 0.0138671 0 -0.94006 0 0 0 0 -0.926193
341 342 0.235488 0 -0.911427 0 0 0 0 -0.675939
342 343 0.168739 0 0 0 0 0 0 0.168739
343 344 0.0545169 0 -0.965382 0 0 0 0 -0.910865
344 345 0.101071 0 -1.26017 0 0 0 0 -1.1591
345 346 0.00690194 0 -0.593071 0 0 0 0 -0.58617
346 347 0.0422539 0 -0.564783 0 0 0 0 -0.522529
347 348 0.00590779 0 -0.92932 0 0 0 0 -0.923412
348 349 0.0268045 0 0 0 0 0 0 0.0268045
349 350 0.249005 0 0 0 0 0 0 0.249005
350 351 7.97057e-05 0 -1.07788 0 0 0 0 -1.0778
351 352 0.0226953 0 -1.22669 0 0 0 0 -1.204
352 353 0.00289987 0 -1.12812 0 0 0 0 -1.12522
353 354 0.0220912 0 -1.30214 0 0 0 0 -1.28005
354 355 0.0267644 0 -1.22156 0 0 0 0 -1.19479
355 356 0.00957065 0 -1.05484 0 0 0 0 -1.04527
356 357 0.15985 0 -1.31432 0 0 0 0 -1.15447
357 358 0.000357449 0 -0.743149 0 0 0 0 -0.742792
358 359 0.0718755 0 0 0 0 0 0 0.0718755
360 361 0.0123993 0 0 0 0 0 0 0.0123993
361 362 0.00465901 0 -0.958928 0 0 0 0 -0.954269
362 363 0.0170545 0 -0 0 0 0 0 0.0170545
363 364 0.00363204 0 -1.13064 0 0 0 0 -1.12701
364 365 0.0254052 0 -1.13176 0 0 0 0 -1.10635
365 366 0.0513498 0 0 0 0 0 0 0.0513498
366 367 0.0133772 0 -0.887487 0 0 0 0 -0.87411
367 368 0.0185252 0 -1.19183 0 0 0 0 -1.1733
368 369 0.0197741 0 0 0 0 0 0 0.0197741
369 370 0.160528 0 -1.33848 0 0 0 0 -1.17795
370 371 0.0593767 0 -1.10295 0 0 0 0 -1.04357
371 372 0.0251721 0 -1.36266 0 0 0 0 -1.33749
372 373 0.0218079 0 0 0 0 0 0 0.0218079
373 374 0.0182696 0 -1.21617 0 0 0 0 -1.1979
374 375 0.00115691 0 -1.30721 0 0 0 0 -1.30605
375 376 0.000188606 0 -0.856885 0 0 0 0 -0.856696
376 377 0.153216 0 0 0 0 0 0 0.153216
377 378 0.171717 0 0 0 0 0 0 0.171717
378 379 0.0322115 0 0 0 0 0 0 0.0322115
380 381 0.0868732 0 0 0 0 0 0 0.0868732
381 382 5.54503e-08 0 -1.30693 0 0 0 0 -1.30693
382 383 0.0100687 0 -1.04703 0 0 0 0 -1.03696
383 384 0.00279259 0 0 0 0 0 0 0.00279259
384 385 0.045533 0 -0 0 0 0 0 0.045533
385 386 0.00154025 0 0 0 0 0 0 0.00154025
384 387 0 0 0 0 0 -0.000457773 0 -0.000457773
386 387 0.311911 0 -1.20585 0 0 0 0 -0.893941
387 388 0.00554619 0 -0.968919 0 0 0 0 -0.963373
388 389 0.00350289 0 -1.298 0 0 0 0 -1.2945
389 390 0.0882889 0 -1.25407 0 0 0 0 -1.16578
390 391 0.0343322 0 0 0 0 0 0 0.0343322
391 392 0.00573262 0 0 0 0 0 0 0.00573262
392 393 6.28103e-05 0 -1.30795 0 0 0 0 -1.30789
393 394 0.000968097 0 -1.36442 0 0 0 0 -1.36345
394 395 0.091834 0 -1.17256 0 0 0 0 -1.08073
395 396 0.016021 0 0 0 0 0 0 0.016021
396 397 6.21978e-05 0 0 0 0 0 0 6.21978e-05
397 398 0.000272967 0 0 0 0 0 0 0.000272967
398 399 0.00154748 0 0 0 0 0 0 0.00154748
400 401 0.028982 0 0 0 0 0 0 0.028982
401 402 0.00363384 0 0 0 0 0 0 0.00363384
402 403 0.0891242 0 0 0 0 0 0 0.0891242
403 404 0.0217225 0 -1.3689 0 0 0 0 -1.34718
404 405 0.016226 0 -1.29642 0 0 0 0 -1.28019
405 406 0.0472999 0 -1.08944 0 0 0 0 -1.04214
406 407 0.0414361 0 -1.3438 0 0 0 0 -1.30236
407 408 0.0245074 0 0 0 0 0 0 0.0245074
408 409 0.50408 0 0 0 0 0 0 0.50408
409 410 0.0973691 0 -1.08165 0 0 0 0 -0.984284
410 411 0.0249732 0 -1.3445 0 0 0 0 -1.31953
411 412 0.0270033 0 -1.21353 0 0 0 0 -1.18653
412 413 0.0342868 0 -0.98976 0 0 0 0 -0.955474
413 414 0.0368277 0 -1.43103 0 0 0 0 -1.3942
412 415 0 0 0 0 0 -0.00383285 -0 -0.00383285
411 415 0 0 0 0 0 -2.90353e-05 -0 -2.90353e-05
410 415 0 0 0 0 0 -0.0936221 0 -0.0936221
414 415 0.0206388 0 0 0 0 0 0 0.0206388
411 416 0 0 0 0 -0 -0.178482 -0 -0.178482
410 416 0 0 0 0 -0.83303 0 -0 -0.83303
409 416 0 0 0 0 -5.70366e-29 -0.118738 0 -0.118738
415 416 0.0284187 0 -1.09712 0 0 0 0 -1.0687
410 417 0 0 0 0 -0 -0.141041 -0 -0.141041
409 417 0 0 0 0 -0.635049 0 -0 -0.635049
416 417 7.67056e-06 0 -1.26167 0 0 0 0 -1.26166
409 418 0 0 0 0 0 -0.0343045 0 -0.0343045
417 418 0.0121428 0 -1.40543 0 0 0 0 -1.39329
418 419 0.0386274 0 0 0 0 0 0 0.0386274
420 421 0.000871038 0 -1.35669 0 0 0 0 -1.35582
421 422 0.0896736 0 0 0 0 0 0 0.0896736
422 423 0.00311868 0 -1.2752 0 0 0 0 -1.27208
423 424 0.014834 0 0 0 0 0 0 0.014834
424 425 0.0591229 0 -1.33663 0 0 0 0 -1.27751
425 426 0.0683708 0 -0.86625 0 0 0 0 -0.797879
426 427 0.155602 0 -1.2049 0 0 0 0 -1.04929
427 428 0.0113741 0 0 0 0 0 0 0.0113741
428 429 0.0450934 0 -0.904954 0 0 0 0 -0.85986
429 430 0.25092 0 -1.25152 0 0 0 0 -1.00059
430 431 0.0258426 0 -1.06508 0 0 0 0 -1.03924
431 432 0.000903269 0 0 0 0 0 0 0.000903269
432 433 0.047661 0 -0 0 0 0 0 0.047661
433 434 0.0171337 0 0 0 0 0 0 0.0171337
434 435 0.00822199 0 -1.36834 0 0 0 0 -1.36012
435 436 0.00806061 0 -1.15442 0 0 0 0 -1.14636
436 437 0.092484 0 -1.30642 0 0 0 0 -1.21393
437 438 0.00053575 0 0 0 0 0 0 0.00053575
438 439 0.110388 0 -1.20289 0 0 0 0 -1.0925
440 441 0.0132805 0 -1.29996 0 0 0 0 -1.28667
441 442 0.0493835 0 -1.25867 0 0 0 0 -1.20928
442 443 0.00410194 0 -0.947734 0 0 0 0 -0.943632
443 444 0.171974 0 0 0 0 0 0 0.171974
444 445 0.00245427 0 -0 0 0 0 0 0.00245427
445 446 0.0597348 0 -1.1225 0 0 0 0 -1.06277
446 447 0.000600999 0 0 0 0 0 0 0.000600999
447 448 0.298653 0 0 0 0 0 0 0.298653
448 449 0.00884146 0 -0 0 0 0 0 0.00884146
449 450 0.0024196 0 -0.954989 0 0 0 0 -0.952569
450 451 0.00451212 0 -0.999865 0 0 0 0 -0.995353
451 452 3.64445e-08 0 0 0 0 0 0 3.64445e-08
452 453 0.0232837 0 -0 0 0 0 0 0.0232837
453 454 0.214336 0 -1.21527 0 0 0 0 -1.00093
454 455 0.0529798 0 -1.36976 0 0 0 0 -1.31679
455 456 0.0643619 0 0 0 0 0 0 0.0643619
456 457 0.216652 0 -1.38769 0 0 0 0 -1.17104
457 458 0.0980926 0 -1.21673 0 0 0 0 -1.11863
458 459 0.0433193 0 -1.32603 0 0 0 0 -1.28271
460 461 0.0328802 0 -1.31927 0 0 0 0 -1.28639
461 462 0.00744476 0 -1.18927 0 0 0 0 -1.18183
462 463 0.194566 0 -0.920734 0 0 0 0 -0.726168
463 464 0.00660202 0 0 0 0 0 0 0.00660202
464 465 0.188557 0 0 0 0 0 0 0.188557
465 466 0.0981233 0 -1.26731 0 0 0 0 -1.16918
466 467 0.0163079 0 -1.34793 0 0 0 0 -1.33162
467 468 0.135007 0 0 0 0 0 0 0.135007
468 469 0.0231682 0 -1.25683 0 0 0 0 -1.23366
469 470 0.0642891 0 -0.753783 0 0 0 0 -0.689494
470 471 0.00705424 0 0 0 0 0 0 0.00705424
471 472 0.041074 0 -0 0 0 0 0 0.041074
472 473 0.0244095 0 0 0 0 0 0 0.0244095
473 474 0.00132696 0 -1.16779 0 0 0 0 -1.16647
474 475 0.000564248 0 0 0 0 0 0 0.000564248
475 476 0.0551604 0 -0 0 0 0 0 0.0551604
476 477 0.000222494 0 0 0 0 0 0 0.000222494
477 478 0.000437877 0 0 0 0 0 0 0.000437877
478 479 0.0159675 0 -1.13704 0 0 0 0 -1.12107
480 481 0.171942 0 -1.08903 0 0 0 0 -0.917088
481 482 0.253851 0 0 0 0 0 0 0.253851
482 483 0.145342 0 -1.21933 0 0 0 0 -1.07399
483 484 0.000967487 0 0 0 0 0 0 0.000967487
484 485 0.000638713 0 0 0 0 0 0 0.000638713
485 486 0.0621378 0 -1.08418 0 0 0 0 -1.02204
486 487 0.0407694 0 -0.813598 0 0 0 0 -0.772829
487 488 9.83085e-07 0 -1.1614 0 0 0 0 -1.1614
488 489 0.000168305 0 0 0 0 0 0 0.000168305
489 490 0.003899 0 -0.546176 0 0 0 0 -0.542277
490 491 0.00974159 0 -1.19827 0 0 0 0 -1.18852
491 492 0.00404114 0 -1.01156 0 0 0 0 -1.00752
492 493 0.00254567 0 -1.08875 0 0 0 0 -1.08621
493 494 0.000832355 0 -1.27482 0 0 0 0 -1.27399
494 495 5.61991e-05 0 0 0 0 0 0 5.61991e-05
495 496 0.000861561 0 0 0 0 0 0 0.000861561
496 497 0.00594552 0 0 0 0 0 0 0.00594552
497 498 0.116729 0 -0 0 0 0 0 0.116729
498 499 0.0561684 0 -0.787494 0 0 0 0 -0.731325
500 501 0.0044512 0 0 0 0 0 0 0.0044512
501 502 0.0714889 0 -1.22259 0 0 0 0 -1.1511
502 503 0.0487474 0 -0.800601 0 0 0 0 -0.751854
503 504 0.0250297 0 -1.13318 0 0 0 0 -1.10815
504 505 0.0423274 0 -0.684071 0 0 0 0 -0.641743
505 506 0.00166393 0 0 0 0 0 0 0.00166393
506 507 0.0131752 0 0 0 0 0 0 0.0131752
507 508 0.0364565 0 0 0 0 0 0 0.0364565
508 509 3.93867e-05 0 -0.971173 0 0 0 0 -0.971133
509 510 0.0788574 0 -1.29782 0 0 0 0 -1.21896
510 511 0.0867502 0 0 0 0 0 0 0.0867502
511 512 0.0398866 0 0 0 0 0 0 0.0398866
512 513 0.00378935 0 0 0 0 0 0 0.00378935
513 514 0.0150888 0 0 0 0 0 0 0.0150888
514 515 0.0895034 0 0 0 0 0 0 0.0895034
515 516 0.000368031 0 -1.23791 0 0 0 0 -1.23754
516 517 0.00519757 0 0 0 0 0 0 0.00519757
517 518 0.0472666 0 -1.45842 0 0 0 0 -1.41115
518 519 0.0218732 0 -1.34594 0 0 0 0 -1.32407
520 521 0.260783 0 -1.18108 0 0 0 0 -0.920298
521 522 0.155801 0 -1.06593 0 0 0 0 -0.910127
522 523 0.264821 0 -1.21273 0 0 0 0 -0.947904
523 524 0.0770291 0 -1.245 0 0 0 0 -1.16797
524 525 0.0488687 0 0 0 0 0 0 0.0488687
525 526 0.0140266 0 -0 0 0 0 0 0.0140266
526 527 0.00329284 0 0 0 0 0 0 0.00329284
527 528 0.0291616 0 0 0 0 0 0 0.0291616
528 529 0.0321603 0 -1.02309 0 0 0 0 -0.990925
529 530 0.0358317 0 -0.568048 0 0 0 0 -0.532216
530 531 0.0392744 0 -0.973909 0 0 0 0 -0.934635
531 532 0.0807787 0 -0.890857 0 0 0 0 -0.810078
532 533 0.00770612 0 0 0 0 0 0 0.00770612
533 534 0.0966044 0 0 0 0 0 0 0.0966044
534 535 0.00554552 0 -1.36822 0 0 0 0 -1.36267
535 536 0.00988212 0 -1.29965 0 0 0 0 -1.28977
536 537 0.115745 0 0 0 0 0 0 0.115745
537 538 0.108416 0 -1.33521 0 0 0 0 -1.22679
538 539 0.0412982 0 -1.36764 0 0 0 0 -1.32634
540 541 0.0451518 0 0 0 0 0 0 0.0451518
541 542 0.0098665 0 0 0 0 0 0 0.0098665
542 543 0.0641787 0 0 0 0 0 0 0.0641787
543 544 0.162156 0 0 0 0 0 0 0.162156
544 545 0.00156988 0 -0 0 0 0 0 0.00156988
545 546 0.0112015 0 -0 0 0 0 0 0.0112015
546 547 0.0398463 0 -0.790407 0 0 0 0 -0.750561
547 548 5.88884e-05 0 0 0 0 0 0 5.88884e-05
548 549 0.0316433 0 -1.29276 0 0 0 0 -1.26112
549 550 0.0181894 0 -1.15757 0 0 0 0 -1.13938
550 551 0.0682558 0 -1.22921 0 0 0 0 -1.16095
551 552 0.0116229 0 -1.08043 0 0 0 0 -1.0688
552 553 0.0155686 0 0 0 0 0 0 0.0155686
553 554 0.0928826 0 -0.836263 0 0 0 0 -0.743381
554 555 0.0263657 0 -1.26661 0 0 0 0 -1.24024
555 556 0.00277629 0 -1.27074 0 0 0 0 -1.26797
556 557 0.0602655 0 0 0 0 0 0 0.0602655
557 558 0.324011 0 0 0 0 0 0 0.324011
558 559 0.00329507 0 -1.37808 0 0 0 0 -1.37479
560 561 0.00918793 0 -1.40968 0 0 0 0 -1.40049
561 562 0.0491656 0 0 0 0 0 0 0.0491656
562 563 0.107411 0 0 0 0 0 0 0.107411
563 564 0.00395945 0 -1.32273 0 0 0 0 -1.31877
564 565 0.019149 0 -1.34681 0 0 0 0 -1.32766
565 566 0.0677021 0 0 0 0 0 0 0.0677021
566 567 0.00779584 0 -1.13512 0 0 0 0 -1.12733
567 568 0.00157204 0 0 0 0 0 0 0.00157204
568 569 0.120267 0 -1.36443 0 0 0 0 -1.24416
569 570 0.0254464 0 -1.07245 0 0 0 0 -1.047
570 571 0.0579845 0 -1.33816 0 0 0 0 -1.28018
571 572 0.0200801 0 -1.09879 0 0 0 0 -1.07871
572 573 0.0186049 0 0 0 0 0 0 0.0186049
573 574 0.0349378 0 -0.857852 0 0 0 0 -0.822914
574 575 0.130336 0 -1.29444 0 0 0 0 -1.16411
575 576 0.00304908 0 0 0 0 0 0 0.00304908
576 577 0.00247324 0 -1.19517 0 0 0 0 -1.1927
577 578 0.0112323 0 0 0 0 0 0 0.0112323
578 579 0.0023541 0 0 0 0 0 0 0.0023541
580 581 0.100358 0 -0 0 0 0 0 0.100358
581 582 0.241479 0 0 0 0 0 0 0.241479
582 583 0.133988 0 -0.954172 0 0 0 0 -0.820184
583 584 0.0184556 0 -1.30078 0 0 0 0 -1.28233
584 585 0.000248693 0 -0.988179 0 0 0 0 -0.987931
585 586 0.000501847 0 -1.26499 0 0 0 0 -1.26448
586 587 0.080348 0 0 0 0 0 0 0.080348
587 588 0.0551973 0 0 0 0 0 0 0.0551973
588 589 0.0080512 0 -0 0 0 0 0 0.0080512
589 590 0.004202 0 0 0 0 0 0 0.004202
590 591 0.0019409 0 0 0 0 0 0 0.0019409
591 592 0.0178177 0 -0.848949 0 0 0 0 -0.831132
592 593 1.46015e-05 0 -0.998252 0 0 0 0 -0.998238
593 594 0.0180917 0 -1.41161 0 0 0 0 -1.39351
580 595 0 0 0 0 0 -0.00274909 0 -0.00274909
594 595 0.0954749 0 -1.29995 0 0 0 0 -1.20448
595 596 0.000410817 0 0 0 0 0 0 0.000410817
596 597 0.0330474 0 -1.39776 0 0 0 0 -1.36471
597 598 0.0229619 0 -1.25729 0 0 0 0 -1.23433
598 599 0.0595968 0 -1.10671 0 0 0 0 -1.04711
600 601 0.0118963 0 0 0 0 0 0 0.0118963
601 602 0.116766 0 0 0 0 0 0 0.116766
602 603 1.39994e-05 0 -0.939599 0 0 0 0 -0.939585
603 604 0.000452065 0 -0.878032 0 0 0 0 -0.87758
604 605 0.0232399 0 -0.733559 0 0 0 0 -0.710319
605 606 0.0593125 0 0 0 0 0 0 0.0593125
606 607 0.0235043 0 -1.29554 0 0 0 0 -1.27204
607 608 0.156283 0 0 0 0 0 0 0.156283
608 609 0.0407039 0 0 0 0 0 0 0.0407039
609 610 0.000451462 0 0 0 0 0 0 0.000451462
610 611 0.126897 0 -0 0 0 0 0 0.126897
611 612 0.0327992 0 0 0 0 0 0 0.0327992
612 613 0.0110289 0 -1.41812 0 0 0 0 -1.40709
613 614 0.0376423 0 -1.27519 0 0 0 0 -1.23755
614 615 0.00815013 0 0 0 0 0 0 0.00815013
615 616 0.00210833 0 0 0 0 0 0 0.00210833
616 617 0.00155841 0 0 0 0 0 0 0.00155841
617 618 0.0870058 0 0 0 0 0 0 0.0870058
618 619 0.143024 0 0 0 0 0 0 0.143024
620 621 0.0575264 0 -1.23042 0 0 0 0 -1.17289
621 622 0.134391 0.0569493 -0.993422 0 0 0 0 -0.802082
622 623 0.0424832 0 0 0 0 0 0 0.0424832
623 624 0.10762 0 -0.989277 0 0 0 0 -0.881657
624 625 0.0439552 0 -0.501725 0 0 0 0 -0.45777
625 626 0.036941 0 0 0 0 0 0 0.036941
626 627 0.0812713 0 -0.830015 0 0 0 0 -0.748744
627 628 0.000191732 0 0 0 0 0 0 0.000191732
628 629 0.0246809 0 -1.2383 0 0 0 0 -1.21362
629 630 0.0268544 0 0 0 0 0 0 0.0268544
630 631 0.0273498 0 0 0 0 0 0 0.0273498
631 632 0.0632858 0 -1.18703 0 0 0 0 -1.12374
632 633 0.00961088 0 0 0 0 0 0 0.00961088
633 634 1.10028e-06 0 -1.13407 0 0 0 0 -1.13407
634 635 0.000366614 0 0 0 0 0 0 0.000366614
635 636 0.000532545 0 -1.38811 0 0 0 0 -1.38757
636 637 1.29203e-07 0 0 0 0 0 0 1.29203e-07
637 638 0.0187111 0 0 0 0 0 0 0.0187111
638 639 0.0438513 0 -1.14215 0 0 0 0 -1.0983
640 641 0.00547968 0 0 0 0 0 0 0.00547968
641 642 0.00320536 0 -1.23262 0 0 0 0 -1.22941
642 643 0.0704434 0 -1.33059 0 0 0 0 -1.26015
643 644 0.0095027 0 -0.672332 0 0 0 0 -0.66283
644 645 0.0343802 0 -1.2141 0 0 0 0 -1.17972
645 646 0.000220326 0 -0.943202 0 0 0 0 -0.942981
646 647 0.145321 0 -1.29451 0 0 0 0 -1.14919
647 648 0.115548 0 0 0 0 0 0 0.115548
648 649 0.0108509 0 -1.15737 0 0 0 0 -1.14652
649 650 0.0170296 0 -1.05353 0 0 0 0 -1.0365
650 651 0.0372755 0 -1.08651 0 0 0 0 -1.04923
651 652 0.00434419 0 -1.24235 0 0 0 0 -1.238
652 653 0.0370868 0 -1.0575 0 0 0 0 -1.02042
653 654 0.192277 0 0 0 0 0 0 0.192277
654 655 0.031967 0 0 0 0 0 0 0.031967
655 656 0.000825292 0 0 0 0 0 0 0.000825292
656 657 0.0158775 0 -1.06584 0 0 0 0 -1.04997
657 658 0.000478027 0 -0.7917 0 0 0 0 -0.791222
658 659 0.00719202 0 0 0 0 0 0 0.00719202
660 661 0.0460444 0 0 0 0 0 0 0.0460444
661 662 0.00234548 0 0 0 0 0 0 0.00234548
662 663 0.000191955 0 0 0 0 0 0 0.000191955
663 664 0.0369384 0 -1.16817 0 0 0 0 -1.13124
664 665 0.0436255 0 -1.17354 0 0 0 0 -1.12991
665 666 0.00123127 0 -0.360263 0 0 0 0 -0.359031
666 667 0.0282396 0 -0 0 0 0 0 0.0282396
667 668 0.000152612 0 0 0 0 0 0 0.000152612
668 669 0.0114116 0 0 0 0 0 0 0.0114116
669 670 0.00378106 0 -0 0 0 0 0 0.00378106
670 671 0.0186947 0 -1.37604 0 0 0 0 -1.35734
671 672 0.0297614 0 0 0 0 0 0 0.0297614
672 673 0.0123752 0 0 0 0 0 0 0.0123752
673 674 0.0403841 0 0 0 0 0 0 0.0403841
674 675 0.166821 0 0 0 0 0 0 0.166821
675 676 0.0464847 0 -1.21741 0 0 0 0 -1.17093
676 677 0.0123848 0 -1.19175 0 0 0 0 -1.17937
677 678 0.0240623 0 0 0 0 0 0 0.0240623
678 679 0.257308 0 0 0 0 0 0 0.257308
680 681 0.0238693 0 -0 0 0 0 0 0.0238693
681 682 0.000589826 0 0 0 0 0 0 0.000589826
682 683 0.157249 0 -1.38426 0 0 0 0 -1.22701
683 684 0.0564112 0 0 0 0 0 0 0.0564112
684 685 0.0899392 0 0 0 0 0 0 0.0899392
685 686 0.00959798 0 -1.19596 0 0 0 0 -1.18636
685 687 0 0 0 0.00178758 0 0 0 0.00178758
686 687 0.0394982 0 0 0 0 0 0 0.0394982
687 688 0.0484085 0 0 0 0 0 0 0.0484085
688 689 0.012085 0 0 0 0 0 0 0.012085
689 690 0.0620771 0 -1.08402 0 0 0 0 -1.02194
690 691 0.000709985 0 -1.30497 0 0 0 0 -1.30426
691 692 0.00486879 0 -1.13831 0 0 0 0 -1.13344
692 693 0.0310054 0 -1.39534 0 0 0 0 -1.36434
693 694 0.0012825 0 -0.388552 0 0 0 0 -0.38727
694 695 0.00809194 0 0 0 0 0 0 0.00809194
695 696 0.0316276 0 0 0 0 0 0 0.0316276
696 697 0.298019 0 -1.38409 0 0 0 0 -1.08607
697 698 0.0640866 0 -1.38844 0 0 0 0 -1.32436
698 699 0.0612042 0 0 0 0 0 0 0.0612042
700 701 0.0590535 0 0 0 0 0 0 0.0590535
701 702 0.0801505 0 0 0 0 0 0 0.0801505
702 703 0.00108382 0 -1.15856 0 0 0 0 -1.15748
703 704 0.194141 0 0 0 0 0 0 0.194141
704 705 0.0196247 0 -1.20973 0 0 0 0 -1.19011
705 706 0.00426186 0 -1.29502 0 0 0 0 -1.29076
706 707 0.0153346 0 0 0 0 0 0 0.0153346
707 708 0.0148227 0 0 0 0 0 0 0.0148227
708 709 0.00625561 0 -1.17715 0 0 0 0 -1.1709
709 710 0.0392354 0 0 0 0 0 0 0.0392354
710 711 0.121892 0 -1.10991 0 0 0 0 -0.988019
711 712 0.0479926 0 0 0 0 0 0 0.0479926
712 713 0.143266 0 -1.35588 0 0 0 0 -1.21261
713 714 0.396124 0 -1.33598 0 0 0 0 -0.939858
714 715 0.128839 0 -1.43829 0 0 0 0 -1.30945
715 716 0.0647024 0 -1.36778 0 0 0 0 -1.30308
716 717 0.117949 0 -1.34357 0 0 0 0 -1.22562
717 718 0.0186627 0 0 0 0 0 0 0.0186627
718 719 0.0177096 0 -0.948801 0 0 0 0 -0.931092
720 721 0.0028535 0 0 0 0 0 0 0.0028535
721 722 0.0153422 0 0 0 0 0 0 0.0153422
722 723 0.0360601 0 0 0 0 0 0 0.0360601
723 724 0.154812 0 -1.09163 0 0 0 0 -0.936816
724 725 0.00287378 0 -1.03489 0 0 0 0 -1.03202
725 726 0.0316082 0 -1.29888 0 0 0 0 -1.26727
726 727 0.00310808 0 0 0 0 0 0 0.00310808
727 728 0.306605 0 -1.30236 0 0 0 0 -0.995754
728 729 0.0485869 0 0 0 0 0 0 0.0485869
729 730 0.0456431 0 0 0 0 0 0 0.0456431
730 731 0.0278466 0 -1.25082 0 0 0 0 -1.22297
731 732 0.0329025 0 0 0 0 0 0 0.0329025
732 733 0.0651789 0 0 0 0 0 0 0.0651789
733 734 0.0265811 0 0 0 0 0 0 0.0265811
734 735 0.0794642 0 -1.26804 0 0 0 0 -1.18857
735 736 0.00690477 0 -0.330711 0 0 0 0 -0.323806
736 737 0.099655 0 -1.42056 0 0 0 0 -1.32091
737 738 0.119496 0 0 0 0 0 0 0.119496
738 739 0.00600775 0 -1.38686 0 0 0 0 -1.38085
740 741 0.000363569 0 0 0 0 0 0 0.000363569
741 742 0.060782 0 0 0 0 0 0 0.060782
742 743 0.00986887 0 -1.1164 0 0 0 0 -1.10653
743 744 0.00241705 0 -1.45803 0 0 0 0 -1.45562
744 745 0.0160145 0 0 0 0 0 0 0.0160145
745 746 0.0139288 0 -1.16247 0 0 0 0 -1.14854
746 747 0.00201108 0 0 0 0 0 0 0.00201108
747 748 0.0614439 0 -1.25482 0 0 0 0 -1.19337
748 749 0.0255068 0 -1.32433 0 0 0 0 -1.29882
747 750 0 0 0 0 0 -0.000456919 0 -0.000456919
749 750 0.000669586 0 0 0 0 0 0 0.000669586
750 751 0.0208928 0 0 0 0 0 0 0.0208928
751 752 0.00923432 0 0 0 0 0 0 0.00923432
752 753 0.00190734 0 0 0 0 0 0 0.00190734
753 754 0.0497367 0 -0.959214 0 0 0 0 -0.909477
754 755 0.0091109 0 0 0 0 0 0 0.0091109
755 756 0.366215 0 -1.29765 0 0 0 0 -0.931439
756 757 0.0194001 0 -1.16836 0 0 0 0 -1.14896
757 758 0.0166567 0 -1.35981 0 0 0 0 -1.34316
758 759 0.0183702 0 0 0 0 0 0 0.0183702
760 761 0.0723612 0 0 0 0 0 0 0.0723612
761 762 0.000184582 0 0 0 0 0 0 0.000184582
762 763 0.0146289 0 -1.30471 0 0 0 0 -1.29008
763 764 0.0219684 0 -1.10654 0 0 0 0 -1.08457
764 765 0.030576 0 -0.994923 0 0 0 0 -0.964347
765 766 0.13727 0 -1.26285 0 0 0 0 -1.12558
766 767 0.125078 0 0 0 0 0 0 0.125078
767 768 0.00565032 0 -1.00562 0 0 0 0 -0.999972
768 769 0.00280329 0 0 0 0 0 0 0.00280329
769 770 0.116674 0 0 0 0 0 0 0.116674
770 771 0.112977 0 -1.29774 0 0 0 0 -1.18476
771 772 0.0289456 0 -1.24653 0 0 0 0 -1.21759
766 773 0 0 0 0 -0.00721235 0 -0 -0.00721235
765 773 0 0 0 0 -1.16808e-28 -0.00228955 -0 -0.00228955
772 773 0.0102042 0 0 0 0 0 0 0.0102042
766 774 0 0 0 0 -0 -0.0226325 0 -0.0226325
765 774 0 0 0 0 -0.345907 0 -0 -0.345907
764 774 0 0 0 0 0 -0.00158971 -0 -0.00158971
773 774 0.0546952 0 -1.01008 0 0 0 0 -0.955382
765 775 0 0 0 0 0 -0.131411 0 -0.131411
763 775 0 0 0 0 0 -0.0521831 0 -0.0521831
774 775 0.0802165 0 -0.983325 0 0 0 0 -0.903108
764 776 0 0 0 0 0 -0.0565173 0 -0.0565173
762 776 0 0 0 0 0 -0.152174 0 -0.152174
775 776 0.0128618 0 -1.09408 0 0 0 0 -1.08121
763 777 0 0 0 0 0 -0.13978 0 -0.13978
762 777 0 0 0 0 -0.387308 0 -0 -0.387308
776 777 3.84933e-05 0 -1.08188 0 0 0 0 -1.08184
762 778 0 0 0 0 0 -0.0901733 0 -0.0901733
777 778 0.00744292 0 -1.17448 0 0 0 0 -1.16704
778 779 0.0153769 0 -1.21381 0 0 0 0 -1.19844
780 781 0.0249322 0 -1.23317 0 0 0 0 -1.20824
781 782 0.0109398 0 -1.38223 0 0 0 0 -1.37129
782 783 0.0146142 0 -1.02098 0 0 0 0 -1.00637
783 784 0.0291056 0 -0.760334 0 0 0 0 -0.731229
784 785 3.12841e-06 0 -1.14417 0 0 0 0 -1.14417
785 786 0.00782208 0 -1.02471 0 0 0 0 -1.01689
786 787 0.0107042 0 -1.03882 0 0 0 0 -1.02812
787 788 0.00629252 0 -1.20749 0 0 0 0 -1.2012
788 789 0.0548218 0 -0.680926 0 0 0 0 -0.626104
789 790 8.06398e-06 0 -1.17836 0 0 0 0 -1.17835
790 791 0.000471343 0 -1.2275 0 0 0 0 -1.22702
791 792 0.0326533 0 -1.29267 0 0 0 0 -1.26002
792 793 0.0976632 0 -0.973934 0 0 0 0 -0.876271
793 794 0.0453694 0 -1.15514 0 0 0 0 -1.10977
794 795 0.00404793 0 -0.975001 0 0 0 0 -0.970953
795 796 0.010963 0 0 0 0 0 0 0.010963
796 797 0.0811136 0 0 0 0 0 0 0.0811136
797 798 0.171782 0 0 0 0 0 0 0.171782
798 799 0.118158 0 -1.18769 0 0 0 0 -1.06954
#Total energy per particle is  -0.546074 and should be -0.54607410
