#id1 id2 FENE BEXC STCK NEXC HB CRSTCK CXSTCK total, t = 200000
0 1 0.01596 0 -1.31371 0 0 0 0 -1.29775
1 2 0.0797234 0 -1.09405 0 0 0 0 -1.01433
2 3 0.287773 0 -1.15695 0 0 0 0 -0.869173
3 4 0.00153897 0 -0.0281444 0 0 0 0 -0.0266054
4 5 0.0115125 0 -1.0918 0 0 0 0 -1.08028
5 6 0.121769 0 0 0 0 0 0 0.121769
6 7 0.233632 0 -0.585723 0 0 0 0 -0.352091
7 8 0.203378 0 -1.33012 0 0 0 0 -1.12674
8 9 0.0425635 0 0 0 0 0 0 0.0425635
9 10 0.000997825 0 0 0 0 0 0 0.000997825
10 11 0.00444112 0 -1.2506 0 0 0 0 -1.24615
11 12 0.00406949 0 -0.862643 0 0 0 0 -0.858574
12 13 0.0201931 0 -1.29332 0 0 0 0 -1.27313
13 14 0.544252 0 -0.863009 0 0 0 0 -0.318757
14 15 0.0748175 0 0 0 0 0 0 0.0748175
15 16 0.0223999 0 -1.10089 0 0 0 0 -1.07849
16 17 0.091337 0 -1.35026 0 0 0 0 -1.25892
14 18 0 0 0 0.0064252 -0 0 -0 0.0064252
13 18 0 0 0 0 0 -0.0244389 -0 -0.0244389
12 18 0 0 0 0 -0 -0.0146008 0 -0.0146008
17 18 0.0244676 0 -1.20346 0 0 0 0 -1.17899
14 19 0 0 0 0 -0 -0.010007 0 -0.010007
13 19 0 0 0 0 0 -0.163836 0 -0.163836
12 19 0 0 0 0 -0.55892 0 -0 -0.55892
18 19 0.0903309 0 -1.29135 0 0 0 0 -1.20102
20 21 0.000533836 0 -1.30563 0 0 0 0 -1.30509
21 22 0.0137934 0 -1.18743 0 0 0 0 -1.17363
22 23 0.0227839 0 -0.864328 0 0 0 0 -0.841544
23 24 1.95339e-06 0 -0.974938 0 0 0 0 -0.974936
24 25 0.211685 0 -1.39237 0 0 0 0 -1.18069
25 26 0.0104062 0 0 0 0 0 0 0.0104062
26 27 0.0317863 0 0 0 0 0 0 0.0317863
27 28 0.0886714 0 -1.13567 0 0 0 0 -1.047
28 29 0.00199203 0 -0 0 0 0 0 0.00199203
29 30 0.0494421 0 0 0 0 0 0 0.0494421
30 31 0.00299983 0 0 0 0 0 0 0.00299983
31 32 0.153872 0 -0 0 0 0 0 0.153872
32 33 0.0143962 0 -1.17429 0 0 0 0 -1.15989
33 34 0.0785971 0 -1.29734 0 0 0 0 -1.21874
34 35 0.0135131 0 -1.12396 0 0 0 0 -1.11044
35 36 0.167753 0 -0.820988 0 0 0 0 -0.653234
36 37 0.162378 0 0 0 0 0 0 0.162378
37 38 0.00453013 0 -0.795738 0 0 0 0 -0.791208
38 39 0.160889 0 -1.26813 0 0 0 0 -1.10724
40 41 0.0510316 0 -0 0 0 0 0 0.0510316
41 42 0.12442 0 0 0 0 0 0 0.12442
42 43 0.0918796 0 0 0 0 0 0 0.0918796
41 44 0 0 0 0 -0 0 -2.02002e-15 -2.02002e-15
40 44 0 0 0 0 0 -0.00115684 0 -0.00115684
43 44 0.114468 0 -0 0 0 0 0 0.114468
44 45 0.0152127 0 0 0 0 0 0 0.0152127
45 46 0.0284724 0 -1.01227 0 0 0 0 -0.983802
46 47 0.0111057 0 0 0 0 0 0 0.0111057
47 48 0.104405 0 0 0 0 0 0 0.104405
48 49 0.186507 0 -1.28118 0 0 0 0 -1.09467
49 50 0.00994698 0 0 0 0 0 0 0.00994698
50 51 0.068359 0 0 0 0 0 0 0.068359
51 52 0.000170914 0 0 0 0 0 0 0.000170914
52 53 0.0753401 0 -0.846808 0 0 0 0 -0.771468
53 54 0.005276 0 0 0 0 0 0 0.005276
54 55 0.0442735 0 0 0 0 0 0 0.0442735
55 56 0.0191495 0 -0 0 0 0 0 0.0191495
56 57 0.10567 0 -1.37369 0 0 0 0 -1.26802
57 58 0.0444826 0 0 0 0 0 0 0.0444826
58 59 0.0406418 0 0 0 0 0 0 0.0406418
60 61 0.024559 0 -1.30116 0 0 0 0 -1.2766
61 62 0.0293937 0 0 0 0 0 0 0.0293937
62 63 0.28599 0 -0 0 0 0 0 0.28599
63 64 0.0387776 0 -1.31573 0 0 0 0 -1.27696
64 65 0.000115692 0 -1.11892 0 0 0 0 -1.1188
65 66 0.0116508 0 -1.28083 0 0 0 0 -1.26918
66 67 0.0106714 0 -1.33727 0 0 0 0 -1.3266
67 68 0.0152475 0 0 0 0 0 0 0.0152475
65 69 0 0 0 0 -0 -0.00591862 -0 -0.00591862
64 69 0 0 0 0 0 -0.130976 0 -0.130976
68 69 0.0876669 0 0 0 0 0 0 0.0876669
65 70 0 0 0 0 0 -0.0635008 0 -0.0635008
64 70 0 0 0 0 -0.719209 0 -0 -0.719209
63 70 0 0 0 0 0 -0.136103 0 -0.136103
69 70 0.00183025 0 -0.836631 0 0 0 0 -0.834801
64 71 0 0 0 0 0 -0.075532 -0 -0.075532
70 71 0.123095 0 -1.24929 0 0 0 0 -1.12619
71 72 0.000977478 0 -0.685551 0 0 0 0 -0.684573
72 73 0.0493026 0 0 0 0 0 0 0.0493026
73 74 0.129464 0 0 0 0 0 0 0.129464
74 75 0.00278588 0 0 0 0 0 0 0.00278588
75 76 0.00952425 0 -1.1919 0 0 0 0 -1.18237
76 77 0.0517243 0 -0 0 0 0 0 0.0517243
77 78 0.0412207 0 -1.31534 0 0 0 0 -1.27412
78 79 0.0109467 0 0 0 0 0 0 0.0109467
80 81 0.0133805 0 -0.999103 0 0 0 0 -0.985722
81 82 0.100487 0 0 0 0 0 0 0.100487
82 83 0.000190011 0 0 0 0 0 0 0.000190011
83 84 0.00483569 0 -1.218 0 0 0 0 -1.21317
84 85 0.000557201 0 -1.13974 0 0 0 0 -1.13918
85 86 1.52434e-07 0 0 0 0 0 0 1.52434e-07
86 87 0.0967351 0 -0.872088 0 0 0 0 -0.775352
87 88 0.0692854 0 0 0 0 0 0 0.0692854
88 89 0.00961768 0 0 0 0 0 0 0.00961768
89 90 0.00143378 0 -1.39588 0 0 0 0 -1.39445
90 91 0.115397 0 -0.974924 0 0 0 0 -0.859528
91 92 0.0451766 0 0 0 0 0 0 0.0451766
92 93 0.00243358 0 0 0 0 0 0 0.00243358
93 94 0.031864 0 0 0 0 0 0 0.031864
94 95 0.00285659 0 0 0 0 0 0 0.00285659
95 96 0.091245 0 0 0 0 0 0 0.091245
96 97 0.0129834 0 -1.12933 0 0 0 0 -1.11635
97 98 0.00614061 0 -1.28012 0 0 0 0 -1.27398
98 99 0.150075 0 -0.983233 0 0 0 0 -0.833158
100 101 0.191222 0 -1.0304 0 0 0 0 -0.839179
101 102 0.0234576 0 -1.31184 0 0 0 0 -1.28838
100 103 0 0 0 0 -0 -0.00928348 0 -0.00928348
102 103 0.0495462 0 -0 0 0 0 0 0.0495462
103 104 0.0141854 0 -0.879308 0 0 0 0 -0.865123
104 105 0.00027627 0 0 0 0 0 0 0.00027627
105 106 0.23655 0 0 0 0 0 0 0.23655
106 107 0.0983448 0 -1.40749 0 0 0 0 -1.30915
107 108 0.224833 0 0 0 0 0 0 0.224833
108 109 0.00211045 0 0 0 0 0 0 0.00211045
109 110 0.0024338 0 0 0 0 0 0 0.0024338
110 111 0.0304265 0 -0.85413 0 0 0 0 -0.823704
111 112 0.012203 0 -0.745512 0 0 0 0 -0.733309
112 113 0.0115101 0 -1.40694 0 0 0 0 -1.39543
113 114 0.050891 0 0 0 0 0 0 0.050891
114 115 0.000475273 0 0 0 0 0 0 0.000475273
115 116 0.0599579 0 0 0 0 0 0 0.0599579
116 117 0.0383299 0 0 0 0 0 0 0.0383299
117 118 0.00156954 0 -1.01357 0 0 0 0 -1.012
118 119 0.323625 0 0 0 0 0 0 0.323625
120 121 0.0576124 0 -1.24427 0 0 0 0 -1.18666
121 122 0.00378061 0 0 0 0 0 0 0.00378061
122 123 0.0788802 0 -0.741827 0 0 0 0 -0.662947
123 124 0.0870024 0 -1.22796 0 0 0 0 -1.14095
124 125 0.0352249 0 -1.35853 0 0 0 0 -1.3233
125 126 0.232564 0 -1.1254 0 0 0 0 -0.892834
126 127 0.00375647 0 -1.31198 0 0 0 0 -1.30822
127 128 0.000117144 0 0 0 0 0 0 0.000117144
128 129 0.0153797 0 0 0 0 0 0 0.0153797
129 130 0.129257 0 0 0 0 0 0 0.129257
130 131 0.377946 0 -1.11159 0 0 0 0 -0.733647
131 132 6.65602e-05 0 -1.17755 0 0 0 0 -1.17748
132 133 0.0180711 0 -0 0 0 0 0 0.0180711
133 134 0.0258646 0 0 0 0 0 0 0.0258646
134 135 0.003784 0 0 0 0 0 0 0.003784
135 136 0.00940957 0 -1.4251 0 0 0 0 -1.41569
136 137 0.113039 0 0 0 0 0 0 0.113039
137 138 0.00888479 0 -1.00806 0 0 0 0 -0.999171
138 139 0.00177385 0 0 0 0 0 0 0.00177385
140 141 0.111945 0 -1.10614 0 0 0 0 -0.994196
141 142 0.00587786 0 -0.99837 0 0 0 0 -0.992492
142 143 0.384739 0 -1.34665 0 0 0 0 -0.961911
143 144 0.16105 0 -1.06442 0 0 0 0 -0.903365
144 145 0.00036157 0 -1.36227 0 0 0 0 -1.36191
145 146 0.120594 0 0 0 0 0 0 0.120594
146 147 0.0355709 0 0 0 0 0 0 0.0355709
147 148 2.19235e-05 0 0 0 0 0 0 2.19235e-05
148 149 6.5026e-06 0 -0.743195 0 0 0 0 -0.743188
149 150 0.191896 0 -1.1813 0 0 0 0 -0.989404
150 151 0.000528661 0 0 0 0 0 0 0.000528661
151 152 0.0418499 0 0 0 0 0 0 0.0418499
152 153 0.237788 0 0 0 0 0 0 0.237788
153 154 0.143372 0 -1.12812 0 0 0 0 -0.984747
154 155 0.0517369 0 -1.11768 0 0 0 0 -1.06595
155 156 0.158399 0 0 0 0 0 0 0.158399
156 157 0.00874394 0 -0.936546 0 0 0 0 -0.927802
157 158 0.002768 0 -1.2402 0 0 0 0 -1.23744
158 159 0.099653 0 -1.02853 0 0 0 0 -0.928874
160 161 0.000544048 0 0 0 0 0 0 0.000544048
161 162 0.0206977 0 -0.946547 0 0 0 0 -0.925849
162 163 1.6039e-06 0 0 0 0 0 0 1.6039e-06
163 164 9.28584e-05 0 -0 0 0 0 0 9.28584e-05
164 165 0.000741188 0 -1.16683 0 0 0 0 -1.16609
165 166 0.0520532 0 -1.26755 0 0 0 0 -1.2155
166 167 0.0282391 0 -1.07994 0 0 0 0 -1.0517
167 168 0.0240875 0 -1.30928 0 0 0 0 -1.28519
168 169 0.00392708 0 -1.39894 0 0 0 0 -1.39502
169 170 0.0605755 0 0 0 0 0 0 0.0605755
170 171 0.0258589 0 -1.32608 0 0 0 0 -1.30022
171 172 0.00239149 0 0 0 0 0 0 0.00239149
172 173 0.0176407 0 -1.3644 0 0 0 0 -1.34676
173 174 0.0620235 0 -0.971719 0 0 0 0 -0.909695
174 175 0.301213 0 -1.1734 0 0 0 0 -0.87219
175 176 0.0581389 0 -0.83211 0 0 0 0 -0.773971
176 177 0.156175 0 -1.15966 0 0 0 0 -1.00349
177 178 0.152247 0 -0.374078 0 0 0 0 -0.221831
178 179 0.0220704 0 -1.28645 0 0 0 0 -1.26438
180 181 0.00531992 0 0 0 0 0 0 0.00531992
181 182 0.00872812 0 0 0 0 0 0 0.00872812
182 183 0.0846689 0 -1.2988 0 0 0 0 -1.21413
183 184 0.0154242 0 0 0 0 0 0 0.0154242
184 185 0.0114243 0 -0.82161 0 0 0 0 -0.810186
185 186 0.00170016 0 -0 0 0 0 0 0.00170016
186 187 0.19163 0 0 0 0 0 0 0.19163
187 188 0.0207974 0 0 0 0 0 0 0.0207974
188 189 0.00306162 0 -0.929744 0 0 0 0 -0.926683
189 190 0.000178844 0 0 0 0 0 0 0.000178844
190 191 0.0252366 0 -0 0 0 0 0 0.0252366
191 192 0.0381176 0 0 0 0 0 0 0.0381176
192 193 0.170279 0 0 0 0 0 0 0.170279
193 194 0.000149247 0 -1.30666 0 0 0 0 -1.30651
194 195 0.00212339 0 -1.14709 0 0 0 0 -1.14497
195 196 0.115202 0 -0.764133 0 0 0 0 -0.648931
196 197 0.0232753 0 -1.32436 0 0 0 0 -1.30109
197 198 0.164166 0 -1.40983 0 0 0 0 -1.24567
198 199 0.0863853 0 -1.30596 0 0 0 0 -1.21957
200 201 5.30389e-06 0 0 0 0 0 0 5.30389e-06
201 202 0.0238019 0 -0.806473 0 0 0 0 -0.782671
202 203 0.290424 0 0 0 0 0 0 0.290424
203 204 0.0474361 0 0 0 0 0 0 0.0474361
204 205 0.00447358 0 0 0 0 0 0 0.00447358
205 206 0.0606092 0 0 0 0 0 0 0.0606092
206 207 0.00795997 0 -0.992478 0 0 0 0 -0.984518
207 208 0.058844 0 0 0 0 0 0 0.058844
208 209 0.344897 0 0 0 0 0 0 0.344897
209 210 0.0328604 0 0 0 0 0 0 0.0328604
210 211 0.0327018 0 0 0 0 0 0 0.0327018
211 212 0.186448 0 -1.26606 0 0 0 0 -1.07962
212 213 0.0107404 0 -1.1337 0 0 0 0 -1.12296
213 214 0.0558525 0 -1.28724 0 0 0 0 -1.23139
214 215 0.00220586 0 0 0 0 0 0 0.00220586
215 216 0.207197 0 0 0 0 0 0 0.207197
216 217 0.0399069 0 0 0 0 0 0 0.0399069
217 218 0.00571367 0 -0.967715 0 0 0 0 -0.962001
218 219 0.0180111 0 -1.22699 0 0 0 0 -1.20898
220 221 0.00186269 0 -1.20051 0 0 0 0 -1.19864
221 222 0.0247023 0 -1.05849 0 0 0 0 -1.03379
222 223 0.0285109 0 -1.03609 0 0 0 0 -1.00758
223 224 0.0269713 0 0 0 0 0 0 0.0269713
224 225 0.0147118 0 0 0 0 0 0 0.0147118
225 226 0.00190578 0 -1.15649 0 0 0 0 -1.15459
226 227 0.00574877 0 -1.26056 0 0 0 0 -1.25481
227 228 0.206453 0 0 0 0 0 0 0.206453
228 229 0.000272772 0 -1.23477 0 0 0 0 -1.23449
229 230 0.0241804 0 -0.97983 0 0 0 0 -0.95565
230 231 0.00806393 0 -1.15366 0 0 0 0 -1.1456
231 232 0.296258 0 -1.28291 0 0 0 0 -0.986651
232 233 0.0287232 0 -1.19845 0 0 0 0 -1.16973
233 234 0.0500202 0 -1.16444 0 0 0 0 -1.11442
234 235 0.233091 0 0 0 0 0 0 0.233091
229 236 0 0 0 0 -0 -0.187818 0 -0.187818
231 236 0 0 0 0 0 -0.0365343 -0 -0.0365343
235 236 0.010138 0 0 0 0 0 0 0.010138
229 237 0 0 0 0 -0.693773 0 -0 -0.693773
230 237 0 0 0 0 0 -0.0537133 0 -0.0537133
228 237 0 0 0 0 0 -0.158943 -0 -0.158943
236 237 0.0220217 0 -1.42123 0 0 0 0 -1.39921
229 238 0 0 0 0 0 -0.145951 0 -0.145951
228 238 0 0 0 0 -0.760918 0 -0 -0.760918
237 238 0.0461939 0 -1.1506 0 0 0 0 -1.1044
228 239 0 0 0 0 0 -0.0960561 0 -0.0960561
238 239 4.63115e-05 0 -1.21847 0 0 0 0 -1.21842
240 241 0.0111572 0 0 0 0 0 0 0.0111572
241 242 0.0189468 0 -0.668802 0 0 0 0 -0.649855
242 243 2.36134e-05 0 -1.20505 0 0 0 0 -1.20502
243 244 0.0153438 0 0 0 0 0 0 0.0153438
244 245 0.191362 0 0 0 0 0 0 0.191362
245 246 0.0135841 0 0 0 0 0 0 0.0135841
246 247 0.0169875 0 0 0 0 0 0 0.0169875
247 248 0.00169687 0 -1.43366 0 0 0 0 -1.43197
248 249 0.00649157 0 0 0 0 0 0 0.00649157
249 250 0.00130885 0 -0.77276 0 0 0 0 -0.771451
250 251 0.0381742 0 0 0 0 0 0 0.0381742
251 252 0.32453 0 0 0 0 0 0 0.32453
252 253 0.0576918 0 -0 0 0 0 0 0.0576918
253 254 0.188241 0 -0.895339 0 0 0 0 -0.707099
254 255 3.64023e-05 0 -1.2019 0 0 0 0 -1.20187
255 256 0.00176411 0 0 0 0 0 0 0.00176411
256 257 0.00031559 0 -0 0 0 0 0 0.00031559
257 258 0.0722895 0 -1.01544 0 0 0 0 -0.943147
258 259 0.0384291 0 -1.24844 0 0 0 0 -1.21001
260 261 0.0159616 0 0 0 0 0 0 0.0159616
261 262 0.0427817 0 -1.09346 0 0 0 0 -1.05068
262 263 0.0715246 0 0 0 0 0 0 0.0715246
263 264 0.0764646 0 0 0 0 0 0 0.0764646
264 265 0.015583 0 0 0 0 0 0 0.015583
265 266 0.0294441 0 -1.41068 0 0 0 0 -1.38124
266 267 0.0764829 0 -1.378 0 0 0 0 -1.30152
267 268 0.00140735 0 -0.883793 0 0 0 0 -0.882386
268 269 0.103353 0 -1.21886 0 0 0 0 -1.11551
269 270 0.0172268 0 -1.12265 0 0 0 0 -1.10543
270 271 0.14941 0 -0 0 0 0 0 0.14941
271 272 0.0144469 0 -0.760787 0 0 0 0 -0.74634
272 273 0.102232 0 -1.19093 0 0 0 0 -1.0887
273 274 0.0261556 0 -1.4083 0 0 0 0 -1.38215
274 275 0.0235527 0 0 0 0 0 0 0.0235527
275 276 0.00455026 0 -1.30693 0 0 0 0 -1.30238
276 277 0.00675876 0 -0.809643 0 0 0 0 -0.802884
277 278 0.00195282 0 -1.4276 0 0 0 0 -1.42565
278 279 0.00111275 0 0 0 0 0 0 0.00111275
280 281 0.00881036 0 -1.14199 0 0 0 0 -1.13318
281 282 0.145036 0 -1.30728 0 0 0 0 -1.16224
282 283 0.00146595 0 0 0 0 0 0 0.00146595
283 284 0.000562588 0 -1.21986 0 0 0 0 -1.2193
284 285 0.0183846 0 -0.911265 0 0 0 0 -0.89288
285 286 0.0465109 0 0 0 0 0 0 0.0465109
286 287 0.00926144 0 -0.89667 0 0 0 0 -0.887408
287 288 0.0440879 0 0 0 0 0 0 0.0440879
288 289 0.0899422 0 -1.21601 0 0 0 0 -1.12607
289 290 0.067224 0 0 0 0 0 0 0.067224
290 291 0.105612 0 0 0 0 0 0 0.105612
291 292 0.0670565 0 -1.34918 0 0 0 0 -1.28213
292 293 0.161812 0 -1.16102 0 0 0 0 -0.999204
293 294 0.116639 0 -1.2243 0 0 0 0 -1.10766
294 295 0.152272 0 0 0 0 0 0 0.152272
295 296 0.0866847 0 -1.20955 0 0 0 0 -1.12287
296 297 0.132596 0 -1.3289 0 0 0 0 -1.1963
297 298 0.103848 0 -0.695442 0 0 0 0 -0.591594
298 299 0.0821759 0 -0.577072 0 0 0 0 -0.494897
300 301 0.0155341 0 0 0 0 0 0 0.0155341
301 302 0.0620969 0 0 0 0 0 0 0.0620969
302 303 0.00025537 0 -1.07966 0 0 0 0 -1.07941
303 304 0.115306 0 -1.05237 0 0 0 0 -0.937062
304 305 1.59914e-05 0 -1.34559 0 0 0 0 -1.34557
305 306 0.14261 0 -1.2882 0 0 0 0 -1.14559
306 307 0.00098124 0 -0.321423 0 0 0 0 -0.320442
307 308 0.0442783 0 0 0 0 0 0 0.0442783
308 309 0.256452 0 0 0 0 0 0 0.256452
309 310 0.000725988 0 -1.23947 0 0 0 0 -1.23874
310 311 0.00680403 0 0 0 0 0 0 0.00680403
311 312 0.240094 0 0 0 0 0 0 0.240094
312 313 0.0275675 0 -1.27742 0 0 0 0 -1.24985
313 314 0.00128756 0 -0.629848 0 0 0 0 -0.62856
314 315 0.0195404 0 -1.0244 0 0 0 0 -1.00486
315 316 0.0725266 0 0 0 0 0 0 0.0725266
316 317 0.0575417 0 0 0 0 0 0 0.0575417
317 318 0.00378754 0 0 0 0 0 0 0.00378754
318 319 0.0429446 0 0 0 0 0 0 0.0429446
320 321 0.0155751 0 -1.28613 0 0 0 0 -1.27055
321 322 0.00594576 0 -1.31969 0 0 0 0 -1.31375
322 323 0.00164031 0 0 0 0 0 0 0.00164031
323 324 0.00252529 0 -1.32647 0 0 0 0 -1.32395
324 325 0.00381432 0 0 0 0 0 0 0.00381432
325 326 6.02585e-05 0 -1.3298 0 0 0 0 -1.32974
326 327 0.0256971 0 -1.22175 0 0 0 0 -1.19606
327 328 0.00136112 0 0 0 0 0 0 0.00136112
328 329 0.0397062 0 -1.41036 0 0 0 0 -1.37066
329 330 0.0831801 0 -1.18895 0 0 0 0 -1.10577
330 331 0.0568216 0 0 0 0 0 0 0.0568216
331 332 0.244708 0 -1.10928 0 0 0 0 -0.864574
332 333 0.0677422 0 -1.39875 0 0 0 0 -1.33101
333 334 0.000503805 0 -1.14182 0 0 0 0 -1.14132
334 335 0.137657 0 -0.998508 0 0 0 0 -0.860851
335 336 0.0069554 0 -1.10044 0 0 0 0 -1.09349
336 337 0.000276223 0 -1.15753 0 0 0 0 -1.15725
337 338 0.141291 0 -1.31294 0 0 0 0 -1.17165
338 339 0.0303083 0 -0.985982 0 0 0 0 -0.955674
340 341 0.0120468 0 0 0 0 0 0 0.0120468
341 342 0.0204881 0 -0.805811 0 0 0 0 -0.785323
342 343 0.001642 0.000527832 -0.889186 0 0 0 0 -0.887016
343 344 0.018931 0 -1.33732 0 0 0 0 -1.31839
344 345 0.0043644 0 -1.1958 0 0 0 0 -1.19143
345 346 0.00217292 0 -1.14858 0 0 0 0 -1.14641
346 347 0.00254742 0 -0.794603 0 0 0 0 -0.792055
347 348 0.012951 0 -0.784144 0 0 0 0 -0.771193
348 349 0.0148439 0 -1.37139 0 0 0 0 -1.35655
349 350 0.0185965 0 -1.34221 0 0 0 0 -1.32362
350 351 0.0243804 0 -1.29773 0 0 0 0 -1.27335
351 352 0.00151292 0 -1.17262 0 0 0 0 -1.17111
352 353 0.0711399 0 0 0 0 0 0 0.0711399
353 354 0.000132804 0 0 0 0 0 0 0.000132804
354 355 0.100234 0 -1.25463 0 0 0 0 -1.15439
355 356 0.0500098 0 0 0 0 0 0 0.0500098
356 357 0.14244 0 -1.22615 0 0 0 0 -1.08371
357 358 0.0290796 0 -1.30778 0 0 0 0 -1.2787
358 359 0.224787 0 -1.3248 0 0 0 0 -1.10001
360 361 0.198551 0 0 0 0 0 0 0.198551
361 362 0.0390018 0 0 0 0 0 0 0.0390018
362 363 0.00649651 0 -1.18253 0 0 0 0 -1.17603
363 364 0.107362 0 -0 0 0 0 0 0.107362
364 365 0.0535636 0 0 0 0 0 0 0.0535636
365 366 0.126086 0 0 0 0 0 0 0.126086
366 367 0.0569752 0 -0.79181 0 0 0 0 -0.734835
367 368 0.0541696 0 -1.23909 0 0 0 0 -1.18492
368 369 0.0385359 0 0 0 0 0 0 0.0385359
369 370 0.0248231 0 -1.28661 0 0 0 0 -1.26179
370 371 0.0161122 0 -0 0 0 0 0 0.0161122
371 372 0.143568 0 0 0 0 0 0 0.143568
372 373 0.00139134 0 0 0 0 0 0 0.00139134
373 374 0.0195719 0 -1.01248 0 0 0 0 -0.992907
374 375 1.60888e-05 0 -1.03891 0 0 0 0 -1.0389
375 376 0.0102785 0 -1.29522 0 0 0 0 -1.28494
376 377 0.195341 0 0 0 0 0 0 0.195341
377 378 0.0182935 0 -0.70809 0 0 0 0 -0.689797
378 379 0.0534402 0 -0.722192 0 0 0 0 -0.668752
380 381 0.00761052 0 -1.20259 0 0 0 0 -1.19498
381 382 0.041607 0 -1.34216 0 0 0 0 -1.30055
382 383 0.0245095 0 -1.21622 0 0 0 0 -1.19171
383 384 0.00416523 0 -0.607019 0 0 0 0 -0.602854
384 385 0.0754145 0 -1.20709 0 0 0 0 -1.13168
385 386 0.0479791 0 0 0 0 0 0 0.0479791
386 387 0.0736396 0 0 0 0 0 0 0.0736396
387 388 0.0616371 0 -1.19009 0 0 0 0 -1.12845
388 389 0.0317394 0 -0.926933 0 0 0 0 -0.895194
389 390 0.0207494 0 -1.05215 0 0 0 0 -1.0314
390 391 0.0574011 0 0 0 0 0 0 0.0574011
391 392 0.00660889 0 0 0 0 0 0 0.00660889
392 393 0.180925 0 0 0 0 0 0 0.180925
393 394 0.0526386 0 -0 0 0 0 0 0.0526386
394 395 0.0362734 0 0 0 0 0 0 0.0362734
395 396 0.136502 0 0 0 0 0 0 0.136502
396 397 0.000446749 0 -0 0 0 0 0 0.000446749
397 398 0.00695355 0 0 0 0 0 0 0.00695355
398 399 0.0144068 0 -1.33166 0 0 0 0 -1.31726
400 401 0.00242142 0 -1.24123 0 0 0 0 -1.23881
401 402 0.152584 0 0 0 0 0 0 0.152584
402 403 0.00255462 0 -1.12885 0 0 0 0 -1.12629
403 404 0.0331605 0 0 0 0 0 0 0.0331605
404 405 0.00983662 0 0 0 0 0 0 0.00983662
405 406 0.0494237 0 0 0 0 0 0 0.0494237
406 407 0.000685321 0 -1.21186 0 0 0 0 -1.21118
407 408 0.012485 0 -1.20512 0 0 0 0 -1.19264
408 409 0.00021704 0 0 0 0 0 0 0.00021704
409 410 0.000771107 0 -0.857404 0 0 0 0 -0.856633
410 411 0.0135711 0 -0.990552 0 0 0 0 -0.976981
411 412 0.030143 0 -0.00340539 0 0 0 0 0.0267376
412 413 0.0557463 0 0 0 0 0 0 0.0557463
413 414 0.0105484 0 0 0 0 0 0 0.0105484
414 415 0.323241 0 0 0 0 0 0 0.323241
415 416 0.00456777 0 -1.18506 0 0 0 0 -1.18049
416 417 0.00278109 0 0 0 0 0 0 0.00278109
417 418 0.0326336 0 -1.32973 0 0 0 0 -1.2971
418 419 0.000861796 0 0 0 0 0 0 0.000861796
420 421 0.0459785 0 0 0 0 0 0 0.0459785
421 422 0.0514004 0 -0.983812 0 0 0 0 -0.932412
422 423 0.0270045 0 -0.785751 0 0 0 0 -0.758747
423 424 0.182588 0 0 0 0 0 0 0.182588
424 425 0.03973 0 -1.34614 0 0 0 0 -1.30641
425 426 0.327608 0 0 0 0 0 0 0.327608
426 427 6.0342e-08 0 -0 0 0 0 0 6.0342e-08
427 428 0.0218443 0 -1.37627 0 0 0 0 -1.35443
428 429 0.0640106 0 -1.31183 0 0 0 0 -1.24782
429 430 0.0021169 0 -1.2483 0 0 0 0 -1.24619
430 431 0.0761858 0 0 0 0 0 0 0.0761858
431 432 0.000873541 0 0 0 0 0 0 0.000873541
432 433 0.0586651 0 -1.33535 0 0 0 0 -1.27669
430 434 0 0 0 0 0 -0.10876 0 -0.10876
433 434 0.0772249 0 -1.36102 0 0 0 0 -1.2838
430 435 0 0 0 0 -0.733083 0 -0 -0.733083
429 435 0 0 0 0 0 -0.164556 0 -0.164556
434 435 0.0527867 0 -1.16662 0 0 0 0 -1.11383
435 436 0.244709 0 0 0 0 0 0 0.244709
436 437 0.000791989 0 -0.837664 0 0 0 0 -0.836872
437 438 0.000118717 0 -1.3956 0 0 0 0 -1.39548
438 439 0.0289698 0 -0.897176 0 0 0 0 -0.868206
440 441 0.0112165 0 0 0 0 0 0 0.0112165
441 442 0.0160609 0 -1.35635 0 0 0 0 -1.34029
442 443 0.0891539 0 -0.795878 0 0 0 0 -0.706724
443 444 0.000174968 0 0 0 0 0 0 0.000174968
444 445 0.00439132 0 -0.969642 0 0 0 0 -0.96525
445 446 0.009886 0 -0.268469 0 0 0 0 -0.258583
446 447 0.0711398 0 -0.950172 0 0 0 0 -0.879032
447 448 0.0133742 0 -1.25678 0 0 0 0 -1.24341
448 449 0.0389387 0 -0.931105 0 0 0 0 -0.892166
449 450 0.0371167 0 -1.24091 0 0 0 0 -1.20379
450 451 0.142435 0 0 0 0 0 0 0.142435
451 452 0.0159824 0 -1.37272 0 0 0 0 -1.35674
452 453 0.0417915 0 -0.868485 0 0 0 0 -0.826693
453 454 0.0177207 0 0 0 0 0 0 0.0177207
454 455 0.0232278 0 0 0 0 0 0 0.0232278
455 456 0.00242533 0 -1.21992 0 0 0 0 -1.2175
456 457 0.0124938 0 -1.02878 0 0 0 0 -1.01628
457 458 0.0193187 0 -0.77373 0 0 0 0 -0.754411
458 459 0.137515 0 -1.10726 0 0 0 0 -0.969746
460 461 0.222794 0 -0.93938 0 0 0 0 -0.716586
461 462 0.0193155 0 0 0 0 0 0 0.0193155
462 463 0.0117989 0 -0.746781 0 0 0 0 -0.734982
463 464 0.0464822 0 0 0 0 0 0 0.0464822
464 465 0.0323657 0.0050401 -0 0 0 0 0 0.0374058
465 466 0.00525498 0 0 0 0 0 0 0.00525498
466 467 0.0905238 0 0 0 0 0 0 0.0905238
467 468 0.00839811 0 -1.08959 0 0 0 0 -1.08119
468 469 0.0530503 0 0 0 0 0 0 0.0530503
469 470 0.0161687 0 -0.847332 0 0 0 0 -0.831163
470 471 0.0376544 0 -1.38511 0 0 0 0 -1.34746
471 472 0.016045 0 -1.31275 0 0 0 0 -1.29671
472 473 0.00415791 0 0 0 0 0 0 0.00415791
473 474 0.00766487 0 0 0 0 0 0 0.00766487
469 475 0 0 0 0 0 -0.00015219 0 -0.00015219
474 475 0.150298 0 0 0 0 0 0 0.150298
475 476 0.0745121 0 0 0 0 0 0 0.0745121
476 477 0.00163168 0 0 0 0 0 0 0.00163168
477 478 0.0564164 0 -1.23203 0 0 0 0 -1.17561
478 479 0.00467666 0 0 0 0 0 0 0.00467666
480 481 0.0224437 0 0 0 0 0 0 0.0224437
481 482 0.000231714 0 0 0 0 0 0 0.000231714
482 483 0.00129995 0 -1.28122 0 0 0 0 -1.27992
483 484 0.072032 0 -0.640286 0 0 0 0 -0.568254
484 485 0.00888163 0 -1.24997 0 0 0 0 -1.24109
485 486 0.103998 0 -0.940883 0 0 0 0 -0.836886
486 487 0.000544697 0 -1.42822 0 0 0 0 -1.42767
487 488 0.043868 0 -1.10589 0 0 0 0 -1.06202
488 489 0.00298915 0 0 0 0 0 0 0.00298915
489 490 0.00231771 0 -1.32213 0 0 0 0 -1.31981
490 491 0.0351614 0 -1.30161 0 0 0 0 -1.26644
491 492 0.00688367 0 -1.32986 0 0 0 0 -1.32298
492 493 0.00229551 0 -0 0 0 0 0 0.00229551
493 494 0.0612939 0 -0.362406 0 0 0 0 -0.301112
494 495 0.0311167 0 0 0 0 0 0 0.0311167
495 496 0.012395 0 -0 0 0 0 0 0.012395
496 497 0.00760829 0 -0.604644 0 0 0 0 -0.597036
497 498 0.00583639 0 0 0 0 0 0 0.00583639
498 499 0.00130018 0 0 0 0 0 0 0.00130018
500 501 0.00569174 0 0 0 0 0 0 0.00569174
501 502 0.388055 0 -1.39069 0 0 0 0 -1.00264
502 503 0.0648336 0 -1.33247 0 0 0 0 -1.26764
503 504 0.0518318 0 0 0 0 0 0 0.0518318
504 505 0.0469836 0 -1.1821 0 0 0 0 -1.13512
505 506 0.0128147 0 -0.74807 0 0 0 0 -0.735256
506 507 0.032179 0 0 0 0 0 0 0.032179
507 508 0.0355218 0 0 0 0 0 0 0.0355218
507 509 0 0 0 0 0 -0.00504197 -5.03091e-15 -0.00504197
508 509 7.09866e-05 0 0 0 0 0 0 7.09866e-05
509 510 7.42662e-05 0 -1.24358 0 0 0 0 -1.2435
510 511 0.000124512 0 -1.29452 0 0 0 0 -1.2944
511 512 0.00335469 0 -0.965031 0 0 0 0 -0.961677
512 513 0.0731345 0 -1.17703 0 0 0 0 -1.10389
513 514 0.0167986 0 -1.16121 0 0 0 0 -1.14441
514 515 0.0436337 0 0 0 0 0 0 0.0436337
515 516 0.00841697 0 0 0 0 0 0 0.00841697
516 517 0.0610726 0 0 0 0 0 0 0.0610726
517 518 0.0276544 0 -1.42025 0 0 0 0 -1.3926
518 519 0.0265928 0 -1.01315 0 0 0 0 -0.98656
520 521 0.015911 0 0 0 0 0 0 0.015911
521 522 0.250437 0 0 0 0 0 0 0.250437
522 523 0.0335955 0 -0 0 0 0 0 0.0335955
523 524 7.62327e-06 0 -1.29276 0 0 0 0 -1.29275
524 525 0.0885297 0 -1.16588 0 0 0 0 -1.07735
525 526 0.00122065 0 0 0 0 0 0 0.00122065
526 527 0.0370186 0 -0.810853 0 0 0 0 -0.773834
527 528 0.283574 0 0 0 0 0 0 0.283574
528 529 0.0247996 0 0 0 0 0 0 0.0247996
529 530 0.00449014 0 -1.10784 0 0 0 0 -1.10335
530 531 0.000168335 0 -1.33547 0 0 0 0 -1.3353
531 532 3.50741e-07 0 0 0 0 0 0 3.50741e-07
532 533 0.00144249 0 -1.28461 0 0 0 0 -1.28317
533 534 0.087048 0 -1.40242 0 0 0 0 -1.31537
534 535 0.00276975 0 -0.791447 0 0 0 0 -0.788677
535 536 0.00143609 0 -1.15023 0 0 0 0 -1.14879
536 537 0.000159482 0 -1.23746 0 0 0 0 -1.23731
537 538 0.140297 0 0 0 0 0 0 0.140297
538 539 0.02019 0 0 0 0 0 0 0.02019
540 541 0.0003661 0 -0 0 0 0 0 0.0003661
541 542 0.004048 0 -1.02486 0 0 0 0 -1.02081
542 543 0.00760679 0 -1.38261 0 0 0 0 -1.375
543 544 0.000605966 0 -1.43861 0 0 0 0 -1.43801
544 545 0.712386 0 0 0 0 0 0 0.712386
545 546 0.213742 0 -0 0 0 0 0 0.213742
546 547 0.0443894 0 0 0 0 0 0 0.0443894
547 548 0.0493874 0 0 0 0 0 0 0.0493874
548 549 0.0284655 0 0 0 0 0 0 0.0284655
549 550 0.000243063 0 -1.2719 0 0 0 0 -1.27166
550 551 0.016949 0 -0.96437 0 0 0 0 -0.947421
551 552 0.000128139 0 0 0 0 0 0 0.000128139
552 553 0.000558735 0 -0.475368 0 0 0 0 -0.474809
553 554 0.114568 0 -1.25934 0 0 0 0 -1.14477
554 555 0.0108396 0 -0.877922 0 0 0 0 -0.867083
555 556 0.0550428 0 -0.880572 0 0 0 0 -0.825529
556 557 0.12612 0 -0.827742 0 0 0 0 -0.701622
557 558 0.00236687 0 0 0 0 0 0 0.00236687
558 559 0.00860802 0 0 0 0 0 0 0.00860802
560 561 0.211141 0 -1.24719 0 0 0 0 -1.03605
561 562 0.00805528 0 0 0 0 0 0 0.00805528
562 563 0.0802572 0 -1.29407 0 0 0 0 -1.21382
563 564 0.00524901 0 -1.27814 0 0 0 0 -1.27289
564 565 0.0954238 0 0 0 0 0 0 0.0954238
565 566 0.0225947 0 -1.10337 0 0 0 0 -1.08078
566 567 0.0374559 0 0 0 0 0 0 0.0374559
567 568 0.0365006 0 -0 0 0 0 0 0.0365006
568 569 0.00776413 0 0 0 0 0 0 0.00776413
569 570 0.0298109 0 0 0 0 0 0 0.0298109
570 571 0.0773845 0 0 0 0 0 0 0.0773845
571 572 0.0933535 0 -0.82904 0 0 0 0 -0.735687
572 573 0.0505829 0 -1.25268 0 0 0 0 -1.2021
573 574 0.00539463 0 -1.3698 0 0 0 0 -1.36441
574 575 0.0961308 0 -1.23382 0 0 0 0 -1.13769
575 576 0.00948624 0 -0 0 0 0 0 0.00948624
576 577 0.144886 0 -1.21929 0 0 0 0 -1.0744
577 578 0.0831267 0 0 0 0 0 0 0.0831267
578 579 0.00929386 0 -1.02478 0 0 0 0 -1.01549
580 581 0.0172543 0 -1.08331 0 0 0 0 -1.06605
581 582 0.216114 0 -1.17087 0 0 0 0 -0.954755
582 583 0.0801609 0 0 0 0 0 0 0.0801609
583 584 0.0116123 0 -1.08882 0 0 0 0 -1.07721
584 585 0.121218 0 0 0 0 0 0 0.121218
585 586 0.0548785 0 -1.43431 0 0 0 0 -1.37943
586 587 0.0670111 0 -1.37045 0 0 0 0 -1.30343
587 588 0.0707549 0 -1.04287 0 0 0 0 -0.972113
588 589 0.0193849 0 -1.284 0 0 0 0 -1.26461
589 590 0.00161192 0 -0.33617 0 0 0 0 -0.334559
590 591 0.0343326 0 -1.14686 0 0 0 0 -1.11253
591 592 0.0309084 0 0 0 0 0 0 0.0309084
592 593 0.00773192 0 -1.07384 0 0 0 0 -1.06611
593 594 0.0153427 0 0 0 0 0 0 0.0153427
594 595 0.0530005 0 -1.39264 0 0 0 0 -1.33964
595 596 0.127152 0 -1.40987 0 0 0 0 -1.28272
596 597 0.0527131 0 0 0 0 0 0 0.0527131
597 598 0.0120942 0 -1.001 0 0 0 0 -0.988902
598 599 0.0636653 0 -1.08192 0 0 0 0 -1.01825
#Total energy per particle is  -0.553368 and should be -0.55336810
