t = 200000
b = 100 100 100
E = -0.59603263013121 -0.59603263013121 0
-38.6538765233166 468.106077136252 23.6307060462609 -0.178356883603042 -0.84336178055737 0.506882362256287 0.203461593787469 -0.535619132311718 -0.81958253089918 0 0 0 0 0 0
-38.4573940047387 467.783118430339 23.4195077223448 -0.869152469524501 -0.493949138378277 0.0242535237608834 0.225470437723043 -0.439432039604733 -0.86951858190714 0 0 0 0 0 0
-38.4890468890281 467.048227084257 23.1048645069393 -0.623470090415807 -0.749389366079809 0.222936368418004 -0.7713781244185 0.543079411446136 -0.33172359281775 0 0 0 0 0 0
-38.8957286501638 467.594689442141 22.4446627839719 -0.665367903502356 0.746515216942302 -0.000764108937551569 0.701154434249003 0.62458588884633 -0.343911219338654 0 0 0 0 0 0
-38.7227077522722 467.909489236967 22.0522419635024 -0.574158222656478 0.61728217182301 0.537870854114091 0.507387512391225 0.783850908721099 -0.357960424022757 0 0 0 0 0 0
-38.7493290911281 468.346894199484 21.8236649462496 0.199044717384228 0.153555143064527 0.967885333353009 0.519277020413279 0.821071118023853 -0.237051882966087 0 0 0 0 0 0
-38.7515648889926 468.826614442473 21.8699440055978 0.859089819093728 -0.224629769243008 0.459897977272502 0.350162132234028 0.913299223011529 -0.208016851230511 0 0 0 0 0 0
-39.36039773577 469.168438192965 20.923167997774 0.642259666663576 0.444279568506494 -0.62459441686976 -0.0520452049804508 0.838276235004839 0.542756161148499 0 0 0 0 0 0
-39.975722481523 468.494065189006 21.0777254390678 0.515137398814814 -0.184092952000728 0.837104082755523 -0.165697827655119 -0.97962698995136 -0.11346889648363 0 0 0 0 0 0
-39.8400710373609 467.998298338175 21.0543529074109 -0.170540414770372 0.167031758879423 0.971090293667688 -0.278451210131534 -0.953527459585868 0.115109979550021 0 0 0 0 0 0
-39.9841238987454 467.222863776024 20.3821920726371 0.794526484743005 -0.594439613687912 -0.123972620850288 -0.606716332484324 -0.785525995651219 -0.121836784482079 0 0 0 0 0 0
-39.7231741281877 468.019018445203 19.9370364151559 0.917034336314006 -0.265350671672016 -0.297719745842194 0.287325210094696 0.957305286729325 0.0317932641313312 0 0 0 0 0 0
-39.9006801402684 467.284001164972 19.5176560937743 0.662719789736833 -0.695551993365551 -0.2775065851766 -0.63111821094614 -0.319281658102857 -0.706929293926369 0 0 0 0 0 0
-39.929561273187 467.227485241116 19.0125776880202 0.114390954281132 -0.956154276620453 0.269599163350092 -0.524030867767914 -0.288629851008295 -0.80130172764904 0 0 0 0 0 0
-39.9463079205201 467.024119896984 18.5288090715802 -0.391781633890257 -0.615569260992475 0.683799412304119 -0.354027777378395 -0.585127306430282 -0.729582324425528 0 0 0 0 0 0
-39.0070804723548 466.879429915789 18.1986420154625 0.935223465274701 0.339773867105062 0.0995529468777856 -0.330550792046235 0.938650745234801 -0.0983410003394301 0 0 0 0 0 0
-38.9938462352611 467.316692429265 18.3694504817156 0.559074781508885 0.146074146764502 -0.81614810685795 -0.383233740752016 0.918422571142239 -0.0981421457157705 0 0 0 0 0 0
-39.1676105720513 467.881926281201 18.2148851797676 0.397404604766458 -0.380102024999856 -0.835219749946937 -0.338657787423083 0.785178402610306 -0.518464829175548 0 0 0 0 0 0
-38.2483106168473 468.073358948012 19.0442642935532 0.689691415875178 -0.131323051902207 0.712095504063312 0.349459395315287 0.921677230043537 -0.168490992771563 0 0 0 0 0 0
-38.2776531175168 467.560575798742 18.3055188372327 0.619416214140555 0.384861180216254 -0.684255380411681 -0.195429480833974 0.919746293475091 0.340402810887036 0 0 0 0 0 0
-18.9876225242183 182.421708408822 154.462561106539 0.27570419296734 -0.840975400363942 0.465561568391265 -0.270553559928817 0.396861336673008 0.877098541022591 0 0 0 0 0 0
-19.0083602137491 182.536273273909 153.658818318482 -0.286013734070892 0.930266603465294 -0.229782920165907 -0.914416595610606 -0.336652650060167 -0.224738254152194 0 0 0 0 0 0
-19.1970861239429 182.401239583926 153.034548833348 -0.852632000527168 0.496827190287277 0.161806720096196 0.522492327521012 0.808010106059891 0.272252522829007 0 0 0 0 0 0
-19.0289918478747 181.173674571448 152.873302597606 -0.218527460593151 -0.941514225145743 -0.256508699296768 -0.10777260563244 -0.237967966470956 0.965275252147735 0 0 0 0 0 0
-19.4420399136641 181.026013678776 153.196477823953 0.595962914222433 -0.802991088100116 -0.00578941303557096 -0.330287261132157 -0.251690978646271 0.909704334606525 0 0 0 0 0 0
-20.3896223461547 181.332829783992 152.79678107237 -0.617920856398568 -0.506321094396272 0.6015087402499 0.067243533637903 0.728208379646777 0.682049018030306 0 0 0 0 0 0
-20.6736699996833 181.88200234576 151.862617352631 -0.634795759494168 0.771053319324776 -0.0501111014293902 0.335359996251578 0.333362002478925 0.88113758756359 0 0 0 0 0 0
-20.7613834525691 182.156060297818 151.18142791332 -0.335870665538714 0.939215329128032 0.0711720560438202 0.0100840043510768 -0.0719717110542879 0.997355696662011 0 0 0 0 0 0
-20.5829605995795 181.061258384874 150.464615412732 -0.400540384367454 -0.886897809384791 -0.230173143957397 0.0878069729659915 -0.287201023229773 0.953837254333422 0 0 0 0 0 0
-20.9907061244168 181.579625216845 150.194163549808 -0.746008458401694 -0.125861696288529 0.653934410625793 -0.639048114281977 -0.140916566275442 -0.756148152799296 0 0 0 0 0 0
-21.3227269708988 181.223887010832 149.885879607437 -0.597390541073518 0.63457113845393 0.490350906675182 -0.597243920444378 0.0560105225306961 -0.800101569088617 0 0 0 0 0 0
-21.8066131063331 181.087198831621 149.807807788242 -0.0680772898552037 0.996492745853128 -0.0486589156071587 -0.694300413749169 -0.0823440224475513 -0.714959018010746 0 0 0 0 0 0
-22.4393424589567 179.759393156026 150.052423573876 -0.229138451416702 -0.958272929410508 0.17090512818918 0.835093314636964 -0.103320020643266 0.540318544178269 0 0 0 0 0 0
-22.242221729091 179.738587714638 150.530649010037 0.192205591553703 -0.792425658348377 -0.578894279265768 0.917945947010053 -0.0634278191225322 0.39160203029246 0 0 0 0 0 0
-22.3603103553073 179.582030918016 151.156508002925 0.929702983692064 0.034941779715213 -0.366648924919204 -0.364137170706552 -0.0622266196829156 -0.929264208238252 0 0 0 0 0 0
-23.1545665883196 180.261460038411 151.047033622049 -0.16245521203145 0.312116851490853 -0.936050946850252 -0.920081918231933 -0.390618473679793 0.0294358924226161 0 0 0 0 0 0
-23.6394527214413 180.399207892989 151.068295830048 0.193259334142551 -0.288908020871404 -0.937647580513567 -0.974990906177628 -0.163442672642036 -0.150596233786095 0 0 0 0 0 0
-23.9576755865359 180.521302517699 150.703763837225 0.132538782278951 -0.970816698136222 -0.199870982916221 -0.971247498095045 -0.0869711593724248 -0.221617496785638 0 0 0 0 0 0
-24.1928904246256 180.436176453619 150.347185699018 -0.295421707323642 -0.523285950449751 0.799310846231856 -0.949474133834518 0.0680315937150467 -0.306383046913145 0 0 0 0 0 0
-24.6495620457527 180.131940511941 150.216949788914 -0.140424860777657 0.17075769431161 0.975255181123873 -0.98366737333891 -0.136086826090288 -0.117808634629222 0 0 0 0 0 0
419.121792839908 167.594297892726 -174.911160607132 0.00679429989292556 -0.774785203494243 0.63218804634013 0.142543690129261 -0.624996206491338 -0.767503119391556 0 0 0 0 0 0
419.434905496512 168.430529990687 -175.065495013929 -0.407219930128647 0.45337333377621 -0.792858467020858 0.73699378949314 -0.349623364188626 -0.578449356004455 0 0 0 0 0 0
419.93998402645 167.241399608407 -174.492811861718 -0.122056319335661 -0.992325255956148 -0.0198202245647239 -0.317425123170954 0.0579485449506771 -0.946511097303145 0 0 0 0 0 0
420.731663436873 167.129756568582 -173.857690486439 0.279246371049777 -0.42570898762867 0.860693512295581 -0.496479559271551 0.70322531978878 0.508902934589195 0 0 0 0 0 0
420.356324545965 167.184450886592 -173.525088328948 0.758864935241935 0.338569243225163 0.556322638045761 -0.573680926086452 0.751850508778501 0.324978472354862 0 0 0 0 0 0
420.101815306625 167.639395247925 -173.275832476555 0.676363297794876 -0.311478078124013 0.66746842340609 -0.2456074447894 0.75895183304224 0.603049830599301 0 0 0 0 0 0
419.875091390976 167.81880514484 -172.826875372965 0.980985559536709 -0.0957773125714794 0.168801772434522 -0.0353904081454383 0.766891264504024 0.640800520785306 0 0 0 0 0 0
419.878072843552 167.931895398954 -172.374381369126 0.573355598280918 0.600791467968711 -0.557057420681147 -0.0847112327877849 0.719739860057649 0.68905626830018 0 0 0 0 0 0
420.165925129688 168.150299796568 -171.977462310739 -0.26595870611552 0.741116381399069 -0.61645151947522 -0.234327554174765 0.570598847682296 0.787088020730915 0 0 0 0 0 0
420.339333027794 168.508240923214 -171.661462452887 -0.808242517426994 0.150313835333652 -0.569341535399064 -0.39143719270773 0.58516771640766 0.710180024950953 0 0 0 0 0 0
420.095010772105 168.954752328135 -171.64887139444 -0.838157934604462 -0.545114026730574 0.0184925531271831 -0.450724049586065 0.711321631586663 0.539323064184748 0 0 0 0 0 0
420.267993450186 170.008518268575 -170.835357384058 -0.208204445795422 0.606772386263916 0.767123314740606 0.929963920636869 -0.120174364767036 0.347455361689157 0 0 0 0 0 0
420.741233191823 170.239032782679 -170.856850366846 -0.371487960934378 -0.0360806469494517 0.927736429055434 0.928194716520599 -0.0372959022535049 0.370220993324719 0 0 0 0 0 0
421.276179567816 170.388646279933 -171.162732045544 0.279225047099469 -0.71601357290538 -0.639810859932505 0.439127714294636 0.687772756386369 -0.578044536442534 0 0 0 0 0 0
421.457150753231 171.541630870812 -171.314570064228 -0.0649290956145042 0.997847950833651 -0.00914765323824626 -0.114594444310974 -0.0165622852077513 -0.993274284395683 0 0 0 0 0 0
422.555131668642 170.888712441447 -171.813122344627 0.930137116502215 -0.103731426998642 -0.352256633092652 0.251288342277049 -0.519687629655706 0.816565329057318 0 0 0 0 0 0
422.835601127753 170.483949197045 -171.616144899155 0.740549568746483 0.638815114065069 -0.208570338906161 0.62477026489717 -0.54019538732907 0.563782812445286 0 0 0 0 0 0
423.067386353141 169.2926280221 -171.98422585874 0.310878775175932 -0.544111614135236 -0.779292588511055 0.274810875215575 0.836357366069227 -0.474326194812173 0 0 0 0 0 0
423.88132238041 170.103947434369 -171.449543234062 0.393597721643852 0.911927736799986 0.116054454337716 -0.0472978950229918 -0.105988438094771 0.993241843720161 0 0 0 0 0 0
424.403989941767 169.31863856324 -172.110917587634 0.00759973174570848 -0.934980145580437 -0.354618628173675 -0.690722155124941 0.251524283822425 -0.677966399659433 0 0 0 0 0 0
65.8940199263128 32.4610333142027 -84.389361302566 -0.0230349565127842 -0.948430872496652 0.316145964506419 0.997081849878689 0.00122697995816138 0.0763300672256625 0 0 0 0 0 0
66.2387499836085 32.426768417708 -84.0493006518362 0.145869587648587 -0.706416455547576 -0.692602234136471 0.98735843697593 0.147836739744527 0.0571630589993052 0 0 0 0 0 0
66.6404394615217 32.1832298907057 -83.7976781716338 0.140523698804302 0.0979752390676959 -0.985217713301982 0.921380535352724 0.35126289340116 0.166349898685193 0 0 0 0 0 0
66.3224428697025 32.0410212809244 -82.9517441862534 -0.126201269123341 -0.885028076441994 -0.448105504966232 -0.984323287383491 0.167825063524695 -0.0542440224125173 0 0 0 0 0 0
66.2052261814407 32.9149992527959 -82.6564734898935 0.80746069890468 -0.0654850956074893 -0.586275465952348 -0.546536406380355 0.291034487928868 -0.785236832641484 0 0 0 0 0 0
66.5195060295736 33.1800643821496 -81.8337768194388 0.620292898514017 -0.767060325307321 0.163875493569071 0.634470193524212 0.367836647310482 -0.67981157273522 0 0 0 0 0 0
66.9841427556522 33.3705426190141 -81.8474315180041 0.0577774562461832 -0.931247829467221 -0.359776660808218 0.756660851770254 0.275937809528964 -0.592724793365919 0 0 0 0 0 0
67.6984793251712 33.5582625247588 -81.2875886511279 0.366314640880345 -0.903757807753707 0.221439402096641 0.565098585438873 0.405143158677394 0.718695074222642 0 0 0 0 0 0
67.6822230906517 33.5908978026892 -80.7745181151468 0.831446585365406 -0.377840122195607 -0.407349257693463 0.524956685870915 0.294099111090059 0.798702817583275 0 0 0 0 0 0
68.0584379650774 33.5716364648247 -80.4465169545915 0.600415555279657 0.274717960581787 -0.751020108327337 0.485690238245349 0.620813519779284 0.615382455171118 0 0 0 0 0 0
68.5926556585394 33.492858755683 -80.1610067463534 0.1149593106677 0.811669975494964 -0.572692070637277 0.422582940427234 0.481788753816425 0.767660898545633 0 0 0 0 0 0
69.1228411084946 32.7791338573395 -79.5500365772466 -0.17054527202374 -0.929124030925812 -0.328089691009211 0.173568739678589 -0.356088476856927 0.918191096262701 0 0 0 0 0 0
69.0078771000135 32.4898448266159 -79.1585167084534 0.641824743433976 -0.614528070077254 -0.458711510432251 0.244489522170925 -0.402977184230944 0.881949126955706 0 0 0 0 0 0
69.0795052738376 32.1319472047493 -78.8456654916626 0.933047507030351 0.179934190155573 -0.311522128969203 0.337664182194282 -0.139265036247014 0.930907164942984 0 0 0 0 0 0
68.2019282055202 32.1678802767215 -77.9681765219089 0.212272404640913 0.580688053323221 0.785965527841808 0.415974853041817 0.674092847322642 -0.610380008540001 0 0 0 0 0 0
68.1532067627687 32.6352875626196 -78.1376767449757 0.851572042464591 0.00600330062677364 0.524203220968995 0.381185057384041 0.679371774002314 -0.627018296954782 0 0 0 0 0 0
68.2624893681269 33.0741542427426 -78.1080651291127 0.842163444940827 -0.481191433327895 -0.243342426422612 0.185675357243515 0.682467136366454 -0.706939367620919 0 0 0 0 0 0
68.4184772365307 33.952486451942 -78.0335959496056 -0.0842218442776471 0.698283174639823 -0.710849695056136 -0.824870371177906 -0.449070835739375 -0.343401012289077 0 0 0 0 0 0
67.9417975506755 34.1073982083906 -78.0168509419341 0.332367202418961 -0.267356396560244 -0.904462602861232 -0.879485448028352 -0.434217093840135 -0.194835474499378 0 0 0 0 0 0
67.5850572390664 34.0986029324677 -78.2757957477047 0.393075985773859 -0.917648058385511 -0.0584235427649736 -0.916640661292821 -0.386047229981837 -0.103621591804075 0 0 0 0 0 0
50.5375903468843 28.711935076271 291.090892491175 -0.405572098993391 0.872695919515248 -0.27186964630045 -0.914060474659912 -0.386509277540921 0.122898441972601 0 0 0 0 0 0
50.9132753735772 28.0664871162362 291.700515134942 0.533929034549828 0.784029509829436 0.316571498687586 0.0978658940847508 -0.429194568177998 0.897894364288747 0 0 0 0 0 0
51.2032450038107 26.9987280089286 291.202613632377 -0.0855234865914963 -0.996049809131231 0.0238853714828231 0.615945275924366 -0.0716995502768778 -0.784519337911151 0 0 0 0 0 0
51.648354207212 26.9304530489614 291.068460663453 -0.766236365682366 -0.518592772739505 -0.379398692628521 0.409763639958712 0.0604478888132236 -0.910186690797998 0 0 0 0 0 0
51.7939429199289 26.6888725555365 290.744351051049 -0.793772588819103 0.354883492075601 -0.493946135010333 0.513461017834945 -0.0443098310352979 -0.856968156956561 0 0 0 0 0 0
51.9021411882916 26.4617803607654 290.218993960773 -0.395863321777372 0.877566184861868 -0.270499208239824 0.377943350249378 -0.112763602163299 -0.918935903112634 0 0 0 0 0 0
52.8774671747563 25.7505426163007 290.974818956013 0.528810491564551 -0.00480221383203525 0.848726341498583 -0.490845433227443 -0.817525514051422 0.301202248588424 0 0 0 0 0 0
52.954922336421 25.2461284578449 291.052232981594 -0.32243889283953 0.408666003640194 0.853829759292314 -0.560232441401967 -0.80945212004781 0.175860390511614 0 0 0 0 0 0
52.7900076056908 24.8361486986711 291.338214031093 -0.367630298614044 0.71737547822401 0.591794209826205 -0.582343872366949 -0.673727640390414 0.454935908552658 0 0 0 0 0 0
52.7354732161845 24.5535127214291 291.72667619109 -0.709830248628272 0.704365244412335 0.00325892563230978 -0.621093255137159 -0.628081114730057 0.468782766046894 0 0 0 0 0 0
53.476381998621 23.735809589744 291.181765554743 -0.362676044936789 0.0353351493571742 -0.931245141543791 0.2296859564246 -0.965065102398273 -0.126070256422075 0 0 0 0 0 0
53.2288181514637 23.3968582317621 290.914433197489 0.537337095947625 -0.0916980118391919 -0.838367652013908 -0.037370557815399 -0.995683920415163 0.0849527635527997 0 0 0 0 0 0
52.1648696448529 23.4597476308807 291.918120187337 -0.862584794702102 -0.413145022994744 0.291990859314817 -0.173553763116701 -0.300482703039831 -0.937864188719192 0 0 0 0 0 0
52.2548636533419 23.033057852063 291.653106531541 -0.9753644478622 0.213586069321778 0.0551831934391042 -0.138083126726706 -0.396028987505003 -0.907796282857084 0 0 0 0 0 0
52.9843914478787 22.0569895561339 291.260173851517 0.0558129678947574 -0.989721791129248 0.131665062862899 -0.406935522330032 -0.142969846206571 -0.902199037763649 0 0 0 0 0 0
53.0445394072713 21.9845446314575 290.805413779506 -0.602551608743332 -0.676094531021509 0.424061014387822 -0.448948352909038 -0.152159503160253 -0.880507161821122 0 0 0 0 0 0
53.8696713377622 22.5486628938307 290.710531288194 -0.182205168749007 0.281344076234256 0.942150087432485 -0.876456122853207 0.387839025235919 -0.28531658770071 0 0 0 0 0 0
53.947689824467 21.8390862433394 290.231695584728 0.18975858925148 0.145090434578528 -0.9710512054465 0.422541714920727 0.880678490114183 0.214158577232048 0 0 0 0 0 0
54.3860763028822 22.0673436761258 290.117506860602 -0.538719978035912 0.563025909768858 -0.626723711210879 0.629560649064408 0.763371743898377 0.144627002206196 0 0 0 0 0 0
55.0135806930856 22.5649304332491 290.215879714995 0.684899417678633 0.0834805742370566 -0.723839610264955 0.470083297160897 -0.809646413743135 0.351417669509119 0 0 0 0 0 0
94.5352583037405 -96.5657896057991 100.88503667395 -0.697749510938884 0.713457060706011 0.0642233798027404 -0.715876650468848 -0.697718818975522 -0.0266283863744298 0 0 0 0 0 0
95.653953622475 -96.5496563538883 100.442743486441 0.289256555285121 0.935251270505 -0.204048293899678 -0.892315102965892 0.340609554054497 0.296241267729137 0 0 0 0 0 0
95.9127318431018 -96.9901108676538 100.867441946321 -0.682104261595703 0.314535372940604 0.660152463815819 -0.407037948185685 0.58667138737597 -0.70009770173251 0 0 0 0 0 0
96.9983675800123 -97.5699415159209 100.116874738252 0.998662612374619 0.0473902279262513 0.0206676786843281 -0.0184181002962608 0.699631515474767 -0.71426641817739 0 0 0 0 0 0
96.7132697785259 -96.5239284399797 100.208655082125 -0.179425357182316 0.789038227650026 0.587558691967794 0.862915786053632 0.41303899709796 -0.291161695722075 0 0 0 0 0 0
96.6857177590218 -96.4422824348079 99.271379703729 0.198075155166988 0.980160895338381 -0.00713106969791404 -0.379344090149414 0.0699471465740479 -0.922607965473344 0 0 0 0 0 0
97.6046176144147 -97.4060296121514 99.1845117955515 0.958821815686509 -0.0373397638307258 -0.281543012345701 -0.27138294262776 0.171827117113387 -0.947009366519255 0 0 0 0 0 0
97.8310515608139 -96.9739804950652 99.6316318405395 0.000112770467056078 0.960018817362929 -0.279935452545592 -0.503535666457347 0.241911590468525 0.829415827557169 0 0 0 0 0 0
97.8547090230021 -96.7400698074801 100.042505296332 -0.763025054152347 0.392354310272192 -0.513664152872906 -0.478208327307755 0.19198887358806 0.857004707170215 0 0 0 0 0 0
97.7622586038925 -96.3915817182192 100.331794540199 -0.854237348476458 -0.465143389006806 -0.232207192246868 -0.429677801887857 0.380235131805254 0.81902272929746 0 0 0 0 0 0
98.4641152296009 -95.9667853632455 100.968430256884 0.699165712048163 0.56713583073536 -0.435343837204915 0.200327291247014 0.429118563856539 0.880753219997143 0 0 0 0 0 0
98.8998826916321 -95.952923739168 101.319990772176 0.0536714871809919 0.942959693154265 -0.328551957154718 0.564914912931114 0.242638851522492 0.788668199485613 0 0 0 0 0 0
98.415139095199 -96.1913663764763 102.444168027247 -0.269492472351134 0.349521065615598 0.897334292243983 0.0605799251131914 -0.92381022967178 0.378027422586052 0 0 0 0 0 0
98.6786545406131 -96.4120084787267 102.795440897954 -0.94294155616539 -0.0350123691835756 0.331112300678405 0.141395548351174 -0.942439152849111 0.303011125346117 0 0 0 0 0 0
98.7272216638059 -96.7188080714891 103.140702013313 -0.781922601364778 -0.420659501886925 -0.460046333478686 0.377668244343874 -0.906807157838734 0.187263118917349 0 0 0 0 0 0
98.6178676791504 -97.1283575870691 103.460000860183 0.0779759347901397 -0.20336799185336 -0.975992424910735 0.526110007819809 -0.823165777077022 0.21355646354307 0 0 0 0 0 0
97.9015866357615 -97.1117146657193 103.184970316043 -0.560789232914799 0.679089804690958 -0.473658604283327 -0.488524363912237 0.190493494217136 0.851502304474328 0 0 0 0 0 0
97.8137198924603 -97.8546733653343 103.813292063016 -0.923544273537829 0.338300875963965 0.180605902831268 0.321863020563534 0.427740760600011 0.844654981465831 0 0 0 0 0 0
98.9947652013633 -98.3785641767192 104.031192973526 0.690949591907787 -0.512575310442051 -0.509759955829897 0.174352510767536 -0.566179735463352 0.805631248859989 0 0 0 0 0 0
98.4635303851391 -98.1656176329852 104.837314765812 -0.28001253642081 0.958559867173733 -0.0524972426995911 0.677701994318058 0.158645304920107 -0.718019271415561 0 0 0 0 0 0
41.3638624633661 235.329407610202 273.859840029871 -0.513927730359771 -0.233047276863571 -0.825570865955024 -0.519555943416337 -0.681234959403122 0.515733023712644 0 0 0 0 0 0
40.8132771632738 235.166858302461 273.886302685461 0.0940322670049117 -0.503681182617071 -0.858756775250935 -0.59226583199236 -0.721640728951378 0.358407369585115 0 0 0 0 0 0
40.367188087149 234.822774152368 273.979410711719 0.380072766943171 -0.291326190513334 -0.877880255245071 -0.692783401493066 -0.718519033371709 -0.0614943680208388 0 0 0 0 0 0
39.958945199926 234.789771864005 273.682949420146 0.517853222596685 -0.816369275583669 -0.255674100622695 -0.847011291410992 -0.447374547168319 -0.287102571859302 0 0 0 0 0 0
39.7037746985833 234.643099606755 273.199478794545 0.330816348866273 -0.848581155822486 0.412880812469848 -0.795789877418874 -0.486010684654382 -0.361264564273098 0 0 0 0 0 0
39.2971198957925 234.257670370734 272.999712107861 0.307725287552981 -0.341753631789507 0.887980631860356 -0.676683908571061 -0.734690576493772 -0.0482560327030946 0 0 0 0 0 0
40.0413482954922 234.351198151145 272.174407037192 0.263420096973688 0.0417887699207339 -0.96377567473914 0.936873466025312 0.227065208913821 0.265912578789802 0 0 0 0 0 0
40.4555885126313 234.051599258667 272.162443139864 0.171912280543878 0.848028000431493 -0.501293006416773 0.941040997585651 0.0091333796087297 0.338169221307804 0 0 0 0 0 0
40.9867748551106 234.105616731342 272.033192327867 -0.228488528027364 0.9227638754458 0.310322127364673 0.902803627382898 0.0815445599808488 0.422251222759403 0 0 0 0 0 0
41.4345497188791 234.336435047962 272.04456194506 -0.430227694396639 0.239040661525176 0.870496233829738 0.894893055680932 -0.0137748507153501 0.446068013179396 0 0 0 0 0 0
41.7617073653974 234.6058241681 272.304422492141 -0.221747567429459 -0.599078626474175 0.769371701871685 0.871135167166065 0.232801260374012 0.432350660569431 0 0 0 0 0 0
42.0254614109731 234.804407100162 272.685695788521 -0.0260287337510414 -0.967464487022024 0.251664402271219 0.82322288194907 0.12207665818863 0.554437892068142 0 0 0 0 0 0
42.1934703552812 234.847222041649 273.121431747898 0.284730439780587 -0.90444209658395 -0.317668176859413 0.58467469355884 -0.0987598582197493 0.805234123169338 0 0 0 0 0 0
42.0220267482879 236.158972458367 273.583943231691 -0.244248942823869 0.95529713408735 -0.166582830849755 0.90654940972193 0.285930106625077 0.310503046455575 0 0 0 0 0 0
42.4438098568136 236.518875523492 273.688769476046 -0.504506689947965 0.738325937506095 0.447602289765695 0.863049064557842 0.416297368708063 0.286081829154837 0 0 0 0 0 0
42.7934666551672 236.8573294956 273.727402190822 -0.481590548548843 -0.0290460165295656 0.875914877412291 0.848739860996987 0.233640937041137 0.474397049836269 0 0 0 0 0 0
43.0684166293947 237.580740122697 274.135965032025 0.28068117627594 0.849241162874008 0.447222008139981 -0.376100723428775 -0.331373203904918 0.865297662986641 0 0 0 0 0 0
43.1541842205018 237.494490080457 274.716591654434 -0.120367361108866 0.903842157359982 0.410586230843829 0.0810799611128104 -0.40326090829919 0.911485973421236 0 0 0 0 0 0
43.05658375158 237.022063441765 275.48570771973 0.427050102868036 0.137515888140664 0.893710014573679 -0.474154991886925 -0.807526462689358 0.350824821991151 0 0 0 0 0 0
43.2053266874813 236.599097014403 275.678122263874 -0.581288665047612 0.494126163994146 0.646484974259724 -0.181104519580317 -0.853139923739986 0.489237594128367 0 0 0 0 0 0
114.660899625652 16.6320041593883 -100.049334422644 0.244818499985102 -0.814555631957717 0.525892597885737 -0.950219418384018 -0.0937521116117152 0.297142387575861 0 0 0 0 0 0
114.158638435348 16.5169191420371 -100.175063124727 0.411373485219154 -0.201449089798388 0.888926386084949 -0.820913542057568 -0.505684417133644 0.265300257698149 0 0 0 0 0 0
114.135828170476 16.0475363060268 -100.102582493332 -0.0407967135766791 0.251466210447336 0.967005880625655 -0.663565529490109 -0.730381334588818 0.161937933038458 0 0 0 0 0 0
114.000166284397 15.6005465238712 -99.8868131798397 -0.515698214463567 0.680366994074099 0.520726516487939 -0.758703413889669 -0.644998089831436 0.0913596949751961 0 0 0 0 0 0
113.761078776347 15.3152457990685 -99.5044769125887 -0.597012339840229 0.778915990111168 -0.192005589573933 -0.794558913332629 -0.541092876654984 0.275489803943642 0 0 0 0 0 0
113.443545398193 15.3271439811194 -99.0661438619484 -0.553902545587114 0.0753949156303075 -0.829160766491767 -0.750653212158369 -0.476022346333377 0.458172981381038 0 0 0 0 0 0
112.850269522534 15.3501325408938 -99.012458541012 -0.0381815574977957 -0.614139627456326 -0.788273230964269 -0.802352284316015 -0.451361588925968 0.390517000776019 0 0 0 0 0 0
112.273784094269 15.3589770523688 -99.0988400703688 0.117095456173418 -0.882881686484174 -0.454762115632338 -0.961540044766026 -0.215345538139691 0.170490590692494 0 0 0 0 0 0
111.724067204091 15.2259194126917 -99.1925063539049 0.380514167941375 -0.923751166894194 -0.0435057428105538 -0.868658546961672 -0.373166806855092 0.325850982892505 0 0 0 0 0 0
111.325779451573 14.9394385098633 -99.2627036545322 0.45157903239712 -0.646885705791741 0.614504077400307 -0.887595507915076 -0.395818207885411 0.235588965436328 0 0 0 0 0 0
111.10670474181 14.6710948001623 -99.6501507787157 0.42780050753327 0.109423592466139 0.897225280052942 -0.69956127658987 0.668660919939463 0.252005147649136 0 0 0 0 0 0
111.254297145945 14.4489173889245 -100.693052706178 -0.555935469721705 0.650738455291982 -0.517180061786524 0.392460218980047 -0.342983748840005 -0.853426695475241 0 0 0 0 0 0
111.186724853775 14.2009458627459 -101.154127452882 -0.0663645126848895 0.908411081068769 -0.412777251368783 0.358104049563585 -0.364444125077815 -0.859617338926122 0 0 0 0 0 0
110.984667018197 13.8092654688469 -101.970024138426 0.356027584048868 0.437633245159232 -0.82566427930953 -0.615892414720169 -0.554610947072249 -0.559538408760099 0 0 0 0 0 0
110.611809356603 13.7910825492765 -102.319841588642 0.829734407959236 -0.0848239704180405 -0.551675363135836 -0.478315594446113 -0.617466106585595 -0.624459605841474 0 0 0 0 0 0
110.487319298531 13.7942666452289 -102.749534248778 0.699217203957243 -0.711126077019269 0.0734506928040833 -0.404246765425636 -0.47802045591733 -0.779795483679855 0 0 0 0 0 0
110.564482277152 13.6973501867134 -103.256798000335 0.279458703757912 -0.814906206510353 0.507770329464861 -0.329950236294491 -0.578140406891434 -0.746248290777686 0 0 0 0 0 0
110.758279254777 13.4418887605041 -103.625089741448 -0.397222859882424 -0.575042514697232 0.715220319815868 -0.260402535563021 -0.676686165961572 -0.688684508515022 0 0 0 0 0 0
110.817107279177 12.9916091154872 -103.741841673853 -0.945239768374633 0.186470618288474 0.26786281712508 -0.309034712262466 -0.775321675713247 -0.550793832378375 0 0 0 0 0 0
111.694660824024 12.6779784954091 -103.108999729359 0.297588043183267 -0.940460212515488 0.164243554606194 -0.582083166270779 -0.315097981103117 -0.749594857138791 0 0 0 0 0 0
78.5813621146245 46.6301292617411 -117.990712574438 -0.986851630787828 0.121477206730378 0.106616823514818 -0.133617800895733 -0.242013672893319 -0.961028441523181 0 0 0 0 0 0
78.7208243848597 45.7269369647005 -118.106146766827 -0.952414805603951 -0.279894608952265 -0.120685732155246 0.287446394159006 -0.956482211001655 -0.0501632387547905 0 0 0 0 0 0
78.6638235921144 44.9450492454156 -117.628487536817 -0.877101806569819 -0.319155389823201 0.358932107868272 0.480148100632652 -0.60170146245166 0.638289238153355 0 0 0 0 0 0
78.7525659701118 44.8371091257631 -117.064941659444 -0.664064737784943 -0.74176116801537 -0.0938530428653699 0.32242648749954 -0.397360118234068 0.859154291495839 0 0 0 0 0 0
78.7298719159371 44.5366863923636 -116.551503338497 -0.677231267466336 -0.5199107825368 -0.520625190101202 -0.179684201608415 -0.569300617235867 0.802253323400538 0 0 0 0 0 0
78.1910514641622 44.4811868495847 -115.803126406857 -0.947112908633756 0.173507795098545 -0.269948482750594 -0.282884136954647 -0.0542671598749732 0.957617690113612 0 0 0 0 0 0
78.4145502957184 43.890305730684 -115.45150512636 -0.233664377623565 0.774059878545821 0.588415043192661 0.401292178156347 -0.474448991786573 0.7834939322951 0 0 0 0 0 0
78.6349313505394 43.7240466243536 -114.932474225132 -0.721315906222533 0.622495181420191 0.303649654271184 0.362761053717644 -0.0339165824025199 0.931264776174745 0 0 0 0 0 0
78.2108307950856 43.2562214782622 -114.488547609756 -0.0595819272319335 0.0680916633255394 0.995898347891435 0.0102940274507271 -0.997575829193679 0.0688222203026651 0 0 0 0 0 0
78.517750385632 42.8958923669323 -114.328277106839 -0.617771931423985 0.0288371966507259 0.785828388920893 0.0803690176638248 -0.99177890219001 0.0995762530452447 0 0 0 0 0 0
78.5501035611253 42.5347542494901 -113.974553455535 -0.0547934669229421 0.804978688376141 0.590768133232313 0.712257140176863 -0.383140156960923 0.588127015525588 0 0 0 0 0 0
78.9630969014097 42.4448708287247 -113.704236268891 -0.302978106407052 0.780814874777675 0.546381184123247 0.813584172599979 -0.0866366413980353 0.574956421359111 0 0 0 0 0 0
79.3945387733741 42.755848534439 -113.399798457517 -0.52727488588721 0.0972058670176489 0.844116232594764 0.84592487386473 0.153530161775103 0.510724580573767 0 0 0 0 0 0
79.7187325139816 43.0032328231612 -113.127082738265 -0.442438120109102 -0.697330985969197 0.56389538558278 0.783964229283842 0.00459521747487456 0.620788990865456 0 0 0 0 0 0
80.0456262938434 43.0590346359753 -112.716560763511 -0.15639195405467 -0.981462560738345 -0.110782663697406 0.760028594535571 -0.191216591511284 0.621122170445631 0 0 0 0 0 0
80.15514470984 44.0303696202247 -112.542290521559 -0.457099679109448 -0.220957623245891 -0.861532130618219 -0.263169011328524 0.958876140693521 -0.106294958888301 0 0 0 0 0 0
80.0545567134406 44.425650936867 -112.836631235927 -0.825367931228814 -0.456670733238965 -0.331993402798991 -0.421202281434704 0.889616320267121 -0.176554356583425 0 0 0 0 0 0
81.1605725046729 43.938272395867 -112.683861344543 0.374460460569622 -0.917952542141954 0.130929346768062 -0.752537588676976 -0.218366712431045 0.621291522982811 0 0 0 0 0 0
81.6357699709631 44.5801476605605 -112.750630068526 -0.209346216765321 0.918388678478282 -0.33576241119125 0.916026762101466 0.304336545154191 0.26129339524281 0 0 0 0 0 0
82.0870441483284 44.764287367466 -112.861092760945 -0.520577519671471 0.773955024837648 0.360544956338673 0.840016774728763 0.388652559893796 0.378577608770362 0 0 0 0 0 0
237.200772500015 80.2881604027473 -365.765022844013 0.761679911016783 0.158860733961509 0.628177507046119 -0.543562130778459 0.684344844046553 0.486016814946233 0 0 0 0 0 0
236.937384857024 80.3020081975309 -365.33742122164 0.829163541700591 0.506599926122736 0.236314062143942 -0.511868156234167 0.518159471980138 0.685201979149724 0 0 0 0 0 0
236.841872058037 80.4184403105226 -364.908007297662 0.722867823191797 0.67602702824244 -0.143001983481514 -0.28335366780583 0.478762519511175 0.830961580852145 0 0 0 0 0 0
236.863557841288 80.5595901541273 -364.479740261812 0.232897169691594 0.851270911460234 -0.470209255174021 -0.281768811794088 0.521832728537421 0.805168889194893 0 0 0 0 0 0
236.980405508457 80.8037157011052 -364.095810447185 -0.44414080739685 0.621797353679947 -0.645063558233985 -0.322667316217176 0.560654085070779 0.762596092265527 0 0 0 0 0 0
237.036016022056 81.2263444325778 -363.849763107067 -0.852841157992291 0.212239493435875 -0.477091560039006 -0.32627237812979 0.496755579786714 0.804226478810725 0 0 0 0 0 0
236.772765508045 81.7184798271466 -363.540178727391 -0.788947239364595 -0.176249598041389 -0.588641089875005 -0.564497818212943 0.58628467590502 0.581044311590581 0 0 0 0 0 0
236.945132467449 81.7672157809553 -362.412949744524 0.452415160168589 0.240410639603944 0.858791736810999 -0.0613827242044708 -0.952300611725882 0.29892424805584 0 0 0 0 0 0
235.739580799805 82.0630552590606 -362.955338766519 -0.957840883765746 -0.0307026642802173 -0.285653965127304 0.0012399996544794 -0.994705913101112 0.102755091565046 0 0 0 0 0 0
236.086973972621 81.3851231989612 -362.263188024568 0.923687668724143 -0.30837932427172 0.227383559231257 0.317320840956228 0.283116209567273 -0.905070547402296 0 0 0 0 0 0
236.02909272333 80.6569201773234 -362.841811615353 0.74803015218479 -0.280136535888067 -0.601643094103999 -0.604337168160844 -0.662175143150169 -0.443058311030709 0 0 0 0 0 0
235.861621337281 80.3729718978285 -363.177322931065 0.908335031010955 -0.418226079333376 -0.00379710465483754 -0.417445113273917 -0.906003516015158 -0.0699800426685952 0 0 0 0 0 0
235.602918834197 81.3961369734884 -363.762334046337 0.502617975983887 0.850519874029464 -0.154890652070312 0.631799704997245 -0.483672836455841 -0.605714223078966 0 0 0 0 0 0
235.833054381467 81.3467410181693 -364.206395495034 0.754697271810742 0.484663353744406 0.44219165693017 0.650614238455124 -0.466116001910876 -0.599530637650887 0 0 0 0 0 0
236.130644385585 81.4638641432585 -364.587118357181 0.643360688286997 -0.0878933851173076 0.760501004351409 0.707902228259735 -0.309923453170075 -0.63468250992133 0 0 0 0 0 0
236.578052744119 81.5727067877867 -364.871464864852 0.17383842446417 -0.703543598280484 0.689062121654038 0.705284247862571 -0.399390052693009 -0.585714704892069 0 0 0 0 0 0
237.161989952225 81.5427757791381 -365.062265325833 -0.241957423677782 -0.804935901665315 0.541788519015914 0.553130252712852 -0.57318979039331 -0.604566280669614 0 0 0 0 0 0
237.598067761639 81.3402378909656 -365.156741796735 -0.63626110981534 -0.710244755597364 0.301204560528211 0.575230337863097 -0.696927392158214 -0.428254910609859 0 0 0 0 0 0
237.911339253779 80.9577516325268 -365.100358490939 -0.824568744203215 -0.513740136548523 -0.236975648922496 0.564177836584069 -0.715332802769833 -0.412313412331898 0 0 0 0 0 0
238.142382365676 80.4828736830105 -365.095256098067 -0.80520244282702 -0.201590025175467 -0.557683142846504 0.480102646515911 -0.773616831706607 -0.413543766134431 0 0 0 0 0 0
114.945253444184 -57.0352318063094 100.164122771845 -0.178889862129102 -0.960004884591245 -0.215381147708848 -0.862099779543778 0.25843808728068 -0.435882696551806 0 0 0 0 0 0
114.603963168759 -57.023704359315 99.6897680112735 -0.574341212892295 -0.670660613064348 0.469410815019808 -0.701898311796657 0.108355834954797 -0.703987054517519 0 0 0 0 0 0
114.426872039708 -57.2206642611613 99.5121463950288 -0.687321088230212 0.68330709568756 0.246335410887408 -0.338526336220885 -0.0012959046577611 -0.940956024645139 0 0 0 0 0 0
113.951283906523 -58.1565509115358 99.2241131624622 -0.245193554221571 -0.795125405266389 -0.554667207312776 0.870140573083402 -0.432766947798155 0.235728979906075 0 0 0 0 0 0
114.265210944548 -58.5297762221591 99.3710874916018 -0.0397355277397214 -0.22471412131722 -0.973614221093692 0.916426194190895 -0.396527681139197 0.054118653818841 0 0 0 0 0 0
114.840784120139 -58.9883373781722 100.569738939145 0.440839804100491 -0.341590991810951 0.830045698401149 -0.846579642322462 -0.465529984609241 0.258040195773629 0 0 0 0 0 0
114.559823989844 -59.4785788624972 100.729372648456 0.292776701306292 0.443766631791428 0.846966929508288 -0.828699163052489 -0.324127852836301 0.456288102158968 0 0 0 0 0 0
113.856458967944 -60.0770094844188 99.8564807212876 -0.475608800916047 -0.879247752908809 0.0268264327857782 0.879139952308744 -0.476153577782405 -0.0197665024623858 0 0 0 0 0 0
113.291826887223 -60.1471584879044 99.2678618721965 -0.955262274655322 -0.292843258523661 -0.0414344368561267 0.0693565627514139 -0.0856142253946953 -0.993911400283433 0 0 0 0 0 0
113.340780568869 -60.442815320424 98.9335391121882 -0.864306739057889 0.427737613405288 -0.264602333507222 0.24347400376148 -0.104524164484739 -0.964258838969663 0 0 0 0 0 0
113.290130274992 -60.6730636490285 98.475214902077 -0.103459686453997 0.954354059566599 -0.280186406286232 0.176258524290994 -0.259648138212761 -0.949481846554955 0 0 0 0 0 0
113.104639336559 -60.7058298847188 97.9923848580426 0.683643355941507 0.728389803438162 -0.0456076323036917 0.238988356799182 -0.282477217033943 -0.929027011001933 0 0 0 0 0 0
112.515183229248 -60.4413341568908 97.6552289903682 0.694586509106114 0.704653880384215 0.144956856434084 -0.690662179504577 0.709544678605515 -0.139757299861525 0 0 0 0 0 0
112.220940532768 -60.0984724483076 97.8552234389846 0.538653100206149 0.401370297982592 -0.740779806376814 -0.752944853107524 0.623851810462369 -0.209482616848542 0 0 0 0 0 0
111.665112967393 -59.2201387872041 98.331267003183 -0.625847592635131 0.779566887337746 -0.0242952456120397 -0.417184388247954 -0.308277422166852 0.854939890977337 0 0 0 0 0 0
112.266353516274 -59.0033521512904 97.7958513393483 -0.0899849674625406 -0.120036385417877 -0.988682948071108 0.339862402652475 0.929420580561443 -0.14377389085685 0 0 0 0 0 0
112.651139593003 -58.7198504370274 97.7021046635581 -0.690981018133286 0.0942201799402065 -0.716706209176063 0.349508547805653 0.911422909427204 -0.21714523983278 0 0 0 0 0 0
113.067866006494 -58.4131995323173 97.5232234691371 -0.969619751707551 0.179813997921242 -0.165844696177377 0.242780457179222 0.790324703431846 -0.562534010311566 0 0 0 0 0 0
113.242315296263 -59.5869611049682 97.7051645896031 -0.575600760629312 -0.808419634658543 -0.123050634543286 -0.803191774900661 0.530679421706174 0.270670138932107 0 0 0 0 0 0
113.833724187858 -58.6846709169374 98.0826081050508 -0.633515138675646 0.182903211966946 0.751801159962494 -0.694144377039243 -0.563579850559775 -0.447818418410658 0 0 0 0 0 0
-26.5011525112742 80.1891548252909 -227.910707332733 0.240878923408396 -0.0010655866686978 -0.970554588254913 -0.430271882586205 -0.896477388871396 -0.105803583578472 0 0 0 0 0 0
-26.1214262431865 80.8747569610878 -227.508658116659 -0.101987145500439 0.616947158327575 0.780368391200081 0.881931186823016 0.418985412365373 -0.215982883428215 0 0 0 0 0 0
-25.2804370405631 81.0106527910504 -227.907717787196 0.0579380687914013 0.981975668958355 -0.17990821481665 0.828732521127871 -0.147789527993031 -0.539778346954229 0 0 0 0 0 0
-25.0356452792409 81.085231658982 -228.291724796121 0.451567449731207 0.630672643733973 0.631140915159883 0.866392914023406 -0.140924212435509 -0.479065428599751 0 0 0 0 0 0
-24.742996655281 81.3314913369231 -228.562713680984 0.520534120998057 -0.266564345089912 0.811164396903344 0.852394578847656 0.106960963199043 -0.511842587425724 0 0 0 0 0 0
-24.3203126039703 81.5537444043128 -228.560126432414 0.266681603122408 -0.932348844194264 0.244144537693723 0.723447728849937 0.0262777619515697 -0.689878875490969 0 0 0 0 0 0
-25.1415242832871 82.3934228024523 -229.059226584209 -0.488595054636535 -0.178628167607744 -0.854029771332253 -0.249247699564439 -0.909455077051632 0.332816837144464 0 0 0 0 0 0
-25.4429483813926 83.1054292872815 -228.630310734678 0.378764688450527 0.750770039637238 0.541185419580088 -0.85608029949999 0.506401737306584 -0.103362475110076 0 0 0 0 0 0
-25.8539876043375 83.2465704527932 -228.358276392195 0.555075552463833 0.756871795203255 -0.345016255679023 -0.831506823445919 0.493886208878536 -0.254308504070282 0 0 0 0 0 0
-26.0406696907654 83.6640050121995 -228.181714667228 0.0596026840448568 0.146064924914508 -0.987477877101238 -0.955104760831639 0.29594326987334 -0.0138736027553344 0 0 0 0 0 0
-26.2253590535439 84.7095153899141 -227.498159807538 -0.433543259619375 0.626475117440916 0.647741591428246 0.819127323975719 0.573575031526124 -0.0064892469657664 0 0 0 0 0 0
-26.4164930770421 85.3026524850462 -228.189366418839 -0.804574303203497 0.568031220179257 -0.173207169384736 -0.370936491066759 -0.252938623782086 0.893548080516267 0 0 0 0 0 0
-26.6159371935886 85.4493982880221 -227.7625276015 -0.900859310555228 -0.0852598738010911 -0.42565626567147 -0.347754934898416 -0.445174484184078 0.825158278080781 0 0 0 0 0 0
-26.826953597108 85.4920668817247 -227.393237096338 -0.469086373315993 -0.678865443458195 -0.564889090041184 -0.0796219098166021 -0.604514787561811 0.79260470797003 0 0 0 0 0 0
-27.1707357204341 85.188884660758 -227.098999213908 0.380439187426981 -0.801760706319197 -0.460918424965244 -0.270631395538743 -0.5730946985994 0.773512193947849 0 0 0 0 0 0
-27.4236764889803 84.8131678689599 -226.917588042796 0.880187889419143 -0.451273664334863 -0.147042032078109 -0.229957575493403 -0.676487687363367 0.699631275972536 0 0 0 0 0 0
-27.4776349341632 84.2883435714767 -226.933105099265 0.838411415455237 0.107317496102001 0.534368087992483 -0.314602312376366 -0.705321033168629 0.635253984810313 0 0 0 0 0 0
-28.3733622997532 83.771082154009 -227.49895827649 0.314850584539473 0.00480066393906147 -0.94912910767761 0.577344924434812 0.792742652779961 0.195529856269451 0 0 0 0 0 0
-28.576355917068 82.9757018592217 -226.58406992685 -0.792615084117329 -0.0875371028650203 0.603405820366094 0.453883593891522 0.576095068502515 0.679782432284918 0 0 0 0 0 0
-27.7914762050814 83.7736688414013 -226.487308115853 -0.394470233654844 0.900815696104555 0.181450589450568 -0.159903494226041 0.12715845515868 -0.978908371511839 0 0 0 0 0 0
-62.7053574806906 81.3095247520903 -69.2699635599364 -0.48094780444249 -0.608458719047833 0.631242581434918 0.839000343898536 -0.110414528409688 0.532810524346324 0 0 0 0 0 0
-63.3991712272276 82.0545263438165 -69.7134569610353 -0.795080637832241 -0.159250863460899 -0.585222984708593 -0.606474654272956 0.199307071218997 0.769717600868399 0 0 0 0 0 0
-63.7697506792102 82.295383465399 -69.4739974284043 -0.366639946393272 -0.779012767017141 -0.50863961557574 -0.855834626595968 0.0680001519471835 0.512760247342264 0 0 0 0 0 0
-63.1048424030615 83.4677673723583 -69.7779274830251 0.30704878038379 0.538503275655786 -0.784688007154955 -0.942796912363995 0.28459320248184 -0.173610746032754 0 0 0 0 0 0
-63.4467738654213 83.9433852378965 -69.6717385779215 -0.153094086393837 -0.242574276065415 -0.957976994140557 -0.950567413420759 0.301161894300407 0.0756512125742764 0 0 0 0 0 0
-63.8009248098202 84.1910347888224 -69.7800582500215 -0.467524917890418 -0.883972418011829 -0.00363529171844817 -0.87466551288235 0.461999341319005 0.146686227012156 0 0 0 0 0 0
-64.2560009834477 84.3297100792482 -69.9941914661427 -0.180131049544658 -0.621879774681727 0.762114394846171 -0.723589247746554 0.608609855286536 0.325595830123297 0 0 0 0 0 0
-64.5235768772875 83.9861721503556 -70.1826735081079 -0.496476823215155 0.303111410322559 0.813409021920987 -0.0846628589349589 0.915677201013103 -0.392896250760642 0 0 0 0 0 0
-64.300350524429 84.1562273763357 -71.3743849810808 0.531891991789832 -0.417916961741508 -0.736502764528818 0.306771665984858 -0.715564186802415 0.627581898651222 0 0 0 0 0 0
-64.3303657630251 83.7027577737795 -71.2883907451019 0.942987362207652 0.269708220668461 -0.195018743767125 0.331721154550873 -0.713850909189038 0.616747886152373 0 0 0 0 0 0
-64.1594186193311 83.1979027895927 -71.0794363930423 0.794679195038596 0.527309487917932 -0.300715282159948 0.60371716242911 -0.738230309115392 0.300901310219706 0 0 0 0 0 0
-63.7661854700334 82.7989595063606 -71.2493762465789 0.626983013871176 0.730603834474632 0.270389233084421 0.690845433627271 -0.6818496730292 0.24044460947653 0 0 0 0 0 0
-63.3206620277821 82.6617627575254 -71.3644562250851 0.0696441970173737 0.0985934507836148 0.992687774319995 0.622401081539228 -0.781959732856042 0.0339980865712637 0 0 0 0 0 0
-63.2278507611858 83.4023438843714 -71.899875425105 -0.225522418681604 0.18560587022619 -0.956394322238259 0.571530499161248 -0.769807251843064 -0.284164887940654 0 0 0 0 0 0
-62.1938996543484 83.5922773758935 -71.2415488272486 0.645345891545963 0.727273421944451 -0.233670815460458 0.313391548074064 -0.531034284227701 -0.787266363164663 0 0 0 0 0 0
-62.1746090678263 83.567712331924 -71.7682088246582 0.911386228288441 -0.00155596730796397 0.411549173066725 0.323445136629239 -0.615621612134053 -0.718605089227987 0 0 0 0 0 0
-61.7848474380168 83.2353011756413 -72.1216516213703 0.591285246930176 -0.129052171259365 0.79606990513143 0.486225840767054 -0.73047980750663 -0.479566139959284 0 0 0 0 0 0
-61.3805864977384 83.0519915101314 -72.3185534079281 -0.534321608820537 -0.523745809491982 0.663468722237169 0.0787221331926787 -0.812330613565115 -0.577859671555749 0 0 0 0 0 0
-61.2588424451209 82.5304850188608 -72.3153858761434 -0.992477541400979 0.114620294527581 0.0430176463451849 -0.118019896142948 -0.80231782318979 -0.585113164017359 0 0 0 0 0 0
-61.5380816496651 82.1939335637322 -72.2893820538793 -0.441758381368623 0.18667029143655 -0.877498566828213 0.240008764598641 -0.917870073988916 -0.316085937984303 0 0 0 0 0 0
-104.258411237412 -76.0639397273154 -116.567757290797 0.164302348612177 -0.44809771562616 -0.878756607651482 0.624750762214725 0.736675027157759 -0.258836607677963 0 0 0 0 0 0
-103.761863182829 -75.8894649035539 -116.752619638761 -0.346873948977952 -0.177772855147249 -0.920910025731741 0.642678069304801 0.670080072041335 -0.37142643455701 0 0 0 0 0 0
-103.433044938899 -75.838203161317 -117.116810046279 -0.750062566952086 0.57673673807443 -0.323698749785219 0.652888853842147 0.567581453729833 -0.501584925920444 0 0 0 0 0 0
-103.393265481465 -75.8121461071475 -117.516275673537 0.0827566039936579 0.856721251770576 0.509097280743175 0.749294841014533 0.283315820331286 -0.598572791879998 0 0 0 0 0 0
-104.185727414112 -75.5806922477725 -117.775996815604 -0.211494278651151 0.941821338115433 0.261233108866938 -0.975426782936046 -0.220278622228231 0.00446315138307537 0 0 0 0 0 0
-104.586630753982 -75.7623427881882 -117.555697720603 -0.0513847430978931 0.789509341359792 -0.611583688535258 -0.878862746291152 -0.326590427334647 -0.3477628012812 0 0 0 0 0 0
-105.141278631431 -75.6845553487245 -117.572434340811 0.444982435959364 0.0265360864320083 -0.895146059481101 -0.72190193968193 -0.58087885351463 -0.376081569640147 0 0 0 0 0 0
-105.852025350777 -76.4177281123448 -117.723735481477 -0.890826857582409 -0.428940876795239 0.149790633966153 0.40383207056302 -0.898598671142473 -0.171581138257578 0 0 0 0 0 0
-105.701363034467 -76.8883869985152 -117.585809408181 -0.841857886310158 -0.194026317428728 -0.503616011860662 0.345163059631127 -0.910916689811823 -0.226038152727257 0 0 0 0 0 0
-105.8213584745 -77.3570061374866 -117.58357727266 -0.189824423577748 0.187706532937149 -0.963707915141352 0.396565223651222 -0.883266879932857 -0.250151238662 0 0 0 0 0 0
-106.684233099247 -77.6216903565504 -116.717763688777 -0.691761071581163 -0.321418886105681 0.64665022964464 0.309600958851583 -0.941013181667394 -0.136533652285392 0 0 0 0 0 0
-106.535178320355 -78.0511310700516 -116.537433717264 -0.965814973967838 -0.258069731955813 -0.0245244675326474 0.259230073503819 -0.961074029641884 -0.0955849284098543 0 0 0 0 0 0
-106.615922701654 -78.5034289514295 -116.360929610572 -0.399251612144987 -0.0939740724655445 -0.912012622666962 0.233325847939871 -0.972396656746312 -0.00194695447697434 0 0 0 0 0 0
-106.792656572071 -78.8884866223206 -116.548963047462 0.608638768960666 -0.220012862984685 -0.762334040325714 -0.169454295993772 -0.974663407488512 0.146001656402036 0 0 0 0 0 0
-106.99921594448 -79.3400751745498 -116.812601433784 0.916542276935807 -0.089894018648112 -0.389704144192257 -0.112722789933176 -0.992971905611789 -0.0360606058653039 0 0 0 0 0 0
-107.006574798795 -79.792468008816 -117.11387203038 0.921883270771105 0.0936387756322645 0.375982732011005 0.106898581678481 -0.994164039584421 -0.0145105352180901 0 0 0 0 0 0
-107.550658667486 -80.3417301539132 -116.408065577 -0.51046216615114 -0.742951631515083 0.43295640676327 0.523948685323464 0.130506562111103 0.841692231396818 0 0 0 0 0 0
-107.545850428348 -80.0285989863209 -115.916250702259 0.089643979626447 -0.945079590110762 0.314306419394843 0.735387401140539 0.275634459099801 0.619056552505927 0 0 0 0 0 0
-107.681600601019 -79.9813770925243 -115.328369329681 0.601380334917414 -0.787083509375322 0.137263403877533 0.484622848750123 0.495940941956541 0.7205437367437 0 0 0 0 0 0
-108.402304987152 -79.479134419577 -116.048056803006 -0.360983514633285 -0.78748515550054 -0.499557836520749 -0.331053420378512 0.608997732709523 -0.720781100203347 0 0 0 0 0 0
-22.1486613935455 366.347690048758 32.4144631403933 0.375572810296383 0.774765552549089 0.508609282995682 -0.454234783484535 0.632231142913742 -0.627657982824039 0 0 0 0 0 0
-22.4994555373612 366.696240593776 32.3034918001775 0.904480149977301 0.400915750390799 -0.145541126097135 -0.406736225192703 0.708055197800775 -0.577255125558272 0 0 0 0 0 0
-22.7264375559464 367.130677345639 32.2611839479324 0.850683542086478 -0.123518893016214 -0.510960462551901 -0.387110930040643 0.51040533884433 -0.767874675921972 0 0 0 0 0 0
-22.5754984854235 367.488253829215 32.0187310267567 0.0277329694257114 -0.643228819554599 -0.765171593893311 -0.396554024584139 0.695576622694646 -0.599097711184772 0 0 0 0 0 0
-22.5499254945666 368.056733016494 33.0809539329418 -0.351865031202549 -0.634360863911222 0.688314821978022 0.834042109797441 0.121342230074411 0.538191250658354 0 0 0 0 0 0
-22.1198868929516 368.645744299489 33.2121891114149 0.77701223015154 -0.439316771987375 -0.450835633069885 0.102028038485575 0.794619874189989 -0.598472668469558 0 0 0 0 0 0
-21.969814300461 368.519402827574 33.5980561991401 0.662732380708397 0.632719169816164 -0.40056490573654 0.229887603161936 0.337177351365757 0.912942015485339 0 0 0 0 0 0
-21.6789965080702 368.549915205392 33.9348632379067 -0.169873725789932 0.928116525461613 -0.331274255642224 -0.0083096553473677 0.334799057787019 0.942252906884841 0 0 0 0 0 0
-21.5121931824639 368.917303815485 34.229157575843 -0.864822456726783 0.443580588729327 -0.235198596176924 -0.0342879265389054 0.415177489648087 0.909094049140778 0 0 0 0 0 0
-21.0608348302588 367.834167871008 34.1986861990359 -0.570810754164504 -0.657776194174884 -0.491432153310053 -0.462248631639337 -0.237221086315952 0.854431014625898 0 0 0 0 0 0
-21.4525195552471 367.714212992617 34.5375113668955 -0.180032655655107 -0.775781340507526 -0.604773969858257 -0.383728232894452 -0.510719480328416 0.769362239580793 0 0 0 0 0 0
-21.816025971967 367.602497745351 34.7620933599452 0.593291842493036 -0.767905798874665 -0.241506674205664 -0.332948453259405 -0.507234283333435 0.794895407763428 0 0 0 0 0 0
-21.9620050293384 367.115732337641 35.0565363252308 0.971053216702216 -0.183555125756474 -0.152850142756897 -0.00190354911370562 -0.64583286128974 0.763476451358573 0 0 0 0 0 0
-21.7774617367169 366.662625844099 35.1087088355818 0.679730983959233 0.380896415180599 0.626804363696027 -0.0512984245432164 -0.827802714694619 0.558669076630883 0 0 0 0 0 0
-22.4973125333838 366.207072939831 35.5674221049931 -0.321385736060516 -0.946948290967084 0.000378009733233194 0.0382562867576565 -0.0125849763235623 0.999188708350155 0 0 0 0 0 0
-22.6884307160413 366.211781716926 35.9929350485168 0.558845811199157 -0.816015013319653 -0.147684993625223 0.312160464907679 0.0420111550393542 0.949100051101506 0 0 0 0 0 0
-22.7080332189547 366.045316275542 36.4718576622685 0.871058179157617 0.0645189636879025 -0.48692396926754 0.458355927279166 0.249540710784058 0.853017747523135 0 0 0 0 0 0
-22.6973888599238 365.433654893269 36.9853942163129 -0.19265373762753 -0.0801385062512607 0.977988935108143 -0.667268395271682 -0.720057246287579 -0.190448026349195 0 0 0 0 0 0
-22.8591067645448 364.969349344485 37.1065627197002 -0.52804087850716 0.457171187810589 0.715658672595562 -0.754939424094879 -0.638629529841864 -0.149059684560424 0 0 0 0 0 0
-23.7010933930748 365.104390262195 36.6026163444634 -0.630211960401666 0.686334720363465 -0.363011758198399 -0.293195057271151 0.222557277754838 0.929787565258927 0 0 0 0 0 0
333.259963895012 55.2970677946253 -39.6569090308039 -0.796394004743444 -0.602723410335212 -0.0498104390925437 0.464276359036463 -0.662078940517779 0.588301741424162 0 0 0 0 0 0
333.257952446945 55.1046765094758 -39.1654105152686 -0.376798612201296 -0.746649850369362 -0.548212373799229 0.522734169990957 -0.659987486548163 0.539597539953346 0 0 0 0 0 0
334.106539834603 54.8609469218703 -38.6362533727783 0.801454837726612 -0.292813872365411 -0.521469250517213 -0.597078094435005 -0.441584164036449 -0.66970230342899 0 0 0 0 0 0
333.95567597957 53.9031692019181 -38.5535616041516 0.0397502906036608 -0.979390076994827 -0.198027754319922 -0.344877964513107 0.17255770974155 -0.922650002114587 0 0 0 0 0 0
333.021013976011 53.6769332310534 -38.1789357098859 -0.982793007851094 -0.184310450014417 0.0121474991040738 -0.0709840738442728 0.316154228518995 -0.946048500368786 0 0 0 0 0 0
333.528978419364 53.3020612881139 -38.8515370971641 -0.0327479213091068 -0.998613230136314 0.0412212353848274 0.326658241379781 -0.0496723627394621 -0.943836346894179 0 0 0 0 0 0
333.814102256612 53.0998436433691 -39.2072736982821 -0.777615189764626 -0.628468998907554 0.0184752282654649 0.0783943787791954 -0.126070120877788 -0.988918927919617 0 0 0 0 0 0
333.912043590951 52.8483925891862 -39.7207537641122 -0.808000317106719 -0.482615142739677 0.337961701312151 -0.221403166469331 -0.282858597221162 -0.933258620027391 0 0 0 0 0 0
333.790562261188 52.4955302303861 -40.1425999284398 -0.83291552238052 -0.148839808801022 0.533008859113674 -0.442732060485166 -0.398645575209187 -0.80316251654612 0 0 0 0 0 0
333.649563327459 52.0662873113883 -40.3271718513777 -0.72611757285453 0.687056737440012 0.0265764920584492 -0.226377322472428 -0.202392293336138 -0.952780492804273 0 0 0 0 0 0
333.305898689298 51.8643370890757 -40.6379769204207 -0.0626248911028539 0.987398291597284 -0.145336632564268 -0.0922421758737565 -0.150725491959277 -0.984262773381026 0 0 0 0 0 0
332.922392692867 51.9341665010585 -40.9968168124924 0.718716320690829 0.668930465257997 -0.189681003324945 0.0334205224897934 -0.305723447433453 -0.951533626502981 0 0 0 0 0 0
332.085786727615 51.6342277721434 -41.68932736553 -0.411193089990743 0.825816581694403 -0.385936803301313 0.898578951745659 0.438385554286868 -0.0193383885644248 0 0 0 0 0 0
332.440869538642 51.8571881812725 -42.0214078013808 -0.383785084044692 0.794735041422847 0.470218271868964 0.911653188301795 0.407131463369886 0.0559681676800916 0 0 0 0 0 0
332.478807642222 52.350728711915 -42.1141152924384 0.0530582899017469 0.189517588525831 0.980442706899315 0.897327264726941 0.421759988509712 -0.13008571047565 0 0 0 0 0 0
332.596328694619 52.75565657634 -42.0943163748337 0.496245541341188 -0.359612545652815 0.790201986651573 0.84684570344539 0.401045659260903 -0.34930607458799 0 0 0 0 0 0
333.048516032843 53.0088326697091 -41.9671077944032 0.259551632643316 -0.866002862248496 0.427401441936736 0.90359806046094 0.0615957890773872 -0.423929833697937 0 0 0 0 0 0
333.346288326039 53.4105554178921 -42.4548234006715 -0.192937907164396 0.957275462472858 0.215403465446587 -0.946388427054949 -0.12358610909969 -0.298455053189017 0 0 0 0 0 0
334.210520605939 53.1761145652241 -42.2703516258085 0.531773736409304 -0.420365793950708 0.735193370849791 -0.76567325004255 0.132313800923664 0.62947401237415 0 0 0 0 0 0
333.451242267038 53.0814608024684 -43.2565532096839 -0.870743427284573 0.468975729734744 0.147877140763814 0.378037419733242 0.446105703712756 0.811219705379732 0 0 0 0 0 0
-125.103481338054 217.765152664423 50.7728614227568 0.842209831325696 0.534756847549667 0.0686856172505241 -0.538827108954177 0.839254939377055 0.0729142879502993 0 0 0 0 0 0
-125.342174191052 218.270460793112 50.8496542031139 0.899908905657056 0.436036369261434 -0.00602048174368603 -0.43584735419695 0.899796256664828 0.0200942860406405 0 0 0 0 0 0
-125.70236147391 218.301669824576 51.9503953832789 -0.027720662561005 0.245810627318041 0.968921410829945 -0.381713821717549 -0.898443768078738 0.217010031819411 0 0 0 0 0 0
-125.562525736788 217.955616871569 52.1852102630125 -0.93963334750553 0.235655223954628 0.24810438867228 -0.217465495928557 -0.971060884472335 0.0987396411192284 0 0 0 0 0 0
-125.779945320931 217.653613164081 52.4476460930593 -0.70930449833785 0.160337621540981 -0.686424777930016 -0.31241983672484 -0.94442721280146 0.102230549939292 0 0 0 0 0 0
-126.123468516109 217.387402172974 52.5944755253425 -0.0135085334813241 -0.177300092810257 -0.984064122205793 -0.169988061273388 -0.969420824341783 0.17699526648194 0 0 0 0 0 0
-126.467053192548 217.022678306466 52.4607872481876 0.710688407987274 -0.238294699401357 -0.661919649949849 -0.191363262683337 -0.970889263260796 0.14406297296702 0 0 0 0 0 0
-127.140200708299 217.970109825511 53.215362843707 -0.649179873922883 0.267926123121836 0.711885583392706 -0.695898666267242 0.168620167107839 -0.698063238920371 0 0 0 0 0 0
-127.631962244427 218.225221786249 52.0848263808376 -0.675974605155987 0.134759000445233 -0.724498685287426 -0.556039129226799 -0.738459509706536 0.381442052339127 0 0 0 0 0 0
-128.03597546653 218.035259111814 52.3358215476756 -0.106734394362677 -0.385412080413287 -0.916550760913729 -0.677336180938213 -0.646651299684843 0.350795944400643 0 0 0 0 0 0
-128.435663719939 217.757024475234 52.4893177774586 0.595903743098413 -0.416239770922709 -0.686762828102622 -0.406654652608995 -0.893840725204446 0.188893492416885 0 0 0 0 0 0
-128.686481747154 217.435001873085 51.8942549911655 0.615571664539763 -0.378665069630478 -0.691147083374799 -0.0271443212667417 -0.886667366952461 0.461610405216952 0 0 0 0 0 0
-128.918414818142 216.982850804158 51.8687555065504 0.978899176155613 -0.0405709186302156 0.200275818518767 -0.151051799367998 -0.803740551661497 0.575486298292637 0 0 0 0 0 0
-128.909843306181 216.49157979992 52.1340899215766 0.844080135145088 0.465711415059349 0.265784881693577 0.237557778357064 -0.769149071576878 0.593275659061184 0 0 0 0 0 0
-128.586162536055 216.1014684005 52.1205864859001 0.18077766019008 0.588360681872328 0.788131426605315 0.177973260490979 -0.807674549224422 0.562127513190145 0 0 0 0 0 0
-129.421197167815 216.132453560827 51.1785167483594 -0.769648770343642 0.625262259760494 0.129181565355595 0.603329516303005 0.646052082315339 0.467557698785505 0 0 0 0 0 0
-129.353096145344 215.069813204907 50.7829470841407 -0.0827100881741619 -0.404148606634157 -0.910946181214836 0.73183176607082 0.59582024474889 -0.330787699464532 0 0 0 0 0 0
-128.917897216796 215.12114653733 50.5037778846038 -0.633678204654402 0.182013277210999 -0.751879711034209 0.567366822007583 0.770045569540049 -0.291761392436966 0 0 0 0 0 0
-128.619914084764 215.190921849373 50.1412500479645 -0.727181568371336 0.684391023191183 0.0530649978453816 0.643985812157948 0.706926802411017 -0.292466698569601 0 0 0 0 0 0
-128.508961869778 215.524819480378 49.8135379519361 -0.330911052751608 0.656772198398936 0.677604718532163 0.657503805301281 0.675537298053313 -0.333673650372882 0 0 0 0 0 0
-90.291767571553 25.0737016550739 109.563959632709 -0.89778759409745 -0.170491443046194 0.406091250500105 -0.125721021860419 -0.784468454665168 -0.607291913578318 0 0 0 0 0 0
-90.2944457869918 24.5623635490378 109.512246650978 -0.910657412467548 0.368516659827044 -0.186811532159631 -0.210100416937551 -0.802370155171164 -0.558623262040948 0 0 0 0 0 0
-90.6851729884393 24.152726696962 109.512446695942 -0.298412881472112 0.629469121341564 -0.717438762159524 -0.527349639598726 -0.735271237547568 -0.425768205541892 0 0 0 0 0 0
-90.6998997379154 23.2823087384261 109.217995590443 -0.259184698248527 0.282339166090263 -0.923638396497934 0.876688546016421 -0.332501216861274 -0.347649441347725 0 0 0 0 0 0
-90.4365606229351 22.9668452673651 108.935056479795 0.254861195406972 0.886267012246034 -0.386751281937394 0.944787189158989 -0.313420351826402 -0.0956287104486455 0 0 0 0 0 0
-89.9514938333062 22.805999764645 108.690687532396 0.0268709125740582 0.988122845953905 0.151298365362591 0.999043972425374 -0.0213245148028311 -0.0381628907310719 0 0 0 0 0 0
-89.0064928697082 21.8741187573895 108.615963117378 0.979476101339245 0.175155940799396 0.0997344639929056 -0.098627748821464 -0.0150343067563943 0.995010822445045 0 0 0 0 0 0
-88.7603639258541 22.4544131081606 108.459938502673 0.958813508847455 -0.283075432754689 -0.0233442631577249 0.174544881561197 0.652051006083359 -0.737809982167812 0 0 0 0 0 0
-88.442877061683 22.8675863392601 108.377698496991 0.370593983930908 -0.747627894396605 -0.551101288870129 0.380996447663977 0.663499213150739 -0.643902555528226 0 0 0 0 0 0
-87.9896853281666 22.9016731278261 108.189331904305 -0.342609430797774 -0.490536779804138 -0.80124431079903 0.564858514787275 0.573933216077617 -0.592904310791478 0 0 0 0 0 0
-87.535667819258 22.9341806255297 107.856974428306 -0.742746901201145 0.0921903222493042 -0.66319528439191 0.565120896745232 0.617542932076554 -0.547064072211069 0 0 0 0 0 0
-87.199094003172 22.7818110995118 107.284327439732 0.110750377356182 0.804637704856321 -0.583345967534717 -0.941431026164647 0.273039059064929 0.197882023436994 0 0 0 0 0 0
-87.6658189411193 22.0293025621418 107.005217215187 0.646280768159596 -0.392799288071625 -0.654239931521661 -0.597097459306863 -0.794166399834511 -0.113023685407887 0 0 0 0 0 0
-88.0126366037004 21.9290978406767 106.720935027199 0.703987761545827 -0.708312894975696 0.0519044738422904 -0.706665144437943 -0.691303768209654 0.150743071799778 0 0 0 0 0 0
-88.3421059953891 21.507876631615 106.645983492163 0.807805698082517 -0.487926655657126 0.33072274316211 -0.550244513498538 -0.825403941632056 0.126250974265643 0 0 0 0 0 0
-88.7485541646138 21.2117088653219 105.535256044804 0.454023734325186 -0.48474317098466 -0.747587123252635 0.502499813959452 0.832189808092577 -0.234422823712957 0 0 0 0 0 0
-88.3117809196104 21.4794648682299 105.426845445055 -0.166771413021894 -0.234494437090792 -0.957705411268076 0.600966122824362 0.745863769256618 -0.287275054482222 0 0 0 0 0 0
-88.0335063699649 21.6551728182222 105.150449547183 -0.752345710502001 0.393111663040961 -0.528620045278658 0.543103440281661 0.824285844340977 -0.159973435211307 0 0 0 0 0 0
-87.7971006057162 22.1547200798398 105.028021348898 -0.888554431001658 -0.0744207706700625 -0.452694789057919 0.0925586553666305 0.937383152020133 -0.33577629699775 0 0 0 0 0 0
-87.3057911714217 22.4157183672452 104.300473456043 0.826731609497187 0.199688200672144 -0.525965272970101 0.0498641499509549 0.905201368600232 0.422047448557547 0 0 0 0 0 0
-1.88716541300633 194.356538980055 119.456231710312 0.207595968532482 0.0706589808498802 -0.975659378202412 -0.736927444780538 -0.644617830604443 -0.203484135981283 0 0 0 0 0 0
-1.96781706280326 195.085429955527 120.314441092345 0.736551801399494 0.222000018721406 0.638911132742931 -0.675581199709247 0.287390157619693 0.678967554381462 0 0 0 0 0 0
-2.44819291689777 195.273948602953 120.450447554124 -0.192286624399291 -0.956204198533274 0.220679370998891 0.228251363039529 0.175129689392196 0.957721727415636 0 0 0 0 0 0
-2.66765173187763 195.334211127609 120.896761759548 0.859560563058679 -0.503013547366164 -0.0901832002113249 0.237996176571123 0.237861434627085 0.941689841643559 0 0 0 0 0 0
-3.39894529701235 195.319975910616 120.557633905521 0.730953400478867 0.274256314598547 -0.624892470934964 0.532359373967904 0.343750353990815 0.773582051937408 0 0 0 0 0 0
-3.97990703374151 195.696883688786 120.448229090983 0.609740237342112 -0.151753979217878 -0.777938026296135 -0.69920773930869 -0.565208733515783 -0.437775770056219 0 0 0 0 0 0
-4.35457248404643 195.594806889426 120.097365510823 0.868230104736915 -0.435077971139439 -0.238502922954239 -0.49021638742229 -0.678024903206516 -0.547695284016975 0 0 0 0 0 0
-4.54268752363912 195.347336060614 119.670291473384 0.726820637808355 -0.61863035400503 0.298376013713348 -0.356451027343557 -0.711094302119342 -0.606042538605278 0 0 0 0 0 0
-5.44152201277322 196.459499215599 119.204832217657 -0.900039538973066 0.277515127876185 -0.336027055584839 0.00410991479351323 -0.765604142267184 -0.643298846527583 0 0 0 0 0 0
-5.72891871098351 196.09153681849 118.953628629225 -0.207896251657187 0.772704698794103 -0.599755447668803 0.0374777332528172 -0.606409576077959 -0.794268748945331 0 0 0 0 0 0
-6.47038357878517 195.938526270286 118.95373634528 -0.424673535228135 -0.653394806396687 0.626679834884348 -0.65581909758181 -0.255182681666792 -0.710480900675257 0 0 0 0 0 0
-6.73344549355572 195.633849846264 118.604119633414 -0.427305588297406 -0.285527499133646 0.85783680350536 -0.692256841052649 -0.506975845053887 -0.513571765722869 0 0 0 0 0 0
-6.84702791451569 195.152937857282 118.505645382028 -0.743401876831506 0.406215784244801 0.531358999315694 -0.6658340335406 -0.524761836635902 -0.530367848374664 0 0 0 0 0 0
-6.71243158996519 195.242574592934 117.765033061259 0.850899575033004 -0.17210465175965 -0.496336480677517 -0.0943848296048258 -0.979522591654993 0.177839805381007 0 0 0 0 0 0
-6.91163194211244 194.678654389672 117.722170805477 0.947714729144029 0.286041267726802 0.141482102474852 0.19490368898869 -0.869880809922817 0.453122421147558 0 0 0 0 0 0
-7.95494136349737 195.222962189569 117.758532671886 -0.558150431583823 0.430575998060705 -0.709275972817929 -0.0956592953913227 -0.882509663756883 -0.460462802602934 0 0 0 0 0 0
-8.30260190260294 194.895315200278 117.609522923516 0.446764525296712 0.268580660461666 -0.853384958715807 -0.227873255871142 -0.888252228187134 -0.398850546419679 0 0 0 0 0 0
-8.87057170029883 195.446909874767 118.265573659587 0.741094838459826 0.494475580396577 0.454172148859518 -0.234456476856824 -0.443271940355216 0.865182146922605 0 0 0 0 0 0
-8.82422778535231 195.285813403194 118.793875275433 0.287138536516532 0.927688167566426 0.238633871452463 -0.154542552111742 -0.200995714783202 0.967324827669372 0 0 0 0 0 0
-8.6531483689089 195.377054110096 119.347698429287 -0.670359666068493 0.532118415310921 0.517172998324094 -0.741324941888412 -0.449746357231382 -0.498162167061335 0 0 0 0 0 0
244.25902224072 398.836267550771 275.694477527272 -0.431708976514601 -0.449777696975697 0.781874275635127 0.111789163055453 0.833449273099237 0.541170483483454 0 0 0 0 0 0
245.151887423429 399.51717444239 274.881551425629 -0.0643829774504109 0.709880210336401 -0.701373594589479 0.760431127277089 -0.420228144402953 -0.495129081472444 0 0 0 0 0 0
245.186826459486 399.26770278041 274.382811910123 0.39018728252323 0.886420994673646 -0.249021494572097 0.787329612604025 -0.461437022115542 -0.408886238137133 0 0 0 0 0 0
245.35642177312 399.2172511133 273.886430975925 0.68352558755189 0.608827230385576 0.402643980090194 0.728593397058556 -0.535759011724995 -0.426748102653229 0 0 0 0 0 0
245.755739728869 399.305667056177 273.584520757258 0.506968109984541 -0.173771289927053 0.844267063348909 0.70095659778638 -0.486910948575976 -0.521131054703695 0 0 0 0 0 0
246.191660841479 399.381234593752 273.439404347329 0.0108642982020427 -0.888332101036295 0.459073028278748 0.776314926681088 -0.281872492219983 -0.563811167627809 0 0 0 0 0 0
246.652269314097 399.272056949765 273.425298326963 -0.557389843479799 -0.818271404370746 -0.140529253803941 0.729980248423328 -0.402365796631917 -0.552476789207094 0 0 0 0 0 0
247.868605707607 399.804305051752 273.947184577323 0.572840230411996 0.678654250511304 0.459654738564144 0.216399580050232 -0.666102878317669 0.713777400350418 0 0 0 0 0 0
248.281155771996 399.527037028173 274.115338330795 -0.410569206901869 0.503441752059034 0.760249517347891 0.0745994783202913 -0.812422092019044 0.578277841728127 0 0 0 0 0 0
248.817126035635 398.975225105762 273.416233381441 0.697679107473547 0.711928388176389 0.080011456076516 0.689841150542265 -0.69773508738878 0.193093073011688 0 0 0 0 0 0
249.044115251554 397.992837505223 272.940867607971 0.884426151423172 -0.164669806336377 -0.4366626129633 -0.335139504123958 -0.875252605952802 -0.348732545869146 0 0 0 0 0 0
248.990428479454 397.651853378697 272.584125991762 0.949170333357336 -0.304020043554778 0.0815321494336678 -0.270130027842984 -0.919739910297355 -0.284795128932644 0 0 0 0 0 0
248.51570875089 397.00002847059 271.967868582805 0.388927679953432 -0.388605893905402 -0.835296784974074 0.278077164309116 -0.814873050733213 0.508581362103006 0 0 0 0 0 0
248.752669358427 396.499455099448 272.172627396489 0.349745788054497 0.0364184398957188 -0.936136518342117 0.511920007654618 -0.844300927685421 0.158410382464134 0 0 0 0 0 0
248.859363046478 395.997158691607 272.031943819429 0.648084013613747 0.457443994425862 -0.608877740816667 0.578682189153294 -0.815546736846159 0.00323171414795513 0 0 0 0 0 0
249.069817331304 395.564255828289 271.772190925639 0.638036718951033 0.747725266822796 -0.183891464252638 0.734734464881354 -0.662646233005856 -0.145138678506658 0 0 0 0 0 0
248.826434957307 394.804026352513 272.449756981873 0.425952557065598 0.583170978319881 0.691719617456894 -0.379913497470174 -0.578585822278364 0.721736919312328 0 0 0 0 0 0
248.961779296407 394.430776117313 272.696162450014 -0.674954756106633 0.552417120309088 0.489153761509047 -0.216530740516527 -0.782039599779406 0.584404400041812 0 0 0 0 0 0
249.280798652359 393.877503224398 271.613622075399 -0.475788665198884 -0.825050874871294 -0.304821587067547 -0.721412113403098 0.167794721888988 0.67187014663659 0 0 0 0 0 0
248.759851670935 394.027027899392 271.512368639766 0.083104802098566 -0.868618445074848 0.488462474243326 -0.686969389143795 0.30514786152672 0.659513336472487 0 0 0 0 0 0
