           0   0.000000
       10000  -2.660685
       20000  -3.704482
       30000  -5.041523
       40000  -6.287629
       50000  -7.924072
       60000  -5.584357
       70000  -7.579836
       80000  -6.882539
       90000  -6.319905
      100000  -6.997053
      110000  -3.898009
      120000  -9.905110
      130000  -6.009628
      140000  -5.467782
      150000  -8.672151
      160000  -6.609138
      170000  -5.407856
      180000  -7.329637
      190000  -7.558683
      200000  -9.115791
