#id1 id2 FENE BEXC STCK NEXC HB CRSTCK CXSTCK total, t = 200000
0 1 0.00147612 0 -0.941132 0 0 0 0 -0.939656
1 2 0.0893016 0 -1.00423 0 0 0 0 -0.914926
2 3 0.00268055 0 -0.875886 0 0 0 0 -0.873205
3 4 0.0354153 0 -1.30533 0 0 0 0 -1.26992
4 5 0.0840506 0 -1.37385 0 0 0 0 -1.2898
5 6 0.0486164 0 0 0 0 0 0 0.0486164
6 7 0.0631224 0 0 0 0 0 0 0.0631224
7 8 0.0246857 0 -1.12855 0 0 0 0 -1.10386
8 9 0.0174292 0 0 0 0 0 0 0.0174292
9 10 0.00555628 0 -1.35715 0 0 0 0 -1.35159
10 11 0.0458246 0 -1.18313 0 0 0 0 -1.13731
11 12 0.3937 0 -1.21702 0 0 0 0 -0.823321
12 13 0.0969506 0 -1.13714 0 0 0 0 -1.04019
13 14 0.0174482 0 0 0 0 0 0 0.0174482
14 15 0.0715247 0 -0.967459 0 0 0 0 -0.895935
15 16 0.0135467 0 -0.884963 0 0 0 0 -0.871416
16 17 0.0746129 0 0 0 0 0 0 0.0746129
17 18 0.0172238 0 -0.961256 0 0 0 0 -0.944033
18 19 0.00831019 0 -1.17602 0 0 0 0 -1.16771
20 21 0.0962323 0 0 0 0 0 0 0.0962323
21 22 0.00902894 0 0 0 0 0 0 0.00902894
22 23 0.0126558 0 0 0 0 0 0 0.0126558
23 24 0.000187602 0 -0 0 0 0 0 0.000187602
24 25 0.0114902 0 -1.4117 0 0 0 0 -1.40021
23 26 0 0 0 0 0 -0.00747572 0 -0.00747572
25 26 0.000357208 0 -1.1017 0 0 0 0 -1.10134
26 27 0.0249314 0 0 0 0 0 0 0.0249314
27 28 0.0096668 0 0 0 0 0 0 0.0096668
28 29 0.055237 0 -0 0 0 0 0 0.055237
29 30 0.0582208 0 -1.27775 0 0 0 0 -1.21952
30 31 0.068 0 0 0 0 0 0 0.068
31 32 0.0127036 0 -1.29535 0 0 0 0 -1.28265
32 33 0.0175403 0 -1.14249 0 0 0 0 -1.12495
33 34 0.00388028 0 0 0 0 0 0 0.00388028
34 35 0.00895883 0 0 0 0 0 0 0.00895883
35 36 0.117982 0 -1.37044 0 0 0 0 -1.25246
36 37 0.0141301 0 0 0 0 0 0 0.0141301
37 38 0.0156899 0 -1.17505 0 0 0 0 -1.15936
38 39 0.0187618 0 -1.02322 0 0 0 0 -1.00446
40 41 0.00101574 0 -0 0 0 0 0 0.00101574
41 42 0.123481 0 -0 0 0 0 0 0.123481
42 43 0.00285385 0 0 0 0 0 0 0.00285385
43 44 0.0108197 0 -0 0 0 0 0 0.0108197
44 45 0.00318142 0 -0 0 0 0 0 0.00318142
45 46 0.0056436 0 -1.09395 0 0 0 0 -1.08831
46 47 0.149302 0 -0.468415 0 0 0 0 -0.319113
47 48 0.0230686 0 -1.28621 0 0 0 0 -1.26314
48 49 0.0436372 0 -1.25575 0 0 0 0 -1.21211
49 50 0.0432271 0 0 0 0 0 0 0.0432271
50 51 0.00934765 0 0 0 0 0 0 0.00934765
51 52 0.00940883 0 -1.41183 0 0 0 0 -1.40243
52 53 0.0538148 0 -1.16358 0 0 0 0 -1.10977
53 54 0.00939532 0 -1.09897 0 0 0 0 -1.08958
54 55 0.0283371 0 -1.13208 0 0 0 0 -1.10374
55 56 0.19854 0 -1.06676 0 0 0 0 -0.868222
56 57 0.250835 0 -1.324 0 0 0 0 -1.07317
57 58 0.0207268 0 0 0 0 0 0 0.0207268
55 59 0 0 0 0 0 -0.00199758 0 -0.00199758
54 59 0 0 0 0 -0.264715 0 -0 -0.264715
53 59 0 0 0 0 0 -0.0127638 0 -0.0127638
58 59 0.120093 0 0 0 0 0 0 0.120093
60 61 0.012308 0 -0.704382 0 0 0 0 -0.692074
61 62 0.00213369 0 -1.28543 0 0 0 0 -1.2833
62 63 0.00020315 0 -1.3927 0 0 0 0 -1.3925
63 64 0.0263678 0 -0.805626 0 0 0 0 -0.779258
64 65 0.0746398 0 0 0 0 0 0 0.0746398
65 66 0.00137646 0 -1.11424 0 0 0 0 -1.11286
66 67 0.233062 0 -1.26763 0 0 0 0 -1.03457
67 68 0.0148303 0 -1.04124 0 0 0 0 -1.02641
68 69 0.00977198 0 -1.31058 0 0 0 0 -1.30081
69 70 0.00416864 0 -0.805226 0 0 0 0 -0.801058
70 71 0.0314512 0 -1.18573 0 0 0 0 -1.15428
71 72 0.00874543 0 -0.167875 0 0 0 0 -0.15913
72 73 0.0524243 0 -1.33727 0 0 0 0 -1.28484
73 74 0.00915255 0 -1.11594 0 0 0 0 -1.10679
74 75 0.00396166 0 -0.882169 0 0 0 0 -0.878207
75 76 0.00427198 0 0 0 0 0 0 0.00427198
76 77 0.000665409 0 -0.960393 0 0 0 0 -0.959727
77 78 0.00882023 0 -1.2154 0 0 0 0 -1.20658
78 79 0.175286 0 -1.11281 0 0 0 0 -0.937527
80 81 0.0159818 0 -1.46377 0 0 0 0 -1.44778
81 82 0.124784 0 -1.12439 0 0 0 0 -0.999603
82 83 0.0396719 0 -1.06051 0 0 0 0 -1.02084
83 84 0.246139 0 -1.31417 0 0 0 0 -1.06803
84 85 0.00440875 0 0 0 0 0 0 0.00440875
85 86 0.0115929 0 -1.29404 0 0 0 0 -1.28245
86 87 0.000676634 0 -1.29245 0 0 0 0 -1.29178
87 88 0.0105454 0 -0.606386 0 0 0 0 -0.595841
88 89 0.0612241 0 -1.1607 0 0 0 0 -1.09948
89 90 0.00313388 0 0 0 0 0 0 0.00313388
90 91 2.50866e-06 0 0 0 0 0 0 2.50866e-06
91 92 0.0111069 0 -0 0 0 0 0 0.0111069
92 93 0.0915515 0 -0.987257 0 0 0 0 -0.895705
93 94 0.000177018 0 -0 0 0 0 0 0.000177018
94 95 0.000640375 0 -0.794141 0 0 0 0 -0.793501
95 96 0.037429 0 -1.27908 0 0 0 0 -1.24165
96 97 0.0899708 0 0 0 0 0 0 0.0899708
97 98 0.0312592 0 -0 0 0 0 0 0.0312592
98 99 0.0297485 0 0 0 0 0 0 0.0297485
100 101 0.00568316 0 -0.927656 0 0 0 0 -0.921972
101 102 0.0382005 0 0 0 0 0 0 0.0382005
102 103 0.00249265 0 0 0 0 0 0 0.00249265
103 104 0.0138741 0 -1.26198 0 0 0 0 -1.24811
104 105 0.0221308 0 0 0 0 0 0 0.0221308
105 106 0.0063447 0 -1.043 0 0 0 0 -1.03666
106 107 0.0184984 0 -1.22688 0 0 0 0 -1.20838
107 108 0.0195608 0 0 0 0 0 0 0.0195608
108 109 0.151326 0 -0 0 0 0 0 0.151326
109 110 0.00342964 0 0 0 0 0 0 0.00342964
110 111 0.0316621 0 -1.30829 0 0 0 0 -1.27663
111 112 0.0112684 0 -1.39048 0 0 0 0 -1.37921
112 113 0.00961466 0 -1.24866 0 0 0 0 -1.23904
113 114 0.0717683 0 -1.18767 0 0 0 0 -1.1159
114 115 0.0090268 0 -1.24377 0 0 0 0 -1.23474
115 116 0.0162348 0 -1.30199 0 0 0 0 -1.28576
116 117 0.0883628 0 -0 0 0 0 0 0.0883628
117 118 0.0228082 0 0 0 0 0 0 0.0228082
118 119 0.0826186 0 -0 0 0 0 0 0.0826186
120 121 0.00793477 0 -0 0 0 0 0 0.00793477
121 122 0.281748 0 -1.23554 0 0 0 0 -0.953789
122 123 0.189334 0 0 0 0 0 0 0.189334
123 124 0.00106498 0 -0.982638 0 0 0 0 -0.981573
124 125 0.0555598 0 0 0 0 0 0 0.0555598
125 126 0.0103913 0 -0.872352 0 0 0 0 -0.86196
126 127 0.06405 0 -1.29805 0 0 0 0 -1.234
127 128 0.00292229 0 -0.909748 0 0 0 0 -0.906825
128 129 0.0015083 0 -1.23185 0 0 0 0 -1.23034
129 130 4.18206e-05 0 0 0 0 0 0 4.18206e-05
130 131 0.00869666 0 0 0 0 0 0 0.00869666
131 132 0.0259254 0 -1.10173 0 0 0 0 -1.0758
132 133 0.0082916 0 0 0 0 0 0 0.0082916
133 134 0.000973495 0 -1.12046 0 0 0 0 -1.11948
134 135 0.0579094 0 0 0 0 0 0 0.0579094
135 136 0.0303187 0 0 0 0 0 0 0.0303187
136 137 0.0342532 0 -0.904487 0 0 0 0 -0.870234
137 138 0.00188349 0 -1.24531 0 0 0 0 -1.24343
138 139 0.0257413 0 0 0 0 0 0 0.0257413
140 141 0.169444 0 -1.12675 0 0 0 0 -0.95731
141 142 0.11431 0 0 0 0 0 0 0.11431
142 143 0.0409574 0 -0.249054 0 0 0 0 -0.208096
143 144 0.0607328 0 -0.690133 0 0 0 0 -0.6294
144 145 0.0105412 0 0 0 0 0 0 0.0105412
145 146 0.0585093 0 0 0 0 0 0 0.0585093
146 147 0.0856996 0 -0.933706 0 0 0 0 -0.848006
147 148 0.122586 0 -0.976365 0 0 0 0 -0.853779
148 149 0.000109763 0 0 0 0 0 0 0.000109763
149 150 0.0043028 0 -1.03816 0 0 0 0 -1.03386
150 151 0.290263 0 0 0 0 0 0 0.290263
151 152 0.0522867 0 0 0 0 0 0 0.0522867
152 153 0.00749394 0 -1.18521 0 0 0 0 -1.17772
153 154 0.062687 0 0 0 0 0 0 0.062687
154 155 0.000495611 0 -1.37498 0 0 0 0 -1.37449
155 156 0.000309311 0 0 0 0 0 0 0.000309311
156 157 0.00188512 0 0 0 0 0 0 0.00188512
157 158 0.0267109 0 -1.27796 0 0 0 0 -1.25125
158 159 0.085916 0 -1.03095 0 0 0 0 -0.945033
160 161 0.0049729 0 -1.41257 0 0 0 0 -1.40759
161 162 0.00212897 0 0 0 0 0 0 0.00212897
162 163 0.0330301 0 -0 0 0 0 0 0.0330301
163 164 0.0878916 0 -1.27519 0 0 0 0 -1.1873
164 165 0.0114149 0 -1.10044 0 0 0 0 -1.08902
165 166 0.0237709 0 0 0 0 0 0 0.0237709
166 167 0.10872 0 -0.000403737 0 0 0 0 0.108316
167 168 0.0146483 0 -0.887646 0 0 0 0 -0.872997
168 169 0.000276867 0 -0.922944 0 0 0 0 -0.922667
169 170 0.0168212 0 -0.781834 0 0 0 0 -0.765013
170 171 0.0231514 0 -1.24571 0 0 0 0 -1.22256
171 172 6.80281e-05 0 -0 0 0 0 0 6.80281e-05
172 173 0.0299211 0 0 0 0 0 0 0.0299211
171 174 0 0 0 0 0 -0.00100427 -0 -0.00100427
170 174 0 0 0 0 0 -0.00188091 0 -0.00188091
173 174 0.00142401 0 -1.23881 0 0 0 0 -1.23739
174 175 0.00157197 0 0 0 0 0 0 0.00157197
175 176 0.0917267 0 -1.07414 0 0 0 0 -0.982411
176 177 0.0322798 0 -1.30444 0 0 0 0 -1.27216
177 178 0.0465892 0 -1.04227 0 0 0 0 -0.995685
178 179 0.0944311 0 -0 0 0 0 0 0.0944311
180 181 0.00569457 0 0 0 0 0 0 0.00569457
181 182 0.018948 0 0 0 0 0 0 0.018948
182 183 0.0431851 0 -1.2597 0 0 0 0 -1.21652
183 184 0.0270062 0 -0.73315 0 0 0 0 -0.706144
184 185 0.035476 0 -1.29403 0 0 0 0 -1.25856
185 186 0.0119639 0 0 0 0 0 0 0.0119639
186 187 0.000197049 0 0 0 0 0 0 0.000197049
187 188 0.000241445 0 -1.2523 0 0 0 0 -1.25206
188 189 0.046702 0 -1.06093 0 0 0 0 -1.01423
189 190 0.0547369 0 -1.13064 0 0 0 0 -1.0759
190 191 0.0977165 0 -0.552278 0 0 0 0 -0.454561
191 192 0.129466 0 0 0 0 0 0 0.129466
192 193 0.102544 0 0 0 0 0 0 0.102544
193 194 0.0351657 0 0 0 0 0 0 0.0351657
194 195 0.160453 0 0 0 0 0 0 0.160453
195 196 0.00409254 0 -0 0 0 0 0 0.00409254
196 197 0.122281 0 0 0 0 0 0 0.122281
197 198 0.000271192 0 -0.775782 0 0 0 0 -0.775511
198 199 0.0238134 0 -1.19337 0 0 0 0 -1.16956
200 201 0.00328296 0 -1.12139 0 0 0 0 -1.11811
201 202 0.00219968 0 -1.23099 0 0 0 0 -1.22879
202 203 0.00286762 0 -0.910218 0 0 0 0 -0.90735
203 204 0.00596774 0 0 0 0 0 0 0.00596774
204 205 0.222737 0 -1.14859 0 0 0 0 -0.925849
205 206 0.0498361 0 -0.865351 0 0 0 0 -0.815515
206 207 0.173261 0 -0.962958 0 0 0 0 -0.789697
207 208 0.0494728 0 0 0 0 0 0 0.0494728
208 209 0.151269 0 0 0 0 0 0 0.151269
209 210 0.249615 0 -1.36138 0 0 0 0 -1.11176
210 211 0.188225 0 0 0 0 0 0 0.188225
211 212 0.00170688 0 -1.3245 0 0 0 0 -1.32279
212 213 0.0232448 0 -1.26721 0 0 0 0 -1.24396
213 214 0.308032 0 -0.589377 0 0 0 0 -0.281344
214 215 0.232099 0 -1.16076 0 0 0 0 -0.928663
215 216 0.00639864 0 -1.27257 0 0 0 0 -1.26617
216 217 0.13444 0 -1.13067 0 0 0 0 -0.996232
217 218 0.0320795 0 -1.25445 0 0 0 0 -1.22237
218 219 0.0448626 0 -1.21644 0 0 0 0 -1.17157
220 221 5.21612e-05 0 -1.10351 0 0 0 0 -1.10346
221 222 0.00649687 0 0 0 0 0 0 0.00649687
222 223 0.0242856 0 -1.03416 0 0 0 0 -1.00987
223 224 0.0296429 0 -1.34548 0 0 0 0 -1.31584
224 225 0.0551887 0 -1.31867 0 0 0 0 -1.26348
225 226 0.0550901 0 -1.35707 0 0 0 0 -1.30198
226 227 0.0131628 0 0 0 0 0 0 0.0131628
227 228 0.0917303 0 0 0 0 0 0 0.0917303
228 229 0.0115519 0 0 0 0 0 0 0.0115519
229 230 0.0251145 0 -1.3072 0 0 0 0 -1.28208
230 231 0.0536059 0 0 0 0 0 0 0.0536059
231 232 0.0299987 0 -0 0 0 0 0 0.0299987
232 233 0.113048 0 -0.00813071 0 0 0 0 0.104917
233 234 0.00757154 0 -0 0 0 0 0 0.00757154
234 235 0.0196865 0 -1.38173 0 0 0 0 -1.36205
235 236 0.0112726 0 -0.927129 0 0 0 0 -0.915857
236 237 0.00254047 0 -1.3329 0 0 0 0 -1.33036
237 238 0.0171635 0 -1.23635 0 0 0 0 -1.21919
238 239 0.0127326 0 0 0 0 0 0 0.0127326
240 241 0.0066419 0 0 0 0 0 0 0.0066419
241 242 0.000916398 0 0 0 0 0 0 0.000916398
242 243 0.0117475 0 -1.05055 0 0 0 0 -1.0388
243 244 0.00368948 0 -0.984661 0 0 0 0 -0.980971
244 245 0.0588938 0 0 0 0 0 0 0.0588938
245 246 0.0537105 0 0 0 0 0 0 0.0537105
246 247 0.00211046 0 -1.27209 0 0 0 0 -1.26998
247 248 0.00901433 0 0 0 0 0 0 0.00901433
248 249 0.0807112 0 -0 0 0 0 0 0.0807112
249 250 0.0356673 0 0 0 0 0 0 0.0356673
250 251 0.0868454 0 -1.36242 0 0 0 0 -1.27558
251 252 0.00149782 0 0 0 0 0 0 0.00149782
252 253 0.00531822 0.175206 -0 0 0 0 0 0.180524
253 254 3.15688e-05 0 0 0 0 0 0 3.15688e-05
254 255 0.0203564 0 0 0 0 0 0 0.0203564
255 256 0.0759143 0 -1.36368 0 0 0 0 -1.28777
256 257 0.376903 0 0 0 0 0 0 0.376903
257 258 0.075926 0 -1.22038 0 0 0 0 -1.14445
258 259 0.323916 0 -1.1658 0 0 0 0 -0.841879
260 261 0.0115405 0 -0.999544 0 0 0 0 -0.988003
261 262 0.0548566 0 -1.43405 0 0 0 0 -1.37919
262 263 0.00785089 0 0 0 0 0 0 0.00785089
263 264 0.00265452 0 -1.17688 0 0 0 0 -1.17423
264 265 0.00101697 0 -0 0 0 0 0 0.00101697
265 266 5.70502e-06 0 -0 0 0 0 0 5.70502e-06
266 267 0.0105797 0 -0 0 0 0 0 0.0105797
267 268 0.0168757 0 -1.42632 0 0 0 0 -1.40944
268 269 0.0024357 0 0 0 0 0 0 0.0024357
269 270 0.0023848 0 0 0 0 0 0 0.0023848
270 271 0.0148529 0 0 0 0 0 0 0.0148529
271 272 0.000237544 0 -1.00135 0 0 0 0 -1.00111
272 273 0.0618991 0 -0 0 0 0 0 0.0618991
273 274 0.00453297 0 -1.0363 0 0 0 0 -1.03177
274 275 0.00131909 0 -1.10166 0 0 0 0 -1.10034
275 276 0.000538056 0 -1.33874 0 0 0 0 -1.3382
276 277 0.000123178 0 0 0 0 0 0 0.000123178
277 278 0.0137858 0 -1.25995 0 0 0 0 -1.24616
278 279 0.0289685 0 -1.4505 0 0 0 0 -1.42153
280 281 0.00127952 0 -1.35645 0 0 0 0 -1.35517
281 282 0.0814112 0 -0 0 0 0 0 0.0814112
282 283 0.0459871 0 0 0 0 0 0 0.0459871
283 284 0.00131969 0 -1.01622 0 0 0 0 -1.0149
284 285 0.00989393 0 -1.25665 0 0 0 0 -1.24676
285 286 0.00498871 0 -0 0 0 0 0 0.00498871
286 287 0.0261599 0 0 0 0 0 0 0.0261599
287 288 0.00765302 0 0 0 0 0 0 0.00765302
288 289 0.00883559 0 -7.271e-05 0 0 0 0 0.00876288
289 290 0.0190133 0 -1.14843 0 0 0 0 -1.12942
290 291 0.0444558 0 -1.39411 0 0 0 0 -1.34966
291 292 0.0131706 0 -1.23915 0 0 0 0 -1.22598
292 293 0.000233887 0 -1.26381 0 0 0 0 -1.26357
293 294 0.0152597 0 -0 0 0 0 0 0.0152597
294 295 0.0771415 0 -0.799384 0 0 0 0 -0.722242
295 296 0.0211929 0 0 0 0 0 0 0.0211929
296 297 0.0280403 0 -0.990015 0 0 0 0 -0.961974
297 298 0.0178671 0 -1.30184 0 0 0 0 -1.28397
298 299 0.02521 0 -1.22379 0 0 0 0 -1.19858
300 301 0.000168719 0 -0.717336 0 0 0 0 -0.717167
301 302 0.052044 0 0 0 0 0 0 0.052044
302 303 0.0172515 0 -1.30542 0 0 0 0 -1.28816
303 304 0.0216909 0 0 0 0 0 0 0.0216909
304 305 0.0253328 0 0 0 0 0 0 0.0253328
305 306 0.010804 0 -1.25681 0 0 0 0 -1.246
306 307 0.000407778 0 -0.931092 0 0 0 0 -0.930684
307 308 0.0613359 0 -0.972484 0 0 0 0 -0.911148
308 309 0.0705718 0 0 0 0 0 0 0.0705718
309 310 0.0764013 0 -1.29465 0 0 0 0 -1.21824
310 311 0.00322688 0 -1.05607 0 0 0 0 -1.05285
311 312 0.00463573 0 0 0 0 0 0 0.00463573
312 313 0.00502809 0 0 0 0 0 0 0.00502809
313 314 0.116327 0 0 0 0 0 0 0.116327
314 315 0.0188681 0 -0.545054 0 0 0 0 -0.526186
315 316 0.115775 0 -0.846319 0 0 0 0 -0.730544
316 317 0.00152078 0 -0.947007 0 0 0 0 -0.945486
317 318 0.00183547 0 -1.34382 0 0 0 0 -1.34198
318 319 0.38785 0 -1.39204 0 0 0 0 -1.00419
320 321 0.00257162 0 -1.18262 0 0 0 0 -1.18005
321 322 0.0882455 0 0 0 0 0 0 0.0882455
322 323 0.0109989 0 0 0 0 0 0 0.0109989
323 324 0.0408514 0 -1.14082 0 0 0 0 -1.09997
324 325 0.0138585 0 -1.26951 0 0 0 0 -1.25566
325 326 0.0748617 0 -1.1586 0 0 0 0 -1.08374
326 327 0.182422 0 -1.28333 0 0 0 0 -1.1009
327 328 0.00187142 0 -1.36464 0 0 0 0 -1.36276
328 329 0.00219101 0 -1.32956 0 0 0 0 -1.32736
329 330 0.00149743 0 -1.17632 0 0 0 0 -1.17482
330 331 0.0158641 0 -1.3659 0 0 0 0 -1.35004
331 332 0.0151909 0 -0.88086 0 0 0 0 -0.86567
332 333 0.00127722 0 -1.39214 0 0 0 0 -1.39086
333 334 0.0775785 0 -1.26296 0 0 0 0 -1.18538
334 335 0.00537145 0 0 0 0 0 0 0.00537145
335 336 0.0678379 0 -1.19936 0 0 0 0 -1.13152
336 337 0.0522339 0 -1.30268 0 0 0 0 -1.25045
337 338 0.00454461 0 -1.1284 0 0 0 0 -1.12386
338 339 0.0362116 0 -1.07479 0 0 0 0 -1.03857
340 341 0.194703 0 -1.19638 0 0 0 0 -1.00168
341 342 0.0187532 0 -0 0 0 0 0 0.0187532
342 343 0.00242965 0 0 0 0 0 0 0.00242965
343 344 0.000198178 0 -1.37165 0 0 0 0 -1.37145
344 345 0.0739994 0 0 0 0 0 0 0.0739994
345 346 0.0680299 0 -1.08577 0 0 0 0 -1.01774
346 347 0.191718 0 -1.11385 0 0 0 0 -0.922128
347 348 0.0040844 0 -1.13501 0 0 0 0 -1.13093
348 349 0.00163433 0 -1.2549 0 0 0 0 -1.25327
349 350 0.105645 0 0 0 0 0 0 0.105645
350 351 0.000623782 0 -0.988072 0 0 0 0 -0.987448
351 352 0.212947 0 0 0 0 0 0 0.212947
352 353 0.0158682 0 0 0 0 0 0 0.0158682
353 354 0.0262333 0 -0.893508 0 0 0 0 -0.867275
354 355 0.0875969 0 0 0 0 0 0 0.0875969
355 356 0.00601725 0 0 0 0 0 0 0.00601725
356 357 0.0492594 0 -1.41715 0 0 0 0 -1.36789
357 358 0.00587962 0 0 0 0 0 0 0.00587962
358 359 0.00781485 0 -1.11629 0 0 0 0 -1.10848
360 361 0.031531 0 -1.12111 0 0 0 0 -1.08958
361 362 0.00555217 0 0 0 0 0 0 0.00555217
362 363 0.00429923 0 -1.11837 0 0 0 0 -1.11407
363 364 0.0371189 0 -1.34089 0 0 0 0 -1.30377
364 365 0.00535691 0 -1.00797 0 0 0 0 -1.00262
365 366 0.112842 0 -0 0 0 0 0 0.112842
366 367 0.0941739 0 -1.35405 0 0 0 0 -1.25988
367 368 0.0120371 0 -0 0 0 0 0 0.0120371
368 369 0.068674 0 0 0 0 0 0 0.068674
369 370 0.0157981 0 0 0 0 0 0 0.0157981
370 371 0.22459 0 0 0 0 0 0 0.22459
371 372 0.0509646 0 -0.429307 0 0 0 0 -0.378342
372 373 0.00857418 0 -0 0 0 0 0 0.00857418
373 374 0.0124164 0 -1.15494 0 0 0 0 -1.14252
374 375 0.0185748 0 -0 0 0 0 0 0.0185748
375 376 0.0203531 0 0 0 0 0 0 0.0203531
376 377 0.0711158 0 0 0 0 0 0 0.0711158
377 378 0.0120988 0 -1.20518 0 0 0 0 -1.19308
378 379 0.00991593 0 0 0 0 0 0 0.00991593
380 381 0.0783267 0 0 0 0 0 0 0.0783267
381 382 0.018077 0 -0.854572 0 0 0 0 -0.836495
382 383 0.00148072 0 0 0 0 0 0 0.00148072
383 384 0.0067664 0 -0.957278 0 0 0 0 -0.950512
384 385 0.00065076 0 0 0 0 0 0 0.00065076
385 386 0.0976322 0 0 0 0 0 0 0.0976322
386 387 0.010905 0 -0 0 0 0 0 0.010905
387 388 0.0189214 0 0 0 0 0 0 0.0189214
388 389 0.00792409 0 -1.32076 0 0 0 0 -1.31284
389 390 0.055758 0 -0.554634 0 0 0 0 -0.498876
390 391 0.0212357 0 -1.33511 0 0 0 0 -1.31388
391 392 0.00838223 0 0 0 0 0 0 0.00838223
392 393 0.00292202 0 0 0 0 0 0 0.00292202
393 394 1.51433e-05 0 -1.30159 0 0 0 0 -1.30157
394 395 0.00458623 0 -1.12643 0 0 0 0 -1.12184
395 396 0.00427867 0 -1.07505 0 0 0 0 -1.07077
396 397 0.00378154 0 -0.968531 0 0 0 0 -0.96475
397 398 0.0004694 0 0 0 0 0 0 0.0004694
398 399 0.140873 0 -1.27257 0 0 0 0 -1.1317
400 401 0.0536148 0 0 0 0 0 0 0.0536148
401 402 0.122861 0 -1.24529 0 0 0 0 -1.12243
402 403 0.202243 0 -0.924106 0 0 0 0 -0.721863
403 404 0.155601 0 0 0 0 0 0 0.155601
404 405 0.000127011 0 0 0 0 0 0 0.000127011
405 406 0.00997481 0 0 0 0 0 0 0.00997481
406 407 0.00279824 0 -1.12176 0 0 0 0 -1.11896
407 408 0.0110464 0 -1.22453 0 0 0 0 -1.21348
408 409 0.0289136 0 -1.33575 0 0 0 0 -1.30684
409 410 0.00941581 0 -1.05399 0 0 0 0 -1.04457
410 411 0.00794371 0 0 0 0 0 0 0.00794371
411 412 0.0372943 0 -1.22282 0 0 0 0 -1.18553
412 413 0.0989715 0 0 0 0 0 0 0.0989715
413 414 0.0287321 0 0 0 0 0 0 0.0287321
414 415 0.0535561 0 -1.19189 0 0 0 0 -1.13833
415 416 0.0240534 0 -1.01633 0 0 0 0 -0.992275
416 417 0.0710348 0 0 0 0 0 0 0.0710348
417 418 0.0766174 0 0 0 0 0 0 0.0766174
418 419 0.00161399 0 0 0 0 0 0 0.00161399
420 421 0.260105 0 0 0 0 0 0 0.260105
421 422 0.00424397 0 -1.26601 0 0 0 0 -1.26177
422 423 0.172484 0 -0.860599 0 0 0 0 -0.688115
423 424 0.0406397 0 -1.09525 0 0 0 0 -1.05461
424 425 0.00278757 0 -0 0 0 0 0 0.00278757
425 426 0.191871 0 0 0 0 0 0 0.191871
426 427 0.00531884 0 -0.850666 0 0 0 0 -0.845348
427 428 0.0518531 0 0 0 0 0 0 0.0518531
428 429 0.043415 0 -1.22304 0 0 0 0 -1.17962
429 430 0.00196351 0 0 0 0 0 0 0.00196351
430 431 0.326869 0 -0.726107 0 0 0 0 -0.399239
431 432 8.82711e-05 0 -1.41733 0 0 0 0 -1.41724
432 433 0.164207 0 -1.12852 0 0 0 0 -0.964308
433 434 0.00400715 0 0 0 0 0 0 0.00400715
434 435 0.125822 0 -1.16183 0 0 0 0 -1.03601
435 436 0.0762928 0 -1.30224 0 0 0 0 -1.22594
436 437 1.70042e-05 0 0 0 0 0 0 1.70042e-05
437 438 0.0541502 0 -0 0 0 0 0 0.0541502
438 439 0.00805202 0 -1.26681 0 0 0 0 -1.25876
440 441 0.0231073 0 0 0 0 0 0 0.0231073
441 442 0.270968 0 0 0 0 0 0 0.270968
442 443 0.0162391 0 -0 0 0 0 0 0.0162391
443 444 0.027393 0 -1.41301 0 0 0 0 -1.38561
444 445 0.108991 0 -1.35807 0 0 0 0 -1.24908
445 446 9.13682e-05 0 -1.13131 0 0 0 0 -1.13122
446 447 0.0282321 0 0 0 0 0 0 0.0282321
447 448 0.00306023 0 0 0 0 0 0 0.00306023
448 449 4.74278e-05 0 0 0 0 0 0 4.74278e-05
449 450 0.0129607 0 -1.32606 0 0 0 0 -1.31309
450 451 0.172267 0 -1.07228 0 0 0 0 -0.900016
451 452 0.0080872 0 -1.34003 0 0 0 0 -1.33194
452 453 0.00406892 0 0 0 0 0 0 0.00406892
453 454 0.0103903 0 0 0 0 0 0 0.0103903
454 455 0.0390178 0 -0 0 0 0 0 0.0390178
455 456 0.0188259 0 -0.9 0 0 0 0 -0.881174
456 457 0.00137839 0 -0.440261 0 0 0 0 -0.438883
457 458 0.012919 0 -1.33909 0 0 0 0 -1.32618
458 459 0.0513393 0 -1.0351 0 0 0 0 -0.983757
460 461 0.00192581 0 -1.2864 0 0 0 0 -1.28448
461 462 0.136503 0 0 0 0 0 0 0.136503
462 463 0.0480871 0 0 0 0 0 0 0.0480871
463 464 0.0459661 0 0 0 0 0 0 0.0459661
464 465 0.0287947 0 -1.40739 0 0 0 0 -1.3786
465 466 0.0102663 0 -0.890967 0 0 0 0 -0.8807
466 467 0.0293699 0 0 0 0 0 0 0.0293699
467 468 0.0652772 0 0 0 0 0 0 0.0652772
468 469 0.0105629 0 0 0 0 0 0 0.0105629
469 470 0.0181297 0 -1.05727 0 0 0 0 -1.03914
470 471 0.000885063 0 0 0 0 0 0 0.000885063
471 472 0.0627895 0 -1.27803 0 0 0 0 -1.21524
469 473 0 0 0 0 0 -0.00770087 0 -0.00770087
472 473 0.000172501 0 0 0 0 0 0 0.000172501
470 474 0 0 0 0 0 -0.00015001 -0 -0.00015001
469 474 0 0 0 0 0 -6.91485e-05 -0 -6.91485e-05
473 474 0.044312 0 -1.02739 0 0 0 0 -0.983077
474 475 0.0934903 0 -0 0 0 0 0 0.0934903
475 476 0.0109439 0 0 0 0 0 0 0.0109439
476 477 0.000518265 0 -0.0182121 0 0 0 0 -0.0176938
477 478 0.110287 0 0 0 0 0 0 0.110287
478 479 0.158516 0 -0.971574 0 0 0 0 -0.813058
480 481 0.0421282 0 0 0 0 0 0 0.0421282
481 482 0.0198301 0 -1.27352 0 0 0 0 -1.25369
482 483 0.197632 0 -1.44205 0 0 0 0 -1.24442
483 484 0.036242 0 -1.04025 0 0 0 0 -1.00401
484 485 0.0210998 0 0 0 0 0 0 0.0210998
485 486 0.00986002 0 0 0 0 0 0 0.00986002
486 487 0.0459675 0 0 0 0 0 0 0.0459675
487 488 0.00121791 0 -1.37901 0 0 0 0 -1.37779
488 489 0.125294 0 -0.981291 0 0 0 0 -0.855997
489 490 0.0637771 0 -1.02103 0 0 0 0 -0.957254
490 491 0.0200177 0 -0 0 0 0 0 0.0200177
491 492 0.0023717 0 0 0 0 0 0 0.0023717
492 493 0.070895 0 -1.32726 0 0 0 0 -1.25636
493 494 0.130773 0 -0.921963 0 0 0 0 -0.79119
494 495 0.309454 0 -1.244 0 0 0 0 -0.934542
495 496 0.0816529 0 -1.27136 0 0 0 0 -1.1897
496 497 0.0061265 0 0 0 0 0 0 0.0061265
497 498 0.000112087 0 -1.22654 0 0 0 0 -1.22643
498 499 0.000869863 0 0 0 0 0 0 0.000869863
500 501 0.155535 0 -1.21681 0 0 0 0 -1.06128
501 502 3.686e-05 0 -1.41051 0 0 0 0 -1.41048
502 503 0.00577275 0 0 0 0 0 0 0.00577275
503 504 0.0540329 0 0 0 0 0 0 0.0540329
504 505 0.21005 0 -1.21196 0 0 0 0 -1.00191
505 506 0.00457664 0 0 0 0 0 0 0.00457664
506 507 0.11287 0 -1.07327 0 0 0 0 -0.960396
507 508 4.27036e-07 0 -0.737839 0 0 0 0 -0.737838
508 509 0.0656798 0 -1.25114 0 0 0 0 -1.18546
509 510 0.0730411 0 -0.740318 0 0 0 0 -0.667277
510 511 0.0527726 0 -1.25606 0 0 0 0 -1.20329
511 512 0.0852471 0 0 0 0 0 0 0.0852471
512 513 0.173809 0 -1.29731 0 0 0 0 -1.1235
513 514 0.0156875 0 0 0 0 0 0 0.0156875
514 515 0.540717 0 -1.43273 0 0 0 0 -0.892015
515 516 0.0119017 0 -0.922774 0 0 0 0 -0.910873
516 517 0.0401913 0 0 0 0 0 0 0.0401913
517 518 0.00862965 0 0 0 0 0 0 0.00862965
518 519 0.00714066 0 -0 0 0 0 0 0.00714066
520 521 0.0384006 0 -0.000210135 0 0 0 0 0.0381905
521 522 0.00567284 0 0 0 0 0 0 0.00567284
522 523 0.111064 0 0 0 0 0 0 0.111064
523 524 0.0612203 0 -1.32322 0 0 0 0 -1.262
524 525 0.0931615 0 0 0 0 0 0 0.0931615
525 526 0.00702227 0 -0.830907 0 0 0 0 -0.823885
526 527 0.000420334 0 -1.23211 0 0 0 0 -1.23169
527 528 0.0448265 0 0 0 0 0 0 0.0448265
528 529 0.0070158 0 0 0 0 0 0 0.0070158
529 530 0.000341681 0 -1.19069 0 0 0 0 -1.19034
530 531 0.00382163 0 0 0 0 0 0 0.00382163
531 532 0.0120245 0 0 0 0 0 0 0.0120245
532 533 0.00792255 0 0 0 0 0 0 0.00792255
533 534 0.00337249 0 -1.07553 0 0 0 0 -1.07215
534 535 0.0121242 0 -0.656893 0 0 0 0 -0.644769
535 536 0.0669463 0 -0.627368 0 0 0 0 -0.560421
536 537 0.356863 0 -1.02763 0 0 0 0 -0.670765
537 538 0.0018191 0 -1.21473 0 0 0 0 -1.21291
538 539 0.167832 0 -1.06871 0 0 0 0 -0.900883
540 541 0.0223167 0 0 0 0 0 0 0.0223167
541 542 0.0824053 0 0 0 0 0 0 0.0824053
542 543 0.0364373 0 -1.35999 0 0 0 0 -1.32355
543 544 0.0184129 0 0 0 0 0 0 0.0184129
544 545 0.0878607 0 0 0 0 0 0 0.0878607
545 546 0.0176508 0 -1.34485 0 0 0 0 -1.3272
546 547 0.0145377 0 -1.29632 0 0 0 0 -1.28178
547 548 0.0258205 0 -0.820814 0 0 0 0 -0.794993
548 549 0.0399262 0 -1.17414 0 0 0 0 -1.13421
549 550 0.000506394 0 0 0 0 0 0 0.000506394
550 551 0.00378604 0 -1.44491 0 0 0 0 -1.44112
551 552 0.0378993 0 -0.95124 0 0 0 0 -0.91334
552 553 2.23694e-05 0 0 0 0 0 0 2.23694e-05
553 554 0.000287465 0 -1.2624 0 0 0 0 -1.26212
554 555 0.0024606 0 0 0 0 0 0 0.0024606
555 556 0.00413381 0 0 0 0 0 0 0.00413381
556 557 0.000558755 0 0 0 0 0 0 0.000558755
557 558 0.0217125 0 0 0 0 0 0 0.0217125
558 559 0.0416407 0 -0 0 0 0 0 0.0416407
560 561 0.112577 0 0 0 0 0 0 0.112577
561 562 0.0193243 0 0 0 0 0 0 0.0193243
562 563 0.159393 0 0 0 0 0 0 0.159393
563 564 0.00501195 0 -0.948624 0 0 0 0 -0.943612
564 565 0.0541087 0 -0.907816 0 0 0 0 -0.853707
565 566 0.338567 0 0 0 0 0 0 0.338567
566 567 0.00131796 0 0 0 0 0 0 0.00131796
567 568 0.0650041 0 -1.10905 0 0 0 0 -1.04404
568 569 0.0248916 0 -0.953041 0 0 0 0 -0.92815
569 570 0.000391341 0 -0.970903 0 0 0 0 -0.970512
570 571 0.0382344 0 -0.522188 0 0 0 0 -0.483954
571 572 0.0100263 0 -0.731273 0 0 0 0 -0.721247
572 573 0.131068 0 0 0 0 0 0 0.131068
573 574 0.000197022 0 -0 0 0 0 0 0.000197022
574 575 5.37871e-05 0 0 0 0 0 0 5.37871e-05
575 576 0.000177764 0 -0.696624 0 0 0 0 -0.696447
576 577 0.000111256 0 -1.03687 0 0 0 0 -1.03676
577 578 0.00849299 0 -1.05328 0 0 0 0 -1.04479
578 579 0.00332479 0 0 0 0 0 0 0.00332479
580 581 0.209758 0 -1.34324 0 0 0 0 -1.13348
581 582 2.21165e-05 0 -1.34473 0 0 0 0 -1.34471
582 583 0.00415376 0 -1.17329 0 0 0 0 -1.16914
583 584 0.00443037 0 0 0 0 0 0 0.00443037
584 585 0.0243923 0 0 0 0 0 0 0.0243923
585 586 0.0121125 0 -1.31712 0 0 0 0 -1.305
586 587 0.221081 0 -0 0 0 0 0 0.221081
587 588 0.165175 0 -0 0 0 0 0 0.165175
588 589 0.240031 0 0 0 0 0 0 0.240031
589 590 0.0168121 0 -1.27062 0 0 0 0 -1.25381
588 591 0 0 0 0 0 0 -4.81797e-18 -4.81797e-18
590 591 0.0858975 0 -1.1904 0 0 0 0 -1.1045
587 592 0 0 0 0 -0.0581237 0 -0 -0.0581237
591 592 0.0401629 0 -0.702681 0 0 0 0 -0.662518
592 593 0.0327074 0 0 0 0 0 0 0.0327074
593 594 0.190242 0 -1.31706 0 0 0 0 -1.12681
594 595 0.00258895 0 -1.86669e-05 0 0 0 0 0.00257028
595 596 0.0251475 0 -1.45201 0 0 0 0 -1.42687
596 597 0.0170626 0 -1.22036 0 0 0 0 -1.2033
597 598 0.0064939 0 -0.973709 0 0 0 0 -0.967215
598 599 0.0316984 0 -0 0 0 0 0 0.0316984
600 601 0.00893507 0 -1.29163 0 0 0 0 -1.2827
601 602 0.14317 0 -1.32181 0 0 0 0 -1.17864
602 603 0.0366547 0 0 0 0 0 0 0.0366547
602 604 0 0 0 0.0468721 0 0 0 0.0468721
603 604 0.0201725 0 0 0 0 0 0 0.0201725
604 605 1.09668e-07 0 -1.35922 0 0 0 0 -1.35922
605 606 0.023599 0 0 0 0 0 0 0.023599
606 607 0.0140114 0 -0.525501 0 0 0 0 -0.51149
607 608 0.0633044 0 0 0 0 0 0 0.0633044
608 609 0.0267039 0 -1.25781 0 0 0 0 -1.23111
609 610 0.00717706 0 -1.34345 0 0 0 0 -1.33627
610 611 0.00585978 0 -1.1675 0 0 0 0 -1.16164
611 612 0.00068335 0 -1.25763 0 0 0 0 -1.25694
612 613 0.00915101 0 -0 0 0 0 0 0.00915101
613 614 0.00256457 0 -1.32442 0 0 0 0 -1.32186
614 615 0.185705 0 -1.36918 0 0 0 0 -1.18348
615 616 0.000252958 0 0 0 0 0 0 0.000252958
616 617 0.0105262 0 -0 0 0 0 0 0.0105262
617 618 0.00280521 0 -0.950174 0 0 0 0 -0.947369
618 619 0.127443 0 -0.87212 0 0 0 0 -0.744676
620 621 0.0167371 0 0 0 0 0 0 0.0167371
621 622 0.0189787 0 -0 0 0 0 0 0.0189787
622 623 0.182082 0 0 0 0 0 0 0.182082
623 624 0.000641421 0 -1.07237 0 0 0 0 -1.07173
624 625 0.220707 0 0 0 0 0 0 0.220707
625 626 2.63014e-05 0 -0.852064 0 0 0 0 -0.852038
626 627 0.0209914 0 -1.13509 0 0 0 0 -1.1141
627 628 0.0890196 0 0 0 0 0 0 0.0890196
628 629 0.00180179 0 0 0 0 0 0 0.00180179
629 630 0.0253287 0 -1.00617 0 0 0 0 -0.980839
630 631 0.00896805 0 0 0 0 0 0 0.00896805
631 632 0.0755123 0 -0 0 0 0 0 0.0755123
632 633 0.0137364 0 0 0 0 0 0 0.0137364
633 634 0.000823539 0 0 0 0 0 0 0.000823539
634 635 0.000817551 0 -1.29812 0 0 0 0 -1.2973
635 636 0.156082 0 -1.24718 0 0 0 0 -1.0911
636 637 0.0246941 0 0 0 0 0 0 0.0246941
637 638 0.303504 0 -1.35589 0 0 0 0 -1.05239
638 639 0.000760023 0 0 0 0 0 0 0.000760023
640 641 0.00537872 0 0 0 0 0 0 0.00537872
641 642 0.165849 0 0 0 0 0 0 0.165849
642 643 0.103305 0 -1.33521 0 0 0 0 -1.2319
643 644 0.0579414 0 0 0 0 0 0 0.0579414
644 645 0.0286148 0 -1.11894 0 0 0 0 -1.09032
645 646 0.0204281 0 0 0 0 0 0 0.0204281
646 647 0.0530042 0 -1.24122 0 0 0 0 -1.18821
647 648 0.0354172 0 -0.736324 0 0 0 0 -0.700907
648 649 0.00227308 0 -1.17025 0 0 0 0 -1.16797
649 650 0.00751583 0 -1.13847 0 0 0 0 -1.13095
649 651 0 0 0 0 0 -3.00018e-07 0 -3.00018e-07
650 651 0.0161871 0.0661781 -0.956099 0 0 0 0 -0.873734
651 652 0.0307758 0 0 0 0 0 0 0.0307758
652 653 0.0168891 0 -1.22468 0 0 0 0 -1.20779
653 654 0.00379973 0 -1.19967 0 0 0 0 -1.19587
654 655 0.0118957 0 -1.32648 0 0 0 0 -1.31459
655 656 0.0138174 0 0 0 0 0 0 0.0138174
656 657 0.024875 0 -1.31145 0 0 0 0 -1.28657
657 658 0.0120214 0 -1.07214 0 0 0 0 -1.06012
658 659 0.00539261 0 0 0 0 0 0 0.00539261
660 661 2.60879e-07 0 -1.27412 0 0 0 0 -1.27412
661 662 0.00898014 0 0 0 0 0 0 0.00898014
662 663 0.00976209 0 -1.42924 0 0 0 0 -1.41947
663 664 0.0302194 0 -1.27143 0 0 0 0 -1.24121
664 665 0.0258187 0 -1.24362 0 0 0 0 -1.2178
665 666 0.0581912 0 -0.734392 0 0 0 0 -0.676201
666 667 0.197538 0 -0.939922 0 0 0 0 -0.742385
667 668 0.371421 0 -0.880439 0 0 0 0 -0.509018
668 669 0.0700096 0 -1.30501 0 0 0 0 -1.23501
669 670 0.0181594 0 0 0 0 0 0 0.0181594
670 671 0.000278706 0 -1.15786 0 0 0 0 -1.15758
671 672 5.23562e-05 0 0 0 0 0 0 5.23562e-05
672 673 0.00235351 0 0 0 0 0 0 0.00235351
673 674 1.58243e-05 0 0 0 0 0 0 1.58243e-05
674 675 0.156239 0 -0 0 0 0 0 0.156239
675 676 0.0166639 0 -1.396 0 0 0 0 -1.37934
674 677 0 0 0 0 0 -0.0380411 0 -0.0380411
676 677 0.12887 0 -1.29946 0 0 0 0 -1.17059
677 678 0.077232 0 -1.1505 0 0 0 0 -1.07326
678 679 0.00965043 0 -1.23925 0 0 0 0 -1.2296
680 681 0.00192996 0 -0.894605 0 0 0 0 -0.892675
681 682 0.00909697 0 0 0 0 0 0 0.00909697
682 683 0.139247 0 -1.45243 0 0 0 0 -1.31318
683 684 0.0100899 0 -1.31302 0 0 0 0 -1.30293
684 685 0.0444808 0 -1.36684 0 0 0 0 -1.32236
685 686 0.00810918 0 -0.853721 0 0 0 0 -0.845612
686 687 0.0588878 0 -1.37758 0 0 0 0 -1.3187
687 688 0.0135904 0 -0.998466 0 0 0 0 -0.984876
688 689 0.000217872 0 0 0 0 0 0 0.000217872
689 690 0.00711569 0 -1.33854 0 0 0 0 -1.33142
690 691 0.0344712 0 -1.04523 0 0 0 0 -1.01076
691 692 0.015369 0 0 0 0 0 0 0.015369
692 693 0.173241 0 -1.08162 0 0 0 0 -0.908383
693 694 0.000639767 0 -0.175959 0 0 0 0 -0.17532
694 695 0.0214403 0 0 0 0 0 0 0.0214403
695 696 0.000278522 0 -1.2424 0 0 0 0 -1.24212
696 697 0.0198806 0 0 0 0 0 0 0.0198806
697 698 0.149937 0 0 0 0 0 0 0.149937
698 699 0.0277977 0 -0.731351 0 0 0 0 -0.703553
700 701 0.00372546 0 -1.07781 0 0 0 0 -1.07409
701 702 0.0260241 0 -1.2304 0 0 0 0 -1.20438
702 703 0.0622736 0 -0.89716 0 0 0 0 -0.834887
703 704 0.00546957 0 -1.2068 0 0 0 0 -1.20133
704 705 0.000225598 0 -1.05583 0 0 0 0 -1.05561
705 706 0.140637 0 -1.23845 0 0 0 0 -1.09781
706 707 0.0984522 0 -1.21777 0 0 0 0 -1.11932
707 708 0.0245728 0 -1.33618 0 0 0 0 -1.31161
708 709 0.234929 0 -1.38928 0 0 0 0 -1.15435
709 710 0.322441 0 -1.21282 0 0 0 0 -0.890377
707 711 0 0 0 0 0 -0.00972629 -0 -0.00972629
710 711 0.0171942 0 -0 0 0 0 0 0.0171942
708 712 0 0 0 0 -0 -0.0963447 -0 -0.0963447
706 712 0 0 0 0 0 -0.198531 0 -0.198531
711 712 0.037488 0 -1.37216 0 0 0 0 -1.33467
707 713 0 0 0 0 0 -0.06581 0 -0.06581
706 713 0 0 0 0 -0.641344 -1.2779e-18 -0 -0.641344
705 713 0 0 0 0 0 -0.113311 0 -0.113311
712 713 0.0292301 0 -1.28079 0 0 0 0 -1.25156
706 714 0 0 0 0 0 -0.13087 0 -0.13087
705 714 0 0 0 0 -0.794265 0 -0 -0.794265
704 714 0 0 0 0 0 -0.102608 0 -0.102608
713 714 0.120612 0 -1.11348 0 0 0 0 -0.992866
705 715 0 0 0 0 0 -0.137191 0 -0.137191
704 715 0 0 0 0 -0.625667 0 -0 -0.625667
703 715 0 0 0 0 0 -0.146101 -0 -0.146101
714 715 0.0377073 0 -1.36755 0 0 0 0 -1.32984
704 716 0 0 0 0 0 -0.0132845 0 -0.0132845
703 716 0 0 0 0 -0.637424 0 -0 -0.637424
702 716 0 0 0 0 0 -0.167024 0 -0.167024
715 716 0.0284843 0 -1.03122 0 0 0 0 -1.00273
703 717 0 0 0 0 0 -0.0233963 -0 -0.0233963
702 717 0 0 0 0 -0.70962 0 -0 -0.70962
701 717 0 0 0 0 -0 -0.0753551 -0 -0.0753551
716 717 0.0501628 0 -1.32198 0 0 0 0 -1.27182
717 718 0.00109911 0 0 0 0 0 0 0.00109911
718 719 0.00251775 0 -1.32499 0 0 0 0 -1.32247
720 721 0.0114578 0 0 0 0 0 0 0.0114578
721 722 0.0401546 0 0 0 0 0 0 0.0401546
722 723 0.146218 0 0 0 0 0 0 0.146218
723 724 0.0199052 0 -0.683271 0 0 0 0 -0.663366
724 725 0.107346 0 -1.24759 0 0 0 0 -1.14025
725 726 0.00321983 0 0 0 0 0 0 0.00321983
726 727 0.00875586 0 -0 0 0 0 0 0.00875586
727 728 0.0286616 0 -1.3746 0 0 0 0 -1.34594
728 729 0.00979799 0 -1.21881 0 0 0 0 -1.20901
729 730 0.0537191 0 0 0 0 0 0 0.0537191
730 731 0.0101533 0 -0.726707 0 0 0 0 -0.716554
731 732 0.0183629 0 0 0 0 0 0 0.0183629
732 733 0.0375773 0 -1.34959 0 0 0 0 -1.31201
733 734 0.00249296 0 -1.39878 0 0 0 0 -1.39628
734 735 0.0082159 0 -0.919341 0 0 0 0 -0.911125
735 736 0.0180906 0 0 0 0 0 0 0.0180906
736 737 0.0104992 0 -0.968316 0 0 0 0 -0.957817
737 738 0.218518 0 -1.18056 0 0 0 0 -0.96204
738 739 0.0369219 0 -0.464888 0 0 0 0 -0.427966
740 741 0.139311 0 0 0 0 0 0 0.139311
741 742 0.0551964 0 0 0 0 0 0 0.0551964
742 743 0.042916 0 0 0 0 0 0 0.042916
743 744 0.046084 0 -1.23249 0 0 0 0 -1.18641
744 745 0.00671415 0 0 0 0 0 0 0.00671415
745 746 0.0125923 0 0 0 0 0 0 0.0125923
746 747 0.000175462 0 -1.23902 0 0 0 0 -1.23885
747 748 0.00210331 0 -1.43264 0 0 0 0 -1.43054
748 749 0.0773158 0 0 0 0 0 0 0.0773158
749 750 0.0635452 0 0 0 0 0 0 0.0635452
750 751 0.0206493 0 -0.00240331 0 0 0 0 0.018246
751 752 0.0293972 0 -0.306506 0 0 0 0 -0.277109
752 753 0.00547716 0 0 0 0 0 0 0.00547716
753 754 0.0234388 0 0 0 0 0 0 0.0234388
754 755 0.161383 0 -1.13013 0 0 0 0 -0.968745
755 756 0.0827967 0 -1.22218 0 0 0 0 -1.13938
756 757 0.00623757 0 -1.15116 0 0 0 0 -1.14492
757 758 0.120009 0 0 0 0 0 0 0.120009
758 759 0.0762087 0 0 0 0 0 0 0.0762087
760 761 0.0017473 0 0 0 0 0 0 0.0017473
761 762 0.00444723 0 -1.08536 0 0 0 0 -1.08091
762 763 0.00813962 0 0 0 0 0 0 0.00813962
763 764 0.00124104 0 -1.37113 0 0 0 0 -1.36989
764 765 0.000351338 0 -1.21052 0 0 0 0 -1.21016
765 766 8.22995e-05 0 -1.31756 0 0 0 0 -1.31748
766 767 0.322021 0 -1.29092 0 0 0 0 -0.968899
767 768 0.0038035 0 -1.45436 0 0 0 0 -1.45055
768 769 0.0561114 0 -1.37863 0 0 0 0 -1.32252
769 770 0.0331095 0 -1.31476 0 0 0 0 -1.28165
770 771 0.0582706 0 -1.14402 0 0 0 0 -1.08575
771 772 0.0137461 0 -1.2121 0 0 0 0 -1.19836
772 773 0.0365348 0 -1.25622 0 0 0 0 -1.21969
773 774 0.000460314 0 -1.43052 0 0 0 0 -1.43006
774 775 0.000716895 0 -1.14321 0 0 0 0 -1.14249
775 776 0.0588757 0 -1.19672 0 0 0 0 -1.13784
776 777 0.101216 0 0 0 0 0 0 0.101216
777 778 0.246546 0 0 0 0 0 0 0.246546
778 779 0.0078048 0 0 0 0 0 0 0.0078048
780 781 0.0973821 0 -1.32255 0 0 0 0 -1.22517
781 782 0.0556086 0 -1.26107 0 0 0 0 -1.20546
782 783 0.0273365 0 -1.20081 0 0 0 0 -1.17347
783 784 0.0140297 0 -1.12664 0 0 0 0 -1.11261
784 785 0.00100165 0 -1.25254 0 0 0 0 -1.25154
785 786 0.0450362 0 -1.28647 0 0 0 0 -1.24144
786 787 0.0339795 0 0 0 0 0 0 0.0339795
787 788 0.0171394 0 -0 0 0 0 0 0.0171394
787 789 0 0 0 0.0371633 0 0 0 0.0371633
785 789 0 0 0 0.166788 0 0 0 0.166788
788 789 0.185922 0 0 0 0 0 0 0.185922
789 790 0.0429664 0 -1.3724 0 0 0 0 -1.32943
790 791 0.089169 0 0 0 0 0 0 0.089169
786 792 0 0 0 0 0 -0.0263195 -0 -0.0263195
791 792 0.018097 0 -1.146 0 0 0 0 -1.1279
786 793 0 0 0 0 -0.664614 0 -0 -0.664614
785 793 0 0 0 0 0 -0.14409 0 -0.14409
792 793 0.0698959 0 -1.04312 0 0 0 0 -0.973219
786 794 0 0 0 0 0 -0.121903 0 -0.121903
785 794 0 0 0 0 -0.599556 0 -0 -0.599556
784 794 0 0 0 0 0 -0.0711645 -0 -0.0711645
793 794 0.00746881 0 -0.921262 0 0 0 0 -0.913793
785 795 0 0 0 0 0 -0.128593 -0 -0.128593
784 795 0 0 0 0 -0.495482 0 -0 -0.495482
783 795 0 0 0 0 0 -0.134345 -0 -0.134345
794 795 0.0530184 0 -1.35009 0 0 0 0 -1.29708
784 796 0 0 0 0 0 -0.103469 -0 -0.103469
783 796 0 0 0 0 -0.823951 0 -0 -0.823951
782 796 0 0 0 0 0 -0.131064 0 -0.131064
795 796 0.00442737 0 -1.13685 0 0 0 0 -1.13242
783 797 0 0 0 0 0 -0.182576 0 -0.182576
782 797 0 0 0 0 -0.501413 0 -0 -0.501413
781 797 0 0 0 0 -0 -0.0829675 -0 -0.0829675
796 797 0.0351814 0 -1.39837 0 0 0 0 -1.36318
782 798 0 0 0 0 -0 -0.111792 -0 -0.111792
781 798 0 0 0 0 -0.626955 0 -0 -0.626955
780 798 0 0 0 0 0 -0.191916 0 -0.191916
797 798 0.00802115 0 -0.902625 0 0 0 0 -0.894604
781 799 0 0 0 0 0 -0.162505 0 -0.162505
780 799 0 0 0 0 -0.282772 -0.00028122 -0 -0.283053
798 799 0.000888153 0 -1.10075 0 0 0 0 -1.09987
#Total energy per particle is  -0.588574 and should be -0.58857410
