#id1 id2 FENE BEXC STCK NEXC HB CRSTCK CXSTCK total, t = 200000
0 1 0.0149311 0 0 0 0 0 0 0.0149311
1 2 0.00197347 0 -1.13744 0 0 0 0 -1.13547
2 3 0.0298431 0 0 0 0 0 0 0.0298431
3 4 0.00852136 0 -1.18267 0 0 0 0 -1.17415
4 5 0.111274 0 0 0 0 0 0 0.111274
5 6 0.00841669 0 0 0 0 0 0 0.00841669
6 7 0.0301632 0 0 0 0 0 0 0.0301632
7 8 0.0116377 0 -0.881255 0 0 0 0 -0.869618
8 9 0.00243753 0 -0.795083 0 0 0 0 -0.792645
9 10 0.000436803 0 0 0 0 0 0 0.000436803
10 11 0.196086 0 0 0 0 0 0 0.196086
11 12 0.216406 0 0 0 0 0 0 0.216406
12 13 0.0557881 0 0 0 0 0 0 0.0557881
13 14 0.00122147 0 -0.635365 0 0 0 0 -0.634144
14 15 0.0319388 0 -0.990875 0 0 0 0 -0.958936
15 16 0.0310246 0 -0.938274 0 0 0 0 -0.90725
16 17 0.00218009 0 -0 0 0 0 0 0.00218009
17 18 0.000641691 0 0 0 0 0 0 0.000641691
18 19 0.0305203 0 0 0 0 0 0 0.0305203
20 21 0.02089 0 0 0 0 0 0 0.02089
21 22 0.0410012 0 0 0 0 0 0 0.0410012
22 23 0.118629 0 0 0 0 0 0 0.118629
23 24 0.00136788 0 -1.08873 0 0 0 0 -1.08736
24 25 0.018076 0 -0.637339 0 0 0 0 -0.619263
25 26 0.105211 0 -1.06639 0 0 0 0 -0.961177
26 27 8.33893e-05 0 0 0 0 0 0 8.33893e-05
27 28 8.55529e-06 0 -1.12309 0 0 0 0 -1.12308
28 29 0.0272098 0 -1.23325 0 0 0 0 -1.20604
29 30 0.031703 0 0 0 0 0 0 0.031703
30 31 0.0610124 0 -1.13613 0 0 0 0 -1.07512
31 32 0.0211921 0 -1.08234 0 0 0 0 -1.06115
32 33 0.28369 0 0 0 0 0 0 0.28369
33 34 0.00782909 0 0 0 0 0 0 0.00782909
34 35 0.0259201 0 -1.06878 0 0 0 0 -1.04286
35 36 0.0557222 0 -1.39844 0 0 0 0 -1.34272
36 37 0.0213702 0 0 0 0 0 0 0.0213702
37 38 0.0157501 0 -1.11722 0 0 0 0 -1.10147
38 39 0.140131 0 0 0 0 0 0 0.140131
40 41 0.0694227 0 -0 0 0 0 0 0.0694227
41 42 0.0160453 0 -0.839145 0 0 0 0 -0.8231
42 43 0.0156219 0 -1.12114 0 0 0 0 -1.10552
43 44 0.000478677 0 -1.13726 0 0 0 0 -1.13678
44 45 0.0187161 0 -1.2942 0 0 0 0 -1.27549
45 46 0.00229652 0 -1.14956 0 0 0 0 -1.14726
46 47 0.00580452 0 -1.07789 0 0 0 0 -1.07208
47 48 0.187952 0 -1.33133 0 0 0 0 -1.14338
48 49 0.24906 0 -0.79732 0 0 0 0 -0.54826
49 50 0.0196306 0 -1.31114 0 0 0 0 -1.29151
50 51 0.153322 0 -0 0 0 0 0 0.153322
51 52 0.090528 0 0 0 0 0 0 0.090528
46 53 0 0 0 0 0 -0.0711092 -0 -0.0711092
52 53 0.0408495 0 -0.658961 0 0 0 0 -0.618111
47 54 0 0 0 0 0 -9.42783e-05 0 -9.42783e-05
45 54 0 0 0 0 0 -0.0752256 0 -0.0752256
53 54 0.00921854 0 -1.01484 0 0 0 0 -1.00562
46 55 0 0 0 0 -0 -0.169908 0 -0.169908
45 55 0 0 0 0 -0.643014 0 -0 -0.643014
44 55 0 0 0 0 0 -0.142575 0 -0.142575
54 55 0.140549 0 -1.25698 0 0 0 0 -1.11643
45 56 0 0 0 0 0 -0.131096 0 -0.131096
44 56 0 0 0 0 -0.826898 0 -0 -0.826898
43 56 0 0 0 0 -4.14748e-29 -0.18135 0 -0.18135
55 56 0.0274868 0 -1.14502 0 0 0 0 -1.11753
44 57 0 0 0 0 -0 -0.0989608 0 -0.0989608
43 57 0 0 0 0 -0.450742 -1.07297e-05 -0 -0.450753
42 57 0 0 0 0 -0 -0.179244 0 -0.179244
56 57 0.0396597 0 -1.2138 0 0 0 0 -1.17414
57 58 0.0330476 0 0 0 0 0 0 0.0330476
58 59 0.000231808 0 -0.8477 0 0 0 0 -0.847468
60 61 0.0311681 0 -1.05009 0 0 0 0 -1.01893
61 62 0.146595 0 -1.34748 0 0 0 0 -1.20088
62 63 0.0196962 0 -0 0 0 0 0 0.0196962
63 64 0.00329352 0 -0.23918 0 0 0 0 -0.235886
64 65 0.0607758 0 -1.31683 0 0 0 0 -1.25605
65 66 0.0019257 0 0 0 0 0 0 0.0019257
66 67 0.00624506 0 -1.18494 0 0 0 0 -1.17869
67 68 0.00100348 0 0 0 0 0 0 0.00100348
68 69 0.131175 0 -1.33398 0 0 0 0 -1.2028
69 70 0.0936289 0 -1.32022 0 0 0 0 -1.22659
70 71 0.000999888 0 -0 0 0 0 0 0.000999888
71 72 0.0304922 0 0 0 0 0 0 0.0304922
72 73 0.179954 0 -1.30669 0 0 0 0 -1.12674
73 74 0.00559941 0 0 0 0 0 0 0.00559941
74 75 0.0252464 0 -0 0 0 0 0 0.0252464
75 76 0.036498 0 -1.35228 0 0 0 0 -1.31578
76 77 0.0353488 0 0 0 0 0 0 0.0353488
77 78 0.00216963 0 -1.20168 0 0 0 0 -1.19951
78 79 0.0331113 0 0 0 0 0 0 0.0331113
80 81 0.00607055 0 0 0 0 0 0 0.00607055
81 82 0.00239181 0 -0 0 0 0 0 0.00239181
82 83 0.0523792 0 0 0 0 0 0 0.0523792
83 84 0.0329387 0 -0.990662 0 0 0 0 -0.957723
84 85 0.0232504 0 -1.26785 0 0 0 0 -1.2446
85 86 0.0525237 0 0 0 0 0 0 0.0525237
86 87 0.175464 0 -0.82491 0 0 0 0 -0.649446
87 88 0.000867031 0 -1.09583 0 0 0 0 -1.09496
88 89 0.000599048 0 -1.18262 0 0 0 0 -1.18202
89 90 0.055457 0 0 0 0 0 0 0.055457
90 91 9.54011e-05 0 0 0 0 0 0 9.54011e-05
91 92 0.0725783 0 -0.684054 0 0 0 0 -0.611475
92 93 0.284325 0 0 0 0 0 0 0.284325
93 94 0.0847087 0 -1.44418 0 0 0 0 -1.35947
94 95 0.0057716 0 0 0 0 0 0 0.0057716
95 96 0.00246616 0 0 0 0 0 0 0.00246616
96 97 0.00682359 0 -0.775409 0 0 0 0 -0.768585
97 98 0.169909 0 -0.858374 0 0 0 0 -0.688466
98 99 0.20045 0 -1.22432 0 0 0 0 -1.02387
100 101 0.00162912 0 -1.29281 0 0 0 0 -1.29118
101 102 0.0698552 0 0 0 0 0 0 0.0698552
102 103 0.122164 0 -1.23293 0 0 0 0 -1.11076
103 104 0.0856679 0 -1.08469 0 0 0 0 -0.999027
104 105 0.0844496 0 -0.931208 0 0 0 0 -0.846759
105 106 0.00121187 0 0 0 0 0 0 0.00121187
106 107 0.0188157 0 -1.3791 0 0 0 0 -1.36028
107 108 0.0113847 0 -0.849006 0 0 0 0 -0.837621
108 109 0.0115086 0 -0.491765 0 0 0 0 -0.480257
109 110 0.12821 0 0 0 0 0 0 0.12821
110 111 0.00234073 0 0 0 0 0 0 0.00234073
111 112 0.0112848 0 -0.598588 0 0 0 0 -0.587304
112 113 0.0157431 0 -1.35882 0 0 0 0 -1.34308
113 114 0.0432936 0 -1.34078 0 0 0 0 -1.29748
114 115 0.053716 0 0 0 0 0 0 0.053716
115 116 4.44829e-05 0 -0 0 0 0 0 4.44829e-05
116 117 0.031643 0 0 0 0 0 0 0.031643
117 118 0.0581595 0 0 0 0 0 0 0.0581595
118 119 2.04653e-07 0 -1.23684 0 0 0 0 -1.23684
120 121 0.0177769 0 0 0 0 0 0 0.0177769
121 122 0.0727089 0 0 0 0 0 0 0.0727089
122 123 0.0252226 0 0 0 0 0 0 0.0252226
123 124 0.0473426 0 -1.27891 0 0 0 0 -1.23157
124 125 0.0522466 0 -0.6697 0 0 0 0 -0.617454
125 126 6.79247e-05 0 -1.3595 0 0 0 0 -1.35943
126 127 0.00166582 0 0 0 0 0 0 0.00166582
127 128 0.0392578 0 0 0 0 0 0 0.0392578
128 129 0.0647989 0 -1.22758 0 0 0 0 -1.16278
129 130 0.183239 0 -1.25604 0 0 0 0 -1.0728
130 131 0.00940653 0 -0.659711 0 0 0 0 -0.650304
131 132 0.0483837 0 -1.10077 0 0 0 0 -1.05239
132 133 0.0296823 0 0 0 0 0 0 0.0296823
133 134 0.0845547 0 0 0 0 0 0 0.0845547
134 135 0.0130585 0 -1.19984 0 0 0 0 -1.18678
135 136 0.0334905 0 -1.20712 0 0 0 0 -1.17363
136 137 0.00573009 0 -1.003 0 0 0 0 -0.997274
137 138 0.0562033 0 -1.23448 0 0 0 0 -1.17828
138 139 0.125397 0 0 0 0 0 0 0.125397
140 141 0.0527051 0 -1.28963 0 0 0 0 -1.23693
141 142 0.000484756 0 -1.15084 0 0 0 0 -1.15036
142 143 0.0273731 0 0 0 0 0 0 0.0273731
143 144 0.315391 0 -1.35983 0 0 0 0 -1.04444
144 145 0.0237269 0 -0.943576 0 0 0 0 -0.919849
145 146 0.00534081 0 -1.18562 0 0 0 0 -1.18028
146 147 0.0848481 0 -0.257736 0 0 0 0 -0.172888
147 148 0.0129469 0 -1.26164 0 0 0 0 -1.24869
148 149 0.00614481 0 -1.2831 0 0 0 0 -1.27696
149 150 0.00729904 0 -0 0 0 0 0 0.00729904
150 151 0.0705586 0 0 0 0 0 0 0.0705586
151 152 0.0436104 0 0 0 0 0 0 0.0436104
152 153 0.0285694 0 -1.0589 0 0 0 0 -1.03033
153 154 0.0051414 0 0 0 0 0 0 0.0051414
154 155 0.010088 0 -1.38107 0 0 0 0 -1.37098
155 156 0.0533471 0 0 0 0 0 0 0.0533471
156 157 0.0400441 0 -1.34007 0 0 0 0 -1.30002
157 158 0.0138088 0 0 0 0 0 0 0.0138088
158 159 0.150618 0 0 0 0 0 0 0.150618
160 161 0.000300675 0 -0 0 0 0 0 0.000300675
161 162 0.000321389 0 0 0 0 0 0 0.000321389
162 163 0.0162571 0 -0 0 0 0 0 0.0162571
163 164 0.0082157 0 -1.0743 0 0 0 0 -1.06608
164 165 0.000406768 0 -0.987555 0 0 0 0 -0.987148
165 166 0.0158853 0 -0.969515 0 0 0 0 -0.953629
166 167 0.017537 0 -1.22725 0 0 0 0 -1.20972
167 168 0.107782 0 0 0 0 0 0 0.107782
168 169 0.116769 0 -1.11542 0 0 0 0 -0.998651
169 170 0.0328788 0 -1.26792 0 0 0 0 -1.23504
170 171 0.010044 0 0 0 0 0 0 0.010044
171 172 0.00561599 0 0 0 0 0 0 0.00561599
172 173 0.00215532 0 0 0 0 0 0 0.00215532
173 174 0.292353 0 -1.09264 0 0 0 0 -0.800285
174 175 0.0175451 0 -0.919071 0 0 0 0 -0.901526
175 176 0.206545 0 0 0 0 0 0 0.206545
176 177 0.00950443 0 0 0 0 0 0 0.00950443
177 178 0.0299253 0 -0 0 0 0 0 0.0299253
178 179 0.0100338 0 -0.997461 0 0 0 0 -0.987427
180 181 0.0337438 0 -0.907958 0 0 0 0 -0.874215
181 182 0.0311937 0 -1.22001 0 0 0 0 -1.18881
182 183 0.370892 0 -1.35853 0 0 0 0 -0.987633
183 184 0.0729355 0 0 0 0 0 0 0.0729355
184 185 0.00193154 0 -0.751696 0 0 0 0 -0.749765
185 186 0.0208743 0 -1.2051 0 0 0 0 -1.18423
186 187 0.00132059 0 -1.41944 0 0 0 0 -1.41812
187 188 0.0458064 0 0 0 0 0 0 0.0458064
188 189 0.017416 0 -0.980931 0 0 0 0 -0.963515
189 190 0.00390985 0 0 0 0 0 0 0.00390985
190 191 7.30028e-05 0 -0 0 0 0 0 7.30028e-05
191 192 0.0217326 0 -1.3251 0 0 0 0 -1.30337
192 193 0.0474692 0 0 0 0 0 0 0.0474692
193 194 0.000255233 0 0 0 0 0 0 0.000255233
194 195 0.000234774 0 -0.984739 0 0 0 0 -0.984504
195 196 0.0181473 0 0 0 0 0 0 0.0181473
196 197 0.235084 0 -1.15707 0 0 0 0 -0.92199
197 198 0.000940834 0 -1.13665 0 0 0 0 -1.13571
198 199 0.00285063 0 -1.16584 0 0 0 0 -1.16299
200 201 0.129888 0 0 0 0 0 0 0.129888
201 202 0.0466021 0 -0.480208 0 0 0 0 -0.433606
202 203 0.00433919 0 -0.702274 0 0 0 0 -0.697935
203 204 0.0553241 0 -1.17701 0 0 0 0 -1.12168
204 205 0.00125384 0 -1.08371 0 0 0 0 -1.08246
205 206 0.00243306 0 -1.04947 0 0 0 0 -1.04704
206 207 0.0608127 0 -0.36268 0 0 0 0 -0.301868
207 208 0.000717434 0 -1.03348 0 0 0 0 -1.03276
208 209 0.000234873 0 -0.995876 0 0 0 0 -0.995641
209 210 0.00800849 0 -0.587803 0 0 0 0 -0.579795
210 211 0.169144 0 -0 0 0 0 0 0.169144
211 212 0.00452432 0 -1.08366 0 0 0 0 -1.07913
212 213 0.112474 0 -1.27291 0 0 0 0 -1.16043
213 214 0.0460648 0 -1.25317 0 0 0 0 -1.2071
214 215 0.00546035 0 -0.922443 0 0 0 0 -0.916983
215 216 0.160547 0 -1.21337 0 0 0 0 -1.05283
216 217 0.00291145 0 -1.17287 0 0 0 0 -1.16996
217 218 0.00191555 0 0 0 0 0 0 0.00191555
218 219 0.0230516 0 -0 0 0 0 0 0.0230516
220 221 0.0400574 0 0 0 0 0 0 0.0400574
221 222 0.0628506 0 -1.33743 0 0 0 0 -1.27457
222 223 0.0912513 0 -1.37572 0 0 0 0 -1.28447
223 224 0.0107456 0 0 0 0 0 0 0.0107456
224 225 0.00255118 0 -0 0 0 0 0 0.00255118
225 226 0.00833659 0 0 0 0 0 0 0.00833659
226 227 0.0222128 0 -0.816766 0 0 0 0 -0.794554
227 228 0.031243 0 -1.20315 0 0 0 0 -1.17191
228 229 0.136776 0 -0.768396 0 0 0 0 -0.63162
229 230 1.04368e-06 0 -0 0 0 0 0 1.04368e-06
230 231 0.244302 0 0 0 0 0 0 0.244302
231 232 0.00235053 0 -1.17667 0 0 0 0 -1.17432
232 233 0.00292294 0 -1.30463 0 0 0 0 -1.30171
233 234 0.0253542 0 -1.35297 0 0 0 0 -1.32762
234 235 0.00564513 0 -1.13029 0 0 0 0 -1.12465
235 236 0.0591584 0 -1.30616 0 0 0 0 -1.247
236 237 0.0517661 0 -0.893589 0 0 0 0 -0.841823
237 238 0.00154191 0 -1.40162 0 0 0 0 -1.40008
238 239 0.350504 0 -0.983574 0 0 0 0 -0.63307
240 241 0.00556245 0 0 0 0 0 0 0.00556245
241 242 0.0676844 0 -1.09743 0 0 0 0 -1.02975
242 243 4.89762e-07 0 -1.35606 0 0 0 0 -1.35606
243 244 0.00148829 0 -1.03657 0 0 0 0 -1.03508
244 245 0.0195866 0 0 0 0 0 0 0.0195866
245 246 0.0940586 0 0 0 0 0 0 0.0940586
246 247 7.87638e-05 0 0 0 0 0 0 7.87638e-05
247 248 0.0368792 0 -1.12132 0 0 0 0 -1.08444
248 249 0.082931 0 -0.86876 0 0 0 0 -0.785829
249 250 0.00320708 0 -1.02564 0 0 0 0 -1.02244
250 251 0.00966851 0 -1.24856 0 0 0 0 -1.23889
251 252 0.0846706 0 0 0 0 0 0 0.0846706
252 253 0.00855544 0 0 0 0 0 0 0.00855544
253 254 0.101495 0 0 0 0 0 0 0.101495
254 255 0.00064052 0 -1.00088 0 0 0 0 -1.00024
255 256 0.00180798 0 -1.43205 0 0 0 0 -1.43024
256 257 3.9658e-05 0 -1.1885 0 0 0 0 -1.18846
257 258 0.00952971 0 0 0 0 0 0 0.00952971
258 259 0.102072 0 0 0 0 0 0 0.102072
260 261 0.0168476 0 0 0 0 0 0 0.0168476
261 262 0.103347 0 0 0 0 0 0 0.103347
262 263 0.00607354 0 -0.845892 0 0 0 0 -0.839818
263 264 0.0578971 0 -1.18262 0 0 0 0 -1.12472
264 265 0.0046563 0 -0 0 0 0 0 0.0046563
265 266 0.0454229 0 -1.14776 0 0 0 0 -1.10233
266 267 0.0104661 0 0 0 0 0 0 0.0104661
267 268 0.000535786 0 0 0 0 0 0 0.000535786
268 269 0.147601 0 -1.13872 0 0 0 0 -0.991121
269 270 0.245819 0 -1.24071 0 0 0 0 -0.994896
270 271 0.0155267 0 -1.21126 0 0 0 0 -1.19573
271 272 0.009744 0 -1.12877 0 0 0 0 -1.11902
272 273 0.00454148 0 -1.23622 0 0 0 0 -1.23168
273 274 0.0959739 0.0647569 -0 0 0 0 0 0.160731
274 275 0.0475843 0 -1.11534 0 0 0 0 -1.06775
273 276 0 0 0 0 -0 -0.0100144 0 -0.0100144
275 276 0.0769039 0 -0.898138 0 0 0 0 -0.821234
275 277 0 0 0 0 0 -4.03687e-06 0 -4.03687e-06
276 277 0.0134625 0 -1.16091 0 0 0 0 -1.14744
277 278 0.030541 0 0 0 0 0 0 0.030541
278 279 0.00122821 0 -0.787294 0 0 0 0 -0.786066
280 281 0.00870994 0 -0.51918 0 0 0 0 -0.51047
281 282 0.0660963 0 -1.42021 0 0 0 0 -1.35411
282 283 0.107149 0 -1.40702 0 0 0 0 -1.29988
283 284 0.161543 0 -1.16684 0 0 0 0 -1.0053
284 285 6.46533e-05 0 0 0 0 0 0 6.46533e-05
285 286 0.122687 0 -1.14312 0 0 0 0 -1.02043
286 287 0.004965 0 -1.10969 0 0 0 0 -1.10472
287 288 0.124536 0 -1.19592 0 0 0 0 -1.07139
288 289 0.0439871 0 -1.17256 0 0 0 0 -1.12857
289 290 0.0305509 0 -0 0 0 0 0 0.0305509
290 291 0.0101093 0 0 0 0 0 0 0.0101093
291 292 0.0652982 0 -0 0 0 0 0 0.0652982
290 293 0 0 0 0.0335372 0 0 -0 0.0335372
292 293 0.100775 0 -1.36001 0 0 0 0 -1.25923
293 294 0.025396 0 0 0 0 0 0 0.025396
294 295 0.0559074 0 -1.23745 0 0 0 0 -1.18154
295 296 0.00248466 0 0 0 0 0 0 0.00248466
296 297 0.000303565 0 -1.09206 0 0 0 0 -1.09175
297 298 0.0155624 0 -0.115591 0 0 0 0 -0.100029
298 299 0.0607655 0 -0.879341 0 0 0 0 -0.818576
300 301 0.0131112 0 -0 0 0 0 0 0.0131112
301 302 0.000556247 0 0 0 0 0 0 0.000556247
302 303 0.00137148 0 -0 0 0 0 0 0.00137148
303 304 0.0101272 0 -0.454226 0 0 0 0 -0.444099
304 305 0.206948 0 -1.16875 0 0 0 0 -0.961806
305 306 0.115197 0 -1.38233 0 0 0 0 -1.26713
306 307 0.000581694 0 -0.911878 0 0 0 0 -0.911297
307 308 0.150897 0 -1.24813 0 0 0 0 -1.09723
308 309 0.000346347 0 0 0 0 0 0 0.000346347
309 310 0.00974681 0 0 0 0 0 0 0.00974681
310 311 0.0783974 0 -1.15149 0 0 0 0 -1.0731
311 312 0.0456779 0 -0 0 0 0 0 0.0456779
312 313 0.00162487 0 -1.4245 0 0 0 0 -1.42288
313 314 0.0484242 0 -1.19009 0 0 0 0 -1.14166
314 315 0.106296 0 -1.39514 0 0 0 0 -1.28884
315 316 0.061778 0 -0 0 0 0 0 0.061778
316 317 0.0105853 0 -1.15933 0 0 0 0 -1.14874
317 318 0.146112 0 -1.41109 0 0 0 0 -1.26498
318 319 0.124366 0 0 0 0 0 0 0.124366
320 321 0.0104213 0 0 0 0 0 0 0.0104213
321 322 0.000245798 0 -1.42455 0 0 0 0 -1.4243
322 323 1.55622e-06 0 0 0 0 0 0 1.55622e-06
323 324 0.0161568 0 -1.03451 0 0 0 0 -1.01835
324 325 0.00134071 0 -1.37972 0 0 0 0 -1.37838
325 326 0.0931057 0 -1.31712 0 0 0 0 -1.22402
326 327 0.00284489 0 -1.29283 0 0 0 0 -1.28999
327 328 0.327391 0 -1.08755 0 0 0 0 -0.760157
328 329 0.00554912 0 0 0 0 0 0 0.00554912
329 330 0.00410728 0 0 0 0 0 0 0.00410728
330 331 0.00379213 0 -1.22164 0 0 0 0 -1.21785
331 332 0.000188326 0 -1.12963 0 0 0 0 -1.12944
332 333 0.0678625 0 0 0 0 0 0 0.0678625
333 334 0.0188637 0 -0 0 0 0 0 0.0188637
334 335 0.00574555 0 -1.22634 0 0 0 0 -1.22059
335 336 0.0511462 0 -1.32253 0 0 0 0 -1.27138
336 337 0.0471119 0 0 0 0 0 0 0.0471119
337 338 0.0110054 0 -1.27922 0 0 0 0 -1.26821
338 339 0.0977556 0 -0.587951 0 0 0 0 -0.490195
340 341 0.000333499 0 -1.33505 0 0 0 0 -1.33471
341 342 0.0109377 0 0 0 0 0 0 0.0109377
342 343 0.125348 0 -1.05777 0 0 0 0 -0.932419
343 344 0.0440684 0 -1.15799 0 0 0 0 -1.11393
344 345 0.00825675 0 -1.41085 0 0 0 0 -1.40259
345 346 0.0152099 0 -1.25978 0 0 0 0 -1.24457
346 347 0.108382 0 -1.29554 0 0 0 0 -1.18716
347 348 0.0729545 0 -1.37702 0 0 0 0 -1.30407
348 349 0.0438013 0 0 0 0 0 0 0.0438013
349 350 0.0452077 0 -1.32308 0 0 0 0 -1.27787
350 351 0.0115312 0 -1.13576 0 0 0 0 -1.12423
351 352 0.00765484 0 0 0 0 0 0 0.00765484
352 353 0.000153474 0 0 0 0 0 0 0.000153474
353 354 0.00119815 0 0 0 0 0 0 0.00119815
354 355 0.00141069 0 -0.657398 0 0 0 0 -0.655987
355 356 0.0351783 0 -1.00832 0 0 0 0 -0.973144
356 357 0.13868 0 -1.39239 0 0 0 0 -1.25371
357 358 0.00382454 0 -1.0681 0 0 0 0 -1.06428
358 359 5.57714e-06 0 -1.02853 0 0 0 0 -1.02853
360 361 0.0121014 0 0 0 0 0 0 0.0121014
361 362 0.0241967 0 -0.91616 0 0 0 0 -0.891963
362 363 0.251051 0 -1.46198 0 0 0 0 -1.21093
363 364 0.00944379 0 -1.25151 0 0 0 0 -1.24207
364 365 0.000738103 0 -0 0 0 0 0 0.000738103
365 366 0.0664179 0 -1.40893 0 0 0 0 -1.34252
366 367 0.106144 0 -1.34346 0 0 0 0 -1.23731
367 368 0.0692122 0 0 0 0 0 0 0.0692122
368 369 0.0161811 0 0 0 0 0 0 0.0161811
369 370 0.0391427 0 0 0 0 0 0 0.0391427
370 371 0.0574625 0 0 0 0 0 0 0.0574625
371 372 0.0103466 0 0 0 0 0 0 0.0103466
372 373 0.20819 0 0 0 0 0 0 0.20819
373 374 0.0106471 0 -0.996379 0 0 0 0 -0.985732
374 375 0.052928 0 0 0 0 0 0 0.052928
375 376 0.150912 0 0 0 0 0 0 0.150912
375 377 0 0 0 4.52238e-05 0 0 0 4.52238e-05
376 377 0.361068 0 -1.08404 0 0 0 0 -0.722975
377 378 0.00101649 0 -1.07853 0 0 0 0 -1.07752
378 379 0.017736 0 0 0 0 0 0 0.017736
380 381 0.116326 0 0 0 0 0 0 0.116326
381 382 0.00684785 0 0 0 0 0 0 0.00684785
382 383 0.00963528 0 -1.40365 0 0 0 0 -1.39402
383 384 3.81624e-05 0 0 0 0 0 0 3.81624e-05
384 385 0.0821519 0 0 0 0 0 0 0.0821519
385 386 0.0185961 0 -1.12254 0 0 0 0 -1.10394
386 387 0.0419444 0 0 0 0 0 0 0.0419444
387 388 0.00569195 0 -0.0274071 0 0 0 0 -0.0217151
388 389 4.99825e-05 0 -1.32034 0 0 0 0 -1.32029
389 390 0.0456283 0 -1.23093 0 0 0 0 -1.1853
390 391 0.0261223 0 -1.37867 0 0 0 0 -1.35255
391 392 0.0199939 0 -1.10196 0 0 0 0 -1.08197
392 393 0.0833716 0 -1.06088 0 0 0 0 -0.977511
393 394 0.0540101 0 0 0 0 0 0 0.0540101
394 395 0.0521753 0 -0.444117 0 0 0 0 -0.391941
395 396 0.230258 0 -0.964273 0 0 0 0 -0.734015
396 397 0.670588 0 -1.21438 0 0 0 0 -0.543796
397 398 0.0358273 0 -1.29018 0 0 0 0 -1.25436
398 399 0.00156024 0 -1.41824 0 0 0 0 -1.41668
400 401 0.00292229 0 -1.33471 0 0 0 0 -1.33178
401 402 0.0265762 0 -0 0 0 0 0 0.0265762
402 403 0.123266 0 0 0 0 0 0 0.123266
403 404 0.000149625 0 -1.09273 0 0 0 0 -1.09258
404 405 0.0197001 0 -1.16478 0 0 0 0 -1.14508
405 406 0.0079504 0 -1.2894 0 0 0 0 -1.28145
406 407 0.00304213 0 0 0 0 0 0 0.00304213
407 408 0.0444676 0 0 0 0 0 0 0.0444676
408 409 0.0195425 0 -1.33746 0 0 0 0 -1.31792
409 410 0.00806996 0 -1.14419 0 0 0 0 -1.13612
410 411 0.184769 0 0 0 0 0 0 0.184769
411 412 0.00122977 0 0 0 0 0 0 0.00122977
412 413 6.81818e-05 0 0 0 0 0 0 6.81818e-05
413 414 0.0817157 0 0 0 0 0 0 0.0817157
414 415 0.00593592 0 -1.20108 0 0 0 0 -1.19515
415 416 0.0391098 0 0 0 0 0 0 0.0391098
416 417 0.0223966 0 -1.13891 0 0 0 0 -1.11651
417 418 0.00131657 0 0 0 0 0 0 0.00131657
418 419 0.0340675 0 -0.990939 0 0 0 0 -0.956872
420 421 0.0349569 0 -1.17972 0 0 0 0 -1.14476
421 422 0.0396398 0 -1.32423 0 0 0 0 -1.28459
422 423 0.00119106 0 -0 0 0 0 0 0.00119106
423 424 0.564367 0 0 0 0 0 0 0.564367
424 425 0.0273407 0 0 0 0 0 0 0.0273407
425 426 0.0450502 0 -0.977582 0 0 0 0 -0.932532
426 427 0.0578852 0 0 0 0 0 0 0.0578852
427 428 0.110356 0 0 0 0 0 0 0.110356
428 429 0.00037809 0 0 0 0 0 0 0.00037809
429 430 0.0100288 0 -0.791736 0 0 0 0 -0.781707
430 431 0.0218077 0 -1.27007 0 0 0 0 -1.24826
431 432 0.0872425 0 0 0 0 0 0 0.0872425
432 433 0.0281963 0 -1.3078 0 0 0 0 -1.2796
433 434 0.0589072 0 -0.925606 0 0 0 0 -0.866699
434 435 0.129528 0 -1.03493 0 0 0 0 -0.905404
435 436 0.0174087 0 -1.16757 0 0 0 0 -1.15016
436 437 0.200341 0 0 0 0 0 0 0.200341
437 438 0.0228272 0 -1.24635 0 0 0 0 -1.22352
438 439 0.000956251 0 -1.10705 0 0 0 0 -1.10609
440 441 0.0419006 0 -0 0 0 0 0 0.0419006
441 442 0.00235641 0 -0 0 0 0 0 0.00235641
442 443 1.78967e-05 0 0 0 0 0 0 1.78967e-05
443 444 0.0505482 0 0 0 0 0 0 0.0505482
444 445 3.63659e-06 0 -1.12451 0 0 0 0 -1.12451
445 446 0.00857874 0 -0 0 0 0 0 0.00857874
446 447 0.00201496 0 0 0 0 0 0 0.00201496
447 448 0.0419322 0 -0.981323 0 0 0 0 -0.939391
448 449 0.000698261 0 0 0 0 0 0 0.000698261
449 450 0.0730259 0 -1.00288 0 0 0 0 -0.929849
450 451 0.00547904 0 -1.14373 0 0 0 0 -1.13825
451 452 0.0158361 0 -1.21457 0 0 0 0 -1.19873
452 453 0.0293974 0 -1.26075 0 0 0 0 -1.23136
453 454 0.0306957 0 -0.999323 0 0 0 0 -0.968628
454 455 0.0882271 0 -1.39872 0 0 0 0 -1.31049
455 456 0.0117019 0 0 0 0 0 0 0.0117019
456 457 0.0544033 0 -1.19055 0 0 0 0 -1.13614
457 458 0.019935 0 -0.969823 0 0 0 0 -0.949888
458 459 0.0852448 0 0 0 0 0 0 0.0852448
460 461 0.0680844 0 0 0 0 0 0 0.0680844
461 462 0.0631234 0 0 0 0 0 0 0.0631234
462 463 0.000212867 0 0 0 0 0 0 0.000212867
463 464 0.00336003 0 -1.40231 0 0 0 0 -1.39895
464 465 0.0622587 0 -1.04909 0 0 0 0 -0.986834
465 466 0.000285239 0 -1.15098 0 0 0 0 -1.15069
466 467 0.00409696 0 0 0 0 0 0 0.00409696
467 468 0.000342877 0 -1.31294 0 0 0 0 -1.3126
468 469 0.00334479 0 -1.10329 0 0 0 0 -1.09995
469 470 0.0301581 0 -0 0 0 0 0 0.0301581
470 471 0.00086987 0 0 0 0 0 0 0.00086987
471 472 0.00350506 0 -1.08281 0 0 0 0 -1.07931
472 473 0.0460478 0 -0.927288 0 0 0 0 -0.881241
473 474 0.00518364 0 0 0 0 0 0 0.00518364
474 475 0.00422501 0 -0 0 0 0 0 0.00422501
475 476 3.46468e-05 0 0 0 0 0 0 3.46468e-05
476 477 0.00459568 0 0 0 0 0 0 0.00459568
477 478 0.023217 0 -1.26155 0 0 0 0 -1.23833
478 479 0.0639172 0 -1.12147 0 0 0 0 -1.05755
480 481 0.140358 0 0 0 0 0 0 0.140358
481 482 0.0125431 0 -1.29587 0 0 0 0 -1.28332
482 483 0.00887871 0 -1.35455 0 0 0 0 -1.34568
483 484 0.0542522 0 -1.23353 0 0 0 0 -1.17927
484 485 0.00354841 0 -1.29405 0 0 0 0 -1.2905
485 486 0.00252242 0 -0 0 0 0 0 0.00252242
486 487 0.125651 0 -1.06522 0 0 0 0 -0.939565
487 488 0.0102024 0 -1.19742 0 0 0 0 -1.18721
488 489 0.217469 0 -1.29942 0 0 0 0 -1.08195
489 490 0.00965295 0 0 0 0 0 0 0.00965295
490 491 1.07565e-05 0 -0.451464 0 0 0 0 -0.451454
491 492 0.00519679 0 0 0 0 0 0 0.00519679
492 493 0.00941638 0 0 0 0 0 0 0.00941638
493 494 0.0455161 0 0 0 0 0 0 0.0455161
494 495 0.000120627 0 0 0 0 0 0 0.000120627
495 496 0.124513 0 -1.221 0 0 0 0 -1.09649
496 497 0.0280338 0 -0.972103 0 0 0 0 -0.944069
497 498 0.109973 0 0 0 0 0 0 0.109973
498 499 0.0700595 0 0 0 0 0 0 0.0700595
500 501 0.0153603 0 -1.36116 0 0 0 0 -1.3458
501 502 0.309394 0 -1.41011 0 0 0 0 -1.10072
502 503 0.0732424 0 -1.06822 0 0 0 0 -0.994974
503 504 8.78175e-05 0 -0.886494 0 0 0 0 -0.886406
504 505 0.0128645 0 -1.3572 0 0 0 0 -1.34433
505 506 0.0724795 0 -1.40471 0 0 0 0 -1.33223
506 507 0.0578043 0 -0.943743 0 0 0 0 -0.885939
507 508 0.056038 0 -1.31388 0 0 0 0 -1.25784
508 509 0.00170339 0 -1.26695 0 0 0 0 -1.26524
509 510 0.0964033 0 -1.28342 0 0 0 0 -1.18702
510 511 0.00574596 0 0 0 0 0 0 0.00574596
511 512 0.0345393 0 -0 0 0 0 0 0.0345393
512 513 0.000756661 0 0 0 0 0 0 0.000756661
513 514 0.00531472 0 -0 0 0 0 0 0.00531472
514 515 0.134517 0 -0 0 0 0 0 0.134517
513 516 0 0 0 0 0 -2.06751e-05 0 -2.06751e-05
515 516 0.0229995 0 -1.3827 0 0 0 0 -1.3597
516 517 0.00171534 0 -1.13368 0 0 0 0 -1.13197
517 518 0.272726 0 0 0 0 0 0 0.272726
518 519 0.354901 0 -0 0 0 0 0 0.354901
520 521 1.98544e-05 0 -0 0 0 0 0 1.98544e-05
521 522 0.0602042 0 0 0 0 0 0 0.0602042
522 523 0.0199502 0 -0.972018 0 0 0 0 -0.952068
523 524 0.135163 0 0 0 0 0 0 0.135163
524 525 0.0155814 0 -1.29982 0 0 0 0 -1.28424
525 526 0.442176 0 -1.21394 0 0 0 0 -0.771762
526 527 0.163347 0 0 0 0 0 0 0.163347
527 528 1.82658e-06 0 -0.834162 0 0 0 0 -0.83416
528 529 0.0371214 0 -1.10872 0 0 0 0 -1.0716
529 530 0.361578 0 0 0 0 0 0 0.361578
520 531 0 0 0 0 0 -0.00136503 0 -0.00136503
530 531 0.00232874 0 -1.2578 0 0 0 0 -1.25547
531 532 0.00774213 0 0 0 0 0 0 0.00774213
532 533 0.327585 0 -1.18974 0 0 0 0 -0.862155
533 534 0.0198918 0 0 0 0 0 0 0.0198918
534 535 0.00143454 0 0 0 0 0 0 0.00143454
535 536 0.0219434 0 -1.21924 0 0 0 0 -1.1973
536 537 0.109514 0 -1.21245 0 0 0 0 -1.10294
537 538 0.0984645 0 -0.862684 0 0 0 0 -0.76422
538 539 0.00124164 0 -1.03215 0 0 0 0 -1.0309
540 541 0.144686 0 -1.14641 0 0 0 0 -1.00173
541 542 0.000734859 0 0 0 0 0 0 0.000734859
542 543 0.0410786 0 0 0 0 0 0 0.0410786
543 544 0.0397323 0 0 0 0 0 0 0.0397323
544 545 0.00306175 0 -1.05034 0 0 0 0 -1.04728
545 546 0.192187 0 -1.28127 0 0 0 0 -1.08908
546 547 0.117271 0 -1.20561 0 0 0 0 -1.08833
547 548 0.00940017 0 0 0 0 0 0 0.00940017
548 549 0.00173411 0 -1.19711 0 0 0 0 -1.19538
549 550 0.0072993 0 -1.28436 0 0 0 0 -1.27706
550 551 0.00326836 0 -1.03266 0 0 0 0 -1.02939
551 552 0.0172268 0 0 0 0 0 0 0.0172268
552 553 0.0563171 0 -1.14561 0 0 0 0 -1.0893
553 554 0.0115762 0 -0 0 0 0 0 0.0115762
554 555 0.00419412 0 0 0 0 0 0 0.00419412
554 556 0 0 0 0.00306425 0 0 0 0.00306425
555 556 0.0273811 0 0 0 0 0 0 0.0273811
556 557 0.000373426 0 -0.612884 0 0 0 0 -0.61251
557 558 0.00233822 0 0 0 0 0 0 0.00233822
558 559 0.0688217 0 -0 0 0 0 0 0.0688217
560 561 0.0325151 0 -1.35738 0 0 0 0 -1.32487
561 562 0.161361 0 -1.36997 0 0 0 0 -1.2086
562 563 0.00342568 0 -1.13448 0 0 0 0 -1.13105
563 564 0.00478337 0 -1.38232 0 0 0 0 -1.37754
564 565 0.00834861 0 -0.856836 0 0 0 0 -0.848487
565 566 0.0282349 0 -1.30762 0 0 0 0 -1.27939
566 567 0.0972181 0 -1.08732 0 0 0 0 -0.990105
567 568 0.00941026 0 -1.41598 0 0 0 0 -1.40657
568 569 0.0276724 0 -0.998531 0 0 0 0 -0.970859
569 570 0.0143516 0 0 0 0 0 0 0.0143516
570 571 0.195687 0.0459197 -0 0 0 0 0 0.241606
571 572 0.00799134 0 -1.29093 0 0 0 0 -1.28294
570 573 0 0 0 0 0 -0.000136918 0 -0.000136918
572 573 0.0392933 0 -1.36817 0 0 0 0 -1.32887
573 574 0.068006 0 -0.580875 0 0 0 0 -0.512869
574 575 0.0305294 0 -1.06413 0 0 0 0 -1.0336
575 576 0.000269636 0 -1.25364 0 0 0 0 -1.25337
576 577 0.0129225 0 0 0 0 0 0 0.0129225
577 578 0.0095981 0 -0 0 0 0 0 0.0095981
578 579 0.0420023 0 0 0 0 0 0 0.0420023
580 581 0.0099712 0 -1.3872 0 0 0 0 -1.37723
581 582 2.92041e-05 0 -1.41734 0 0 0 0 -1.41731
582 583 0.00800946 0 -1.09662 0 0 0 0 -1.08862
583 584 0.0224534 0 0 0 0 0 0 0.0224534
584 585 0.0298145 0 -0.952829 0 0 0 0 -0.923014
585 586 0.00166328 0 -1.06288 0 0 0 0 -1.06121
586 587 0.015905 0 -1.17129 0 0 0 0 -1.15538
587 588 0.495472 0 -1.16263 0 0 0 0 -0.667157
588 589 0.0204512 0 0 0 0 0 0 0.0204512
589 590 0.0227982 0 -1.24936 0 0 0 0 -1.22656
590 591 0.000132974 0 -1.15311 0 0 0 0 -1.15297
591 592 0.0042596 0 -1.31407 0 0 0 0 -1.30981
592 593 1.39945e-06 0 -1.21803 0 0 0 0 -1.21803
593 594 0.0568455 0 0 0 0 0 0 0.0568455
594 595 0.0703255 0 -0 0 0 0 0 0.0703255
595 596 1.71365e-05 0 0 0 0 0 0 1.71365e-05
596 597 0.128571 0 -1.17102 0 0 0 0 -1.04245
597 598 0.399284 0 0 0 0 0 0 0.399284
598 599 0.0487975 0 0 0 0 0 0 0.0487975
600 601 8.68289e-05 0 -1.17759 0 0 0 0 -1.1775
601 602 0.0240019 0 -1.20715 0 0 0 0 -1.18315
602 603 0.00787327 0 0 0 0 0 0 0.00787327
603 604 0.000259085 0 -1.09828 0 0 0 0 -1.09802
604 605 1.1395e-05 0 -1.32748 0 0 0 0 -1.32747
605 606 0.0274609 0 0 0 0 0 0 0.0274609
606 607 0.0046658 0 -0.00642761 0 0 0 0 -0.00176181
607 608 0.0416536 0 -0.805386 0 0 0 0 -0.763732
608 609 0.123612 0 -1.06469 0 0 0 0 -0.94108
609 610 0.0759762 0 -1.04986 0 0 0 0 -0.973888
610 611 0.0273542 0 -1.22616 0 0 0 0 -1.19881
611 612 0.0667632 0 0 0 0 0 0 0.0667632
612 613 0.0217613 0 -0 0 0 0 0 0.0217613
613 614 0.0118869 0 0 0 0 0 0 0.0118869
614 615 0.243765 0 0 0 0 0 0 0.243765
615 616 0.0336945 0 -1.02103 0 0 0 0 -0.98734
616 617 0.00119439 0 -1.17863 0 0 0 0 -1.17744
617 618 0.124494 0 0 0 0 0 0 0.124494
618 619 0.0483663 0 -1.27995 0 0 0 0 -1.23158
620 621 0.0137533 0 -0 0 0 0 0 0.0137533
621 622 0.023572 0 -0.713634 0 0 0 0 -0.690062
622 623 0.0488328 0 -1.14491 0 0 0 0 -1.09607
623 624 0.00375527 0 -1.19117 0 0 0 0 -1.18741
624 625 0.138461 0 -1.18288 0 0 0 0 -1.04442
625 626 0.01716 0 -1.29063 0 0 0 0 -1.27347
626 627 0.00322979 0 -1.02991 0 0 0 0 -1.02668
627 628 0.0793941 0 0 0 0 0 0 0.0793941
628 629 0.0350257 0 -0 0 0 0 0 0.0350257
629 630 0.0608266 0 -1.13957 0 0 0 0 -1.07874
627 631 0 0 0 0 0 -0.0517749 0 -0.0517749
630 631 0.0513725 0 -1.28973 0 0 0 0 -1.23836
627 632 0 0 0 0 -0.628054 0 -0 -0.628054
626 632 0 0 0 0 -7.51675e-28 -0.123905 0 -0.123905
631 632 0.0398235 0 -1.24855 0 0 0 0 -1.20873
627 633 0 0 0 0 -0 -0.0817364 -0 -0.0817364
626 633 0 0 0 0 -0.753498 0 -0 -0.753498
625 633 0 0 0 0 -8.12525e-28 -0.072326 -0 -0.072326
632 633 0.00501615 0 -1.26003 0 0 0 0 -1.25502
626 634 0 0 0 0 -0 -0.168131 0 -0.168131
625 634 0 0 0 0 -0.851356 0 -0 -0.851356
624 634 0 0 0 0 0 -0.148692 0 -0.148692
633 634 0.0376948 0 -1.29095 0 0 0 0 -1.25326
625 635 0 0 0 0 0 -0.159988 -0 -0.159988
624 635 0 0 0 0 -0.446707 0 -0 -0.446707
623 635 0 0 0 0 -0 -0.155369 0 -0.155369
634 635 0.000210658 0 -1.29391 0 0 0 0 -1.2937
624 636 0 0 0 0 -0 -0.148565 -0 -0.148565
623 636 0 0 0 0 -0.300028 -5.5419e-05 -0 -0.300084
622 636 0 0 0 0 -0 -0.105353 0 -0.105353
635 636 0.000475076 0 -1.32562 0 0 0 0 -1.32515
623 637 0 0 0 0 -0 -0.0210266 0 -0.0210266
622 637 0 0 0 0 -0.0848337 0 -0 -0.0848337
636 637 0.0926271 0 -1.0195 0 0 0 0 -0.926877
622 638 0 0 0 0 0 -0.0115425 0 -0.0115425
621 638 0 0 0 0 0 -0.0296403 0 -0.0296403
637 638 0.248133 0 -1.10017 0 0 0 0 -0.852035
622 639 0 0 0 0 -0 -0.00221782 0 -0.00221782
621 639 0 0 0 0 0 -0.0104175 -0 -0.0104175
638 639 0.0116879 0 -1.12285 0 0 0 0 -1.11116
640 641 0.00164775 0 -0.815521 0 0 0 0 -0.813873
641 642 0.01616 0 -0.795855 0 0 0 0 -0.779695
642 643 0.0922632 0 -1.15224 0 0 0 0 -1.05998
643 644 0.0085165 0 0 0 0 0 0 0.0085165
644 645 0.00909818 0 -1.39533 0 0 0 0 -1.38623
645 646 0.000990393 0 -1.3858 0 0 0 0 -1.38481
646 647 0.0144664 0 -0.930435 0 0 0 0 -0.915968
647 648 0.257299 0 -1.41339 0 0 0 0 -1.15609
648 649 0.00216297 0 -1.09047 0 0 0 0 -1.0883
649 650 0.0678087 0 0 0 0 0 0 0.0678087
650 651 0.115508 0 0 0 0 0 0 0.115508
651 652 0.0144948 0 0 0 0 0 0 0.0144948
652 653 2.83588e-05 0 0 0 0 0 0 2.83588e-05
653 654 0.00797244 0 -1.08175 0 0 0 0 -1.07377
654 655 0.00057175 0 -1.17787 0 0 0 0 -1.1773
655 656 0.512639 0 0 0 0 0 0 0.512639
656 657 0.000677324 0 0 0 0 0 0 0.000677324
657 658 0.0528724 0 -1.37638 0 0 0 0 -1.32351
658 659 0.000193632 0 -1.31976 0 0 0 0 -1.31957
660 661 0.167068 0 0 0 0 0 0 0.167068
661 662 0.00379972 0 0 0 0 0 0 0.00379972
662 663 0.019015 0 0 0 0 0 0 0.019015
663 664 0.00850472 0 0 0 0 0 0 0.00850472
664 665 0.0423932 0 -1.06033 0 0 0 0 -1.01794
665 666 0.071574 0 -1.13479 0 0 0 0 -1.06321
666 667 0.0149327 0 -1.4011 0 0 0 0 -1.38616
667 668 0.0924591 0 0 0 0 0 0 0.0924591
668 669 0.00208501 0 -1.30569 0 0 0 0 -1.3036
669 670 0.104764 0 -1.30324 0 0 0 0 -1.19848
670 671 0.000421046 0 -1.36517 0 0 0 0 -1.36475
671 672 0.0766458 0 0 0 0 0 0 0.0766458
672 673 0.485229 0 -1.14286 0 0 0 0 -0.657629
673 674 0.00597046 0 -1.14131 0 0 0 0 -1.13534
674 675 0.00118416 0 -1.30629 0 0 0 0 -1.3051
675 676 0.0115189 0 -1.02141 0 0 0 0 -1.00989
676 677 0.00150037 0 0 0 0 0 0 0.00150037
677 678 0.00133521 0 0 0 0 0 0 0.00133521
678 679 0.108935 0 -1.27239 0 0 0 0 -1.16345
680 681 0.0102107 0 -1.29577 0 0 0 0 -1.28555
681 682 0.121738 0 -1.15165 0 0 0 0 -1.02991
682 683 0.000248119 0 -1.10157 0 0 0 0 -1.10132
683 684 0.000505738 0 -1.3417 0 0 0 0 -1.34119
684 685 0.0291815 0 0 0 0 0 0 0.0291815
685 686 0.0440173 0 0 0 0 0 0 0.0440173
686 687 0.0410786 0 -1.04343 0 0 0 0 -1.00235
687 688 0.00756119 0 0 0 0 0 0 0.00756119
688 689 0.0222875 0 -1.13907 0 0 0 0 -1.11679
689 690 0.00142893 0 -1.2679 0 0 0 0 -1.26648
690 691 0.00223217 0 0 0 0 0 0 0.00223217
691 692 0.102328 0 -1.1922 0 0 0 0 -1.08988
692 693 0.0981423 0 -0.894546 0 0 0 0 -0.796404
693 694 0.00830665 0 -0.0674813 0 0 0 0 -0.0591746
694 695 0.00244898 0 0 0 0 0 0 0.00244898
695 696 0.0578842 0 -0 0 0 0 0 0.0578842
696 697 0.0568539 0 -0 0 0 0 0 0.0568539
697 698 0.00799948 0 0 0 0 0 0 0.00799948
698 699 0.00181778 0 -1.32277 0 0 0 0 -1.32095
700 701 0.222436 0 -0.979984 0 0 0 0 -0.757548
701 702 0.184717 0 -0.999957 0 0 0 0 -0.815239
702 703 0.120586 0 -1.04052 0 0 0 0 -0.91993
703 704 0.129724 0 -1.22743 0 0 0 0 -1.09771
704 705 0.00759845 0 -1.08634 0 0 0 0 -1.07874
705 706 0.00113261 0 0 0 0 0 0 0.00113261
706 707 0.0290537 0 0 0 0 0 0 0.0290537
707 708 0.00593935 0 -1.09684 0 0 0 0 -1.0909
708 709 0.00572676 0 -0 0 0 0 0 0.00572676
709 710 0.016616 0 -1.15072 0 0 0 0 -1.13411
710 711 0.0888282 0 -1.01348 0 0 0 0 -0.924648
711 712 0.0184639 0 -0.644645 0 0 0 0 -0.626181
712 713 0.0120972 0 0 0 0 0 0 0.0120972
713 714 0.110537 0 0 0 0 0 0 0.110537
714 715 0.00019679 0 -0.844974 0 0 0 0 -0.844777
715 716 0.0146206 0 -1.43814 0 0 0 0 -1.42352
716 717 0.000339572 0 -1.09219 0 0 0 0 -1.09185
717 718 4.23166e-05 0 -1.26061 0 0 0 0 -1.26057
718 719 0.0133362 0 -1.26746 0 0 0 0 -1.25413
720 721 0.0928015 0 -0 0 0 0 0 0.0928015
721 722 0.0248656 0 -0.610644 0 0 0 0 -0.585779
722 723 0.0151123 0 -1.27949 0 0 0 0 -1.26438
723 724 0.128224 0 0 0 0 0 0 0.128224
724 725 0.115145 0 -1.39965 0 0 0 0 -1.28451
723 726 0 0 0 0 -0 -0.158484 0 -0.158484
725 726 0.00953188 0 -0 0 0 0 0 0.00953188
723 727 0 0 0 0 -0.837293 0 -0 -0.837293
722 727 0 0 0 0 -0 -0.185143 0 -0.185143
726 727 0.00121962 0 -1.41773 0 0 0 0 -1.41651
723 728 0 0 0 0 0 -0.176669 0 -0.176669
722 728 0 0 0 0 0 -6.82433e-05 -0 -6.82433e-05
721 728 0 0 0 0 0 -0.0445229 0 -0.0445229
727 728 0.237443 0 -1.32439 0 0 0 0 -1.08694
722 729 0 0 0 0 -0 -0.152601 0 -0.152601
721 729 0 0 0 0 0 -6.40081e-06 -0 -6.40081e-06
728 729 0.0248426 0 -1.26147 0 0 0 0 -1.23662
729 730 0.00829623 0 0 0 0 0 0 0.00829623
730 731 0.0193485 0 0 0 0 0 0 0.0193485
731 732 0.0277519 0 0 0 0 0 0 0.0277519
732 733 0.0060618 0 -0 0 0 0 0 0.0060618
733 734 0.139379 0 0 0 0 0 0 0.139379
734 735 0.000264054 0 -0.724161 0 0 0 0 -0.723897
735 736 0.0156329 0 -1.22605 0 0 0 0 -1.21042
736 737 0.0178954 0 0 0 0 0 0 0.0178954
737 738 0.00181228 0 0 0 0 0 0 0.00181228
738 739 0.00569199 0 -0 0 0 0 0 0.00569199
740 741 0.00011249 0 0 0 0 0 0 0.00011249
741 742 0.00590463 0 -1.21318 0 0 0 0 -1.20727
742 743 0.069157 0 0 0 0 0 0 0.069157
743 744 0.0259528 0 0 0 0 0 0 0.0259528
744 745 0.0471008 0 -1.30025 0 0 0 0 -1.25315
745 746 0.0732198 0 -1.15491 0 0 0 0 -1.08169
746 747 0.0400858 0 -1.32921 0 0 0 0 -1.28912
747 748 0.0819922 0 -1.29433 0 0 0 0 -1.21233
748 749 0.00365312 0 0 0 0 0 0 0.00365312
749 750 0.085619 0 -0 0 0 0 0 0.085619
750 751 0.000759019 0 0 0 0 0 0 0.000759019
751 752 0.118832 0 -1.19 0 0 0 0 -1.07117
752 753 0.00951364 0 -0.944181 0 0 0 0 -0.934668
753 754 0.0022445 0 -0 0 0 0 0 0.0022445
754 755 0.0198397 0 -1.33428 0 0 0 0 -1.31444
755 756 0.00450848 0 0 0 0 0 0 0.00450848
756 757 0.00809895 0 0 0 0 0 0 0.00809895
757 758 0.0225434 0 -0 0 0 0 0 0.0225434
758 759 0.0563257 0 -1.30028 0 0 0 0 -1.24395
760 761 0.0384316 0 -1.29548 0 0 0 0 -1.25705
761 762 0.00107186 0 -1.26792 0 0 0 0 -1.26685
762 763 0.00430913 0 0 0 0 0 0 0.00430913
763 764 0.029296 0 0 0 0 0 0 0.029296
764 765 0.00406358 0 -1.06988 0 0 0 0 -1.06582
765 766 0.114466 0 -1.38082 0 0 0 0 -1.26636
766 767 0.000166013 0 -0 0 0 0 0 0.000166013
767 768 0.0207772 0 0 0 0 0 0 0.0207772
768 769 0.0273658 0 -1.02426 0 0 0 0 -0.996898
769 770 0.11738 0 -0.60055 0 0 0 0 -0.483169
770 771 0.0295952 0 -1.20462 0 0 0 0 -1.17503
771 772 0.00995683 0 0 0 0 0 0 0.00995683
772 773 0.0880691 0 -0 0 0 0 0 0.0880691
773 774 0.14621 0 -1.29129 0 0 0 0 -1.14508
774 775 0.0181762 0 0 0 0 0 0 0.0181762
775 776 0.0321819 0 0 0 0 0 0 0.0321819
776 777 0.013519 0 -0.949642 0 0 0 0 -0.936123
777 778 0.122799 0 -1.26186 0 0 0 0 -1.13907
778 779 0.00736903 0 -1.23913 0 0 0 0 -1.23176
780 781 0.0670069 0 0 0 0 0 0 0.0670069
781 782 0.00347359 0 -1.19434 0 0 0 0 -1.19087
782 783 0.000348238 0 -1.30656 0 0 0 0 -1.30621
783 784 0.030495 0 -1.10009 0 0 0 0 -1.0696
784 785 0.0465219 0 -0.798739 0 0 0 0 -0.752217
785 786 0.0159516 0 0 0 0 0 0 0.0159516
786 787 0.033115 0 0 0 0 0 0 0.033115
787 788 0.000592081 0 0 0 0 0 0 0.000592081
788 789 0.000704994 0 0 0 0 0 0 0.000704994
789 790 0.0122321 0 -1.30434 0 0 0 0 -1.2921
790 791 0.012388 0 -1.22153 0 0 0 0 -1.20914
791 792 0.0159444 0 -1.14189 0 0 0 0 -1.12595
792 793 0.0262948 0 0 0 0 0 0 0.0262948
793 794 0.00912292 0 -1.17624 0 0 0 0 -1.16711
794 795 0.0126451 0 0 0 0 0 0 0.0126451
795 796 0.000163547 0 -1.01812 0 0 0 0 -1.01796
796 797 0.00272978 0 0 0 0 0 0 0.00272978
797 798 0.306852 0 0 0 0 0 0 0.306852
798 799 0.0740645 0 -1.25839 0 0 0 0 -1.18433
#Total energy per particle is  -0.592913 and should be -0.59291310
