           0   0.000000
       10000  -0.570567
       20000  -0.096047
       30000  -1.894080
       40000  -0.791630
       50000  -0.000007
       60000  -0.730346
       70000   0.000000
       80000  -0.000000
       90000   0.000000
      100000  -1.321614
      110000  -0.626411
      120000  -3.154587
      130000   0.000000
      140000  -3.000985
      150000  -1.124232
      160000  -2.604710
      170000  -0.000077
      180000  -0.600230
      190000   0.000000
      200000  -2.021377
