#id1 id2 FENE BEXC STCK NEXC HB CRSTCK CXSTCK total, t = 200000
0 1 0.0665707 0 -0.927705 0 0 0 0 -0.861134
1 2 0.10678 0 0 0 0 0 0 0.10678
2 3 0.00066413 0 -0 0 0 0 0 0.00066413
3 4 0.00867114 0 -1.23427 0 0 0 0 -1.2256
4 5 0.000141892 0 -1.17402 0 0 0 0 -1.17388
5 6 0.00356666 0 -1.11471 0 0 0 0 -1.11114
6 7 0.00329034 0 -1.25194 0 0 0 0 -1.24865
7 8 0.0605297 0 0 0 0 0 0 0.0605297
8 9 0.0138943 0 -1.19086 0 0 0 0 -1.17696
9 10 0.00401202 0 0 0 0 0 0 0.00401202
10 11 0.00897855 0 -0 0 0 0 0 0.00897855
11 12 0.000168139 0 -0.54564 0 0 0 0 -0.545472
12 13 0.00920338 0 -0.954648 0 0 0 0 -0.945444
13 14 0.000167845 0 -1.26303 0 0 0 0 -1.26287
14 15 0.228465 0 -0.708324 0 0 0 0 -0.47986
15 16 0.10909 0 -0.826838 0 0 0 0 -0.717749
16 17 0.112884 0 -0.879102 0 0 0 0 -0.766218
17 18 0.0103794 0 -1.18951 0 0 0 0 -1.17913
18 19 0.0423025 0 0 0 0 0 0 0.0423025
20 21 0.0126123 0 -1.30255 0 0 0 0 -1.28993
21 22 0.0480422 0 0 0 0 0 0 0.0480422
22 23 0.105042 0 0 0 0 0 0 0.105042
23 24 0.000487923 0 -1.39734 0 0 0 0 -1.39685
24 25 0.0351205 0 0 0 0 0 0 0.0351205
25 26 0.0433298 0 0 0 0 0 0 0.0433298
26 27 1.0881e-06 0 0 0 0 0 0 1.0881e-06
27 28 0.00349809 0 -1.1977 0 0 0 0 -1.1942
28 29 0.132587 0 -1.36516 0 0 0 0 -1.23257
29 30 0.000819229 0 -1.26137 0 0 0 0 -1.26055
30 31 0.0524986 0 -1.22373 0 0 0 0 -1.17123
31 32 0.0140595 0 -1.2587 0 0 0 0 -1.24464
32 33 0.058097 0 -0.600567 0 0 0 0 -0.54247
33 34 0.0047991 0 -0.774371 0 0 0 0 -0.769572
34 35 0.133268 0 -1.3934 0 0 0 0 -1.26013
35 36 0.000381939 0 0 0 0 0 0 0.000381939
36 37 0.0257474 0 -1.36282 0 0 0 0 -1.33707
37 38 5.10859e-05 0 -0.927659 0 0 0 0 -0.927608
35 39 0 0 0 0 0 -0.0570919 0 -0.0570919
34 39 0 0 0 0 -0.321043 0 -0 -0.321043
33 39 0 0 0 0 0 -0.00220509 -0 -0.00220509
38 39 0.0286117 0 0 0 0 0 0 0.0286117
40 41 0.00413613 0 0 0 0 0 0 0.00413613
41 42 0.0316528 0 -1.2062 0 0 0 0 -1.17454
42 43 0.01397 0 0 0 0 0 0 0.01397
43 44 0.196524 0 -1.40513 0 0 0 0 -1.2086
44 45 0.036114 0 -0.000671256 0 0 0 0 0.0354428
45 46 0.0389028 0 -1.3243 0 0 0 0 -1.2854
46 47 0.0135383 0 0 0 0 0 0 0.0135383
47 48 0.0800606 0 0 0 0 0 0 0.0800606
48 49 0.0709027 0 0 0 0 0 0 0.0709027
49 50 0.0900998 0 0 0 0 0 0 0.0900998
50 51 0.0285329 0 0 0 0 0 0 0.0285329
51 52 0.00820947 0 0 0 0 0 0 0.00820947
52 53 0.120272 0 -0 0 0 0 0 0.120272
53 54 0.000919439 0 0 0 0 0 0 0.000919439
54 55 0.00354351 0 0 0 0 0 0 0.00354351
55 56 0.014668 0 0 0 0 0 0 0.014668
56 57 0.0281985 0 -0.951807 0 0 0 0 -0.923609
57 58 0.000285424 0 -1.35089 0 0 0 0 -1.3506
58 59 5.04055e-05 0 -1.00125 0 0 0 0 -1.0012
60 61 0.0155839 0 0 0 0 0 0 0.0155839
61 62 0.0578957 0 -0.976146 0 0 0 0 -0.918251
62 63 0.00180989 0 -0.661641 0 0 0 0 -0.659831
63 64 0.0107075 0 -1.15527 0 0 0 0 -1.14457
64 65 0.0120319 0 0 0 0 0 0 0.0120319
65 66 0.00725711 0 -1.40871 0 0 0 0 -1.40145
66 67 0.00447475 0 -1.28182 0 0 0 0 -1.27734
67 68 0.035158 0 -0.208862 0 0 0 0 -0.173704
68 69 0.115414 0 0 0 0 0 0 0.115414
69 70 0.00901022 0 0 0 0 0 0 0.00901022
70 71 0.0410173 0 -1.31309 0 0 0 0 -1.27207
71 72 0.0491789 0 0 0 0 0 0 0.0491789
72 73 0.0714834 0 -1.21029 0 0 0 0 -1.1388
73 74 0.160894 0 -1.3818 0 0 0 0 -1.2209
74 75 0.0522372 0 -1.117 0 0 0 0 -1.06476
75 76 0.0744647 0 -1.18621 0 0 0 0 -1.11175
76 77 0.0912318 0 -0.784542 0 0 0 0 -0.693311
77 78 0.000245639 0 -0.841489 0 0 0 0 -0.841244
78 79 0.00174558 0 0 0 0 0 0 0.00174558
80 81 0.0550761 0 -1.28788 0 0 0 0 -1.2328
81 82 0.0387271 0 -1.08479 0 0 0 0 -1.04606
82 83 0.0521684 0 -1.35962 0 0 0 0 -1.30745
83 84 0.0489765 0 -1.13691 0 0 0 0 -1.08794
84 85 0.109518 0 0 0 0 0 0 0.109518
85 86 0.0874472 0 0 0 0 0 0 0.0874472
86 87 0.0785391 0 -1.12457 0 0 0 0 -1.04603
87 88 0.00435902 0 0 0 0 0 0 0.00435902
88 89 0.00973146 0 0 0 0 0 0 0.00973146
89 90 0.176227 0 -0 0 0 0 0 0.176227
90 91 0.0416931 0 0 0 0 0 0 0.0416931
91 92 0.12043 0 -1.11635 0 0 0 0 -0.995919
92 93 0.0146066 0 -0 0 0 0 0 0.0146066
93 94 0.147336 0 0 0 0 0 0 0.147336
94 95 0.133074 0 0 0 0 0 0 0.133074
95 96 0.00565059 0 -0 0 0 0 0 0.00565059
96 97 0.0343924 0 -1.26087 0 0 0 0 -1.22648
97 98 0.0594605 0 0 0 0 0 0 0.0594605
98 99 9.99563e-05 0 -1.02027 0 0 0 0 -1.02017
100 101 0.044557 0 -0 0 0 0 0 0.044557
101 102 0.0192563 0 -1.13542 0 0 0 0 -1.11616
102 103 0.0232172 0 0 0 0 0 0 0.0232172
103 104 0.177206 0 -1.46245 0 0 0 0 -1.28524
104 105 0.0734636 0 -1.12345 0 0 0 0 -1.04999
105 106 0.00170114 0 -1.2907 0 0 0 0 -1.289
106 107 0.0063417 0 -1.03891 0 0 0 0 -1.03257
107 108 0.0845483 0 -1.45243 0 0 0 0 -1.36789
108 109 0.0140654 0 -1.43907 0 0 0 0 -1.425
109 110 0.0151202 0 0 0 0 0 0 0.0151202
110 111 0.0273003 0 -1.344 0 0 0 0 -1.3167
111 112 0.00777314 0 -0 0 0 0 0 0.00777314
112 113 0.0312448 0 -0.670857 0 0 0 0 -0.639612
113 114 0.0410953 0 0 0 0 0 0 0.0410953
114 115 0.0532238 0 0 0 0 0 0 0.0532238
115 116 0.00672539 0 -1.21722 0 0 0 0 -1.21049
116 117 0.0532097 0 -1.04977 0 0 0 0 -0.996557
117 118 0.00758201 0 -1.0066 0 0 0 0 -0.999017
118 119 0.000154713 0 -1.23742 0 0 0 0 -1.23727
120 121 0.0900905 0 -1.07927 0 0 0 0 -0.989181
121 122 0.0773148 0 -1.30499 0 0 0 0 -1.22768
122 123 0.0161682 0 0 0 0 0 0 0.0161682
120 124 0 0 0 0 -0 -0.0103582 -0 -0.0103582
123 124 0.00953402 0 -0.00278825 0 0 0 0 0.00674577
120 125 0 0 0 0 -0 -0.034895 0 -0.034895
124 125 0.0309935 0 -1.21323 0 0 0 0 -1.18224
125 126 5.84817e-05 0 0 0 0 0 0 5.84817e-05
126 127 0.155718 0 0 0 0 0 0 0.155718
127 128 0.10021 0 -0.678291 0 0 0 0 -0.578081
128 129 0.00105732 0 -1.103 0 0 0 0 -1.10194
129 130 0.00255858 0 0 0 0 0 0 0.00255858
130 131 0.0532854 0 0 0 0 0 0 0.0532854
131 132 0.00942208 0 -1.10649 0 0 0 0 -1.09707
132 133 0.222544 0 -0.981285 0 0 0 0 -0.758742
133 134 0.00980436 0 -0.872956 0 0 0 0 -0.863152
134 135 0.0435882 0 -0.985427 0 0 0 0 -0.941839
135 136 0.0170504 0 -1.31235 0 0 0 0 -1.2953
136 137 0.0568917 0 -1.1636 0 0 0 0 -1.10671
137 138 0.0289657 0 0 0 0 0 0 0.0289657
138 139 0.000149803 0 -1.06772 0 0 0 0 -1.06757
140 141 0.000481507 0 -1.27874 0 0 0 0 -1.27826
141 142 0.108819 0 -0.857227 0 0 0 0 -0.748408
142 143 0.00188553 0 -1.2857 0 0 0 0 -1.28381
143 144 0.0066046 0 -1.08925 0 0 0 0 -1.08265
144 145 1.90074e-05 0 0 0 0 0 0 1.90074e-05
145 146 0.00759627 0 0 0 0 0 0 0.00759627
146 147 0.0451911 0 -1.29017 0 0 0 0 -1.24497
147 148 0.00983002 0 -0.855016 0 0 0 0 -0.845186
148 149 0.053527 0 0 0 0 0 0 0.053527
149 150 0.0380804 0 -1.19774 0 0 0 0 -1.15966
150 151 0.00849469 0 -0.604719 0 0 0 0 -0.596224
151 152 0.0785206 0 -0.0580363 0 0 0 0 0.0204843
152 153 0.000198335 0 -1.23417 0 0 0 0 -1.23397
153 154 0.0487576 0 0 0 0 0 0 0.0487576
154 155 0.0296733 0 -0 0 0 0 0 0.0296733
155 156 0.045387 0 0 0 0 0 0 0.045387
156 157 0.000331648 0 0 0 0 0 0 0.000331648
157 158 0.00254445 0 -1.17343 0 0 0 0 -1.17088
158 159 0.00146314 0 0 0 0 0 0 0.00146314
160 161 0.0478709 0 -1.19176 0 0 0 0 -1.14389
161 162 0.0545592 0 0 0 0 0 0 0.0545592
162 163 0.0353652 0 -1.39308 0 0 0 0 -1.35771
163 164 0.119675 0 -1.37884 0 0 0 0 -1.25917
164 165 0.0535078 0 0 0 0 0 0 0.0535078
165 166 0.177378 0 -1.21821 0 0 0 0 -1.04084
166 167 0.0113847 0 -1.36138 0 0 0 0 -1.34999
167 168 0.0169401 0 -1.26778 0 0 0 0 -1.25084
168 169 0.00131521 0 0 0 0 0 0 0.00131521
169 170 0.0439582 0 -0.890984 0 0 0 0 -0.847026
170 171 0.0066931 0 -1.21639 0 0 0 0 -1.2097
171 172 0.123409 0 -1.17934 0 0 0 0 -1.05593
172 173 0.0320344 0 0 0 0 0 0 0.0320344
173 174 0.00158262 0 -1.27174 0 0 0 0 -1.27015
174 175 0.135256 0 0 0 0 0 0 0.135256
175 176 0.0197993 0 -0.0142944 0 0 0 0 0.00550498
176 177 0.185364 0 0 0 0 0 0 0.185364
177 178 0.000440857 0 -1.27719 0 0 0 0 -1.27675
178 179 0.00473023 0 0 0 0 0 0 0.00473023
180 181 0.00929564 0 0 0 0 0 0 0.00929564
181 182 0.16162 0 -1.2789 0 0 0 0 -1.11728
182 183 0.0399359 0 -0.643176 0 0 0 0 -0.60324
182 184 0 0 0 0 0 -4.00978e-06 -4.30513e-19 -4.00978e-06
183 184 0.0174376 0 -0 0 0 0 0 0.0174376
184 185 0.0608658 0 0 0 0 0 0 0.0608658
185 186 0.000158253 0 0 0 0 0 0 0.000158253
186 187 0.0222118 0 -1.06753 0 0 0 0 -1.04532
187 188 0.0892329 0 -1.42188 0 0 0 0 -1.33265
188 189 0.00213541 0 0 0 0 0 0 0.00213541
189 190 0.471284 0 0 0 0 0 0 0.471284
190 191 0.0395181 0 0 0 0 0 0 0.0395181
191 192 0.00472438 0 -1.19227 0 0 0 0 -1.18754
192 193 0.0014588 0 -0.609387 0 0 0 0 -0.607928
193 194 0.0545816 0 -1.13936 0 0 0 0 -1.08478
194 195 0.0189126 0 -1.40049 0 0 0 0 -1.38157
195 196 0.08092 0 0 0 0 0 0 0.08092
196 197 0.129183 0 0 0 0 0 0 0.129183
197 198 0.13565 0 0 0 0 0 0 0.13565
198 199 0.172295 0 0 0 0 0 0 0.172295
200 201 0.191613 0 0 0 0 0 0 0.191613
201 202 0.0163521 0 -1.28998 0 0 0 0 -1.27363
202 203 0.10743 0 -1.04653 0 0 0 0 -0.9391
203 204 0.00810721 0 0 0 0 0 0 0.00810721
204 205 0.149087 0 0 0 0 0 0 0.149087
205 206 0.0686912 0 -1.3569 0 0 0 0 -1.28821
206 207 0.0780614 0 0 0 0 0 0 0.0780614
207 208 0.0512758 0 0 0 0 0 0 0.0512758
208 209 0.008946 0 -0.736238 0 0 0 0 -0.727292
209 210 0.0164765 0 -0 0 0 0 0 0.0164765
210 211 0.0692515 0 0 0 0 0 0 0.0692515
211 212 6.42407e-05 0 -0.833297 0 0 0 0 -0.833233
212 213 0.0641451 0 0 0 0 0 0 0.0641451
213 214 0.000194087 0 -1.34106 0 0 0 0 -1.34087
214 215 0.197354 0 -1.03231 0 0 0 0 -0.834952
215 216 0.0122002 0 0 0 0 0 0 0.0122002
216 217 0.0426532 0 0 0 0 0 0 0.0426532
217 218 0.00100077 0 0 0 0 0 0 0.00100077
218 219 0.00689716 0 0 0 0 0 0 0.00689716
220 221 0.00389924 0 -1.06861 0 0 0 0 -1.06471
221 222 0.000105585 0 0 0 0 0 0 0.000105585
222 223 0.0168273 0 0 0 0 0 0 0.0168273
223 224 0.0525568 0 -1.34519 0 0 0 0 -1.29263
224 225 0.0609554 0 0 0 0 0 0 0.0609554
225 226 0.0193095 0 0 0 0 0 0 0.0193095
226 227 0.0022329 0 -0.903426 0 0 0 0 -0.901194
227 228 0.00724044 0 -1.07346 0 0 0 0 -1.06622
228 229 0.0252146 0 0 0 0 0 0 0.0252146
229 230 0.0162993 0 0 0 0 0 0 0.0162993
230 231 0.0294059 0 0 0 0 0 0 0.0294059
231 232 0.108984 0 -1.3169 0 0 0 0 -1.20792
232 233 0.0133511 0 -1.27186 0 0 0 0 -1.25851
233 234 0.0512874 0 0 0 0 0 0 0.0512874
234 235 0.0977832 0 0 0 0 0 0 0.0977832
235 236 0.0112258 0 -0.860566 0 0 0 0 -0.84934
236 237 0.00228074 0 0 0 0 0 0 0.00228074
237 238 0.00848673 0 -0 0 0 0 0 0.00848673
238 239 0.0780556 0 -1.05584 0 0 0 0 -0.97778
240 241 0.285521 0 -0 0 0 0 0 0.285521
241 242 0.315096 0 -1.20584 0 0 0 0 -0.890739
242 243 0.224005 0 -1.18564 0 0 0 0 -0.96163
243 244 0.0531933 0 -1.20635 0 0 0 0 -1.15316
244 245 0.0593907 0 -1.05261 0 0 0 0 -0.993218
245 246 0.026868 0 -1.26161 0 0 0 0 -1.23474
246 247 0.192347 0 0 0 0 0 0 0.192347
247 248 0.126601 0 -1.15964 0 0 0 0 -1.03304
248 249 0.0127349 0 -1.08836 0 0 0 0 -1.07562
249 250 0.049994 0 0 0 0 0 0 0.049994
250 251 0.144295 0 0 0 0 0 0 0.144295
251 252 0.147515 0 -1.17219 0 0 0 0 -1.02468
252 253 0.022967 0 -1.24505 0 0 0 0 -1.22208
253 254 0.0143744 0 -0.903332 0 0 0 0 -0.888957
254 255 0.127244 0 -0.753932 0 0 0 0 -0.626687
255 256 0.0116911 0 0 0 0 0 0 0.0116911
256 257 0.0747034 0 0 0 0 0 0 0.0747034
257 258 0.0291131 0 -0.853163 0 0 0 0 -0.82405
258 259 0.042879 0 0 0 0 0 0 0.042879
260 261 0.0487655 0 -1.46097 0 0 0 0 -1.41221
261 262 0.165606 0 -1.2197 0 0 0 0 -1.05409
262 263 0.011459 0 -0.607854 0 0 0 0 -0.596395
263 264 0.299098 0 0 0 0 0 0 0.299098
264 265 0.0202515 0 -0 0 0 0 0 0.0202515
265 266 0.000381806 0 0 0 0 0 0 0.000381806
266 267 0.0203737 0 -0 0 0 0 0 0.0203737
267 268 0.116098 0 -1.3485 0 0 0 0 -1.2324
268 269 0.030391 0 0 0 0 0 0 0.030391
269 270 0.00471425 0 0 0 0 0 0 0.00471425
270 271 0.032209 0 -1.25436 0 0 0 0 -1.22215
271 272 0.267014 0 -1.34386 0 0 0 0 -1.07685
272 273 0.0543455 0 -0.657472 0 0 0 0 -0.603126
273 274 1.3328e-05 0 -1.03078 0 0 0 0 -1.03076
274 275 0.0599697 0 -1.25701 0 0 0 0 -1.19704
275 276 0.0410692 0 -1.41814 0 0 0 0 -1.37707
276 277 0.521643 0 -1.21197 0 0 0 0 -0.690325
277 278 0.0486719 0 -1.31128 0 0 0 0 -1.26261
278 279 0.0133909 0 -1.20914 0 0 0 0 -1.19575
280 281 0.0947014 0 -1.09636 0 0 0 0 -1.00166
281 282 3.91378e-05 0 0 0 0 0 0 3.91378e-05
282 283 0.0133348 0 -1.38531 0 0 0 0 -1.37198
283 284 0.000613935 0 0 0 0 0 0 0.000613935
284 285 0.0690345 0 -1.2191 0 0 0 0 -1.15007
285 286 0.000389149 0 0 0 0 0 0 0.000389149
286 287 0.00207238 0 -1.34234 0 0 0 0 -1.34026
287 288 0.00278608 0 0 0 0 0 0 0.00278608
288 289 0.00422799 0 0 0 0 0 0 0.00422799
289 290 3.49718e-06 0 -1.05748 0 0 0 0 -1.05748
290 291 0.037929 0 -1.14342 0 0 0 0 -1.10549
291 292 0.09021 0 -1.34788 0 0 0 0 -1.25767
292 293 0.0370046 0 0 0 0 0 0 0.0370046
293 294 0.014943 0 0 0 0 0 0 0.014943
294 295 0.00228316 0 0 0 0 0 0 0.00228316
295 296 0.000334565 0 -1.30639 0 0 0 0 -1.30605
296 297 0.00644834 0 0 0 0 0 0 0.00644834
297 298 0.0316629 0 0 0 0 0 0 0.0316629
298 299 0.00861923 0 0 0 0 0 0 0.00861923
300 301 0.0177104 0 -1.31075 0 0 0 0 -1.29304
301 302 0.0406093 0 0 0 0 0 0 0.0406093
302 303 0.110915 0 0 0 0 0 0 0.110915
303 304 0.0599399 0 -1.23468 0 0 0 0 -1.17474
304 305 0.0037303 0 -1.36024 0 0 0 0 -1.35651
305 306 0.00385568 0 -0.925085 0 0 0 0 -0.921229
306 307 0.0448663 0 -1.35345 0 0 0 0 -1.30858
307 308 0.199222 0 -0.974038 0 0 0 0 -0.774816
308 309 0.0002914 0 -1.26615 0 0 0 0 -1.26586
309 310 0.00998073 0 0 0 0 0 0 0.00998073
310 311 0.0185808 0 -1.0146 0 0 0 0 -0.996015
311 312 0.0652515 0 0 0 0 0 0 0.0652515
312 313 0.245741 0 -1.27652 0 0 0 0 -1.03077
313 314 0.000123425 0 -1.13506 0 0 0 0 -1.13494
314 315 0.297711 0 0 0 0 0 0 0.297711
315 316 1.62802e-07 0 -0 0 0 0 0 1.62802e-07
316 317 0.0171509 0 0 0 0 0 0 0.0171509
317 318 0.0199613 0 -1.32836 0 0 0 0 -1.3084
318 319 0.181939 0 -0.553072 0 0 0 0 -0.371133
320 321 0.0233414 0 0 0 0 0 0 0.0233414
321 322 0.0285266 0 -1.13866 0 0 0 0 -1.11014
322 323 0.0482575 0 -1.23986 0 0 0 0 -1.1916
323 324 0.0116735 0 -1.29248 0 0 0 0 -1.28081
324 325 0.132383 0 -1.21287 0 0 0 0 -1.08049
325 326 0.0182637 0 -1.15411 0 0 0 0 -1.13584
326 327 0.323334 0 0 0 0 0 0 0.323334
327 328 0.057492 0 -1.1838 0 0 0 0 -1.1263
328 329 0.0768953 0 0 0 0 0 0 0.0768953
329 330 0.103361 0 -1.15183 0 0 0 0 -1.04847
330 331 9.6503e-06 0 -0.341186 0 0 0 0 -0.341176
331 332 0.0299447 0 -1.17834 0 0 0 0 -1.14839
332 333 0.0608786 0 -1.15011 0 0 0 0 -1.08923
333 334 0.412226 0 -0.568125 0 0 0 0 -0.155899
334 335 0.016913 0 -0.999267 0 0 0 0 -0.982354
335 336 0.0878681 0 -1.33252 0 0 0 0 -1.24465
336 337 0.000280526 0 0 0 0 0 0 0.000280526
337 338 0.00390033 0 -1.36838 0 0 0 0 -1.36448
338 339 0.188772 0 -1.30489 0 0 0 0 -1.11611
340 341 0.226576 0 -0.414344 0 0 0 0 -0.187768
341 342 0.00945838 0 0 0 0 0 0 0.00945838
342 343 0.0409516 0 -0.475993 0 0 0 0 -0.435042
343 344 0.0894517 0 0 0 0 0 0 0.0894517
344 345 0.0290206 0 -0 0 0 0 0 0.0290206
345 346 0.102033 0 0 0 0 0 0 0.102033
346 347 0.253299 0 -1.0881 0 0 0 0 -0.834802
347 348 0.00490442 0 -1.18654 0 0 0 0 -1.18164
348 349 0.109528 0 0 0 0 0 0 0.109528
349 350 0.00253479 0 0 0 0 0 0 0.00253479
350 351 7.35884e-05 0 0 0 0 0 0 7.35884e-05
351 352 0.060492 0 -0 0 0 0 0 0.060492
352 353 0.0236676 0 0 0 0 0 0 0.0236676
353 354 0.00493301 0 0 0 0 0 0 0.00493301
354 355 0.0234596 0 -1.31485 0 0 0 0 -1.29139
355 356 0.0171186 0 -1.37135 0 0 0 0 -1.35423
356 357 0.00645941 0 -1.17916 0 0 0 0 -1.1727
357 358 0.210761 0 -1.36323 0 0 0 0 -1.15246
358 359 1.00411e-05 0 0 0 0 0 0 1.00411e-05
360 361 0.0752735 0 -1.15311 0 0 0 0 -1.07784
361 362 0.0301453 0 -1.07669 0 0 0 0 -1.04654
362 363 0.0273781 0 -1.08985 0 0 0 0 -1.06248
363 364 0.0467957 0 -0.969908 0 0 0 0 -0.923113
364 365 0.174959 0 0 0 0 0 0 0.174959
365 366 0.0419082 0 -1.03402 0 0 0 0 -0.992116
366 367 0.0156599 0 -1.29011 0 0 0 0 -1.27445
367 368 0.0322098 0 0 0 0 0 0 0.0322098
368 369 0.0252873 0 -0.898814 0 0 0 0 -0.873527
369 370 0.00391151 0 0 0 0 0 0 0.00391151
370 371 0.0310035 0 -1.25771 0 0 0 0 -1.22671
365 372 0 0 0 0 0 -0.0378601 -0 -0.0378601
371 372 0.185342 0 0 0 0 0 0 0.185342
372 373 0.0258619 0 0 0 0 0 0 0.0258619
373 374 0.212279 0 -1.11699 0 0 0 0 -0.904709
374 375 0.000735496 0 -1.302 0 0 0 0 -1.30126
375 376 0.0131694 0 0 0 0 0 0 0.0131694
376 377 0.114532 0 -1.29516 0 0 0 0 -1.18063
377 378 0.00810732 0 -1.04426 0 0 0 0 -1.03615
378 379 0.0325505 0 -1.25413 0 0 0 0 -1.22158
380 381 0.0443252 0 0 0 0 0 0 0.0443252
381 382 0.00226513 0 -1.46848 0 0 0 0 -1.46621
382 383 0.0346455 0 0 0 0 0 0 0.0346455
383 384 0.0552644 0 -1.0798 0 0 0 0 -1.02454
384 385 0.164878 0 -0.739353 0 0 0 0 -0.574475
385 386 0.00034127 0 0 0 0 0 0 0.00034127
386 387 0.0114904 0 -1.01045 0 0 0 0 -0.998959
387 388 0.0915561 0 -1.41658 0 0 0 0 -1.32503
388 389 0.056133 0 -1.30908 0 0 0 0 -1.25294
389 390 0.00442072 0 -0 0 0 0 0 0.00442072
390 391 0.00160178 0 -1.3099 0 0 0 0 -1.3083
391 392 0.182188 0 0 0 0 0 0 0.182188
392 393 2.67748e-06 0 0 0 0 0 0 2.67748e-06
393 394 4.49083e-05 0 0 0 0 0 0 4.49083e-05
394 395 0.0121739 0 0 0 0 0 0 0.0121739
395 396 0.0835206 0 0 0 0 0 0 0.0835206
396 397 0.00788262 0 0 0 0 0 0 0.00788262
397 398 0.00950037 0 -1.42435 0 0 0 0 -1.41485
398 399 0.00354029 0 0 0 0 0 0 0.00354029
400 401 0.000325298 0 -1.19618 0 0 0 0 -1.19586
401 402 0.0037446 0 -1.42377 0 0 0 0 -1.42003
402 403 0.000959785 0 -1.12925 0 0 0 0 -1.12829
403 404 0.0499039 0 -1.11256 0 0 0 0 -1.06266
404 405 0.00776288 0 -1.05014 0 0 0 0 -1.04238
405 406 0.00333717 0 -1.36026 0 0 0 0 -1.35693
405 407 0 0 0 0.037259 0 0 0 0.037259
406 407 0.000736723 0 0 0 0 0 0 0.000736723
407 408 0.00435567 0 -0.928061 0 0 0 0 -0.923705
408 409 0.0129279 0 -0.955115 0 0 0 0 -0.942187
409 410 0.0233496 0 -1.18705 0 0 0 0 -1.1637
410 411 0.0383218 0 0 0 0 0 0 0.0383218
411 412 0.00598355 0 0 0 0 0 0 0.00598355
412 413 0.0227619 0 0 0 0 0 0 0.0227619
413 414 0.0117787 0 0 0 0 0 0 0.0117787
414 415 0.0223557 0 -0.44196 0 0 0 0 -0.419605
415 416 0.00391976 0 -1.29854 0 0 0 0 -1.29462
416 417 0.0616428 0 -1.31823 0 0 0 0 -1.25659
417 418 0.169888 0 -1.32509 0 0 0 0 -1.1552
418 419 0.0689431 0 -1.39071 0 0 0 0 -1.32177
420 421 0.0248912 0 0 0 0 0 0 0.0248912
421 422 0.0314799 0 0 0 0 0 0 0.0314799
422 423 0.028255 0 0 0 0 0 0 0.028255
423 424 0.0033718 0 0 0 0 0 0 0.0033718
424 425 0.0510485 0 -1.22529 0 0 0 0 -1.17424
425 426 0.0968381 0 -1.03562 0 0 0 0 -0.938787
426 427 0.0521186 0 0 0 0 0 0 0.0521186
427 428 6.19634e-07 0 0 0 0 0 0 6.19634e-07
428 429 0.00343107 0 0 0 0 0 0 0.00343107
429 430 0.0014974 0 -1.06295 0 0 0 0 -1.06146
430 431 0.218722 0 0 0 0 0 0 0.218722
431 432 0.000706617 0 -0 0 0 0 0 0.000706617
432 433 0.0682668 0 -0.489616 0 0 0 0 -0.421349
433 434 0.0990449 0 0 0 0 0 0 0.0990449
434 435 0.286967 0 -0 0 0 0 0 0.286967
435 436 0.0161015 0 -1.13522 0 0 0 0 -1.11912
436 437 0.000144726 0 -1.16853 0 0 0 0 -1.16838
437 438 0.0015969 0 -0.688153 0 0 0 0 -0.686556
438 439 0.00082459 0 -0.525567 0 0 0 0 -0.524743
440 441 0.0641476 0 -1.15341 0 0 0 0 -1.08926
441 442 0.0617398 0 0 0 0 0 0 0.0617398
441 443 0 0 0 0.41136 0 0 0 0.41136
442 443 0.0009432 0 0 0 0 0 0 0.0009432
443 444 0.093454 0 -0.929238 0 0 0 0 -0.835784
444 445 0.0729586 0 -1.23559 0 0 0 0 -1.16264
445 446 0.00169409 0.00145753 0 0 0 0 0 0.00315162
446 447 0.52118 0 0 0 0 0 0 0.52118
447 448 0.0121732 0 -1.39407 0 0 0 0 -1.38189
448 449 0.0248693 0 -1.08729 0 0 0 0 -1.06242
449 450 0.0107006 0 -0.904647 0 0 0 0 -0.893946
450 451 0.13178 0 -1.15749 0 0 0 0 -1.02571
451 452 0.00781627 0 -1.14547 0 0 0 0 -1.13765
452 453 0.00205592 0 -1.03463 0 0 0 0 -1.03258
453 454 6.65462e-06 0 -0.683194 0 0 0 0 -0.683187
454 455 0.0253612 0 -1.07305 0 0 0 0 -1.04769
455 456 0.00317734 0 0 0 0 0 0 0.00317734
456 457 0.000340909 0 -1.26598 0 0 0 0 -1.26563
457 458 0.0257138 0 -1.09597 0 0 0 0 -1.07026
458 459 0.000122581 0 0 0 0 0 0 0.000122581
460 461 0.00879468 0 -1.36608 0 0 0 0 -1.35728
461 462 0.0519489 0 -1.07906 0 0 0 0 -1.02711
462 463 0.816802 0 -0.939011 0 0 0 0 -0.122209
463 464 0.00848062 0 -1.2379 0 0 0 0 -1.22942
464 465 0.0146148 0 0 0 0 0 0 0.0146148
465 466 0.113473 0 0 0 0 0 0 0.113473
466 467 0.175099 0 0 0 0 0 0 0.175099
467 468 0.0126268 0 -1.15166 0 0 0 0 -1.13904
468 469 0.000156976 0 -1.12707 0 0 0 0 -1.12691
469 470 0.0692959 0 0 0 0 0 0 0.0692959
470 471 0.12187 0 -1.25871 0 0 0 0 -1.13684
471 472 0.0521188 0 -1.40594 0 0 0 0 -1.35383
472 473 0.00520782 0 0 0 0 0 0 0.00520782
473 474 0.0243586 0 -1.26624 0 0 0 0 -1.24189
474 475 0.000737785 0 -1.25236 0 0 0 0 -1.25162
475 476 0.0535292 0 -1.12826 0 0 0 0 -1.07473
476 477 0.151433 0 0 0 0 0 0 0.151433
477 478 0.12388 0 -1.24151 0 0 0 0 -1.11763
478 479 0.022064 0 -0.131181 0 0 0 0 -0.109117
480 481 0.00392643 0 0 0 0 0 0 0.00392643
481 482 0.00772327 0 -1.26505 0 0 0 0 -1.25733
482 483 0.0138871 0 0 0 0 0 0 0.0138871
483 484 0.00792731 0 -0 0 0 0 0 0.00792731
484 485 0.0539308 0 0 0 0 0 0 0.0539308
485 486 0.0469404 0 -0 0 0 0 0 0.0469404
486 487 0.0424261 0 -1.30996 0 0 0 0 -1.26754
487 488 0.000171417 0 0 0 0 0 0 0.000171417
488 489 0.00444114 0 0 0 0 0 0 0.00444114
489 490 0.0502748 0 -0.978094 0 0 0 0 -0.927819
490 491 0.0544588 0 -0.983161 0 0 0 0 -0.928702
491 492 0.0069156 0 -1.29298 0 0 0 0 -1.28606
492 493 0.000123577 0 -1.23467 0 0 0 0 -1.23454
493 494 0.000677589 0 0 0 0 0 0 0.000677589
494 495 0.0597387 0 0 0 0 0 0 0.0597387
495 496 0.0704062 0 0 0 0 0 0 0.0704062
496 497 0.00162636 0 0 0 0 0 0 0.00162636
497 498 0.00633656 0 -1.21273 0 0 0 0 -1.2064
498 499 0.00484449 0 0 0 0 0 0 0.00484449
500 501 0.0752286 0 0 0 0 0 0 0.0752286
501 502 0.0168402 0 0 0 0 0 0 0.0168402
502 503 0.0718122 0 -1.31869 0 0 0 0 -1.24687
503 504 0.000565638 0 0 0 0 0 0 0.000565638
504 505 0.014965 0 -1.31178 0 0 0 0 -1.29681
505 506 0.000245444 0 -0 0 0 0 0 0.000245444
506 507 0.000687798 0 -1.30876 0 0 0 0 -1.30807
507 508 0.00772243 0 -1.23081 0 0 0 0 -1.22309
508 509 0.09408 0 -1.29151 0 0 0 0 -1.19743
509 510 0.00745919 0 -1.37097 0 0 0 0 -1.36351
510 511 0.129125 0 -1.41839 0 0 0 0 -1.28927
511 512 0.000976223 0 -1.11332 0 0 0 0 -1.11235
512 513 0.00219048 0 -0.76183 0 0 0 0 -0.75964
513 514 0.00249819 0 -1.12235 0 0 0 0 -1.11986
514 515 0.266642 0 -1.41044 0 0 0 0 -1.1438
515 516 0.00573226 0 0 0 0 0 0 0.00573226
516 517 0.132718 0 0 0 0 0 0 0.132718
517 518 0.257498 0 -1.40645 0 0 0 0 -1.14895
518 519 0.0129699 0 -0 0 0 0 0 0.0129699
520 521 0.0117219 0 0 0 0 0 0 0.0117219
521 522 0.0874646 0 -0.721844 0 0 0 0 -0.63438
522 523 0.0324202 0 0 0 0 0 0 0.0324202
523 524 0.00111769 0 -1.36808 0 0 0 0 -1.36696
524 525 0.0363491 0 -0.772119 0 0 0 0 -0.73577
525 526 0.00386729 0 0 0 0 0 0 0.00386729
526 527 0.163069 0 0 0 0 0 0 0.163069
527 528 0.0200706 0 -0.0735881 0 0 0 0 -0.0535174
528 529 0.0229795 0 -1.29418 0 0 0 0 -1.2712
529 530 0.0404592 0 -1.06494 0 0 0 0 -1.02448
530 531 0.00887998 0 0 0 0 0 0 0.00887998
531 532 0.00100389 0 0 0 0 0 0 0.00100389
532 533 0.0129187 0 0 0 0 0 0 0.0129187
533 534 0.0151408 0 -1.45314 0 0 0 0 -1.438
534 535 0.0128008 0 -0 0 0 0 0 0.0128008
535 536 0.0510553 0 -0 0 0 0 0 0.0510553
536 537 0.320479 0 0 0 0 0 0 0.320479
537 538 0.0293405 0 0 0 0 0 0 0.0293405
538 539 0.0708603 0 -1.2638 0 0 0 0 -1.19294
540 541 0.222341 0 -1.24481 0 0 0 0 -1.02247
541 542 0.00085057 0 -1.04765 0 0 0 0 -1.0468
542 543 0.00630212 0 0 0 0 0 0 0.00630212
543 544 0.133613 0 0 0 0 0 0 0.133613
544 545 0.00532914 0 -1.15502 0 0 0 0 -1.14969
545 546 0.0762729 0 0 0 0 0 0 0.0762729
546 547 0.0622394 0 -0 0 0 0 0 0.0622394
547 548 0.0440908 0.0319569 0 0 0 0 0 0.0760477
548 549 0.0299357 0 -1.31008 0 0 0 0 -1.28015
549 550 0.0347594 0 -1.33823 0 0 0 0 -1.30347
550 551 0.0262541 0 0 0 0 0 0 0.0262541
551 552 0.145343 0 0 0 0 0 0 0.145343
552 553 0.0528364 0 -0.674486 0 0 0 0 -0.621649
553 554 0.0148279 0 -1.19196 0 0 0 0 -1.17713
554 555 0.114502 0 0 0 0 0 0 0.114502
555 556 0.000542245 0 -1.07181 0 0 0 0 -1.07127
556 557 0.0429713 0 -1.36703 0 0 0 0 -1.32406
557 558 0.00815476 0 -1.08265 0 0 0 0 -1.07449
558 559 0.00373588 0 -1.05672 0 0 0 0 -1.05299
560 561 0.0137135 0 -0.961832 0 0 0 0 -0.948119
561 562 0.0109537 0 -1.29873 0 0 0 0 -1.28778
562 563 0.105305 0 -0.943433 0 0 0 0 -0.838128
563 564 0.158394 0 0 0 0 0 0 0.158394
564 565 0.128923 0 0 0 0 0 0 0.128923
565 566 0.00103665 0 0 0 0 0 0 0.00103665
566 567 0.00407476 0 0 0 0 0 0 0.00407476
567 568 0.00622215 0 0 0 0 0 0 0.00622215
568 569 0.0641711 0 -0.979875 0 0 0 0 -0.915704
569 570 0.00645808 0 -1.05696 0 0 0 0 -1.0505
570 571 0.0441188 0 -1.37268 0 0 0 0 -1.32856
571 572 0.000588812 0 -1.20756 0 0 0 0 -1.20698
572 573 0.0115321 0 -0.806526 0 0 0 0 -0.794994
573 574 0.146628 0 0 0 0 0 0 0.146628
574 575 0.0106007 0 -0 0 0 0 0 0.0106007
575 576 0.00304199 0.0192423 -0.995872 0 0 0 0 -0.973587
576 577 0.117972 0 0 0 0 0 0 0.117972
577 578 0.0680724 0 -1.35092 0 0 0 0 -1.28284
578 579 0.0371949 0 0 0 0 0 0 0.0371949
580 581 0.0030114 0 0 0 0 0 0 0.0030114
581 582 0.000211415 0 -1.37457 0 0 0 0 -1.37436
582 583 0.00517904 0 -1.44889 0 0 0 0 -1.44371
583 584 0.00174247 0 -1.16834 0 0 0 0 -1.16659
584 585 0.0760357 0 -1.00766 0 0 0 0 -0.931621
585 586 0.00333422 0 -1.39879 0 0 0 0 -1.39546
586 587 0.0347275 0 -1.18905 0 0 0 0 -1.15432
587 588 0.00142275 0 0 0 0 0 0 0.00142275
588 589 8.8454e-05 0 -0 0 0 0 0 8.8454e-05
589 590 0.0790173 0 -0 0 0 0 0 0.0790173
590 591 0.0278937 0 0 0 0 0 0 0.0278937
591 592 0.0224538 0 -1.28606 0 0 0 0 -1.26361
592 593 0.00919883 0 -1.27238 0 0 0 0 -1.26318
593 594 0.204591 0 -1.02287 0 0 0 0 -0.818277
594 595 0.000341164 0 -0 0 0 0 0 0.000341164
595 596 0.000666958 0 0 0 0 0 0 0.000666958
596 597 0.251104 0 -1.12192 0 0 0 0 -0.870812
597 598 0.200554 0 -1.25111 0 0 0 0 -1.05056
598 599 0.0473029 0 -1.35287 0 0 0 0 -1.30557
#Total energy per particle is  -0.54761 and should be -0.5476110
