#id1 id2 FENE BEXC STCK NEXC HB CRSTCK CXSTCK total, t = 200000
0 1 0.0366429 0 -1.17682 0 0 0 0 -1.14017
1 2 0.00752481 0 -1.15411 0 0 0 0 -1.14659
2 3 0.0206143 0 -1.35773 0 0 0 0 -1.33712
3 4 0.0183302 0 0 0 0 0 0 0.0183302
4 5 0.000367798 0 -1.26077 0 0 0 0 -1.2604
5 6 0.0161607 0 -1.135 0 0 0 0 -1.11884
6 7 0.000180557 0 -1.31961 0 0 0 0 -1.31943
7 8 0.00565759 0 -0 0 0 0 0 0.00565759
8 9 0.0104397 0 -1.14012 0 0 0 0 -1.12968
9 10 0.0342636 0 0 0 0 0 0 0.0342636
10 11 0.0397729 0 -0.977251 0 0 0 0 -0.937478
11 12 9.36239e-05 0 0 0 0 0 0 9.36239e-05
12 13 2.23978e-05 0 -1.38568 0 0 0 0 -1.38566
13 14 0.0021875 0 -0.894928 0 0 0 0 -0.892741
14 15 0.0213918 0 -0.715402 0 0 0 0 -0.69401
15 16 0.00698347 0 -0.962736 0 0 0 0 -0.955753
16 17 0.000462324 0 0 0 0 0 0 0.000462324
17 18 0.0107426 0 -1.32602 0 0 0 0 -1.31528
18 19 0.0117939 0 0 0 0 0 0 0.0117939
20 21 0.0281654 0 0 0 0 0 0 0.0281654
21 22 0.0104855 0 0 0 0 0 0 0.0104855
22 23 0.00091179 0 -0.729417 0 0 0 0 -0.728505
23 24 0.0254839 0 -1.36738 0 0 0 0 -1.3419
24 25 0.00157367 0 0 0 0 0 0 0.00157367
25 26 0.0113889 0 -1.43436 0 0 0 0 -1.42297
26 27 0.00134622 0 0 0 0 0 0 0.00134622
27 28 0.0091547 0 -1.07552 0 0 0 0 -1.06637
28 29 0.0103433 0 0 0 0 0 0 0.0103433
29 30 0.0137128 0 -1.25727 0 0 0 0 -1.24356
30 31 0.0400846 0 -0.517224 0 0 0 0 -0.47714
31 32 0.0183251 0 -1.29542 0 0 0 0 -1.2771
32 33 0.0406152 0 -0.429187 0 0 0 0 -0.388572
33 34 0.000237924 0 -1.02798 0 0 0 0 -1.02774
34 35 0.0127094 0 -1.18646 0 0 0 0 -1.17375
35 36 0.00804865 0 -1.41568 0 0 0 0 -1.40763
36 37 0.0596328 0 0 0 0 0 0 0.0596328
37 38 0.0956102 0 0 0 0 0 0 0.0956102
38 39 0.0168633 0 -1.14008 0 0 0 0 -1.12322
40 41 0.0193103 0 -1.41372 0 0 0 0 -1.39441
41 42 1.51822e-05 0 -1.30383 0 0 0 0 -1.30382
42 43 0.0261679 0 -1.31467 0 0 0 0 -1.28851
43 44 0.0196299 0 0 0 0 0 0 0.0196299
44 45 0.333752 0 0 0 0 0 0 0.333752
45 46 0.00807134 0 -1.04675 0 0 0 0 -1.03868
46 47 0.00823004 0 -1.39343 0 0 0 0 -1.3852
47 48 0.0122252 0 -1.38579 0 0 0 0 -1.37357
48 49 0.0562948 0 0 0 0 0 0 0.0562948
49 50 0.0182193 0 -1.04306 0 0 0 0 -1.02484
50 51 0.000822528 0 -1.30674 0 0 0 0 -1.30592
51 52 0.0794714 0 -1.17112 0 0 0 0 -1.09165
52 53 0.0987373 0 -0.873158 0 0 0 0 -0.77442
53 54 0.100612 0 0 0 0 0 0 0.100612
54 55 0.0550588 0 0 0 0 0 0 0.0550588
55 56 0.121751 0 -1.23727 0 0 0 0 -1.11552
56 57 0.0100507 0 0 0 0 0 0 0.0100507
57 58 0.00128302 0.0885737 0 0 0 0 0 0.0898568
58 59 0.0244962 0 0 0 0 0 0 0.0244962
60 61 0.127211 0 -0.984406 0 0 0 0 -0.857196
61 62 0.0321354 0 0 0 0 0 0 0.0321354
62 63 0.00229826 0 -1.0337 0 0 0 0 -1.0314
63 64 0.0939106 0 -0.680589 0 0 0 0 -0.586679
64 65 0.0330641 0 0 0 0 0 0 0.0330641
65 66 0.000776995 0 0 0 0 0 0 0.000776995
66 67 0.0106297 0 -0 0 0 0 0 0.0106297
67 68 0.00526343 0 -1.14469 0 0 0 0 -1.13943
68 69 0.158126 0 -1.14445 0 0 0 0 -0.986326
69 70 0.0768011 0 -1.14245 0 0 0 0 -1.06565
70 71 0.0140075 0 -1.24449 0 0 0 0 -1.23048
71 72 0.0403726 0 -1.11063 0 0 0 0 -1.07026
72 73 0.113449 0 -1.21201 0 0 0 0 -1.09857
73 74 0.0201112 0 -0 0 0 0 0 0.0201112
74 75 0.166455 0 0 0 0 0 0 0.166455
75 76 0.00681914 0 -1.25929 0 0 0 0 -1.25247
76 77 0.0903641 0 -1.27708 0 0 0 0 -1.18671
77 78 0.147867 0 -0 0 0 0 0 0.147867
78 79 0.0375664 0 -1.19508 0 0 0 0 -1.15752
80 81 0.00862149 0 0 0 0 0 0 0.00862149
81 82 0.162653 0 -0.927466 0 0 0 0 -0.764813
82 83 4.28492e-05 0 -1.13347 0 0 0 0 -1.13343
83 84 0.0523732 0 -1.23428 0 0 0 0 -1.18191
84 85 0.0538593 0 -0.970627 0 0 0 0 -0.916768
85 86 0.0361399 0 0 0 0 0 0 0.0361399
86 87 0.0358073 0 0 0 0 0 0 0.0358073
87 88 0.0365951 0 -1.23629 0 0 0 0 -1.1997
88 89 0.0280382 0 -1.01636 0 0 0 0 -0.988326
89 90 0.0196296 0 -1.10164 0 0 0 0 -1.08201
90 91 0.013824 0 0 0 0 0 0 0.013824
91 92 0.0919089 0 0 0 0 0 0 0.0919089
92 93 0.0178389 0 -1.28531 0 0 0 0 -1.26747
93 94 0.0236026 0 0 0 0 0 0 0.0236026
94 95 0.0198763 0 0 0 0 0 0 0.0198763
95 96 0.0670182 0 0 0 0 0 0 0.0670182
96 97 0.00178671 0 -0.959206 0 0 0 0 -0.95742
97 98 0.119419 0 0 0 0 0 0 0.119419
98 99 0.0125569 0 0 0 0 0 0 0.0125569
100 101 0.0186349 0 0 0 0 0 0 0.0186349
101 102 0.0274989 0 -1.30963 0 0 0 0 -1.28213
102 103 0.0170772 0 -1.45277 0 0 0 0 -1.43569
103 104 0.0483717 0 -0.938506 0 0 0 0 -0.890134
104 105 0.0102758 0 -1.22181 0 0 0 0 -1.21154
105 106 0.100469 0 -1.13674 0 0 0 0 -1.03627
106 107 0.0365244 0 -1.0696 0 0 0 0 -1.03307
107 108 0.000127325 0 0 0 0 0 0 0.000127325
108 109 0.00418779 0 0 0 0 0 0 0.00418779
109 110 0.0442152 0 -0 0 0 0 0 0.0442152
110 111 0.00466409 0 -0.93456 0 0 0 0 -0.929896
111 112 0.0121984 0 0 0 0 0 0 0.0121984
112 113 0.0400366 0 -1.29554 0 0 0 0 -1.25551
113 114 0.0232812 0 -0 0 0 0 0 0.0232812
114 115 0.168341 0 0 0 0 0 0 0.168341
115 116 0.0856618 0 0 0 0 0 0 0.0856618
116 117 0.0338725 0 -1.32678 0 0 0 0 -1.29291
117 118 0.0297125 0 0 0 0 0 0 0.0297125
117 119 0 0 0 0.00182128 0 0 0 0.00182128
118 119 0.00142098 0 0 0 0 0 0 0.00142098
120 121 0.0204814 0 -0.887771 0 0 0 0 -0.86729
121 122 0.00129261 0 0 0 0 0 0 0.00129261
122 123 0.0130376 0 -1.24446 0 0 0 0 -1.23142
123 124 0.0252855 0 -0.939506 0 0 0 0 -0.91422
124 125 0.007098 0 -1.21175 0 0 0 0 -1.20465
125 126 0.0255054 0 -0.649492 0 0 0 0 -0.623986
126 127 0.000163951 0 -0.93596 0 0 0 0 -0.935796
127 128 0.004481 0 -1.27394 0 0 0 0 -1.26946
128 129 0.0118882 0 -1.18458 0 0 0 0 -1.17269
129 130 0.128127 0 -1.32467 0 0 0 0 -1.19654
130 131 0.030218 0 -1.34998 0 0 0 0 -1.31977
131 132 0.0908873 0 -0 0 0 0 0 0.0908873
132 133 0.0193162 0 0 0 0 0 0 0.0193162
133 134 0.00381953 0 -0.583691 0 0 0 0 -0.579871
134 135 0.00349721 0 0 0 0 0 0 0.00349721
135 136 0.0536065 0 0 0 0 0 0 0.0536065
136 137 0.163589 0 -1.26111 0 0 0 0 -1.09752
137 138 0.0120358 0 -1.18907 0 0 0 0 -1.17703
138 139 0.0256375 0 -0 0 0 0 0 0.0256375
140 141 0.0233584 0 -1.32596 0 0 0 0 -1.3026
141 142 0.250302 0 0 0 0 0 0 0.250302
142 143 0.0369822 0 0 0 0 0 0 0.0369822
143 144 0.00648152 0 -1.33136 0 0 0 0 -1.32488
144 145 0.0341147 0 -1.34746 0 0 0 0 -1.31334
145 146 0.0380691 0 -0.581623 0 0 0 0 -0.543554
146 147 0.518838 0 -1.08999 0 0 0 0 -0.571151
147 148 0.045978 0 -1.23298 0 0 0 0 -1.18701
148 149 0.188936 0 -0.616312 0 0 0 0 -0.427376
149 150 0.0135219 0 0 0 0 0 0 0.0135219
150 151 0.00929866 0 0 0 0 0 0 0.00929866
151 152 0.0350707 0 0 0 0 0 0 0.0350707
146 153 0 0 0 0 0 -0.0062334 -0 -0.0062334
145 153 0 0 0 0 0 -0.00558946 0 -0.00558946
152 153 0.0626385 0 0 0 0 0 0 0.0626385
145 154 0 0 0 0 0 -0.0151532 -0 -0.0151532
144 154 0 0 0 0 0 -0.142903 0 -0.142903
153 154 0.000237967 0 -1.32605 0 0 0 0 -1.32581
145 155 0 0 0 0 -0 -0.112164 0 -0.112164
144 155 0 0 0 0 -0.632009 0 -0 -0.632009
143 155 0 0 0 0 0 -0.109569 0 -0.109569
154 155 0.0414054 0 -1.12054 0 0 0 0 -1.07913
155 156 0.000763724 0 0 0 0 0 0 0.000763724
156 157 0.00198661 0 -1.43836 0 0 0 0 -1.43637
157 158 0.00377103 0 0 0 0 0 0 0.00377103
158 159 0.000306148 0 -1.3951 0 0 0 0 -1.39479
160 161 0.0967936 0 0 0 0 0 0 0.0967936
161 162 0.00601459 0 -1.0898 0 0 0 0 -1.08378
162 163 0.31537 0 0 0 0 0 0 0.31537
163 164 0.00360719 0 -1.19141 0 0 0 0 -1.18781
164 165 0.0328372 0 -1.24065 0 0 0 0 -1.20781
165 166 0.0346675 0 -0.816883 0 0 0 0 -0.782215
166 167 0.0221603 0 -1.39014 0 0 0 0 -1.36798
167 168 0.0376418 0 0 0 0 0 0 0.0376418
168 169 3.92527e-05 0 -1.42018 0 0 0 0 -1.42015
169 170 0.00444027 0 -1.458 0 0 0 0 -1.45356
170 171 0.104751 0 -0.934864 0 0 0 0 -0.830113
171 172 4.39903e-05 0 -1.07236 0 0 0 0 -1.07232
172 173 0.0342069 0 0 0 0 0 0 0.0342069
173 174 0.146836 0 0 0 0 0 0 0.146836
174 175 0.0135798 0 -0 0 0 0 0 0.0135798
175 176 0.0149063 0 0 0 0 0 0 0.0149063
176 177 0.0100298 0 -0.613072 0 0 0 0 -0.603043
177 178 0.0315727 0 -0.967459 0 0 0 0 -0.935886
178 179 0.115352 0 -1.24299 0 0 0 0 -1.12764
180 181 0.0246101 0 0 0 0 0 0 0.0246101
181 182 0.0359401 0 -1.00623 0 0 0 0 -0.970287
182 183 0.041717 0 0 0 0 0 0 0.041717
183 184 0.00654888 0 -1.26775 0 0 0 0 -1.2612
184 185 0.0200105 0 0 0 0 0 0 0.0200105
185 186 0.0707843 0 0 0 0 0 0 0.0707843
186 187 0.00510386 0 -1.0378 0 0 0 0 -1.0327
187 188 0.0358072 0 -1.15992 0 0 0 0 -1.12411
188 189 6.94687e-06 0 0 0 0 0 0 6.94687e-06
189 190 0.00559367 0 0 0 0 0 0 0.00559367
190 191 0.0180087 0 0 0 0 0 0 0.0180087
191 192 0.0120674 0 -1.19775 0 0 0 0 -1.18568
192 193 0.0212509 0 -1.06199 0 0 0 0 -1.04074
193 194 0.00168557 0 0 0 0 0 0 0.00168557
194 195 0.396561 0 -1.10967 0 0 0 0 -0.713113
195 196 0.00751605 0 -0.88979 0 0 0 0 -0.882274
196 197 0.00464749 0 -1.3154 0 0 0 0 -1.31075
197 198 0.0361952 0 -1.41749 0 0 0 0 -1.3813
198 199 1.36299e-05 0 -1.17866 0 0 0 0 -1.17864
200 201 0.16216 0 0 0 0 0 0 0.16216
201 202 0.0380586 0 0 0 0 0 0 0.0380586
202 203 0.00351274 0 -1.16898 0 0 0 0 -1.16546
203 204 0.000945047 0 0 0 0 0 0 0.000945047
204 205 0.0357251 0 -1.25138 0 0 0 0 -1.21565
205 206 0.0234576 0 -1.41384 0 0 0 0 -1.39039
206 207 0.0255701 0 -0.969835 0 0 0 0 -0.944265
207 208 0.00692163 0 -1.14853 0 0 0 0 -1.14161
208 209 0.0308497 0 -1.17069 0 0 0 0 -1.13984
209 210 0.0102327 0 -0.771456 0 0 0 0 -0.761224
210 211 0.00761306 0 -1.28539 0 0 0 0 -1.27778
211 212 0.0407101 0 -1.14276 0 0 0 0 -1.10205
212 213 0.0164503 0 -1.31409 0 0 0 0 -1.29764
213 214 0.000159486 0 0 0 0 0 0 0.000159486
214 215 0.033394 0 0 0 0 0 0 0.033394
215 216 0.00768256 0 0 0 0 0 0 0.00768256
216 217 0.0370538 0 -1.32225 0 0 0 0 -1.28519
217 218 0.00884607 0 -1.3935 0 0 0 0 -1.38465
218 219 0.0129859 0 0 0 0 0 0 0.0129859
220 221 0.0169996 0 0 0 0 0 0 0.0169996
221 222 0.0195677 0 0 0 0 0 0 0.0195677
222 223 0.0549585 0 -1.11738 0 0 0 0 -1.06242
223 224 0.0145919 0 -1.22501 0 0 0 0 -1.21042
224 225 0.0724896 0 -1.01879 0 0 0 0 -0.946296
225 226 0.184569 0 0 0 0 0 0 0.184569
226 227 4.94602e-05 0 -1.40801 0 0 0 0 -1.40796
227 228 0.00100567 0 0 0 0 0 0 0.00100567
228 229 0.019285 0 0 0 0 0 0 0.019285
229 230 0.0923869 0 -1.09787 0 0 0 0 -1.00548
230 231 0.127039 0 -1.31627 0 0 0 0 -1.18923
231 232 0.00480764 0 -1.04535 0 0 0 0 -1.04055
232 233 0.0307328 0 -0 0 0 0 0 0.0307328
233 234 0.0288984 0 -1.23276 0 0 0 0 -1.20386
234 235 0.0321945 0 -0.982419 0 0 0 0 -0.950224
234 236 0 0 0 0.100016 0 0 0 0.100016
235 236 0.00458487 0 0 0 0 0 0 0.00458487
236 237 0.0252234 0 -1.30152 0 0 0 0 -1.2763
237 238 0.0535195 0 -1.03845 0 0 0 0 -0.984927
238 239 0.0222688 0 0 0 0 0 0 0.0222688
240 241 0.00246245 0 0 0 0 0 0 0.00246245
241 242 0.0577605 0 0 0 0 0 0 0.0577605
242 243 0.0339617 0 -1.35839 0 0 0 0 -1.32443
243 244 0.252723 0 -0.793032 0 0 0 0 -0.54031
244 245 0.00654842 0 0 0 0 0 0 0.00654842
245 246 0.0525022 0 0 0 0 0 0 0.0525022
246 247 0.203308 0 0 0 0 0 0 0.203308
247 248 0.0320472 0 -0 0 0 0 0 0.0320472
248 249 0.00314195 0 0 0 0 0 0 0.00314195
249 250 0.0333063 0 -1.04263 0 0 0 0 -1.00932
250 251 0.239708 0 0 0 0 0 0 0.239708
251 252 0.00342115 0 0 0 0 0 0 0.00342115
252 253 0.0333369 0 -1.34482 0 0 0 0 -1.31148
253 254 0.00706132 0 -1.24019 0 0 0 0 -1.23313
254 255 0.129994 0 0 0 0 0 0 0.129994
255 256 0.0649192 0 -0.337649 0 0 0 0 -0.27273
255 257 0 0 0 0 0 -0.00275836 0 -0.00275836
256 257 0.0907098 0 -0.890401 0 0 0 0 -0.799692
257 258 0.0171089 0 -0.162401 0 0 0 0 -0.145292
258 259 0.118222 0 0 0 0 0 0 0.118222
260 261 0.293347 0 -1.20963 0 0 0 0 -0.916285
261 262 0.0123441 0 -1.36373 0 0 0 0 -1.35138
262 263 0.254323 0 -1.12447 0 0 0 0 -0.870147
263 264 0.000203399 0 -1.09013 0 0 0 0 -1.08993
264 265 0.0155177 0 -1.23687 0 0 0 0 -1.22135
265 266 0.128013 0 -1.38275 0 0 0 0 -1.25474
266 267 0.166653 0 0 0 0 0 0 0.166653
267 268 0.118724 0 -1.38534 0 0 0 0 -1.26662
268 269 0.0269242 0 -1.31462 0 0 0 0 -1.28769
269 270 0.0493578 0 -0.0216809 0 0 0 0 0.0276769
270 271 4.8839e-05 0 -1.43476 0 0 0 0 -1.43471
271 272 0.0176083 0 0 0 0 0 0 0.0176083
272 273 0.0460111 0 -1.13251 0 0 0 0 -1.0865
273 274 0.000652281 0 -0 0 0 0 0 0.000652281
274 275 1.91857e-05 0 -1.39303 0 0 0 0 -1.39301
275 276 0.0214556 0 -0 0 0 0 0 0.0214556
276 277 0.0250595 0 0 0 0 0 0 0.0250595
277 278 0.122158 0 -1.1938 0 0 0 0 -1.07164
278 279 0.0354426 0 -1.03009 0 0 0 0 -0.994647
280 281 0.00240774 0 0 0 0 0 0 0.00240774
281 282 0.0157251 0 -1.18945 0 0 0 0 -1.17372
282 283 0.0205678 0 -1.237 0 0 0 0 -1.21643
283 284 0.0432044 0 -0.774207 0 0 0 0 -0.731002
284 285 0.00826151 0 0 0 0 0 0 0.00826151
285 286 0.0826904 0 0 0 0 0 0 0.0826904
286 287 0.037836 0 -1.11549 0 0 0 0 -1.07765
287 288 0.00144003 0 -0 0 0 0 0 0.00144003
288 289 0.114365 0 0 0 0 0 0 0.114365
289 290 0.0103222 0 -0.862164 0 0 0 0 -0.851842
290 291 0.0376567 0 -1.34739 0 0 0 0 -1.30974
291 292 0.00147077 0 0 0 0 0 0 0.00147077
292 293 0.0256921 0 -1.23323 0 0 0 0 -1.20754
293 294 0.213528 0 -1.15963 0 0 0 0 -0.946099
294 295 0.114826 0 0 0 0 0 0 0.114826
295 296 0.00409803 0 -1.34227 0 0 0 0 -1.33817
296 297 0.000715126 0 0 0 0 0 0 0.000715126
297 298 0.0415528 0 -0 0 0 0 0 0.0415528
298 299 0.0892384 0 -1.07893 0 0 0 0 -0.98969
300 301 0.0850591 0 -0.792954 0 0 0 0 -0.707895
301 302 0.0330278 0 -1.26295 0 0 0 0 -1.22992
302 303 0.00217426 0 -1.38601 0 0 0 0 -1.38383
303 304 0.265048 0 -1.31829 0 0 0 0 -1.05324
304 305 0.0073874 0 0 0 0 0 0 0.0073874
305 306 0.0179488 0 -1.17296 0 0 0 0 -1.15501
306 307 0.00192502 0 -1.1268 0 0 0 0 -1.12488
307 308 0.0622278 0 0 0 0 0 0 0.0622278
308 309 0.011142 0 0 0 0 0 0 0.011142
309 310 0.0403472 0 0 0 0 0 0 0.0403472
310 311 0.0189191 0 -0 0 0 0 0 0.0189191
311 312 0.00044216 0 -1.39002 0 0 0 0 -1.38958
312 313 0.0209452 0 -0.000827497 0 0 0 0 0.0201177
313 314 0.000175888 0 -1.28743 0 0 0 0 -1.28725
314 315 0.0646059 0 0 0 0 0 0 0.0646059
315 316 0.0297073 0 -1.274 0 0 0 0 -1.24429
316 317 0.0455319 0 -1.28132 0 0 0 0 -1.23579
317 318 0.030268 0 -0 0 0 0 0 0.030268
318 319 0.00125732 0 0 0 0 0 0 0.00125732
320 321 0.0189163 0 0 0 0 0 0 0.0189163
321 322 0.00435223 0 0 0 0 0 0 0.00435223
322 323 0.00188779 0 -0 0 0 0 0 0.00188779
323 324 0.0237188 0 0 0 0 0 0 0.0237188
324 325 0.0835209 0 -0.980338 0 0 0 0 -0.896817
325 326 0.00473714 0 0 0 0 0 0 0.00473714
326 327 0.000257137 0 0 0 0 0 0 0.000257137
327 328 0.0801442 0 -1.00493 0 0 0 0 -0.924784
328 329 0.00524129 0 0 0 0 0 0 0.00524129
329 330 0.0391746 0 0 0 0 0 0 0.0391746
330 331 0.0458006 0 -1.43059 0 0 0 0 -1.38479
331 332 0.504383 0 -0.940583 0 0 0 0 -0.4362
332 333 0.0490422 0 -0 0 0 0 0 0.0490422
333 334 0.296638 0 0 0 0 0 0 0.296638
334 335 0.0643486 0 -1.33587 0 0 0 0 -1.27152
335 336 0.0364142 0 -1.26965 0 0 0 0 -1.23324
336 337 0.0175147 0 0 0 0 0 0 0.0175147
337 338 0.202125 0 -1.43548 0 0 0 0 -1.23336
338 339 0.0655905 0 0 0 0 0 0 0.0655905
340 341 0.0500253 0 -1.07534 0 0 0 0 -1.02531
341 342 0.000686622 0 0 0 0 0 0 0.000686622
342 343 0.0158463 0 0 0 0 0 0 0.0158463
343 344 0.227044 0 -1.19256 0 0 0 0 -0.965515
344 345 0.0252441 0 0 0 0 0 0 0.0252441
345 346 0.0395576 0 -0.928206 0 0 0 0 -0.888648
346 347 0.000285994 0 -1.07737 0 0 0 0 -1.07708
347 348 0.0419305 0 -1.28145 0 0 0 0 -1.23952
348 349 0.00629645 0 -0.990946 0 0 0 0 -0.984649
349 350 0.119895 0 -1.42738 0 0 0 0 -1.30749
350 351 0.3984 0 -0.7594 0 0 0 0 -0.361
351 352 0.00228229 0 -1.34964 0 0 0 0 -1.34736
352 353 0.0988298 0 -1.29711 0 0 0 0 -1.19828
353 354 0.00010992 0 -0.969411 0 0 0 0 -0.969301
354 355 0.365262 0 0 0 0 0 0 0.365262
355 356 0.0439427 0 -1.16447 0 0 0 0 -1.12052
356 357 0.05803 0 -0.0180842 0 0 0 0 0.0399458
357 358 0.000909636 0 -1.2831 0 0 0 0 -1.28219
358 359 0.02359 0 -1.17722 0 0 0 0 -1.15363
360 361 0.0423581 0 -1.3564 0 0 0 0 -1.31404
361 362 0.320102 0 -0.379698 0 0 0 0 -0.0595964
362 363 0.0440777 0 0 0 0 0 0 0.0440777
363 364 0.000737638 0 -1.26006 0 0 0 0 -1.25933
364 365 0.102126 0 0 0 0 0 0 0.102126
365 366 0.0108005 0 -0.689794 0 0 0 0 -0.678994
366 367 0.111733 0 -0.926073 0 0 0 0 -0.814339
367 368 0.0128365 0 0 0 0 0 0 0.0128365
368 369 0.00154915 0 0 0 0 0 0 0.00154915
369 370 0.000384482 0 -1.20328 0 0 0 0 -1.2029
370 371 0.00110177 0 -1.35995 0 0 0 0 -1.35885
371 372 0.0145431 0 -0.835241 0 0 0 0 -0.820698
372 373 0.04534 0 -1.25896 0 0 0 0 -1.21362
373 374 0.000546858 0 -1.24723 0 0 0 0 -1.24668
374 375 0.00685306 0 -1.06266 0 0 0 0 -1.05581
375 376 0.0388318 0 0 0 0 0 0 0.0388318
376 377 0.185319 0 -1.12797 0 0 0 0 -0.942652
377 378 0.000234111 0 0 0 0 0 0 0.000234111
378 379 0.0114861 0 0 0 0 0 0 0.0114861
380 381 0.118969 0 -0.342594 0 0 0 0 -0.223625
381 382 0.00191444 0 -1.1026 0 0 0 0 -1.10068
382 383 7.80567e-05 0 -1.26846 0 0 0 0 -1.26838
383 384 0.000434259 0 -0 0 0 0 0 0.000434259
384 385 0.345671 0 -0 0 0 0 0 0.345671
385 386 0.000795659 0 -1.32881 0 0 0 0 -1.32801
386 387 0.0678469 0 -1.01172 0 0 0 0 -0.943869
387 388 0.35084 0 0 0 0 0 0 0.35084
388 389 0.00809934 0 -1.36089 0 0 0 0 -1.35279
389 390 0.0742333 0 -1.36007 0 0 0 0 -1.28583
390 391 0.00317165 0 -1.35678 0 0 0 0 -1.3536
391 392 0.00284301 0 0 0 0 0 0 0.00284301
392 393 0.118599 0 -1.1388 0 0 0 0 -1.0202
393 394 0.0829204 0 -1.09611 0 0 0 0 -1.01319
394 395 0.000185776 0 -0.802498 0 0 0 0 -0.802312
395 396 0.0333402 0 -1.2433 0 0 0 0 -1.20996
396 397 0.000168563 0 0 0 0 0 0 0.000168563
397 398 0.00149227 0 0 0 0 0 0 0.00149227
398 399 0.000140539 0 0 0 0 0 0 0.000140539
400 401 0.0557485 0 0 0 0 0 0 0.0557485
401 402 0.0151126 0 -0.0137386 0 0 0 0 0.00137394
402 403 0.000935354 0 0 0 0 0 0 0.000935354
403 404 0.00188306 0 -1.15441 0 0 0 0 -1.15253
404 405 0.0133966 0 0 0 0 0 0 0.0133966
405 406 0.144476 0 -1.09687 0 0 0 0 -0.952389
406 407 9.40268e-05 0 -1.2552 0 0 0 0 -1.25511
407 408 0.0902469 0 -0.0363838 0 0 0 0 0.0538631
408 409 0.00212804 0 -1.19167 0 0 0 0 -1.18954
409 410 0.0578348 0 -1.42118 0 0 0 0 -1.36335
410 411 0.0908191 0 -1.26767 0 0 0 0 -1.17685
411 412 0.102128 0 0 0 0 0 0 0.102128
412 413 0.0162993 0.000639973 -0.310723 0 0 0 0 -0.293784
413 414 0.0123607 0 -0.966839 0 0 0 0 -0.954479
414 415 0.0902419 0 0 0 0 0 0 0.0902419
415 416 0.00343211 0 -1.33633 0 0 0 0 -1.3329
416 417 0.0328467 0 0 0 0 0 0 0.0328467
417 418 0.0743002 0 0 0 0 0 0 0.0743002
418 419 0.0329067 0 -1.28739 0 0 0 0 -1.25448
420 421 0.000501973 0 -0.86491 0 0 0 0 -0.864408
421 422 0.0115147 0 -1.2826 0 0 0 0 -1.27109
422 423 0.00501045 0 0 0 0 0 0 0.00501045
423 424 0.0467902 0 -1.077 0 0 0 0 -1.03021
424 425 0.000171405 0 0 0 0 0 0 0.000171405
425 426 0.141019 0 -1.08852 0 0 0 0 -0.947502
426 427 0.0125317 0 0 0 0 0 0 0.0125317
427 428 0.249916 0 0 0 0 0 0 0.249916
428 429 0.0115337 0 -1.44787 0 0 0 0 -1.43633
429 430 0.000588878 0 0 0 0 0 0 0.000588878
430 431 0.0663013 0 -1.43017 0 0 0 0 -1.36387
431 432 0.00129122 0 0 0 0 0 0 0.00129122
432 433 1.05374e-05 0 -1.19675 0 0 0 0 -1.19674
433 434 0.0167943 0 -0.932853 0 0 0 0 -0.916058
434 435 0.00355509 0 -1.02435 0 0 0 0 -1.02079
435 436 0.00407629 0 0 0 0 0 0 0.00407629
436 437 0.0247027 0 0 0 0 0 0 0.0247027
437 438 0.023525 0 -1.31445 0 0 0 0 -1.29092
438 439 0.116491 0 0 0 0 0 0 0.116491
440 441 7.95129e-05 0 -1.12636 0 0 0 0 -1.12628
441 442 0.00192983 0 0 0 0 0 0 0.00192983
442 443 0.0240192 0 -1.37104 0 0 0 0 -1.34702
443 444 0.0230623 0 0 0 0 0 0 0.0230623
444 445 0.0360042 0 -1.29967 0 0 0 0 -1.26367
445 446 0.280928 0 0 0 0 0 0 0.280928
446 447 0.00479643 0 -1.07977 0 0 0 0 -1.07497
447 448 0.0032905 0 -1.31235 0 0 0 0 -1.30906
448 449 0.0782177 0 -0 0 0 0 0 0.0782177
449 450 0.149893 0 0 0 0 0 0 0.149893
450 451 0.0226058 0 -0.781989 0 0 0 0 -0.759383
451 452 4.0783e-05 0 -1.37055 0 0 0 0 -1.37051
452 453 0.0217592 0 0 0 0 0 0 0.0217592
453 454 0.0756785 0 -0.525287 0 0 0 0 -0.449609
454 455 0.103411 0 -1.08585 0 0 0 0 -0.982442
455 456 0.00159669 0 -0.497733 0 0 0 0 -0.496137
456 457 0.0367619 0 0 0 0 0 0 0.0367619
457 458 0.00466506 0 -1.3658 0 0 0 0 -1.36114
458 459 0.483055 0 -0.889303 0 0 0 0 -0.406248
460 461 0.0114541 0 -0.65697 0 0 0 0 -0.645516
461 462 0.00250765 0 -1.20732 0 0 0 0 -1.20481
462 463 0.0396616 0 -1.05637 0 0 0 0 -1.01671
463 464 0.0571669 0 -0.963601 0 0 0 0 -0.906434
464 465 0.0734463 0 0 0 0 0 0 0.0734463
465 466 0.00743322 0 0 0 0 0 0 0.00743322
466 467 0.149781 0 -1.08991 0 0 0 0 -0.940132
467 468 0.0202604 0 -0.993649 0 0 0 0 -0.973388
468 469 0.0816643 0 -1.26971 0 0 0 0 -1.18804
469 470 0.0329567 0 -1.18217 0 0 0 0 -1.14921
470 471 0.0222396 0 -0.738638 0 0 0 0 -0.716398
471 472 0.00288955 0 0 0 0 0 0 0.00288955
472 473 0.0482155 0 0 0 0 0 0 0.0482155
473 474 0.0102064 0 -1.41352 0 0 0 0 -1.40331
474 475 0.0016233 0 0 0 0 0 0 0.0016233
475 476 0.0118099 0 -1.20576 0 0 0 0 -1.19395
476 477 0.00127185 0 -1.17392 0 0 0 0 -1.17264
477 478 6.48262e-05 0 -1.28223 0 0 0 0 -1.28216
478 479 0.150861 0 0 0 0 0 0 0.150861
480 481 0.0111785 0 -1.17009 0 0 0 0 -1.15891
481 482 0.0748565 0 0 0 0 0 0 0.0748565
482 483 0.158812 0 -1.01127 0 0 0 0 -0.852462
483 484 0.189762 0 -0.802092 0 0 0 0 -0.612331
484 485 0.0261723 0 0 0 0 0 0 0.0261723
485 486 0.0261996 0 0 0 0 0 0 0.0261996
486 487 0.0504425 0 0 0 0 0 0 0.0504425
487 488 0.00926829 0 -1.28389 0 0 0 0 -1.27462
488 489 0.431066 0 -1.17198 0 0 0 0 -0.740919
489 490 0.0612914 0 -1.04157 0 0 0 0 -0.980274
490 491 0.000227341 0 -1.06524 0 0 0 0 -1.06501
491 492 0.022409 0 -0.568346 0 0 0 0 -0.545937
492 493 0.0298818 0 -0.777844 0 0 0 0 -0.747962
493 494 0.0244722 0 0 0 0 0 0 0.0244722
494 495 0.00115409 0 0 0 0 0 0 0.00115409
495 496 0.226269 0 -1.35314 0 0 0 0 -1.12687
496 497 0.0493078 0 -1.05976 0 0 0 0 -1.01045
497 498 0.0068198 0 -1.05963 0 0 0 0 -1.05281
498 499 0.00966572 0 -1.28341 0 0 0 0 -1.27375
500 501 0.041385 0 -1.39865 0 0 0 0 -1.35727
501 502 0.0306227 0 -1.09155 0 0 0 0 -1.06092
502 503 0.00606874 0 -1.04401 0 0 0 0 -1.03794
503 504 0.0738516 0 -1.22622 0 0 0 0 -1.15237
504 505 0.0475012 0 0 0 0 0 0 0.0475012
505 506 0.0788332 0 0 0 0 0 0 0.0788332
506 507 0.0675043 0 -1.31183 0 0 0 0 -1.24433
507 508 0.000240969 0 -1.10857 0 0 0 0 -1.10833
508 509 0.0210343 0 -0.934928 0 0 0 0 -0.913894
509 510 0.0163222 0 -0.647169 0 0 0 0 -0.630847
510 511 0.0388083 0 -1.03973 0 0 0 0 -1.00093
511 512 0.159406 0 -1.00382 0 0 0 0 -0.844411
512 513 0.0994991 0 -0.941237 0 0 0 0 -0.841738
513 514 0.108411 0 -1.35681 0 0 0 0 -1.2484
514 515 0.00303426 0 -1.18889 0 0 0 0 -1.18585
515 516 0.00734562 0 0 0 0 0 0 0.00734562
516 517 1.2841e-05 0 -1.29481 0 0 0 0 -1.2948
517 518 0.0183043 0 0 0 0 0 0 0.0183043
518 519 0.00327881 0 -1.26376 0 0 0 0 -1.26048
520 521 0.00659218 0 -1.22235 0 0 0 0 -1.21576
521 522 0.0293808 0 -0.421637 0 0 0 0 -0.392256
522 523 0.0916268 0 0 0 0 0 0 0.0916268
523 524 0.00863182 0 -1.1359 0 0 0 0 -1.12727
524 525 0.0156514 0 0 0 0 0 0 0.0156514
525 526 0.0204435 0 0 0 0 0 0 0.0204435
526 527 0.0198521 0 -1.35388 0 0 0 0 -1.33402
527 528 0.0757715 0 -0.96339 0 0 0 0 -0.887618
528 529 0.206482 0 0 0 0 0 0 0.206482
529 530 0.126401 0 -0 0 0 0 0 0.126401
530 531 0.0218805 0 -1.23513 0 0 0 0 -1.21325
531 532 0.0869612 0 0 0 0 0 0 0.0869612
532 533 0.0466502 0 -0.195079 0 0 0 0 -0.148429
533 534 0.00301837 0 -1.42173 0 0 0 0 -1.41871
534 535 0.0110519 0 -1.07263 0 0 0 0 -1.06158
535 536 0.00123326 0 -1.37738 0 0 0 0 -1.37615
536 537 0.0660568 0 0 0 0 0 0 0.0660568
537 538 0.118639 0 0 0 0 0 0 0.118639
538 539 0.0266718 0 -1.34102 0 0 0 0 -1.31434
540 541 0.0752418 0 -1.10244 0 0 0 0 -1.02719
541 542 0.00029574 0 -0.707737 0 0 0 0 -0.707441
542 543 0.0825935 0 -1.14959 0 0 0 0 -1.06699
543 544 0.00419088 0 -0.984653 0 0 0 0 -0.980463
544 545 0.0113005 0 0 0 0 0 0 0.0113005
545 546 0.0242688 0 -1.24706 0 0 0 0 -1.22279
546 547 0.0554487 0 -1.21889 0 0 0 0 -1.16344
547 548 0.000111468 0 -1.03036 0 0 0 0 -1.03025
548 549 0.0223923 0 0 0 0 0 0 0.0223923
549 550 0.315058 0 -1.05819 0 0 0 0 -0.743131
550 551 0.000403752 0 0 0 0 0 0 0.000403752
551 552 0.0430018 0 -0 0 0 0 0 0.0430018
552 553 0.00435165 0 -0 0 0 0 0 0.00435165
553 554 0.00281064 0 -1.32335 0 0 0 0 -1.32054
554 555 0.107211 0 0 0 0 0 0 0.107211
555 556 0.000284937 0 -1.23383 0 0 0 0 -1.23354
556 557 0.00300076 0 -0.794869 0 0 0 0 -0.791868
557 558 0.0127337 0 -1.05977 0 0 0 0 -1.04704
558 559 0.01812 0 0 0 0 0 0 0.01812
560 561 0.0891353 0 0 0 0 0 0 0.0891353
561 562 0.00156394 0 -1.02688 0 0 0 0 -1.02532
562 563 0.0145324 0 0 0 0 0 0 0.0145324
563 564 0.000842379 0 -1.03628 0 0 0 0 -1.03544
564 565 0.00147912 0 -0.953517 0 0 0 0 -0.952038
565 566 0.00411839 0 -1.38421 0 0 0 0 -1.3801
566 567 0.0467209 0 -0.623932 0 0 0 0 -0.577211
567 568 0.126675 0 0 0 0 0 0 0.126675
568 569 0.00154524 0 -0.971628 0 0 0 0 -0.970083
569 570 0.00935223 0 -1.16254 0 0 0 0 -1.15319
570 571 0.0875311 0 -1.44686 0 0 0 0 -1.35933
571 572 0.00482207 0 -1.16429 0 0 0 0 -1.15947
572 573 0.172078 0 0 0 0 0 0 0.172078
573 574 0.00327192 0 -1.01177 0 0 0 0 -1.0085
574 575 0.0699743 0 0 0 0 0 0 0.0699743
575 576 0.0108163 0 -1.15779 0 0 0 0 -1.14697
576 577 0.0636026 0 -0.997498 0 0 0 0 -0.933896
577 578 0.0424417 0 -1.36247 0 0 0 0 -1.32003
578 579 0.0906641 0 0 0 0 0 0 0.0906641
580 581 0.0676471 0 0 0 0 0 0 0.0676471
581 582 0.0563822 0 -1.28183 0 0 0 0 -1.22545
582 583 0.0123142 0 -1.37951 0 0 0 0 -1.36719
583 584 0.033 0 -1.07045 0 0 0 0 -1.03745
584 585 0.00801887 0 0 0 0 0 0 0.00801887
585 586 0.178919 0 0 0 0 0 0 0.178919
586 587 0.033033 0 0 0 0 0 0 0.033033
587 588 0.0289582 0 0 0 0 0 0 0.0289582
588 589 0.00050009 0 -1.07913 0 0 0 0 -1.07863
589 590 0.0294942 0 0 0 0 0 0 0.0294942
590 591 0.0158411 0 -1.12555 0 0 0 0 -1.10971
591 592 0.000759346 0 -1.36871 0 0 0 0 -1.36795
592 593 0.0121572 0 -1.29882 0 0 0 0 -1.28666
593 594 0.00366632 0 -1.37533 0 0 0 0 -1.37166
594 595 0.0111552 0 -0.989444 0 0 0 0 -0.978289
595 596 0.0654689 0 -1.17469 0 0 0 0 -1.10923
596 597 0.24696 0 0 0 0 0 0 0.24696
597 598 0.0453596 0 -0.60119 0 0 0 0 -0.555831
598 599 0.00772578 0 -0.896084 0 0 0 0 -0.888359
#Total energy per particle is  -0.597421 and should be -0.59742110
