#id1 id2 FENE BEXC STCK NEXC HB CRSTCK CXSTCK total, t = 200000
0 1 0.0251066 0 -1.11657 0 0 0 0 -1.09146
1 2 0.0119973 0 -1.10256 0 0 0 0 -1.09057
2 3 0.00176931 0 0 0 0 0 0 0.00176931
3 4 0.099972 0 -1.2444 0 0 0 0 -1.14443
4 5 0.00571613 0 -0.760669 0 0 0 0 -0.754953
5 6 0.474672 0 -1.19106 0 0 0 0 -0.716389
6 7 0.0526759 0 0 0 0 0 0 0.0526759
5 8 0 0 0 0 0 -0.00786048 -0 -0.00786048
7 8 0.000404686 0 0 0 0 0 0 0.000404686
6 9 0 0 0 0 0 0 -6.22592e-15 -6.22592e-15
8 9 0.036959 0 -1.18611 0 0 0 0 -1.14915
9 10 0.0056141 0 -1.42661 0 0 0 0 -1.421
10 11 0.0543635 0 -0 0 0 0 0 0.0543635
6 12 0 0 0 0 0 -0.129719 -0 -0.129719
5 12 0 0 0 0 -0.741424 0 -0 -0.741424
4 12 0 0 0 0 0 -0.114529 0 -0.114529
11 12 0.13589 0 -0.811627 0 0 0 0 -0.675737
5 13 0 0 0 0 0 -0.1679 0 -0.1679
4 13 0 0 0 0 -0.759265 0 -0 -0.759265
3 13 0 0 0 0 0 -0.142801 0 -0.142801
12 13 0.00866197 0 -0.864666 0 0 0 0 -0.856004
4 14 0 0 0 0 0 -0.0966665 0 -0.0966665
3 14 0 0 0 0 -0.700751 0 -0 -0.700751
13 14 0.0134222 0 -0.916827 0 0 0 0 -0.903405
3 15 0 0 0 0 0 -0.0898929 0 -0.0898929
14 15 0.0315054 0 -1.02372 0 0 0 0 -0.992216
15 16 0.00290578 0 -1.31191 0 0 0 0 -1.309
16 17 0.116758 0 -1.26241 0 0 0 0 -1.14565
17 18 0.0868373 0 -0.968558 0 0 0 0 -0.881721
18 19 0.0122907 0 -0.944058 0 0 0 0 -0.931768
20 21 0.197435 0 -0.74068 0 0 0 0 -0.543245
21 22 0.00294549 0 -1.09093 0 0 0 0 -1.08799
22 23 0.0706592 0 0 0 0 0 0 0.0706592
23 24 0.0344009 0 -1.34644 0 0 0 0 -1.31204
24 25 0.000109666 0 0 0 0 0 0 0.000109666
25 26 0.00773859 0 -0.955154 0 0 0 0 -0.947416
26 27 0.125517 0 0 0 0 0 0 0.125517
27 28 0.0103542 0 0 0 0 0 0 0.0103542
28 29 0.0573229 0 -0.711258 0 0 0 0 -0.653935
29 30 0.0480239 0 -1.24892 0 0 0 0 -1.2009
30 31 0.230419 0 0 0 0 0 0 0.230419
31 32 0.0748026 0 -1.36105 0 0 0 0 -1.28625
32 33 0.0476996 0 0 0 0 0 0 0.0476996
33 34 0.00389997 0 -1.21352 0 0 0 0 -1.20962
34 35 0.0492035 0 0 0 0 0 0 0.0492035
35 36 0.00760017 0 0 0 0 0 0 0.00760017
36 37 0.050039 0 -0 0 0 0 0 0.050039
37 38 0.000898584 0 0 0 0 0 0 0.000898584
38 39 0.0231438 0 0 0 0 0 0 0.0231438
40 41 0.0476057 0 -0.770844 0 0 0 0 -0.723238
41 42 0.10203 0 0 0 0 0 0 0.10203
42 43 0.0249019 0 0 0 0 0 0 0.0249019
43 44 0.0320506 0 0 0 0 0 0 0.0320506
44 45 0.000705588 0 0 0 0 0 0 0.000705588
45 46 0.247359 0 0 0 0 0 0 0.247359
46 47 0.000912186 0 0 0 0 0 0 0.000912186
47 48 0.246757 0 -1.19759 0 0 0 0 -0.950829
48 49 0.0028762 0 -1.29509 0 0 0 0 -1.29222
49 50 0.000173114 0 -1.38019 0 0 0 0 -1.38002
50 51 0.00654088 0 0 0 0 0 0 0.00654088
51 52 0.0672068 0 -0 0 0 0 0 0.0672068
52 53 0.000173791 0 0 0 0 0 0 0.000173791
53 54 0.0616068 0 -1.16007 0 0 0 0 -1.09846
54 55 5.92869e-05 0 -0.65695 0 0 0 0 -0.65689
55 56 0.0573542 0 0 0 0 0 0 0.0573542
56 57 0.00253142 0 -0.58655 0 0 0 0 -0.584018
57 58 0.00180993 0 -1.27164 0 0 0 0 -1.26983
58 59 0.0193316 0 0 0 0 0 0 0.0193316
60 61 0.000469382 0 -0.998677 0 0 0 0 -0.998208
61 62 0.165153 0 -0.597664 0 0 0 0 -0.432511
62 63 0.0101723 0 -1.25825 0 0 0 0 -1.24808
63 64 0.10016 0 -1.08679 0 0 0 0 -0.98663
64 65 0.130796 0 -1.36939 0 0 0 0 -1.23859
65 66 0.0115485 0 -1.16918 0 0 0 0 -1.15763
66 67 0.0640008 0 -0 0 0 0 0 0.0640008
67 68 0.0363154 0 0 0 0 0 0 0.0363154
68 69 0.0589256 0 0 0 0 0 0 0.0589256
69 70 0.0711309 0 0 0 0 0 0 0.0711309
70 71 0.00138061 0 -1.23146 0 0 0 0 -1.23008
71 72 0.020117 0 -0.867526 0 0 0 0 -0.847409
72 73 0.0038872 0 0 0 0 0 0 0.0038872
73 74 0.0113574 0 0 0 0 0 0 0.0113574
74 75 0.00331545 0 -1.05853 0 0 0 0 -1.05521
75 76 0.00202973 0 0 0 0 0 0 0.00202973
76 77 0.0134151 0 -1.32022 0 0 0 0 -1.30681
77 78 0.00243344 0 0 0 0 0 0 0.00243344
78 79 0.013511 0 -1.00539 0 0 0 0 -0.991877
80 81 0.0725173 0 -1.2188 0 0 0 0 -1.14628
81 82 0.344291 0 0 0 0 0 0 0.344291
82 83 0.000103516 0 -1.08018 0 0 0 0 -1.08008
83 84 0.00809799 0 -1.31618 0 0 0 0 -1.30808
84 85 6.01853e-05 0 0 0 0 0 0 6.01853e-05
85 86 0.00276034 0 0 0 0 0 0 0.00276034
86 87 0.000157773 0 0 0 0 0 0 0.000157773
87 88 0.0147435 0 0 0 0 0 0 0.0147435
88 89 0.000175164 0 0 0 0 0 0 0.000175164
89 90 8.43104e-05 0 -1.19641 0 0 0 0 -1.19633
90 91 0.081953 0 -1.0596 0 0 0 0 -0.977645
91 92 0.207227 0 -1.37238 0 0 0 0 -1.16515
92 93 0.00382853 0 -0.821109 0 0 0 0 -0.817281
93 94 0.0362921 0 -1.31707 0 0 0 0 -1.28078
94 95 0.0168 0 0 0 0 0 0 0.0168
95 96 0.0616483 0 -0.920067 0 0 0 0 -0.858419
96 97 0.0943428 0 -1.26677 0 0 0 0 -1.17243
97 98 0.0157422 0 -1.14621 0 0 0 0 -1.13047
98 99 0.00497852 0 0 0 0 0 0 0.00497852
100 101 0.0426466 0 -1.32812 0 0 0 0 -1.28547
101 102 0.0847468 0 -0.836046 0 0 0 0 -0.751299
102 103 0.0403655 0 0 0 0 0 0 0.0403655
103 104 0.0137932 0 -1.44542 0 0 0 0 -1.43163
104 105 2.77351e-05 0 0 0 0 0 0 2.77351e-05
105 106 0.0549392 0 -1.12219 0 0 0 0 -1.06725
106 107 0.0289134 0 0 0 0 0 0 0.0289134
107 108 0.00348257 0 -1.28246 0 0 0 0 -1.27897
108 109 0.0995817 0 0 0 0 0 0 0.0995817
109 110 0.420295 0 -1.2608 0 0 0 0 -0.840507
110 111 0.000778166 0 -1.33095 0 0 0 0 -1.33017
111 112 0.0257741 0 -1.18738 0 0 0 0 -1.16161
112 113 0.0370799 0 0 0 0 0 0 0.0370799
113 114 0.000200935 0 0 0 0 0 0 0.000200935
114 115 0.0242625 0 -1.29953 0 0 0 0 -1.27527
115 116 0.0433491 0 -1.17555 0 0 0 0 -1.1322
116 117 0.0461387 0 0 0 0 0 0 0.0461387
117 118 0.0318163 0 -1.40457 0 0 0 0 -1.37276
118 119 0.00519517 0 0 0 0 0 0 0.00519517
120 121 0.000558314 0 -1.24865 0 0 0 0 -1.2481
121 122 0.398112 0 -1.13974 0 0 0 0 -0.741633
122 123 0.0244841 0 -1.04018 0 0 0 0 -1.01569
123 124 2.43343e-05 0 -1.4036 0 0 0 0 -1.40358
124 125 0.00719945 0 0 0 0 0 0 0.00719945
125 126 0.0195787 0 -1.12556 0 0 0 0 -1.10598
126 127 0.0900117 0 -1.12497 0 0 0 0 -1.03495
127 128 0.0826673 0 -1.11306 0 0 0 0 -1.03039
128 129 1.44729e-05 0 -0.904864 0 0 0 0 -0.904849
129 130 0.000102341 0 0 0 0 0 0 0.000102341
130 131 0.0196234 0 -0 0 0 0 0 0.0196234
131 132 0.0343391 0 -0.790921 0 0 0 0 -0.756581
132 133 0.0115543 0 0 0 0 0 0 0.0115543
133 134 0.020337 0 -1.19884 0 0 0 0 -1.17851
134 135 0.0813792 0 -1.37214 0 0 0 0 -1.29076
135 136 0.0407415 0 0 0 0 0 0 0.0407415
136 137 0.00471722 0 -1.09571 0 0 0 0 -1.091
137 138 0.0146356 0 -0 0 0 0 0 0.0146356
138 139 0.0267789 0 -0.277108 0 0 0 0 -0.250329
140 141 0.0506595 0 -0.987583 0 0 0 0 -0.936923
141 142 3.07169e-05 0 0 0 0 0 0 3.07169e-05
142 143 0.34288 0 -1.45316 0 0 0 0 -1.11028
143 144 0.135571 0 0 0 0 0 0 0.135571
144 145 1.11741e-05 0 -1.0377 0 0 0 0 -1.03769
145 146 0.0131484 0 0 0 0 0 0 0.0131484
146 147 0.00360319 0 0 0 0 0 0 0.00360319
147 148 0.0169841 0 0 0 0 0 0 0.0169841
148 149 0.134187 0 0 0 0 0 0 0.134187
149 150 0.00126462 0 0 0 0 0 0 0.00126462
150 151 0.0460664 0 0 0 0 0 0 0.0460664
151 152 5.5185e-05 0 -1.01466 0 0 0 0 -1.01461
152 153 0.0752293 0 -1.13371 0 0 0 0 -1.05848
151 154 0 0 0 0 0 -0.0764819 0 -0.0764819
153 154 0.00184545 0 -0 0 0 0 0 0.00184545
154 155 0.0120986 0 -0.897826 0 0 0 0 -0.885727
155 156 0.0246313 0 -0 0 0 0 0 0.0246313
156 157 0.071404 0 0 0 0 0 0 0.071404
157 158 0.023122 0 -1.2185 0 0 0 0 -1.19538
158 159 0.156683 0 -1.21908 0 0 0 0 -1.0624
160 161 0.00818778 0 -1.33363 0 0 0 0 -1.32545
161 162 0.0305239 0 -0 0 0 0 0 0.0305239
162 163 0.377616 0 0 0 0 0 0 0.377616
163 164 0.000318866 0 -1.12202 0 0 0 0 -1.12171
164 165 0.0362577 0 -1.19282 0 0 0 0 -1.15656
165 166 0.000835182 0 -1.18856 0 0 0 0 -1.18773
166 167 0.0307034 0 0 0 0 0 0 0.0307034
167 168 0.00173062 0 0 0 0 0 0 0.00173062
168 169 0.225852 0 0 0 0 0 0 0.225852
169 170 0.0501111 0 -0 0 0 0 0 0.0501111
170 171 0.130018 0 -1.23843 0 0 0 0 -1.10841
171 172 0.100669 0 -1.37576 0 0 0 0 -1.27509
172 173 0.00308432 0 0 0 0 0 0 0.00308432
173 174 0.0295549 0 -0 0 0 0 0 0.0295549
174 175 0.00753622 0 0 0 0 0 0 0.00753622
175 176 0.0249417 0 -1.04877 0 0 0 0 -1.02383
176 177 0.0755099 0 -1.24388 0 0 0 0 -1.16837
177 178 0.00247267 0 -0 0 0 0 0 0.00247267
178 179 0.0130713 0 0 0 0 0 0 0.0130713
180 181 0.0457399 0 0 0 0 0 0 0.0457399
181 182 0.182374 0 -1.22471 0 0 0 0 -1.04234
182 183 0.0539621 0 0 0 0 0 0 0.0539621
183 184 0.137126 0 -1.06055 0 0 0 0 -0.923425
184 185 0.107043 0 -0 0 0 0 0 0.107043
185 186 0.0142708 0 -1.4211 0 0 0 0 -1.40683
186 187 0.0470914 0 -1.248 0 0 0 0 -1.20091
187 188 0.0469064 0 -1.25297 0 0 0 0 -1.20607
188 189 0.0127801 0 -1.34039 0 0 0 0 -1.32761
189 190 0.0207681 0 -0.0123038 0 0 0 0 0.00846432
190 191 0.00644123 0 0 0 0 0 0 0.00644123
191 192 0.0201043 0 0 0 0 0 0 0.0201043
192 193 0.000453077 0 -1.17419 0 0 0 0 -1.17373
193 194 0.00489409 0 0 0 0 0 0 0.00489409
194 195 0.00306513 0 -0.843939 0 0 0 0 -0.840873
195 196 0.0401016 0 -0.805305 0 0 0 0 -0.765203
196 197 0.000238072 0 -1.30451 0 0 0 0 -1.30428
197 198 0.000290841 0 -1.39797 0 0 0 0 -1.39768
198 199 0.038199 0 0 0 0 0 0 0.038199
200 201 0.0752615 0 0 0 0 0 0 0.0752615
201 202 0.0170112 0 -1.01925 0 0 0 0 -1.00224
202 203 0.0148495 0 0 0 0 0 0 0.0148495
203 204 0.00482384 0 0 0 0 0 0 0.00482384
204 205 0.0123967 0 -0 0 0 0 0 0.0123967
205 206 0.0293811 0 0 0 0 0 0 0.0293811
206 207 0.00880222 0 0 0 0 0 0 0.00880222
207 208 0.00647336 0 -1.22388 0 0 0 0 -1.21741
208 209 0.0863653 0 -1.39995 0 0 0 0 -1.31359
209 210 0.077277 0 -1.06492 0 0 0 0 -0.987648
210 211 0.0825942 0 0 0 0 0 0 0.0825942
211 212 0.00161539 0 0 0 0 0 0 0.00161539
212 213 0.0159693 0 -1.1066 0 0 0 0 -1.09063
213 214 0.115542 0 -1.2211 0 0 0 0 -1.10556
214 215 0.024765 0 -1.00507 0 0 0 0 -0.980304
215 216 0.286591 0 0 0 0 0 0 0.286591
216 217 0.0449555 0 0 0 0 0 0 0.0449555
217 218 0.0624992 0 0 0 0 0 0 0.0624992
218 219 0.0133758 0 -0.963403 0 0 0 0 -0.950028
220 221 0.00901427 0 0 0 0 0 0 0.00901427
221 222 0.0383477 0 0 0 0 0 0 0.0383477
222 223 0.0842141 0 0 0 0 0 0 0.0842141
223 224 0.110684 0 -0 0 0 0 0 0.110684
224 225 0.0142154 0 0 0 0 0 0 0.0142154
225 226 0.0450619 0 -1.32017 0 0 0 0 -1.27511
226 227 0.0046757 0 -1.22711 0 0 0 0 -1.22243
227 228 0.22479 0 0 0 0 0 0 0.22479
228 229 0.0230994 0 -1.28074 0 0 0 0 -1.25764
229 230 0.000417542 0 0 0 0 0 0 0.000417542
230 231 0.00101824 0 0 0 0 0 0 0.00101824
231 232 0.0720949 0 -0.981078 0 0 0 0 -0.908983
232 233 0.00321454 0 0 0 0 0 0 0.00321454
233 234 0.0932572 0 0 0 0 0 0 0.0932572
234 235 8.33541e-06 0 -0.811116 0 0 0 0 -0.811108
235 236 0.00137871 0 0 0 0 0 0 0.00137871
236 237 0.0511048 0 0 0 0 0 0 0.0511048
237 238 0.0283115 0 0 0 0 0 0 0.0283115
238 239 0.0535181 0 -0 0 0 0 0 0.0535181
240 241 0.0330578 0 0 0 0 0 0 0.0330578
241 242 0.00322408 0 0 0 0 0 0 0.00322408
242 243 0.0100678 0 0 0 0 0 0 0.0100678
243 244 0.0280066 0 -1.1399 0 0 0 0 -1.11189
244 245 7.22449e-05 0 0 0 0 0 0 7.22449e-05
245 246 0.0724933 0 0 0 0 0 0 0.0724933
246 247 0.0109318 0 0 0 0 0 0 0.0109318
247 248 0.0101017 0 -1.46685 0 0 0 0 -1.45675
248 249 0.111885 0 -1.196 0 0 0 0 -1.08411
249 250 0.124394 0 -1.06359 0 0 0 0 -0.939201
250 251 0.00879736 0 0 0 0 0 0 0.00879736
251 252 0.0575756 0 -1.18474 0 0 0 0 -1.12716
252 253 0.057663 0 -1.16212 0 0 0 0 -1.10446
253 254 0.0642599 0 0 0 0 0 0 0.0642599
254 255 0.0504257 0 0 0 0 0 0 0.0504257
250 256 0 0 0 0 0 -0.075877 -0 -0.075877
255 256 0.000160302 0 -0.855097 0 0 0 0 -0.854936
249 257 0 0 0 0 0 -0.172013 0 -0.172013
256 257 0.00112094 0 -0.976063 0 0 0 0 -0.974942
249 258 0 0 0 0 -0.828321 0 -0 -0.828321
250 258 0 0 0 0 0 -0.16388 0 -0.16388
248 258 0 0 0 0 0 -0.129145 0 -0.129145
257 258 0.148788 0 -1.39517 0 0 0 0 -1.24638
249 259 0 0 0 0 0 -0.179677 0 -0.179677
248 259 0 0 0 0 -0.5558 0 -0 -0.5558
247 259 0 0 0 0 0 -0.026034 0 -0.026034
258 259 0.0022951 0 -1.21122 0 0 0 0 -1.20893
260 261 0.00969804 0 -1.0741 0 0 0 0 -1.0644
261 262 0.0199877 0 -1.18138 0 0 0 0 -1.16139
262 263 0.0951784 0 0 0 0 0 0 0.0951784
263 264 0.00105978 0 -1.08826 0 0 0 0 -1.0872
264 265 0.057741 0 0 0 0 0 0 0.057741
265 266 0.0189893 0 -1.17462 0 0 0 0 -1.15563
266 267 0.0230247 0 -1.3073 0 0 0 0 -1.28427
267 268 0.0255357 0 -1.315 0 0 0 0 -1.28946
268 269 0.000640751 0 0 0 0 0 0 0.000640751
269 270 0.000256062 0 0 0 0 0 0 0.000256062
270 271 0.00120038 0 -1.18112 0 0 0 0 -1.17992
271 272 0.000516673 0 -1.21147 0 0 0 0 -1.21095
272 273 0.0575541 0 0 0 0 0 0 0.0575541
273 274 0.0376924 0 0 0 0 0 0 0.0376924
274 275 0.0526581 0 -1.31989 0 0 0 0 -1.26723
275 276 0.114631 0 -1.38754 0 0 0 0 -1.27291
276 277 0.0178844 0 -1.32503 0 0 0 0 -1.30715
277 278 0.00380712 0 0 0 0 0 0 0.00380712
278 279 0.0214015 0 -1.13077 0 0 0 0 -1.10936
280 281 0.0103442 0 0 0 0 0 0 0.0103442
281 282 0.0313383 0 -1.09945 0 0 0 0 -1.06812
282 283 0.0826853 0 0 0 0 0 0 0.0826853
283 284 0.131781 0 -1.13855 0 0 0 0 -1.00677
284 285 0.0696199 0 -0.992908 0 0 0 0 -0.923288
285 286 0.0093325 0 -1.31952 0 0 0 0 -1.31019
286 287 0.0186208 0 0 0 0 0 0 0.0186208
287 288 0.0976133 0 0 0 0 0 0 0.0976133
288 289 0.0206848 0 0 0 0 0 0 0.0206848
289 290 0.0203845 0 -1.33673 0 0 0 0 -1.31635
290 291 0.000459287 0 0 0 0 0 0 0.000459287
291 292 0.0028485 0 0 0 0 0 0 0.0028485
292 293 0.044548 0 -1.41134 0 0 0 0 -1.36679
293 294 0.0913359 0 -0.0147143 0 0 0 0 0.0766216
294 295 0.0356436 0 0 0 0 0 0 0.0356436
295 296 0.0611744 0 0 0 0 0 0 0.0611744
296 297 0.0679613 0 -0.770841 0 0 0 0 -0.70288
297 298 0.00651142 0 0 0 0 0 0 0.00651142
298 299 0.00359039 0 0 0 0 0 0 0.00359039
300 301 0.0571124 0 0 0 0 0 0 0.0571124
301 302 0.00224667 0 0 0 0 0 0 0.00224667
302 303 0.0230359 0 -0.661711 0 0 0 0 -0.638675
303 304 0.0454215 0 -0.793299 0 0 0 0 -0.747877
304 305 0.0313167 0 0 0 0 0 0 0.0313167
305 306 0.0135398 0.00904615 -0 0 0 0 0 0.022586
306 307 0.135671 0 0 0 0 0 0 0.135671
307 308 0.0474534 0 -0.76575 0 0 0 0 -0.718296
308 309 0.0453754 0 -0.809835 0 0 0 0 -0.76446
309 310 0.143232 0 0 0 0 0 0 0.143232
310 311 0.0114183 0 -0 0 0 0 0 0.0114183
311 312 0.00667424 0 -0.00017865 0 0 0 0 0.00649559
312 313 0.0212385 0 -1.35354 0 0 0 0 -1.3323
313 314 0.00172474 0 -1.12476 0 0 0 0 -1.12303
314 315 0.00606503 0 -1.28333 0 0 0 0 -1.27727
315 316 0.0013408 0 -1.20699 0 0 0 0 -1.20565
316 317 0.0428045 0 0 0 0 0 0 0.0428045
317 318 0.0362491 0 0 0 0 0 0 0.0362491
318 319 0.0928058 0 0 0 0 0 0 0.0928058
320 321 0.000245662 0 0 0 0 0 0 0.000245662
321 322 0.00151227 0 0 0 0 0 0 0.00151227
322 323 0.0463952 0 0 0 0 0 0 0.0463952
323 324 0.0754344 0 0 0 0 0 0 0.0754344
324 325 0.614192 0 0 0 0 0 0 0.614192
325 326 0.0549232 0 0 0 0 0 0 0.0549232
326 327 0.113377 0 -1.31108 0 0 0 0 -1.19771
327 328 0.0912971 0 0 0 0 0 0 0.0912971
328 329 0.300687 0 -1.33211 0 0 0 0 -1.03142
329 330 0.00339786 0 -0 0 0 0 0 0.00339786
330 331 0.0391764 0 0 0 0 0 0 0.0391764
331 332 0.00197706 0 -0 0 0 0 0 0.00197706
332 333 0.0630326 0 -1.06398 0 0 0 0 -1.00095
333 334 0.0494162 0 -0.828478 0 0 0 0 -0.779061
334 335 0.00579141 0 -1.19573 0 0 0 0 -1.18994
335 336 0.161467 0 -1.05081 0 0 0 0 -0.889341
336 337 7.63376e-05 0 -1.24883 0 0 0 0 -1.24876
337 338 0.099965 0 -1.26522 0 0 0 0 -1.16526
338 339 0.000775638 0 0 0 0 0 0 0.000775638
340 341 0.093466 0 0 0 0 0 0 0.093466
341 342 0.0612523 0 -1.18886 0 0 0 0 -1.12761
342 343 0.0196519 0 -1.13697 0 0 0 0 -1.11731
343 344 0.0754454 0 -1.39342 0 0 0 0 -1.31797
344 345 0.0066845 0 0 0 0 0 0 0.0066845
345 346 0.086364 0 0 0 0 0 0 0.086364
346 347 0.0316159 0 0 0 0 0 0 0.0316159
347 348 0.0956647 0 0 0 0 0 0 0.0956647
348 349 0.00182 0 -1.44205 0 0 0 0 -1.44023
349 350 0.0989567 0 0 0 0 0 0 0.0989567
350 351 0.0343257 0 -1.28645 0 0 0 0 -1.25212
351 352 0.00256219 0 0 0 0 0 0 0.00256219
352 353 0.0466492 0 -1.24133 0 0 0 0 -1.19468
353 354 0.023777 0 -1.15472 0 0 0 0 -1.13094
354 355 0.213519 0 -0.760981 0 0 0 0 -0.547463
355 356 1.96429e-05 0 -1.09973 0 0 0 0 -1.09971
356 357 0.0399179 0 -0.740811 0 0 0 0 -0.700893
357 358 0.00086124 0 0 0 0 0 0 0.00086124
358 359 0.00190071 0 -1.25605 0 0 0 0 -1.25415
360 361 0.0716593 0 0 0 0 0 0 0.0716593
361 362 0.0703688 0 -1.42555 0 0 0 0 -1.35518
362 363 0.00142082 0 -1.02114 0 0 0 0 -1.01972
363 364 0.0599675 0 0 0 0 0 0 0.0599675
364 365 0.0160049 0 0 0 0 0 0 0.0160049
363 366 0 0 0 0.0300564 0 0 0 0.0300564
365 366 0.0522084 0 0 0 0 0 0 0.0522084
366 367 0.0531796 0 0 0 0 0 0 0.0531796
367 368 0.0349708 0 -0.000331576 0 0 0 0 0.0346392
368 369 0.00953999 0 0 0 0 0 0 0.00953999
369 370 0.00877664 0 -1.21448 0 0 0 0 -1.2057
370 371 0.0780553 0 -0 0 0 0 0 0.0780553
371 372 0.205903 0 0 0 0 0 0 0.205903
372 373 0.0091 0 0 0 0 0 0 0.0091
373 374 0.0883332 0 0 0 0 0 0 0.0883332
374 375 0.0243413 0 -1.12278 0 0 0 0 -1.09844
375 376 0.127622 0.0223063 -1.03171 0 0 0 0 -0.881782
376 377 0.00739168 0 0 0 0 0 0 0.00739168
377 378 0.0898325 0 -0.937515 0 0 0 0 -0.847683
378 379 0.00540716 0 0 0 0 0 0 0.00540716
380 381 0.0570434 0 0 0 0 0 0 0.0570434
381 382 0.0198172 0 -1.20643 0 0 0 0 -1.18661
382 383 0.0642882 0 0 0 0 0 0 0.0642882
383 384 0.00356372 0 -0.871115 0 0 0 0 -0.867551
384 385 0.099823 0 0 0 0 0 0 0.099823
385 386 0.0715455 0 -0.863413 0 0 0 0 -0.791867
386 387 0.0146092 0 -1.32391 0 0 0 0 -1.3093
387 388 0.0364874 0 -1.43448 0 0 0 0 -1.39799
388 389 0.108736 0 -0.825159 0 0 0 0 -0.716423
389 390 0.0680675 0 0 0 0 0 0 0.0680675
390 391 0.0127045 0 0 0 0 0 0 0.0127045
391 392 0.0878221 0 0 0 0 0 0 0.0878221
392 393 0.059836 0 0 0 0 0 0 0.059836
393 394 0.00540802 0 0 0 0 0 0 0.00540802
394 395 0.00778824 0 -0.823856 0 0 0 0 -0.816068
395 396 0.292336 0 -0.881634 0 0 0 0 -0.589298
396 397 0.0351076 0 0 0 0 0 0 0.0351076
397 398 0.00305844 0 0 0 0 0 0 0.00305844
398 399 0.0793988 0 0 0 0 0 0 0.0793988
400 401 0.017931 0 0 0 0 0 0 0.017931
401 402 0.258946 0 0 0 0 0 0 0.258946
402 403 0.120807 0 -1.40696 0 0 0 0 -1.28616
403 404 0.060723 0 0 0 0 0 0 0.060723
404 405 0.00401968 0 0 0 0 0 0 0.00401968
405 406 0.0133614 0 0 0 0 0 0 0.0133614
406 407 0.0329741 0 0 0 0 0 0 0.0329741
407 408 0.0875292 0 0 0 0 0 0 0.0875292
408 409 0.0159158 0 -0.782317 0 0 0 0 -0.766401
409 410 0.035592 0 -1.11865 0 0 0 0 -1.08306
410 411 0.0505675 0 -1.28528 0 0 0 0 -1.23471
411 412 0.0154177 0 -1.28288 0 0 0 0 -1.26746
412 413 0.0755262 0 0 0 0 0 0 0.0755262
413 414 0.00374462 0 -1.20387 0 0 0 0 -1.20013
414 415 0.255083 0 0 0 0 0 0 0.255083
415 416 4.51582e-06 0 -0.890306 0 0 0 0 -0.890301
416 417 0.0424896 0 -1.0042 0 0 0 0 -0.961711
417 418 0.0710563 0 0 0 0 0 0 0.0710563
418 419 0.00109515 0 -1.26739 0 0 0 0 -1.2663
420 421 0.168543 0 -0.950576 0 0 0 0 -0.782033
421 422 0.000925217 0 -1.20288 0 0 0 0 -1.20196
422 423 0.184507 0 0 0 0 0 0 0.184507
423 424 0.000479744 0 -1.20623 0 0 0 0 -1.20575
424 425 0.313352 0 0 0 0 0 0 0.313352
425 426 0.00559496 0 -1.12285 0 0 0 0 -1.11726
426 427 0.192128 0 -1.29509 0 0 0 0 -1.10297
427 428 0.0212161 0 -1.09678 0 0 0 0 -1.07556
428 429 0.108442 0 0 0 0 0 0 0.108442
429 430 0.0655172 0 -1.36413 0 0 0 0 -1.29861
430 431 0.106272 0 0 0 0 0 0 0.106272
431 432 0.31545 0 -1.23322 0 0 0 0 -0.917766
432 433 0.284851 0 0 0 0 0 0 0.284851
433 434 0.010192 0 -0.640744 0 0 0 0 -0.630552
434 435 7.70879e-05 0 -0.011288 0 0 0 0 -0.011211
435 436 0.0174789 0 0 0 0 0 0 0.0174789
436 437 0.001759 0 -1.30838 0 0 0 0 -1.30662
437 438 0.00171442 0 -1.20516 0 0 0 0 -1.20345
438 439 2.35183e-07 0 -0 0 0 0 0 2.35183e-07
440 441 0.107994 0 -0 0 0 0 0 0.107994
441 442 0.0294842 0 0 0 0 0 0 0.0294842
442 443 0.0200308 0 -1.05729 0 0 0 0 -1.03726
443 444 0.0437617 0 0 0 0 0 0 0.0437617
444 445 0.0456257 0 0 0 0 0 0 0.0456257
445 446 0.079501 0 0 0 0 0 0 0.079501
446 447 0.0804556 0 0 0 0 0 0 0.0804556
447 448 0.0453671 0 0 0 0 0 0 0.0453671
448 449 0.0184432 0 0 0 0 0 0 0.0184432
449 450 1.66833e-05 0 -0.948396 0 0 0 0 -0.948379
450 451 0.0193061 0 -1.09311 0 0 0 0 -1.07381
451 452 0.209237 0 -0.985621 0 0 0 0 -0.776383
452 453 0.0189465 0 0 0 0 0 0 0.0189465
453 454 0.0210735 0 0 0 0 0 0 0.0210735
454 455 0.00947852 0 -1.39123 0 0 0 0 -1.38175
455 456 0.0511602 0 0 0 0 0 0 0.0511602
456 457 0.00156129 0 0 0 0 0 0 0.00156129
457 458 0.00564064 0 0 0 0 0 0 0.00564064
458 459 0.212383 0 -0.94928 0 0 0 0 -0.736897
460 461 0.17 0 -1.30186 0 0 0 0 -1.13185
461 462 0.0555415 0 -1.08579 0 0 0 0 -1.03025
462 463 0.00692327 0 -1.46072 0 0 0 0 -1.4538
463 464 4.70897e-05 0 0 0 0 0 0 4.70897e-05
464 465 0.0332058 0 0 0 0 0 0 0.0332058
465 466 0.252767 0 -1.30582 0 0 0 0 -1.05305
466 467 0.0515584 0 -1.11197 0 0 0 0 -1.06042
467 468 0.113362 0 0 0 0 0 0 0.113362
468 469 8.05363e-05 0 -1.3461 0 0 0 0 -1.34602
469 470 0.10717 0 0 0 0 0 0 0.10717
470 471 0.000384522 0 0 0 0 0 0 0.000384522
471 472 0.122182 0 -0 0 0 0 0 0.122182
472 473 0.00327746 0 -0 0 0 0 0 0.00327746
473 474 0.00883368 0 0 0 0 0 0 0.00883368
474 475 0.0277439 0 -0 0 0 0 0 0.0277439
475 476 0.0139746 0 0 0 0 0 0 0.0139746
476 477 0.00237019 0 -1.15798 0 0 0 0 -1.15561
477 478 0.0957156 0 -0.949679 0 0 0 0 -0.853964
478 479 0.0941569 0 -1.17807 0 0 0 0 -1.08392
480 481 0.0010823 0 0 0 0 0 0 0.0010823
481 482 0.0740434 0 -1.17299 0 0 0 0 -1.09895
482 483 0.0621189 0 0 0 0 0 0 0.0621189
483 484 0.0167586 0 0 0 0 0 0 0.0167586
484 485 0.0315798 0 -0 0 0 0 0 0.0315798
485 486 0.0852774 0 -0 0 0 0 0 0.0852774
486 487 4.58902e-05 0 -0.835407 0 0 0 0 -0.835361
487 488 0.000204575 0 0 0 0 0 0 0.000204575
488 489 0.00370493 0 -1.36828 0 0 0 0 -1.36458
489 490 0.0347359 0 0 0 0 0 0 0.0347359
490 491 0.0013544 0 0 0 0 0 0 0.0013544
491 492 0.000106148 0 0 0 0 0 0 0.000106148
492 493 0.0407069 0 0 0 0 0 0 0.0407069
493 494 0.032673 0 -1.29655 0 0 0 0 -1.26387
494 495 0.0376285 0 -1.4382 0 0 0 0 -1.40057
495 496 0.00169893 0 -1.32127 0 0 0 0 -1.31957
496 497 0.0274841 0 0 0 0 0 0 0.0274841
497 498 0.0178279 0 -0.695256 0 0 0 0 -0.677428
498 499 0.000956786 0 0 0 0 0 0 0.000956786
500 501 0.0264712 0 -0.922259 0 0 0 0 -0.895788
501 502 0.118709 0 -1.4097 0 0 0 0 -1.29099
502 503 0.0366977 0 0 0 0 0 0 0.0366977
503 504 0.063515 0 -1.38443 0 0 0 0 -1.32092
504 505 0.0149182 0 -1.26834 0 0 0 0 -1.25343
505 506 0.28264 0 -1.14973 0 0 0 0 -0.86709
506 507 0.0514487 0 -0.882039 0 0 0 0 -0.83059
507 508 0.0892245 0 -1.25984 0 0 0 0 -1.17062
508 509 0.0223701 0 -0.77771 0 0 0 0 -0.755339
509 510 0.0138684 0 -0 0 0 0 0 0.0138684
510 511 0.139434 0 -0 0 0 0 0 0.139434
511 512 0.000122929 0 0 0 0 0 0 0.000122929
512 513 0.00752938 0 0 0 0 0 0 0.00752938
513 514 0.0387878 0 -1.05987 0 0 0 0 -1.02109
514 515 0.0226852 0 0 0 0 0 0 0.0226852
515 516 0.2322 0 0 0 0 0 0 0.2322
516 517 0.0110852 0 -0.711756 0 0 0 0 -0.700671
517 518 0.0615966 0 0 0 0 0 0 0.0615966
518 519 0.0127078 0 -1.34403 0 0 0 0 -1.33132
520 521 0.00384869 0 -1.25084 0 0 0 0 -1.24699
521 522 0.191746 0 -1.03287 0 0 0 0 -0.84112
522 523 0.00156297 0 -0.631931 0 0 0 0 -0.630368
523 524 0.000574857 0 0 0 0 0 0 0.000574857
524 525 0.0664708 0 -0 0 0 0 0 0.0664708
525 526 0.0682968 0 -0.897646 0 0 0 0 -0.829349
526 527 0.0500239 0 -1.14818 0 0 0 0 -1.09816
527 528 0.0871756 0 -1.01227 0 0 0 0 -0.925094
528 529 0.00047454 0 -0.866748 0 0 0 0 -0.866273
529 530 0.230982 0 0 0 0 0 0 0.230982
530 531 0.0103617 0 0 0 0 0 0 0.0103617
528 532 0 0 0 0 0 -2.25962e-07 -0 -2.25962e-07
527 532 0 0 0 0 0 -0.0179553 0 -0.0179553
531 532 0.0268303 0 0 0 0 0 0 0.0268303
532 533 0.059528 0 -0 0 0 0 0 0.059528
533 534 0.0201728 0 0 0 0 0 0 0.0201728
534 535 0.0137165 0 -1.31826 0 0 0 0 -1.30454
535 536 0.00503089 0 -1.09409 0 0 0 0 -1.08906
536 537 0.0443127 0 -0 0 0 0 0 0.0443127
537 538 0.0721929 0 0 0 0 0 0 0.0721929
538 539 0.0423476 0 -0.915319 0 0 0 0 -0.872971
540 541 0.00105053 0 0 0 0 0 0 0.00105053
541 542 0.00360036 0 -0.716852 0 0 0 0 -0.713252
542 543 0.00024728 0 -1.12488 0 0 0 0 -1.12463
543 544 0.0588579 0 -1.34619 0 0 0 0 -1.28733
544 545 0.0146461 0 0 0 0 0 0 0.0146461
545 546 3.66432e-06 0 0 0 0 0 0 3.66432e-06
546 547 0.00298751 0 -0.880403 0 0 0 0 -0.877416
547 548 0.0257635 0 0 0 0 0 0 0.0257635
548 549 0.000402821 0 0 0 0 0 0 0.000402821
549 550 0.000381672 0 -1.1609 0 0 0 0 -1.16052
550 551 0.406654 0 -0.987753 0 0 0 0 -0.581099
551 552 0.053744 0 -1.14712 0 0 0 0 -1.09338
552 553 0.0105515 0 -1.17102 0 0 0 0 -1.16047
553 554 0.0254934 0 -1.43061 0 0 0 0 -1.40511
554 555 0.066528 0 -0.469059 0 0 0 0 -0.402531
555 556 0.119818 0 0 0 0 0 0 0.119818
556 557 0.1191 0 -0.807806 0 0 0 0 -0.688706
557 558 0.00543195 0 0 0 0 0 0 0.00543195
558 559 0.0130399 0 -1.38276 0 0 0 0 -1.36972
560 561 0.0364527 0 0 0 0 0 0 0.0364527
561 562 0.0808871 0 -1.1628 0 0 0 0 -1.08192
562 563 0.0203933 0 -1.33701 0 0 0 0 -1.31661
563 564 0.0210884 0 0 0 0 0 0 0.0210884
564 565 0.00414101 0 0 0 0 0 0 0.00414101
565 566 0.144911 0 -1.11634 0 0 0 0 -0.971432
566 567 0.0123365 0 -1.06958 0 0 0 0 -1.05724
567 568 0.00264946 0 -1.08815 0 0 0 0 -1.0855
568 569 0.16052 0 -1.20426 0 0 0 0 -1.04374
569 570 0.763064 0 -1.32205 0 0 0 0 -0.558986
570 571 0.000906006 0 -0.950027 0 0 0 0 -0.949121
571 572 0.125869 0 0 0 0 0 0 0.125869
572 573 0.00914886 0 -1.34913 0 0 0 0 -1.33998
573 574 0.0141044 0 -1.29734 0 0 0 0 -1.28324
574 575 0.000254039 0 -0.697714 0 0 0 0 -0.69746
575 576 0.000362986 0 -0.990959 0 0 0 0 -0.990596
576 577 0.0234156 0 -1.10659 0 0 0 0 -1.08317
577 578 1.50628e-05 0 -1.0431 0 0 0 0 -1.04309
578 579 0.0148798 0 -1.33583 0 0 0 0 -1.32095
580 581 3.89025e-05 0 -1.39431 0 0 0 0 -1.39427
581 582 0.00443398 0 -0.973431 0 0 0 0 -0.968997
582 583 0.00399806 0 -1.07573 0 0 0 0 -1.07173
583 584 0.00580737 0 -0.478002 0 0 0 0 -0.472194
584 585 0.04738 0 -1.32054 0 0 0 0 -1.27316
585 586 0.0278774 0 -1.2409 0 0 0 0 -1.21302
586 587 0.0214433 0 0 0 0 0 0 0.0214433
587 588 0.0280156 0 -0 0 0 0 0 0.0280156
588 589 0.0530332 0 0 0 0 0 0 0.0530332
589 590 0.00516558 0 0 0 0 0 0 0.00516558
590 591 1.20083e-05 0 -1.19943 0 0 0 0 -1.19941
591 592 0.0197971 0 0 0 0 0 0 0.0197971
592 593 0.0129086 0 0 0 0 0 0 0.0129086
593 594 0.183444 0 -1.26421 0 0 0 0 -1.08076
594 595 0.00306527 0 -1.28273 0 0 0 0 -1.27967
595 596 0.00105963 0 0 0 0 0 0 0.00105963
596 597 0.0573277 0 0 0 0 0 0 0.0573277
597 598 0.00515643 0 -1.16255 0 0 0 0 -1.1574
598 599 0.0590739 0 -1.02722 0 0 0 0 -0.968147
600 601 0.000268172 0 -0.868769 0 0 0 0 -0.868501
601 602 0.0440696 0 -1.22526 0 0 0 0 -1.18119
602 603 0.00322847 0 -1.20972 0 0 0 0 -1.20649
603 604 0.00985917 0 0 0 0 0 0 0.00985917
604 605 0.00537283 0 -1.45252 0 0 0 0 -1.44715
605 606 0.000457468 0 0 0 0 0 0 0.000457468
606 607 0.0225264 0 -1.41001 0 0 0 0 -1.38748
607 608 0.00454566 0 0 0 0 0 0 0.00454566
608 609 0.0185972 0 0 0 0 0 0 0.0185972
609 610 1.21512e-05 0 0 0 0 0 0 1.21512e-05
610 611 0.258694 0 -1.12849 0 0 0 0 -0.8698
611 612 0.00275794 0 -1.05474 0 0 0 0 -1.05198
612 613 0.0116597 0 0 0 0 0 0 0.0116597
613 614 0.0396837 0 0 0 0 0 0 0.0396837
614 615 0.21478 0 -0 0 0 0 0 0.21478
615 616 0.0248569 0 -1.14898 0 0 0 0 -1.12413
616 617 0.113427 0 -1.1739 0 0 0 0 -1.06047
617 618 0.0353271 0 -0 0 0 0 0 0.0353271
618 619 0.0100948 0 -0.932333 0 0 0 0 -0.922238
620 621 0.000678398 0 -1.38217 0 0 0 0 -1.38149
621 622 0.0438674 0 -1.22648 0 0 0 0 -1.18261
622 623 0.0959623 0 -1.36119 0 0 0 0 -1.26523
623 624 0.0238364 0 -1.36004 0 0 0 0 -1.33621
624 625 0.0266362 0 -1.24675 0 0 0 0 -1.22012
625 626 0.000707959 0 -0.810365 0 0 0 0 -0.809657
626 627 0.117438 0 -1.3709 0 0 0 0 -1.25346
627 628 2.28168e-07 0 -1.29465 0 0 0 0 -1.29465
628 629 0.0369247 0 -1.105 0 0 0 0 -1.06807
629 630 0.000667257 0 -1.11832 0 0 0 0 -1.11765
630 631 0.0128809 0 0 0 0 0 0 0.0128809
631 632 0.149541 0 -1.33096 0 0 0 0 -1.18142
632 633 0.00838303 0 0 0 0 0 0 0.00838303
633 634 0.0395691 0 -0.991133 0 0 0 0 -0.951564
634 635 0.10033 0 -1.41644 0 0 0 0 -1.31611
635 636 0.00139819 0 -0.986192 0 0 0 0 -0.984793
636 637 0.00152006 0 -0.314514 0 0 0 0 -0.312994
637 638 0.0167145 0 0 0 0 0 0 0.0167145
638 639 0.0385694 0 -0 0 0 0 0 0.0385694
640 641 0.0104878 0 0 0 0 0 0 0.0104878
641 642 0.0328268 0 0 0 0 0 0 0.0328268
642 643 0.000340982 0 0 0 0 0 0 0.000340982
643 644 0.0372355 0 0 0 0 0 0 0.0372355
644 645 0.0616258 0 0 0 0 0 0 0.0616258
645 646 0.120703 0 -1.2326 0 0 0 0 -1.11189
646 647 0.151086 0 -1.39062 0 0 0 0 -1.23953
647 648 4.71066e-05 0 -1.08765 0 0 0 0 -1.0876
648 649 0.054329 0 -0.988935 0 0 0 0 -0.934606
649 650 0.455844 0 0 0 0 0 0 0.455844
650 651 0.0177803 0 -0 0 0 0 0 0.0177803
651 652 0.254584 0 0 0 0 0 0 0.254584
652 653 0.00573502 0 -1.08207 0 0 0 0 -1.07633
653 654 0.00256931 0 -1.41861 0 0 0 0 -1.41604
654 655 0.00263685 0 -1.20139 0 0 0 0 -1.19875
655 656 0.00744484 0 -1.39978 0 0 0 0 -1.39233
656 657 0.172182 0 -1.231 0 0 0 0 -1.05882
657 658 0.0396788 0 -1.37677 0 0 0 0 -1.33709
658 659 0.00961198 0 -0 0 0 0 0 0.00961198
660 661 0.0556654 0 -0.266371 0 0 0 0 -0.210705
661 662 0.00686545 0 -1.24409 0 0 0 0 -1.23723
662 663 0.0100222 0 -0.991957 0 0 0 0 -0.981934
663 664 0.195327 0 -0.00523554 0 0 0 0 0.190092
664 665 0.008935 0 -1.27549 0 0 0 0 -1.26655
665 666 0.013998 0 -0.97282 0 0 0 0 -0.958822
666 667 0.00770118 0 0 0 0 0 0 0.00770118
667 668 0.00156466 0 -0.788461 0 0 0 0 -0.786896
663 669 0 0 0 0 0 -0.00384881 0 -0.00384881
668 669 0.329085 0 0 0 0 0 0 0.329085
669 670 0.239037 0 0 0 0 0 0 0.239037
670 671 0.00213155 0 0 0 0 0 0 0.00213155
671 672 0.00416975 0 -1.41159 0 0 0 0 -1.40742
672 673 0.000418439 0 -1.18997 0 0 0 0 -1.18955
673 674 0.00630569 0 0 0 0 0 0 0.00630569
674 675 0.0322757 0 -1.40942 0 0 0 0 -1.37715
675 676 0.00251197 0 -1.03725 0 0 0 0 -1.03474
676 677 0.00613399 0 0 0 0 0 0 0.00613399
677 678 0.0718834 0 -1.20817 0 0 0 0 -1.13629
678 679 0.0593567 0 0 0 0 0 0 0.0593567
680 681 0.00599561 0 -1.33037 0 0 0 0 -1.32438
681 682 0.0363125 0 -1.22074 0 0 0 0 -1.18442
682 683 0.0389025 0 -1.33135 0 0 0 0 -1.29245
683 684 0.145915 0 -1.31545 0 0 0 0 -1.16953
684 685 0.0301536 0 -0.976105 0 0 0 0 -0.945952
685 686 0.00288274 0 -1.16373 0 0 0 0 -1.16084
686 687 0.00106818 0 -1.31201 0 0 0 0 -1.31094
687 688 0.032768 0 -0.960362 0 0 0 0 -0.927594
688 689 0.062272 0 -0 0 0 0 0 0.062272
689 690 0.00369047 0 0 0 0 0 0 0.00369047
690 691 6.36603e-08 0 -0.898377 0 0 0 0 -0.898377
691 692 0.0078657 0 -1.33445 0 0 0 0 -1.32659
692 693 0.0434458 0 -1.00554 0 0 0 0 -0.962094
693 694 0.0250033 0 -0.953665 0 0 0 0 -0.928661
692 695 0 0 0 0 0 -1.06593e-05 0 -1.06593e-05
694 695 0.0296387 0 0 0 0 0 0 0.0296387
693 696 0 0 0 0 0 -0 -6.87509e-21 -6.87509e-21
692 696 0 0 0 0.20328 0 0 -0 0.20328
695 696 0.0281529 0 -1.1344 0 0 0 0 -1.10625
696 697 0.00807989 0 0 0 0 0 0 0.00807989
697 698 0.0389569 0 -0.0252685 0 0 0 0 0.0136884
698 699 0.0170941 0 -1.42278 0 0 0 0 -1.40569
700 701 0.0896157 0 -1.08835 0 0 0 0 -0.998737
701 702 0.00508621 0 0 0 0 0 0 0.00508621
702 703 0.00380622 0 -1.0607 0 0 0 0 -1.0569
703 704 0.00275243 0 0 0 0 0 0 0.00275243
704 705 1.46901e-05 0 -1.36239 0 0 0 0 -1.36238
705 706 0.00320213 0 0 0 0 0 0 0.00320213
706 707 0.01475 0 -0.959805 0 0 0 0 -0.945055
707 708 0.00031744 0 -1.1606 0 0 0 0 -1.16028
708 709 0.000369457 0 0 0 0 0 0 0.000369457
709 710 0.119227 0 -1.26334 0 0 0 0 -1.14411
710 711 0.00503897 0 -1.24882 0 0 0 0 -1.24378
708 712 0 0 0 0 0 -4.47153e-07 0 -4.47153e-07
711 712 0.00199356 0 -1.00987 0 0 0 0 -1.00788
712 713 0.00267444 0 -1.11608 0 0 0 0 -1.11341
707 714 0 0 0 0 0 -2.84208e-06 -0 -2.84208e-06
713 714 0.00960111 0 -1.2399 0 0 0 0 -1.2303
714 715 0.0847767 0 0 0 0 0 0 0.0847767
715 716 0.00926137 0 -0.966271 0 0 0 0 -0.95701
716 717 0.111019 0 -0 0 0 0 0 0.111019
717 718 0.00874174 0 0 0 0 0 0 0.00874174
718 719 0.0618158 0 0 0 0 0 0 0.0618158
720 721 0.0248958 0 -1.04135 0 0 0 0 -1.01645
721 722 0.16819 0 -0 0 0 0 0 0.16819
722 723 0.15554 0 0 0 0 0 0 0.15554
723 724 0.0496974 0 0 0 0 0 0 0.0496974
724 725 0.00397751 0 -1.20132 0 0 0 0 -1.19734
725 726 0.0184345 0 -1.44137 0 0 0 0 -1.42293
726 727 0.00880095 0 -0.860249 0 0 0 0 -0.851448
727 728 0.0754363 0 0 0 0 0 0 0.0754363
728 729 0.000100888 0 -0.827617 0 0 0 0 -0.827516
729 730 0.117074 0 -1.43159 0 0 0 0 -1.31452
730 731 0.00440379 0 0 0 0 0 0 0.00440379
731 732 0.000616411 0 0 0 0 0 0 0.000616411
732 733 0.00500616 0 -1.28209 0 0 0 0 -1.27709
733 734 0.146101 0 -1.37221 0 0 0 0 -1.22611
734 735 0.143464 0 -1.247 0 0 0 0 -1.10353
735 736 0.0318225 0 -0.556361 0 0 0 0 -0.524539
736 737 5.45683e-11 0 -1.27569 0 0 0 0 -1.27569
737 738 0.170457 0 -0 0 0 0 0 0.170457
738 739 0.143075 0 0 0 0 0 0 0.143075
740 741 0.0411012 0 -0.967489 0 0 0 0 -0.926388
741 742 0.00057544 0 0 0 0 0 0 0.00057544
742 743 0.00285196 0 -1.17274 0 0 0 0 -1.16989
743 744 0.000180564 0 0 0 0 0 0 0.000180564
744 745 0.00408321 0 0 0 0 0 0 0.00408321
745 746 0.206722 0 -1.28336 0 0 0 0 -1.07664
746 747 0.0769068 0 -1.03855 0 0 0 0 -0.961641
747 748 0.0131517 0 -1.13556 0 0 0 0 -1.12241
748 749 0.00878776 0 0 0 0 0 0 0.00878776
749 750 0.049498 0 0 0 0 0 0 0.049498
750 751 0.247415 0 -1.08375 0 0 0 0 -0.836334
751 752 0.0157557 0 -1.2354 0 0 0 0 -1.21965
752 753 0.0179022 0 -1.17513 0 0 0 0 -1.15723
753 754 0.00983043 0 -1.17392 0 0 0 0 -1.16409
754 755 0.0453925 0 -1.34104 0 0 0 0 -1.29565
755 756 0.00138085 0 0 0 0 0 0 0.00138085
756 757 5.12222e-06 0 -0.749625 0 0 0 0 -0.74962
757 758 0.0373773 0 -1.12022 0 0 0 0 -1.08284
758 759 0.0129763 0 0 0 0 0 0 0.0129763
760 761 0.0331063 0 -0 0 0 0 0 0.0331063
761 762 0.0812472 0 0 0 0 0 0 0.0812472
762 763 0.0279486 0 -1.36531 0 0 0 0 -1.33736
763 764 0.00930714 0 0 0 0 0 0 0.00930714
764 765 0.0477173 0 -0.925176 0 0 0 0 -0.877459
765 766 0.116805 0 -1.36615 0 0 0 0 -1.24934
766 767 1.92e-05 0 -1.25586 0 0 0 0 -1.25584
767 768 0.04461 0 0 0 0 0 0 0.04461
768 769 0.00138149 0 0 0 0 0 0 0.00138149
769 770 0.00195499 0 -1.15386 0 0 0 0 -1.1519
770 771 0.012256 0 0 0 0 0 0 0.012256
771 772 0.00826204 0 -1.24468 0 0 0 0 -1.23642
772 773 0.0527317 0 0 0 0 0 0 0.0527317
773 774 0.130088 0 -1.30702 0 0 0 0 -1.17693
774 775 0.000544304 0 0 0 0 0 0 0.000544304
775 776 0.0152891 0 -1.21305 0 0 0 0 -1.19776
776 777 0.000828154 0 -0 0 0 0 0 0.000828154
777 778 0.0279091 0 0 0 0 0 0 0.0279091
778 779 0.0870346 0 0 0 0 0 0 0.0870346
780 781 0.0947895 0 0 0 0 0 0 0.0947895
781 782 0.00223478 0 -1.34925 0 0 0 0 -1.34702
782 783 0.369884 0 -1.28393 0 0 0 0 -0.914051
783 784 0.0223161 0 -1.22246 0 0 0 0 -1.20015
784 785 0.063471 0 0 0 0 0 0 0.063471
785 786 0.000133828 0 -1.33469 0 0 0 0 -1.33455
786 787 0.0740366 0 -1.08653 0 0 0 0 -1.01249
787 788 0.160366 0 -1.10955 0 0 0 0 -0.949181
788 789 0.0444916 0 -1.09864 0 0 0 0 -1.05415
789 790 0.0110811 0 0 0 0 0 0 0.0110811
790 791 0.204382 0 -0.943135 0 0 0 0 -0.738753
791 792 0.0143502 0 -1.30718 0 0 0 0 -1.29283
792 793 0.0139708 0 0 0 0 0 0 0.0139708
793 794 0.230149 0 0 0 0 0 0 0.230149
794 795 0.25214 0 0 0 0 0 0 0.25214
795 796 0.00243471 0 0 0 0 0 0 0.00243471
796 797 0.22623 0 -1.25044 0 0 0 0 -1.02421
797 798 0.00143322 0 -1.34814 0 0 0 0 -1.34671
798 799 0.00630236 0 0 0 0 0 0 0.00630236
800 801 0.00292191 0 -1.34146 0 0 0 0 -1.33854
801 802 0.11422 0 0 0 0 0 0 0.11422
802 803 0.0125261 0 -1.004 0 0 0 0 -0.991473
803 804 0.0398507 0 0 0 0 0 0 0.0398507
804 805 0.000150439 0 0 0 0 0 0 0.000150439
805 806 0.000890265 0 -1.04525 0 0 0 0 -1.04436
806 807 0.00278906 0 0 0 0 0 0 0.00278906
807 808 0.00347592 0 -1.31605 0 0 0 0 -1.31257
808 809 2.95652e-13 0 -1.07865 0 0 0 0 -1.07865
809 810 0.00592187 0 0 0 0 0 0 0.00592187
810 811 0.0779985 0 -1.20733 0 0 0 0 -1.12933
811 812 0.0155631 0 -0.878838 0 0 0 0 -0.863275
812 813 0.0475903 0 0 0 0 0 0 0.0475903
813 814 0.0024167 0 -1.30352 0 0 0 0 -1.3011
814 815 0.000780489 0 0 0 0 0 0 0.000780489
815 816 0.0225808 0 -0.972082 0 0 0 0 -0.949501
816 817 0.0106374 0 -1.24847 0 0 0 0 -1.23783
817 818 0.00636183 0 -1.01059 0 0 0 0 -1.00423
818 819 0.00365215 0 -1.22754 0 0 0 0 -1.22389
820 821 5.1573e-07 0 0 0 0 0 0 5.1573e-07
821 822 0.0366672 0 -0 0 0 0 0 0.0366672
822 823 0.0332324 0 -1.12716 0 0 0 0 -1.09393
823 824 0.0678625 0 0 0 0 0 0 0.0678625
824 825 0.0589096 0 -1.15739 0 0 0 0 -1.09848
825 826 0.085233 0 0 0 0 0 0 0.085233
826 827 0.0865376 0 -1.38287 0 0 0 0 -1.29633
827 828 0.0103996 0 -1.2372 0 0 0 0 -1.2268
828 829 0.0848156 0 -1.22194 0 0 0 0 -1.13712
829 830 0.0838731 0 -1.30185 0 0 0 0 -1.21798
830 831 0.0163273 0 -1.26675 0 0 0 0 -1.25043
831 832 0.285534 0 -1.13784 0 0 0 0 -0.852302
832 833 0.0971484 0 -0.856579 0 0 0 0 -0.75943
833 834 0.0721204 0 0 0 0 0 0 0.0721204
834 835 0.000497745 0 -1.30639 0 0 0 0 -1.30589
835 836 0.109145 0 -0.988067 0 0 0 0 -0.878922
836 837 0.166433 0 -0.90852 0 0 0 0 -0.742087
837 838 0.00146522 0 -1.0824 0 0 0 0 -1.08093
838 839 0.000475139 0 0 0 0 0 0 0.000475139
840 841 0.0105409 0 0 0 0 0 0 0.0105409
841 842 0.000655447 0 -0.911845 0 0 0 0 -0.911189
842 843 0.028731 0 -0.125794 0 0 0 0 -0.0970631
843 844 0.477362 0 -1.34938 0 0 0 0 -0.872017
844 845 0.0624338 0 -1.17113 0 0 0 0 -1.1087
845 846 0.000285053 0 0 0 0 0 0 0.000285053
846 847 0.0122858 0 0 0 0 0 0 0.0122858
847 848 0.329157 0 -1.20474 0 0 0 0 -0.875581
848 849 0.00140722 0 -1.41223 0 0 0 0 -1.41083
849 850 0.0532502 0 -0.655064 0 0 0 0 -0.601814
850 851 0.0431972 0 0 0 0 0 0 0.0431972
851 852 0.00666881 0 0 0 0 0 0 0.00666881
852 853 0.00688184 0 -1.30738 0 0 0 0 -1.30049
853 854 0.134664 0 -1.16912 0 0 0 0 -1.03446
854 855 0.0969396 0 0 0 0 0 0 0.0969396
855 856 0.00478283 0 -1.0385 0 0 0 0 -1.03372
856 857 5.43237e-05 0 0 0 0 0 0 5.43237e-05
857 858 0.066393 0 -0 0 0 0 0 0.066393
858 859 0.00369842 0 0 0 0 0 0 0.00369842
860 861 0.0428147 0 -1.06851 0 0 0 0 -1.02569
861 862 0.00552094 0 0 0 0 0 0 0.00552094
862 863 0.00245061 0 -1.3737 0 0 0 0 -1.37125
863 864 0.0251415 0 -1.32042 0 0 0 0 -1.29528
864 865 0.00202393 0 -1.21001 0 0 0 0 -1.20799
865 866 0.00748343 0 0 0 0 0 0 0.00748343
866 867 0.162585 0 -1.13084 0 0 0 0 -0.968256
867 868 0.071013 0 0 0 0 0 0 0.071013
868 869 0.000120344 0 -1.39969 0 0 0 0 -1.39957
869 870 0.104718 0 -1.0703 0 0 0 0 -0.965584
870 871 0.160687 0 0 0 0 0 0 0.160687
871 872 0.0549554 0 0 0 0 0 0 0.0549554
872 873 0.00659984 0 -0 0 0 0 0 0.00659984
873 874 0.0192992 0 0 0 0 0 0 0.0192992
874 875 0.0672089 0 0 0 0 0 0 0.0672089
875 876 0.00219114 0 -0.817504 0 0 0 0 -0.815313
876 877 0.0284176 0 -0.950022 0 0 0 0 -0.921604
877 878 0.0278589 0 -1.27978 0 0 0 0 -1.25192
878 879 0.040477 0 0 0 0 0 0 0.040477
880 881 0.109252 0 -0.934138 0 0 0 0 -0.824886
881 882 0.0202991 0 -1.34233 0 0 0 0 -1.32203
882 883 0.31523 0 -0.907705 0 0 0 0 -0.592475
883 884 0.0165537 0 0 0 0 0 0 0.0165537
884 885 0.00322709 0 -0 0 0 0 0 0.00322709
885 886 0.0014273 0 -0 0 0 0 0 0.0014273
886 887 0.000117366 0 0 0 0 0 0 0.000117366
887 888 0.0163827 0 0 0 0 0 0 0.0163827
888 889 0.175366 0 0 0 0 0 0 0.175366
889 890 0.0843259 0 0 0 0 0 0 0.0843259
890 891 0.00264138 0 -1.06736 0 0 0 0 -1.06471
891 892 0.149571 0 -1.14048 0 0 0 0 -0.990913
892 893 0.000454798 0 -1.39146 0 0 0 0 -1.39101
893 894 0.0539428 0 -1.01508 0 0 0 0 -0.961134
894 895 0.0845323 0 0 0 0 0 0 0.0845323
895 896 0.037602 0 -1.01786 0 0 0 0 -0.980259
896 897 0.0173189 0 0 0 0 0 0 0.0173189
897 898 0.0914524 0 -1.32398 0 0 0 0 -1.23252
898 899 0.134366 0 0 0 0 0 0 0.134366
900 901 0.123146 0 -0.836092 0 0 0 0 -0.712946
901 902 6.22502e-05 0 -1.07535 0 0 0 0 -1.07529
902 903 0.189112 0 0 0 0 0 0 0.189112
903 904 0.0722109 0 -1.24522 0 0 0 0 -1.17301
904 905 0.15708 0 -1.18239 0 0 0 0 -1.02531
905 906 0.0207148 0 -0.972509 0 0 0 0 -0.951794
906 907 0.0232155 0 0 0 0 0 0 0.0232155
907 908 0.0357322 0 0 0 0 0 0 0.0357322
908 909 0.174359 0 -1.24027 0 0 0 0 -1.06592
909 910 0.0602148 0 0 0 0 0 0 0.0602148
910 911 0.0102527 0 -1.13612 0 0 0 0 -1.12586
911 912 0.06908 0 0 0 0 0 0 0.06908
912 913 0.000192025 0 0 0 0 0 0 0.000192025
913 914 0.0272423 0 -0 0 0 0 0 0.0272423
914 915 0.00268364 0 -1.08938 0 0 0 0 -1.0867
915 916 0.00434648 0 0 0 0 0 0 0.00434648
916 917 0.010593 0 -1.07257 0 0 0 0 -1.06198
917 918 0.178966 0 0 0 0 0 0 0.178966
918 919 0.0102657 0 0 0 0 0 0 0.0102657
920 921 0.00305857 0 -1.10147 0 0 0 0 -1.09841
921 922 0.0189492 0 -1.23692 0 0 0 0 -1.21797
922 923 0.000830065 0 -1.46682 0 0 0 0 -1.46598
923 924 0.11386 0 0 0 0 0 0 0.11386
924 925 0.0482736 0 -1.25758 0 0 0 0 -1.2093
925 926 8.85594e-06 0 -1.14906 0 0 0 0 -1.14905
926 927 0.12971 0 -1.25156 0 0 0 0 -1.12185
927 928 0.0597797 0 0 0 0 0 0 0.0597797
928 929 0.137168 0 -0 0 0 0 0 0.137168
929 930 0.00293732 0 0 0 0 0 0 0.00293732
930 931 0.0522813 0 -1.1911 0 0 0 0 -1.13881
931 932 0.00669627 0 0 0 0 0 0 0.00669627
932 933 0.255608 0 0 0 0 0 0 0.255608
933 934 0.00663595 0 -0.978621 0 0 0 0 -0.971985
934 935 0.0164763 0 -1.24726 0 0 0 0 -1.23078
935 936 0.235833 0 -1.0811 0 0 0 0 -0.845264
936 937 6.94738e-06 0 -1.05288 0 0 0 0 -1.05287
937 938 0.0914772 0 0 0 0 0 0 0.0914772
938 939 0.0123559 0 -1.34015 0 0 0 0 -1.32779
940 941 0.0431911 0 0 0 0 0 0 0.0431911
941 942 0.0730494 0 -0 0 0 0 0 0.0730494
942 943 0.0431348 0 -0 0 0 0 0 0.0431348
943 944 0.0295714 0 0 0 0 0 0 0.0295714
944 945 0.0541204 0 0 0 0 0 0 0.0541204
945 946 9.30385e-06 0 -0.0576248 0 0 0 0 -0.0576155
946 947 0.0630896 0 -1.15893 0 0 0 0 -1.09584
947 948 0.0111497 0 -0 0 0 0 0 0.0111497
948 949 0.00132362 0 0 0 0 0 0 0.00132362
949 950 0.00709704 0 0 0 0 0 0 0.00709704
950 951 0.00140505 0 -0 0 0 0 0 0.00140505
951 952 0.134318 0 -1.06438 0 0 0 0 -0.930061
952 953 0.023849 0 -0.783831 0 0 0 0 -0.759982
953 954 0.0124094 0 -1.37944 0 0 0 0 -1.36703
954 955 0.0310339 0 -1.04972 0 0 0 0 -1.01869
955 956 0.00154346 0 -1.03469 0 0 0 0 -1.03314
956 957 1.46426e-07 0 -1.26805 0 0 0 0 -1.26805
957 958 0.0277804 0 -1.03853 0 0 0 0 -1.01075
958 959 0.217486 0 -1.14304 0 0 0 0 -0.925558
960 961 0.0383981 0 0 0 0 0 0 0.0383981
961 962 0.0391666 0 -1.24653 0 0 0 0 -1.20736
962 963 0.0288996 0 0 0 0 0 0 0.0288996
963 964 0.183424 0 0 0 0 0 0 0.183424
964 965 0.00500333 0 0 0 0 0 0 0.00500333
965 966 0.104409 0 -1.22798 0 0 0 0 -1.12357
966 967 0.00637357 0 -1.14944 0 0 0 0 -1.14306
967 968 0.00565267 0 -1.30896 0 0 0 0 -1.30331
968 969 0.103666 0 -1.28019 0 0 0 0 -1.17652
969 970 0.00882785 0 -1.1557 0 0 0 0 -1.14687
970 971 0.00144644 0 0 0 0 0 0 0.00144644
971 972 0.000110507 0 -1.36224 0 0 0 0 -1.36213
972 973 0.0405452 0 -1.21606 0 0 0 0 -1.17551
973 974 0.000586089 0 -0 0 0 0 0 0.000586089
974 975 0.000331576 0 -1.2754 0 0 0 0 -1.27507
975 976 0.177681 0 -0.998924 0 0 0 0 -0.821242
976 977 0.141104 0 0 0 0 0 0 0.141104
977 978 0.00188603 0 -1.00494 0 0 0 0 -1.00306
978 979 0.020306 0 0 0 0 0 0 0.020306
980 981 0.0314725 0 0 0 0 0 0 0.0314725
981 982 0.0190243 0 -0.991919 0 0 0 0 -0.972894
982 983 0.00937855 0 -1.2014 0 0 0 0 -1.19202
983 984 0.00113547 0 -1.04086 0 0 0 0 -1.03972
984 985 0.0104925 0 -1.31461 0 0 0 0 -1.30411
985 986 0.0810576 0 -1.22837 0 0 0 0 -1.14731
986 987 0.0659893 0 -1.40709 0 0 0 0 -1.3411
987 988 0.0349575 0 -1.03882 0 0 0 0 -1.00387
988 989 0.0141423 0 -1.23645 0 0 0 0 -1.22231
989 990 0.0269886 0 -1.19411 0 0 0 0 -1.16712
990 991 0.0228743 0 0 0 0 0 0 0.0228743
991 992 0.175807 0 -1.12192 0 0 0 0 -0.94611
992 993 0.053863 0 0 0 0 0 0 0.053863
993 994 0.0208091 0 -1.17289 0 0 0 0 -1.15209
994 995 0.0233432 0 -1.23164 0 0 0 0 -1.2083
995 996 0.226131 0 0 0 0 0 0 0.226131
996 997 0.0524497 0 -1.40318 0 0 0 0 -1.35073
997 998 0.00623388 0 -1.2779 0 0 0 0 -1.27167
998 999 0.000688375 0 -1.27282 0 0 0 0 -1.27213
1000 1001 0.0335216 0 0 0 0 0 0 0.0335216
1001 1002 0.00199139 0 -1.0672 0 0 0 0 -1.06521
1002 1003 0.00280114 0 -1.16278 0 0 0 0 -1.15998
1003 1004 0.0153286 0 0 0 0 0 0 0.0153286
1004 1005 0.0196067 0 0 0 0 0 0 0.0196067
1005 1006 0.0129165 0 0 0 0 0 0 0.0129165
1006 1007 0.0572103 0 -1.07512 0 0 0 0 -1.01791
1007 1008 0.00534276 0 0 0 0 0 0 0.00534276
1008 1009 0.0334926 0 0 0 0 0 0 0.0334926
1009 1010 0.118746 0 0 0 0 0 0 0.118746
1010 1011 0.413708 0 -1.29814 0 0 0 0 -0.884435
1011 1012 0.00105291 0 -1.26247 0 0 0 0 -1.26142
1012 1013 0.00287286 0 -1.18471 0 0 0 0 -1.18183
1013 1014 0.00026812 0 0 0 0 0 0 0.00026812
1014 1015 0.0112646 0 -0.985792 0 0 0 0 -0.974527
1015 1016 0.0152844 0 0 0 0 0 0 0.0152844
1016 1017 0.0599446 0 -1.27324 0 0 0 0 -1.2133
1017 1018 0.036523 0.0313376 0 0 0 0 0 0.0678605
1018 1019 0.00321172 0 0 0 0 0 0 0.00321172
1020 1021 0.00225987 0 0 0 0 0 0 0.00225987
1021 1022 0.0350169 0 0 0 0 0 0 0.0350169
1022 1023 3.4894e-05 0 -1.02922 0 0 0 0 -1.02919
1023 1024 0.0266097 0 -1.14855 0 0 0 0 -1.12194
1024 1025 0.038109 0 -1.25606 0 0 0 0 -1.21795
1025 1026 0.0747722 0 0 0 0 0 0 0.0747722
1026 1027 0.0493036 0 0 0 0 0 0 0.0493036
1027 1028 0.0115805 0 -1.33969 0 0 0 0 -1.32811
1028 1029 0.0135391 0 -0.916584 0 0 0 0 -0.903045
1029 1030 0.0504653 0 -1.41595 0 0 0 0 -1.36549
1030 1031 0.0690969 0 0 0 0 0 0 0.0690969
1031 1032 0.0119141 0 -1.21192 0 0 0 0 -1.20001
1032 1033 0.000119306 0 -0.909554 0 0 0 0 -0.909435
1033 1034 0.00344581 0 0 0 0 0 0 0.00344581
1034 1035 0.00515308 0 -1.36507 0 0 0 0 -1.35992
1035 1036 0.0462532 0 0 0 0 0 0 0.0462532
1036 1037 0.0186303 0 -1.05195 0 0 0 0 -1.03332
1037 1038 0.0142248 0 0 0 0 0 0 0.0142248
1038 1039 0.177362 0 -1.41128 0 0 0 0 -1.23392
1040 1041 0.220667 0 -0 0 0 0 0 0.220667
1041 1042 0.093569 0 -0.00223154 0 0 0 0 0.0913375
1042 1043 0.0502602 0 0 0 0 0 0 0.0502602
1043 1044 0.0107534 0 0 0 0 0 0 0.0107534
1044 1045 0.00191864 0 0 0 0 0 0 0.00191864
1045 1046 0.00156724 0 0 0 0 0 0 0.00156724
1046 1047 0.0211423 0 -1.35385 0 0 0 0 -1.33271
1047 1048 0.0538933 0 -1.32366 0 0 0 0 -1.26976
1048 1049 0.197389 0 -1.17615 0 0 0 0 -0.97876
1049 1050 0.0107403 0 -0.864694 0 0 0 0 -0.853953
1050 1051 0.0744426 0 -1.35775 0 0 0 0 -1.28331
1051 1052 0.00304527 0 -1.01235 0 0 0 0 -1.0093
1052 1053 0.00224106 0 0 0 0 0 0 0.00224106
1053 1054 0.00181565 0 0 0 0 0 0 0.00181565
1054 1055 0.00691164 0 -0.819088 0 0 0 0 -0.812177
1055 1056 0.157341 0 -1.21682 0 0 0 0 -1.05948
1056 1057 0.00228437 0 -1.27262 0 0 0 0 -1.27033
1057 1058 0.0170701 0 -0.59726 0 0 0 0 -0.58019
1058 1059 0.120465 0 -1.40442 0 0 0 0 -1.28395
1060 1061 0.0217721 0 -1.26305 0 0 0 0 -1.24128
1061 1062 1.0677e-06 0 -0.639839 0 0 0 0 -0.639838
1062 1063 0.000970831 0 -1.33409 0 0 0 0 -1.33312
1063 1064 0.0112251 0 -1.34437 0 0 0 0 -1.33314
1064 1065 0.0757017 0 -0 0 0 0 0 0.0757017
1065 1066 0.213199 0 -1.33179 0 0 0 0 -1.1186
1066 1067 0.0382699 0 -1.13572 0 0 0 0 -1.09745
1067 1068 0.0337421 0 -1.40167 0 0 0 0 -1.36793
1068 1069 0.0182157 0 -1.28223 0 0 0 0 -1.26401
1069 1070 0.106366 0 -1.31741 0 0 0 0 -1.21104
1070 1071 0.15588 0 0 0 0 0 0 0.15588
1071 1072 0.02321 0 -1.10485 0 0 0 0 -1.08164
1072 1073 0.0788471 0 -1.09773 0 0 0 0 -1.01888
1073 1074 0.120194 0 -1.12771 0 0 0 0 -1.00751
1074 1075 0.00180777 0 0 0 0 0 0 0.00180777
1075 1076 0.000157886 0 0 0 0 0 0 0.000157886
1076 1077 0.00783983 0 -1.32411 0 0 0 0 -1.31627
1077 1078 0.0600757 0 0 0 0 0 0 0.0600757
1078 1079 0.128799 0 0 0 0 0 0 0.128799
1080 1081 0.0251768 0 -0 0 0 0 0 0.0251768
1081 1082 0.00339441 0 0 0 0 0 0 0.00339441
1082 1083 0.015919 0 -0 0 0 0 0 0.015919
1083 1084 0.0507044 0 0 0 0 0 0 0.0507044
1084 1085 0.20663 0 -1.1577 0 0 0 0 -0.951073
1085 1086 0.0900013 0 -1.27166 0 0 0 0 -1.18166
1086 1087 0.0167541 0 -1.4146 0 0 0 0 -1.39784
1087 1088 0.110989 0 -1.22828 0 0 0 0 -1.11729
1088 1089 0.0474602 0 0 0 0 0 0 0.0474602
1089 1090 0.00479201 0 -1.29476 0 0 0 0 -1.28997
1090 1091 0.0276085 0 0 0 0 0 0 0.0276085
1091 1092 0.00685861 0 0 0 0 0 0 0.00685861
1092 1093 0.074944 0 0 0 0 0 0 0.074944
1093 1094 0.0823582 0 -0.319964 0 0 0 0 -0.237606
1094 1095 0.00160164 0 -1.35773 0 0 0 0 -1.35613
1095 1096 0.0192023 0 -1.29168 0 0 0 0 -1.27247
1096 1097 0.00675408 0 -1.1082 0 0 0 0 -1.10145
1097 1098 0.0151038 0 -1.18468 0 0 0 0 -1.16957
1098 1099 0.070459 0 -1.34728 0 0 0 0 -1.27682
1100 1101 0.0757895 0 -1.29091 0 0 0 0 -1.21512
1101 1102 0.266294 0 -0.781592 0 0 0 0 -0.515298
1102 1103 0.00660351 0 -1.35423 0 0 0 0 -1.34763
1103 1104 0.000737711 0 -1.10116 0 0 0 0 -1.10042
1104 1105 0.000441355 0 -1.17434 0 0 0 0 -1.1739
1105 1106 0.0280504 0 -0 0 0 0 0 0.0280504
1106 1107 0.161752 0 0 0 0 0 0 0.161752
1107 1108 0.16355 0 -1.03371 0 0 0 0 -0.870159
1108 1109 0.0238056 0 -1.14432 0 0 0 0 -1.12052
1109 1110 0.03701 0 0 0 0 0 0 0.03701
1110 1111 0.0338979 0 0 0 0 0 0 0.0338979
1111 1112 0.0479634 0 0 0 0 0 0 0.0479634
1112 1113 0.0883332 0 -1.29125 0 0 0 0 -1.20292
1113 1114 2.23237e-05 0 0 0 0 0 0 2.23237e-05
1114 1115 0.0360991 0 -1.07465 0 0 0 0 -1.03855
1115 1116 7.16336e-06 0 -0 0 0 0 0 7.16336e-06
1116 1117 0.00648814 0 0 0 0 0 0 0.00648814
1117 1118 0.0315483 0 0 0 0 0 0 0.0315483
1118 1119 0.0547104 0 0 0 0 0 0 0.0547104
1120 1121 0.0044699 0 0 0 0 0 0 0.0044699
1121 1122 0.00132614 0 -1.30957 0 0 0 0 -1.30824
1122 1123 0.00115617 0 0 0 0 0 0 0.00115617
1123 1124 0.140479 0 -0.864013 0 0 0 0 -0.723535
1124 1125 0.0445298 0 0 0 0 0 0 0.0445298
1125 1126 0.132105 0 0 0 0 0 0 0.132105
1126 1127 0.0568644 0 0 0 0 0 0 0.0568644
1127 1128 0.0119155 0 0 0 0 0 0 0.0119155
1128 1129 0.000674574 0 -1.38703 0 0 0 0 -1.38636
1129 1130 0.00414613 0 0 0 0 0 0 0.00414613
1130 1131 0.277716 0 -1.3674 0 0 0 0 -1.08968
1131 1132 0.044794 0 0 0 0 0 0 0.044794
1132 1133 0.125208 0 -1.28144 0 0 0 0 -1.15623
1133 1134 0.00454796 0 -1.43397 0 0 0 0 -1.42942
1134 1135 0.16348 0 -1.13769 0 0 0 0 -0.974209
1135 1136 0.0331211 0 -1.34121 0 0 0 0 -1.30809
1136 1137 0.00617662 0 -1.3301 0 0 0 0 -1.32392
1137 1138 0.00998426 0 0 0 0 0 0 0.00998426
1138 1139 0.00446621 0 -1.17435 0 0 0 0 -1.16989
1140 1141 0.00974691 0 0 0 0 0 0 0.00974691
1141 1142 0.0657797 0 0 0 0 0 0 0.0657797
1142 1143 0.0210514 0 -1.29513 0 0 0 0 -1.27408
1143 1144 0.0522078 0 0 0 0 0 0 0.0522078
1144 1145 0.103164 0 -1.30591 0 0 0 0 -1.20274
1145 1146 0.0125127 0 -0.99082 0 0 0 0 -0.978307
1146 1147 0.147454 0 -0 0 0 0 0 0.147454
1147 1148 0.00533804 0 0 0 0 0 0 0.00533804
1148 1149 0.0317016 0 0 0 0 0 0 0.0317016
1149 1150 0.00915916 0 0 0 0 0 0 0.00915916
1150 1151 0.0169041 0 -0.93076 0 0 0 0 -0.913856
1151 1152 0.13905 0 -1.2275 0 0 0 0 -1.08845
1152 1153 0.0330932 0 -1.36865 0 0 0 0 -1.33556
1153 1154 0.0261992 0 0 0 0 0 0 0.0261992
1154 1155 0.0121833 0 -0 0 0 0 0 0.0121833
1155 1156 0.107193 0 0 0 0 0 0 0.107193
1156 1157 0.00478475 0 -0.590609 0 0 0 0 -0.585824
1157 1158 0.206575 0 -0.529757 0 0 0 0 -0.323182
1158 1159 0.0759376 0 -0.322982 0 0 0 0 -0.247044
1160 1161 0.0267468 0 -1.35055 0 0 0 0 -1.3238
1161 1162 0.0606017 0 -0.952952 0 0 0 0 -0.89235
1162 1163 0.0978708 0 0 0 0 0 0 0.0978708
1163 1164 0.000224701 0 -1.44056 0 0 0 0 -1.44034
1164 1165 0.045656 0 0 0 0 0 0 0.045656
1165 1166 0.0348905 0 -0 0 0 0 0 0.0348905
1166 1167 0.000873551 0 -1.05029 0 0 0 0 -1.04942
1167 1168 0.0439943 0 -1.33659 0 0 0 0 -1.2926
1168 1169 0.123903 0 -1.22686 0 0 0 0 -1.10296
1169 1170 0.163006 0 0 0 0 0 0 0.163006
1170 1171 0.000475784 0 0 0 0 0 0 0.000475784
1171 1172 0.101334 0 -1.02007 0 0 0 0 -0.918733
1172 1173 0.0800161 0 -1.43214 0 0 0 0 -1.35212
1173 1174 0.298543 0 -0.952868 0 0 0 0 -0.654326
1174 1175 0.0391815 0 0 0 0 0 0 0.0391815
1175 1176 0.00238838 0 -1.21112 0 0 0 0 -1.20873
1176 1177 0.0402893 0 -1.21549 0 0 0 0 -1.17521
1177 1178 0.112627 0 -0.919821 0 0 0 0 -0.807194
1178 1179 0.00574841 0 -1.33165 0 0 0 0 -1.3259
1180 1181 0.0792036 0 -1.43047 0 0 0 0 -1.35126
1181 1182 0.0348444 0 0 0 0 0 0 0.0348444
1182 1183 0.000220769 0 -1.20766 0 0 0 0 -1.20744
1183 1184 0.00355381 0 -1.37407 0 0 0 0 -1.37051
1184 1185 0.00922619 0 -0.846886 0 0 0 0 -0.83766
1185 1186 0.117878 0 -0.502627 0 0 0 0 -0.384749
1186 1187 0.0372644 0 -1.15055 0 0 0 0 -1.11329
1187 1188 0.00396241 0 -0 0 0 0 0 0.00396241
1188 1189 0.0354751 0 -0.461823 0 0 0 0 -0.426347
1189 1190 0.00108858 0 -1.23771 0 0 0 0 -1.23662
1190 1191 0.0075179 0 0 0 0 0 0 0.0075179
1191 1192 0.0512319 0 -1.14304 0 0 0 0 -1.09181
1192 1193 0.00600231 0 0 0 0 0 0 0.00600231
1193 1194 0.309387 0 0 0 0 0 0 0.309387
1194 1195 0.00739636 0 0 0 0 0 0 0.00739636
1195 1196 0.00352469 0 -1.32729 0 0 0 0 -1.32377
1196 1197 0.132836 0 -1.31422 0 0 0 0 -1.18139
1197 1198 0.0491328 0 -1.13571 0 0 0 0 -1.08657
1198 1199 0.00637421 0 -1.12493 0 0 0 0 -1.11855
#Total energy per particle is  -0.542582 and should be -0.54258210
